# This file was generated by Animated Java via MC-Build. It is not recommended to edit this file directly.
$data merge entity $(bone_neck_spine5) { transformation: [-1.36329865952271f,-0.04704199776886386f,-0.09168138058377398f,-0.14071867105399447f,-0.0982942169311695f,0.9587851650680487f,0.969675674810693f,3.3919340812162715f,0.030930115061550956f,0.9735089716317971f,-0.95944008165749f,0.45543924159583704f,0f,0f,0f,1f], start_interpolation: 0, interpolation_duration: 1 }
$data merge entity $(bone_neck_spine2) { transformation: [-1.2983796757359138f,-0.09342118242119743f,-0.03006172409181445f,-0.2565349287175604f,-0.09361353993444713f,1.2986930829818693f,0.0073340507520018566f,4.239521996612895f,0.02945725243957233f,0.009474483337714201f,-1.3017156031133061f,2.3608717231805696f,0f,0f,0f,1f], start_interpolation: 0, interpolation_duration: 1 }
$data merge entity $(bone_scale_neck_left1) { transformation: [-1.4048047430606942f,0.2788774600167157f,0.014505673771967495f,0.48069568943629176f,0.26683733460529224f,1.3185887693018516f,0.49150881246885963f,3.506749740598874f,0.08234615435888297f,0.48477875177077445f,-1.3452390460794135f,2.310351649764914f,0f,0f,0f,1f], start_interpolation: 0, interpolation_duration: 1 }
$data merge entity $(bone_scale_neck_right1) { transformation: [-1.354299871408025f,-0.44289803480478107f,-0.14550810105642525f,-0.882602970086418f,-0.4657695536139484f,1.2665485530454779f,0.4799717742820372f,3.4084555236677043f,-0.019748408372503898f,0.5011541798161983f,-1.3416087010832494f,2.341281764826465f,0f,0f,0f,1f], start_interpolation: 0, interpolation_duration: 1 }
$data merge entity $(bone_blush_right1) { transformation: [-0.9863534050164419f,-0.009567087683955828f,-0.1643637163297249f,-0.6230250943573719f,-0.08743880421842468f,0.8763263671744703f,0.47371568869063985f,2.834618679640964f,0.13950417889555414f,0.4816228493624888f,-0.8652040308751655f,3.39153363883179f,0f,0f,0f,1f], start_interpolation: 0, interpolation_duration: 1 }
$data merge entity $(bone_blush_left1) { transformation: [-0.9863534050164419f,-0.009567087683955828f,-0.1643637163297249f,0.5135930872045436f,-0.08743880421842468f,0.8763263671744703f,0.47371568869063985f,2.9353782391895393f,0.13950417889555414f,0.4816228493624888f,-0.8652040308751655f,3.2307768701826163f,0f,0f,0f,1f], start_interpolation: 0, interpolation_duration: 1 }
$data merge entity $(bone_left_head_scales) { transformation: [-0.799011437510403f,-0.009567087683955828f,-0.6012397138918939f,0.46097358167738484f,-0.29629672890247427f,0.8763263671744703f,0.3798162011242923f,3.6544085299584004f,0.5232484793759583f,0.4816228493624888f,-0.7030294871502222f,3.2394081196849154f,0f,0f,0f,1f], start_interpolation: 0, interpolation_duration: 1 }
$data merge entity $(bone_left_head_scales2) { transformation: [-0.7136982534328083f,-0.009567087683955828f,-0.7003879452704809f,0.49252458518971237f,-0.3433378317884662f,0.8763263671744703f,0.3378923370803044f,2.9003866090178025f,0.6105357780750882f,0.4816228493624888f,-0.6287173408314771f,2.9898791403307006f,0f,0f,0f,1f], start_interpolation: 0, interpolation_duration: 1 }
$data merge entity $(bone_left_head_scales1) { transformation: [-0.9863534050164419f,-0.009567087683955828f,-0.1643637163297249f,0.46190786758402114f,-0.08743880421842468f,0.8763263671744703f,0.47371568869063985f,3.5688297831640186f,0.13950417889555414f,0.4816228493624888f,-0.8652040308751655f,3.19237463830186f,0f,0f,0f,1f], start_interpolation: 0, interpolation_duration: 1 }
$data merge entity $(bone_right_head_scales) { transformation: [-0.9508008736732171f,-0.009567087683955828f,0.3096549199600976f,-0.694909314826258f,0.14117839573868968f,0.8763263671744703f,0.46056569430586675f,3.551941181264934f,-0.2757650434679799f,0.4816228493624888f,-0.8318612094412506f,3.402889579328143f,0f,0f,0f,1f], start_interpolation: 0, interpolation_duration: 1 }
$data merge entity $(bone_right_head_scales2) { transformation: [-0.9022485627884441f,-0.009567087683955828f,0.4311101967936206f,-0.6633583113139304f,0.2000864813370512f,0.8763263671744703f,0.43819801252510615f,2.797919260324336f,-0.38198551141678744f,0.4816228493624888f,-0.7887499604054585f,3.153360599973928f,0f,0f,0f,1f], start_interpolation: 0, interpolation_duration: 1 }
$data merge entity $(bone_right_head_scales1) { transformation: [-0.9863534050164419f,-0.009567087683955828f,-0.1643637163297249f,-0.6939750289196216f,-0.08743880421842468f,0.8763263671744703f,0.47371568869063985f,3.466362434470552f,0.13950417889555414f,0.4816228493624888f,-0.8652040308751655f,3.3558560979450873f,0f,0f,0f,1f], start_interpolation: 0, interpolation_duration: 1 }
$data merge entity $(bone_head_left_fin1) { transformation: [-0.34135527836311763f,0.08156135236725469f,-0.936388978861703f,0.4533731299782352f,-0.21169062825365598f,0.963962149751263f,0.16113364563769966f,3.282605581793695f,0.9157858111169941f,0.25322859168535405f,-0.31178779403600976f,2.9526300681436872f,0f,0f,0f,1f], start_interpolation: 0, interpolation_duration: 1 }
$data merge entity $(bone_head_right_fin1) { transformation: [-0.6113888527516304f,-0.17372578480523673f,0.7720252731775363f,-0.7025097665254075f,0.12723123760613558f,0.9413313138934646f,0.3125821006724703f,3.180138233100229f,-0.7810351355145658f,0.28933494289042894f,-0.5534161254556428f,3.1161115277869147f,0f,0f,0f,1f], start_interpolation: 0, interpolation_duration: 1 }
$data merge entity $(bone_right_whisker16) { transformation: [-0.18420193123910428f,-0.170947763358347f,0.9679083173165541f,-1.2229572419731927f,0.9458545272128142f,-0.2986004494181373f,0.12726737586007894f,2.320386430272603f,0.2672617852945096f,0.9389433602779593f,0.21669449534108198f,1.3819447388044246f,0f,0f,0f,1f], start_interpolation: 0, interpolation_duration: 1 }
$data merge entity $(bone_right_whisker15) { transformation: [0.24278050593366607f,-0.22217000247566032f,0.9442976839633561f,-1.2940843433209464f,0.5452809641034596f,0.8363417964844504f,0.05657799607235581f,2.1606361478204175f,-0.8023255549494824f,0.5011715170010435f,0.3241925576287616f,1.6170010537310309f,0f,0f,0f,1f], start_interpolation: 0, interpolation_duration: 1 }
$data merge entity $(bone_right_whisker14) { transformation: [0.543605462477176f,-0.3415119275763934f,0.7667220516510738f,-1.4533437561560565f,-0.055819092597681724f,0.8967494361909418f,0.4390041885822946f,2.1769893976048946f,-0.837482734190113f,-0.28144280416149137f,0.4684150060781239f,1.8623573235132904f,0f,0f,0f,1f], start_interpolation: 0, interpolation_duration: 1 }
$data merge entity $(bone_right_whisker13) { transformation: [0.007747891970899645f,-0.4223342153074623f,0.9064070723194063f,-1.455613646381906f,0.3483932694120156f,0.850781330684245f,0.3934377424543197f,2.074921056956843f,-0.9373164353612999f,0.3127378102177206f,0.15373015989652417f,2.1369617479355463f,0f,0f,0f,1f], start_interpolation: 0, interpolation_duration: 1 }
$data merge entity $(bone_right_whisker12) { transformation: [-0.5657677965459506f,-0.39421439975740435f,0.7242249701684204f,-1.2346106008561442f,-0.2654823880999562f,0.918630460207018f,0.29263830779408573f,2.1786251148083884f,-0.7806573524922978f,-0.026703644016336195f,-0.624388511582304f,2.44190602625285f,0f,0f,0f,1f], start_interpolation: 0, interpolation_duration: 1 }
$data merge entity $(bone_right_whisker11) { transformation: [-0.9377556389187877f,-0.2624153234160671f,0.2274918893333503f,-0.8682998044034927f,-0.21729551211911866f,0.95431616503499f,0.20509343618409456f,2.263506174229919f,-0.2709188477919287f,0.142894559691229f,-0.9519370371625129f,2.5477337011715724f,0f,0f,0f,1f], start_interpolation: 0, interpolation_duration: 1 }
$data merge entity $(bone_right_whisker10) { transformation: [-0.550451415810949f,-0.6341416989403011f,0.5430170756954429f,-0.6532797201023408f,-0.43772491722278384f,0.7730711280211702f,0.45908379176614583f,2.4344924700200687f,-0.7109149989091723f,0.015011218644188029f,-0.7031177196179795f,2.825434872620468f,0f,0f,0f,1f], start_interpolation: 0, interpolation_duration: 1 }
$data merge entity $(bone_right_whisker1) { transformation: [-0.0012587407806044087f,-0.715575162116015f,0.6985346111212287f,-0.6527880244849172f,-0.5825411070278359f,0.5682947274640366f,0.5811083903708147f,2.662047589952817f,-0.8128002670979078f,-0.40619366083090835f,-0.417567282849548f,3.1429349769555883f,0f,0f,0f,1f], start_interpolation: 0, interpolation_duration: 1 }
$data merge entity $(bone_left_whisker16) { transformation: [-0.08461478008150485f,0.47158394712771934f,-0.8777521972648085f,0.6166604989902802f,-0.9696847402705888f,-0.24164094164781202f,-0.036347762048292556f,2.483465885030671f,-0.22924188857649727f,0.8480673535344938f,0.47773415242253864f,1.1217597370296037f,0f,0f,0f,1f], start_interpolation: 0, interpolation_duration: 1 }
$data merge entity $(bone_left_whisker15) { transformation: [0.5444752191696317f,0.20378658290879387f,-0.8136447408645489f,0.7761747233563833f,-0.4754918815423324f,0.8741022323338701f,-0.09926105991917072f,2.3441616228600655f,0.690980612099583f,0.4409266560952084f,0.572825870267033f,1.3241954632306534f,0f,0f,0f,1f], start_interpolation: 0, interpolation_duration: 1 }
$data merge entity $(bone_left_whisker14) { transformation: [0.7349821359841683f,0.09086261112380682f,-0.6719711643247153f,0.991501521007995f,0.16916403582936634f,0.9350788143287994f,0.3114661136871348f,2.3937213989819504f,0.6566466239660954f,-0.34259538364258535f,0.671895538265227f,1.5165724038457205f,0f,0f,0f,1f], start_interpolation: 0, interpolation_duration: 1 }
$data merge entity $(bone_left_whisker13) { transformation: [0.32537286905145535f,0.33875130236720713f,-0.8828250399879614f,1.0868256037379136f,-0.31886259525811955f,0.918250462168943f,0.23482490087675695f,2.300304623027423f,0.8902017419835131f,0.20509423168642055f,0.4067889068036093f,1.7773736954424528f,0f,0f,0f,1f], start_interpolation: 0, interpolation_duration: 1 }
$data merge entity $(bone_left_whisker12) { transformation: [-0.36605109961433113f,0.20703802501640603f,-0.9072716509780547f,0.9438368929510654f,0.1828779892972478f,0.9719306189414769f,0.14800848960324145f,2.3717413375966605f,0.9124484826562727f,-0.11174134490573819f,-0.39363896953543887f,2.1337988839800595f,0f,0f,0f,1f], start_interpolation: 0, interpolation_duration: 1 }
$data merge entity $(bone_left_whisker11) { transformation: [-0.8498406807047009f,0.12290239476507261f,-0.5125093353104713f,0.6118678770507916f,0.0588276811995008f,0.98847402402405f,0.13949339681286424f,2.3947209005652157f,0.5237462375464481f,0.08839742751184303f,-0.8472755003334084f,2.338387258021641f,0f,0f,0f,1f], start_interpolation: 0, interpolation_duration: 1 }
$data merge entity $(bone_left_whisker10) { transformation: [-0.4004685420244795f,0.47054558289457643f,-0.7862644601323344f,0.45543485282247925f,0.35342723690081174f,0.8710000594444197f,0.3412449042322457f,2.532778414979595f,0.8454076738860635f,-0.14122942634670882f,-0.5151117491072537f,2.6686246306333845f,0f,0f,0f,1f], start_interpolation: 0, interpolation_duration: 1 }
$data merge entity $(bone_left_whisker1) { transformation: [0.1220096491423904f,0.4669703921401379f,-0.8758152193132047f,0.5030948720187255f,0.5932455005867219f,0.6731256822436258f,0.4415445526078459f,2.7645149386462835f,0.795721949898179f,-0.5734461341473487f,-0.19490025572507694f,2.979453517312361f,0f,0f,0f,1f], start_interpolation: 0, interpolation_duration: 1 }
$data merge entity $(bone_upper_left_tooth1) { transformation: [-0.9863534050164419f,-0.0238559238044182f,-0.16290443613330047f,0.317047727035405f,-0.08743880421842468f,0.9142787234762587f,0.3955361820560473f,2.6705508431032827f,0.13950417889555414f,0.40438262907555794f,-0.903887865485878f,3.8802063326989757f,0f,0f,0f,1f], start_interpolation: 0, interpolation_duration: 1 }
$data merge entity $(bone_upper_right_tooth1) { transformation: [-0.9863534050164419f,-0.0238559238044182f,-0.16290443613330047f,-0.2608937212164164f,-0.08743880421842468f,0.9142787234762587f,0.3955361820560473f,2.6193171687565493f,0.13950417889555414f,0.40438262907555794f,-0.903887865485878f,3.9619470625205895f,0f,0f,0f,1f], start_interpolation: 0, interpolation_duration: 1 }
$data merge entity $(bone_top_lip1) { transformation: [-0.9863534050164419f,-0.07813383415574135f,-0.1449208900489984f,0.04959555675716487f,-0.08743880421842468f,0.9944223114694976f,0.05898069148893992f,2.7452823044340824f,0.13950417889555414f,0.07084751521249427f,-0.9876837619698383f,3.9611103305048854f,0f,0f,0f,1f], start_interpolation: 0, interpolation_duration: 1 }
$data merge entity $(bone_muzzle1) { transformation: [-0.9863534050164419f,-0.0238559238044182f,-0.16290443613330047f,-0.033442145037086035f,-0.08743880421842468f,0.9142787234762587f,0.3955361820560473f,3.072342753212854f,0.13950417889555414f,0.40438262907555794f,-0.903887865485878f,3.578994570366599f,0f,0f,0f,1f], start_interpolation: 0, interpolation_duration: 1 }
$data merge entity $(bone_jaw_right_tooth1) { transformation: [-0.9863534050164419f,-0.122987650975302f,-0.10945774582023907f,-0.2598948184691587f,-0.08743880421842468f,0.9546238925892473f,-0.28468874093403335f,2.6436368363473757f,0.13950417889555414f,-0.27123285458316176f,-0.9523504201003674f,3.9842528730260875f,0f,0f,0f,1f], start_interpolation: 0, interpolation_duration: 1 }
$data merge entity $(bone_jaw_left_tooth1) { transformation: [-0.9863534050164419f,-0.122987650975302f,-0.10945774582023907f,0.36620841713698116f,-0.08743880421842468f,0.9546238925892473f,-0.28468874093403335f,2.6991399835563366f,0.13950417889555414f,-0.27123285458316176f,-0.9523504201003674f,3.8957004157193396f,0f,0f,0f,1f], start_interpolation: 0, interpolation_duration: 1 }
$data merge entity $(bone_tongue1) { transformation: [-0.9863534050164419f,-0.06520582351565711f,-0.15117923465911495f,-0.052007714775498745f,-0.08743880421842468f,0.9854977283755628f,0.14542586731203394f,2.765982606625992f,0.13950417889555414f,0.15666023090194334f,-0.9777505592554918f,3.2557069229115636f,0f,0f,0f,1f], start_interpolation: 0, interpolation_duration: 1 }
$data merge entity $(bone_jaw_lips1) { transformation: [-0.9863534050164419f,-0.06520582351565711f,-0.15117923465911495f,0.12158574891253938f,-0.08743880421842468f,0.9854977283755628f,0.14542586731203394f,2.545962414201556f,0.13950417889555414f,0.15666023090194334f,-0.9777505592554918f,3.9951691905259836f,0f,0f,0f,1f], start_interpolation: 0, interpolation_duration: 1 }
$data merge entity $(bone_jaw3) { transformation: [-0.9863534050164419f,-0.10211205411202229f,-0.1291514181784087f,0.028165145583957427f,-0.08743880421842468f,0.9895566916980718f,-0.11459497996168577f,2.383957480114793f,0.13950417889555414f,-0.10173830311436616f,-0.9849811682210409f,3.2331042205191496f,0f,0f,0f,1f], start_interpolation: 0, interpolation_duration: 1 }
$data merge entity $(bone_jaw1) { transformation: [-0.9863534050164419f,0.019119717690313703f,-0.163527969497311f,-0.0995910805858168f,-0.08743880421842468f,0.7807531344890768f,0.6186913596473878f,2.867310104839315f,0.13950417889555414f,0.6245470193515648f,-0.7684267074287262f,2.632770855340457f,0f,0f,0f,1f], start_interpolation: 0, interpolation_duration: 1 }
$data merge entity $(bone_tear_right1) { transformation: [-0.9863534050164419f,-0.009567087683955828f,-0.1643637163297249f,-0.5636872779207383f,-0.08743880421842468f,0.8763263671744703f,0.47371568869063985f,3.096778598332202f,0.13950417889555414f,0.4816228493624888f,-0.8652040308751655f,3.625382419213487f,0f,0f,0f,1f], start_interpolation: 0, interpolation_duration: 1 }
$data merge entity $(bone_right_pupil1) { transformation: [-0.9863534050164419f,-0.009567087683955828f,-0.1643637163297249f,-0.39605728728986794f,-0.08743880421842468f,0.8763263671744703f,0.47371568869063985f,3.1686897996130923f,0.13950417889555414f,0.4816228493624888f,-0.8652040308751655f,3.700632792174747f,0f,0f,0f,1f], start_interpolation: 0, interpolation_duration: 1 }
$data merge entity $(bone_right_sad_pupil1) { transformation: [-0.9863534050164419f,-0.009567087683955828f,-0.1643637163297249f,-0.3976624017071504f,-0.08743880421842468f,0.8763263671744703f,0.47371568869063985f,3.1733159293854616f,0.13950417889555414f,0.4816228493624888f,-0.8652040308751655f,3.6921835340607316f,0f,0f,0f,1f], start_interpolation: 0, interpolation_duration: 1 }
$data merge entity $(bone_right_happy_pupil1) { transformation: [-0.9863534050164419f,-0.009567087683955828f,-0.1643637163297249f,-0.4215094186619263f,-0.08743880421842468f,0.8763263671744703f,0.47371568869063985f,3.1497868074323687f,0.13950417889555414f,0.4816228493624888f,-0.8652040308751655f,3.6838311343696195f,0f,0f,0f,1f], start_interpolation: 0, interpolation_duration: 1 }
$data merge entity $(bone_eyelid_right1) { transformation: [-0.9863534050164419f,-0.009567087683955828f,-0.1643637163297249f,-0.1066049087542646f,-0.08743880421842468f,0.8763263671744703f,0.47371568869063985f,3.3947080129705274f,0.13950417889555414f,0.4816228493624888f,-0.8652040308751655f,3.193753542437848f,0f,0f,0f,1f], start_interpolation: 0, interpolation_duration: 1 }
$data merge entity $(bone_eyelid_expressions_right5) { transformation: [-0.9863534050164419f,-0.009567087683955828f,-0.1643637163297249f,-0.50936849029328f,-0.08743880421842468f,0.8763263671744703f,0.47371568869063985f,3.249074915921346f,0.13950417889555414f,0.4816228493624888f,-0.8652040308751655f,3.7548839450645404f,0f,0f,0f,1f], start_interpolation: 0, interpolation_duration: 1 }
$data merge entity $(bone_eyelid_expressions_right7) { transformation: [-0.9863534050164419f,-0.009567087683955828f,-0.1643637163297249f,-0.2203977661673694f,-0.08743880421842468f,0.8763263671744703f,0.47371568869063985f,3.274691753094712f,0.13950417889555414f,0.4816228493624888f,-0.8652040308751655f,3.7140135801537335f,0f,0f,0f,1f], start_interpolation: 0, interpolation_duration: 1 }
$data merge entity $(bone_eyelid_expressions_right6) { transformation: [-0.9863534050164419f,-0.009567087683955828f,-0.1643637163297249f,-0.3167213408760063f,-0.08743880421842468f,0.8763263671744703f,0.47371568869063985f,3.266152807370257f,0.13950417889555414f,0.4816228493624888f,-0.8652040308751655f,3.7276370351240025f,0f,0f,0f,1f], start_interpolation: 0, interpolation_duration: 1 }
$data merge entity $(bone_right_eye1) { transformation: [-0.9863534050164419f,-0.009567087683955828f,-0.1643637163297249f,-0.11463215180784582f,-0.08743880421842468f,0.8763263671744703f,0.47371568869063985f,3.3892279886257124f,0.13950417889555414f,0.4816228493624888f,-0.8652040308751655f,3.20356514604889f,0f,0f,0f,1f], start_interpolation: 0, interpolation_duration: 1 }
$data merge entity $(bone_tear_left1) { transformation: [-0.9863534050164419f,-0.009567087683955828f,-0.1643637163297249f,0.4766073289325403f,-0.08743880421842468f,0.8763263671744703f,0.47371568869063985f,3.188999212156322f,0.13950417889555414f,0.4816228493624888f,-0.8652040308751655f,3.4782491055345828f,0f,0f,0f,1f], start_interpolation: 0, interpolation_duration: 1 }
$data merge entity $(bone_left_sad_pupil1) { transformation: [-0.9863534050164419f,-0.009567087683955828f,-0.1643637163297249f,0.32476440860762634f,-0.08743880421842468f,0.8763263671744703f,0.47371568869063985f,3.2373580223188783f,0.13950417889555414f,0.4816228493624888f,-0.8652040308751655f,3.5900076217837142f,0f,0f,0f,1f], start_interpolation: 0, interpolation_duration: 1 }
$data merge entity $(bone_left_pupil1) { transformation: [-0.9863534050164419f,-0.009567087683955828f,-0.1643637163297249f,0.3263695230249088f,-0.08743880421842468f,0.8763263671744703f,0.47371568869063985f,3.232731892546509f,0.13950417889555414f,0.4816228493624888f,-0.8652040308751655f,3.5984568798977294f,0f,0f,0f,1f], start_interpolation: 0, interpolation_duration: 1 }
$data merge entity $(bone_eyelid_left1) { transformation: [-0.9863534050164419f,-0.009567087683955828f,-0.1643637163297249f,-0.12586962369599197f,-0.08743880421842468f,0.8763263671744703f,0.47371568869063985f,3.3930002238256365f,0.13950417889555414f,0.4816228493624888f,-0.8652040308751655f,3.1964782334319017f,0f,0f,0f,1f], start_interpolation: 0, interpolation_duration: 1 }
$data merge entity $(bone_left_happy_pupil1) { transformation: [-0.9863534050164419f,-0.009567087683955828f,-0.1643637163297249f,0.34907917900716884f,-0.08743880421842468f,0.8763263671744703f,0.47371568869063985f,3.218098373228013f,0.13950417889555414f,0.4816228493624888f,-0.8652040308751655f,3.574843494607468f,0f,0f,0f,1f], start_interpolation: 0, interpolation_duration: 1 }
$data merge entity $(bone_eyelid_expressions_left5) { transformation: [-0.9863534050164419f,-0.009567087683955828f,-0.1643637163297249f,0.4346025418513615f,-0.08743880421842468f,0.8763263671744703f,0.47371568869063985f,3.33275658402101f,0.13950417889555414f,0.4816228493624888f,-0.8652040308751655f,3.621374086355905f,0f,0f,0f,1f], start_interpolation: 0, interpolation_duration: 1 }
$data merge entity $(bone_eyelid_expressions_left7) { transformation: [-0.9863534050164419f,-0.009567087683955828f,-0.1643637163297249f,0.14563181772545086f,-0.08743880421842468f,0.8763263671744703f,0.47371568869063985f,3.3071397468476436f,0.13950417889555414f,0.4816228493624888f,-0.8652040308751655f,3.662244451266712f,0f,0f,0f,1f], start_interpolation: 0, interpolation_duration: 1 }
$data merge entity $(bone_eyelid_expressions_left6) { transformation: [-0.9863534050164419f,-0.009567087683955828f,-0.1643637163297249f,0.24195539243408776f,-0.08743880421842468f,0.8763263671744703f,0.47371568869063985f,3.315678692572099f,0.13950417889555414f,0.4816228493624888f,-0.8652040308751655f,3.648620996296443f,0f,0f,0f,1f], start_interpolation: 0, interpolation_duration: 1 }
$data merge entity $(bone_left_eye1) { transformation: [-0.9863534050164419f,-0.009567087683955828f,-0.1643637163297249f,-0.11463215180784582f,-0.08743880421842468f,0.8763263671744703f,0.47371568869063985f,3.3892279886257124f,0.13950417889555414f,0.4816228493624888f,-0.8652040308751655f,3.20356514604889f,0f,0f,0f,1f], start_interpolation: 0, interpolation_duration: 1 }
$data merge entity $(bone_crest_middle5) { transformation: [-0.9863534050164419f,-0.044915128813449876f,-0.15839694320327644f,-0.0580203915893969f,-0.08743880421842468f,0.9580847739829765f,0.2728149947837185f,4.248778683684952f,0.13950417889555414f,0.2829420383500117f,-0.9489375042672817f,4.1425856716964695f,0f,0f,0f,1f], start_interpolation: 0, interpolation_duration: 1 }
$data merge entity $(bone_crest_middle4) { transformation: [-0.9863534050164419f,-0.044915128813449876f,-0.15839694320327644f,-0.031702933300266106f,-0.08743880421842468f,0.9580847739829765f,0.2728149947837185f,3.6874008864293017f,0.13950417889555414f,0.2829420383500117f,-0.9489375042672817f,3.97679932110076f,0f,0f,0f,1f], start_interpolation: 0, interpolation_duration: 1 }
$data merge entity $(bone_crest_middle1) { transformation: [-0.9863534050164419f,-0.044915128813449876f,-0.15839694320327644f,-0.0003634514708520213f,-0.08743880421842468f,0.9580847739829765f,0.2728149947837185f,3.2463858862321175f,0.13950417889555414f,0.2829420383500117f,-0.9489375042672817f,3.921962113310274f,0f,0f,0f,1f], start_interpolation: 0, interpolation_duration: 1 }
$data merge entity $(bone_crest_left5) { transformation: [-0.5218984982929001f,-0.8513153440275506f,-0.05370421308304134f,-0.9858916440412255f,-0.7860669970761044f,0.4555396938583681f,0.4178304242478994f,3.635404258567228f,-0.3312410505770246f,0.26028018046458556f,-0.9069363781820373f,4.0823504290057455f,0f,0f,0f,1f], start_interpolation: 0, interpolation_duration: 1 }
$data merge entity $(bone_crest_left4) { transformation: [-0.5218984982929001f,-0.8513153440275506f,-0.05370421308304134f,-0.5702103237152731f,-0.7860669970761044f,0.4555396938583681f,0.4178304242478994f,3.4129727674254466f,-0.3312410505770246f,0.26028018046458556f,-0.9069363781820373f,3.9552604971382723f,0f,0f,0f,1f], start_interpolation: 0, interpolation_duration: 1 }
$data merge entity $(bone_crest_left1) { transformation: [-0.5218984982929001f,-0.8513153440275506f,-0.05370421308304134f,-0.11558314738617086f,-0.7860669970761044f,0.4555396938583681f,0.4178304242478994f,3.1887000033534667f,-0.3312410505770246f,0.26028018046458556f,-0.9069363781820373f,3.771177569243132f,0f,0f,0f,1f], start_interpolation: 0, interpolation_duration: 1 }
$data merge entity $(bone_crest_center1) { transformation: [-0.9863534050164419f,-0.009567087683955828f,-0.1643637163297249f,-0.019026004190589793f,-0.08743880421842468f,0.8763263671744703f,0.47371568869063985f,3.175844536231317f,0.13950417889555414f,0.4816228493624888f,-0.8652040308751655f,3.7457958944342398f,0f,0f,0f,1f], start_interpolation: 0, interpolation_duration: 1 }
$data merge entity $(bone_crest_right5) { transformation: [-0.5380360981208804f,0.7982149725732933f,-0.2708689991096702f,0.9087721769895419f,0.6921053265543561f,0.601768173095192f,0.3985790797379649f,3.803363468789735f,0.48115213194367756f,0.02698005577257591f,-0.8762218340788834f,3.8143800247959034f,0f,0f,0f,1f], start_interpolation: 0, interpolation_duration: 1 }
$data merge entity $(bone_crest_right4) { transformation: [-0.5380360981208804f,0.7982149725732933f,-0.2708689991096702f,0.5190187724127385f,0.6921053265543561f,0.601768173095192f,0.3985790797379649f,3.5095313530205985f,0.48115213194367756f,0.02698005577257591f,-0.8762218340788834f,3.8012061694382004f,0f,0f,0f,1f], start_interpolation: 0, interpolation_duration: 1 }
$data merge entity $(bone_crest_right1) { transformation: [-0.5380360981208804f,0.7982149725732933f,-0.2708689991096702f,0.07706400203110293f,0.6921053265543561f,0.601768173095192f,0.3985790797379649f,3.2057778948023783f,0.48115213194367756f,0.02698005577257591f,-0.8762218340788834f,3.743930659302594f,0f,0f,0f,1f], start_interpolation: 0, interpolation_duration: 1 }
$data merge entity $(bone_head1) { transformation: [-0.9863534050164419f,-0.009567087683955828f,-0.1643637163297249f,-0.2024463018050635f,-0.08743880421842468f,0.8763263671744703f,0.47371568869063985f,3.6008757527088457f,0.13950417889555414f,0.4816228493624888f,-0.8652040308751655f,2.7153392090865216f,0f,0f,0f,1f], start_interpolation: 0, interpolation_duration: 1 }
$data merge entity $(bone_neck10) { transformation: [-1.2983796757359138f,-0.0886981088776872f,-0.04199845308900043f,-0.20576076696767015f,-0.09361353993444713f,1.2866252979058785f,0.17678476991526984f,3.340847311901712f,0.02945725243957233f,0.17930140884715634f,-1.2893425774434737f,1.7428922000038995f,0f,0f,0f,1f], start_interpolation: 0, interpolation_duration: 1 }
$data merge entity $(bone_neck9) { transformation: [-0.9971555909651819f,-0.015879455589526054f,-0.07367883208261972f,-0.19073329499189257f,-0.0718951986696554f,0.4938202116303796f,0.8665867983033076f,2.8262387301137935f,0.022623169873591552f,0.8694190252550879f,-0.4935572415732175f,0.7698562086272344f,0f,0f,0f,1f], start_interpolation: 0, interpolation_duration: 1 }
$data merge entity $(bone_neck8) { transformation: [-0.9971555909651819f,-0.002234517227286948f,-0.0753374696923089f,-0.19233884393592854f,-0.0718951986696554f,0.328226711793634f,0.9418589629415803f,2.5677207339645034f,0.022623169873591552f,0.9445963331486628f,-0.3274537518291263f,-0.12246723285976358f,0f,0f,0f,1f], start_interpolation: 0, interpolation_duration: 1 }
$data merge entity $(bone_neck7) { transformation: [-0.9962198285872816f,0.04355827979593135f,-0.07515802944959643f,-0.23274935741848202f,-0.06317892262468375f,0.23049358775836873f,0.9710206639089918f,2.3538839093839856f,0.05961943362286552f,0.972098442681344f,-0.2268703172982183f,-1.0243163740192134f,0f,0f,0f,1f], start_interpolation: 0, interpolation_duration: 1 }
$data merge entity $(bone_neck6) { transformation: [-0.9751244181001341f,0.1850509930551874f,-0.12201843792707609f,-0.3886241045765415f,-0.12984860967733058f,-0.030755612037517255f,0.9910567243569168f,2.394958801030153f,0.1796432792779596f,0.9822475361625941f,0.05401916245902283f,-1.8407329699285746f,0f,0f,0f,1f], start_interpolation: 0, interpolation_duration: 1 }
$data merge entity $(bone_neck_spine6) { transformation: [-1.086486176040374f,-0.2093384741038295f,0.025823827183573553f,-0.5844283022807462f,-0.03634722848544036f,0.31929401363005755f,1.0590901233411616f,2.826824372928747f,-0.20776993471615185f,1.0388312729395712f,-0.320316902626379f,-5.18823953987626f,0f,0f,0f,1f], start_interpolation: 0, interpolation_duration: 1 }
$data merge entity $(bone_neck_spine7) { transformation: [-0.948421137163625f,-0.3134570250606172f,-0.04735018501974164f,0.14997853586685944f,-0.046285274131022125f,-0.01084269625568468f,0.9988694155576708f,2.683279633239231f,-0.31361603909856445f,0.9495404832749654f,-0.004225002020489144f,-7.943025375160216f,0f,0f,0f,1f], start_interpolation: 0, interpolation_duration: 1 }
$data merge entity $(bone_tail6) { transformation: [-1.460288050805205f,0.13885056108400487f,-0.3007883176691178f,0.3210318138135842f,-0.3234370672898919f,-0.30327147034716656f,1.4302479367090197f,3.6130773945675223f,0.0717046292959883f,1.459774372512462f,0.3257476157662559f,-11.09750395305215f,0f,0f,0f,1f], start_interpolation: 0, interpolation_duration: 1 }
$data merge entity $(bone_tail5) { transformation: [-1.2063249115347345f,0.15610767798065123f,-0.22478447333738175f,0.41962613674873245f,-0.26718714254382375f,-0.451889426897717f,1.1200555501780614f,3.327673546000543f,0.059234258983642506f,1.1408522242170118f,0.47441012197160876f,-10.376965706178247f,0f,0f,0f,1f], start_interpolation: 0, interpolation_duration: 1 }
$data merge entity $(bone_tail4) { transformation: [-0.9761850139568852f,0.14944252207465103f,-0.15725695889836733f,0.478002121934143f,-0.20538728848300303f,-0.4032565198716345f,0.8917400074632836f,3.1701514679256855f,0.06984898177922916f,0.9028018120146777f,0.4243465658720706f,-10.024308748360014f,0f,0f,0f,1f], start_interpolation: 0, interpolation_duration: 1 }
$data merge entity $(bone_segment18) { transformation: [-0.9873397791998404f,0.020746307807584873f,-0.15725695889836733f,0.4881321550433153f,-0.15099463373121974f,-0.42661502513830557f,0.8917400074632836f,2.9618433501823724f,-0.048587868794429015f,0.9041953389830075f,0.4243465658720706f,-9.582807117997216f,0f,0f,0f,1f], start_interpolation: 0, interpolation_duration: 1 }
$data merge entity $(bone_segment17) { transformation: [-0.9835640397162471f,-0.08771572259428413f,-0.15782183558309892f,0.4324532295684279f,-0.10833843030913437f,-0.412550933788059f,0.904469187727671f,2.6999701988520615f,-0.1444457140077508f,0.9067015380158806f,0.3962672793259972f,-9.007264149530105f,0f,0f,0f,1f], start_interpolation: 0, interpolation_duration: 1 }
$data merge entity $(bone_segment16) { transformation: [-0.968441150099071f,-0.19515016939437407f,-0.15504241413282793f,0.2704633428641135f,-0.06743229088674406f,-0.3937084820445096f,0.9167587017923383f,2.3731614002799586f,-0.23994712946929317f,0.8982817166966917f,0.36812407216574555f,-8.261620146412733f,0f,0f,0f,1f], start_interpolation: 0, interpolation_duration: 1 }
$data merge entity $(bone_segment15) { transformation: [-0.948421137163625f,-0.2905211062655526f,-0.12686541449700006f,-0.02743427586521291f,-0.046285274131022125f,-0.268999668656723f,0.962027469286189f,2.0973316619112485f,-0.31361603909856445f,0.9182791868907914f,0.24167812259969862f,-7.3200252770422924f,0f,0f,0f,1f], start_interpolation: 0, interpolation_duration: 1 }
$data merge entity $(bone_segment14) { transformation: [-0.9512122559120618f,-0.301222879633641f,-0.06678338856259816f,-0.33630539267705173f,-0.046950515295649815f,-0.07261511679879668f,0.9962543319483083f,2.0228728019124826f,-0.30494408227765124f,0.9507848450609182f,0.05492981964586219f,-6.34509941052475f,0f,0f,0f,1f], start_interpolation: 0, interpolation_duration: 1 }
$data merge entity $(bone_segment13) { transformation: [-0.9816722155282436f,-0.19032161535880426f,-0.009866305645214334f,-0.5405115669063214f,-0.03284078997272728f,0.11794144395447333f,0.9924773540549431f,2.125337618407893f,-0.187726246896476f,0.9746114602882264f,-0.12203015078665681f,-5.295174292324488f,0f,0f,0f,1f], start_interpolation: 0, interpolation_duration: 1 }
$data merge entity $(bone_segment12) { transformation: [-0.9977333546844003f,-0.06729101147421919f,0.0002696757111929557f,-0.6193682209776721f,-0.01142286534905837f,0.1733151307544311f,0.9848001744510363f,2.328441287260742f,-0.06631493871994448f,0.9825649012794783f,-0.17369094298845608f,-4.1437310486376f,0f,0f,0f,1f], start_interpolation: 0, interpolation_duration: 1 }
$data merge entity $(bone_segment11) { transformation: [-1.0326958280776628f,0.07119770630096296f,-0.004321481520802597f,-0.537087831353195f,0.003433887957283121f,0.11226708514102865f,1.0290445918042115f,2.4581839431317114f,0.07124603145824787f,1.026584360939461f,-0.11223642363346904f,-2.957347868771717f,0f,0f,0f,1f], start_interpolation: 0, interpolation_duration: 1 }
$data merge entity $(bone_segment10) { transformation: [-0.9912764768656018f,0.13161804654931195f,0.006901900858678339f,-0.38261159873435957f,6.938893903907228e-18f,-0.05236691337698862f,0.9986279118787771f,2.4123689044419745f,0.13179888623550606f,0.9899163581868471f,0.051910089396667414f,-1.795512135530003f,0f,0f,0f,1f], start_interpolation: 0, interpolation_duration: 1 }