# This file was generated by Animated Java via MC-Build. It is not recommended to edit this file directly.
$data merge entity $(bone_neck_spine5) { transformation: [-1.5700610154135277f,-0.047915922058682385f,-0.06805635788485076f,-0.11753226024798843f,-0.08247865510241328f,1.0682875640671898f,1.1506424933351493f,3.752356853961694f,0.011174743298249664f,1.1525992106666125f,-1.069303221841009f,0.5831548619110724f,0f,0f,0f,1f], start_interpolation: 0, interpolation_duration: 1 }
$data merge entity $(bone_neck_spine2) { transformation: [-1.4952962051557401f,-0.07809979578832085f,-0.013563274998796324f,-0.2613067074752293f,-0.07855110009753644f,1.4943052291122367f,0.05546069423763111f,4.641001673182512f,0.010642612664999676f,0.05609443670878406f,-1.4963069306295462f,2.7427010803317478f,0f,0f,0f,1f], start_interpolation: 0, interpolation_duration: 1 }
$data merge entity $(bone_scale_neck_left1) { transformation: [-1.6103205826206874f,0.34276387487642557f,0.04935208309220935f,0.5704503966364105f,0.3362675431873663f,1.4916256858265196f,0.612398590477615f,3.7836073294383326f,0.08274564293408451f,0.6087863502904242f,-1.528262876311913f,2.6695963420825684f,0f,0f,0f,1f], start_interpolation: 0, interpolation_duration: 1 }
$data merge entity $(bone_scale_neck_right1) { transformation: [-1.5672389069056383f,-0.48847846397893874f,-0.134929906794859f,-0.9996106187771165f,-0.5031915229761482f,1.4479587521851431f,0.6027178643553384f,3.7011286743359193f,-0.06012969918299301f,0.6147026297624667f,-1.526951268730257f,2.680771085380818f,0f,0f,0f,1f], start_interpolation: 0, interpolation_duration: 1 }
$data merge entity $(bone_blush_right1) { transformation: [-0.9936239302138747f,-0.014186333641489331f,-0.11184915397152305f,-0.7590262481980596f,-0.06649054415366693f,0.8749054674283504f,0.47970765118155945f,3.0203756457267295f,0.09105214354688408f,0.48408591283138136f,-0.8702702661551327f,3.8776702836776025f,0f,0f,0f,1f], start_interpolation: 0, interpolation_duration: 1 }
$data merge entity $(bone_blush_left1) { transformation: [-0.9936239302138747f,-0.014186333641489331f,-0.11184915397152305f,0.5577195265091943f,-0.06649054415366693f,0.8749054674283504f,0.47970765118155945f,3.1084886031647434f,0.09105214354688408f,0.48408591283138136f,-0.8702702661551327f,3.7570084098561947f,0f,0f,0f,1f], start_interpolation: 0, interpolation_duration: 1 }
$data merge entity $(bone_left_head_scales) { transformation: [-0.8297089984669657f,-0.014186333641489331f,-0.5580158831079607f,0.5145584975315657f,-0.28048217565953787f,0.8749054674283504f,0.3948039668003243f,3.936456188868881f,0.4826103262470011f,0.48408591283138136f,-0.7298959528576461f,3.767285107183565f,0f,0f,0f,1f], start_interpolation: 0, interpolation_duration: 1 }
$data merge entity $(bone_left_head_scales2) { transformation: [-0.7497750345452924f,-0.014186333641489331f,-0.661540736092962f,0.5461458080884581f,-0.32961487022441327f,0.8749054674283504f,0.3548160937597429f,3.0695981811902664f,0.5737520674468622f,0.48408591283138136f,-0.6606583035871563f,3.478967315295762f,0f,0f,0f,1f], start_interpolation: 0, interpolation_duration: 1 }
$data merge entity $(bone_left_head_scales1) { transformation: [-0.9936239302138747f,-0.014186333641489331f,-0.11184915397152305f,0.5161516892979439f,-0.06649054415366693f,0.8749054674283504f,0.47970765118155945f,3.8382002037572986f,0.09105214354688408f,0.48408591283138136f,-0.8702702661551327f,3.7129199900198846f,0f,0f,0f,1f], start_interpolation: 0, interpolation_duration: 1 }
$data merge entity $(bone_right_head_scales) { transformation: [-0.9330013819426908f,-0.014186333641489331f,0.3595930605988409f,-0.8245050021707264f,0.162526509723103f,0.8749054674283504f,0.45620779991272126f,3.846849791474291f,-0.3210818508266317f,0.48408591283138136f,-0.8139823548873479f,3.8899920975104205f,0f,0f,0f,1f], start_interpolation: 0, interpolation_duration: 1 }
$data merge entity $(bone_right_head_scales2) { transformation: [-0.8780831128330236f,-0.014186333641489331f,0.4782978098374274f,-0.792917691613834f,0.22068313988568578f,0.8749054674283504f,0.4310909124931471f,2.9799917837956764f,-0.42458096840021253f,0.48408591283138136f,-0.7651090316226477f,3.6016743056226175f,0f,0f,0f,1f], start_interpolation: 0, interpolation_duration: 1 }
$data merge entity $(bone_right_head_scales1) { transformation: [-0.9936239302138747f,-0.014186333641489331f,-0.11184915397152305f,-0.8229118104043482f,-0.06649054415366693f,0.8749054674283504f,0.47970765118155945f,3.7485938063627087f,0.09105214354688408f,0.48408591283138136f,-0.8702702661551327f,3.83562698034674f,0f,0f,0f,1f], start_interpolation: 0, interpolation_duration: 1 }
$data merge entity $(bone_head_left_fin1) { transformation: [-0.40878016313560395f,0.09413803759021971f,-0.960578995257894f,0.5127053053065047f,-0.21692394427822909f,1.007530686191199f,0.1910526545406801f,3.5101454650060577f,0.9404881597610775f,0.2733041241674319f,-0.3734462144505793f,3.435749714667014f,0f,0f,0f,1f], start_interpolation: 0, interpolation_duration: 1 }
$data merge entity $(bone_head_right_fin1) { transformation: [-0.5972255261369807f,-0.17542049759923065f,0.8433412820309574f,-0.8263581943957874f,0.14960484731664414f,0.9894925802831077f,0.3117659719231951f,3.4205390676114673f,-0.8483013960939494f,0.29800550433152945f,-0.5387510174452946f,3.5584567049938696f,0f,0f,0f,1f], start_interpolation: 0, interpolation_duration: 1 }
$data merge entity $(bone_right_whisker16) { transformation: [-0.17664750804968038f,-0.22281797511000198f,0.9587219658836013f,-1.3481760107872647f,0.9488266022981798f,-0.29759739594606915f,0.10565921018733013f,2.4508838969997027f,0.26177038921759316f,0.9283253416200581f,0.26398546065053025f,1.533499653773658f,0f,0f,0f,1f], start_interpolation: 0, interpolation_duration: 1 }
$data merge entity $(bone_right_whisker15) { transformation: [0.29319408797425095f,-0.22829799094616848f,0.9283949881956983f,-1.4469572220676519f,0.5422625945474355f,0.8394722111845175f,0.03518075047039315f,2.2681880033289357f,-0.787393488245636f,0.4931190870154189f,0.36992575023840835f,1.7987835926845412f,0f,0f,0f,1f], start_interpolation: 0, interpolation_duration: 1 }
$data merge entity $(bone_right_whisker14) { transformation: [0.5824018979016734f,-0.3080806889198462f,0.7522594754705333f,-1.6431766114974147f,-0.06509853617932859f,0.904753021291407f,0.4209324780191939f,2.2901206156159164f,-0.8102902010439457f,-0.2941228647669939f,0.5068742748585873f,2.0717817561221983f,0f,0f,0f,1f], start_interpolation: 0, interpolation_duration: 1 }
$data merge entity $(bone_right_whisker13) { transformation: [0.06083879210511822f,-0.4186968571690485f,0.90608585860941f,-1.663674056103143f,0.35090416292710547f,0.858793757426975f,0.3732821327694179f,2.1718960685359834f,-0.9344329348945366f,0.2952392656833091f,0.19917044505438763f,2.3866053523513147f,0f,0f,0f,1f], start_interpolation: 0, interpolation_duration: 1 }
$data merge entity $(bone_right_whisker12) { transformation: [-0.5326668323603565f,-0.3726382459630437f,0.7598728731496935f,-1.424390127503764f,-0.2508794757225711f,0.9270184542849669f,0.2787405138767567f,2.284595833020732f,-0.8082855524901775f,-0.04216068145436866f,-0.5872792713649542f,2.7497023778840117f,0f,0f,0f,1f], start_interpolation: 0, interpolation_duration: 1 }
$data merge entity $(bone_right_whisker11) { transformation: [-0.9279050527949103f,-0.24851497258964605f,0.27790739716035384f,-1.0075577795685502f,-0.19615844068209f,0.9593446800646598f,0.20292769889989473f,2.3727138825458898f,-0.31703955454618915f,0.13378375548026336f,-0.9389290855132515f,2.8921224902778078f,0f,0f,0f,1f], start_interpolation: 0, interpolation_duration: 1 }
$data merge entity $(bone_right_whisker10) { transformation: [-0.5244639751073742f,-0.6173806659269768f,0.5863264041079292f,-0.7719587282507845f,-0.42361777321904903f,0.7865614224609803f,0.4492984652868219f,2.5630109291091343f,-0.738569916140311f,-0.012737426573763921f,-0.6740565532184757f,3.2239019447939627f,0f,0f,0f,1f], start_interpolation: 0, interpolation_duration: 1 }
$data merge entity $(bone_right_whisker1) { transformation: [0.025801855265030052f,-0.6825922214163143f,0.7303438392475318f,-0.7835494054206222f,-0.5799803089095539f,0.5848365089968823f,0.5670882638721398f,2.823548958502098f,-0.8142217790885115f,-0.43821697480389893f,-0.38080018047744935f,3.5896656346188798f,0f,0f,0f,1f], start_interpolation: 0, interpolation_duration: 1 }
$data merge entity $(bone_left_whisker16) { transformation: [-0.09415068238704236f,0.4244499110383366f,-0.9005431261331147f,0.7829784320894759f,-0.9669476624804664f,-0.2542840329577874f,-0.01875762794930727f,2.593494812733061f,-0.23695541147991547f,0.8690120273058776f,0.4343618645416658f,1.338208282105884f,0f,0f,0f,1f], start_interpolation: 0, interpolation_duration: 1 }
$data merge entity $(bone_left_whisker15) { transformation: [0.4998645902664074f,0.2007983697675943f,-0.8425054338676241f,0.9513898418960292f,-0.48919331807513977f,0.8681861437405448f,-0.08332297022764185f,2.428678704592511f,0.714720427124083f,0.4537982310626586f,0.5322047317865277f,1.5790076447599941f,0f,0f,0f,1f], start_interpolation: 0, interpolation_duration: 1 }
$data merge entity $(bone_left_whisker14) { transformation: [0.7056103178463959f,0.12748093258694304f,-0.6970385148436717f,1.1891198806235743f,0.15128872393298431f,0.9338995910808504f,0.3239494957393032f,2.4796500031832136f,0.6922613678080248f,-0.3340361740976312f,0.6396827596823125f,1.8122402345000022f,0f,0f,0f,1f], start_interpolation: 0, interpolation_duration: 1 }
$data merge entity $(bone_left_whisker13) { transformation: [0.27473744063202266f,0.3479987100127372f,-0.8963348908440623f,1.2816827878677617f,-0.3284483366921966f,0.9100988879819003f,0.25266915961042247f,2.368991139746878f,0.9036819290209885f,0.22498202577890225f,0.36433783668091063f,2.1167033844143f,0f,0f,0f,1f], start_interpolation: 0, interpolation_duration: 1 }
$data merge entity $(bone_left_whisker12) { transformation: [-0.4060206088158616f,0.23304608007668556f,-0.8836496985670784f,1.0992907175012614f,0.188065128305852f,0.9675491613252653f,0.16876056391846583f,2.4534735216030223f,0.8943035126466294f,-0.0976634270321615f,-0.43667274049135824f,2.5184412904860283f,0f,0f,0f,1f], start_interpolation: 0, interpolation_duration: 1 }
$data merge entity $(bone_left_whisker11) { transformation: [-0.8728678463573367f,0.1396429671234573f,-0.4675484622244653f,0.7071821146454265f,0.07565573707265008f,0.985319127583788f,0.1530438703951132f,2.487459497241127f,0.4820559430641832f,0.09821435002319774f,-0.8706181764734879f,2.7349898586593917f,0f,0f,0f,1f], start_interpolation: 0, interpolation_duration: 1 }
$data merge entity $(bone_left_whisker10) { transformation: [-0.43346532388206904f,0.49544939381794434f,-0.7527534198907667f,0.5124613636827784f,0.35951581430503704f,0.8610289085722203f,0.35969097551581264f,2.6489607419484678f,0.8263511313336472f,-0.11471319352351139f,-0.551348066991477f,3.106202280938178f,0f,0f,0f,1f], start_interpolation: 0, interpolation_duration: 1 }
$data merge entity $(bone_left_whisker1) { transformation: [0.09583912202883678f,0.5086700130942028f,-0.8556107061435626f,0.5555140942816699f,0.5881201840934296f,0.6645524576508849f,0.4609606057919472f,2.913155355896688f,0.8030750349442148f,-0.5473799857584422f,-0.23546897766040314f,3.4669586442920246f,0f,0f,0f,1f], start_interpolation: 0, interpolation_duration: 1 }
$data merge entity $(bone_upper_left_tooth1) { transformation: [-0.9936239302138747f,-0.023880646449097508f,-0.11018711372708848f,0.28912281094429926f,-0.06649054415366693f,0.9133854646240663f,0.40162918289340904f,2.806699109277506f,0.09105214354688408f,0.4063947683455722f,-0.9091494923371326f,4.4907621751922875f,0f,0f,0f,1f], start_interpolation: 0, interpolation_duration: 1 }
$data merge entity $(bone_upper_right_tooth1) { transformation: [-0.9936239302138747f,-0.023880646449097508f,-0.11018711372708848f,-0.38040893890684674f,-0.06649054415366693f,0.9133854646240663f,0.40162918289340904f,2.761895910580211f,0.09105214354688408f,0.4063947683455722f,-0.9091494923371326f,4.5521156703557155f,0f,0f,0f,1f], start_interpolation: 0, interpolation_duration: 1 }
$data merge entity $(bone_top_lip1) { transformation: [-0.9936239302138747f,-0.06012667967739469f,-0.09537435555381277f,-0.020695650044316338f,-0.06649054415366693f,0.9956668517373186f,0.06501175193490488f,2.8989995498584316f,0.09105214354688408f,0.0709387252667279f,-0.9933162660568129f,4.569086535627081f,0f,0f,0f,1f], start_interpolation: 0, interpolation_duration: 1 }
$data merge entity $(bone_muzzle1) { transformation: [-0.9936239302138747f,-0.023880646449097508f,-0.11018711372708848f,-0.08659115971770032f,-0.06649054415366693f,0.9133854646240663f,0.40162918289340904f,3.278389952994527f,0.09105214354688408f,0.4063947683455722f,-0.9091494923371326f,4.127037843679581f,0f,0f,0f,1f], start_interpolation: 0, interpolation_duration: 1 }
$data merge entity $(bone_jaw_right_tooth1) { transformation: [-0.9936239302138747f,-0.08912054796131416f,-0.06905804252517027f,-0.3799101008104519f,-0.06649054415366693f,0.9578561220533244f,-0.27944705577822115f,2.789756434131244f,0.09105214354688408f,-0.27307357502336627f,-0.9576744383032654f,4.577904397009751f,0f,0f,0f,1f], start_interpolation: 0, interpolation_duration: 1 }
$data merge entity $(bone_jaw_left_tooth1) { transformation: [-0.9936239302138747f,-0.08912054796131416f,-0.06905804252517027f,0.34541596152828963f,-0.06649054415366693f,0.9578561220533244f,-0.27944705577822115f,2.8382932327199804f,0.09105214354688408f,-0.27307357502336627f,-0.9576744383032654f,4.511438110582704f,0f,0f,0f,1f], start_interpolation: 0, interpolation_duration: 1 }
$data merge entity $(bone_tongue1) { transformation: [-0.9936239302138747f,-0.051585456711109506f,-0.10025181276285916f,-0.09737730081395807f,-0.06649054415366693f,0.9862118912392038f,0.15154244658359622f,2.9277170097206797f,0.09105214354688408f,0.15724199895161303f,-0.9833536804838928f,3.753254191802933f,0f,0f,0f,1f], start_interpolation: 0, interpolation_duration: 1 }
$data merge entity $(bone_jaw_lips1) { transformation: [-0.9936239302138747f,-0.051585456711109506f,-0.10025181276285916f,0.05514926304905393f,-0.06649054415366693f,0.9862118912392038f,0.15154244658359622f,2.667929896187007f,0.09105214354688408f,0.15724199895161303f,-0.9833536804838928f,4.611315413770647f,0f,0f,0f,1f], start_interpolation: 0, interpolation_duration: 1 }
$data merge entity $(bone_jaw3) { transformation: [-0.9936239302138747f,-0.07577480334725732f,-0.0834845164327949f,-0.013473930744249449f,-0.06649054415366693f,0.9918296072585988f,-0.10887165702515456f,2.486574824817386f,0.09105214354688408f,-0.1026265528162088f,-0.9905439403744687f,3.730017711429299f,0f,0f,0f,1f], start_interpolation: 0, interpolation_duration: 1 }
$data merge entity $(bone_jaw1) { transformation: [-0.9936239302138747f,0.005451590403786278f,-0.11261334498363179f,-0.11464998287798116f,-0.06649054415366693f,0.7783133280356481f,0.6243455541126426f,3.0475102835904635f,0.09105214354688408f,0.6278524058758895f,-0.7729882687281706f,3.0355360637438333f,0f,0f,0f,1f], start_interpolation: 0, interpolation_duration: 1 }
$data merge entity $(bone_tear_right1) { transformation: [-0.9936239302138747f,-0.014186333641489331f,-0.11184915397152305f,-0.6975030410372676f,-0.06649054415366693f,0.8749054674283504f,0.47970765118155945f,3.3195191174371352f,0.09105214354688408f,0.48408591283138136f,-0.8702702661551327f,4.150797289739851f,0f,0f,0f,1f], start_interpolation: 0, interpolation_duration: 1 }
$data merge entity $(bone_right_pupil1) { transformation: [-0.9936239302138747f,-0.014186333641489331f,-0.11184915397152305f,-0.5074386481078338f,-0.06649054415366693f,0.8749054674283504f,0.47970765118155945f,3.3977719075810517f,0.09105214354688408f,0.48408591283138136f,-0.8702702661551327f,4.246931486624109f,0f,0f,0f,1f], start_interpolation: 0, interpolation_duration: 1 }
$data merge entity $(bone_right_sad_pupil1) { transformation: [-0.9936239302138747f,-0.014186333641489331f,-0.11184915397152305f,-0.5086947665362249f,-0.06649054415366693f,0.8749054674283504f,0.47970765118155945f,3.4031592493667824f,0.09105214354688408f,0.48408591283138136f,-0.8702702661551327f,4.237157943595999f,0f,0f,0f,1f], start_interpolation: 0, interpolation_duration: 1 }
$data merge entity $(bone_right_happy_pupil1) { transformation: [-0.9936239302138747f,-0.014186333641489331f,-0.11184915397152305f,-0.5361932728530419f,-0.06649054415366693f,0.8749054674283504f,0.47970765118155945f,3.376728791457358f,0.09105214354688408f,0.48408591283138136f,-0.8702702661551327f,4.2261232011834f,0f,0f,0f,1f], start_interpolation: 0, interpolation_duration: 1 }
$data merge entity $(bone_eyelid_right1) { transformation: [-0.9936239302138747f,-0.014186333641489331f,-0.11184915397152305f,-0.14108752883450695f,-0.06649054415366693f,0.8749054674283504f,0.47970765118155945f,3.6521470891566485f,0.09105214354688408f,0.48408591283138136f,-0.8702702661551327f,3.6819297081569586f,0f,0f,0f,1f], start_interpolation: 0, interpolation_duration: 1 }
$data merge entity $(bone_eyelid_expressions_right5) { transformation: [-0.9936239302138747f,-0.014186333641489331f,-0.11184915397152305f,-0.6386145199404729f,-0.06649054415366693f,0.8749054674283504f,0.47970765118155945f,3.492827978623089f,0.09105214354688408f,0.48408591283138136f,-0.8702702661551327f,4.303282447944139f,0f,0f,0f,1f], start_interpolation: 0, interpolation_duration: 1 }
$data merge entity $(bone_eyelid_expressions_right7) { transformation: [-0.9936239302138747f,-0.014186333641489331f,-0.11184915397152305f,-0.30384864501489983f,-0.06649054415366693f,0.8749054674283504f,0.47970765118155945f,3.5152295779717364f,0.09105214354688408f,0.48408591283138136f,-0.8702702661551327f,4.272605700362425f,0f,0f,0f,1f], start_interpolation: 0, interpolation_duration: 1 }
$data merge entity $(bone_eyelid_expressions_right6) { transformation: [-0.9936239302138747f,-0.014186333641489331f,-0.11184915397152305f,-0.4154372699900909f,-0.06649054415366693f,0.8749054674283504f,0.47970765118155945f,3.507762378188854f,0.09105214354688408f,0.48408591283138136f,-0.8702702661551327f,4.2828312828896635f,0f,0f,0f,1f], start_interpolation: 0, interpolation_duration: 1 }
$data merge entity $(bone_right_eye1) { transformation: [-0.9936239302138747f,-0.014186333641489331f,-0.11184915397152305f,-0.15099027290363493f,-0.06649054415366693f,0.8749054674283504f,0.47970765118155945f,3.64601302739263f,0.09105214354688408f,0.48408591283138136f,-0.8702702661551327f,3.6927258094377917f,0f,0f,0f,1f], start_interpolation: 0, interpolation_duration: 1 }
$data merge entity $(bone_tear_left1) { transformation: [-0.9936239302138747f,-0.014186333641489331f,-0.11184915397152305f,0.5076541086947954f,-0.06649054415366693f,0.8749054674283504f,0.47970765118155945f,3.4001648750922664f,0.09105214354688408f,0.48408591283138136f,-0.8702702661551327f,4.0403609984456805f,0f,0f,0f,1f], start_interpolation: 0, interpolation_duration: 1 }
$data merge entity $(bone_left_sad_pupil1) { transformation: [-0.9936239302138747f,-0.014186333641489331f,-0.11184915397152305f,0.3282199207777076f,-0.06649054415366693f,0.8749054674283504f,0.47970765118155945f,3.459163247738401f,0.09105214354688408f,0.48408591283138136f,-0.8702702661551327f,4.160466074641715f,0f,0f,0f,1f], start_interpolation: 0, interpolation_duration: 1 }
$data merge entity $(bone_left_pupil1) { transformation: [-0.9936239302138747f,-0.014186333641489331f,-0.11184915397152305f,0.32947603920609875f,-0.06649054415366693f,0.8749054674283504f,0.47970765118155945f,3.453775905952671f,0.09105214354688408f,0.48408591283138136f,-0.8702702661551327f,4.170239617669824f,0f,0f,0f,1f], start_interpolation: 0, interpolation_duration: 1 }
$data merge entity $(bone_eyelid_left1) { transformation: [-0.9936239302138747f,-0.014186333641489331f,-0.11184915397152305f,-0.16340525382954516f,-0.06649054415366693f,0.8749054674283504f,0.47970765118155945f,3.650653649200072f,0.09105214354688408f,0.48408591283138136f,-0.8702702661551327f,3.683974824662406f,0f,0f,0f,1f], start_interpolation: 0, interpolation_duration: 1 }
$data merge entity $(bone_left_happy_pupil1) { transformation: [-0.9936239302138747f,-0.014186333641489331f,-0.11184915397152305f,0.35651572694848616f,-0.06649054415366693f,0.8749054674283504f,0.47970765118155945f,3.436466389720418f,0.09105214354688408f,0.48408591283138136f,-0.8702702661551327f,4.144318540965496f,0f,0f,0f,1f], start_interpolation: 0, interpolation_duration: 1 }
$data merge entity $(bone_eyelid_expressions_left5) { transformation: [-0.9936239302138747f,-0.014186333641489331f,-0.11184915397152305f,0.454954004816399f,-0.06649054415366693f,0.8749054674283504f,0.47970765118155945f,3.5660065364953377f,0.09105214354688408f,0.48408591283138136f,-0.8702702661551327f,4.203071739177208f,0f,0f,0f,1f], start_interpolation: 0, interpolation_duration: 1 }
$data merge entity $(bone_eyelid_expressions_left7) { transformation: [-0.9936239302138747f,-0.014186333641489331f,-0.11184915397152305f,0.12018812989082597f,-0.06649054415366693f,0.8749054674283504f,0.47970765118155945f,3.5436049371466902f,0.09105214354688408f,0.48408591283138136f,-0.8702702661551327f,4.2337484867589215f,0f,0f,0f,1f], start_interpolation: 0, interpolation_duration: 1 }
$data merge entity $(bone_eyelid_expressions_left6) { transformation: [-0.9936239302138747f,-0.014186333641489331f,-0.11184915397152305f,0.231776754866017f,-0.06649054415366693f,0.8749054674283504f,0.47970765118155945f,3.5510721369295726f,0.09105214354688408f,0.48408591283138136f,-0.8702702661551327f,4.223522904231683f,0f,0f,0f,1f], start_interpolation: 0, interpolation_duration: 1 }
$data merge entity $(bone_left_eye1) { transformation: [-0.9936239302138747f,-0.014186333641489331f,-0.11184915397152305f,-0.15099027290363493f,-0.06649054415366693f,0.8749054674283504f,0.47970765118155945f,3.64601302739263f,0.09105214354688408f,0.48408591283138136f,-0.8702702661551327f,3.6927258094377917f,0f,0f,0f,1f], start_interpolation: 0, interpolation_duration: 1 }
$data merge entity $(bone_crest_middle5) { transformation: [-0.9936239302138747f,-0.03805864859475709f,-0.10612739784557952f,-0.11732405323888193f,-0.06649054415366693f,0.9579944532825883f,0.2789724628309107f,4.629670704030339f,0.09105214354688408f,0.2842501833718588f,-0.9544167540485561f,4.778427824002735f,0f,0f,0f,1f], start_interpolation: 0, interpolation_duration: 1 }
$data merge entity $(bone_crest_middle4) { transformation: [-0.9936239302138747f,-0.03805864859475709f,-0.10612739784557952f,-0.09167906541624288f,-0.06649054415366693f,0.9579944532825883f,0.2789724628309107f,3.9841470978145326f,0.09105214354688408f,0.2842501833718588f,-0.9544167540485561f,4.586892055910369f,0f,0f,0f,1f], start_interpolation: 0, interpolation_duration: 1 }
$data merge entity $(bone_crest_middle1) { transformation: [-0.9936239302138747f,-0.03805864859475709f,-0.10612739784557952f,-0.063506333222053f,-0.06649054415366693f,0.9579944532825883f,0.2789724628309107f,3.476506856452451f,0.09105214354688408f,0.2842501833718588f,-0.9544167540485561f,4.523629679315756f,0f,0f,0f,1f], start_interpolation: 0, interpolation_duration: 1 }
$data merge entity $(bone_crest_left5) { transformation: [-0.521909116107267f,-0.8530009435633582f,-0.0005145912475453679f,-1.1946341346800375f,-0.7736131304565275f,0.47308131915870927f,0.42156469236441874f,3.947746582016164f,-0.3593516368536297f,0.2204165505198648f,-0.9067981833614029f,4.654562958291853f,0f,0f,0f,1f], start_interpolation: 0, interpolation_duration: 1 }
$data merge entity $(bone_crest_left4) { transformation: [-0.521909116107267f,-0.8530009435633582f,-0.0005145912475453679f,-0.7156541126595971f,-0.7736131304565275f,0.47308131915870927f,0.42156469236441874f,3.682100333465131f,-0.3593516368536297f,0.2204165505198648f,-0.9067981833614029f,4.530793899162046f,0f,0f,0f,1f], start_interpolation: 0, interpolation_duration: 1 }
$data merge entity $(bone_crest_left1) { transformation: [-0.521909116107267f,-0.8530009435633582f,-0.0005145912475453679f,-0.1888049839417364f,-0.7736131304565275f,0.47308131915870927f,0.42156469236441874f,3.413561305577505f,-0.3593516368536297f,0.2204165505198648f,-0.9067981833614029f,4.343729090815274f,0f,0f,0f,1f], start_interpolation: 0, interpolation_duration: 1 }
$data merge entity $(bone_crest_center1) { transformation: [-0.9936239302138747f,-0.014186333641489331f,-0.11184915397152305f,-0.07681806612316451f,-0.06649054415366693f,0.8749054674283504f,0.47970765118155945f,3.3964648235016446f,0.09105214354688408f,0.48408591283138136f,-0.8702702661551327f,4.319912402965491f,0f,0f,0f,1f], start_interpolation: 0, interpolation_duration: 1 }
$data merge entity $(bone_crest_right5) { transformation: [-0.5458383809886264f,0.8086882520658153f,-0.21928012406611685f,1.0002899139610606f,0.7021624437914626f,0.5842769289583554f,0.4069255126135418f,4.094624782039691f,0.45719619898738884f,0.06814529519878282f,-0.8867512922876145f,4.4534279680059825f,0f,0f,0f,1f], start_interpolation: 0, interpolation_duration: 1 }
$data merge entity $(bone_crest_right4) { transformation: [-0.5458383809886264f,0.8086882520658153f,-0.21928012406611685f,0.5461925067951975f,0.7021624437914626f,0.5842769289583554f,0.4069255126135418f,3.7665395924390523f,0.45719619898738884f,0.06814529519878282f,-0.8867512922876145f,4.415162787596509f,0f,0f,0f,1f], start_interpolation: 0, interpolation_duration: 1 }
$data merge entity $(bone_crest_right1) { transformation: [-0.5458383809886264f,0.8086882520658153f,-0.21928012406611685f,0.0343722660086456f,0.7021624437914626f,0.5842769289583554f,0.4069255126135418f,3.4284957051432703f,0.45719619898738884f,0.06814529519878282f,-0.8867512922876145f,4.323277925760799f,0f,0f,0f,1f], start_interpolation: 0, interpolation_duration: 1 }
$data merge entity $(bone_head1) { transformation: [-1.0414938331017822f,-0.014869789819529826f,-0.11723771998317188f,-0.21928019058195786f,-0.06969386464023679f,0.9170558610414346f,0.5028185666681708f,3.893188833052011f,0.0954387702542209f,0.5074077601943513f,-0.9121973492902102f,3.1279983843099344f,0f,0f,0f,1f], start_interpolation: 0, interpolation_duration: 1 }
$data merge entity $(bone_neck10) { transformation: [-1.4952962051557401f,-0.07566127856904836f,-0.023641308258369634f,-0.2134262391453317f,-0.07855110009753644f,1.474282167490623f,0.25003219188065545f,3.629052119519791f,0.010642612664999676f,0.25092178707412993f,-1.476184024182356f,2.0009407309577667f,0f,0f,0f,1f], start_interpolation: 0, interpolation_duration: 1 }
$data merge entity $(bone_neck9) { transformation: [-1.143901596944142f,-0.020887374247816688f,-0.05692980418208265f,-0.19117558276056068f,-0.06009159157461541f,0.534828516992629f,1.0112050269515236f,3.0492346639410903f,0.008141598688724758f,1.0127735795857993f,-0.5351743074572012f,0.8476546607567674f,0f,0f,0f,1f], start_interpolation: 0, interpolation_duration: 1 }
$data merge entity $(bone_neck8) { transformation: [-1.0616603056605756f,-0.008914652637860005f,-0.055570331562426925f,-0.185164593224104f,-0.055771281069250875f,0.3075765837619009f,1.0161576387186053f,2.7942453618588274f,0.007556254992149771f,1.0176479310088646f,-0.30761295310956743f,-0.18982370063115428f,0f,0f,0f,1f], start_interpolation: 0, interpolation_duration: 1 }
$data merge entity $(bone_neck7) { transformation: [-1.052789337390943f,0.0542816307958921f,-0.05580975262516244f,-0.24002368817739922f,-0.04469248320218781f,0.1982688574740484f,1.0359144052262048f,2.5938672612201614f,0.06374798722442557f,1.0354562171178836f,-0.19543088141529869f,-1.2362954094205048f,0f,0f,0f,1f], start_interpolation: 0, interpolation_duration: 1 }
$data merge entity $(bone_neck6) { transformation: [-1.022556324529014f,0.2095748422990169f,-0.11078565274830987f,-0.43411561256470554f,-0.12758388112895655f,-0.07309776495090274f,1.0393245798349366f,2.676460470254367f,0.1997934649972295f,1.02593938146868f,0.09668231022206722f,-2.176928591098264f,0f,0f,0f,1f], start_interpolation: 0, interpolation_duration: 1 }
$data merge entity $(bone_neck_spine6) { transformation: [-1.2613035705621005f,-0.1698847840734315f,0.015421787974487053f,-0.8338474246787161f,-0.043800653319487834f,0.43374832457159423f,1.19579649699137f,3.2310475408853234f,-0.1648641082006405f,1.184477488004043f,-0.4356813913349398f,-6.032541938736085f,0f,0f,0f,1f], start_interpolation: 0, interpolation_duration: 1 }
$data merge entity $(bone_neck_spine7) { transformation: [-0.9524046211931293f,-0.3029452522312178f,-0.03390592397407739f,-0.14153510148610826f,-0.05432458940359923f,0.059227678256970784f,0.9967652286844779f,2.8412475535294046f,-0.29995712446298445f,0.951165735441964f,-0.0728660909137096f,-9.232220706340351f,0f,0f,0f,1f], start_interpolation: 0, interpolation_duration: 1 }
$data merge entity $(bone_tail6) { transformation: [-1.6879883146488912f,-0.04289138676129131f,-0.33787233695231117f,0.362126079865762f,-0.3098919573985608f,-0.5152867021513601f,1.6136134998359404f,4.052010712705079f,-0.14129530026016887f,1.6425412874734064f,0.4973888766314739f,-12.745684424771927f,0f,0f,0f,1f], start_interpolation: 0, interpolation_duration: 1 }
$data merge entity $(bone_tail5) { transformation: [-1.3944251294925623f,0.013573554875719545f,-0.2810242980020089f,0.37069885136621644f,-0.2559977039379415f,-0.6506751424848866f,1.238816925033966f,3.641057991135677f,-0.11672220456274819f,1.2649181620880237f,0.6402642496670441f,-11.946788743453174f,0f,0f,0f,1f], start_interpolation: 0, interpolation_duration: 1 }
$data merge entity $(bone_tail4) { transformation: [-1.030772780972952f,0.03535272174137183f,-0.18690333623543814f,0.3858500178268044f,-0.1797474375235018f,-0.5180092352800194f,0.8933266417685741f,3.4190540331585257f,-0.0622376954441189f,0.9105447903619349f,0.5154705151953098f,-11.556555261869487f,0f,0f,0f,1f], start_interpolation: 0, interpolation_duration: 1 }
$data merge entity $(bone_segment18) { transformation: [-0.979384923994451f,-0.09491962133155273f,-0.17831274811033107f,0.3325504257705126f,-0.10551261043616358f,-0.5123555471523523f,0.8522669079233105f,3.1313543850993435f,-0.1722563777958019f,0.853511604366624f,0.49177808157763725f,-11.0772884918394f,0f,0f,0f,1f], start_interpolation: 0, interpolation_duration: 1 }
$data merge entity $(bone_segment17) { transformation: [-0.9715582014484663f,-0.16542487784330773f,-0.16943810370972745f,0.2117934958995432f,-0.08053858538795036f,-0.4420359180190119f,0.8933743803382754f,2.808676798459488f,-0.2226840754565296f,0.8816115113651909f,0.4161405358366981f,-10.433729307517641f,0f,0f,0f,1f], start_interpolation: 0, interpolation_duration: 1 }
$data merge entity $(bone_segment16) { transformation: [-0.9597985630939064f,-0.23434216863061214f,-0.15450069994784657f,-0.0119071582375892f,-0.059785339956044174f,-0.367125891694443f,0.9282479694423795f,2.45822215087031f,-0.2742488494218579f,0.9001679441354605f,0.33835667710527745f,-9.574438130376612f,0f,0f,0f,1f], start_interpolation: 0, interpolation_duration: 1 }
$data merge entity $(bone_segment15) { transformation: [-0.9524046211931293f,-0.2838471442154999f,-0.11115860853158112f,-0.34661948894092526f,-0.05432458940359923f,-0.20077228061996466f,0.9781305282633749f,2.221471634416592f,-0.29995712446298445f,0.9376146810152681f,0.17579656830704665f,-8.468803631034877f,0f,0f,0f,1f], start_interpolation: 0, interpolation_duration: 1 }
$data merge entity $(bone_segment14) { transformation: [-1.0160395225506558f,-0.2521993953891223f,-0.052291027964353365f,-0.6303438087536878f,-0.05641081766603999f,0.010259444289292449f,1.0466077400240723f,2.233013509242046f,-0.2513099804831801f,1.017332495693226f,-0.02351775799917f,-7.324304573379997f,0f,0f,0f,1f], start_interpolation: 0, interpolation_duration: 1 }
$data merge entity $(bone_segment13) { transformation: [-1.0164622892176929f,-0.13698534732815548f,-0.011534341719408992f,-0.7950104443839525f,-0.03529817355746961f,0.17689990444330733f,1.0097297037200816f,2.4184299056743175f,-0.13286107543228087f,1.0010170079716532f,-0.18001804412237243f,-6.113772709584993f,0f,0f,0f,1f], start_interpolation: 0, interpolation_duration: 1 }
$data merge entity $(bone_segment12) { transformation: [-1.115501260309768f,0.004255165419554543f,-0.010616638180142978f,-0.7898699760918733f,-0.009626488270132887f,0.20989864571711173f,1.0955928853554062f,2.671998739426533f,0.006176581787755788f,1.0956269133628704f,-0.20985089407492297f,-4.790196572636559f,0f,0f,0f,1f], start_interpolation: 0, interpolation_duration: 1 }
$data merge entity $(bone_segment11) { transformation: [-1.1811748153934634f,0.14775683228165945f,-0.010808093062824662f,-0.6191132149341193f,0.002195879453570681f,0.10429632768441124f,1.185850030579887f,2.7925299043210887f,0.14813532487219414f,1.1766108258158186f,-0.10375804055288458f,-3.430433706466897f,0f,0f,0f,1f], start_interpolation: 0, interpolation_duration: 1 }
$data merge entity $(bone_segment10) { transformation: [-1.0369450097374184f,0.15248995247477456f,0.012925138300219805f,-0.42644938647601205f,-1.454637914751385e-17f,-0.08852667321154378f,1.044432011265104f,2.6963616753379074f,0.15303674331950093f,1.033240069175364f,0.08757803759975237f,-2.124983844276299f,0f,0f,0f,1f], start_interpolation: 0, interpolation_duration: 1 }