# This file was generated by Animated Java via MC-Build. It is not recommended to edit this file directly.
$data merge entity $(bone_neck_spine5) { transformation: [-1.3660796428309392f,-0.037891662930334184f,-0.03990352715636433f,-0.08703560220595213f,-0.05501410633011579f,0.9182374668587346f,1.0114420708660499f,3.242206795857409f,-0.0012319512342138731f,1.0122281543671259f,-0.9190181205824663f,0.501382676057879f,0f,0f,0f,1f], start_interpolation: 0, interpolation_duration: 1 }
$data merge entity $(bone_neck_spine2) { transformation: [-1.3010282312675607f,-0.052390006146667605f,-0.0013548598448119428f,-0.2175449062474962f,-0.05239438698106265f,1.2995137968020163f,0.06276724526798032f,4.012653572121907f,-0.001173286889727498f,0.06277090187024764f,-1.300568892531539f,2.4383573037301085f,0f,0f,0f,1f], start_interpolation: 0, interpolation_duration: 1 }
$data merge entity $(bone_scale_neck_left1) { transformation: [-1.397103978853338f,0.30987433738313813f,0.059479288044752956f,0.4970141031899544f,0.3088051533360554f,1.2873599447741237f,0.5466289127617002f,3.2589968553451216f,0.0648017588345016f,0.5460235214945451f,-1.3225424244346295f,2.3718485326219523f,0f,0f,0f,1f], start_interpolation: 0, interpolation_duration: 1 }
$data merge entity $(bone_scale_neck_right1) { transformation: [-1.3676289136342141f,-0.4133735021732169f,-0.10086089775292831f,-0.8690655396409845f,-0.42014515471875813f,1.2582336535236918f,0.5401717694488957f,3.2039827490150055f,-0.06729503667305675f,0.5453712856799936f,-1.3226870216335003f,2.3706165813877385f,0f,0f,0f,1f], start_interpolation: 0, interpolation_duration: 1 }
$data merge entity $(bone_blush_right1) { transformation: [-0.9965424449437168f,-0.014631348240430449f,-0.08178679034090347f,-0.6887852653211529f,-0.05203320630827352f,0.8773321273433038f,0.47705438240577314f,2.6091768043444876f,0.06477422995976327f,0.47966056954886355f,-0.8750600191719304f,3.4088527132501345f,0f,0f,0f,1f], start_interpolation: 0, interpolation_duration: 1 }
$data merge entity $(bone_blush_left1) { transformation: [-0.9965424449437168f,-0.014631348240430449f,-0.08178679034090347f,0.4595741927194582f,-0.05203320630827352f,0.8773321273433038f,0.47705438240577314f,2.6691369444262874f,0.06477422995976327f,0.47966056954886355f,-0.8750600191719304f,3.3342105341949386f,0f,0f,0f,1f], start_interpolation: 0, interpolation_duration: 1 }
$data merge entity $(bone_left_head_scales) { transformation: [-0.8461790073661318f,-0.014631348240430449f,-0.5326978610258687f,0.4320641062681312f,-0.2664332171939973f,0.8773321273433038f,0.39912614435404914f,3.389601054463641f,0.46151319403514846f,0.47966056954886355f,-0.7462783058293567f,3.3389572345826224f,0f,0f,0f,1f], start_interpolation: 0, interpolation_duration: 1 }
$data merge entity $(bone_left_head_scales2) { transformation: [-0.7694088052520701f,-0.014631348240430449f,-0.6385890807469619f,0.45547533394731077f,-0.3162502599242856f,0.8773321273433038f,0.3609350515384932f,2.6343043169289646f,0.5549737502786992f,0.47966056954886355f,-0.679654231592547f,3.092405034618461f,0f,0f,0f,1f], start_interpolation: 0, interpolation_duration: 1 }
$data merge entity $(bone_left_head_scales1) { transformation: [-0.9965424449437168f,-0.014631348240430449f,-0.08178679034090347f,0.4334929488697357f,-0.05203320630827352f,0.8773321273433038f,0.47705438240577314f,3.3039240889027717f,0.06477422995976327f,0.47966056954886355f,-0.8750600191719304f,3.292115382087616f,0f,0f,0f,1f], start_interpolation: 0, interpolation_duration: 1 }
$data merge entity $(bone_right_head_scales) { transformation: [-0.921708881407845f,-0.014631348240430449f,0.38760632293935404f,-0.735759071400287f,0.1741251818331253f,0.8773321273433038f,0.4471786660640845f,3.328624640821133f,-0.3466023066649737f,0.47966056954886355f,-0.8060971275439326f,3.41486453531672f,0f,0f,0f,1f], start_interpolation: 0, interpolation_duration: 1 }
$data merge entity $(bone_right_head_scales2) { transformation: [-0.8632307567407213f,-0.014631348240430449f,0.5045974477397894f,-0.7123478437211074f,0.23100404528761936f,0.8773321273433038f,0.42062509363092976f,2.5733279032864567f,-0.4488538645011285f,0.47966056954886355f,-0.7539601755679554f,3.1683123353525584f,0f,0f,0f,1f], start_interpolation: 0, interpolation_duration: 1 }
$data merge entity $(bone_right_head_scales1) { transformation: [-0.9965424449437168f,-0.014631348240430449f,-0.08178679034090347f,-0.7343302287986824f,-0.05203320630827352f,0.8773321273433038f,0.47705438240577314f,3.2429476752602637f,0.06477422995976327f,0.47966056954886355f,-0.8750600191719304f,3.3680226828217137f,0f,0f,0f,1f], start_interpolation: 0, interpolation_duration: 1 }
$data merge entity $(bone_head_left_fin1) { transformation: [-0.4166638801109977f,0.09649732322887476f,-0.9039244866804477f,0.43286088617865676f,-0.19712360116609265f,0.961100164041821f,0.1934651403795938f,3.017576099660167f,0.887430840614726f,0.25879478605344186f,-0.3814338236672171f,3.052367548583583f,0f,0f,0f,1f], start_interpolation: 0, interpolation_duration: 1 }
$data merge entity $(bone_head_right_fin1) { transformation: [-0.5459221068163159f,-0.16142693246557976f,0.8221377006098118f,-0.7349622914897613f,0.1468633884663006f,0.9476329744840141f,0.2835892995138858f,2.956599686017659f,-0.8248637453649126f,0.2755595963586336f,-0.49362608362730925f,3.1282748493176804f,0f,0f,0f,1f], start_interpolation: 0, interpolation_duration: 1 }
$data merge entity $(bone_right_whisker16) { transformation: [-0.17004353828369892f,-0.2516837723778666f,0.9527541518196642f,-1.1535900205460303f,0.9524690725654875f,-0.2899659144116479f,0.09339397349753004f,2.111461814830837f,0.2527604812746661f,0.9233499050744871f,0.28902783932475407f,1.3596974570822813f,0f,0f,0f,1f], start_interpolation: 0, interpolation_duration: 1 }
$data merge entity $(bone_right_whisker15) { transformation: [0.3217534248664203f,-0.2293900653174838f,0.9186157692530488f,-1.2478537192373644f,0.534287953982339f,0.8449657411137719f,0.023859559371875505f,1.9549321408125735f,-0.7816720001484608f,0.4831284449064194f,0.3944309697605023f,1.5887029258757757f,0f,0f,0f,1f], start_interpolation: 0, interpolation_duration: 1 }
$data merge entity $(bone_right_whisker14) { transformation: [0.6027991082324163f,-0.28723277351138715f,0.744399468655883f,-1.42445502047733f,-0.0771943290985924f,0.9075855925976868f,0.4127098589373941f,1.9775476669156768f,-0.7941500303275337f,-0.3062445524904268f,0.5249190446161349f,1.8213640675732954f,0f,0f,0f,1f], start_interpolation: 0, interpolation_duration: 1 }
$data merge entity $(bone_right_whisker13) { transformation: [0.09069955145435238f,-0.414154980602753f,0.9056761250071207f,-1.4510271546924725f,0.3455218112044916f,0.8660204517480063f,0.361418393466833f,1.876320573789361f,-0.9340172746517845f,0.28015036890233147f,0.2216472455410638f,2.0950019410064353f,0f,0f,0f,1f], start_interpolation: 0, interpolation_duration: 1 }
$data merge entity $(bone_right_whisker12) { transformation: [-0.5144571968221398f,-0.3581572980149383f,0.7791387184042042f,-1.2500673121838242f,-0.24721942007277325f,0.9319684529992256f,0.265174208687632f,1.972890659755288f,-0.8211067841497768f,-0.05619744204916278f,-0.568001317366732f,2.415746778564942f,0f,0f,0f,1f], start_interpolation: 0, interpolation_duration: 1 }
$data merge entity $(bone_right_whisker11) { transformation: [-0.9218251781139756f,-0.2383185685953249f,0.3056838249855781f,-0.8899793519830524f,-0.1845724337299399f,0.9633851624574218f,0.19447890750385702f,2.044989266681046f,-0.3408391962526388f,0.12285474601968929f,-0.9320597371833486f,2.548887089601129f,0f,0f,0f,1f], start_interpolation: 0, interpolation_duration: 1 }
$data merge entity $(bone_right_whisker10) { transformation: [-0.5105729033169606f,-0.6055701199323131f,0.610409813357923f,-0.6905368116248647f,-0.41971958679792176f,0.7951198011957616f,0.437744183518861f,2.208942230273984f,-0.7504337271582825f,-0.03270063595064654f,-0.6601362658964827f,2.842025264272333f,0f,0f,0f,1f], start_interpolation: 0, interpolation_duration: 1 }
$data merge entity $(bone_right_whisker1) { transformation: [0.039233122004712885f,-0.6622853501674454f,0.7482238148384135f,-0.7058622499079557f,-0.5841882085309538f,0.5922945767819897f,0.5548975322778418f,2.4371407492313875f,-0.8106694142196054f,-0.4588738925546192f,-0.36366172685699755f,3.1586930042018664f,0f,0f,0f,1f], start_interpolation: 0, interpolation_duration: 1 }
$data merge entity $(bone_left_whisker16) { transformation: [-0.10155005218675087f,0.3974852967054193f,-0.9119720531923518f,0.7050309889399329f,-0.9666499891904203f,-0.2560703706022037f,-0.003970352353451667f,2.208507365601067f,-0.2351071783230549f,0.8811545858716595f,0.4102331172617782f,1.238889010550643f,0f,0f,0f,1f], start_interpolation: 0, interpolation_duration: 1 }
$data merge entity $(bone_left_whisker15) { transformation: [0.47363465926281856f,0.2009666555900952f,-0.857486217315431f,0.8437911430208367f,-0.49275776880394817f,0.8674362742644204f,-0.06887736474064593f,2.0641447380217857f,0.7299725959434019f,0.4551557024043459f,0.5098757650060037f,1.4527481695184365f,0f,0f,0f,1f], start_interpolation: 0, interpolation_duration: 1 }
$data merge entity $(bone_left_whisker14) { transformation: [0.6889963121160781f,0.14960819822989962f,-0.7091554617380081f,1.045645531336094f,0.14464379696232427f,0.9303946927236777f,0.33681432236758446f,2.1065208504130917f,0.7101846618244909f,-0.3346387646014971f,0.6193986142503203f,1.6608100821623304f,0f,0f,0f,1f], start_interpolation: 0, interpolation_duration: 1 }
$data merge entity $(bone_left_whisker13) { transformation: [0.24586235015452929f,0.3547925576096047f,-0.9020387718060281f,1.1176755167329286f,-0.3279486561916022f,0.9061700771844847f,0.26703084113560216f,2.0104421425444583f,0.9121410985580104f,0.23016957288117035f,0.33914684731113953f,1.9280389196304974f,0f,0f,0f,1f], start_interpolation: 0, interpolation_duration: 1 }
$data merge entity $(bone_left_whisker12) { transformation: [-0.4269873972773183f,0.24930606994742363f,-0.8692112781445673f,0.9508835646714762f,0.19806307852291333f,0.9636863862496146f,0.1791076935343229f,2.087810532592471f,0.8822997106949357f,-0.09568193374158498f,-0.46086026956454307f,2.2726872441207067f,0f,0f,0f,1f], start_interpolation: 0, interpolation_duration: 1 }
$data merge entity $(bone_left_whisker11) { transformation: [-0.8842370282615233f,0.15097948522947674f,-0.441961619251121f,0.6054784755068187f,0.09027117454451752f,0.9837118691148783f,0.15544154402496774f,2.1230727101489233f,0.4582313748507226f,0.09755077448362472f,-0.8834635552755197f,2.45168387492177f,0f,0f,0f,1f], start_interpolation: 0, interpolation_duration: 1 }
$data merge entity $(bone_left_whisker10) { transformation: [-0.45017006660394476f,0.5105285918875208f,-0.7326032132055837f,0.42963079323965275f,0.3695556049055687f,0.8533954871208098f,0.3676204529738721f,2.267430368315161f,0.8128810282056527f,-0.10524589981173232f,-0.5728418058732616f,2.7692155265646035f,0f,0f,0f,1f], start_interpolation: 0, interpolation_duration: 1 }
$data merge entity $(bone_left_whisker1) { transformation: [0.08276514437327265f,0.5324759107582014f,-0.8423890641141396f,0.4619609277604624f,0.5905581940703615f,0.6546775284508354f,0.4718456878661274f,2.498117162873896f,0.8027396528721031f,-0.5365321408860141f,-0.2602735320831635f,3.082785703467769f,0f,0f,0f,1f], start_interpolation: 0, interpolation_duration: 1 }
$data merge entity $(bone_upper_left_tooth1) { transformation: [-0.9965424449437168f,-0.021703860002159243f,-0.08020036088825487f,0.20538533439215562f,-0.05203320630827352f,0.9155716427545518f,0.39877451325907465f,2.4130970229992093f,0.06477422995976327f,0.4015688103485352f,-0.9135353248169342f,3.9669457379287034f,0f,0f,0f,1f], start_interpolation: 0, interpolation_duration: 1 }
$data merge entity $(bone_upper_right_tooth1) { transformation: [-0.9965424449437168f,-0.021703860002159243f,-0.08020036088825487f,-0.37852625444205346f,-0.05203320630827352f,0.9155716427545518f,0.39877451325907465f,2.3826088161779553f,0.06477422995976327f,0.4015688103485352f,-0.9135353248169342f,4.004899388295752f,0f,0f,0f,1f], start_interpolation: 0, interpolation_duration: 1 }
$data merge entity $(bone_top_lip1) { transformation: [-0.9965424449437168f,-0.047825096012370755f,-0.06794053000240113f,-0.0645719684068457f,-0.05203320630827352f,0.9967448326767767f,0.06158152298721509f,2.497475700361369f,0.06477422995976327f,0.06490376509534534f,-0.9957870256282553f,4.027478415320813f,0f,0f,0f,1f], start_interpolation: 0, interpolation_duration: 1 }
$data merge entity $(bone_muzzle1) { transformation: [-0.9965424449437168f,-0.021703860002159243f,-0.08020036088825487f,-0.10691157723931767f,-0.05203320630827352f,0.9155716427545518f,0.39877451325907465f,2.826306758020275f,0.06477422995976327f,0.4015688103485352f,-0.9135353248169342f,3.6402398012034434f,0f,0f,0f,1f], start_interpolation: 0, interpolation_duration: 1 }
$data merge entity $(bone_jaw_right_tooth1) { transformation: [-0.9965424449437168f,-0.06817791962024548f,-0.047486068502825024f,-0.37834551776004943f,-0.05203320630827352f,0.9576958853911525f,-0.2830391078033872f,2.4069341956692463f,0.06477422995976327f,-0.2795896321058994f,-0.9579321148975053f,4.0272205994544334f,0f,0f,0f,1f], start_interpolation: 0, interpolation_duration: 1 }
$data merge entity $(bone_jaw_left_tooth1) { transformation: [-0.9965424449437168f,-0.06817791962024548f,-0.047486068502825024f,0.2542253701436771f,-0.05203320630827352f,0.9576958853911525f,-0.2830391078033872f,2.4399630863922717f,0.06477422995976327f,-0.2795896321058994f,-0.9579321148975053f,3.98610414489013f,0f,0f,0f,1f], start_interpolation: 0, interpolation_duration: 1 }
$data merge entity $(bone_tongue1) { transformation: [-0.9965424449437168f,-0.04172169972822361f,-0.07185022753887138f,-0.11196455214803974f,-0.05203320630827352f,0.9875847342874665f,0.14821922292211323f,2.5199796892498694f,0.06477422995976327f,0.1514453445112869f,-0.9863410195054129f,3.3164276377868265f,0f,0f,0f,1f], start_interpolation: 0, interpolation_duration: 1 }
$data merge entity $(bone_jaw_lips1) { transformation: [-0.9965424449437168f,-0.04172169972822361f,-0.07185022753887138f,-0.002486733401863256f,-0.05203320630827352f,0.9875847342874665f,0.14821922292211323f,2.2958140189000447f,0.06477422995976327f,0.1514453445112869f,-0.9863410195054129f,4.066835780316176f,0f,0f,0f,1f], start_interpolation: 0, interpolation_duration: 1 }
$data merge entity $(bone_jaw3) { transformation: [-0.9965424449437168f,-0.05889627456617831f,-0.058603619920828985f,-0.043957101075097565f,-0.05203320630827352f,0.99229555823963f,-0.11243696251314289f,2.1352944345122857f,0.06477422995976327f,-0.10899887127914032f,-0.9919292037202014f,3.2998744397394315f,0f,0f,0f,1f], start_interpolation: 0, interpolation_duration: 1 }
$data merge entity $(bone_jaw1) { transformation: [-0.9965424449437168f,-0.0002069380842722457f,-0.08308497218046669f,-0.10886723559108717f,-0.05203320630827352f,0.781163856821594f,0.6221539795234721f,2.621352231014998f,0.06477422995976327f,0.6243260253843671f,-0.7784737074306864f,2.691691855809208f,0f,0f,0f,1f], start_interpolation: 0, interpolation_duration: 1 }
$data merge entity $(bone_tear_right1) { transformation: [-0.9965424449437168f,-0.014631348240430449f,-0.08178679034090347f,-0.6379386232374455f,-0.05203320630827352f,0.8773321273433038f,0.47705438240577314f,2.8696582598806692f,0.06477422995976327f,0.47966056954886355f,-0.8750600191719304f,3.646545964782935f,0f,0f,0f,1f], start_interpolation: 0, interpolation_duration: 1 }
$data merge entity $(bone_right_pupil1) { transformation: [-0.9965424449437168f,-0.014631348240430449f,-0.08178679034090347f,-0.4739998955826192f,-0.05203320630827352f,0.8773321273433038f,0.47705438240577314f,2.9357670608379185f,0.06477422995976327f,0.47966056954886355f,-0.8750600191719304f,3.734223631667305f,0f,0f,0f,1f], start_interpolation: 0, interpolation_duration: 1 }
$data merge entity $(bone_right_sad_pupil1) { transformation: [-0.9965424449437168f,-0.014631348240430449f,-0.08178679034090347f,-0.47479859470704205f,-0.05203320630827352f,0.8773321273433038f,0.47705438240577314f,2.9404257950411f,0.06477422995976327f,0.47966056954886355f,-0.8750600191719304f,3.725678123667579f,0f,0f,0f,1f], start_interpolation: 0, interpolation_duration: 1 }
$data merge entity $(bone_right_happy_pupil1) { transformation: [-0.9965424449437168f,-0.014631348240430449f,-0.08178679034090347f,-0.49877072674418194f,-0.05203320630827352f,0.8773321273433038f,0.47705438240577314f,2.917736502126664f,0.06477422995976327f,0.47966056954886355f,-0.8750600191719304f,3.7155491922944357f,0f,0f,0f,1f], start_interpolation: 0, interpolation_duration: 1 }
$data merge entity $(bone_eyelid_right1) { transformation: [-0.9965424449437168f,-0.014631348240430449f,-0.08178679034090347f,-0.13934221537258587f,-0.05203320630827352f,0.8773321273433038f,0.47705438240577314f,3.150087304723749f,0.06477422995976327f,0.47966056954886355f,-0.8750600191719304f,3.250628184872979f,0f,0f,0f,1f], start_interpolation: 0, interpolation_duration: 1 }
$data merge entity $(bone_eyelid_expressions_right5) { transformation: [-0.9965424449437168f,-0.014631348240430449f,-0.08178679034090347f,-0.5881435137490226f,-0.05203320630827352f,0.8773321273433038f,0.47705438240577314f,3.0202592038882727f,0.06477422995976327f,0.47966056954886355f,-0.8750600191719304f,3.779794405574323f,0f,0f,0f,1f], start_interpolation: 0, interpolation_duration: 1 }
$data merge entity $(bone_eyelid_expressions_right7) { transformation: [-0.9965424449437168f,-0.014631348240430449f,-0.08178679034090347f,-0.2961877193319181f,-0.05203320630827352f,0.8773321273433038f,0.47705438240577314f,3.0355033072988995f,0.06477422995976327f,0.47966056954886355f,-0.8750600191719304f,3.7608175803907984f,0f,0f,0f,1f], start_interpolation: 0, interpolation_duration: 1 }
$data merge entity $(bone_eyelid_expressions_right6) { transformation: [-0.9965424449437168f,-0.014631348240430449f,-0.08178679034090347f,-0.39350631747095294f,-0.05203320630827352f,0.8773321273433038f,0.47705438240577314f,3.030421939495357f,0.06477422995976327f,0.47966056954886355f,-0.8750600191719304f,3.7671431887853064f,0f,0f,0f,1f], start_interpolation: 0, interpolation_duration: 1 }
$data merge entity $(bone_right_eye1) { transformation: [-0.9965424449437168f,-0.014631348240430449f,-0.08178679034090347f,-0.14827537606206648f,-0.05203320630827352f,0.8773321273433038f,0.47705438240577314f,3.1449204337402135f,0.06477422995976327f,0.47966056954886355f,-0.8750600191719304f,3.2598062537121555f,0f,0f,0f,1f], start_interpolation: 0, interpolation_duration: 1 }
$data merge entity $(bone_tear_left1) { transformation: [-0.9965424449437168f,-0.014631348240430449f,-0.08178679034090347f,0.4131022366641309f,-0.05203320630827352f,0.8773321273433038f,0.47705438240577314f,2.9245370321589266f,0.06477422995976327f,0.47966056954886355f,-0.8750600191719304f,3.578229394122247f,0f,0f,0f,1f], start_interpolation: 0, interpolation_duration: 1 }
$data merge entity $(bone_left_sad_pupil1) { transformation: [-0.9965424449437168f,-0.014631348240430449f,-0.08178679034090347f,0.2550908913357192f,-0.05203320630827352f,0.8773321273433038f,0.47705438240577314f,2.9785360535676677f,0.06477422995976327f,0.47966056954886355f,-0.8750600191719304f,3.6782360607087683f,0f,0f,0f,1f], start_interpolation: 0, interpolation_duration: 1 }
$data merge entity $(bone_left_pupil1) { transformation: [-0.9965424449437168f,-0.014631348240430449f,-0.08178679034090347f,0.25588959046014215f,-0.05203320630827352f,0.8773321273433038f,0.47705438240577314f,2.9738773193644863f,0.06477422995976327f,0.47966056954886355f,-0.8750600191719304f,3.686781568708494f,0f,0f,0f,1f], start_interpolation: 0, interpolation_duration: 1 }
$data merge entity $(bone_eyelid_left1) { transformation: [-0.9965424449437168f,-0.014631348240430449f,-0.08178679034090347f,-0.15880593500039286f,-0.05203320630827352f,0.8773321273433038f,0.47705438240577314f,3.1490710311630408f,0.06477422995976327f,0.47966056954886355f,-0.8750600191719304f,3.2518933065518802f,0f,0f,0f,1f], start_interpolation: 0, interpolation_duration: 1 }
$data merge entity $(bone_left_happy_pupil1) { transformation: [-0.9965424449437168f,-0.014631348240430449f,-0.08178679034090347f,0.2797780583680968f,-0.05203320630827352f,0.8773321273433038f,0.47705438240577314f,2.9583874445550027f,0.06477422995976327f,0.47966056954886355f,-0.8750600191719304f,3.6649443251383707f,0f,0f,0f,1f], start_interpolation: 0, interpolation_duration: 1 }
$data merge entity $(bone_eyelid_expressions_left5) { transformation: [-0.9965424449437168f,-0.014631348240430449f,-0.08178679034090347f,0.36557874801351886f,-0.05203320630827352f,0.8773321273433038f,0.47705438240577314f,3.0700566083629877f,0.06477422995976327f,0.47966056954886355f,-0.8750600191719304f,3.717803443308143f,0f,0f,0f,1f], start_interpolation: 0, interpolation_duration: 1 }
$data merge entity $(bone_eyelid_expressions_left7) { transformation: [-0.9965424449437168f,-0.014631348240430449f,-0.08178679034090347f,0.0736229535964143f,-0.05203320630827352f,0.8773321273433038f,0.47705438240577314f,3.0548125049523605f,0.06477422995976327f,0.47966056954886355f,-0.8750600191719304f,3.7367802684916676f,0f,0f,0f,1f], start_interpolation: 0, interpolation_duration: 1 }
$data merge entity $(bone_eyelid_expressions_left6) { transformation: [-0.9965424449437168f,-0.014631348240430449f,-0.08178679034090347f,0.17094155173544914f,-0.05203320630827352f,0.8773321273433038f,0.47705438240577314f,3.059893872755903f,0.06477422995976327f,0.47966056954886355f,-0.8750600191719304f,3.7304546600971595f,0f,0f,0f,1f], start_interpolation: 0, interpolation_duration: 1 }
$data merge entity $(bone_left_eye1) { transformation: [-0.9965424449437168f,-0.014631348240430449f,-0.08178679034090347f,-0.14827537606206648f,-0.05203320630827352f,0.8773321273433038f,0.47705438240577314f,3.1449204337402135f,0.06477422995976327f,0.47966056954886355f,-0.8750600191719304f,3.2598062537121555f,0f,0f,0f,1f], start_interpolation: 0, interpolation_duration: 1 }
$data merge entity $(bone_crest_middle5) { transformation: [-0.9965424449437168f,-0.03198642819253522f,-0.07668131348042649f,-0.13199947910739326f,-0.05203320630827352f,0.95978931919869f,0.2758568617841429f,4.00429891768901f,0.06477422995976327f,0.27889304610118704f,-0.9581351512023346f,4.200548276194143f,0f,0f,0f,1f], start_interpolation: 0, interpolation_duration: 1 }
$data merge entity $(bone_crest_middle4) { transformation: [-0.9965424449437168f,-0.03198642819253522f,-0.07668131348042649f,-0.11325743133832966f,-0.05203320630827352f,0.95978931919869f,0.2758568617841429f,3.4419223634710274f,0.06477422995976327f,0.27889304610118704f,-0.9581351512023346f,4.037134381994228f,0f,0f,0f,1f], start_interpolation: 0, interpolation_duration: 1 }
$data merge entity $(bone_crest_middle1) { transformation: [-0.9965424449437168f,-0.03198642819253522f,-0.07668131348042649f,-0.0935845644089418f,-0.05203320630827352f,0.95978931919869f,0.2758568617841429f,2.9999355016083156f,0.06477422995976327f,0.27889304610118704f,-0.9581351512023346f,3.98475017515623f,0f,0f,0f,1f], start_interpolation: 0, interpolation_duration: 1 }
$data merge entity $(bone_crest_left5) { transformation: [-0.5231019114225568f,-0.8517544706014069f,0.02964307805517301f,-1.0739293342145162f,-0.7678918327086286f,0.48611656754307225f,0.4171724056304842f,3.4240816039538275f,-0.36973845286290036f,0.19546100524314072f,-0.9083438071038352f,4.070480801870857f,0f,0f,0f,1f], start_interpolation: 0, interpolation_duration: 1 }
$data merge entity $(bone_crest_left4) { transformation: [-0.5231019114225568f,-0.8517544706014069f,0.02964307805517301f,-0.658033596616173f,-0.7678918327086286f,0.48611656754307225f,0.4171724056304842f,3.186719998708187f,-0.36973845286290036f,0.19546100524314072f,-0.9083438071038352f,3.97504085790448f,0f,0f,0f,1f], start_interpolation: 0, interpolation_duration: 1 }
$data merge entity $(bone_crest_left1) { transformation: [-0.5231019114225568f,-0.8517544706014069f,0.02964307805517301f,-0.19910086933733273f,-0.7678918327086286f,0.48611656754307225f,0.4171724056304842f,2.9459919793066582f,-0.36973845286290036f,0.19546100524314072f,-0.9083438071038352f,3.825704194585223f,0f,0f,0f,1f], start_interpolation: 0, interpolation_duration: 1 }
$data merge entity $(bone_crest_center1) { transformation: [-0.9965424449437168f,-0.014631348240430449f,-0.08178679034090347f,-0.10142506512019306f,-0.05203320630827352f,0.8773321273433038f,0.47705438240577314f,2.929654379886273f,0.06477422995976327f,0.47966056954886355f,-0.8750600191719304f,3.8076682729608913f,0f,0f,0f,1f], start_interpolation: 0, interpolation_duration: 1 }
$data merge entity $(bone_crest_right5) { transformation: [-0.5477818193159336f,0.8148155096449601f,-0.18976502224843816f,0.8403063818622507f,0.7119769899676989f,0.5731344161548614f,0.40571628852606023f,3.5240310064530993f,0.43934478963959617f,0.08713567731331712f,-0.8940825071299003f,3.9460574568347595f,0f,0f,0f,1f], start_interpolation: 0, interpolation_duration: 1 }
$data merge entity $(bone_crest_right4) { transformation: [-0.5477818193159336f,0.8148155096449601f,-0.18976502224843816f,0.44244724629342247f,0.7119769899676989f,0.5731344161548614f,0.40571628852606023f,3.2441802173149834f,0.43934478963959617f,0.08713567731331712f,-0.8940825071299003f,3.903510739396616f,0f,0f,0f,1f], start_interpolation: 0, interpolation_duration: 1 }
$data merge entity $(bone_crest_right1) { transformation: [-0.5477818193159336f,0.8148155096449601f,-0.18976502224843816f,-0.004463673059263026f,0.7119769899676989f,0.5731344161548614f,0.40571628852606023f,2.9561547149137426f,0.43934478963959617f,0.08713567731331712f,-0.8940825071299003f,3.8130529777962066f,0f,0f,0f,1f], start_interpolation: 0, interpolation_duration: 1 }
$data merge entity $(bone_head1) { transformation: [-0.9965424449437168f,-0.014631348240430449f,-0.08178679034090347f,-0.1914894066045229f,-0.05203320630827352f,0.8773321273433038f,0.47705438240577314f,3.3583123321347546f,0.06477422995976327f,0.47966056954886355f,-0.8750600191719304f,2.766382387479729f,0f,0f,0f,1f], start_interpolation: 0, interpolation_duration: 1 }
$data merge entity $(bone_neck10) { transformation: [-1.3010282312675607f,-0.05176495768492079f,-0.00818153684373014f,-0.1817892643002044f,-0.05239438698106265f,1.2802035066027577f,0.23185085041751774f,3.1394450110764085f,-0.001173286889727498f,0.231992193365048f,-1.28124909855968f,1.7838947467464426f,0f,0f,0f,1f], start_interpolation: 0, interpolation_duration: 1 }
$data merge entity $(bone_neck9) { transformation: [-0.9991896816134868f,-0.01921663490239428f,-0.03536525272307943f,-0.1618181848038106f,-0.040238889201456116f,0.4572663317555471f,0.8884190079228713f,2.6657826635246247f,-0.0009010843313107185f,0.8891221641517288f,-0.45766905648205447f,0.7903697121481154f,0f,0f,0f,1f], start_interpolation: 0, interpolation_duration: 1 }
$data merge entity $(bone_neck8) { transformation: [-0.9991896816134868f,-0.011879566142696061f,-0.038455897667334524f,-0.15267483231143314f,-0.040238889201456116f,0.27344852846080536f,0.9610446056653421f,2.459021070014373f,-0.0009010843313107185f,0.9618132761564905f,-0.27370496863620597f,-0.11530202689531854f,0f,0f,0f,1f], start_interpolation: 0, interpolation_duration: 1 }
$data merge entity $(bone_neck7) { transformation: [-0.9978223119568069f,0.05280324628065518f,-0.03952785022483804f,-0.20166221899758785f,-0.03011938208116484f,0.1683881009127136f,0.9852605088473091f,2.30280164045668f,0.05868097293179078f,0.984305473241531f,-0.1664310030088872f,-1.0284760499221293f,0f,0f,0f,1f], start_interpolation: 0, interpolation_duration: 1 }
$data merge entity $(bone_neck6) { transformation: [-0.9754989509722636f,0.19921160048375058f,-0.09336238474201464f,-0.36887128322417745f,-0.11285655732744063f,-0.08883539652443834f,0.9896320880976646f,2.39217846784768f,0.18885230769098782f,0.9759216211136263f,0.10914117152908015f,-1.8387680054341844f,0f,0f,0f,1f], start_interpolation: 0, interpolation_duration: 1 }
$data merge entity $(bone_neck_spine6) { transformation: [-1.1010965423608843f,-0.11187911814766235f,0.003338388947974366f,-0.786940741177086f,-0.03736116470080397f,0.3984927937193488f,1.031866907233345f,2.9158707559382147f,-0.10550936115087586f,1.026463946660384f,-0.4002264589370427f,-5.221864253355928f,0f,0f,0f,1f], start_interpolation: 0, interpolation_duration: 1 }
$data merge entity $(bone_neck_spine7) { transformation: [-0.9575437018589801f,-0.2869002218947374f,-0.028254587361190395f,-0.2735873663832967f,-0.0578834207921895f,0.09532081196228784f,0.9937622715741647f,2.489336755333438f,-0.28241736601631817f,0.9532062764604526f,-0.10788060941987856f,-8.021360544586967f,0f,0f,0f,1f], start_interpolation: 0, interpolation_duration: 1 }
$data merge entity $(bone_tail6) { transformation: [-1.4627814910468047f,-0.12051681830659057f,-0.2965472772428873f,0.27673076219213133f,-0.23982387145978803f,-0.5061764484196604f,1.3886915407776215f,3.580497580383846f,-0.21201203223626866f,1.4040852471465337f,0.47517344056305616f,-11.024015680121918f,0f,0f,0f,1f], start_interpolation: 0, interpolation_duration: 1 }
$data merge entity $(bone_tail5) { transformation: [-1.2083847099951865f,-0.05550561096852856f,-0.25854009083354923f,0.24167458684358695f,-0.1981153720754771f,-0.6109988990293149f,1.057141477523099f,3.1946035388916467f,-0.17514037445604805f,1.074112159554735f,0.5879850140092179f,-10.345629053034717f,0f,0f,0f,1f], start_interpolation: 0, interpolation_duration: 1 }
$data merge entity $(bone_tail4) { transformation: [-0.9811277310242197f,-0.020145989846523327f,-0.19230838387436464f,0.23380505955978878f,-0.15258205319285378f,-0.530250189422833f,0.8339984734161703f,2.9874745586483527f,-0.11877328175443884f,0.8476018379582204f,0.5171692487292021f,-10.014534585082288f,0f,0f,0f,1f], start_interpolation: 0, interpolation_duration: 1 }
$data merge entity $(bone_segment18) { transformation: [-0.9701044679321381f,-0.14803650492271486f,-0.19230838387436464f,0.1615216098904944f,-0.08206515442659683f,-0.545629779950138f,0.8339984734161703f,2.7210537676570743f,-0.22839140029134583f,0.8248474625297885f,0.5171692487292021f,-9.611777035018914f,0f,0f,0f,1f], start_interpolation: 0, interpolation_duration: 1 }
$data merge entity $(bone_segment17) { transformation: [-0.9645454859105655f,-0.19806601309641883f,-0.17441863451374717f,0.03579611329608792f,-0.06844389540427623f,-0.4505439264269891f,0.8901267345393239f,2.4350639706086925f,-0.2548871098965959f,0.870505614465433f,0.4210137009560611f,-9.059209994586755f,0f,0f,0f,1f], start_interpolation: 0, interpolation_duration: 1 }
$data merge entity $(bone_segment16) { transformation: [-0.9575437018589801f,-0.24557291200266426f,-0.15100994642980414f,-0.16804858904987363f,-0.05788342079218953f,-0.34937684746293185f,0.9351926689480928f,2.145053892148251f,-0.282417366016318f,0.9042288224489391f,0.3203289996628625f,-8.308629429077381f,0f,0f,0f,1f], start_interpolation: 0, interpolation_duration: 1 }
$data merge entity $(bone_segment15) { transformation: [-0.9575437018589801f,-0.2698115085756022f,-0.10154707711381175f,-0.44471078046040324f,-0.0578834207921895f,-0.16513176813051944f,0.9845714848356528f,1.9757293252175427f,-0.28241736601631817f,0.9486481165291197f,0.14250327146475927f,-7.335894543964514f,0f,0f,0f,1f], start_interpolation: 0, interpolation_duration: 1 }
$data merge entity $(bone_segment14) { transformation: [-0.9787410609713992f,-0.2004796624360962f,-0.043287879574872845f,-0.6502807468255408f,-0.0539170410596866f,0.04786317252567793f,0.997397648583124f,2.0248077736081305f,-0.19788604865413795f,0.9785279871650511f,-0.05765492245043832f,-6.332521119625351f,0f,0f,0f,1f], start_interpolation: 0, interpolation_duration: 1 }
$data merge entity $(bone_segment13) { transformation: [-0.9948731112154813f,-0.10007412986802829f,-0.014582904771875547f,-0.7574262301283374f,-0.033756911164961705f,0.19268395797542615f,0.9806800514375342f,2.2078504164837622f,-0.09533081101632077f,0.9761444877015295f,-0.19507428226419127f,-5.279165913468597f,0f,0f,0f,1f], start_interpolation: 0, interpolation_duration: 1 }
$data merge entity $(bone_segment12) { transformation: [-0.9991028470193167f,0.03947217088332491f,-0.015344341095444941f,-0.7111697798744411f,-0.00765179184560623f,0.18810808878299506f,0.9821185249326887f,2.4282895830263347f,0.04165274492092061f,0.9813548260747316f,-0.1876372942151595f,-4.12914072666227f,0f,0f,0f,1f], start_interpolation: 0, interpolation_duration: 1 }
$data merge entity $(bone_segment11) { transformation: [-1.0237859523082342f,0.1526123062185727f,-0.010966757088263593f,-0.5348017384086963f,1.4507255287670444e-17f,0.07419525593432694f,1.0324938381951256f,2.5140341228961764f,0.15300583573963575f,1.0211527847984114f,-0.07338028510524686f,-2.949034605768926f,0f,0f,0f,1f], start_interpolation: 0, interpolation_duration: 1 }
$data merge entity $(bone_segment10) { transformation: [-0.9890158633619168f,0.14703166386788064f,0.015143045886636779f,-0.3621188575596939f,0f,-0.10244980864823433f,0.9947381749525551f,2.4094185207444676f,0.14780941112961052f,0.9838118349197589f,0.10132448595149657f,-1.793586470325501f,0f,0f,0f,1f], start_interpolation: 0, interpolation_duration: 1 }