# This file was generated by Animated Java via MC-Build. It is not recommended to edit this file directly.
$data merge entity $(bone_neck_spine5) { transformation: [-1.5709915892555801f,-0.04357541236988432f,-0.04588905622981899f,-0.09598814267807707f,-0.06326622227963317f,1.055973086887545f,1.1631583814959574f,3.6944210883078075f,-0.0014167439193459542f,1.164062377522195f,-1.0568708386698364f,0.596915370694179f,0f,0f,0f,1f], start_interpolation: 0, interpolation_duration: 1 }
$data merge entity $(bone_neck_spine2) { transformation: [-1.496182465957695f,-0.060248507068667745f,-0.0015580888215337343f,-0.2452300324098566f,-0.06025354502822205f,1.4944408663223188f,0.07218233205817737f,4.5608102250451985f,-0.0013492799231866227f,0.0721865371507848f,-1.49565422641127f,2.7651167677030593f,0f,0f,0f,1f], start_interpolation: 0, interpolation_duration: 1 }
$data merge entity $(bone_scale_neck_left1) { transformation: [-1.6066695756813385f,0.3563554879906088f,0.0684011812514659f,0.5765128284432114f,0.35512592633646367f,1.480463936490242f,0.6286232496759552f,3.6941050007518954f,0.07452202265967683f,0.6279270497187268f,-1.5209237880998239f,2.6886316809286797f,0f,0f,0f,1f], start_interpolation: 0, interpolation_duration: 1 }
$data merge entity $(bone_scale_neck_right1) { transformation: [-1.5727732506793461f,-0.4753795274991994f,-0.11599003241586754f,-0.9944787608123681f,-0.48316692792657184f,1.4469687015522454f,0.62119753486623f,3.630838778472262f,-0.07738929217401526f,0.6271769785319926f,-1.5210900748785252f,2.687214937009334f,0f,0f,0f,1f], start_interpolation: 0, interpolation_duration: 1 }
$data merge entity $(bone_blush_right1) { transformation: [-0.9965424449437168f,-0.014631348240430449f,-0.08178679034090347f,-0.7871564453445619f,-0.05203320630827352f,0.8773321273433038f,0.47705438240577314f,2.9468119421011663f,0.06477422995976327f,0.47966056954886355f,-0.8750600191719304f,3.8811864886510894f,0f,0f,0f,1f], start_interpolation: 0, interpolation_duration: 1 }
$data merge entity $(bone_blush_left1) { transformation: [-0.9965424449437168f,-0.014631348240430449f,-0.08178679034090347f,0.5334569314021409f,-0.05203320630827352f,0.8773321273433038f,0.47705438240577314f,3.0157661031952356f,0.06477422995976327f,0.47966056954886355f,-0.8750600191719304f,3.7953479827376144f,0f,0f,0f,1f], start_interpolation: 0, interpolation_duration: 1 }
$data merge entity $(bone_left_head_scales) { transformation: [-0.8461790073661318f,-0.014631348240430449f,-0.5326978610258687f,0.5018203319831149f,-0.2664332171939973f,0.8773321273433038f,0.39912614435404914f,3.844299829738193f,0.46151319403514846f,0.47966056954886355f,-0.7462783058293567f,3.8008066881834504f,0f,0f,0f,1f], start_interpolation: 0, interpolation_duration: 1 }
$data merge entity $(bone_left_head_scales2) { transformation: [-0.7694088052520701f,-0.014631348240430449f,-0.6385890807469619f,0.5287432438141715f,-0.3162502599242856f,0.8773321273433038f,0.3609350515384932f,2.975708581573315f,0.5549737502786992f,0.47966056954886355f,-0.679654231592547f,3.5172716582246646f,0f,0f,0f,1f], start_interpolation: 0, interpolation_duration: 1 }
$data merge entity $(bone_left_head_scales1) { transformation: [-0.9965424449437168f,-0.014631348240430449f,-0.08178679034090347f,0.5034635009749602f,-0.05203320630827352f,0.8773321273433038f,0.47705438240577314f,3.745771319343193f,0.06477422995976327f,0.47966056954886355f,-0.8750600191719304f,3.746938557814193f,0f,0f,0f,1f], start_interpolation: 0, interpolation_duration: 1 }
$data merge entity $(bone_right_head_scales) { transformation: [-0.921708881407845f,-0.014631348240430449f,0.38760632293935404f,-0.8411763223355659f,0.1741251818331253f,0.8773321273433038f,0.4471786660640845f,3.774176954049309f,-0.3466023066649737f,0.47966056954886355f,-0.8060971275439326f,3.8881000840276627f,0f,0f,0f,1f], start_interpolation: 0, interpolation_duration: 1 }
$data merge entity $(bone_right_head_scales2) { transformation: [-0.8632307567407213f,-0.014631348240430449f,0.5045974477397894f,-0.8142534105045094f,0.23100404528761936f,0.8773321273433038f,0.42062509363092976f,2.9055857058844308f,-0.4488538645011285f,0.47966056954886355f,-0.7539601755679554f,3.604565054068877f,0f,0f,0f,1f], start_interpolation: 0, interpolation_duration: 1 }
$data merge entity $(bone_right_head_scales1) { transformation: [-0.9965424449437168f,-0.014631348240430449f,-0.08178679034090347f,-0.8395331533437207f,-0.05203320630827352f,0.8773321273433038f,0.47705438240577314f,3.675648443654309f,0.06477422995976327f,0.47966056954886355f,-0.8750600191719304f,3.8342319536584055f,0f,0f,0f,1f], start_interpolation: 0, interpolation_duration: 1 }
$data merge entity $(bone_head_left_fin1) { transformation: [-0.43673753058509523f,0.10114628281151586f,-0.9474729320022921f,0.5027366288802193f,-0.20662044132643825f,1.007403166736544f,0.20278572656975652f,3.4164711317141974f,0.9301846701755916f,0.2712627640273707f,-0.39981019277618457f,3.4712285492845547f,0f,0f,0f,1f], start_interpolation: 0, interpolation_duration: 1 }
$data merge entity $(bone_head_right_fin1) { transformation: [-0.5722230416499144f,-0.16920401124321835f,0.8617458971235658f,-0.8402600254384616f,0.15393883817105725f,0.9932871672651449f,0.29725180482900787f,3.3463482560253133f,-0.8646032747640033f,0.28883525399570315f,-0.5174075485937291f,3.558521945128767f,0f,0f,0f,1f], start_interpolation: 0, interpolation_duration: 1 }
$data merge entity $(bone_right_whisker16) { transformation: [-0.17004353828369892f,-0.2516837723778666f,0.9527541518196642f,-1.3216819138531715f,0.9524690725654875f,-0.2899659144116479f,0.09339397349753004f,2.3744397041604683f,0.2527604812746661f,0.9233499050744871f,0.28902783932475407f,1.5246579440580585f,0f,0f,0f,1f], start_interpolation: 0, interpolation_duration: 1 }
$data merge entity $(bone_right_whisker15) { transformation: [0.3217534248664203f,-0.2293900653174838f,0.9186157692530488f,-1.4300851673482056f,0.534287953982339f,0.8449657411137719f,0.023859559371875505f,2.1944305790394654f,-0.7816720001484608f,0.4831284449064194f,0.3944309697605023f,1.788014233170577f,0f,0f,0f,1f], start_interpolation: 0, interpolation_duration: 1 }
$data merge entity $(bone_right_whisker14) { transformation: [0.6027991082324163f,-0.28723277351138715f,0.744399468655883f,-1.6331766637741658f,-0.0771943290985924f,0.9075855925976868f,0.4127098589373941f,2.220438434058034f,-0.7941500303275337f,-0.3062445524904268f,0.5249190446161349f,2.0555745461227244f,0f,0f,0f,1f], start_interpolation: 0, interpolation_duration: 1 }
$data merge entity $(bone_right_whisker13) { transformation: [0.09069955145435238f,-0.414154980602753f,0.9056761250071207f,-1.6637346181215795f,0.3455218112044916f,0.8660204517480063f,0.361418393466833f,2.104027276962771f,-0.9340172746517845f,0.28015036890233147f,0.2216472455410638f,2.3702581005708354f,0f,0f,0f,1f], start_interpolation: 0, interpolation_duration: 1 }
$data merge entity $(bone_right_whisker12) { transformation: [-0.5144571968221398f,-0.3581572980149383f,0.7791387184042042f,-1.4326307992366338f,-0.24721942007277325f,0.9319684529992256f,0.265174208687632f,2.2150828758235868f,-0.8211067841497768f,-0.05619744204916278f,-0.568001317366732f,2.739114663763118f,0f,0f,0f,1f], start_interpolation: 0, interpolation_duration: 1 }
$data merge entity $(bone_right_whisker11) { transformation: [-0.9218251781139756f,-0.2383185685953249f,0.3056838249855781f,-1.0185296450057462f,-0.1845724337299399f,0.9633851624574218f,0.19447890750385702f,2.297996273788208f,-0.3408391962526388f,0.12285474601968929f,-0.9320597371833486f,2.892226021454733f,0f,0f,0f,1f], start_interpolation: 0, interpolation_duration: 1 }
$data merge entity $(bone_right_whisker10) { transformation: [-0.5105729033169606f,-0.6055701199323131f,0.610409813357923f,-0.7891707235938304f,-0.41971958679792176f,0.7951198011957616f,0.437744183518861f,2.486542181920087f,-0.7504337271582825f,-0.03270063595064654f,-0.6601362658964827f,3.2293349223266175f,0f,0f,0f,1f], start_interpolation: 0, interpolation_duration: 1 }
$data merge entity $(bone_right_whisker1) { transformation: [0.039233122004712885f,-0.6622853501674454f,0.7482238148384135f,-0.806794977619385f,-0.5841882085309538f,0.5922945767819897f,0.5548975322778418f,2.7489704787211013f,-0.8106694142196054f,-0.4588738925546192f,-0.36366172685699755f,3.593502823245581f,0f,0f,0f,1f], start_interpolation: 0, interpolation_duration: 1 }
$data merge entity $(bone_left_whisker16) { transformation: [-0.10155005218675087f,0.3974852967054193f,-0.9119720531923518f,0.8157322470556873f,-0.9666499891904203f,-0.2560703706022037f,-0.003970352353451667f,2.486042087546233f,-0.2351071783230549f,0.8811545858716595f,0.4102331172617782f,1.3857282305466747f,0f,0f,0f,1f], start_interpolation: 0, interpolation_duration: 1 }
$data merge entity $(bone_left_whisker15) { transformation: [0.47363465926281856f,0.2009666555900952f,-0.857486217315431f,0.9753064242487267f,-0.49275776880394817f,0.8674362742644204f,-0.06887736474064593f,2.320025065830059f,0.7299725959434019f,0.4551557024043459f,0.5098757650060037f,1.6316662633596373f,0f,0f,0f,1f], start_interpolation: 0, interpolation_duration: 1 }
$data merge entity $(bone_left_whisker14) { transformation: [0.6889963121160781f,0.14960819822989962f,-0.7091554617380081f,1.2074389708112723f,0.14464379696232427f,0.9303946927236777f,0.33681432236758446f,2.368757595080061f,0.7101846618244909f,-0.3346387646014971f,0.6193986142503203f,1.8709374629001148f,0f,0f,0f,1f], start_interpolation: 0, interpolation_duration: 1 }
$data merge entity $(bone_left_whisker13) { transformation: [0.24586235015452929f,0.3547925576096047f,-0.9020387718060281f,1.2902734540176322f,-0.3279486561916022f,0.9061700771844847f,0.26703084113560216f,2.2582670810311325f,0.9121410985580104f,0.23016957288117035f,0.33914684731113953f,2.178250625988507f,0f,0f,0f,1f], start_interpolation: 0, interpolation_duration: 1 }
$data merge entity $(bone_left_whisker12) { transformation: [-0.4269873972773183f,0.24930606994742363f,-0.8692112781445673f,1.0984627091469619f,0.19806307852291333f,0.9636863862496146f,0.1791076935343229f,2.3472407295863476f,0.8822997106949357f,-0.09568193374158498f,-0.46086026956454307f,2.5745961991522477f,0f,0f,0f,1f], start_interpolation: 0, interpolation_duration: 1 }
$data merge entity $(bone_left_whisker11) { transformation: [-0.8842370282615233f,0.15097948522947674f,-0.441961619251121f,0.7012468566076056f,0.09027117454451752f,0.9837118691148783f,0.15544154402496774f,2.3877922337762674f,0.4582313748507226f,0.09755077448362472f,-0.8834635552755197f,2.7804423245734706f,0f,0f,0f,1f], start_interpolation: 0, interpolation_duration: 1 }
$data merge entity $(bone_left_whisker10) { transformation: [-0.45017006660394476f,0.5105285918875208f,-0.7326032132055837f,0.4990220220003648f,0.3695556049055687f,0.8533954871208098f,0.3676204529738721f,2.553803540667441f,0.8128810282056527f,-0.10524589981173232f,-0.5728418058732616f,3.1456037239627284f,0f,0f,0f,1f], start_interpolation: 0, interpolation_duration: 1 }
$data merge entity $(bone_left_whisker1) { transformation: [0.08276514437327265f,0.5324759107582014f,-0.8423890641141396f,0.5362016766992959f,0.5905581940703615f,0.6546775284508354f,0.4718456878661274f,2.819093354409986f,0.8027396528721031f,-0.5365321408860141f,-0.2602735320831635f,3.5062094274013687f,0f,0f,0f,1f], start_interpolation: 0, interpolation_duration: 1 }
$data merge entity $(bone_upper_left_tooth1) { transformation: [-0.9965424449437168f,-0.021703860002159243f,-0.08020036088825487f,0.24113974432574278f,-0.05203320630827352f,0.9155716427545518f,0.39877451325907465f,2.7213201935540963f,0.06477422995976327f,0.4015688103485352f,-0.9135353248169342f,4.522993467031444f,0f,0f,0f,1f], start_interpolation: 0, interpolation_duration: 1 }
$data merge entity $(bone_upper_right_tooth1) { transformation: [-0.9965424449437168f,-0.021703860002159243f,-0.08020036088825487f,-0.4303585828335975f,-0.05203320630827352f,0.9155716427545518f,0.39877451325907465f,2.686258755709654f,0.06477422995976327f,0.4015688103485352f,-0.9135353248169342f,4.566640164953551f,0f,0f,0f,1f], start_interpolation: 0, interpolation_duration: 1 }
$data merge entity $(bone_top_lip1) { transformation: [-0.9965424449437168f,-0.047825096012370755f,-0.06794053000240113f,-0.06931115389310853f,-0.05203320630827352f,0.9967448326767767f,0.06158152298721509f,2.8183556725205796f,0.06477422995976327f,0.06490376509534534f,-0.9957870256282553f,4.592606046032371f,0f,0f,0f,1f], start_interpolation: 0, interpolation_duration: 1 }
$data merge entity $(bone_muzzle1) { transformation: [-0.9965424449437168f,-0.021703860002159243f,-0.08020036088825487f,-0.11800170405045132f,-0.05203320630827352f,0.9155716427545518f,0.39877451325907465f,3.196511388828322f,0.06477422995976327f,0.4015688103485352f,-0.9135353248169342f,4.147281639797395f,0f,0f,0f,1f], start_interpolation: 0, interpolation_duration: 1 }
$data merge entity $(bone_jaw_right_tooth1) { transformation: [-0.9965424449437168f,-0.06817791962024548f,-0.047486068502825024f,-0.4301507356492928f,-0.05203320630827352f,0.9576958853911525f,-0.2830391078033872f,2.7142329421246383f,0.06477422995976327f,-0.2795896321058994f,-0.9579321148975053f,4.592309557786033f,0f,0f,0f,1f], start_interpolation: 0, interpolation_duration: 1 }
$data merge entity $(bone_jaw_left_tooth1) { transformation: [-0.9965424449437168f,-0.06817791962024548f,-0.047486068502825024f,0.2973057854399926f,-0.05203320630827352f,0.9576958853911525f,-0.2830391078033872f,2.7522161664561176f,0.06477422995976327f,-0.2795896321058994f,-0.9579321148975053f,4.545025635037084f,0f,0f,0f,1f], start_interpolation: 0, interpolation_duration: 1 }
$data merge entity $(bone_tongue1) { transformation: [-0.9965424449437168f,-0.04172169972822361f,-0.07185022753887138f,-0.12381262519548172f,-0.05203320630827352f,0.9875847342874665f,0.14821922292211323f,2.844235259742355f,0.06477422995976327f,0.1514453445112869f,-0.9863410195054129f,3.7748976518682857f,0f,0f,0f,1f], start_interpolation: 0, interpolation_duration: 1 }
$data merge entity $(bone_jaw_lips1) { transformation: [-0.9965424449437168f,-0.04172169972822361f,-0.07185022753887138f,0.0020868663626212106f,-0.05203320630827352f,0.9875847342874665f,0.14821922292211323f,2.5864447388400564f,0.06477422995976327f,0.1514453445112869f,-0.9863410195054129f,4.637867015777037f,0f,0f,0f,1f], start_interpolation: 0, interpolation_duration: 1 }
$data merge entity $(bone_jaw3) { transformation: [-0.9965424449437168f,-0.05889627456617831f,-0.058603619920828985f,-0.04560405646159822f,-0.05203320630827352f,0.99229555823963f,-0.11243696251314289f,2.401847216794134f,0.06477422995976327f,-0.10899887127914032f,-0.9919292037202014f,3.7558614741137815f,0f,0f,0f,1f], start_interpolation: 0, interpolation_duration: 1 }
$data merge entity $(bone_jaw1) { transformation: [-0.9965424449437168f,-0.0002069380842722457f,-0.08308497218046669f,-0.12025071115498628f,-0.05203320630827352f,0.781163856821594f,0.6221539795234721f,2.9608136827722533f,0.06477422995976327f,0.6243260253843671f,-0.7784737074306864f,3.0564515025940238f,0f,0f,0f,1f], start_interpolation: 0, interpolation_duration: 1 }
$data merge entity $(bone_tear_right1) { transformation: [-0.9965424449437168f,-0.014631348240430449f,-0.08178679034090347f,-0.7286828069482982f,-0.05203320630827352f,0.8773321273433038f,0.47705438240577314f,3.2463656159677754f,0.06477422995976327f,0.47966056954886355f,-0.8750600191719304f,4.15453372791381f,0f,0f,0f,1f], start_interpolation: 0, interpolation_duration: 1 }
$data merge entity $(bone_right_pupil1) { transformation: [-0.9965424449437168f,-0.014631348240430449f,-0.08178679034090347f,-0.540153270145248f,-0.05203320630827352f,0.8773321273433038f,0.47705438240577314f,3.322390737068612f,0.06477422995976327f,0.47966056954886355f,-0.8750600191719304f,4.255363044830836f,0f,0f,0f,1f], start_interpolation: 0, interpolation_duration: 1 }
$data merge entity $(bone_right_sad_pupil1) { transformation: [-0.9965424449437168f,-0.014631348240430449f,-0.08178679034090347f,-0.5410717741383344f,-0.05203320630827352f,0.8773321273433038f,0.47705438240577314f,3.3277482814022705f,0.06477422995976327f,0.47966056954886355f,-0.8750600191719304f,4.2455357106311515f,0f,0f,0f,1f], start_interpolation: 0, interpolation_duration: 1 }
$data merge entity $(bone_right_happy_pupil1) { transformation: [-0.9965424449437168f,-0.014631348240430449f,-0.08178679034090347f,-0.5686397259810452f,-0.05203320630827352f,0.8773321273433038f,0.47705438240577314f,3.301655594550669f,0.06477422995976327f,0.47966056954886355f,-0.8750600191719304f,4.233887439552037f,0f,0f,0f,1f], start_interpolation: 0, interpolation_duration: 1 }
$data merge entity $(bone_eyelid_right1) { transformation: [-0.9965424449437168f,-0.014631348240430449f,-0.08178679034090347f,-0.15529693790370983f,-0.05203320630827352f,0.8773321273433038f,0.47705438240577314f,3.568859017537317f,0.06477422995976327f,0.47966056954886355f,-0.8750600191719304f,3.6992282810173602f,0f,0f,0f,1f], start_interpolation: 0, interpolation_duration: 1 }
$data merge entity $(bone_eyelid_expressions_right5) { transformation: [-0.9965424449437168f,-0.014631348240430449f,-0.08178679034090347f,-0.671418431036612f,-0.05203320630827352f,0.8773321273433038f,0.47705438240577314f,3.4195567015765196f,0.06477422995976327f,0.47966056954886355f,-0.8750600191719304f,4.307769434823907f,0f,0f,0f,1f], start_interpolation: 0, interpolation_duration: 1 }
$data merge entity $(bone_eyelid_expressions_right7) { transformation: [-0.9965424449437168f,-0.014631348240430449f,-0.08178679034090347f,-0.3356692674569418f,-0.05203320630827352f,0.8773321273433038f,0.47705438240577314f,3.4370874204987403f,0.06477422995976327f,0.47966056954886355f,-0.8750600191719304f,4.285946085862853f,0f,0f,0f,1f], start_interpolation: 0, interpolation_duration: 1 }
$data merge entity $(bone_eyelid_expressions_right6) { transformation: [-0.9965424449437168f,-0.014631348240430449f,-0.08178679034090347f,-0.4475856553168319f,-0.05203320630827352f,0.8773321273433038f,0.47705438240577314f,3.4312438475246667f,0.06477422995976327f,0.47966056954886355f,-0.8750600191719304f,4.293220535516538f,0f,0f,0f,1f], start_interpolation: 0, interpolation_duration: 1 }
$data merge entity $(bone_right_eye1) { transformation: [-0.9965424449437168f,-0.014631348240430449f,-0.08178679034090347f,-0.1655700726966125f,-0.05203320630827352f,0.8773321273433038f,0.47705438240577314f,3.5629171159062514f,0.06477422995976327f,0.47966056954886355f,-0.8750600191719304f,3.7097830601824135f,0f,0f,0f,1f], start_interpolation: 0, interpolation_duration: 1 }
$data merge entity $(bone_tear_left1) { transformation: [-0.9965424449437168f,-0.014631348240430449f,-0.08178679034090347f,0.4800141819385144f,-0.05203320630827352f,0.8773321273433038f,0.47705438240577314f,3.3094762040877717f,0.06477422995976327f,0.47966056954886355f,-0.8750600191719304f,4.075969671654019f,0f,0f,0f,1f], start_interpolation: 0, interpolation_duration: 1 }
$data merge entity $(bone_left_sad_pupil1) { transformation: [-0.9965424449437168f,-0.014631348240430449f,-0.08178679034090347f,0.2983011348108411f,-0.05203320630827352f,0.8773321273433038f,0.47705438240577314f,3.3715750787078234f,0.06477422995976327f,0.47966056954886355f,-0.8750600191719304f,4.190977338228518f,0f,0f,0f,1f], start_interpolation: 0, interpolation_duration: 1 }
$data merge entity $(bone_left_pupil1) { transformation: [-0.9965424449437168f,-0.014631348240430449f,-0.08178679034090347f,0.29921963880392743f,-0.05203320630827352f,0.8773321273433038f,0.47705438240577314f,3.3662175343741647f,0.06477422995976327f,0.47966056954886355f,-0.8750600191719304f,4.2008046724282035f,0f,0f,0f,1f], start_interpolation: 0, interpolation_duration: 1 }
$data merge entity $(bone_eyelid_left1) { transformation: [-0.9965424449437168f,-0.014631348240430449f,-0.08178679034090347f,-0.17768021547568782f,-0.05203320630827352f,0.8773321273433038f,0.47705438240577314f,3.5676903029425024f,0.06477422995976327f,0.47966056954886355f,-0.8750600191719304f,3.700683170948097f,0f,0f,0f,1f], start_interpolation: 0, interpolation_duration: 1 }
$data merge entity $(bone_left_happy_pupil1) { transformation: [-0.9965424449437168f,-0.014631348240430449f,-0.08178679034090347f,0.32669137689807526f,-0.05203320630827352f,0.8773321273433038f,0.47705438240577314f,3.3484041783432583f,0.06477422995976327f,0.47966056954886355f,-0.8750600191719304f,4.1756918423225615f,0f,0f,0f,1f], start_interpolation: 0, interpolation_duration: 1 }
$data merge entity $(bone_eyelid_expressions_left5) { transformation: [-0.9965424449437168f,-0.014631348240430449f,-0.08178679034090347f,0.4253621699903107f,-0.05203320630827352f,0.8773321273433038f,0.47705438240577314f,3.476823716722442f,0.06477422995976327f,0.47966056954886355f,-0.8750600191719304f,4.236479828217799f,0f,0f,0f,1f], start_interpolation: 0, interpolation_duration: 1 }
$data merge entity $(bone_eyelid_expressions_left7) { transformation: [-0.9965424449437168f,-0.014631348240430449f,-0.08178679034090347f,0.08961300641064042f,-0.05203320630827352f,0.8773321273433038f,0.47705438240577314f,3.4592929978002207f,0.06477422995976327f,0.47966056954886355f,-0.8750600191719304f,4.2583031771788535f,0f,0f,0f,1f], start_interpolation: 0, interpolation_duration: 1 }
$data merge entity $(bone_eyelid_expressions_left6) { transformation: [-0.9965424449437168f,-0.014631348240430449f,-0.08178679034090347f,0.20152939427053052f,-0.05203320630827352f,0.8773321273433038f,0.47705438240577314f,3.4651365707742943f,0.06477422995976327f,0.47966056954886355f,-0.8750600191719304f,4.251028727525169f,0f,0f,0f,1f], start_interpolation: 0, interpolation_duration: 1 }
$data merge entity $(bone_left_eye1) { transformation: [-0.9965424449437168f,-0.014631348240430449f,-0.08178679034090347f,-0.1655700726966125f,-0.05203320630827352f,0.8773321273433038f,0.47705438240577314f,3.5629171159062514f,0.06477422995976327f,0.47966056954886355f,-0.8750600191719304f,3.7097830601824135f,0f,0f,0f,1f], start_interpolation: 0, interpolation_duration: 1 }
$data merge entity $(bone_crest_middle5) { transformation: [-0.9965424449437168f,-0.03198642819253522f,-0.07668131348042649f,-0.1468527911987383f,-0.05203320630827352f,0.95978931919869f,0.2758568617841429f,4.551202372447367f,0.06477422995976327f,0.27889304610118704f,-0.9581351512023346f,4.7916363860367f,0f,0f,0f,1f], start_interpolation: 0, interpolation_duration: 1 }
$data merge entity $(bone_crest_middle4) { transformation: [-0.9965424449437168f,-0.03198642819253522f,-0.07668131348042649f,-0.12529943626431514f,-0.05203320630827352f,0.95978931919869f,0.2758568617841429f,3.904469335096687f,0.06477422995976327f,0.27889304610118704f,-0.9581351512023346f,4.6037104077067985f,0f,0f,0f,1f], start_interpolation: 0, interpolation_duration: 1 }
$data merge entity $(bone_crest_middle1) { transformation: [-0.9965424449437168f,-0.03198642819253522f,-0.07668131348042649f,-0.10267563929551912f,-0.05203320630827352f,0.95978931919869f,0.2758568617841429f,3.396184443954568f,0.06477422995976327f,0.27889304610118704f,-0.9581351512023346f,4.5434685698431f,0f,0f,0f,1f], start_interpolation: 0, interpolation_duration: 1 }
$data merge entity $(bone_crest_left5) { transformation: [-0.5231019114225568f,-0.8517544706014069f,0.02964307805517301f,-1.2300721245719288f,-0.7678918327086286f,0.48611656754307225f,0.4171724056304842f,3.883952461651907f,-0.36973845286290036f,0.19546100524314072f,-0.9083438071038352f,4.642058790564921f,0f,0f,0f,1f], start_interpolation: 0, interpolation_duration: 1 }
$data merge entity $(bone_crest_left4) { transformation: [-0.5231019114225568f,-0.8517544706014069f,0.02964307805517301f,-0.7517920263338341f,-0.7678918327086286f,0.48611656754307225f,0.4171724056304842f,3.6109866156194204f,-0.36973845286290036f,0.19546100524314072f,-0.9083438071038352f,4.532302855003587f,0f,0f,0f,1f], start_interpolation: 0, interpolation_duration: 1 }
$data merge entity $(bone_crest_left1) { transformation: [-0.5231019114225568f,-0.8517544706014069f,0.02964307805517301f,-0.2240193899631686f,-0.7678918327086286f,0.48611656754307225f,0.4171724056304842f,3.3341493933076625f,-0.36973845286290036f,0.19546100524314072f,-0.9083438071038352f,4.360565692186441f,0f,0f,0f,1f], start_interpolation: 0, interpolation_duration: 1 }
$data merge entity $(bone_crest_center1) { transformation: [-0.9965424449437168f,-0.014631348240430449f,-0.08178679034090347f,-0.11169221511345805f,-0.05203320630827352f,0.8773321273433038f,0.47705438240577314f,3.3153611539742194f,0.06477422995976327f,0.47966056954886355f,-0.8750600191719304f,4.33982438231846f,0f,0f,0f,1f], start_interpolation: 0, interpolation_duration: 1 }
$data merge entity $(bone_crest_right5) { transformation: [-0.5477818193159336f,0.8148155096449601f,-0.18976502224843816f,0.9712989489163515f,0.7119769899676989f,0.5731344161548614f,0.40571628852606023f,3.99889427452607f,0.43934478963959617f,0.08713567731331712f,-0.8940825071299003f,4.498971943773408f,0f,0f,0f,1f], start_interpolation: 0, interpolation_duration: 1 }
$data merge entity $(bone_crest_right4) { transformation: [-0.5477818193159336f,0.8148155096449601f,-0.18976502224843816f,0.5137609430121991f,0.7119769899676989f,0.5731344161548614f,0.40571628852606023f,3.6770658670172365f,0.43934478963959617f,0.08713567731331712f,-0.8940825071299003f,4.450043218719543f,0f,0f,0f,1f], start_interpolation: 0, interpolation_duration: 1 }
$data merge entity $(bone_crest_right1) { transformation: [-0.5477818193159336f,0.8148155096449601f,-0.18976502224843816f,-0.0001866142433885054f,0.7119769899676989f,0.5731344161548614f,0.40571628852606023f,3.34583653925581f,0.43934478963959617f,0.08713567731331712f,-0.8940825071299003f,4.346016792879072f,0f,0f,0f,1f], start_interpolation: 0, interpolation_duration: 1 }
$data merge entity $(bone_head1) { transformation: [-1.0445529533589735f,-0.015336243923888679f,-0.08572703935472299f,-0.21526620782043737f,-0.05454001442468771f,0.9195994303533322f,0.5000374711414677f,3.8083177990599735f,0.06789486343438725f,0.5027692167797331f,-0.9172178586372444f,3.142345614015123f,0f,0f,0f,1f], start_interpolation: 0, interpolation_duration: 1 }
$data merge entity $(bone_neck10) { transformation: [-1.496182465957695f,-0.059529701337658905f,-0.00940876737028966f,-0.20411104417047107f,-0.06025354502822205f,1.4722340325931713f,0.2666284779801454f,3.5566203798428755f,-0.0013492799231866227f,0.26679102236980523f,-1.4734364633436319f,2.0124848271718436f,0f,0f,0f,1f], start_interpolation: 0, interpolation_duration: 1 }
$data merge entity $(bone_neck9) { transformation: [-1.1445795864576374f,-0.022012805410652835f,-0.04051117328532441f,-0.18022152404771985f,-0.04609396194658989f,0.5238021554191964f,1.017690914349149f,2.989373972474926f,-0.001032199141237767f,1.0184963853027134f,-0.5242634797396974f,0.8529966049895594f,0f,0f,0f,1f], start_interpolation: 0, interpolation_duration: 1 }
$data merge entity $(bone_neck8) { transformation: [-1.0622895508299635f,-0.012629773119155384f,-0.04088442766325344f,-0.16970666868148576f,-0.04278001697003766f,0.2907170878753224f,1.0217355736012395f,2.7515981399381366f,-0.0009579887454625022f,1.0225527864346022f,-0.2909897225149247f,-0.18852589491038918f,0f,0f,0f,1f], start_interpolation: 0, interpolation_duration: 1 }
$data merge entity $(bone_neck7) { transformation: [-1.053365155493465f,0.05574248948182446f,-0.041728130950244066f,-0.22604216337056368f,-0.03179594924779218f,0.1777612666861752f,1.0401041113905676f,2.5719457959467893f,0.061947394276626794f,1.0390959146231395f,-0.17569522876231158f,-1.2386760213912218f,0f,0f,0f,1f], start_interpolation: 0, interpolation_duration: 1 }
$data merge entity $(bone_neck6) { transformation: [-1.0239563532894405f,0.20910733298173895f,-0.09800011257783216f,-0.419514475707804f,-0.11846264803322429f,-0.0932482485783541f,1.0387915466405366f,2.673034321121773f,0.1982334477149607f,1.0244000193499347f,0.11456270238042703f,-2.1776295187493115f,0f,0f,0f,1f], start_interpolation: 0, interpolation_duration: 1 }
$data merge entity $(bone_neck_spine6) { transformation: [-1.2662610237150167f,-0.1286609858698117f,0.00383914729017052f,-0.8964682007557584f,-0.04296533940592456f,0.45826671277725106f,1.1866469433183466f,3.2749705858942204f,-0.12133576532350722f,1.1804335386594413f,-0.46026042777759896f,-6.042588825726342f,0f,0f,0f,1f], start_interpolation: 0, interpolation_duration: 1 }
$data merge entity $(bone_neck_spine7) { transformation: [-0.9575437018589801f,-0.2869002218947374f,-0.028254587361190395f,-0.3061118197429008f,-0.0578834207921895f,0.09532081196228784f,0.9937622715741647f,2.784456485198728f,-0.28241736601631817f,0.9532062764604526f,-0.10788060941987856f,-9.262009560642039f,0f,0f,0f,1f], start_interpolation: 0, interpolation_duration: 1 }
$data merge entity $(bone_tail6) { transformation: [-1.6821987147038255f,-0.13859434105257917f,-0.34102936882932045f,0.32675402811884185f,-0.2757974521787563f,-0.5821029156826094f,1.5969952718942648f,4.039291434006697f,-0.24381383707170898f,1.614698034218514f,0.5464494566475147f,-12.715062966507233f,0f,0f,0f,1f], start_interpolation: 0, interpolation_duration: 1 }
$data merge entity $(bone_tail5) { transformation: [-1.3896424164944645f,-0.06383145261380785f,-0.2973211044585816f,0.28643942646801585f,-0.22783267788679867f,-0.7026487338837122f,1.2157126991515639f,3.5955132862906685f,-0.20141143062445524f,1.2352289834879453f,0.6761827661106005f,-11.934918345356952f,0f,0f,0f,1f], start_interpolation: 0, interpolation_duration: 1 }
$data merge entity $(bone_tail4) { transformation: [-1.0283956034824178f,-0.021116564878191767f,-0.20157324090997855f,0.27738947009164794f,-0.159933011484697f,-0.5557960969861725f,0.8741780873698138f,3.35731495901088f,-0.1244954320472959f,0.88843682233902f,0.5420849547226663f,-11.554159707211657f,0f,0f,0f,1f], start_interpolation: 0, interpolation_duration: 1 }
$data merge entity $(bone_segment18) { transformation: [-0.9701044679321381f,-0.14803650492271486f,-0.19230838387436464f,0.19426350297195943f,-0.08206515442659683f,-0.545629779950138f,0.8339984734161703f,3.0509310493709103f,-0.22839140029134583f,0.8248474625297885f,0.5171692487292021f,-11.090988524638778f,0f,0f,0f,1f], start_interpolation: 0, interpolation_duration: 1 }
$data merge entity $(bone_segment17) { transformation: [-0.9645454859105655f,-0.19806601309641883f,-0.17441863451374717f,0.049679181888391793f,-0.06844389540427623f,-0.4505439264269891f,0.8901267345393239f,2.722042782765271f,-0.2548871098965959f,0.870505614465433f,0.4210137009560611f,-10.455536428141794f,0f,0f,0f,1f], start_interpolation: 0, interpolation_duration: 1 }
$data merge entity $(bone_segment16) { transformation: [-0.9575437018589801f,-0.24557291200266426f,-0.15100994642980414f,-0.1847422258094642f,-0.05788342079218953f,-0.34937684746293185f,0.9351926689480928f,2.388531192535763f,-0.282417366016318f,0.9042288224489391f,0.3203289996628625f,-9.592368777806014f,0f,0f,0f,1f], start_interpolation: 0, interpolation_duration: 1 }
$data merge entity $(bone_segment15) { transformation: [-0.9575437018589801f,-0.2698115085756022f,-0.10154707711381175f,-0.5029037459315733f,-0.0578834207921895f,-0.16513176813051944f,0.9845714848356528f,2.1938079405654483f,-0.28241736601631817f,0.9486481165291197f,0.14250327146475927f,-8.473723659926216f,0f,0f,0f,1f], start_interpolation: 0, interpolation_duration: 1 }
$data merge entity $(bone_segment14) { transformation: [-1.0258939506275726f,-0.2101381878399184f,-0.04537336335647476f,-0.7393092072514814f,-0.05651460683990584f,0.05016908057704519f,1.0454493582153832f,2.250248156214624f,-0.20741962131065225f,1.0256706115467f,-0.060432568453909916f,-7.319844221936179f,0f,0f,0f,1f], start_interpolation: 0, interpolation_duration: 1 }
$data merge entity $(bone_segment13) { transformation: [-1.0204574132291606f,-0.10264765078585843f,-0.01495792087766271f,-0.8625265130496975f,-0.034625008815362734f,0.19763904673846605f,1.0058993626561425f,2.4607471955216003f,-0.0977823520548264f,1.0012471617016665f,-0.20009084095523003f,-6.10848573485591f,0f,0f,0f,1f], start_interpolation: 0, interpolation_duration: 1 }
$data merge entity $(bone_segment12) { transformation: [-1.1145590679476551f,0.044033570838917444f,-0.017117531554065687f,-0.8093315952577167f,-0.008536032114222832f,0.2098458399281653f,1.0956120393698967f,2.7142522370455584f,0.046466131785154574f,1.094760087551466f,-0.20932064038911177f,-4.785956770028636f,0f,0f,0f,1f], start_interpolation: 0, interpolation_duration: 1 }
$data merge entity $(bone_segment11) { transformation: [-1.1773538451544692f,0.1755041521513586f,-0.012611770651503129f,-0.60650834757211f,1.6683343580821007e-17f,0.08532454432447596f,1.1873679139243942f,2.8128584578958766f,0.1759567111005811f,1.174325702518173f,-0.08438732787103387f,-3.42883473100129f,0f,0f,0f,1f], start_interpolation: 0, interpolation_duration: 1 }
$data merge entity $(bone_segment10) { transformation: [-1.0366637630290925f,0.15411522059068217f,0.01587259367023777f,-0.4117491861936479f,0f,-0.10738554161696436f,1.0426617589020921f,2.692860381953079f,0.15493043744705268f,1.0312090196750077f,0.10620600415488897f,-2.125670753374325f,0f,0f,0f,1f], start_interpolation: 0, interpolation_duration: 1 }