# This file was generated by Animated Java via MC-Build. It is not recommended to edit this file directly.
$data merge entity $(bone_neck_spine5) { transformation: [-1.5716269817235484f,-0.03881386551242312f,-0.022389946832327864f,-0.07189035176277603f,-0.04255697667559562f,1.047031528267542f,1.1721489146463475f,3.637621239842661f,-0.014026033345310027f,1.1722788312574617f,-1.0476568177274834f,0.6063683784231528f,0f,0f,0f,1f], start_interpolation: 0, interpolation_duration: 1 }
$data merge entity $(bone_neck_spine2) { transformation: [-1.4967876016414743f,-0.04121679118423079f,0.011060442164144538f,-0.2266797310939557f,-0.04053045397675772f,1.4944738474866444f,0.08425843081218157f,4.488383530728816f,-0.013358126995533355f,0.08392482938301829f,-1.4949824297095367f,2.7803610988228655f,0f,0f,0f,1f], start_interpolation: 0, interpolation_duration: 1 }
$data merge entity $(bone_scale_neck_left1) { transformation: [-1.6024094669725977f,0.37081847394021095f,0.08850220550314482f,0.5842042607999792f,0.3756426240264091f,1.470529134689379f,0.6399154349458467f,3.611576098301246f,0.0650507494870093f,0.6427229607319399f,-1.5151668807681942f,2.7031268977905287f,0f,0f,0f,1f], start_interpolation: 0, interpolation_duration: 1 }
$data merge entity $(bone_scale_neck_right1) { transformation: [-1.5783192949959042f,-0.461252939381261f,-0.09596358576799312f,-0.9874227209235685f,-0.4617713309706247f,1.4479980607507537f,0.63492041611004f,3.569019121625651f,-0.093437261169846f,0.6352971138072916f,-1.5168131513969922f,2.689100864445219f,0f,0f,0f,1f], start_interpolation: 0, interpolation_duration: 1 }
$data merge entity $(bone_blush_right1) { transformation: [-0.9986489279840703f,-0.013882042769699739f,-0.05007601746152585f,-0.8151583855117177f,-0.035848278761919566f,0.8816755451519073f,0.4704924377616444f,2.8866868539808657f,0.03761940385059983f,0.4716519076285255f,-0.8809819853347162f,3.8816321366844533f,0f,0f,0f,1f], start_interpolation: 0, interpolation_duration: 1 }
$data merge entity $(bone_blush_left1) { transformation: [-0.9986489279840703f,-0.013882042769699739f,-0.05007601746152585f,0.5082464926859225f,-0.035848278761919566f,0.8816755451519073f,0.4704924377616444f,2.934192824957355f,0.03761940385059983f,0.4716519076285255f,-0.8809819853347162f,3.831779079042594f,0f,0f,0f,1f], start_interpolation: 0, interpolation_duration: 1 }
$data merge entity $(bone_left_head_scales) { transformation: [-0.8626898860444953f,-0.013882042769699739f,-0.505542727576093f,0.48964496795272144f,-0.24904704228662522f,0.8816755451519073f,0.4007789962178296f,3.7631361173459044f,0.44016102876654073f,0.4716519076285255f,-0.7640698572680074f,3.8293688531742514f,0f,0f,0f,1f], start_interpolation: 0, interpolation_duration: 1 }
$data merge entity $(bone_left_head_scales2) { transformation: [-0.7893228872429267f,-0.013882042769699739f,-0.6138213653523557f,0.5105527729920154f,-0.2992285666135084f,0.8816755451519073f,0.3648431142333815f,2.891747985457586f,0.536126519206908f,0.4716519076285255f,-0.7000805906704295f,3.5540267022484655f,0f,0f,0f,1f], start_interpolation: 0, interpolation_duration: 1 }
$data merge entity $(bone_left_head_scales1) { transformation: [-0.9986489279840703f,-0.013882042769699739f,-0.05007601746152585f,0.4912039864278342f,-0.035848278761919566f,0.8816755451519073f,0.4704924377616444f,3.6641198207712273f,0.03761940385059983f,0.4716519076285255f,-0.8809819853347162f,3.776400133079251f,0f,0f,0f,1f], start_interpolation: 0, interpolation_duration: 1 }
$data merge entity $(bone_right_head_scales) { transformation: [-0.908934949282881f,-0.013882042769699739f,0.41670678763450253f,-0.856190501400811f,0.1854514190613944f,0.8816755451519073f,0.4338847822281881f,3.7148249604206613f,-0.37342339126016366f,0.4716519076285255f,-0.7988112723854937f,3.8800668778947864f,0f,0f,0f,1f], start_interpolation: 0, interpolation_duration: 1 }
$data merge entity $(bone_right_head_scales2) { transformation: [-0.8467677345273962f,-0.013882042769699739f,0.5317816212054354f,-0.8352826963615171f,0.24049818494937225f,0.8816755451519073f,0.405966570196543f,2.843436828532343f,-0.47449449606860394f,0.4716519076285255f,-0.7432357978669852f,3.6047247269690006f,0f,0f,0f,1f], start_interpolation: 0, interpolation_duration: 1 }
$data merge entity $(bone_right_head_scales1) { transformation: [-0.9986489279840703f,-0.013882042769699739f,-0.05007601746152585f,-0.8546314829256982f,-0.035848278761919566f,0.8816755451519073f,0.4704924377616444f,3.6158086638459843f,0.03761940385059983f,0.4716519076285255f,-0.8809819853347162f,3.827098157799786f,0f,0f,0f,1f], start_interpolation: 0, interpolation_duration: 1 }
$data merge entity $(bone_head_left_fin1) { transformation: [-0.46540517142910975f,0.10964086488436982f,-0.9327658361987867f,0.4928324900975208f,-0.19149519137015011f,1.0080636391129227f,0.21403852271423984f,3.3324377360305686f,0.9194578925183707f,0.2654463755092388f,-0.42756356678259844f,3.503564113908696f,0f,0f,0f,1f], start_interpolation: 0, interpolation_duration: 1 }
$data merge entity $(bone_head_right_fin1) { transformation: [-0.5456881331792998f,-0.16128089334860427f,0.8802773044746411f,-0.8530029792560117f,0.15520019958451745f,0.9983384209309831f,0.2791209296472235f,3.2841265791053256f,-0.8813697052777513f,0.2756520791847585f,-0.49586144424113354f,3.5542621386292312f,0f,0f,0f,1f], start_interpolation: 0, interpolation_duration: 1 }
$data merge entity $(bone_right_whisker16) { transformation: [-0.1617758007532892f,-0.2815815417645945f,0.9458014726294867f,-1.293646003182705f,0.957219958411909f,-0.2777849896366778f,0.08102746911050847f,2.3018643197973807f,0.2399136125953166f,0.9184483299946846f,0.3144743608331838f,1.5161329420157916f,0f,0f,0f,1f], start_interpolation: 0, interpolation_duration: 1 }
$data merge entity $(bone_right_whisker15) { transformation: [0.3515994226175539f,-0.22914215749354866f,0.907673794749085f,-1.4121047930294395f,0.5222276904411383f,0.8527074010588681f,0.012974109447104032f,2.1259184670608646f,-0.7769530779599997f,0.46945070011517986f,0.4194758095645684f,1.7778993598831743f,0f,0f,0f,1f], start_interpolation: 0, interpolation_duration: 1 }
$data merge entity $(bone_right_whisker14) { transformation: [0.6231272019715207f,-0.26423213804749685f,0.7361344085056694f,-1.6220451100999222f,-0.09366630362009953f,0.909217927892314f,0.4056468700302695f,2.157475961932871f,-0.7764915413121322f,-0.3217205881227613f,0.5418087757213366f,2.039510279563531f,0f,0f,0f,1f], start_interpolation: 0, interpolation_duration: 1 }
$data merge entity $(bone_right_whisker13) { transformation: [0.12185534010200871f,-0.4078919073730277f,0.9048621265077993f,-1.6630998877710093f,0.3357575721214836f,0.8748501590068298f,0.3491476078234127f,2.044354514294285f,-0.934033258964428f,0.26126881020381676f,0.24355796017164238f,2.354199219351351f,0f,0f,0f,1f], start_interpolation: 0, interpolation_duration: 1 }
$data merge entity $(bone_right_whisker12) { transformation: [-0.4955250693007831f,-0.3416160281915024f,0.7985946374582766f,-1.4405007355460482f,-0.24641148811383046f,0.9369260975903643f,0.2478928522156677f,2.15504717497042f,-0.8329083288213542f,-0.07394577024248129f,-0.548448483308382f,2.7283572576890687f,0f,0f,0f,1f], start_interpolation: 0, interpolation_duration: 1 }
$data merge entity $(bone_right_whisker11) { transformation: [-0.9149112343261447f,-0.22626705654595222f,0.3342763114937113f,-1.0295054545011002f,-0.17313514810565253f,0.9680504221780392f,0.1813907401477646f,2.232822729783506f,-0.36463907332353124f,0.10808144726524938f,-0.9248549869913689f,2.8921599664086237f,0f,0f,0f,1f], start_interpolation: 0, interpolation_duration: 1 }
$data merge entity $(bone_right_whisker10) { transformation: [-0.49632992411283894f,-0.5917257822364619f,0.6352300410613392f,-0.806544746403536f,-0.4183173918051201f,0.8041815682116853f,0.4222588839349102f,2.420738745633462f,-0.7607017589985611f,-0.056148054153652704f,-0.6466685626124509f,3.2338814597087584f,0f,0f,0f,1f], start_interpolation: 0, interpolation_duration: 1 }
$data merge entity $(bone_right_whisker1) { transformation: [0.052242141966592374f,-0.6399054266306972f,0.7666758138687615f,-0.8300128961150912f,-0.5919015743941758f,0.598495325205207f,0.5398665315957355f,2.686632031005846f,-0.8043154137727551f,-0.48200040526549226f,-0.34749435174037424f,3.595195024489488f,0f,0f,0f,1f], start_interpolation: 0, interpolation_duration: 1 }
$data merge entity $(bone_left_whisker16) { transformation: [-0.11039188196490897f,0.36895973543815896f,-0.9228663749544944f,0.8482862058063037f,-0.9669899012683671f,-0.25443265389805514f,0.013948314428138119f,2.3787527845674514f,-0.22966097457173568f,0.893942245481103f,0.3848676376404807f,1.4354457149707223f,0f,0f,0f,1f], start_interpolation: 0, interpolation_duration: 1 }
$data merge entity $(bone_left_whisker15) { transformation: [0.44546994615562396f,0.2021242478318825f,-0.872182501263641f,0.9983712950872512f,-0.4936154683441812f,0.8681884754239763f,-0.05091699669409194f,2.212446791814773f,0.7469272364048991f,0.45320476561857503f,0.4865235286573021f,1.6870960045797947f,0f,0f,0f,1f], start_interpolation: 0, interpolation_duration: 1 }
$data merge entity $(bone_left_whisker14) { transformation: [0.6713988046740016f,0.17353222446652947f,-0.7204930340773739f,1.2245749939276127f,0.14013561615865308f,0.9249322579833856f,0.35335863824956915f,2.2596604515557255f,0.7277263594003974f,-0.33821130261044396f,0.5966803672154718f,1.9322772487137174f,0f,0f,0f,1f], start_interpolation: 0, interpolation_duration: 1 }
$data merge entity $(bone_left_whisker13) { transformation: [0.21541798322439754f,0.3626810256796441f,-0.9066739028534428f,1.2971523417913013f,-0.3236505465444662f,0.9025112444357449f,0.2841193013304639f,2.150618031089084f,0.9213280719835912f,0.2322410973083876f,0.3117990642962139f,2.2426856323410016f,0f,0f,0f,1f], start_interpolation: 0, interpolation_duration: 1 }
$data merge entity $(bone_left_whisker12) { transformation: [-0.4479095424652231f,0.2671313907299942f,-0.8532396274524838f,1.095942977012002f,0.21254522539775944f,0.9587781684809312f,0.18859732449047686f,2.2460973315607338f,0.8684477928633418f,-0.09687746761249377f,-0.4862233924234622f,2.632808664291331f,0f,0f,0f,1f], start_interpolation: 0, interpolation_duration: 1 }
$data merge entity $(bone_left_whisker11) { transformation: [-0.8949686111542978f,0.16385389223147792f,-0.41494949939618236f,0.693906296220032f,0.10816629327762448f,0.9820545072280967f,0.15449594762180233f,2.2946876586190417f,0.4328177885058862f,0.09338547442496065f,-0.8966314265735384f,2.8272385302217096f,0f,0f,0f,1f], start_interpolation: 0, interpolation_duration: 1 }
$data merge entity $(bone_left_whisker10) { transformation: [-0.46644385621914886f,0.5267321296553182f,-0.7106218351445324f,0.48437097018408626f,0.3837569152503816f,0.8443306034586451f,0.37394713805653257f,2.467078460391674f,0.7969697353055016f,-0.09828069826742747f,-0.5959699198408804f,3.185252278503478f,0f,0f,0f,1f], start_interpolation: 0, interpolation_duration: 1 }
$data merge entity $(bone_left_whisker1) { transformation: [0.07001400332099873f,0.5573813106017349f,-0.8272992892121083f,0.5158225732384412f,0.5962901760877404f,0.6414740612870646f,0.482647961351885f,2.734943187931089f,0.799709988208362f,-0.5271025548105147f,-0.2874488327894369f,3.544496999768953f,0f,0f,0f,1f], start_interpolation: 0, interpolation_duration: 1 }
$data merge entity $(bone_upper_left_tooth1) { transformation: [-0.9986489279840703f,-0.018193629901561717f,-0.04867556334827379f,0.19136779235130935f,-0.035848278761919566f,0.9193266213877519f,0.39185898499024985f,2.650828068341653f,0.03761940385059983f,0.3930744904452411f,-0.9187367552324982f,4.553518634810621f,0f,0f,0f,1f], start_interpolation: 0, interpolation_duration: 1 }
$data merge entity $(bone_upper_right_tooth1) { transformation: [-0.9986489279840703f,-0.018193629901561717f,-0.04867556334827379f,-0.4815499423254567f,-0.035848278761919566f,0.9193266213877519f,0.39185898499024985f,2.6266724898790312f,0.03761940385059983f,0.3930744904452411f,-0.9187367552324982f,4.578867647170889f,0f,0f,0f,1f], start_interpolation: 0, interpolation_duration: 1 }
$data merge entity $(bone_top_lip1) { transformation: [-0.9986489279840703f,-0.033744442916641665f,-0.0395174797844236f,-0.11930003006539405f,-0.035848278761919566f,0.9979081084199275f,0.05379877377385217f,2.75332593224718f,0.03761940385059983f,0.055142721387395344f,-0.9977695428965134f,4.613695437217979f,0f,0f,0f,1f], start_interpolation: 0, interpolation_duration: 1 }
$data merge entity $(bone_muzzle1) { transformation: [-0.9986489279840703f,-0.018193629901561717f,-0.04867556334827379f,-0.14969734459984407f,-0.035848278761919566f,0.9193266213877519f,0.39185898499024985f,3.1282309699022397f,0.03761940385059983f,0.3930744904452411f,-0.9187367552324982f,4.164019377982743f,0f,0f,0f,1f], start_interpolation: 0, interpolation_duration: 1 }
$data merge entity $(bone_jaw_right_tooth1) { transformation: [-0.9986489279840703f,-0.04522517810103726f,-0.025593004942684523f,-0.48160412937585206f,-0.035848278761919566f,0.9561271500215082f,-0.29075036354501127f,2.654866677958639f,0.03761940385059983f,-0.28944007368966396f,-0.9564565981770667f,4.604295994673545f,0f,0f,0f,1f], start_interpolation: 0, interpolation_duration: 1 }
$data merge entity $(bone_jaw_left_tooth1) { transformation: [-0.9986489279840703f,-0.04522517810103726f,-0.025593004942684523f,0.2473900831906445f,-0.035848278761919566f,0.9561271500215082f,-0.29075036354501127f,2.6810352212931456f,0.03761940385059983f,-0.28944007368966396f,-0.9564565981770667f,4.576834564616589f,0f,0f,0f,1f], start_interpolation: 0, interpolation_duration: 1 }
$data merge entity $(bone_tongue1) { transformation: [-0.9986489279840703f,-0.03017185982149099f,-0.042308125829196366f,-0.15085448343966099f,-0.035848278761919566f,0.9894218947035212f,0.14056747558059804f,2.772798391174564f,0.03761940385059983f,0.1418942322866103f,-0.9891667237112856f,3.794603060797057f,0f,0f,0f,1f], start_interpolation: 0, interpolation_duration: 1 }
$data merge entity $(bone_jaw_lips1) { transformation: [-0.9986489279840703f,-0.03017185982149099f,-0.042308125829196366f,-0.05287010211144573f,-0.035848278761919566f,0.9894218947035212f,0.14056747558059804f,2.520736396084112f,0.03761940385059983f,0.1418942322866103f,-0.9891667237112856f,4.662869476900715f,0f,0f,0f,1f], start_interpolation: 0, interpolation_duration: 1 }
$data merge entity $(bone_jaw3) { transformation: [-0.9986489279840703f,-0.04009392735594152f,-0.033057459452342966f,-0.0791930969426374f,-0.035848278761919566f,0.9920897009922365f,-0.12030347499113458f,2.3290886433581024f,0.03761940385059983f,-0.11895588331104678f,-0.9921866146444497f,3.7814713355320144f,0f,0f,0f,1f], start_interpolation: 0, interpolation_duration: 1 }
$data merge entity $(bone_jaw1) { transformation: [-0.9986489279840703f,-0.004975534170236022f,-0.05172584166533812f,-0.12566553281383963f,-0.035848278761919566f,0.7865807580834822f,0.6164459521504072f,2.882926803493234f,0.03761940385059983f,0.6174673716663375f,-0.785696395168891f,3.075572230497464f,0f,0f,0f,1f], start_interpolation: 0, interpolation_duration: 1 }
$data merge entity $(bone_tear_right1) { transformation: [-0.9986489279840703f,-0.013882042769699739f,-0.05007601746152585f,-0.7594770779418466f,-0.035848278761919566f,0.8816755451519073f,0.4704924377616444f,3.1877022012895795f,0.03761940385059983f,0.4716519076285255f,-0.8809819853347162f,4.1539548052207955f,0f,0f,0f,1f], start_interpolation: 0, interpolation_duration: 1 }
$data merge entity $(bone_right_pupil1) { transformation: [-0.9986489279840703f,-0.013882042769699739f,-0.05007601746152585f,-0.5726098153749506f,-0.035848278761919566f,0.8816755451519073f,0.4704924377616444f,3.2616581653421415f,0.03761940385059983f,0.4716519076285255f,-0.8809819853347162f,4.259315604369883f,0f,0f,0f,1f], start_interpolation: 0, interpolation_duration: 1 }
$data merge entity $(bone_right_sad_pupil1) { transformation: [-0.9986489279840703f,-0.013882042769699739f,-0.05007601746152585f,-0.5731721925241766f,-0.035848278761919566f,0.8816755451519073f,0.4704924377616444f,3.266942015961535f,0.03761940385059983f,0.4716519076285255f,-0.8809819853347162f,4.249421763714269f,0f,0f,0f,1f], start_interpolation: 0, interpolation_duration: 1 }
$data merge entity $(bone_right_happy_pupil1) { transformation: [-0.9986489279840703f,-0.013882042769699739f,-0.05007601746152585f,-0.6008203229496643f,-0.035848278761919566f,0.8816755451519073f,0.4704924377616444f,3.2411817891170474f,0.03761940385059983f,0.4716519076285255f,-0.8809819853347162f,4.237235948519294f,0f,0f,0f,1f], start_interpolation: 0, interpolation_duration: 1 }
$data merge entity $(bone_eyelid_right1) { transformation: [-0.9986489279840703f,-0.013882042769699739f,-0.05007601746152585f,-0.16872230210754288f,-0.035848278761919566f,0.8816755451519073f,0.4704924377616444f,3.4971262410403607f,0.03761940385059983f,0.4716519076285255f,-0.8809819853347162f,3.7119797411020654f,0f,0f,0f,1f], start_interpolation: 0, interpolation_duration: 1 }
$data merge entity $(bone_eyelid_expressions_right5) { transformation: [-0.9986489279840703f,-0.013882042769699739f,-0.05007601746152585f,-0.7037067512562112f,-0.035848278761919566f,0.8816755451519073f,0.4704924377616444f,3.3613285062138516f,0.03761940385059983f,0.4716519076285255f,-0.8809819853347162f,4.30724903099218f,0f,0f,0f,1f], start_interpolation: 0, interpolation_duration: 1 }
$data merge entity $(bone_eyelid_expressions_right7) { transformation: [-0.9986489279840703f,-0.013882042769699739f,-0.05007601746152585f,-0.367247883917828f,-0.035848278761919566f,0.8816755451519073f,0.4704924377616444f,3.3734062954451622f,0.03761940385059983f,0.4716519076285255f,-0.8809819853347162f,4.294574524812046f,0f,0f,0f,1f], start_interpolation: 0, interpolation_duration: 1 }
$data merge entity $(bone_eyelid_expressions_right6) { transformation: [-0.9986489279840703f,-0.013882042769699739f,-0.05007601746152585f,-0.479400839697289f,-0.035848278761919566f,0.8816755451519073f,0.4704924377616444f,3.369380365701392f,0.03761940385059983f,0.4716519076285255f,-0.8809819853347162f,4.298799360205424f,0f,0f,0f,1f], start_interpolation: 0, interpolation_duration: 1 }
$data merge entity $(bone_right_eye1) { transformation: [-0.9986489279840703f,-0.013882042769699739f,-0.05007601746152585f,-0.17937522053626287f,-0.035848278761919566f,0.8816755451519073f,0.4704924377616444f,3.4914397974465903f,0.03761940385059983f,0.4716519076285255f,-0.8809819853347162f,3.7222960652970176f,0f,0f,0f,1f], start_interpolation: 0, interpolation_duration: 1 }
$data merge entity $(bone_tear_left1) { transformation: [-0.9986489279840703f,-0.013882042769699739f,-0.05007601746152585f,0.4517748444763324f,-0.035848278761919566f,0.8816755451519073f,0.4704924377616444f,3.2311822425222987f,0.03761940385059983f,0.4716519076285255f,-0.8809819853347162f,4.108326582972315f,0f,0f,0f,1f], start_interpolation: 0, interpolation_duration: 1 }
$data merge entity $(bone_left_sad_pupil1) { transformation: [-0.9986489279840703f,-0.013882042769699739f,-0.05007601746152585f,0.267974975821781f,-0.035848278761919566f,0.8816755451519073f,0.4704924377616444f,3.2971364890398123f,0.03761940385059983f,0.4716519076285255f,-0.8809819853347162f,4.217735498263934f,0f,0f,0f,1f], start_interpolation: 0, interpolation_duration: 1 }
$data merge entity $(bone_left_pupil1) { transformation: [-0.9986489279840703f,-0.013882042769699739f,-0.05007601746152585f,0.2685373529710071f,-0.035848278761919566f,0.8816755451519073f,0.4704924377616444f,3.2918526384204183f,0.03761940385059983f,0.4716519076285255f,-0.8809819853347162f,4.227629338919549f,0f,0f,0f,1f], start_interpolation: 0, interpolation_duration: 1 }
$data merge entity $(bone_eyelid_left1) { transformation: [-0.9986489279840703f,-0.013882042769699739f,-0.05007601746152585f,-0.1911528932634351f,-0.035848278761919566f,0.8816755451519073f,0.4704924377616444f,3.496321055091607f,0.03761940385059983f,0.4716519076285255f,-0.8809819853347162f,3.712824708180741f,0f,0f,0f,1f], start_interpolation: 0, interpolation_duration: 1 }
$data merge entity $(bone_left_happy_pupil1) { transformation: [-0.9986489279840703f,-0.013882042769699739f,-0.05007601746152585f,0.29640332328602376f,-0.035848278761919566f,0.8816755451519073f,0.4704924377616444f,3.2733892270672094f,0.03761940385059983f,0.4716519076285255f,-0.8809819853347162f,4.203437265372271f,0f,0f,0f,1f], start_interpolation: 0, interpolation_duration: 1 }
$data merge entity $(bone_eyelid_expressions_left5) { transformation: [-0.9986489279840703f,-0.013882042769699739f,-0.05007601746152585f,0.3953922153825069f,-0.035848278761919566f,0.8816755451519073f,0.4704924377616444f,3.4007826177028f,0.03761940385059983f,0.4716519076285255f,-0.8809819853347162f,4.265845644137077f,0f,0f,0f,1f], start_interpolation: 0, interpolation_duration: 1 }
$data merge entity $(bone_eyelid_expressions_left7) { transformation: [-0.9986489279840703f,-0.013882042769699739f,-0.05007601746152585f,0.05893334804412387f,-0.035848278761919566f,0.8816755451519073f,0.4704924377616444f,3.388704828471489f,0.03761940385059983f,0.4716519076285255f,-0.8809819853347162f,4.278520150317211f,0f,0f,0f,1f], start_interpolation: 0, interpolation_duration: 1 }
$data merge entity $(bone_eyelid_expressions_left6) { transformation: [-0.9986489279840703f,-0.013882042769699739f,-0.05007601746152585f,0.17108630382358492f,-0.035848278761919566f,0.8816755451519073f,0.4704924377616444f,3.3927307582152593f,0.03761940385059983f,0.4716519076285255f,-0.8809819853347162f,4.274295314923832f,0f,0f,0f,1f], start_interpolation: 0, interpolation_duration: 1 }
$data merge entity $(bone_left_eye1) { transformation: [-0.9986489279840703f,-0.013882042769699739f,-0.05007601746152585f,-0.17937522053626287f,-0.035848278761919566f,0.8816755451519073f,0.4704924377616444f,3.4914397974465903f,0.03761940385059983f,0.4716519076285255f,-0.8809819853347162f,3.7222960652970176f,0f,0f,0f,1f], start_interpolation: 0, interpolation_duration: 1 }
$data merge entity $(bone_crest_middle5) { transformation: [-0.9986489279840703f,-0.02439141681365635f,-0.04588439192240971f,-0.17473778614171603f,-0.035848278761919566f,0.9626095158970247f,0.26851037375547193f,4.488872158416856f,0.03761940385059983f,0.2697924733759597f,-0.9621833514271629f,4.795875071740747f,0f,0f,0f,1f], start_interpolation: 0, interpolation_duration: 1 }
$data merge entity $(bone_crest_middle4) { transformation: [-0.9986489279840703f,-0.02439141681365635f,-0.04588439192240971f,-0.1583021634840765f,-0.035848278761919566f,0.9626095158970247f,0.26851037375547193f,3.840238793212807f,0.03761940385059983f,0.2697924733759597f,-0.9621833514271629f,4.614081315266712f,0f,0f,0f,1f], start_interpolation: 0, interpolation_duration: 1 }
$data merge entity $(bone_crest_middle1) { transformation: [-0.9986489279840703f,-0.02439141681365635f,-0.04588439192240971f,-0.14211065577916318f,-0.035848278761919566f,0.9626095158970247f,0.26851037375547193f,3.3311474426025165f,0.03761940385059983f,0.2697924733759597f,-0.9621833514271629f,4.558779619145625f,0f,0f,0f,1f], start_interpolation: 0, interpolation_duration: 1 }
$data merge entity $(bone_crest_left5) { transformation: [-0.524865681759443f,-0.8489776177462625f,0.0612619023298805f,-1.2638983088183038f,-0.7628588789022185f,0.5011072631513154f,0.4085802757072945f,3.837361680240884f,-0.3775742933400595f,0.16771557883178045f,-0.9106641189955137f,4.622026064303533f,0f,0f,0f,1f], start_interpolation: 0, interpolation_duration: 1 }
$data merge entity $(bone_crest_left4) { transformation: [-0.524865681759443f,-0.8489776177462625f,0.0612619023298805f,-0.7871774785408615f,-0.7628588789022185f,0.5011072631513154f,0.4085802757072945f,3.5559782072799404f,-0.3775742933400595f,0.16771557883178045f,-0.9106641189955137f,4.527849835955609f,0f,0f,0f,1f], start_interpolation: 0, interpolation_duration: 1 }
$data merge entity $(bone_crest_left1) { transformation: [-0.524865681759443f,-0.8489776177462625f,0.0612619023298805f,-0.2593445658372694f,-0.7628588789022185f,0.5011072631513154f,0.4085802757072945f,3.2693991271138887f,-0.3775742933400595f,0.16771557883178045f,-0.9106641189955137f,4.373120060122266f,0f,0f,0f,1f], start_interpolation: 0, interpolation_duration: 1 }
$data merge entity $(bone_crest_center1) { transformation: [-0.9986489279840703f,-0.013882042769699739f,-0.05007601746152585f,-0.1468018604278893f,-0.035848278761919566f,0.8816755451519073f,0.4704924377616444f,3.248671299566139f,0.03761940385059983f,0.4716519076285255f,-0.8809819853347162f,4.355653214205042f,0f,0f,0f,1f], start_interpolation: 0, interpolation_duration: 1 }
$data merge entity $(bone_crest_right5) { transformation: [-0.5482816740041898f,0.8211151441104247f,-0.15860998097118428f,0.9421260043341333f,0.7243363466248441f,0.5610582120860522f,0.40068758354730194f,3.9165508450388686f,0.418000075250396f,0.1048026849051046f,-0.902381479379616f,4.538924468522269f,0f,0f,0f,1f], start_interpolation: 0, interpolation_duration: 1 }
$data merge entity $(bone_crest_right4) { transformation: [-0.5482816740041898f,0.8211151441104247f,-0.15860998097118428f,0.48105060602993976f,0.7243363466248441f,0.5610582120860522f,0.40068758354730194f,3.6015035091507044f,0.418000075250396f,0.1048026849051046f,-0.902381479379616f,4.480075304635125f,0f,0f,0f,1f], start_interpolation: 0, interpolation_duration: 1 }
$data merge entity $(bone_crest_right1) { transformation: [-0.5482816740041898f,0.8211151441104247f,-0.15860998097118428f,-0.035038654278347375f,0.7243363466248441f,0.5610582120860522f,0.40068758354730194f,3.2774509866014294f,0.418000075250396f,0.1048026849051046f,-0.902381479379616f,4.36467038933551f,0f,0f,0f,1f], start_interpolation: 0, interpolation_duration: 1 }
$data merge entity $(bone_head1) { transformation: [-1.0467609206083024f,-0.014550839101052454f,-0.05248853392777121f,-0.2095264545061431f,-0.03757534427518911f,0.9241521013636523f,0.49315939114339f,3.732543433225892f,0.03943179700486048f,0.49437472088667034f,-0.9234251278573518f,3.151650469190721f,0f,0f,0f,1f], start_interpolation: 0, interpolation_duration: 1 }
$data merge entity $(bone_neck10) { transformation: [-1.4967876016414743f,-0.04230785322187889f,0.005585947739356692f,-0.1928541107752878f,-0.04053045397675772f,1.4706904844118305f,0.27860556894103994f,3.489842755772834f,-0.013358126995533355f,0.27834120481933394f,-1.471238259367571f,2.0198908479455264f,0f,0f,0f,1f], start_interpolation: 0, interpolation_duration: 1 }
$data merge entity $(bone_neck9) { transformation: [-1.1450425152557284f,-0.02309306990476514f,-0.023075893866651837f,-0.16735366611549526f,-0.031005797292219674f,0.5158142413653743f,1.0223318724550623f,2.9317019899677583f,-0.010218967151583023f,1.0225412104289846f,-0.5162297881596122f,0.8560262741691562f,0f,0f,0f,1f], start_interpolation: 0, interpolation_duration: 1 }
$data merge entity $(bone_neck8) { transformation: [-1.0627191971654468f,-0.016650735096169107f,-0.025313996004262956f,-0.15198130850160707f,-0.028776622323497984f,0.2766285472721243f,1.0261280087000275f,2.708296300383058f,-0.009484270166828684f,1.0263963840796544f,-0.2769668730453723f,-0.18861271371247024f,0f,0f,0f,1f], start_interpolation: 0, interpolation_duration: 1 }
$data merge entity $(bone_neck7) { transformation: [-1.053879040178946f,0.055179319998784816f,-0.02684816883847519f,-0.20774764254293215f,-0.01826251719258552f,0.15891626386241783f,1.0434743477440185f,2.547689437968912f,0.058583803148123524f,1.042174398351104f,-0.15769297474592786f,-1.2418740737481606f,0f,0f,0f,1f], start_interpolation: 0, interpolation_duration: 1 }
$data merge entity $(bone_neck6) { transformation: [-1.026483625308176f,0.20305856677896908f,-0.08315706611989049f,-0.3954447074211441f,-0.10641928043868913f,-0.11281363855454826f,1.0381543873243557f,2.666734465058035f,0.19189271986948472f,1.0236487745450424f,0.13090791667174595f,-2.1798944302040395f,0f,0f,0f,1f], start_interpolation: 0, interpolation_duration: 1 }
$data merge entity $(bone_neck_spine6) { transformation: [-1.269906441635216f,-0.08495856470487045f,-0.010248916693095005f,-0.9391175692794422f,-0.041403708512581544f,0.4765926641516823f,1.1794619679815528f,3.3280137681218243f,-0.07489146100523633f,1.177126519655725f,-0.4782779467092445f,-6.049949954585653f,0f,0f,0f,1f], start_interpolation: 0, interpolation_duration: 1 }
$data merge entity $(bone_neck_spine7) { transformation: [-0.9641973770216249f,-0.2640757912653279f,-0.02423622520545521f,-0.46521662479824855f,-0.060868957608240896f,0.13143595995389046f,0.9894541719709334f,2.7462725965730836f,-0.25810538185846627f,0.9555043510620924f,-0.14280422597775244f,-9.29025555417382f,0f,0f,0f,1f], start_interpolation: 0, interpolation_duration: 1 }
$data merge entity $(bone_tail6) { transformation: [-1.6713667561746f,-0.22643478189960686f,-0.34722095764454997f,0.27579639674962736f,-0.24230589366357f,-0.6366551122855385f,1.5815372456643928f,4.026917809340218f,-0.3363375652189619f,1.58388746288172f,0.5860712283296415f,-12.685882343367924f,0f,0f,0f,1f], start_interpolation: 0, interpolation_duration: 1 }
$data merge entity $(bone_tail5) { transformation: [-1.3806942768398869f,-0.1344047131412503f,-0.31495876905848197f,0.19090920950252194f,-0.20016573824381867f,-0.7448115249007579f,1.1953115948689488f,3.556510530455529f,-0.27784407561566415f,1.2044797651601544f,0.703996806942227f,-11.92515828116151f,0f,0f,0f,1f], start_interpolation: 0, interpolation_duration: 1 }
$data merge entity $(bone_tail4) { transformation: [-1.0228862313612477f,-0.07255965198497225f,-0.21705771725643988f,0.1598122157946767f,-0.14033169758626293f,-0.5864485448435856f,0.8573565867995488f,3.305175439808278f,-0.18079261702103458f,0.8657299805250097f,0.562584063474984f,-11.554131146650791f,0f,0f,0f,1f], start_interpolation: 0, interpolation_duration: 1 }
$data merge entity $(bone_segment18) { transformation: [-0.9584872429911974f,-0.19600918797433653f,-0.20708115137011907f,0.04974846278174358f,-0.05970770203190749f,-0.5721822847640955f,0.8179501349839174f,2.983881676390939f,-0.2788139080842307f,0.796359109467444f,0.5367261624208544f,-11.106956842018192f,0f,0f,0f,1f], start_interpolation: 0, interpolation_duration: 1 }
$data merge entity $(bone_segment17) { transformation: [-0.9578049160690958f,-0.22546518155900278f,-0.1782559807087496f,-0.11483671613950133f,-0.0583225520997363f,-0.45483051504294214f,0.8886662379669579f,2.651864283818088f,-0.28143955420382133f,0.8615652351913566f,0.42248919848821737f,-10.4780310477745f,0f,0f,0f,1f], start_interpolation: 0, interpolation_duration: 1 }
$data merge entity $(bone_segment16) { transformation: [-0.9570457524096442f,-0.2506893579386415f,-0.1456649361067022f,-0.35414223116393717f,-0.05732101780760029f,-0.3288888152165544f,0.942627417457689f,2.3379103610893943f,-0.2842142303125561f,0.9104872283792688f,0.30039187446746696f,-9.608889186699564f,0f,0f,0f,1f], start_interpolation: 0, interpolation_duration: 1 }
$data merge entity $(bone_segment15) { transformation: [-0.9641973770216249f,-0.24880483021633576f,-0.091758239987692f,-0.6475326925762667f,-0.060868957608240896f,-0.12913219573966378f,0.9897574682835889f,2.185637776757711f,-0.25810538185846627f,0.959906783226618f,0.10936443375806312f,-8.47696785784591f,0f,0f,0f,1f], start_interpolation: 0, interpolation_duration: 1 }
$data merge entity $(bone_segment14) { transformation: [-1.0347016777401261f,-0.16253892908813986f,-0.040604588876390825f,-0.830388987800424f,-0.05459725427277963f,0.0869687025293116f,1.0431350740107506f,2.2834775671031866f,-0.15838805489308055f,1.0318394930106236f,-0.09431692719728371f,-7.316148428208959f,0f,0f,0f,1f], start_interpolation: 0, interpolation_duration: 1 }
$data merge entity $(bone_segment13) { transformation: [-1.0233951912001447f,-0.06599221298475387f,-0.020023043649307574f,-0.9093205913763772f,-0.03336651803660983f,0.21318870539146167f,1.0027616183275132f,2.5127901835515125f,-0.06035370681010222f,1.0011439534562825f,-0.2148530343173974f,-6.104510173566395f,0f,0f,0f,1f], start_interpolation: 0, interpolation_duration: 1 }
$data merge entity $(bone_segment12) { transformation: [-1.1122470733125405f,0.0825515809024972f,-0.023781622944264096f,-0.8095938493465148f,-0.008288477630193641f,0.2042571173022121f,1.096669600363592f,2.7595437480776748f,0.0855080711859324f,1.0935895700460776f,-0.20303719669108095f,-4.783395256732208f,0f,0f,0f,1f], start_interpolation: 0, interpolation_duration: 1 }
$data merge entity $(bone_segment11) { transformation: [-1.173624386619964f,0.19885984605639404f,-0.013542586115213272f,-0.57977934457837f,-0.0031563139124695045f,0.06233032568214943f,1.188792584542901f,2.8315764545930873f,0.19929545327163556f,1.1720463015632665f,-0.06092314977468659f,-3.428907431760681f,0f,0f,0f,1f], start_interpolation: 0, interpolation_duration: 1 }
$data merge entity $(bone_segment10) { transformation: [-1.0369450097374184f,0.15190487190946983f,0.018578339430809453f,-0.38776972711012064f,0f,-0.12724649790218753f,1.0404246857878767f,2.68647674847476f,0.15303674331950096f,1.029275685463797f,0.12588294774259556f,-2.127890366599959f,0f,0f,0f,1f], start_interpolation: 0, interpolation_duration: 1 }