# This file was generated by Animated Java via MC-Build. It is not recommended to edit this file directly.
$data merge entity $(bone_neck_spine5) { transformation: [-1.5717937347287587f,-0.02888184407226393f,0.025485095782580243f,-0.01918948480483923f,0.00004422580761627534f,1.0389166694841492f,1.1801149721398687f,3.529989338501251f,-0.03851816543060952f,1.1797614964506982f,-1.0386040429253638f,0.6135753043380313f,0f,0f,0f,1f], start_interpolation: 0, interpolation_duration: 1 }
$data merge entity $(bone_neck_spine2) { transformation: [-1.4969464140273887f,-0.0022874892853515624f,0.03661260175592521f,-0.18487797231169453f,0.00004211981677740507f,1.4943736394855802f,0.09508788314275213f,4.368369873987181f,-0.03668396707677096f,0.09506037390741778f,-1.4939250628984435f,2.7915711672185264f,0f,0f,0f,1f], start_interpolation: 0, interpolation_duration: 1 }
$data merge entity $(bone_scale_neck_left1) { transformation: [-1.5925393592653905f,0.40019875172649727f,0.12928429581664017f,0.6032219352860175f,0.4183210128089257f,1.4551293902364035f,0.6485838949206334f,3.4705663549382275f,0.043370500005946715f,0.6599200691178121f,-1.5085355756303684f,2.7199009467153927f,0f,0f,0f,1f], start_interpolation: 0, interpolation_duration: 1 }
$data merge entity $(bone_scale_neck_right1) { transformation: [-1.588526884870308f,-0.4319609461627088f,-0.05520106767195817f,-0.9685717994427405f,-0.4182315066475133f,1.455152804844753f,0.6485890858143324f,3.4706105807458436f,-0.12132528066836684f,0.6395272757125668f,-1.5130565490846914f,2.6813827812847832f,0f,0f,0f,1f], start_interpolation: 0, interpolation_duration: 1 }
$data merge entity $(bone_blush_right1) { transformation: [-0.9998411368540931f,-0.009089957714937372f,0.015332114109113152f,-0.8682734229384945f,-0.0012958415480933641f,0.8949807185358509f,0.44610294130809547f,2.806050775293836f,-0.01777700337504757f,0.44601220400095837f,-0.8948503182282558f,3.874481713948746f,0f,0f,0f,1f], start_interpolation: 0, interpolation_duration: 1 }
$data merge entity $(bone_blush_left1) { transformation: [-0.9998411368540931f,-0.009089957714937372f,0.015332114109113152f,0.4567113648652208f,-0.0012958415480933641f,0.8949807185358509f,0.44610294130809547f,2.807768018439112f,-0.01777700337504757f,0.44601220400095837f,-0.8948503182282558f,3.898039715491656f,0f,0f,0f,1f], start_interpolation: 0, interpolation_duration: 1 }
$data merge entity $(bone_left_head_scales) { transformation: [-0.8939495022746539f,-0.009089957714937372f,-0.44807550708740923f,0.4673310969070415f,-0.20713684000032406f,0.8949807185358509f,0.3950997886151446f,3.636449095743663f,0.39742749891971285f,0.44601220400095837f,-0.8019504329973448f,3.8720839585997187f,0f,0f,0f,1f], start_interpolation: 0, interpolation_duration: 1 }
$data merge entity $(bone_left_head_scales2) { transformation: [-0.8278160505906927f,-0.009089957714937372f,-0.5609259835781971f,0.4729150533659481f,-0.25693562657441255f,0.8949807185358509f,0.3646828721586275f,2.757215679309455f,0.4987029879409599f,0.44601220400095837f,-0.7432149377541908f,3.6221136970894574f,0f,0f,0f,1f], start_interpolation: 0, interpolation_duration: 1 }
$data merge entity $(bone_left_head_scales1) { transformation: [-0.9998411368540931f,-0.009089957714937372f,0.015332114109113152f,0.46835194176760575f,-0.0012958415480933641f,0.8949807185358509f,0.44610294130809547f,3.535938565829969f,-0.01777700337504757f,0.44601220400095837f,-0.8948503182282558f,3.8219946974082046f,0f,0f,0f,1f], start_interpolation: 0, interpolation_duration: 1 }
$data merge entity $(bone_right_head_scales) { transformation: [-0.8797903374189652f,-0.009089957714937372f,0.47527500970802533f,-0.8801110601814826f,0.20483798901784156f,0.8949807185358509f,0.39629649469075356f,3.634702746782365f,-0.4289642880699389f,0.44601220400095837f,-0.7855334196855392f,3.848126668895065f,0f,0f,0f,1f], start_interpolation: 0, interpolation_duration: 1 }
$data merge entity $(bone_right_head_scales2) { transformation: [-0.8102277718458274f,-0.009089957714937372f,0.5860446488097014f,-0.8745271037225759f,0.254812644068022f,0.8949807185358509f,0.36616940051308955f,2.755469330348157f,-0.5278271252529649f,0.44601220400095837f,-0.7228219972644703f,3.5981564073848036f,0f,0f,0f,1f], start_interpolation: 0, interpolation_duration: 1 }
$data merge entity $(bone_right_head_scales1) { transformation: [-0.9998411368540931f,-0.009089957714937372f,0.015332114109113152f,-0.8790902153209182f,-0.0012958415480933641f,0.8949807185358509f,0.44610294130809547f,3.534192216868671f,-0.01777700337504757f,0.44601220400095837f,-0.8948503182282558f,3.798037407703551f,0f,0f,0f,1f], start_interpolation: 0, interpolation_duration: 1 }
$data merge entity $(bone_head_left_fin1) { transformation: [-0.5220596453370046f,0.13002152948478946f,-0.8995684112985574f,0.47347150243084335f,-0.1490090223738671f,1.0111176481505975f,0.23262117460532739f,3.196598828531394f,0.8966187796309859f,0.2437431055312414f,-0.48511778007428336f,3.558788535801572f,0f,0f,0f,1f], start_interpolation: 0, interpolation_duration: 1 }
$data merge entity $(bone_head_right_fin1) { transformation: [-0.4902407245096446f,-0.14122366105176656f,0.9156391798173381f,-0.8739706546576806f,0.1476970330687211f,1.0107661015151754f,0.2349737697609773f,3.194852479570096f,-0.9146173060248363f,0.23892041271545517f,-0.4528437014389408f,3.534831246096918f,0f,0f,0f,1f], start_interpolation: 0, interpolation_duration: 1 }
$data merge entity $(bone_right_whisker16) { transformation: [-0.14117817172544764f,-0.34159929120082644f,0.9291817088596576f,-1.2351572488665397f,0.9686659874753945f,-0.2413957652746331f,0.058431919494345286f,2.169071569183522f,0.20434022740659658f,0.9083160291212347f,0.364975427535681f,1.5025188166868997f,0f,0f,0f,1f], start_interpolation: 0, interpolation_duration: 1 }
$data merge entity $(bone_right_whisker15) { transformation: [0.41219228829139243f,-0.22478011467919207f,0.8829334162426492f,-1.374030627245964f,0.4873669017688389f,0.8731816434918431f,-0.005226904354080852f,2.004870806380544f,-0.7697863473284964f,0.4324670132087457f,0.46946912779538363f,1.7618706622223794f,0f,0f,0f,1f], start_interpolation: 0, interpolation_duration: 1 }
$data merge entity $(bone_right_whisker14) { transformation: [0.6615283006850767f,-0.21397712331334104f,0.7187448073490772f,-1.5969088144884944f,-0.13699613167017052f,0.9078180707806683f,0.3963564182291927f,2.051026729648326f,-0.7373007305707245f,-0.36066624608162656f,0.5712333075349014f,2.0102776466431798f,0f,0f,0f,1f], start_interpolation: 0, interpolation_duration: 1 }
$data merge entity $(bone_right_whisker13) { transformation: [0.18511170522605302f,-0.3908344461273393f,0.9016551959084131f,-1.6592755511125064f,0.3042043362672868f,0.8952350626170531f,0.32559776482221175f,1.9485360108863983f,-0.9344481678426482f,0.21401546294923857f,0.2846120222937549f,2.3251063750667282f,0f,0f,0f,1f], start_interpolation: 0, interpolation_duration: 1 }
$data merge entity $(bone_right_whisker12) { transformation: [-0.45694393666894195f,-0.30395230901071596f,0.8359516927362156f,-1.454007767062005f,-0.2537904527982677f,0.9452897999534864f,0.20498195084530707f,2.06254344085437f,-0.8525213456623477f,-0.11849129905166794f,-0.5090846366166512f,2.708074948313486f,0f,0f,0f,1f], start_interpolation: 0, interpolation_duration: 1 }
$data merge entity $(bone_right_whisker11) { transformation: [-0.8988060184914066f,-0.1978466060156221f,0.3911578474372265f,-1.0502472509428182f,-0.15294082253309477f,0.977812971348851f,0.14314642106888822f,2.1312473259766587f,-0.41080025064077763f,0.06883686185489797f,-0.9091230062667228f,2.8926141234060228f,0f,0f,0f,1f], start_interpolation: 0, interpolation_duration: 1 }
$data merge entity $(bone_right_whisker10) { transformation: [-0.46777178264308855f,-0.5591617491396368f,0.6844908309553964f,-0.8401153954586185f,-0.42340199261296146f,0.8215639336009428f,0.381789805596639f,2.3214474398457625f,-0.7758352350945921f,-0.11122428379291827f,-0.6210546245544519f,3.2411338579211715f,0f,0f,0f,1f], start_interpolation: 0, interpolation_duration: 1 }
$data merge entity $(bone_right_whisker1) { transformation: [0.07595397683622693f,-0.5908497236589227f,0.8031983549876934f,-0.8742353459905172f,-0.6164432912377776f,0.6053162809861403f,0.5035770732083069f,2.598365324581483f,-0.7837274156814334f,-0.5333749188191009f,-0.3182491694946251f,3.5931989079343154f,0f,0f,0f,1f], start_interpolation: 0, interpolation_duration: 1 }
$data merge entity $(bone_left_whisker16) { transformation: [-0.13131443070815596f,0.3097186163664763f,-0.941716995155035f,0.9093320455075197f,-0.9690191508158152f,-0.24055162636642768f,0.0560071460142659f,2.1718509290484653f,-0.2091850989912756f,0.9198963494484051f,0.33171117049551996f,1.5406474673481334f,0f,0f,0f,1f], start_interpolation: 0, interpolation_duration: 1 }
$data merge entity $(bone_left_whisker15) { transformation: [0.3858286392777209f,0.20700114588651863f,-0.8990477110336083f,1.0393231397954237f,-0.48633262878678724f,0.8737412524902183f,-0.007536436436255789f,2.0079986273576043f,0.7839750221087628f,0.44014400972692247f,0.4377858099699799f,1.804779676945324f,0f,0f,0f,1f], start_interpolation: 0, interpolation_duration: 1 }
$data merge entity $(bone_left_whisker14) { transformation: [0.6345431393398352f,0.22430985184397226f,-0.7396215888428903f,1.253109646701911f,0.13867590174501043f,0.9083861114938001f,0.39446630619151957f,2.0547204887853665f,0.7603446577651182f,-0.35287357907742034f,0.5453038039452286f,2.0609504844931417f,0f,0f,0f,1f], start_interpolation: 0, interpolation_duration: 1 }
$data merge entity $(bone_left_whisker13) { transformation: [0.15256426234942233f,0.38065841369843767f,-0.9120434846729434f,1.3045106921223706f,-0.30376669219319563f,0.8962349539647579f,0.3232471252862008f,1.9523772184663701f,0.9404519884437379f,0.22773247324959517f,0.25236477182808487f,2.3778019845059246f,0f,0f,0f,1f], start_interpolation: 0, interpolation_duration: 1 }
$data merge entity $(bone_left_whisker12) { transformation: [-0.4876169679122026f,0.305521845855821f,-0.8178545679452807f,1.0854640073180608f,0.2525662570538196f,0.9460797073730294f,0.2028385394711453f,2.0658347167522657f,0.8357272153052893f,-0.10765495344764853f,-0.5384890273684793f,2.7532263195063478f,0f,0f,0f,1f], start_interpolation: 0, interpolation_duration: 1 }
$data merge entity $(bone_left_whisker11) { transformation: [-0.9132345010207132f,0.19274007765870857f,-0.3589624055657691f,0.675221946312662f,0.1505923320524964f,0.9783191902212109f,0.14217422963359094f,2.133483615916473f,0.3785824819936063f,0.07578142588411374f,-0.9224600152952598f,2.923292668839413f,0f,0f,0f,1f], start_interpolation: 0, interpolation_duration: 1 }
$data merge entity $(bone_left_whisker10) { transformation: [-0.49615137802524456f,0.5606314022001009f,-0.6629677525723249f,0.45234144446538427f,0.42215270246603503f,0.8230152386506051f,0.3800434353458969f,2.323122525227387f,0.7586968471558807f,-0.09131455423992568f,-0.6450122063183683f,3.264113518147719f,0f,0f,0f,1f], start_interpolation: 0, interpolation_duration: 1 }
$data merge entity $(bone_left_whisker1) { transformation: [0.04644812050392472f,0.6078663605923569f,-0.7926796703346538f,0.4732068110980067f,0.6166019301629634f,0.6068698739011389f,0.5015087395754174f,2.6001116735427807f,0.7859037039109568f,-0.5120619530988593f,-0.3466236061892214f,3.6171561976389692f,0f,0f,0f,1f], start_interpolation: 0, interpolation_duration: 1 }
$data merge entity $(bone_upper_left_tooth1) { transformation: [-0.9998411368540931f,-0.007719085888427162f,0.016066012802226342f,0.09059457234271145f,-0.0012958415480933641f,0.9304554798913776f,0.36640267566543294f,2.556262593093809f,-0.01777700337504757f,0.3663236487768068f,-0.9303176675189232f,4.608194063244851f,0f,0f,0f,1f], start_interpolation: 0, interpolation_duration: 1 }
$data merge entity $(bone_upper_right_tooth1) { transformation: [-0.9998411368540931f,-0.007719085888427162f,0.016066012802226342f,-0.5831265062015505f,-0.0012958415480933641f,0.9304554798913776f,0.36640267566543294f,2.55538941861316f,-0.01777700337504757f,0.3663236487768068f,-0.9303176675189232f,4.596215418392524f,0f,0f,0f,1f], start_interpolation: 0, interpolation_duration: 1 }
$data merge entity $(bone_top_lip1) { transformation: [-0.9998411368540931f,-0.0017586680472781611f,0.017737196537607032f,-0.21914747448683405f,-0.0012958415480933641f,0.9996592440697385f,0.026071373968417133f,2.6708063516812546f,-0.01777700337504757f,0.026044247591710312f,-0.9995027140125157f,4.6479577065991915f,0f,0f,0f,1f], start_interpolation: 0, interpolation_duration: 1 }
$data merge entity $(bone_muzzle1) { transformation: [-0.9998411368540931f,-0.007719085888427162f,0.016066012802226342f,-0.2114263660439371f,-0.0012958415480933641f,0.9304554798913776f,0.36640267566543294f,3.033291809482902f,-0.01777700337504757f,0.3663236487768068f,-0.9303176675189232f,4.1872723263165925f,0f,0f,0f,1f], start_interpolation: 0, interpolation_duration: 1 }
$data merge entity $(bone_jaw_right_tooth1) { transformation: [-0.9998411368540931f,0.004413871115548664f,0.01726901259741104f,-0.5836015355064008f,-0.0012958415480933641f,0.9482893500141276f,-0.3174045202016904f,2.5842967065839697f,-0.01777700337504757f,-0.31737647422510423f,-0.9481329821071751f,4.6208255602806325f,0f,0f,0f,1f], start_interpolation: 0, interpolation_duration: 1 }
$data merge entity $(bone_jaw_left_tooth1) { transformation: [-0.9998411368540931f,0.004413871115548664f,0.01726901259741104f,0.14626296624988297f,-0.0012958415480933641f,0.9482893500141276f,-0.3174045202016904f,2.5852426456046724f,-0.01777700337504757f,-0.31737647422510423f,-0.9481329821071751f,4.63380242553732f,0f,0f,0f,1f], start_interpolation: 0, interpolation_duration: 1 }
$data merge entity $(bone_tongue1) { transformation: [-0.9998411368540931f,-0.0032978743228981953f,0.01751642312986829f,-0.2045673910048425f,-0.0012958415480933641f,0.9935829688780065f,0.11309820843076468f,2.6675113422350156f,-0.01777700337504757f,0.11305754278471139f,-0.993429398684419f,3.828162765547646f,0f,0f,0f,1f], start_interpolation: 0, interpolation_duration: 1 }
$data merge entity $(bone_jaw_lips1) { transformation: [-0.9998411368540931f,-0.0032978743228981953f,0.01751642312986829f,-0.16373545862670083f,-0.0012958415480933641f,0.9935829688780065f,0.11309820843076468f,2.4376511636579923f,-0.01777700337504757f,0.11305754278471139f,-0.993429398684419f,4.707093826148845f,0f,0f,0f,1f], start_interpolation: 0, interpolation_duration: 1 }
$data merge entity $(bone_jaw3) { transformation: [-0.9998411368540931f,0.0013480819277412771f,0.01777311816846761f,-0.1478809701963997f,-0.0012958415480933641f,0.9889994205090903f,-0.14791371480483356f,2.2214576269478923f,-0.01777700337504757f,-0.14791324791173865f,-0.9888405580492761f,3.8311409537456513f,0f,0f,0f,1f], start_interpolation: 0, interpolation_duration: 1 }
$data merge entity $(bone_jaw1) { transformation: [-0.9998411368540931f,-0.011614254507052389f,0.013520730252454167f,-0.1357334391102104f,-0.0012958415480933641f,0.8039189876005344f,0.5947374060625529f,2.7557920152072173f,-0.01777700337504757f,0.5946254034832157f,-0.8038063247346503f,3.1089712088668637f,0f,0f,0f,1f], start_interpolation: 0, interpolation_duration: 1 }
$data merge entity $(bone_tear_right1) { transformation: [-0.9998411368540931f,-0.009089957714937372f,0.015332114109113152f,-0.8172526381938121f,-0.0012958415480933641f,0.8949807185358509f,0.44610294130809547f,3.112820888257027f,-0.01777700337504757f,0.44601220400095837f,-0.8948503182282558f,4.141238645336515f,0f,0f,0f,1f], start_interpolation: 0, interpolation_duration: 1 }
$data merge entity $(bone_right_pupil1) { transformation: [-0.9998411368540931f,-0.009089957714937372f,0.015332114109113152f,-0.6340336667428558f,-0.0012958415480933641f,0.8949807185358509f,0.44610294130809547f,3.1835118698373446f,-0.01777700337504757f,0.44601220400095837f,-0.8948503182282558f,4.254919558682548f,0f,0f,0f,1f], start_interpolation: 0, interpolation_duration: 1 }
$data merge entity $(bone_right_sad_pupil1) { transformation: [-0.9998411368540931f,-0.009089957714937372f,0.015332114109113152f,-0.6338614799144819f,-0.0012958415480933641f,0.8949807185358509f,0.44610294130809547f,3.188521814978988f,-0.01777700337504757f,0.44601220400095837f,-0.8948503182282558f,4.244869970147759f,0f,0f,0f,1f], start_interpolation: 0, interpolation_duration: 1 }
$data merge entity $(bone_right_happy_pupil1) { transformation: [-0.9998411368540931f,-0.009089957714937372f,0.015332114109113152f,-0.6616776242541468f,-0.0012958415480933641f,0.8949807185358509f,0.44610294130809547f,3.1633581223299263f,-0.01777700337504757f,0.44601220400095837f,-0.8948503182282558f,4.2318487113219465f,0f,0f,0f,1f], start_interpolation: 0, interpolation_duration: 1 }
$data merge entity $(bone_eyelid_right1) { transformation: [-0.9998411368540931f,-0.009089957714937372f,0.015332114109113152f,-0.1924369980150317f,-0.0012958415480933641f,0.8949807185358509f,0.44610294130809547f,3.3893240945284333f,-0.01777700337504757f,0.44601220400095837f,-0.8948503182282558f,3.7250322163146894f,0f,0f,0f,1f], start_interpolation: 0, interpolation_duration: 1 }
$data merge entity $(bone_eyelid_expressions_right5) { transformation: [-0.9998411368540931f,-0.009089957714937372f,0.015332114109113152f,-0.764011838844788f,-0.0012958415480933641f,0.8949807185358509f,0.44610294130809547f,3.288864986916251f,-0.01777700337504757f,0.44601220400095837f,-0.8948503182282558f,4.292663330797854f,0f,0f,0f,1f], start_interpolation: 0, interpolation_duration: 1 }
$data merge entity $(bone_eyelid_expressions_right7) { transformation: [-0.9998411368540931f,-0.009089957714937372f,0.015332114109113152f,-0.4271512995726569f,-0.0012958415480933641f,0.8949807185358509f,0.44610294130809547f,3.2893015741565756f,-0.01777700337504757f,0.44601220400095837f,-0.8948503182282558f,4.298652653224017f,0f,0f,0f,1f], start_interpolation: 0, interpolation_duration: 1 }
$data merge entity $(bone_eyelid_expressions_right6) { transformation: [-0.9998411368540931f,-0.009089957714937372f,0.015332114109113152f,-0.5394381459967006f,-0.0012958415480933641f,0.8949807185358509f,0.44610294130809547f,3.2891560450764676f,-0.01777700337504757f,0.44601220400095837f,-0.8948503182282558f,4.296656212415296f,0f,0f,0f,1f], start_interpolation: 0, interpolation_duration: 1 }
$data merge entity $(bone_right_eye1) { transformation: [-0.9998411368540931f,-0.009089957714937372f,0.015332114109113152f,-0.2038378694858099f,-0.0012958415480933641f,0.8949807185358509f,0.44610294130809547f,3.3842995964787788f,-0.01777700337504757f,0.44601220400095837f,-0.8948503182282558f,3.734882160768607f,0f,0f,0f,1f], start_interpolation: 0, interpolation_duration: 1 }
$data merge entity $(bone_tear_left1) { transformation: [-0.9998411368540931f,-0.009089957714937372f,0.015332114109113152f,0.3954453031858594f,-0.0012958415480933641f,0.8949807185358509f,0.44610294130809547f,3.114392602322195f,-0.01777700337504757f,0.44601220400095837f,-0.8948503182282558f,4.162800206070704f,0f,0f,0f,1f], start_interpolation: 0, interpolation_duration: 1 }
$data merge entity $(bone_left_sad_pupil1) { transformation: [-0.9998411368540931f,-0.009089957714937372f,0.015332114109113152f,0.20828986826584545f,-0.0012958415480933641f,0.8949807185358509f,0.44610294130809547f,3.189613283079799f,-0.01777700337504757f,0.44601220400095837f,-0.8948503182282558f,4.259843276213167f,0f,0f,0f,1f], start_interpolation: 0, interpolation_duration: 1 }
$data merge entity $(bone_left_pupil1) { transformation: [-0.9998411368540931f,-0.009089957714937372f,0.015332114109113152f,0.2081176814374716f,-0.0012958415480933641f,0.8949807185358509f,0.44610294130809547f,3.1846033379381558f,-0.01777700337504757f,0.44601220400095837f,-0.8948503182282558f,4.269892864747957f,0f,0f,0f,1f], start_interpolation: 0, interpolation_duration: 1 }
$data merge entity $(bone_eyelid_left1) { transformation: [-0.9998411368540931f,-0.009089957714937372f,0.015332114109113152f,-0.21489436729984043f,-0.0012958415480933641f,0.8949807185358509f,0.44610294130809547f,3.3892949887124115f,-0.01777700337504757f,0.44601220400095837f,-0.8948503182282558f,3.724632928152945f,0f,0f,0f,1f], start_interpolation: 0, interpolation_duration: 1 }
$data merge entity $(bone_left_happy_pupil1) { transformation: [-0.9998411368540931f,-0.009089957714937372f,0.015332114109113152f,0.23661714713820248f,-0.0012958415480933641f,0.8949807185358509f,0.44610294130809547f,3.1645223549707917f,-0.01777700337504757f,0.44601220400095837f,-0.8948503182282558f,4.247820237791716f,0f,0f,0f,1f], start_interpolation: 0, interpolation_duration: 1 }
$data merge entity $(bone_eyelid_expressions_left5) { transformation: [-0.9998411368540931f,-0.009089957714937372f,0.015332114109113152f,0.33639925611084f,-0.0012958415480933641f,0.8949807185358509f,0.44610294130809547f,3.290291171901311f,-0.01777700337504757f,0.44601220400095837f,-0.8948503182282558f,4.312228450723321f,0f,0f,0f,1f], start_interpolation: 0, interpolation_duration: 1 }
$data merge entity $(bone_eyelid_expressions_left7) { transformation: [-0.9998411368540931f,-0.009089957714937372f,0.015332114109113152f,-0.000461283161291029f,-0.0012958415480933641f,0.8949807185358509f,0.44610294130809547f,3.2898545846609863f,-0.01777700337504757f,0.44601220400095837f,-0.8948503182282558f,4.3062391282971575f,0f,0f,0f,1f], start_interpolation: 0, interpolation_duration: 1 }
$data merge entity $(bone_eyelid_expressions_left6) { transformation: [-0.9998411368540931f,-0.009089957714937372f,0.015332114109113152f,0.11182556326275267f,-0.0012958415480933641f,0.8949807185358509f,0.44610294130809547f,3.2900001137410944f,-0.01777700337504757f,0.44601220400095837f,-0.8948503182282558f,4.308235569105879f,0f,0f,0f,1f], start_interpolation: 0, interpolation_duration: 1 }
$data merge entity $(bone_left_eye1) { transformation: [-0.9998411368540931f,-0.009089957714937372f,0.015332114109113152f,-0.2038378694858099f,-0.0012958415480933641f,0.8949807185358509f,0.44610294130809547f,3.3842995964787788f,-0.01777700337504757f,0.44601220400095837f,-0.8948503182282558f,3.734882160768607f,0f,0f,0f,1f], start_interpolation: 0, interpolation_duration: 1 }
$data merge entity $(bone_crest_middle5) { transformation: [-0.9998411368540931f,-0.005556012563350999f,0.016936108723969088f,-0.22374346054523525f,-0.0012958415480933641f,0.9703204503492566f,0.2418192391616061f,4.411796706787806f,-0.01777700337504757f,0.24175887648318464f,-0.9701735019018977f,4.779543904749098f,0f,0f,0f,1f], start_interpolation: 0, interpolation_duration: 1 }
$data merge entity $(bone_crest_middle4) { transformation: [-0.9998411368540931f,-0.005556012563350999f,0.016936108723969088f,-0.219999663017196f,-0.0012958415480933641f,0.9703204503492566f,0.2418192391616061f,3.757967497079811f,-0.01777700337504757f,0.24175887648318464f,-0.9701735019018977f,4.616639974306327f,0f,0f,0f,1f], start_interpolation: 0, interpolation_duration: 1 }
$data merge entity $(bone_crest_middle1) { transformation: [-0.9998411368540931f,-0.005556012563350999f,0.016936108723969088f,-0.21861832425586417f,-0.0012958415480933641f,0.9703204503492566f,0.2418192391616061f,3.2472274273308765f,-0.01777700337504757f,0.24175887648318464f,-0.9701735019018977f,4.576178649094256f,0f,0f,0f,1f], start_interpolation: 0, interpolation_duration: 1 }
$data merge entity $(bone_crest_left5) { transformation: [-0.5295478586611683f,-0.8388842821965545f,0.12590562525535728f,-1.323758356610076f,-0.7555153373368768f,0.533903422686802f,0.37966262693615666f,3.792327441397225f,-0.38571445453355324f,0.10592590017030412f,-0.9165173556659981f,4.5623226295732096f,0f,0f,0f,1f], start_interpolation: 0, interpolation_duration: 1 }
$data merge entity $(bone_crest_left4) { transformation: [-0.5295478586611683f,-0.8388842821965545f,0.12590562525535728f,-0.8527051708063467f,-0.7555153373368768f,0.533903422686802f,0.37966262693615666f,3.4925281561971167f,-0.38571445453355324f,0.10592590017030412f,-0.9165173556659981f,4.502842753989299f,0f,0f,0f,1f], start_interpolation: 0, interpolation_duration: 1 }
$data merge entity $(bone_crest_left1) { transformation: [-0.5295478586611683f,-0.8388842821965545f,0.12590562525535728f,-0.32747677047284757f,-0.7555153373368768f,0.533903422686802f,0.37966262693615666f,3.184067888813745f,-0.38571445453355324f,0.10592590017030412f,-0.9165173556659981f,4.385950293238799f,0f,0f,0f,1f], start_interpolation: 0, interpolation_duration: 1 }
$data merge entity $(bone_crest_center1) { transformation: [-0.9998411368540931f,-0.009089957714937372f,0.015332114109113152f,-0.2149347161003664f,-0.0012958415480933641f,0.8949807185358509f,0.44610294130809547f,3.1590861070491254f,-0.01777700337504757f,0.44601220400095837f,-0.8948503182282558f,4.375424579035277f,0f,0f,0f,1f], start_interpolation: 0, interpolation_duration: 1 }
$data merge entity $(bone_crest_right5) { transformation: [-0.5448806438203263f,0.8332022728227266f,-0.09422874589523565f,0.8848995564791633f,0.7541228270243365f,0.5360705261896843f,0.3793773223474718f,3.7951899668363285f,0.36661130063156677f,0.13565531141004905f,-0.9204313069075134f,4.601592187233991f,0f,0f,0f,1f], start_interpolation: 0, interpolation_duration: 1 }
$data merge entity $(bone_crest_right4) { transformation: [-0.5448806438203263f,0.8332022728227266f,-0.09422874589523565f,0.41703695211093295f,0.7541228270243365f,0.5360705261896843f,0.3793773223474718f,3.4941738022278632f,0.36661130063156677f,0.13565531141004905f,-0.9204313069075134f,4.525418550455887f,0f,0f,0f,1f], start_interpolation: 0, interpolation_duration: 1 }
$data merge entity $(bone_crest_right1) { transformation: [-0.5448806438203263f,0.8332022728227266f,-0.09422874589523565f,-0.10290307762476025f,0.7541228270243365f,0.5360705261896843f,0.3793773223474718f,3.1843589469739615f,0.36661130063156677f,0.13565531141004905f,-0.9204313069075134f,4.389943174856241f,0f,0f,0f,1f], start_interpolation: 0, interpolation_duration: 1 }
$data merge entity $(bone_head1) { transformation: [-1.048010566624407f,-0.009527885365266381f,0.016070770648224063f,-0.19385717149496715f,-0.0013582714143426532f,0.9380982791944787f,0.4675948798867405f,3.609591314312332f,-0.018633447548064175f,0.467499771120796f,-0.9379615965803978f,3.157110160759401f,0f,0f,0f,1f], start_interpolation: 0, interpolation_duration: 1 }
$data merge entity $(bone_neck10) { transformation: [-1.4969464140273887f,-0.007046822991879549f,0.036000798606276696f,-0.16609255559043112f,0.00004211981677740507f,1.469177606527569f,0.28932929403686786f,3.37498515435533f,-0.03668396707677096f,0.28924346915301735f,-1.468736458251059f,2.0238623935096163f,0f,0f,0f,1f], start_interpolation: 0, interpolation_duration: 1 }
$data merge entity $(bone_neck9) { transformation: [-1.1451640067309532f,-0.025131158714391585f,0.012488836940162043f,-0.13749255476795336f,0.0000322216598347149f,0.508601297472047f,1.0264077492254486f,2.825064027786511f,-0.028063234813729805f,1.026100040722131f,-0.5084479420553957f,0.8561634050159161f,0f,0f,0f,1f], start_interpolation: 0, interpolation_duration: 1 }
$data merge entity $(bone_neck8) { transformation: [-1.0628319539594462f,-0.02526726543255964f,0.006319836803636324f,-0.11180252589353772f,0.000029905069911957604f,0.25678401614622093f,1.0316744183871298f,2.6218656886109266f,-0.026045616624507387f,1.0313649556516336f,-0.2567062358129838f,-0.19239154532883807f,0f,0f,0f,1f], start_interpolation: 0, interpolation_duration: 1 }
$data merge entity $(bone_neck7) { transformation: [-1.054571724022547f,0.04790839482167289f,0.003142841346212109f,-0.16022058448990925f,0.008882433210201483f,0.12677333114737702f,1.0479867545651842f,2.493743705004535f,0.047182561676779054f,1.0469288042027556f,-0.12704525830667085f,-1.2504578900018357f,0f,0f,0f,1f], start_interpolation: 0, interpolation_duration: 1 }
$data merge entity $(bone_neck6) { transformation: [-1.0338504201443561f,0.17470647911486395f,-0.04947188228113251f,-0.3213818246463958f,-0.07475539071336852f,-0.14890633764993513f,1.036366270379728f,2.6459043595848506f,0.16547341943781252f,1.0242661084780573f,0.15910373564623384f,-2.1886254046990103f,0f,0f,0f,1f], start_interpolation: 0, interpolation_duration: 1 }
$data merge entity $(bone_neck_spine6) { transformation: [-1.272020685961527f,0.005441553213664921f,-0.04380790455271067f,-0.960513124341804f,-0.03826025413123548f,0.494156804201911f,1.172318461140776f,3.458681600799697f,0.022020353232630862f,1.1729300110732466f,-0.49369592026259757f,-6.056360466281126f,0f,0f,0f,1f], start_interpolation: 0, interpolation_duration: 1 }
$data merge entity $(bone_neck_spine7) { transformation: [-0.9793923894963807f,-0.2005587516291223f,-0.023806187043243554f,-0.7523203722427529f,-0.0650180526353863f,0.20149560256586255f,0.9773291026967947f,2.7276777720771634f,-0.19121506276460531f,0.9587365171367929f,-0.2103831991399028f,-9.33770716796719f,0f,0f,0f,1f], start_interpolation: 0, interpolation_duration: 1 }
$data merge entity $(bone_tail6) { transformation: [-1.6425518958176846f,-0.3686590996596503f,-0.3625130001958459f,0.13177918034587482f,-0.18499794504419098f,-0.7083764971158787f,1.5586149095239625f,4.007881689785954f,-0.482805310039444f,1.5256458121396002f,0.636086335355306f,-12.642583082991003f,0f,0f,0f,1f], start_interpolation: 0, interpolation_duration: 1 }
$data merge entity $(bone_tail5) { transformation: [-1.3568906965450438f,-0.24791581462070134f,-0.34780127330171645f,-0.02479922888825231f,-0.15282438938433168f,-0.79987133902431f,1.1663751052884308f,3.5026997914548113f,-0.3988391691630189f,1.1499234448815479f,0.7363312619147317f,-11.916315644118447f,0f,0f,0f,1f], start_interpolation: 0, interpolation_duration: 1 }
$data merge entity $(bone_tail4) { transformation: [-1.0071523528327906f,-0.15525650779190522f,-0.2453869454490396f,-0.09133773222764027f,-0.1065067781423374f,-0.6265265398421115f,0.8335442394428643f,3.2341884172367634f,-0.270140042234184f,0.8258541697460312f,0.5862290046730715f,-11.56237814279872f,0f,0f,0f,1f], start_interpolation: 0, interpolation_duration: 1 }
$data merge entity $(bone_segment18) { transformation: [-0.9333069760942776f,-0.27227081471604786f,-0.2341082908134937f,-0.24422417603792104f,-0.02272275810931023f,-0.6058789614229343f,0.7952322681889687f,2.8939731801096276f,-0.35835982564687896f,0.7475154095795792f,0.5592843175017627f,-11.142630720427373f,0f,0f,0f,1f], start_interpolation: 0, interpolation_duration: 1 }
$data merge entity $(bone_segment17) { transformation: [-0.9479011256759498f,-0.26193396152347f,-0.18131203970748566f,-0.43543085205236837f,-0.04579627107694308f,-0.4511968219372298f,0.8912486350223435f,2.5646083125333776f,-0.31525570176876194f,0.8531189997147907f,0.4156943767095247f,-10.519870513116038f,0f,0f,0f,1f], start_interpolation: 0, interpolation_duration: 1 }
$data merge entity $(bone_segment16) { transformation: [-0.9614732141100235f,-0.24154968354099146f,-0.13123646189298105f,-0.6660117267216256f,-0.06019770362904479f,-0.2808096644408044f,0.9578737750008778f,2.29655025883134f,-0.2682265740502432f,0.9288701108001536f,0.25545023436156716f,-9.633180539183273f,0f,0f,0f,1f], start_interpolation: 0, interpolation_duration: 1 }
$data merge entity $(bone_segment15) { transformation: [-0.9793923894963807f,-0.18756338328879965f,-0.07490343547414019f,-0.8871863217618849f,-0.0650180526353863f,-0.05832157870884333f,0.9961783205272087f,2.227777498781605f,-0.19121506276460531f,0.9805195412158632f,0.04492470440371299f,-8.476952662212419f,0f,0f,0f,1f], start_interpolation: 0, interpolation_duration: 1 }
$data merge entity $(bone_segment14) { transformation: [-1.0459382315513444f,-0.05605982673131812f,-0.03931551387522775f,-0.9502536268346178f,-0.046939356760166806f,0.14886881963373474f,1.0364892519235172f,2.3952549208695566f,-0.04985088355646683f,1.0360359879815397f,-0.1510613088812832f,-7.311412175733186f,0f,0f,0f,1f], start_interpolation: 0, interpolation_duration: 1 }
$data merge entity $(bone_segment13) { transformation: [-1.0250990233925248f,0.010449108131256539f,-0.034006178881807f,-0.9367381204100373f,-0.030833263623407416f,0.22812795762138416f,0.9995501771442057f,2.642647970662594f,0.0177458140757084f,0.999971031037372f,-0.22767660176670138f,-6.100835559314831f,0f,0f,0f,1f], start_interpolation: 0, interpolation_duration: 1 }
$data merge entity $(bone_segment12) { transformation: [-1.1045556028110353f,0.15206946796523452f,-0.036134172236232484f,-0.7530300383043849f,-0.01165531521406332f,0.17704270078926865f,1.1013600305604785f,2.856525058864395f,0.15586839037369965f,1.0908733382944547f,-0.1737074721256975f,-4.78300199627455f,0f,0f,0f,1f], start_interpolation: 0, interpolation_duration: 1 }
$data merge entity $(bone_segment11) { transformation: [-1.167865765543554f,0.2303105081199958f,-0.013017849370211783f,-0.48686924005310417f,-0.012144941194619625f,0.005697479101414042f,1.1903540985843728f,2.863109411432721f,0.2303581883851655f,1.1679244194136642f,-0.0032398244560924946f,-3.4332776684278015f,0f,0f,0f,1f], start_interpolation: 0, interpolation_duration: 1 }
$data merge entity $(bone_segment10) { transformation: [-1.039033286297929f,0.1363451506432154f,0.02224922214771452f,-0.31444421190411903f,0f,-0.16881191323542938f,1.0344939516376919f,2.6654578827618725f,0.1381485721609147f,1.0254695197181853f,0.16733927860495806f,-2.1364467216050302f,0f,0f,0f,1f], start_interpolation: 0, interpolation_duration: 1 }