# This file was generated by Animated Java via MC-Build. It is not recommended to edit this file directly.
$data merge entity $(bone_neck_spine5) { transformation: [-1.5706055180275131f,-0.01923198344585202f,0.0696249460388146f,0.03547293096228166f,0.039383099262411195f,1.0424330701586644f,1.1763509090780309f,3.4338048631185005f,-0.06055141443976717f,1.1768528457751042f,-1.0408506622743843f,0.6077777749157194f,0f,0f,0f,1f], start_interpolation: 0, interpolation_duration: 1 }
$data merge entity $(bone_neck_spine2) { transformation: [-1.4958147790738214f,0.03393638626053699f,0.059839368946688204f,-0.1394817350699635f,0.037507713583248746f,1.4942068549584175f,0.0901849638302208f,4.281840517580801f,-0.05766801375215919f,0.09158863448527259f,-1.4934792278123694f,2.7813064656609736f,0f,0f,0f,1f], start_interpolation: 0, interpolation_duration: 1 }
$data merge entity $(bone_scale_neck_left1) { transformation: [-1.5819753617216032f,0.42738576076401263f,0.16658465487445429f,0.6267334056686141f,0.4582640154489853f,1.4463705594318412f,0.6411406848664859f,3.364357456285371f,0.02007804492591459f,0.6621243819273389f,-1.5080594337780473f,2.7227536346610854f,0f,0f,0f,1f], start_interpolation: 0, interpolation_duration: 1 }
$data merge entity $(bone_scale_neck_right1) { transformation: [-1.5966861164734147f,-0.40414485582191034f,-0.017761244646837725f,-0.9438721123588983f,-0.3785587431317362f,1.4672212774745645f,0.6457631777688305f,3.403740555547782f,-0.14262469736072278f,0.6300664562379632f,-1.515166504798786f,2.6622022202213187f,0f,0f,0f,1f], start_interpolation: 0, interpolation_duration: 1 }
$data merge entity $(bone_blush_right1) { transformation: [-0.9969156003716525f,-0.0007455835814682756f,0.07847757540056051f,-0.9122071555532195f,0.031500967007672284f,0.9120676386103939f,0.4088279732078536f,2.7736459511899842f,-0.07188167230392713f,0.4100391038727683f,-0.9092309709210349f,3.858621196288428f,0f,0f,0f,1f], start_interpolation: 0, interpolation_duration: 1 }
$data merge entity $(bone_blush_left1) { transformation: [-0.9969156003716525f,-0.0007455835814682756f,0.07847757540056051f,0.4089007250174176f,0.031500967007672284f,0.9120676386103939f,0.4088279732078536f,2.7319010173722f,-0.07188167230392713f,0.4100391038727683f,-0.9092309709210349f,3.9538784514802536f,0f,0f,0f,1f], start_interpolation: 0, interpolation_duration: 1 }
$data merge entity $(bone_left_head_scales) { transformation: [-0.9205118489052833f,-0.0007455835814682756f,-0.3907139364421239f,0.4503991915953982f,-0.16083405068902093f,0.9120676386103939f,0.3771803689730171f,3.5580353513144285f,0.356076317892581f,0.4100391038727683f,-0.8396889835714642f,3.896618103414504f,0f,0f,0f,1f], start_interpolation: 0, interpolation_duration: 1 }
$data merge entity $(bone_left_head_scales2) { transformation: [-0.8616383400597507f,-0.0007455835814682756f,-0.5075222310837233f,0.4378489524726972f,-0.20869001043176674f,0.9120676386103939f,0.35296048241361094f,2.669729635591853f,0.4626314413062154f,0.4100391038727683f,-0.7860280419998708f,3.6813899461107265f,0f,0f,0f,1f], start_interpolation: 0, interpolation_duration: 1 }
$data merge entity $(bone_left_head_scales1) { transformation: [-0.9969156003716525f,-0.0007455835814682756f,0.07847757540056051f,0.45048292412652013f,0.031500967007672284f,0.9120676386103939f,0.4088279732078536f,3.4556058801814253f,-0.07188167230392713f,0.4100391038727683f,-0.9092309709210349f,3.850568789991293f,0f,0f,0f,1f], start_interpolation: 0, interpolation_duration: 1 }
$data merge entity $(bone_right_head_scales) { transformation: [-0.84803802568277f,-0.0007455835814682756f,0.5299348555258396f,-0.8931003479679616f,0.21671744867181106f,0.9120676386103939f,0.3480893133103067f,3.600487826383362f,-0.4835959619736816f,0.4100391038727683f,-0.7733064585647572f,3.799746318473665f,0f,0f,0f,1f], start_interpolation: 0, interpolation_duration: 1 }
$data merge entity $(bone_right_head_scales2) { transformation: [-0.7716125639963027f,-0.0007455835814682756f,0.6360923637241487f,-0.9056505870906626f,0.26029817347459644f,0.9120676386103939f,0.31682405761786586f,2.7121821106607866f,-0.5803954789355621f,0.4100391038727683f,-0.7035687751217904f,3.5845181611698873f,0f,0f,0f,1f], start_interpolation: 0, interpolation_duration: 1 }
$data merge entity $(bone_right_head_scales1) { transformation: [-0.9969156003716525f,-0.0007455835814682756f,0.07847757540056051f,-0.8930166154368396f,0.031500967007672284f,0.9120676386103939f,0.4088279732078536f,3.498058355250359f,-0.07188167230392713f,0.4100391038727683f,-0.9092309709210349f,3.7536970050504537f,0f,0f,0f,1f], start_interpolation: 0, interpolation_duration: 1 }
$data merge entity $(bone_head_left_fin1) { transformation: [-0.573681948038138f,0.15290860395526173f,-0.8638189505659122f,0.45740694233324275f,-0.09508745931898122f,1.0152113256516497f,0.24285703072806974f,3.1059305176136927f,0.8720794663335456f,0.21128208899536752f,-0.5417679219871967f,3.6013011637259775f,0f,0f,0f,1f], start_interpolation: 0, interpolation_duration: 1 }
$data merge entity $(bone_head_right_fin1) { transformation: [-0.4356564295939353f,-0.1175429227967674f,0.9460773407491754f,-0.886092597230117f,0.12698096657427155f,1.0237571690693013f,0.18566715092403194f,3.148382992682626f,-0.9448568714395327f,0.19178143315966925f,-0.4112670329772312f,3.5044293787851384f,0f,0f,0f,1f], start_interpolation: 0, interpolation_duration: 1 }
$data merge entity $(bone_right_whisker16) { transformation: [-0.11717062577830041f,-0.39749854029791115f,0.9100911794516812f,-1.1757179267972768f,0.9803167522237484f,-0.1929231001749569f,0.04194928757876346f,2.054030397611686f,0.15890283120260568f,0.8970928535441105f,0.4122793984131178f,1.4965734056588853f,0f,0f,0f,1f], start_interpolation: 0, interpolation_duration: 1 }
$data merge entity $(bone_right_whisker15) { transformation: [0.46939352355664987f,-0.21605839841111957f,0.856147468908888f,-1.333863205729937f,0.44178469111887f,0.8969810702695931f,-0.015850749856712587f,1.90518692257652f,-0.764523385342841f,0.38567308443037296f,0.516488397943153f,1.7541520852909949f,0f,0f,0f,1f], start_interpolation: 0, interpolation_duration: 1 }
$data merge entity $(bone_right_whisker14) { transformation: [0.6942579550109478f,-0.1621371159760116f,0.7012256751766858f,-1.5677684737756175f,-0.1887627957288182f,0.8991702527912102f,0.3947929374292699f,1.9687837629343736f,-0.6945318558947876f,-0.40645345627558915f,0.5936506456064627f,1.988149634396172f,0f,0f,0f,1f], start_interpolation: 0, interpolation_duration: 1 }
$data merge entity $(bone_right_whisker13) { transformation: [0.24494787427671427f,-0.36944721911558365f,0.8963867977469779f,-1.6502948571989244f,0.2598347383617672f,0.9157459530880672f,0.3064233315909535f,1.881241785654286f,-0.9340698301667768f,0.15785468536153563f,0.3203052461038056f,2.302850895536346f,0f,0f,0f,1f], start_interpolation: 0, interpolation_duration: 1 }
$data merge entity $(bone_right_whisker12) { transformation: [-0.42001469182840145f,-0.2633897166799929f,0.8684546711230969f,-1.4616163823541346f,-0.2725608503375185f,0.9493884378528815f,0.15611590865300817f,2.003681230141843f,-0.8656201485129501f,-0.17113576837849692f,-0.4705468172986825f,2.6917036966261474f,0f,0f,0f,1f], start_interpolation: 0, interpolation_duration: 1 }
$data merge entity $(bone_right_whisker11) { transformation: [-0.8807237292744982f,-0.16623846325722322f,0.4434980112995974f,-1.0659787695941059f,-0.13919707780125865f,0.9858771132074926f,0.09311547231932682f,2.0662111674353776f,-0.4527139121171462f,0.02027537885066044f,-0.8914252760540566f,2.895071274335022f,0f,0f,0f,1f], start_interpolation: 0, interpolation_duration: 1 }
$data merge entity $(bone_right_whisker10) { transformation: [-0.44091619489621786f,-0.5228731383815824f,0.7295180534004867f,-0.8679109476680706f,-0.43847802934906677f,0.8346808862149948f,0.33323390578617595f,2.263183719682029f,-0.7831538334557263f,-0.17294941267996694f,-0.5972927036196365f,3.2468786604577113f,0f,0f,0f,1f], start_interpolation: 0, interpolation_duration: 1 }
$data merge entity $(bone_right_whisker1) { transformation: [0.09524252380678325f,-0.5398976170075412f,0.8363249516835505f,-0.9106956751593991f,-0.649796840780716f,0.6027413376501249f,0.46310576070606063f,2.555084644251491f,-0.7541173167155859f,-0.5875486729091612f,-0.29341715967606263f,3.585642298826041f,0f,0f,0f,1f], start_interpolation: 0, interpolation_duration: 1 }
$data merge entity $(bone_left_whisker16) { transformation: [-0.15452466294192346f,0.2519136102145757f,-0.9553332724925604f,0.962496589078836f,-0.9717316078816146f,-0.21344350402865198f,0.10089377003454386f,1.9864661776367671f,-0.17849316733841014f,0.9439181127495281f,0.27777470301824203f,1.6507473749381374f,0f,0f,0f,1f], start_interpolation: 0, interpolation_duration: 1 }
$data merge entity $(bone_left_whisker15) { transformation: [0.3262923937280297f,0.21445946961785883f,-0.9206195792434897f,1.072429085012596f,-0.46692711623440614f,0.8833773819012516f,0.04029229790309935f,1.8291518660148236f,0.8218955784771289f,0.41671517495349f,0.388376262203586f,1.9276555532336546f,0f,0f,0f,1f], start_interpolation: 0, interpolation_duration: 1 }
$data merge entity $(bone_left_whisker14) { transformation: [0.5980211782745432f,0.27486743091511145f,-0.7528735390205012f,1.2739108296461088f,0.14792880504078673f,0.8853615955601588f,0.4407401884856596f,1.8789911606818854f,0.7877104410723097f,-0.3749436498052689f,0.48880417397601217f,2.193046278008993f,0f,0f,0f,1f], start_interpolation: 0, interpolation_duration: 1 }
$data merge entity $(bone_left_whisker13) { transformation: [0.09174005297318122f,0.3997882515868927f,-0.9120049981077811f,1.3048193435872686f,-0.27047354799041223f,0.8914393205359271f,0.36356567170171994f,1.7878648188296469f,0.9583464000652145f,0.213319693642055f,0.18991283733993292f,2.5159266569372147f,0f,0f,0f,1f], start_interpolation: 0, interpolation_duration: 1 }
$data merge entity $(bone_left_whisker12) { transformation: [-0.5217824263026939f,0.3443011160072056f,-0.7805125502628814f,1.0704248942716053f,0.30232015988700117f,0.9301863621062406f,0.20822068263612942f,1.9236727031538856f,0.7977127431146954f,-0.12731878599700222f,-0.5894440653740418f,2.8742741782582693f,0f,0f,0f,1f], start_interpolation: 0, interpolation_duration: 1 }
$data merge entity $(bone_left_whisker11) { transformation: [-0.926014757292495f,0.2232053632665803f,-0.3044273888557921f,0.6544417025191169f,0.19628717593556486f,0.9735713000312372f,0.11674874011623118f,2.0118485829686903f,0.3224407136820074f,0.04835586380699519f,-0.9453537415146338f,3.019120592607609f,0f,0f,0f,1f], start_interpolation: 0, interpolation_duration: 1 }
$data merge entity $(bone_left_whisker10) { transformation: [-0.52018652533527f,0.5936434967234469f,-0.6139978645382879f,0.42076416184116366f,0.4688473655995068f,0.7994007143801385f,0.37568689838604497f,2.222463610484094f,0.7138544155708648f,-0.09244401898707749f,-0.6941656695080043f,3.339797380852333f,0f,0f,0f,1f], start_interpolation: 0, interpolation_duration: 1 }
$data merge entity $(bone_left_whisker1) { transformation: [0.026801424835443677f,0.6553110224034514f,-0.7548835324361856f,0.4328038644039606f,0.6459404437113636f,0.5649746220893147f,0.5133854493195174f,2.5126321691825577f,0.762917182140209f,-0.5013692654237785f,-0.40814976771237266f,3.68251408376688f,0f,0f,0f,1f], start_interpolation: 0, interpolation_duration: 1 }
$data merge entity $(bone_upper_left_tooth1) { transformation: [-0.9969156003716525f,0.006097024962228248f,0.0782439264239569f,-0.002955641534590936f,0.031500967007672284f,0.9442286515456828f,0.3277803268620664f,2.5216995447894544f,-0.07188167230392713f,0.3292340806885451f,-0.9415083352259603f,4.652309089863538f,0f,0f,0f,1f], start_interpolation: 0, interpolation_duration: 1 }
$data merge entity $(bone_upper_right_tooth1) { transformation: [-0.9969156003716525f,0.006097024962228248f,0.0782439264239569f,-0.6747054113162707f,0.031500967007672284f,0.9442286515456828f,0.3277803268620664f,2.542925782323921f,-0.07188167230392713f,0.3292340806885451f,-0.9415083352259603f,4.603873197393118f,0f,0f,0f,1f], start_interpolation: 0, interpolation_duration: 1 }
$data merge entity $(bone_top_lip1) { transformation: [-0.9969156003716525f,0.03249032829563818f,0.07143993493046637f,-0.3100873974866146f,0.031500967007672284f,0.9993921705648054f,-0.01493246434278045f,2.6480736596765144f,-0.07188167230392713f,-0.012635979622036442f,-0.9973331224850512f,4.670781315247756f,0f,0f,0f,1f], start_interpolation: 0, interpolation_duration: 1 }
$data merge entity $(bone_muzzle1) { transformation: [-0.9969156003716525f,0.006097024962228248f,0.0782439264239569f,-0.26512451223294314f,0.031500967007672284f,0.9442286515456828f,0.3277803268620664f,2.991191951021552f,-0.07188167230392713f,0.3292340806885451f,-0.9415083352259603f,4.197564114235887f,0f,0f,0f,1f], start_interpolation: 0, interpolation_duration: 1 }
$data merge entity $(bone_jaw_right_tooth1) { transformation: [-0.9969156003716525f,0.054964818530417354f,0.05601923294321248f,-0.6754497058390205f,0.031500967007672284f,0.9340142443562364f,-0.3558441799681854f,2.572803232444069f,-0.07188167230392713f,-0.35298195430300283f,-0.932864816103182f,4.627289004754857f,0f,0f,0f,1f], start_interpolation: 0, interpolation_duration: 1 }
$data merge entity $(bone_jaw_left_tooth1) { transformation: [-0.9969156003716525f,0.054964818530417354f,0.05601923294321248f,0.05227921142446601f,0.031500967007672284f,0.9340142443562364f,-0.3558441799681854f,2.54980814178173f,-0.07188167230392713f,-0.35298195430300283f,-0.932864816103182f,4.679761221597811f,0f,0f,0f,1f], start_interpolation: 0, interpolation_duration: 1 }
$data merge entity $(bone_tongue1) { transformation: [-0.9969156003716525f,0.02614029219666582f,0.07399980310447148f,-0.2523396380401507f,0.031500967007672284f,0.9968906316519086f,0.07222712511404791f,2.611180134444308f,-0.07188167230392713f,0.07433541315235756f,-0.9946392670401963f,3.853718743977872f,0f,0f,0f,1f], start_interpolation: 0, interpolation_duration: 1 }
$data merge entity $(bone_jaw_lips1) { transformation: [-0.9969156003716525f,0.02614029219666582f,0.07399980310447148f,-0.2662207082141011f,0.031500967007672284f,0.9968906316519086f,0.07222712511404791f,2.4157712673661074f,-0.07188167230392713f,0.07433541315235756f,-0.9946392670401963f,4.741775863900224f,0f,0f,0f,1f], start_interpolation: 0, interpolation_duration: 1 }
$data merge entity $(bone_jaw3) { transformation: [-0.9969156003716525f,0.04440214171677597f,0.06471271549387304f,-0.21182032033196918f,0.031500967007672284f,0.9816161626507192f,-0.18824823584952505f,2.1639615679081627f,-0.07188167230392713f,-0.18562908994508448f,-0.9799871765247494f,3.8769539644046183f,0f,0f,0f,1f], start_interpolation: 0, interpolation_duration: 1 }
$data merge entity $(bone_jaw1) { transformation: [-0.9969156003716525f,-0.01436174444757502f,0.07715585546185177f,-0.1425006064404617f,0.031500967007672284f,0.8272190492482442f,0.5609958410170368f,2.6679812688219067f,-0.07188167230392713f,0.5616959897108518f,-0.8242151662821653f,3.1364481509479853f,0f,0f,0f,1f], start_interpolation: 0, interpolation_duration: 1 }
$data merge entity $(bone_tear_right1) { transformation: [-0.9969156003716525f,-0.0007455835814682756f,0.07847757540056051f,-0.8644531315533455f,0.031500967007672284f,0.9120676386103939f,0.4088279732078536f,3.0890582790324936f,-0.07188167230392713f,0.4100391038727683f,-0.9092309709210349f,4.11572992769135f,0f,0f,0f,1f], start_interpolation: 0, interpolation_duration: 1 }
$data merge entity $(bone_right_pupil1) { transformation: [-0.9969156003716525f,-0.0007455835814682756f,0.07847757540056051f,-0.6850940754097199f,0.031500967007672284f,0.9120676386103939f,0.4088279732078536f,3.1581025675007584f,-0.07188167230392713f,0.4100391038727683f,-0.9092309709210349f,4.236365625744216f,0f,0f,0f,1f], start_interpolation: 0, interpolation_duration: 1 }
$data merge entity $(bone_right_sad_pupil1) { transformation: [-0.9969156003716525f,-0.0007455835814682756f,0.07847757540056051f,-0.6842127354516081f,0.031500967007672284f,0.9120676386103939f,0.4088279732078536f,3.162693897277995f,-0.07188167230392713f,0.4100391038727683f,-0.9092309709210349f,4.226154535738755f,0f,0f,0f,1f], start_interpolation: 0, interpolation_duration: 1 }
$data merge entity $(bone_right_happy_pupil1) { transformation: [-0.9969156003716525f,-0.0007455835814682756f,0.07847757540056051f,-0.712181018061131f,0.031500967007672284f,0.9120676386103939f,0.4088279732078536f,3.137971272512328f,-0.07188167230392713f,0.4100391038727683f,-0.9092309709210349f,4.2126242183869635f,0f,0f,0f,1f], start_interpolation: 0, interpolation_duration: 1 }
$data merge entity $(bone_eyelid_right1) { transformation: [-0.9969156003716525f,-0.0007455835814682756f,0.07847757540056051f,-0.20906407740400376f,0.031500967007672284f,0.9120676386103939f,0.4088279732078536f,3.3274254701680492f,-0.07188167230392713f,0.4100391038727683f,-0.9092309709210349f,3.723655102255102f,0f,0f,0f,1f], start_interpolation: 0, interpolation_duration: 1 }
$data merge entity $(bone_eyelid_expressions_right5) { transformation: [-0.9969156003716525f,-0.0007455835814682756f,0.07847757540056051f,-0.8130481489243414f,0.031500967007672284f,0.9120676386103939f,0.4088279732078536f,3.269191719284444f,-0.07188167230392713f,0.4100391038727683f,-0.9092309709210349f,4.2629203289376125f,0f,0f,0f,1f], start_interpolation: 0, interpolation_duration: 1 }
$data merge entity $(bone_eyelid_expressions_right7) { transformation: [-0.9969156003716525f,-0.0007455835814682756f,0.07847757540056051f,-0.47717326403350147f,0.031500967007672284f,0.9120676386103939f,0.4088279732078536f,3.258578600517211f,-0.07188167230392713f,0.4100391038727683f,-0.9092309709210349f,4.287138275172821f,0f,0f,0f,1f], start_interpolation: 0, interpolation_duration: 1 }
$data merge entity $(bone_eyelid_expressions_right6) { transformation: [-0.9969156003716525f,-0.0007455835814682756f,0.07847757540056051f,-0.5891315589971148f,0.031500967007672284f,0.9120676386103939f,0.4088279732078536f,3.2621163067729553f,-0.07188167230392713f,0.4100391038727683f,-0.9092309709210349f,4.279065626427752f,0f,0f,0f,1f], start_interpolation: 0, interpolation_duration: 1 }
$data merge entity $(bone_right_eye1) { transformation: [-0.9969156003716525f,-0.0007455835814682756f,0.07847757540056051f,-0.22114124685847686f,0.031500967007672284f,0.9120676386103939f,0.4088279732078536f,3.323187911016387f,-0.07188167230392713f,0.4100391038727683f,-0.9092309709210349f,3.733058927386056f,0f,0f,0f,1f], start_interpolation: 0, interpolation_duration: 1 }
$data merge entity $(bone_tear_left1) { transformation: [-0.9969156003716525f,-0.0007455835814682756f,0.07847757540056051f,0.3446964540536784f,0.031500967007672284f,0.9120676386103939f,0.4088279732078536f,3.0508510514704534f,-0.07188167230392713f,0.4100391038727683f,-0.9092309709210349f,4.202914534138105f,0f,0f,0f,1f], start_interpolation: 0, interpolation_duration: 1 }
$data merge entity $(bone_left_sad_pupil1) { transformation: [-0.9969156003716525f,-0.0007455835814682756f,0.07847757540056051f,0.1554744767754917f,0.031500967007672284f,0.9120676386103939f,0.4088279732078536f,3.1361611003599115f,-0.07188167230392713f,0.4100391038727683f,-0.9092309709210349f,4.286699401326779f,0f,0f,0f,1f], start_interpolation: 0, interpolation_duration: 1 }
$data merge entity $(bone_left_pupil1) { transformation: [-0.9969156003716525f,-0.0007455835814682756f,0.07847757540056051f,0.15459313681737996f,0.031500967007672284f,0.9120676386103939f,0.4088279732078536f,3.131569770582675f,-0.07188167230392713f,0.4100391038727683f,-0.9092309709210349f,4.29691049133224f,0f,0f,0f,1f], start_interpolation: 0, interpolation_duration: 1 }
$data merge entity $(bone_eyelid_left1) { transformation: [-0.9969156003716525f,-0.0007455835814682756f,0.07847757540056051f,-0.23145573639672642f,0.031500967007672284f,0.9120676386103939f,0.4088279732078536f,3.3281330114191983f,-0.07188167230392713f,0.4100391038727683f,-0.9092309709210349f,3.722040572506088f,0f,0f,0f,1f], start_interpolation: 0, interpolation_duration: 1 }
$data merge entity $(bone_left_happy_pupil1) { transformation: [-0.9969156003716525f,-0.0007455835814682756f,0.07847757540056051f,0.18348534164777536f,0.031500967007672284f,0.9120676386103939f,0.4088279732078536f,3.1096696224663725f,-0.07188167230392713f,0.4100391038727683f,-0.9092309709210349f,4.277205408347523f,0f,0f,0f,1f], start_interpolation: 0, interpolation_duration: 1 }
$data merge entity $(bone_eyelid_expressions_left5) { transformation: [-0.9969156003716525f,-0.0007455835814682756f,0.07847757540056051f,0.28414314171906907f,0.031500967007672284f,0.9120676386103939f,0.4088279732078536f,3.234522197978149f,-0.07188167230392713f,0.4100391038727683f,-0.9092309709210349f,4.342032286639298f,0f,0f,0f,1f], start_interpolation: 0, interpolation_duration: 1 }
$data merge entity $(bone_eyelid_expressions_left7) { transformation: [-0.9969156003716525f,-0.0007455835814682756f,0.07847757540056051f,-0.0517317431717709f,0.031500967007672284f,0.9120676386103939f,0.4088279732078536f,3.2451353167453822f,-0.07188167230392713f,0.4100391038727683f,-0.9092309709210349f,4.317814340404088f,0f,0f,0f,1f], start_interpolation: 0, interpolation_duration: 1 }
$data merge entity $(bone_eyelid_expressions_left6) { transformation: [-0.9969156003716525f,-0.0007455835814682756f,0.07847757540056051f,0.06022655179184244f,0.031500967007672284f,0.9120676386103939f,0.4088279732078536f,3.241597610489638f,-0.07188167230392713f,0.4100391038727683f,-0.9092309709210349f,4.325886989149158f,0f,0f,0f,1f], start_interpolation: 0, interpolation_duration: 1 }
$data merge entity $(bone_left_eye1) { transformation: [-0.9969156003716525f,-0.0007455835814682756f,0.07847757540056051f,-0.22114124685847686f,0.031500967007672284f,0.9120676386103939f,0.4088279732078536f,3.323187911016387f,-0.07188167230392713f,0.4100391038727683f,-0.9092309709210349f,3.733058927386056f,0f,0f,0f,1f], start_interpolation: 0, interpolation_duration: 1 }
$data merge entity $(bone_crest_middle5) { transformation: [-0.9969156003716525f,0.016257745848934017f,0.07677871733455231f,-0.25958871429869546f,0.031500967007672284f,0.9789345624868389f,0.20172955025549175f,4.392133317431872f,-0.07188167230392713f,0.20352593954730408f,-0.9764272718017342f,4.734728640383237f,0f,0f,0f,1f], start_interpolation: 0, interpolation_duration: 1 }
$data merge entity $(bone_crest_middle4) { transformation: [-0.9969156003716525f,0.016257745848934017f,0.07677871733455231f,-0.2705436407008092f,0.031500967007672284f,0.9789345624868389f,0.20172955025549175f,3.7324996766936707f,-0.07188167230392713f,0.20352593954730408f,-0.9764272718017342f,4.597587138149214f,0f,0f,0f,1f], start_interpolation: 0, interpolation_duration: 1 }
$data merge entity $(bone_crest_middle1) { transformation: [-0.9969156003716525f,0.016257745848934017f,0.07677871733455231f,-0.28522682048742687f,0.031500967007672284f,0.9789345624868389f,0.20172955025549175f,3.220782993067743f,-0.07188167230392713f,0.20352593954730408f,-0.9764272718017342f,4.576974382096876f,0f,0f,0f,1f], start_interpolation: 0, interpolation_duration: 1 }
$data merge entity $(bone_crest_left5) { transformation: [-0.5350135428197788f,-0.8237508092502058f,0.187603606732546f,-1.367964364766426f,-0.7523045871709961f,0.5655642234866775f,0.3378977911046307f,3.8016144393409035f,-0.3844454670312889f,0.039644840415147986f,-0.9222960313844744f,4.48223924103042f,0f,0f,0f,1f], start_interpolation: 0, interpolation_duration: 1 }
$data merge entity $(bone_crest_left4) { transformation: [-0.5350135428197788f,-0.8237508092502058f,0.187603606732546f,-0.9054089787128435f,-0.7523045871709961f,0.5655642234866775f,0.3378977911046307f,3.484036872441646f,-0.3844454670312889f,0.039644840415147986f,-0.9222960313844744f,4.4599777339613675f,0f,0f,0f,1f], start_interpolation: 0, interpolation_duration: 1 }
$data merge entity $(bone_crest_left1) { transformation: [-0.5350135428197788f,-0.8237508092502058f,0.187603606732546f,-0.38606367183991797f,-0.7523045871709961f,0.5655642234866775f,0.3378977911046307f,3.1536753017709365f,-0.3844454670312889f,0.039644840415147986f,-0.9222960313844744f,4.383700992391848f,0f,0f,0f,1f], start_interpolation: 0, interpolation_duration: 1 }
$data merge entity $(bone_crest_center1) { transformation: [-0.9969156003716525f,-0.0007455835814682756f,0.07847757540056051f,-0.27408444401146825f,0.031500967007672284f,0.9120676386103939f,0.4088279732078536f,3.124530555506249f,-0.07188167230392713f,0.4100391038727683f,-0.9092309709210349f,4.380261460138918f,0f,0f,0f,1f], start_interpolation: 0, interpolation_duration: 1 }
$data merge entity $(bone_crest_right5) { transformation: [-0.5362711804492765f,0.843443218308264f,-0.03188665095831621f,0.8342310123620461f,0.7861555016425332f,0.5128835110593378f,0.3448333384703733f,3.7320285246521268f,0.30720147827885935f,0.15985631539993655f,-0.9381221723048865f,4.641026490812607f,0f,0f,0f,1f], start_interpolation: 0, interpolation_duration: 1 }
$data merge entity $(bone_crest_right4) { transformation: [-0.5362711804492765f,0.843443218308264f,-0.03188665095831621f,0.3606178770815268f,0.7861555016425332f,0.5128835110593378f,0.3448333384703733f,3.444032412485018f,0.30720147827885935f,0.15985631539993655f,-0.9381221723048865f,4.55126342308315f,0f,0f,0f,1f], start_interpolation: 0, interpolation_duration: 1 }
$data merge entity $(bone_crest_right1) { transformation: [-0.5362711804492765f,0.843443218308264f,-0.03188665095831621f,-0.1621470819126913f,0.7861555016425332f,0.5128835110593378f,0.3448333384703733f,3.1465998892594476f,0.30720147827885935f,0.15985631539993655f,-0.9381221723048865f,4.399846289881988f,0f,0f,0f,1f], start_interpolation: 0, interpolation_duration: 1 }
$data merge entity $(bone_head1) { transformation: [-1.0449440863270572f,-0.0007815036238046375f,0.08225839609043122f,-0.1726256828967689f,0.03301859172028148f,0.9560083972413629f,0.4285241125420859f,3.5244963131979006f,-0.07534472162065274f,0.4297935919499718f,-0.9530350671763447f,3.1484243203741045f,0f,0f,0f,1f], start_interpolation: 0, interpolation_duration: 1 }
$data merge entity $(bone_neck10) { transformation: [-1.4958147790738214f,0.025835450798144175f,0.06375702212634235f,-0.13494943987119323f,0.037507713583248746f,1.469652208253784f,0.2844465501294765f,3.2862688176890176f,-0.05766801375215919f,0.2857432377867592f,-1.4687475902731033f,2.0162186909684907f,0f,0f,0f,1f], start_interpolation: 0, interpolation_duration: 1 }
$data merge entity $(bone_neck9) { transformation: [-1.1442983059914742f,-0.026663478700854774f,0.045371734672021935f,-0.10388034108204108f,0.028693400891185307f,0.5117857326885858f,1.0244218862657326f,2.73271460207625f,-0.04411603052040181f,1.0244767304426747f,-0.5105774702541689f,0.8503007801785676f,0f,0f,0f,1f], start_interpolation: 0, interpolation_duration: 1 }
$data merge entity $(bone_neck8) { transformation: [-1.0620284931424133f,-0.03363761210391493f,0.03541367253646479f,-0.06825384623111601f,0.026630476644106612f,0.24740181986821552f,1.0336214464863436f,2.5390343310722137f,-0.04094428976403303f,1.0334171413203674f,-0.2462980198009667f,-0.19976385212185166f,0f,0f,0f,1f], start_interpolation: 0, interpolation_duration: 1 }
$data merge entity $(bone_neck7) { transformation: [-1.0547032111753303f,0.03329274510739336f,0.03032065819972321f,-0.10190076947794972f,0.033424683950680927f,0.1024850746143821f,1.0501458055137323f,2.4354589897066146f,0.030175150260560397f,1.050149996647385f,-0.10344591679836354f,-1.2610856572442088f,0f,0f,0f,1f], start_interpolation: 0, interpolation_duration: 1 }
$data merge entity $(bone_neck6) { transformation: [-1.0418546438927294f,0.12713274877377778f,-0.013880828584430628f,-0.21884747570235236f,-0.035603122461745636f,-0.1789045161143233f,1.0337031024422274f,2.6151259316937567f,0.12283253186326813f,1.026473063707439f,0.18188383878986017f,-2.200940621387301f,0f,0f,0f,1f], start_interpolation: 0, interpolation_duration: 1 }
$data merge entity $(bone_neck_spine6) { transformation: [-1.266883722865672f,0.0924930644064853f,-0.08022489820138745f,-0.8953523156348168f,-0.038939084203754804f,0.48629905204107293f,1.1755774530936007f,3.615749507305851f,0.11608078642091509f,1.1725799049691077f,-0.4812140750261263f,-6.049687042919229f,0f,0f,0f,1f], start_interpolation: 0, interpolation_duration: 1 }
$data merge entity $(bone_neck_spine7) { transformation: [-0.9921495876269959f,-0.11949542378903291f,-0.03687871289866079f,-0.9750630925604835f,-0.06768107691537811f,0.26509997416113423f,0.9618426459288135f,2.7860125929709656f,-0.10515924875709745f,0.9567877755245652f,-0.27110640901239785f,-9.36639462635274f,0f,0f,0f,1f], start_interpolation: 0, interpolation_duration: 1 }
$data merge entity $(bone_tail6) { transformation: [-1.6185135153393568f,-0.45498178358871855f,-0.3724345778702542f,-0.053966587562079865f,-0.15087403095952143f,-0.7328582802340421f,1.5509538050508003f,4.004629906095318f,-0.5682895080616845f,1.4903731932713895f,0.6489504737128846f,-12.631793113199887f,0f,0f,0f,1f], start_interpolation: 0, interpolation_duration: 1 }
$data merge entity $(bone_tail5) { transformation: [-1.3370329039759905f,-0.31671926269535833f,-0.3682557013042361f,-0.2539998061065167f,-0.12463506905351769f,-0.8186891975826296f,1.1566306396353898f,3.4875630444641836f,-0.46945655013791326f,1.1193825287269115f,0.7417369082992902f,-11.924814674003944f,0f,0f,0f,1f], start_interpolation: 0, interpolation_duration: 1 }
$data merge entity $(bone_tail4) { transformation: [-0.9936232750589665f,-0.20542531065291678f,-0.26303693092305513f,-0.34203922495776673f,-0.08609804402511709f,-0.6403652818631569f,0.8253451584788891f,3.213120780808545f,-0.3224517205742845f,0.8039949909997237f,0.5901628083598721f,-11.580245392146919f,0f,0f,0f,1f], start_interpolation: 0, interpolation_duration: 1 }
$data merge entity $(bone_segment18) { transformation: [-0.9142627918995707f,-0.31803951501924194f,-0.2509470347191383f,-0.5206258666922043f,-0.001695344689152478f,-0.6164272509134183f,0.787410039393524f,2.866982431906967f,-0.4051180977867911f,0.7203251427082434f,0.5630373128203501f,-11.175765941895708f,0f,0f,0f,1f], start_interpolation: 0, interpolation_duration: 1 }
$data merge entity $(bone_segment17) { transformation: [-0.9460757310852745f,-0.2709232277321961f,-0.17759874922597996f,-0.7183945314674162f,-0.0451552466983663f,-0.43259414837082144f,0.9004572763273857f,2.5511971527007273f,-0.32078297141069323f,0.8599202913471066f,0.3970332199985714f,-10.54804092453051f,0f,0f,0f,1f], start_interpolation: 0, interpolation_duration: 1 }
$data merge entity $(bone_segment16) { transformation: [-0.971569801594195f,-0.2064199960470946f,-0.11594354601328359f,-0.915440963240888f,-0.06804324203703803f,-0.22560673350251537f,0.9718393483551767f,2.3358352562176132f,-0.226764719132642f,0.9520989376268848f,0.2051472035550363f,-9.63917694842672f,0f,0f,0f,1f], start_interpolation: 0, interpolation_duration: 1 }
$data merge entity $(bone_segment15) { transformation: [-0.9921495876269959f,-0.1058788027041426f,-0.06654979270831478f,-1.0402931646717983f,-0.06768107691537811f,0.007123716432626798f,0.9976815746979406f,2.3442355370695633f,-0.10515924875709745f,0.9943535245586074f,-0.014233783710529607f,-8.466636049105901f,0f,0f,0f,1f], start_interpolation: 0, interpolation_duration: 1 }
$data merge entity $(bone_segment14) { transformation: [-1.045528755882206f,0.0550820836378839f,-0.050107711090092884f,-0.9783258205791789f,-0.039205539493924024f,0.19245683965810478f,1.0296108432640836f,2.5607494816849314f,0.06330674783598836f,1.0288836313967173f,-0.18991031237799302f,-7.309141963784595f,0f,0f,0f,1f], start_interpolation: 0, interpolation_duration: 1 }
$data merge entity $(bone_segment13) { transformation: [-1.0209592354858652f,0.08463279305639042f,-0.05072614354334453f,-0.8750073427854776f,-0.03138032079949652f,0.2214356742271801f,1.0010370270221092f,2.8000417842099616f,0.09354745729214922f,0.9979464636653693f,-0.21781951408252007f,-6.1012735022717575f,0f,0f,0f,1f], start_interpolation: 0, interpolation_duration: 1 }
$data merge entity $(bone_segment12) { transformation: [-1.0953938739506341f,0.2062173571976223f,-0.04539321197631773f,-0.6258857032178802f,-0.021405835422375768f,0.13013409799813366f,1.1077367863981764f,2.9572507616573716f,0.21006649497949173f,1.0885832073481185f,-0.12382467265610189f,-4.786206540374701f,0f,0f,0f,1f], start_interpolation: 0, interpolation_duration: 1 }
$data merge entity $(bone_segment11) { transformation: [-1.1660847610888116f,0.23928319394392542f,-0.010617152809963863f,-0.3493555247726624f,-0.023602114573765452f,-0.062281388983034744f,1.1885650212148f,2.885274609360898f,0.23835291276895107f,1.164468729749187f,0.06575186151143636f,-3.4404758171928638f,0f,0f,0f,1f], start_interpolation: 0, interpolation_duration: 1 }
$data merge entity $(bone_segment10) { transformation: [-1.0424151403024295f,0.10751058061720076f,0.022075967675092796f,-0.21332775923533898f,-7.273189573756925e-18f,-0.2108313863271246f,1.026754753855348f,2.634471192920802f,0.10975369375761057f,1.0211105716913857f,0.20967242334609834f,-2.148515633959555f,0f,0f,0f,1f], start_interpolation: 0, interpolation_duration: 1 }