# This file was generated by Animated Java via MC-Build. It is not recommended to edit this file directly.
$data merge entity $(bone_neck_spine5) { transformation: [-1.569693558686012f,-0.014638175900102218f,0.08869639892691907f,0.06244539831452009f,0.056383747942461634f,1.0479018224317571f,1.1707868461290485f,3.3911249334422147f,-0.07001571498061313f,1.1720523409418033f,-1.0456626154287212f,0.6010398159289241f,0f,0f,0f,1f], start_interpolation: 0, interpolation_duration: 1 }
$data merge entity $(bone_neck_spine2) { transformation: [-1.49494624636763f,0.04987340162370275f,0.06958912246782421f,-0.11589292445182953f,0.053698807564249156f,1.494142669410569f,0.08275507958345166f,4.2508709389380295f,-0.06668163331486962f,0.08511526855486355f,-1.4934869375127862f,2.7696875108220826f,0f,0f,0f,1f], start_interpolation: 0, interpolation_duration: 1 }
$data merge entity $(bone_scale_neck_left1) { transformation: [-1.5769163733298228f,0.43941813435527366f,0.18248708327364382f,0.6404886465967408f,0.4757253349267148f,1.4445659877661756f,0.6324314931561124f,3.3247586870197727f,0.008673988174774707f,0.6581761853991189f,-1.5098953446316334f,2.719764975788642f,0f,0f,0f,1f], start_interpolation: 0, interpolation_duration: 1 }
$data merge entity $(bone_scale_neck_right1) { transformation: [-1.5998994408870435f,-0.3916296607297468f,-0.0017517772978888726f,-0.9292049120892705f,-0.3616133917787977f,1.4744174126808811f,0.6390493947319891f,3.3811424349622343f,-0.1503749140423089f,0.621107545323506f,-1.518113264287829f,2.649749260808029f,0f,0f,0f,1f], start_interpolation: 0, interpolation_duration: 1 }
$data merge entity $(bone_blush_right1) { transformation: [-0.9941942232690828f,0.004298132434405107f,0.107514522163109f,-0.9286486400397442f,0.04578413687429267f,0.9211335381798909f,0.3865447162371659f,2.773180684353752f,-0.09737381182361801f,0.3892229835168671f,-0.9159824288015391f,3.848292699357308f,0f,0f,0f,1f], start_interpolation: 0, interpolation_duration: 1 }
$data merge entity $(bone_blush_left1) { transformation: [-0.9941942232690828f,0.004298132434405107f,0.107514522163109f,0.3888528843510226f,0.04578413687429267f,0.9211335381798909f,0.3865447162371659f,2.712507760781081f,-0.09737381182361801f,0.3892229835168671f,-0.9159824288015391f,3.9773320183462237f,0f,0f,0f,1f], start_interpolation: 0, interpolation_duration: 1 }
$data merge entity $(bone_left_head_scales) { transformation: [-0.931505727834327f,0.004298132434405107f,-0.363701257998123f,0.4454160510824323f,-0.13787546128062897f,0.9211335381798909f,0.36401011252003546f,3.53634081791084f,0.33658199029136204f,0.3892229835168671f,-0.8574485599228291f,3.9025088263757257f,0f,0f,0f,1f], start_interpolation: 0, interpolation_duration: 1 }
$data merge entity $(bone_left_head_scales2) { transformation: [-0.876064026889477f,0.004298132434405107f,-0.48217563900281185f,0.4234428705035368f,-0.1842087715130561f,0.9211335381798909f,0.34289959658454805f,2.6436437293596575f,0.44562198025663424f,0.3892229835168671f,-0.8061802030652848f,3.7071199827553625f,0f,0f,0f,1f], start_interpolation: 0, interpolation_duration: 1 }
$data merge entity $(bone_left_head_scales1) { transformation: [-0.9941942232690828f,0.004298132434405107f,0.107514522163109f,0.44493335066255285f,0.04578413687429267f,0.9211335381798909f,0.3865447162371659f,3.432893203759778f,-0.09737381182361801f,0.3892229835168671f,-0.9159824288015391f,3.8587972608440464f,0f,0f,0f,1f], start_interpolation: 0, interpolation_duration: 1 }
$data merge entity $(bone_right_head_scales) { transformation: [-0.8322163648114412f,0.004298132434405107f,0.5544343497634383f,-0.8944160076200425f,0.21909751207105313f,0.9211335381798909f,0.3217285891003002f,3.598042096120336f,-0.5093252422021757f,0.3892229835168671f,-0.7675241147728996f,3.771282400285303f,0f,0f,0f,1f], start_interpolation: 0, interpolation_duration: 1 }
$data merge entity $(bone_right_head_scales2) { transformation: [-0.7527284339328739f,0.004298132434405107f,0.6583171202441416f,-0.916389188198938f,0.2592171101462238f,0.9211335381798909f,0.2903781924450174f,2.7053450075691536f,-0.6051498942876908f,0.3892229835168671f,-0.6944775551058685f,3.5758935566649397f,0f,0f,0f,1f], start_interpolation: 0, interpolation_duration: 1 }
$data merge entity $(bone_right_head_scales1) { transformation: [-0.9941942232690828f,0.004298132434405107f,0.107514522163109f,-0.894898708039922f,0.04578413687429267f,0.9211335381798909f,0.3865447162371659f,3.494594481969274f,-0.09737381182361801f,0.3892229835168671f,-0.9159824288015391f,3.7275708347536236f,0f,0f,0f,1f], start_interpolation: 0, interpolation_duration: 1 }
$data merge entity $(bone_head_left_fin1) { transformation: [-0.5963960984982205f,0.164468044289863f,-0.8461306956544848f,0.4521789756045446f,-0.06585906594590664f,1.0172174864948091f,0.24414415132680947f,3.077522930482497f,0.8594471916028388f,0.1920782278183111f,-0.56844672333416f,3.617727518841908f,0f,0f,0f,1f], start_interpolation: 0, interpolation_duration: 1 }
$data merge entity $(bone_head_right_fin1) { transformation: [-0.41018699037258877f,-0.10524520472633414f,0.9588249463986446f,-0.8876530830979301f,0.11221372868441282f,1.0296381866163242f,0.16102323366943452f,3.139224208691993f,-0.9580343991992103f,0.16566185308855005f,-0.39166495682847186f,3.4865010927514852f,0f,0f,0f,1f], start_interpolation: 0, interpolation_duration: 1 }
$data merge entity $(bone_right_whisker16) { transformation: [-0.10478584377857829f,-0.42252327602443396f,0.9002744071455059f,-1.146020538660879f,0.9854542096249553f,-0.16590031183672915f,0.036838665352188f,2.0038494463492786f,0.13379061131509185f,0.8910393749717553f,0.4337613451817458f,1.4972433292564407f,0f,0f,0f,1f], start_interpolation: 0, interpolation_duration: 1 }
$data merge entity $(bone_right_whisker15) { transformation: [0.4952554157009947f,-0.21057249672445538f,0.8428412049977533f,-1.3128790527398275f,0.41655721518600836f,0.9089374869576906f,-0.01768420989230368f,1.863505462717274f,-0.7623661585454279f,0.35984978591944045f,0.5378717057797522f,1.7540952088444999f,0f,0f,0f,1f], start_interpolation: 0, interpolation_duration: 1 }
$data merge entity $(bone_right_whisker14) { transformation: [0.7078645426894623f,-0.13720868141119377f,0.6928936187817294f,-1.5513685715170387f,-0.21573371550584408f,0.8920830268904794f,0.3970476509538412f,1.9361891852265671f,-0.6725970214006916f,-0.4305364686984381f,0.6018734052303658f,1.980702603750006f,0f,0f,0f,1f], start_interpolation: 0, interpolation_duration: 1 }
$data merge entity $(bone_right_whisker13) { transformation: [0.2720542862717431f,-0.3579953336739886f,0.8932109529046441f,-1.6430274863253895f,0.23437708137913832f,0.9249196911280366f,0.2993174714042158f,1.8572242505822285f,-0.9333026567225493f,0.12791757514613275f,0.3355342678823791f,2.295145393368443f,0f,0f,0f,1f], start_interpolation: 0, interpolation_duration: 1 }
$data merge entity $(bone_right_whisker12) { transformation: [-0.40311091909654706f,-0.24335752650044062f,0.882201054862623f,-1.4619425031374875f,-0.2856033164399355f,0.9493019013231454f,0.13136455299193453f,1.9855226153892307f,-0.8694436914163255f,-0.1990050613422886f,-0.452177678591618f,2.6857158016218703f,0f,0f,0f,1f], start_interpolation: 0, interpolation_duration: 1 }
$data merge entity $(bone_right_whisker11) { transformation: [-0.871538146898454f,-0.15033976328152057f,0.46671106059023876f,-1.0704312262104474f,-0.1354461412375602f,0.9886155347735595f,0.06552608051946565f,2.046367561648291f,-0.4712489801842161f,-0.0061057334403828295f,-0.8819790919826221f,2.897409679438999f,0f,0f,0f,1f], start_interpolation: 0, interpolation_duration: 1 }
$data merge entity $(bone_right_whisker10) { transformation: [-0.42877316555157713f,-0.5045820282902431f,0.7493667654956313f,-0.877818280747825f,-0.4492285394513208f,0.8387479536443797f,0.30772648504767697f,2.248169444604939f,-0.7838030950725525f,-0.20469207845901016f,-0.586305262786219f,3.249508726053622f,0f,0f,0f,1f], start_interpolation: 0, interpolation_duration: 1 }
$data merge entity $(bone_right_whisker1) { transformation: [0.10293967135940404f,-0.5152696683032911f,0.8508234793346001f,-0.9240607112413073f,-0.6683738705654717f,0.5976558864436392f,0.44281351666880875f,2.548415519273022f,-0.7366680346029326f,-0.6142512599302373f,-0.2828702820523358f,3.5804338197229084f,0f,0f,0f,1f], start_interpolation: 0, interpolation_duration: 1 }
$data merge entity $(bone_left_whisker16) { transformation: [-0.16616777198826477f,0.22511611122115613f,-0.9600578149367467f,0.986357085885899f,-0.972976388752025f,-0.1957250781216663f,0.12250975767397312f,1.905650254737696f,-0.1603284705956002f,0.9544707592498224f,0.2515558610995654f,1.7060936048763924f,0f,0f,0f,1f], start_interpolation: 0, interpolation_duration: 1 }
$data merge entity $(bone_left_whisker15) { transformation: [0.2982584406435927f,0.21877014496854813f,-0.9290756299975226f,1.086844548798047f,-0.45309971981962793f,0.8891656136021937f,0.06391522108862885f,1.7529945874156532f,0.8400848448128482f,0.4019006534678372f,0.36432584077704167f,1.9891300027869712f,0f,0f,0f,1f], start_interpolation: 0, interpolation_duration: 1 }
$data merge entity $(bone_left_whisker14) { transformation: [0.5808869310407556f,0.2986029318281889f,-0.7572361999070454f,1.282553524588145f,0.15638477493747696f,0.8720132476813942f,0.4638283066350105f,1.8056828172529866f,0.7988204901689788f,-0.3878520142680152f,0.459844146982905f,2.258263859338043f,0f,0f,0f,1f], start_interpolation: 0, interpolation_duration: 1 }
$data merge entity $(bone_left_whisker13) { transformation: [0.06371455132243031f,0.40914028043513756f,-0.9102443006551806f,1.3040198529145497f,-0.24983974054445207f,0.8895919441592124f,0.38236929391847463f,1.7215082952922094f,0.9661886772232751f,0.20305271190626667f,0.15889945309235143f,2.5837864117228375f,0f,0f,0f,1f], start_interpolation: 0, interpolation_duration: 1 }
$data merge entity $(bone_left_whisker12) { transformation: [-0.5361152841932189f,0.36267443364338514f,-0.7622648209355292f,1.0631868150933772f,0.32885609345360994f,0.9213932195344048f,0.2070946759201066f,1.8692366185233233f,0.7774535817994885f,-0.13964881015416292f,-0.6132406851878567f,2.9330331379218264f,0f,0f,0f,1f], start_interpolation: 0, interpolation_duration: 1 }
$data merge entity $(bone_left_whisker11) { transformation: [-0.9302683105721522f,0.23804096069694825f,-0.2791726551360433f,0.6452928474535429f,0.2184220342160606f,0.9707300192376735f,0.09987514565568031f,1.9673558917063194f,0.29477565251246923f,0.031933223784944204f,-0.955032765880076f,3.065451888073912f,0f,0f,0f,1f], start_interpolation: 0, interpolation_duration: 1 }
$data merge entity $(bone_left_whisker10) { transformation: [-0.5297059394660646f,0.6088867431799104f,-0.59048162687262f,0.4073390074590218f,0.49336794149992846f,0.7874710447214817f,0.3694285154470088f,2.1889860216769903f,0.6899273092105405f,-0.09563622590326176f,-0.7175332886357838f,3.3753801715083345f,0f,0f,0f,1f], start_interpolation: 0, interpolation_duration: 1 }
$data merge entity $(bone_left_whisker1) { transformation: [0.01877112209173315f,0.6766762942844338f,-0.7360413288185006f,0.41577134746116756f,0.6627689057648088f,0.5427649850275819f,0.5158910239375427f,2.4867142410635257f,0.7485886871485135f,-0.49750915949507407f,-0.43829169931880935f,3.7116602458133308f,0f,0f,0f,1f], start_interpolation: 0, interpolation_duration: 1 }
$data merge entity $(bone_upper_left_tooth1) { transformation: [-0.9941942232690828f,0.013652284778135855f,0.10673079002200828f,-0.04343506490413698f,0.04578413687429267f,0.9513179388181306f,0.3047917192009962f,2.525005930024472f,-0.09737381182361801f,0.3079087436289518f,-0.9464198573401651f,4.669853407741199f,0f,0f,0f,1f], start_interpolation: 0, interpolation_duration: 1 }
$data merge entity $(bone_upper_right_tooth1) { transformation: [-0.9941942232690828f,0.013652284778135855f,0.10673079002200828f,-0.7133510942553744f,0.04578413687429267f,0.9513179388181306f,0.3047917192009962f,2.5558565691292197f,-0.09737381182361801f,0.3079087436289518f,-0.9464198573401651f,4.604240194695987f,0f,0f,0f,1f], start_interpolation: 0, interpolation_duration: 1 }
$data merge entity $(bone_top_lip1) { transformation: [-0.9941942232690828f,0.04933303136347116f,0.09562477939779057f,-0.3487930172683353f,0.04578413687429267f,0.9981913546142593f,-0.038959368373029934f,2.656667000042466f,-0.09737381182361801f,-0.034355080990155995f,-0.994654748735006f,4.677818274844134f,0f,0f,0f,1f], start_interpolation: 0, interpolation_duration: 1 }
$data merge entity $(bone_muzzle1) { transformation: [-0.9941942232690828f,0.013652284778135855f,0.10673079002200828f,-0.28656135380458214f,0.04578413687429267f,0.9513179388181306f,0.3047917192009962f,2.988070889677916f,-0.09737381182361801f,0.3079087436289518f,-0.9464198573401651f,4.198250736079876f,0f,0f,0f,1f], start_interpolation: 0, interpolation_duration: 1 }
$data merge entity $(bone_jaw_right_tooth1) { transformation: [-0.9941942232690828f,0.07906348628837143f,0.07298500910676001f,-0.7141747416442751f,0.04578413687429267f,0.9246681613084881f,-0.37801138114222865f,2.586271654047105f,-0.09737381182361801f,-0.3724751758148558f,-0.9229195978917288f,4.6269505502378365f,0f,0f,0f,1f], start_interpolation: 0, interpolation_duration: 1 }
$data merge entity $(bone_jaw_left_tooth1) { transformation: [-0.9941942232690828f,0.07906348628837143f,0.07298500910676001f,0.011567623486232081f,0.04578413687429267f,0.9246681613084881f,-0.37801138114222865f,2.5528501283502947f,-0.09737381182361801f,-0.3724751758148558f,-0.9229195978917288f,4.698031531036816f,0f,0f,0f,1f], start_interpolation: 0, interpolation_duration: 1 }
$data merge entity $(bone_tongue1) { transformation: [-0.9941942232690828f,0.04081105561158839f,0.09956055523274858f,-0.2716398447565326f,0.04578413687429267f,0.9977884678352736f,0.04818699270148091f,2.60011161068902f,-0.09737381182361801f,0.05246552386857867f,-0.9938640297224434f,3.863486611943973f,0f,0f,0f,1f], start_interpolation: 0, interpolation_duration: 1 }
$data merge entity $(bone_jaw_lips1) { transformation: [-0.9941942232690828f,0.04081105561158839f,0.09956055523274858f,-0.3105331944267674f,0.04578413687429267f,0.9977884678352736f,0.04818699270148091f,2.4253833110399055f,-0.09737381182361801f,0.05246552386857867f,-0.9938640297224434f,4.755103169854323f,0f,0f,0f,1f], start_interpolation: 0, interpolation_duration: 1 }
$data merge entity $(bone_jaw3) { transformation: [-0.9941942232690828f,0.06518862044856939f,0.08560543313597391f,-0.2391128272568509f,0.04578413687429267f,0.9762613616928495f,-0.21170159771786945f,2.1529532606389004f,-0.09737381182361801f,-0.20655313464006042f,-0.9735780109171033f,3.897801913829444f,0f,0f,0f,1f], start_interpolation: 0, interpolation_duration: 1 }
$data merge entity $(bone_jaw1) { transformation: [-0.9941942232690828f,-0.014436866701479287f,0.10662749785223818f,-0.14331468465523062f,0.04578413687429267f,0.8400166643977587f,0.5406253937290948f,2.638671387817384f,-0.09737381182361801f,0.5423684913542697f,-0.834478735712919f,3.1480749247123683f,0f,0f,0f,1f], start_interpolation: 0, interpolation_duration: 1 }
$data merge entity $(bone_tear_right1) { transformation: [-0.9941942232690828f,0.004298132434405107f,0.107514522163109f,-0.8819997991228122f,0.04578413687429267f,0.9211335381798909f,0.3865447162371659f,3.093606742084795f,-0.09737381182361801f,0.3892229835168671f,-0.9159824288015391f,4.099333154851797f,0f,0f,0f,1f], start_interpolation: 0, interpolation_duration: 1 }
$data merge entity $(bone_right_pupil1) { transformation: [-0.9941942232690828f,0.004298132434405107f,0.107514522163109f,-0.7045351788078353f,0.04578413687429267f,0.9211335381798909f,0.3865447162371659f,3.16252397679865f,-0.09737381182361801f,0.3892229835168671f,-0.9159824288015391f,4.222809791230424f,0f,0f,0f,1f], start_interpolation: 0, interpolation_duration: 1 }
$data merge entity $(bone_right_sad_pupil1) { transformation: [-0.9941942232690828f,0.004298132434405107f,0.107514522163109f,-0.7033277403265114f,0.04578413687429267f,0.9211335381798909f,0.3865447162371659f,3.1668650551548296f,-0.09737381182361801f,0.3892229835168671f,-0.9159824288015391f,4.21252287918822f,0f,0f,0f,1f], start_interpolation: 0, interpolation_duration: 1 }
$data merge entity $(bone_right_happy_pupil1) { transformation: [-0.9941942232690828f,0.004298132434405107f,0.107514522163109f,-0.7313612244879257f,0.04578413687429267f,0.9211335381798909f,0.3865447162371659f,3.142288909491786f,-0.09737381182361801f,0.3892229835168671f,-0.9159824288015391f,4.198861278799139f,0f,0f,0f,1f], start_interpolation: 0, interpolation_duration: 1 }
$data merge entity $(bone_eyelid_right1) { transformation: [-0.9941942232690828f,0.004298132434405107f,0.107514522163109f,-0.2133340236813258f,0.04578413687429267f,0.9211335381798909f,0.3865447162371659f,3.3123993226757f,-0.09737381182361801f,0.3892229835168671f,-0.9159824288015391f,3.7184233410098644f,0f,0f,0f,1f], start_interpolation: 0, interpolation_duration: 1 }
$data merge entity $(bone_eyelid_expressions_right5) { transformation: [-0.9941942232690828f,0.004298132434405107f,0.107514522163109f,-0.8312452549104035f,0.04578413687429267f,0.9211335381798909f,0.3865447162371659f,3.276225692013961f,-0.09737381182361801f,0.3892229835168671f,-0.9159824288015391f,4.243658613879948f,0f,0f,0f,1f], start_interpolation: 0, interpolation_duration: 1 }
$data merge entity $(bone_eyelid_expressions_right7) { transformation: [-0.9941942232690828f,0.004298132434405107f,0.107514522163109f,-0.4962872402347847f,0.04578413687429267f,0.9211335381798909f,0.3865447162371659f,3.2608003724615866f,-0.09737381182361801f,0.3892229835168671f,-0.9159824288015391f,4.276465220402553f,0f,0f,0f,1f], start_interpolation: 0, interpolation_duration: 1 }
$data merge entity $(bone_eyelid_expressions_right6) { transformation: [-0.9941942232690828f,0.004298132434405107f,0.107514522163109f,-0.6079399117933243f,0.04578413687429267f,0.9211335381798909f,0.3865447162371659f,3.2659421456457114f,-0.09737381182361801f,0.3892229835168671f,-0.9159824288015391f,4.265529684895018f,0f,0f,0f,1f], start_interpolation: 0, interpolation_duration: 1 }
$data merge entity $(bone_right_eye1) { transformation: [-0.9941942232690828f,0.004298132434405107f,0.107514522163109f,-0.22570672931850375f,0.04578413687429267f,0.9211335381798909f,0.3865447162371659f,3.3085724216379333f,-0.09737381182361801f,0.3892229835168671f,-0.9159824288015391f,3.727616699501316f,0f,0f,0f,1f], start_interpolation: 0, interpolation_duration: 1 }
$data merge entity $(bone_tear_left1) { transformation: [-0.9941942232690828f,0.004298132434405107f,0.107514522163109f,0.3238490537094151f,0.04578413687429267f,0.9211335381798909f,0.3865447162371659f,3.038075591696248f,-0.09737381182361801f,0.3892229835168671f,-0.9159824288015391f,4.217436938333177f,0f,0f,0f,1f], start_interpolation: 0, interpolation_duration: 1 }
$data merge entity $(bone_left_sad_pupil1) { transformation: [-0.9941942232690828f,0.004298132434405107f,0.107514522163109f,0.13406729636253542f,0.04578413687429267f,0.9211335381798909f,0.3865447162371659f,3.1283017562738946f,-0.09737381182361801f,0.3892229835168671f,-0.9159824288015391f,4.294539395494734f,0f,0f,0f,1f], start_interpolation: 0, interpolation_duration: 1 }
$data merge entity $(bone_left_pupil1) { transformation: [-0.9941942232690828f,0.004298132434405107f,0.107514522163109f,0.13285985788121144f,0.04578413687429267f,0.9211335381798909f,0.3865447162371659f,3.123960677917715f,-0.09737381182361801f,0.3892229835168671f,-0.9159824288015391f,4.304826307536938f,0f,0f,0f,1f], start_interpolation: 0, interpolation_duration: 1 }
$data merge entity $(bone_eyelid_left1) { transformation: [-0.9941942232690828f,0.004298132434405107f,0.107514522163109f,-0.23566455799303374f,0.04578413687429267f,0.9211335381798909f,0.3865447162371659f,3.313427677312525f,-0.09737381182361801f,0.3892229835168671f,-0.9159824288015391f,3.7162362339083574f,0f,0f,0f,1f], start_interpolation: 0, interpolation_duration: 1 }
$data merge entity $(bone_left_happy_pupil1) { transformation: [-0.9941942232690828f,0.004298132434405107f,0.107514522163109f,0.16186014798039075f,0.04578413687429267f,0.9211335381798909f,0.3865447162371659f,3.101154724018789f,-0.09737381182361801f,0.3892229835168671f,-0.9159824288015391f,4.286345562859421f,0f,0f,0f,1f], start_interpolation: 0, interpolation_duration: 1 }
$data merge entity $(bone_eyelid_expressions_left5) { transformation: [-0.9941942232690828f,0.004298132434405107f,0.107514522163109f,0.2629509263632844f,0.04578413687429267f,0.9211335381798909f,0.3865447162371659f,3.2258363148095386f,-0.09737381182361801f,0.3892229835168671f,-0.9159824288015391f,4.350826861853792f,0f,0f,0f,1f], start_interpolation: 0, interpolation_duration: 1 }
$data merge entity $(bone_eyelid_expressions_left7) { transformation: [-0.9941942232690828f,0.004298132434405107f,0.107514522163109f,-0.07200708831233434f,0.04578413687429267f,0.9211335381798909f,0.3865447162371659f,3.241261634361913f,-0.09737381182361801f,0.3892229835168671f,-0.9159824288015391f,4.318020255331187f,0f,0f,0f,1f], start_interpolation: 0, interpolation_duration: 1 }
$data merge entity $(bone_eyelid_expressions_left6) { transformation: [-0.9941942232690828f,0.004298132434405107f,0.107514522163109f,0.03964558324620526f,0.04578413687429267f,0.9211335381798909f,0.3865447162371659f,3.236119861177788f,-0.09737381182361801f,0.3892229835168671f,-0.9159824288015391f,4.328955790838722f,0f,0f,0f,1f], start_interpolation: 0, interpolation_duration: 1 }
$data merge entity $(bone_left_eye1) { transformation: [-0.9941942232690828f,0.004298132434405107f,0.107514522163109f,-0.22570672931850375f,0.04578413687429267f,0.9211335381798909f,0.3865447162371659f,3.3085724216379333f,-0.09737381182361801f,0.3892229835168671f,-0.9159824288015391f,3.727616699501316f,0f,0f,0f,1f], start_interpolation: 0, interpolation_duration: 1 }
$data merge entity $(bone_crest_middle5) { transformation: [-0.9941942232690828f,0.0274666512035053f,0.10403571257049342f,-0.2710085156926652f,0.04578413687429267f,0.9829625845014699f,0.17801227564655842f,4.400704050191209f,-0.09737381182361801f,0.1817419614229341f,-0.9785132601191886f,4.703660221917232f,0f,0f,0f,1f], start_interpolation: 0, interpolation_duration: 1 }
$data merge entity $(bone_crest_middle4) { transformation: [-0.9941942232690828f,0.0274666512035053f,0.10403571257049342f,-0.2895163177731522f,0.04578413687429267f,0.9829625845014699f,0.17801227564655842f,3.738356214931429f,-0.09737381182361801f,0.1817419614229341f,-0.9785132601191886f,4.581197376817794f,0f,0f,0f,1f], start_interpolation: 0, interpolation_duration: 1 }
$data merge entity $(bone_crest_middle1) { transformation: [-0.9941942232690828f,0.0274666512035053f,0.10403571257049342f,-0.3121599803631534f,0.04578413687429267f,0.9829625845014699f,0.17801227564655842f,3.226601564772695f,-0.09737381182361801f,0.1817419614229341f,-0.9785132601191886f,4.571769314065637f,0f,0f,0f,1f], start_interpolation: 0, interpolation_duration: 1 }
$data merge entity $(bone_crest_left5) { transformation: [-0.537805174911301f,-0.814998374293744f,0.21573883224208706f,-1.382482696654586f,-0.7522763477412223f,0.5794283516096557f,0.3135970056936838f,3.8223493602793965f,-0.38058624576796285f,0.006358871713718378f,-0.924723566414729f,4.437031224189742f,0f,0f,0f,1f], start_interpolation: 0, interpolation_duration: 1 }
$data merge entity $(bone_crest_left4) { transformation: [-0.537805174911301f,-0.814998374293744f,0.21573883224208706f,-0.9248420079642513f,-0.7522763477412223f,0.5794283516096557f,0.3135970056936838f,3.496986760498584f,-0.38058624576796285f,0.006358871713718378f,-0.924723566414729f,4.433460568686433f,0f,0f,0f,1f], start_interpolation: 0, interpolation_duration: 1 }
$data merge entity $(bone_crest_left1) { transformation: [-0.537805174911301f,-0.814998374293744f,0.21573883224208706f,-0.4093230093366025f,-0.7522763477412223f,0.5794283516096557f,0.3135970056936838f,3.156697107602373f,-0.38058624576796285f,0.006358871713718378f,-0.924723566414729f,4.377607452057748f,0f,0f,0f,1f], start_interpolation: 0, interpolation_duration: 1 }
$data merge entity $(bone_crest_center1) { transformation: [-0.9941942232690828f,0.004298132434405107f,0.107514522163109f,-0.2977910113383915f,0.04578413687429267f,0.9211335381798909f,0.3865447162371659f,3.1256937619128484f,-0.09737381182361801f,0.3892229835168671f,-0.9159824288015391f,4.377615236059373f,0f,0f,0f,1f], start_interpolation: 0, interpolation_duration: 1 }
$data merge entity $(bone_crest_right5) { transformation: [-0.5305551586550047f,0.8476445521981489f,-0.0031522616265876185f,0.8137011343886729f,0.8014759453633319f,0.5028611482021819f,0.3236772692555599f,3.721211797046565f,0.2759484238558283f,0.16920218307570042f,-0.9461622950709359f,4.65213083560259f,0f,0f,0f,1f], start_interpolation: 0, interpolation_duration: 1 }
$data merge entity $(bone_crest_right4) { transformation: [-0.5305551586550047f,0.8476445521981489f,-0.0031522616265876185f,0.33772885166022004f,0.8014759453633319f,0.5028611482021819f,0.3236772692555599f,3.438843476522879f,0.2759484238558283f,0.16920218307570042f,-0.9461622950709359f,4.557119844129419f,0f,0f,0f,1f], start_interpolation: 0, interpolation_duration: 1 }
$data merge entity $(bone_crest_right1) { transformation: [-0.5305551586550047f,0.8476445521981489f,-0.0031522616265876185f,-0.18601766621952343f,0.8014759453633319f,0.5028611482021819f,0.3236772692555599f,3.146413561234124f,0.2759484238558283f,0.16920218307570042f,-0.9461622950709359f,4.399478523072818f,0f,0f,0f,1f], start_interpolation: 0, interpolation_duration: 1 }
$data merge entity $(bone_head1) { transformation: [-1.0420916012130355f,0.004505203918875143f,0.11269425825690456f,-0.1595389630556247f,0.04798988305183018f,0.9655110654099112f,0.40516731324338334f,3.495607924152253f,-0.10206499807032872f,0.40797461162900767f,-0.9601117906057794f,3.1399807544142133f,0f,0f,0f,1f], start_interpolation: 0, interpolation_duration: 1 }
$data merge entity $(bone_neck10) { transformation: [-1.49494624636763f,0.040363524583392416f,0.07550356308524037f,-0.11785173173240868f,0.053698807564249156f,1.4705583663215613f,0.2770718516772588f,3.2518541085758317f,-0.06668163331486962f,0.2793262587171014f,-1.4696001778217076f,2.009092750101116f,0f,0f,0f,1f], start_interpolation: 0, interpolation_duration: 1 }
$data merge entity $(bone_neck9) { transformation: [-1.1436338784712377f,-0.027026874010348412f,0.05965943842008486f,-0.0860505524224941f,0.041079587786650634f,0.5166835501227669f,1.0215374320103738f,2.6927158601488794f,-0.05101144948587529f,1.022005775723552f,-0.5148690852125294f,0.8458622323775167f,0f,0f,0f,1f], start_interpolation: 0, interpolation_duration: 1 }
$data merge entity $(bone_neck8) { transformation: [-1.0614118349210173f,-0.037255490665755106f,0.04803209866090918f,-0.04612697383216369f,0.03812615337061691f,0.24627478251330656f,1.0335304859190666f,2.500161790685829f,-0.047343959653557435f,1.033562236786056f,-0.24453586561288895f,-0.20425493476410028f,0f,0f,0f,1f], start_interpolation: 0, interpolation_duration: 1 }
$data merge entity $(bone_neck7) { transformation: [-1.0545607832399084f,0.023854408863905736f,0.0419420371964471f,-0.07023515300313225f,0.0438966181191657f,0.09335185199932276f,1.0506117891495412f,2.405816833878003f,0.020031331062479802f,1.051257823637976f,-0.0942462034769314f,-1.2666963522705654f,0f,0f,0f,1f], start_interpolation: 0, interpolation_duration: 1 }
$data merge entity $(bone_neck6) { transformation: [-1.0451178160100383f,0.09763749801546638f,0.0034902512087562417f,-0.15983916576929727f,-0.014392312587746188f,-0.19094928864331615f,1.0320599511262902f,2.596519470275361f,0.09663397027234795f,1.0275318974911212f,0.19145910174633038f,-2.207381060943699f,0f,0f,0f,1f], start_interpolation: 0, interpolation_duration: 1 }
$data merge entity $(bone_neck_spine6) { transformation: [-1.2621181921302937f,0.1322045569070181f,-0.09780078089406088f,-0.8318858236101893f,-0.041943259143700375f,0.47312655871893655f,1.1808375802640645f,3.7012666723378733f,0.1590088067462726f,1.174162928679195f,-0.46480424353627725f,-6.040160192659622f,0f,0f,0f,1f], start_interpolation: 0, interpolation_duration: 1 }
$data merge entity $(bone_neck_spine7) { transformation: [-0.9959469183529539f,-0.0754282523002967f,-0.048993005400539705f,-1.0548871433266616f,-0.06912330093870066f,0.29337135503049405f,0.953496312166392f,2.8426868834558285f,-0.05754741602011644f,0.9530182720192171f,-0.29739614675868464f,-9.371924483462935f,0f,0f,0f,1f], start_interpolation: 0, interpolation_duration: 1 }
$data merge entity $(bone_tail6) { transformation: [-1.6127049032226526f,-0.4747151831585025f,-0.37300177952327923f,-0.1554650707789692f,-0.14477215835525606f,-0.7287858591625923f,1.5534523266508469f,4.010762444108954f,-0.5861107871502658f,1.4862094751045554f,0.6426176770231764f,-12.640542385327231f,0f,0f,0f,1f], start_interpolation: 0, interpolation_duration: 1 }
$data merge entity $(bone_tail5) { transformation: [-1.332234485270887f,-0.3326917459896051f,-0.37154786720588173f,-0.3655861735092461f,-0.11959439168477673f,-0.8157345421775121f,1.1592474616732305f,3.49556168062842f,-0.48417847634152383f,1.116903620760837f,0.7359876657925504f,-11.935129572215123f,0f,0f,0f,1f], start_interpolation: 0, interpolation_duration: 1 }
$data merge entity $(bone_tail4) { transformation: [-0.9903241545212679f,-0.21712337875445395f,-0.26606522770771807f,-0.4586390501182978f,-0.08231446502806813f,-0.6383367433169223f,0.827300265323215f,3.2219887906354536f,-0.33340305314146845f,0.8025327647859425f,0.5860535501352682f,-11.591186958735433f,0f,0f,0f,1f], start_interpolation: 0, interpolation_duration: 1 }
$data merge entity $(bone_segment18) { transformation: [-0.9096855115277073f,-0.32869360013842386f,-0.25383614270748756f,-0.643208210352276f,0.0016308418850923476f,-0.6140373491334201f,0.7892752841841356f,2.877192427596668f,-0.41529460684111924f,0.7175783240157441f,0.5591169273340199f,-11.188249911558623f,0f,0f,0f,1f], start_interpolation: 0, interpolation_duration: 1 }
$data merge entity $(bone_segment17) { transformation: [-0.9486413125378065f,-0.26452043111129764f,-0.17351830356259645f,-0.8363029586488534f,-0.04930565060244339f,-0.4181652457676087f,0.9070318517289153f,2.5719399654762696f,-0.3124877805054429f,0.8690033191863012f,0.38364647564909715f,-10.5538944612737f,0f,0f,0f,1f], start_interpolation: 0, interpolation_duration: 1 }
$data merge entity $(bone_segment16) { transformation: [-0.97756617162387f,-0.17982607819825652f,-0.1096675051985997f,-1.0079631065383026f,-0.07358501052966138f,-0.19628263610029514f,0.9777823750665936f,2.3845705545504505f,-0.1973565968545262f,0.9639168575999453f,0.1786467612710802f,-9.633749218789376f,0f,0f,0f,1f], start_interpolation: 0, interpolation_duration: 1 }
$data merge entity $(bone_segment15) { transformation: [-0.9959469183529539f,-0.06017777405423408f,-0.0668458774580159f,-1.0789246906891694f,-0.06912330093870066f,0.03659196349369301f,0.9969368071623266f,2.427719769314742f,-0.05754741602011644f,0.9975167485899941f,-0.040603339663799365f,-8.457478248162015f,0f,0f,0f,1f], start_interpolation: 0, interpolation_duration: 1 }
$data merge entity $(bone_segment14) { transformation: [-1.0408545272993426f,0.10836178808719693f,-0.05962192472723204f,-0.9570176790910729f,-0.03728236214782202f,0.2068904449921212f,1.0268795290922945f,2.660471519930878f,0.11792826844447829f,1.0218264356918347f,-0.2015908153864644f,-7.3079235080087015f,0f,0f,0f,1f], start_interpolation: 0, interpolation_duration: 1 }
$data merge entity $(bone_segment13) { transformation: [-1.017118778363825f,0.11860895882532775f,-0.05911782649286108f,-0.8125493052379953f,-0.03380133236874677f,0.21024536510059388f,1.0033683113428504f,2.8862226311406682f,0.128142391319055f,0.9969064214675704f,-0.20457450038297662f,-6.101670193417393f,0f,0f,0f,1f], start_interpolation: 0, interpolation_duration: 1 }
$data merge entity $(bone_segment12) { transformation: [-1.0913599887651122f,0.2259487127131454f,-0.04852252402300466f,-0.5395911288060076f,-0.02864900814983131f,0.10014191063249336f,1.1106865954258118f,3.0071994359315997f,0.22931744470563387f,1.0878385257701724f,-0.09216687363436135f,-4.787502846849399f,0f,0f,0f,1f], start_interpolation: 0, interpolation_duration: 1 }
$data merge entity $(bone_segment11) { transformation: [-1.1669505301545704f,0.2350746869373499f,-0.0094441841691739f,-0.2679245564266175f,-0.02960578091017448f,-0.09932390112367809f,1.1859093984295845f,2.8924147088937184f,0.23339408473655254f,1.162754271163184f,0.10321117663851208f,-3.4437534560416f,0f,0f,0f,1f], start_interpolation: 0, interpolation_duration: 1 }
$data merge entity $(bone_segment10) { transformation: [-1.0441945500484715f,0.08903537919131951f,0.020140529449384516f,-0.15524483996797397f,-7.273189573756925e-18f,-0.23126314341351026f,1.0223465931491509f,2.61575683969102f,0.09128493673242906f,1.0184622024287073f,0.2303844625294776f,-2.1548272647248243f,0f,0f,0f,1f], start_interpolation: 0, interpolation_duration: 1 }