# This file was generated by Animated Java via MC-Build. It is not recommended to edit this file directly.
$data merge entity $(bone_neck_spine5) { transformation: [-1.3632940433044933f,-0.005078218516852847f,0.1029816650837994f,0.11210160677675413f,0.07232606887033233f,0.9261139085093502f,1.0031368941393541f,2.894816690226983f,-0.07348436165947611f,1.005728044909995f,-0.9232078901467798f,0.4883824718199736f,0f,0f,0f,1f], start_interpolation: 0, interpolation_duration: 1 }
$data merge entity $(bone_neck_spine2) { transformation: [-1.2983752793376124f,0.0659316104466883f,0.07277131092214303f,-0.04739264403669206f,0.06888197035269744f,1.2992250715833222f,0.05186997661543804f,3.6900467436304663f,-0.06998510634235819f,0.05557196287393602f,-1.2990130287171993f,2.4131324212588847f,0f,0f,0f,1f], start_interpolation: 0, interpolation_duration: 1 }
$data merge entity $(bone_scale_neck_left1) { transformation: [-1.3636416802599463f,0.3996149171628798f,0.17957924223448488f,0.5961905185588645f,0.4379869711082049f,1.2574106654966735f,0.5277738624045824f,2.8726481147021086f,-0.010401894061552806f,0.5573919219713316f,-1.3193428153151912f,2.3871202011526553f,0f,0f,0f,1f], start_interpolation: 0, interpolation_duration: 1 }
$data merge entity $(bone_scale_neck_right1) { transformation: [-1.3954535917005162f,-0.3221581336796955f,0.019566009223174613f,-0.7671035247456286f,-0.2916102480236385f,1.295702483494686f,0.5362629540776365f,2.9449741835724406f,-0.1383190336161226f,0.5184868653808856f,-1.3279678587111148f,2.3136358394931795f,0f,0f,0f,1f], start_interpolation: 0, interpolation_duration: 1 }
$data merge entity $(bone_blush_right1) { transformation: [-0.9873609082773007f,0.01494305591496398f,0.15778194410561025f,-0.8124609626152681f,0.06813877036084875f,0.9388637562836832f,0.33747882172160726f,2.460600030322299f,-0.14309278381363322f,0.34396446359589994f,-0.9280155726083748f,3.359883890186502f,0f,0f,0f,1f], start_interpolation: 0, interpolation_duration: 1 }
$data merge entity $(bone_blush_left1) { transformation: [-0.9873609082773007f,0.01494305591496398f,0.15778194410561025f,0.32531820903240277f,0.06813877036084875f,0.9388637562836832f,0.33747882172160726f,2.3820807441642895f,-0.14309278381363322f,0.34396446359589994f,-0.9280155726083748f,3.524775965284243f,0f,0f,0f,1f], start_interpolation: 0, interpolation_duration: 1 }
$data merge entity $(bone_left_head_scales) { transformation: [-0.9486554157829474f,0.01494305591496398f,-0.31595823645793014f,0.3983751190562926f,-0.09539055045662942f,0.9388637562836832f,0.33081035355694977f,3.092722972175372f,0.301585054320111f,0.34396446359589994f,-0.8892327607516046f,3.4273173507945365f,0f,0f,0f,1f], start_interpolation: 0, interpolation_duration: 1 }
$data merge entity $(bone_left_head_scales2) { transformation: [-0.8992987116870225f,0.01494305591496398f,-0.4370795490960241f,0.36358826715413173f,-0.13775388687060205f,0.9388637562836832f,0.3155292597984127f,2.3098002883031183f,0.4150731186310466f,0.34396446359589994f,-0.8422605024415438f,3.2945348947540447f,0f,0f,0f,1f], start_interpolation: 0, interpolation_duration: 1 }
$data merge entity $(bone_left_head_scales1) { transformation: [-0.9873609082773007f,0.01494305591496398f,0.15778194410561025f,0.39691583625209687f,0.06813877036084875f,0.9388637562836832f,0.33747882172160726f,3.0010370584757937f,-0.14309278381363322f,0.34396446359589994f,-0.9280155726083748f,3.3937270711464995f,0f,0f,0f,1f], start_interpolation: 0, interpolation_duration: 1 }
$data merge entity $(bone_right_head_scales) { transformation: [-0.802944228014361f,0.01494305591496398f,0.595866823861124f,-0.7586884453311693f,0.21627020539566139f,0.9388637562836832f,0.267884388113625f,3.172573093691992f,-0.555434753104755f,0.34396446359589994f,-0.7570869717718334f,3.259630494762935f,0f,0f,0f,1f], start_interpolation: 0, interpolation_duration: 1 }
$data merge entity $(bone_right_head_scales2) { transformation: [-0.7182987012457508f,0.01494305591496398f,0.6955743532280282f,-0.7934752972333302f,0.24938591294345688f,0.9388637562836832f,0.23736367363657687f,2.3896504098197386f,-0.6495026113989274f,0.34396446359589994f,-0.6781112044267951f,3.1268480387224433f,0f,0f,0f,1f], start_interpolation: 0, interpolation_duration: 1 }
$data merge entity $(bone_right_head_scales1) { transformation: [-0.9873609082773007f,0.01494305591496398f,0.15778194410561025f,-0.760147728135365f,0.06813877036084875f,0.9388637562836832f,0.33747882172160726f,3.0808871799924136f,-0.14309278381363322f,0.34396446359589994f,-0.9280155726083748f,3.226040215114898f,0f,0f,0f,1f], start_interpolation: 0, interpolation_duration: 1 }
$data merge entity $(bone_head_left_fin1) { transformation: [-0.6049782764111302f,0.17757368800237583f,-0.7761886822157698f,0.40299977583350793f,-0.006402205185695231f,0.9736987434258598f,0.22774935525630347f,2.6819327571729796f,0.796216237487894f,0.14275273160306443f,-0.587929724355288f,3.1997940293882197f,0f,0f,0f,1f], start_interpolation: 0, interpolation_duration: 1 }
$data merge entity $(bone_head_right_fin1) { transformation: [-0.3487390280246409f,-0.0779742102947272f,0.9339706167012656f,-0.7540637885539538f,0.07221919657286652f,0.9913343611744344f,0.10972954023983635f,2.7617828786895995f,-0.9344332389094463f,0.1057175807696614f,-0.34008574674251163f,3.0321071733566183f,0f,0f,0f,1f], start_interpolation: 0, interpolation_duration: 1 }
$data merge entity $(bone_right_whisker16) { transformation: [-0.08122098458338341f,-0.46478598979710983f,0.8816899315244715f,-0.9339718087806905f,0.9933855824623461f,-0.10978991124414735f,0.03363420795778744f,1.6963372858596681f,0.08116795069022831f,0.8785898696646373f,0.47062894588351173f,1.343962635068341f,0f,0f,0f,1f], start_interpolation: 0, interpolation_duration: 1 }
$data merge entity $(bone_right_whisker15) { transformation: [0.5393499145568058f,-0.19874898728819979f,0.8182912132728065f,-1.0919844790610047f,0.3644393699410712f,0.9311210481080461f,-0.014054871295333782f,1.589567939197245f,-0.7591347807237668f,0.3057980278257019f,0.5746320134428557f,1.566365402858507f,0f,0f,0f,1f], start_interpolation: 0, interpolation_duration: 1 }
$data merge entity $(bone_right_whisker14) { transformation: [0.7291688118551902f,-0.09233801071314811f,0.6780756120044644f,-1.305608154409205f,-0.2682050298416228f,0.8730251054690472f,0.4072999228927166f,1.668143631533658f,-0.6295862973297186f,-0.47885369059692656f,0.6118171599557816f,1.750814513404323f,0f,0f,0f,1f], start_interpolation: 0, interpolation_duration: 1 }
$data merge entity $(bone_right_whisker13) { transformation: [0.31834154004941073f,-0.3356290431232799f,0.8865730704748036f,-1.398872277470556f,0.18018371001216632f,0.9396008720942918f,0.2910052092418582f,1.615355435241031f,-0.9306946301151743f,0.06710697856257394f,0.3595888748320523f,2.023478955820878f,0f,0f,0f,1f], start_interpolation: 0, interpolation_duration: 1 }
$data merge entity $(bone_right_whisker12) { transformation: [-0.37399970300695823f,-0.20650891679922712f,0.9041450599506238f,-1.252778643483463f,-0.3172716967242081f,0.9445624763273313f,0.08450088030382803f,1.739289691773925f,-0.8714716820462094f,-0.25525633311788687f,-0.4187855200395079f,2.3638975816201784f,0f,0f,0f,1f], start_interpolation: 0, interpolation_duration: 1 }
$data merge entity $(bone_right_whisker11) { transformation: [-0.8543103077410232f,-0.12066543537958227f,0.5055628059817041f,-0.9190636795221256f,-0.13473283713414386f,0.9908427465943055f,0.008815561198092764f,1.7919197062794499f,-0.501996972784919f,-0.0605846863993611f,-0.8627447682186595f,2.559990149114287f,0f,0f,0f,1f], start_interpolation: 0, interpolation_duration: 1 }
$data merge entity $(bone_right_whisker10) { transformation: [-0.4081078090947555f,-0.4704071550042607f,0.7824098188779817f,-0.7596465665944867f,-0.47567602059728975f,0.8410679492082218f,0.25755975664572117f,1.9777306518252662f,-0.7792177741713838f,-0.2670614411244608f,-0.5670078016041055f,2.864372092149984f,0f,0f,0f,1f], start_interpolation: 0, interpolation_duration: 1 }
$data merge entity $(bone_right_whisker1) { transformation: [0.11440886320570948f,-0.4707710497525863f,0.8748058245889915f,-0.8043375287842169f,-0.7067089245172843f,0.5803154415906877f,0.40471778347266724f,2.2537888254648304f,-0.6981927441814337f,-0.6645363849829844f,-0.2663048722914131f,3.1371036328458564f,0f,0f,0f,1f], start_interpolation: 0, interpolation_duration: 1 }
$data merge entity $(bone_left_whisker16) { transformation: [-0.18787030754350798f,0.1784020298680269f,-0.9658558190964504f,0.9075249958767165f,-0.9748153214700116f,-0.15417696404663006f,0.1611352003278084f,1.5692537373407036f,-0.12016587107339012f,0.9718035704278578f,0.20287430574826787f,1.6108406347473938f,0f,0f,0f,1f], start_interpolation: 0, interpolation_duration: 1 }
$data merge entity $(bone_left_whisker15) { transformation: [0.24870994698089485f,0.22764268824404144f,-0.9414468486121701f,0.9803892381562755f,-0.418824174408982f,0.9016953292859791f,0.10738642406973431f,1.4465513424943222f,0.8733439604207469f,0.36759262728307895f,0.3196028585036883f,1.8667031231519096f,0f,0f,0f,1f], start_interpolation: 0, interpolation_duration: 1 }
$data merge entity $(bone_left_whisker14) { transformation: [0.5507247902841377f,0.34047817370494327f,-0.7620871463271368f,1.1417343915598315f,0.17987828375375958f,0.8431560248205352f,0.5066870048093156f,1.4992500584378063f,0.8150742349015179f,-0.41612802241543345f,0.40310229540443687f,2.1054944029082137f,0f,0f,0f,1f], start_interpolation: 0, interpolation_duration: 1 }
$data merge entity $(bone_left_whisker13) { transformation: [0.015119484666750727f,0.42623387962440873f,-0.9044866395053809f,1.1461639280832936f,-0.20319619105830325f,0.8870239447475086f,0.4146080430767918f,1.439719924338694f,0.9790213016695855f,0.17751958006060722f,0.10002044577133384f,2.3923170498817248f,0f,0f,0f,1f], start_interpolation: 0, interpolation_duration: 1 }
$data merge entity $(bone_left_whisker12) { transformation: [-0.5587709925506155f,0.3953576527379897f,-0.7290180411385627f,0.9278940091182095f,0.38164314154352896f,0.9030270584008497f,0.19720711018798126f,1.588799276504135f,0.7362903573976682f,-0.1680311227642535f,-0.6554708623469073f,2.6799304707401888f,0f,0f,0f,1f], start_interpolation: 0, interpolation_duration: 1 }
$data merge entity $(bone_left_whisker11) { transformation: [-0.9351119386871585f,0.2650458626843457f,-0.23519428734273057f,0.5626159080685382f,0.258222667960746f,0.9642244215785641f,0.05993595400690724f,1.6896675061763013f,0.2426658523071969f,-0.00468567021830249f,-0.9700986179861443f,2.7747218192976875f,0f,0f,0f,1f], start_interpolation: 0, interpolation_duration: 1 }
$data merge entity $(bone_left_whisker10) { transformation: [-0.5437834587736312f,0.6354085013392032f,-0.5482295015685078f,0.35020049448508855f,0.5413669953624818f,0.7647544974224065f,0.34938851584504227f,1.9011389887397707f,0.6412654101823874f,-0.10680166243121103f,-0.7598500369188279f,3.0252161201501826f,0f,0f,0f,1f], start_interpolation: 0, interpolation_duration: 1 }
$data merge entity $(bone_left_whisker1) { transformation: [0.006465385262480014f,0.7129824067584458f,-0.7011521136289486f,0.35272603560324484f,0.6983672709336072f,0.49862342374708374f,0.5134762274725893f,2.173938703948211f,0.7157103839418245f,-0.49298150973811405f,-0.49469978509614887f,3.3047904888774577f,0f,0f,0f,1f], start_interpolation: 0, interpolation_duration: 1 }
$data merge entity $(bone_upper_left_tooth1) { transformation: [-0.9873609082773007f,0.028637795606469563f,0.1558791630354286f,-0.08053021409219602f,0.06813877036084875f,0.9647043136090573f,0.2543672448995538f,2.259516578252968f,-0.14309278381363322f,0.2617736884541305f,-0.9544626714825388f,4.117048991673146f,0f,0f,0f,1f], start_interpolation: 0, interpolation_duration: 1 }
$data merge entity $(bone_upper_right_tooth1) { transformation: [-0.9873609082773007f,0.028637795606469563f,0.1558791630354286f,-0.659061996285927f,0.06813877036084875f,0.9647043136090573f,0.2543672448995538f,2.2994416390112775f,-0.14309278381363322f,0.2617736884541305f,-0.9544626714825388f,4.033205563657345f,0f,0f,0f,1f], start_interpolation: 0, interpolation_duration: 1 }
$data merge entity $(bone_top_lip1) { transformation: [-0.9873609082773007f,0.08022453888983712f,0.13668379628081986f,-0.34261398001412513f,0.06813877036084875f,0.9935242462966668f,-0.09092128460570786f,2.3814458893289667f,-0.14309278381363322f,-0.08045865634320273f,-0.9864334036517171f,4.106741018988474f,0f,0f,0f,1f], start_interpolation: 0, interpolation_duration: 1 }
$data merge entity $(bone_muzzle1) { transformation: [-0.9873609082773007f,0.028637795606469563f,0.1558791630354286f,-0.26230611784744085f,0.06813877036084875f,0.9647043136090573f,0.2543672448995538f,2.646962754066404f,-0.14309278381363322f,0.2617736884541305f,-0.9544626714825388f,3.679040547823289f,0f,0f,0f,1f], start_interpolation: 0, interpolation_duration: 1 }
$data merge entity $(bone_jaw_right_tooth1) { transformation: [-0.9873609082773007f,0.12213501879499461f,0.10100234645675302f,-0.659836347265689f,0.06813877036084875f,0.9025104920246608f,-0.4252433653322721f,2.326847424171696f,-0.14309278381363322f,-0.41298649974224455f,-0.8994257091339527f,4.0515989467348295f,0f,0f,0f,1f], start_interpolation: 0, interpolation_duration: 1 }
$data merge entity $(bone_jaw_left_tooth1) { transformation: [-0.9873609082773007f,0.12213501879499461f,0.10100234645675302f,-0.03309358322248046f,0.06813877036084875f,0.9025104920246608f,-0.4252433653322721f,2.28359527501686f,-0.14309278381363322f,-0.41298649974224455f,-0.8994257091339527f,4.14242932708528f,0f,0f,0f,1f], start_interpolation: 0, interpolation_duration: 1 }
$data merge entity $(bone_tongue1) { transformation: [-0.9873609082773007f,0.06800648251248637f,0.14315570244353715f,-0.24692581371196148f,0.06813877036084875f,0.9976678986777185f,-0.003983958044103675f,2.295336188238294f,-0.14309278381363322f,0.005820849101681291f,-0.9896921606925055f,3.4054746010351744f,0f,0f,0f,1f], start_interpolation: 0, interpolation_duration: 1 }
$data merge entity $(bone_jaw_lips1) { transformation: [-0.9873609082773007f,0.06800648251248637f,0.14315570244353715f,-0.3181926499110105f,0.06813877036084875f,0.9976678986777185f,-0.003983958044103675f,2.1830790972451597f,-0.14309278381363322f,0.005820849101681291f,-0.9896921606925055f,4.185004847090511f,0f,0f,0f,1f], start_interpolation: 0, interpolation_duration: 1 }
$data merge entity $(bone_jaw3) { transformation: [-0.9873609082773007f,0.10274064002130334f,0.12067641730610261f,-0.23143918021737814f,0.06813877036084875f,0.9626420651756503f,-0.26206366083085736f,1.9078355507624247f,-0.14309278381363322f,-0.2505286714976393f,-0.9574757646949048f,3.4553262521447827f,0f,0f,0f,1f], start_interpolation: 0, interpolation_duration: 1 }
$data merge entity $(bone_jaw1) { transformation: [-0.9873609082773007f,-0.012682509743933219f,0.15797971626895238f,-0.10801752688225907f,0.06813877036084875f,0.8659977238171954f,0.4953837404650542f,2.2948540980007484f,-0.14309278381363322f,0.49988708353990474f,-0.85418812853518f,2.7879917767266735f,0f,0f,0f,1f], start_interpolation: 0, interpolation_duration: 1 }
$data merge entity $(bone_tear_right1) { transformation: [-0.9873609082773007f,0.01494305591496398f,0.15778194410561025f,-0.7730100446322627f,0.06813877036084875f,0.9388637562836832f,0.33747882172160726f,2.748512415308922f,-0.14309278381363322f,0.34396446359589994f,-0.9280155726083748f,3.5660006899755654f,0f,0f,0f,1f], start_interpolation: 0, interpolation_duration: 1 }
$data merge entity $(bone_right_pupil1) { transformation: [-0.9873609082773007f,0.01494305591496398f,0.15778194410561025f,-0.6216998660625129f,0.06813877036084875f,0.9388637562836832f,0.33747882172160726f,2.8094448088830806f,-0.14309278381363322f,0.34396446359589994f,-0.9280155726083748f,3.6770237800689745f,0f,0f,0f,1f], start_interpolation: 0, interpolation_duration: 1 }
$data merge entity $(bone_right_sad_pupil1) { transformation: [-0.9873609082773007f,0.01494305591496398f,0.15778194410561025f,-0.6201590267646067f,0.06813877036084875f,0.9388637562836832f,0.33747882172160726f,2.8127405005014556f,-0.14309278381363322f,0.34396446359589994f,-0.9280155726083748f,3.667961127992721f,0f,0f,0f,1f], start_interpolation: 0, interpolation_duration: 1 }
$data merge entity $(bone_right_happy_pupil1) { transformation: [-0.9873609082773007f,0.01494305591496398f,0.15778194410561025f,-0.6446290251704054f,0.06813877036084875f,0.9388637562836832f,0.33747882172160726f,2.7914828383763823f,-0.14309278381363322f,0.34396446359589994f,-0.9280155726083748f,3.6560702341187765f,0f,0f,0f,1f], start_interpolation: 0, interpolation_duration: 1 }
$data merge entity $(bone_eyelid_right1) { transformation: [-0.9873609082773007f,0.01494305591496398f,0.15778194410561025f,-0.17262183448012575f,0.06813877036084875f,0.9388637562836832f,0.33747882172160726f,2.9060635226238056f,-0.14309278381363322f,0.34396446359589994f,-0.9280155726083748f,3.2518329620493196f,0f,0f,0f,1f], start_interpolation: 0, interpolation_duration: 1 }
$data merge entity $(bone_eyelid_expressions_right5) { transformation: [-0.9873609082773007f,0.01494305591496398f,0.15778194410561025f,-0.7295846936639254f,0.06813877036084875f,0.9388637562836832f,0.33747882172160726f,2.912078696219678f,-0.14309278381363322f,0.34396446359589994f,-0.9280155726083748f,3.6854814619875578f,0f,0f,0f,1f], start_interpolation: 0, interpolation_duration: 1 }
$data merge entity $(bone_eyelid_expressions_right7) { transformation: [-0.9873609082773007f,0.01494305591496398f,0.15778194410561025f,-0.44031880256706f,0.06813877036084875f,0.9388637562836832f,0.33747882172160726f,2.8921161658405232f,-0.14309278381363322f,0.34396446359589994f,-0.9280155726083748f,3.727403175995458f,0f,0f,0f,1f], start_interpolation: 0, interpolation_duration: 1 }
$data merge entity $(bone_eyelid_expressions_right6) { transformation: [-0.9873609082773007f,0.01494305591496398f,0.15778194410561025f,-0.5367407662660152f,0.06813877036084875f,0.9388637562836832f,0.33747882172160726f,2.8987703426335747f,-0.14309278381363322f,0.34396446359589994f,-0.9280155726083748f,3.713429271326158f,0f,0f,0f,1f], start_interpolation: 0, interpolation_duration: 1 }
$data merge entity $(bone_right_eye1) { transformation: [-0.9873609082773007f,0.01494305591496398f,0.15778194410561025f,-0.18380487014792762f,0.06813877036084875f,0.9388637562836832f,0.33747882172160726f,2.9034332486847356f,-0.14309278381363322f,0.34396446359589994f,-0.9280155726083748f,3.2594982236586434f,0f,0f,0f,1f], start_interpolation: 0, interpolation_duration: 1 }
$data merge entity $(bone_tear_left1) { transformation: [-0.9873609082773007f,0.01494305591496398f,0.15778194410561025f,0.268347163316453f,0.06813877036084875f,0.9388637562836832f,0.33747882172160726f,2.6766473059439644f,-0.14309278381363322f,0.34396446359589994f,-0.9280155726083748f,3.7169188604040064f,0f,0f,0f,1f], start_interpolation: 0, interpolation_duration: 1 }
$data merge entity $(bone_left_sad_pupil1) { transformation: [-0.9873609082773007f,0.01494305591496398f,0.15778194410561025f,0.10300570097755707f,0.06813877036084875f,0.9388637562836832f,0.33747882172160726f,2.7628341745535683f,-0.14309278381363322f,0.34396446359589994f,-0.9280155726083748f,3.772765413012472f,0f,0f,0f,1f], start_interpolation: 0, interpolation_duration: 1 }
$data merge entity $(bone_left_pupil1) { transformation: [-0.9873609082773007f,0.01494305591496398f,0.15778194410561025f,0.10146486167965069f,0.06813877036084875f,0.9388637562836832f,0.33747882172160726f,2.759538482935193f,-0.14309278381363322f,0.34396446359589994f,-0.9280155726083748f,3.7818280650887255f,0f,0f,0f,1f], start_interpolation: 0, interpolation_duration: 1 }
$data merge entity $(bone_eyelid_left1) { transformation: [-0.9873609082773007f,0.01494305591496398f,0.15778194410561025f,-0.1919062272199168f,0.06813877036084875f,0.9388637562836832f,0.33747882172160726f,2.9073943579824157f,-0.14309278381363322f,0.34396446359589994f,-0.9280155726083748f,3.2490381811154596f,0f,0f,0f,1f], start_interpolation: 0, interpolation_duration: 1 }
$data merge entity $(bone_left_happy_pupil1) { transformation: [-0.9873609082773007f,0.01494305591496398f,0.15778194410561025f,0.12674668442123566f,0.06813877036084875f,0.9388637562836832f,0.33747882172160726f,2.7382494240319692f,-0.14309278381363322f,0.34396446359589994f,-0.9280155726083748f,3.7678614714731773f,0f,0f,0f,1f], start_interpolation: 0, interpolation_duration: 1 }
$data merge entity $(bone_eyelid_expressions_left5) { transformation: [-0.9873609082773007f,0.01494305591496398f,0.15778194410561025f,0.21535055058583502f,0.06813877036084875f,0.9388637562836832f,0.33747882172160726f,2.846867763647772f,-0.14309278381363322f,0.34396446359589994f,-0.9280155726083748f,3.8224257277466984f,0f,0f,0f,1f], start_interpolation: 0, interpolation_duration: 1 }
$data merge entity $(bone_eyelid_expressions_left7) { transformation: [-0.9873609082773007f,0.01494305591496398f,0.15778194410561025f,-0.07391534051103044f,0.06813877036084875f,0.9388637562836832f,0.33747882172160726f,2.8668302940269266f,-0.14309278381363322f,0.34396446359589994f,-0.9280155726083748f,3.7805040137387986f,0f,0f,0f,1f], start_interpolation: 0, interpolation_duration: 1 }
$data merge entity $(bone_eyelid_expressions_left6) { transformation: [-0.9873609082773007f,0.01494305591496398f,0.15778194410561025f,0.022506623187924707f,0.06813877036084875f,0.9388637562836832f,0.33747882172160726f,2.860176117233875f,-0.14309278381363322f,0.34396446359589994f,-0.9280155726083748f,3.7944779184080986f,0f,0f,0f,1f], start_interpolation: 0, interpolation_duration: 1 }
$data merge entity $(bone_left_eye1) { transformation: [-0.9873609082773007f,0.01494305591496398f,0.15778194410561025f,-0.18380487014792762f,0.06813877036084875f,0.9388637562836832f,0.33747882172160726f,2.9034332486847356f,-0.14309278381363322f,0.34396446359589994f,-0.9280155726083748f,3.2594982236586434f,0f,0f,0f,1f], start_interpolation: 0, interpolation_duration: 1 }
$data merge entity $(bone_crest_middle5) { transformation: [-0.9873609082773007f,0.04873910889257085f,0.1508076127726375f,-0.23121022566605404f,0.06813877036084875f,0.9896527223750927f,0.1262719171838275f,3.8948181945328715f,-0.14309278381363322f,0.13495180013592267f,-0.9804654337917981f,4.058685597040631f,0f,0f,0f,1f], start_interpolation: 0, interpolation_duration: 1 }
$data merge entity $(bone_crest_middle4) { transformation: [-0.9873609082773007f,0.04873910889257085f,0.1508076127726375f,-0.25976829728279477f,0.06813877036084875f,0.9896527223750927f,0.1262719171838275f,3.3149435525162154f,-0.14309278381363322f,0.13495180013592267f,-0.9804654337917981f,3.979612276648489f,0f,0f,0f,1f], start_interpolation: 0, interpolation_duration: 1 }
$data merge entity $(bone_crest_middle1) { transformation: [-0.9873609082773007f,0.04873910889257085f,0.1508076127726375f,-0.29223237757385023f,0.06813877036084875f,0.9896527223750927f,0.1262719171838275f,2.870789100109387f,-0.14309278381363322f,0.13495180013592267f,-0.9804654337917981f,3.9921190258888783f,0f,0f,0f,1f], start_interpolation: 0, interpolation_duration: 1 }
$data merge entity $(bone_crest_left5) { transformation: [-0.5431114748473421f,-0.7970527223433987f,0.26407741988689903f,-1.2014027033066321f,-0.7552187262052942f,0.601161317048179f,0.2612465243285583f,3.4077008427429862f,-0.3669803829607216f,-0.05755022753973901f,-0.9284467512098507f,3.8091965734506528f,0f,0f,0f,1f], start_interpolation: 0, interpolation_duration: 1 }
$data merge entity $(bone_crest_left4) { transformation: [-0.5431114748473421f,-0.7970527223433987f,0.26407741988689903f,-0.8122168037248945f,-0.7552187262052942f,0.601161317048179f,0.2612465243285583f,3.114165043403055f,-0.3669803829607216f,-0.05755022753973901f,-0.9284467512098507f,3.837297270491541f,0f,0f,0f,1f], start_interpolation: 0, interpolation_duration: 1 }
$data merge entity $(bone_crest_left1) { transformation: [-0.5431114748473421f,-0.7970527223433987f,0.26407741988689903f,-0.3712179089170681f,-0.7552187262052942f,0.601161317048179f,0.2612465243285583f,2.8040318420748616f,-0.3669803829607216f,-0.05755022753973901f,-0.9284467512098507f,3.8228737232125996f,0f,0f,0f,1f], start_interpolation: 0, interpolation_duration: 1 }
$data merge entity $(bone_crest_center1) { transformation: [-0.9873609082773007f,0.01494305591496398f,0.15778194410561025f,-0.2751607612494569f,0.06813877036084875f,0.9388637562836832f,0.33747882172160726f,2.7744564802518394f,-0.14309278381363322f,0.34396446359589994f,-0.9280155726083748f,3.8284501654587855f,0f,0f,0f,1f], start_interpolation: 0, interpolation_duration: 1 }
$data merge entity $(bone_crest_right5) { transformation: [-0.5179057837813735f,0.8541624945826316f,0.04669081252427351f,0.6951964078221992f,0.8284405954615305f,0.4872092924751514f,0.2762485929687377f,3.27681462857711f,0.2132129895600779f,0.18175130859016764f,-0.9599513961178533f,4.084060247224607f,0f,0f,0f,1f], start_interpolation: 0, interpolation_duration: 1 }
$data merge entity $(bone_crest_right4) { transformation: [-0.5179057837813735f,0.8541624945826316f,0.04669081252427351f,0.2781248772642736f,0.8284405954615305f,0.4872092924751514f,0.2762485929687377f,3.0389194662357273f,0.2132129895600779f,0.18175130859016764f,-0.9599513961178533f,3.995314491077064f,0f,0f,0f,1f], start_interpolation: 0, interpolation_duration: 1 }
$data merge entity $(bone_crest_right1) { transformation: [-0.5179057837813735f,0.8541624945826316f,0.04669081252427351f,-0.1783739815191578f,0.8284405954615305f,0.4872092924751514f,0.2762485929687377f,2.790723488488758f,0.2132129895600779f,0.18175130859016764f,-0.9599513961178533f,3.8508215325512f,0f,0f,0f,1f], start_interpolation: 0, interpolation_duration: 1 }
$data merge entity $(bone_head1) { transformation: [-0.9873609082773007f,0.01494305591496398f,0.15778194410561025f,-0.09978835016517622f,0.06813877036084875f,0.9388637562836832f,0.33747882172160726f,3.0388533308455754f,-0.14309278381363322f,0.34396446359589994f,-0.9280155726083748f,2.7442572196406734f,0f,0f,0f,1f], start_interpolation: 0, interpolation_duration: 1 }
$data merge entity $(bone_neck10) { transformation: [-1.2983752793376124f,0.055868994261940176f,0.08075454432773656f,-0.05901143561024598f,0.06888197035269744f,1.2813396304511495f,0.22100912320555074f,2.8119204419941854f,-0.06998510634235819f,0.22465176131051257f,-1.2806461954711683f,1.7644012769743123f,0f,0f,0f,1f], start_interpolation: 0, interpolation_duration: 1 }
$data merge entity $(bone_neck9) { transformation: [-0.9971522145312863f,-0.023083007003080476f,0.07179579265560812f,-0.031229495924736343f,0.05290135323087164f,0.46440331649202204f,0.8840424234489844f,2.330259740210742f,-0.05374856167093109f,0.8853229548695247f,-0.46185967316859294f,0.7749175782389986f,0f,0f,0f,1f], start_interpolation: 0, interpolation_duration: 1 }
$data merge entity $(bone_neck8) { transformation: [-0.9971522145312863f,-0.03984177600983709f,0.06403197591620381f,0.008859650564673253f,0.05290135323087164f,0.23559633355688617f,0.9704101269261853f,2.1590722299248704f,-0.05374856167093109f,0.971033985244046f,-0.23281772187565897f,-0.13731208199110556f,0f,0f,0f,1f], start_interpolation: 0, interpolation_duration: 1 }
$data merge entity $(bone_neck7) { transformation: [-0.9983740592742807f,0.0023429371336911205f,0.05695391482402637f,0.006686027247284031f,0.0569653206420172f,0.07688913606167136f,0.995410976933569f,2.087739535336406f,-0.0020469519650079832f,0.9970368957071134f,-0.07689758504904812f,-1.0622974832818843f,0f,0f,0f,1f], start_interpolation: 0, interpolation_duration: 1 }
$data merge entity $(bone_neck6) { transformation: [-0.9989790674200234f,0.029869387923489636f,0.03389162908000109f,-0.01763668021905694f,0.027309775545372807f,-0.19831897515996078f,0.9797569904068888f,2.2680558231125745f,0.03598609476286142f,0.9796822973579644f,0.19730077857712425f,-1.8743409450902357f,0f,0f,0f,1f], start_interpolation: 0, interpolation_duration: 1 }
$data merge entity $(bone_neck_spine6) { transformation: [-1.0873271671773481f,0.17364927594863144f,-0.11183576350148587f,-0.5557219781443827f,-0.04743504220084102f,0.3733091550236664f,1.040832296320729f,3.424425395440781f,0.2010254357210766f,1.0273401974299428f,-0.3593084614298962f,-5.189501110657982f,0f,0f,0f,1f], start_interpolation: 0, interpolation_duration: 1 }
$data merge entity $(bone_neck_spine7) { transformation: [-0.9964510126362238f,0.012860264846164197f,-0.08318649532424391f,-0.9818220399065334f,-0.07381878743740866f,0.34139262001875864f,0.937017537518908f,2.6646367431964415f,0.04044954928691569f,0.9398328003346201f,-0.33923169276715803f,-8.110332381655137f,0f,0f,0f,1f], start_interpolation: 0, interpolation_duration: 1 }
$data merge entity $(bone_tail6) { transformation: [-1.4064196492610077f,-0.40487870643220225f,-0.31662483309803363f,-0.30345091578018435f,-0.13473790587214404f,-0.5997465862108775f,1.3654098325168214f,3.5614304608065193f,-0.49600781100478664f,1.3109429991766282f,0.5268766326342952f,-10.996711035738821f,0f,0f,0f,1f], start_interpolation: 0, interpolation_duration: 1 }
$data merge entity $(bone_tail5) { transformation: [-1.1618249276503978f,-0.28396438753025754f,-0.31566520693936884f,-0.48279684474666296f,-0.11130522659003204f,-0.6837819271928044f,1.0247784547625878f,3.129568191000537f,-0.40974558300395425f,0.9909207644541626f,0.6166863502216414f,-10.37086634239935f,0f,0f,0f,1f], start_interpolation: 0, interpolation_duration: 1 }
$data merge entity $(bone_tail4) { transformation: [-0.9473424563175251f,-0.20307213317763512f,-0.24759640382073955f,-0.5621218967691767f,-0.0838567528311364f,-0.5888963315742183f,0.8038464751823237f,2.899530561479358f,-0.30904743238359955f,0.7822805247384812f,0.5408575275911309f,-10.06528801242338f,0f,0f,0f,1f], start_interpolation: 0, interpolation_duration: 1 }
$data merge entity $(bone_segment18) { transformation: [-0.9127315779875739f,-0.3249878264787015f,-0.24759640382073955f,-0.7208073589169801f,-0.006272950913184264f,-0.5948037444601326f,0.8038464751823237f,2.609099045629684f,-0.40851158689950773f,0.73524922184036f,0.5408575275911309f,-9.706279603321642f,0f,0f,0f,1f], start_interpolation: 0, interpolation_duration: 1 }
$data merge entity $(bone_segment17) { transformation: [-0.9594446437795968f,-0.23025761993954044f,-0.16262657833952215f,-0.866966980948915f,-0.06531624573135156f,-0.37961866387472415f,0.922834469491431f,2.3681301671935797f,-0.27422575292303286f,0.8960307464020124f,0.34918353044788386f,-9.137510086562552f,0f,0f,0f,1f], start_interpolation: 0, interpolation_duration: 1 }
$data merge entity $(bone_segment16) { transformation: [-0.9883648658650189f,-0.1121061847940056f,-0.10279637763343354f,-0.9600238726236267f,-0.08721910292408326f,-0.1359612913875558f,0.9868674456730986f,2.2552716733660185f,-0.12461027248482111f,0.9843509184102793f,0.12460156265512154f,-8.320421921866519f,0f,0f,0f,1f], start_interpolation: 0, interpolation_duration: 1 }
$data merge entity $(bone_segment15) { transformation: [-0.9964510126362238f,0.033952311233073525f,-0.07702350276491227f,-0.9252094909881509f,-0.07381878743740866f,0.08724196427565019f,0.9934483510936021f,2.344728765640855f,0.04044954928691569f,0.9956083970272944f,-0.08442602520092204f,-7.2995344053834526f,0f,0f,0f,1f], start_interpolation: 0, interpolation_duration: 1 }
$data merge entity $(bone_segment14) { transformation: [-0.9777450829394686f,0.19376864841651897f,-0.08042551633982112f,-0.7265209354829313f,-0.03855611874873137f,0.21085981091898046f,0.9767556326155715f,2.56094243894645f,0.20622312793361744f,0.9581189127817316f,-0.19869617629745093f,-6.317088254581873f,0f,0f,0f,1f], start_interpolation: 0, interpolation_duration: 1 }
$data merge entity $(bone_segment13) { transformation: [-0.9824320757555333f,0.17206021703305763f,-0.07226685437467821f,-0.5399263193009616f,-0.04285895577675988f,0.1688688507103731f,0.9847062613640086f,2.718304152182108f,0.181632393686808f,0.9705042982770838f,-0.15852785430108376f,-5.270684081014093f,0f,0f,0f,1f], start_interpolation: 0, interpolation_duration: 1 }
$data merge entity $(bone_segment12) { transformation: [-0.9737225738175117f,0.22292936656241685f,-0.046549401309573205f,-0.27868096786062924f,-0.041772033544709784f,0.02610031892734671f,0.9987861986258272f,2.7488904634250924f,0.2238737288109969f,0.9744851311723389f,-0.0161022567452479f,-4.128709317921508f,0f,0f,0f,1f], start_interpolation: 0, interpolation_duration: 1 }
$data merge entity $(bone_segment11) { transformation: [-1.0188950009733693f,0.18260059656447933f,-0.007645981940610718f,-0.0676566384043292f,-0.03524623761460047f,-0.15383276596754802f,1.023055054609893f,2.5711119846168553f,0.17932970094090667f,1.0072442425564578f,0.1576336135200075f,-2.964676752402812f,0f,0f,0f,1f], start_interpolation: 0, interpolation_duration: 1 }
$data merge entity $(bone_segment10) { transformation: [-0.9989493664693244f,0.04428625487054455f,0.011785196649890507f,-0.015531305323937913f,3.469446951953614e-18f,-0.2571640805586617f,0.9663677538444762f,2.2845962674323483f,0.04582753790610425f,0.9653524554793236f,0.25689389535274126f,-1.828447951188431f,0f,0f,0f,1f], start_interpolation: 0, interpolation_duration: 1 }