# This file was generated by Animated Java via MC-Build. It is not recommended to edit this file directly.
$data merge entity $(bone_neck_spine5) { transformation: [-1.3619308746791823f,0.010392047805386367f,0.11932291521019243f,0.18986949710506487f,0.09116857018243267f,0.9732963456775706f,0.9558159736360491f,2.804221627828781f,-0.07768040011958649f,0.960097853861443f,-0.970247147176514f,0.4443999092378883f,0f,0f,0f,1f], start_interpolation: 0, interpolation_duration: 1 }
$data merge entity $(bone_neck_spine2) { transformation: [-1.2970770235039828f,0.08735459997112185f,0.07335786192616288f,0.043891632290475456f,0.0868272096975549f,1.2991318120544464f,-0.011771894864974973f,3.6934768425162083f,-0.07398133344722521f,-0.006834889645083816f,-1.2999619431080875f,2.3286523466461917f,0f,0f,0f,1f], start_interpolation: 0, interpolation_duration: 1 }
$data merge entity $(bone_scale_neck_left1) { transformation: [-1.3562370898923153f,0.42040309209549104f,0.18799365563696926f,0.6739053172713108f,0.4593927855230635f,1.2759692334014305f,0.46078216374454445f,2.8652782102297483f,-0.03222798492866004f,0.49661169335034167f,-1.3430553232901175f,2.3422987220264213f,0f,0f,0f,1f], start_interpolation: 0, interpolation_duration: 1 }
$data merge entity $(bone_scale_neck_right1) { transformation: [-1.4000993406227145f,-0.3006482520966842f,0.028140421138046604f,-0.6880255574078713f,-0.2748817681257967f,1.324236896100249f,0.4714828469431223f,2.956446780412181f,-0.12498507247929178f,0.45548511492777083f,-1.3521728662191679f,2.264618321906835f,0f,0f,0f,1f], start_interpolation: 0, interpolation_duration: 1 }
$data merge entity $(bone_blush_right1) { transformation: [-0.9755653479607791f,0.031695416559871986f,0.21741125184143548f,-0.7831783161796915f,0.0839259349983144f,0.9682601130871733f,0.23543319825180417f,2.570370174557642f,-0.20304849000379838f,0.24792691256398702f,-0.9472610816103799f,3.3214531519004775f,0f,0f,0f,1f], start_interpolation: 0, interpolation_duration: 1 }
$data merge entity $(bone_blush_left1) { transformation: [-0.9755653479607791f,0.031695416559871986f,0.21741125184143548f,0.34100831525948755f,0.0839259349983144f,0.9682601130871733f,0.23543319825180417f,2.4736586478994282f,-0.20304849000379838f,0.24792691256398702f,-0.9472610816103799f,3.555434810303292f,0f,0f,0f,1f], start_interpolation: 0, interpolation_duration: 1 }
$data merge entity $(bone_left_head_scales) { transformation: [-0.965726376153968f,0.031695416559871986f,-0.2576198109028512f,0.44496496798217017f,-0.034267739274143255f,0.9682601130871733f,0.24758448143907155f,3.1679276259705325f,0.25729028051126224f,0.24792691256398702f,-0.9339881999152482f,3.391022309817937f,0f,0f,0f,1f], start_interpolation: 0, interpolation_duration: 1 }
$data merge entity $(bone_left_head_scales2) { transformation: [-0.9238383201734042f,0.031695416559871986f,-0.38146842431357125f,0.3883555724508099f,-0.06629083362926488f,0.9682601130871733f,0.2409935243552236f,2.3769871277210117f,0.3769990498077147f,0.24792691256398702f,-0.8924146807793839f,3.336088356878843f,0f,0f,0f,1f], start_interpolation: 0, interpolation_duration: 1 }
$data merge entity $(bone_left_head_scales1) { transformation: [-0.9755653479607791f,0.031695416559871986f,0.21741125184143548f,0.4418697124587452f,0.0839259349983144f,0.9682601130871733f,0.23543319825180417f,3.0733709743018633f,-0.20304849000379838f,0.24792691256398702f,-0.9472610816103799f,3.3668106972628604f,0f,0f,0f,1f], start_interpolation: 0, interpolation_duration: 1 }
$data merge entity $(bone_right_head_scales) { transformation: [-0.7649476880750169f,0.031695416559871986f,0.6433120821792349f,-0.6982756741593678f,0.1831541663303755f,0.9682601130871733f,0.170079113239221f,3.2662783310466823f,-0.6175027010989602f,0.24792691256398702f,-0.746473482557805f,3.1530748605947356f,0f,0f,0f,1f], start_interpolation: 0, interpolation_duration: 1 }
$data merge entity $(bone_right_head_scales2) { transformation: [-0.6744343780657434f,0.031695416559871986f,0.7376541671082526f,-0.7548850696907281f,0.20378703607473345f,0.9682601130871733f,0.14471764692769817f,2.4753378327971616f,-0.7096542211605235f,0.24792691256398702f,-0.6594870221737045f,3.0981409076556417f,0f,0f,0f,1f], start_interpolation: 0, interpolation_duration: 1 }
$data merge entity $(bone_right_head_scales1) { transformation: [-0.9755653479607791f,0.031695416559871986f,0.21741125184143548f,-0.7013709296827928f,0.0839259349983144f,0.9682601130871733f,0.23543319825180417f,3.171721679378013f,-0.20304849000379838f,0.24792691256398702f,-0.9472610816103799f,3.128863248039659f,0f,0f,0f,1f], start_interpolation: 0, interpolation_duration: 1 }
$data merge entity $(bone_head_left_fin1) { transformation: [-0.6448265177985575f,0.2055943110303484f,-0.7361587744608787f,0.44618612188168305f,0.09419357665491535f,0.9771775325154791f,0.19039863461672812f,2.736027402002848f,0.758502690872446f,0.05343266060113547f,-0.649475649058795f,3.20663804992681f,0f,0f,0f,1f], start_interpolation: 0, interpolation_duration: 1 }
$data merge entity $(bone_head_right_fin1) { transformation: [-0.2974971514476146f,-0.04690067052389611f,0.9535700142018749f,-0.6970545202598549f,-0.01312735676729912f,0.9988991705929461f,0.04503464769517533f,2.8343781070789977f,-0.954632451462268f,0.0008798256267351368f,-0.2977853396693791f,2.968690600703609f,0f,0f,0f,1f], start_interpolation: 0, interpolation_duration: 1 }
$data merge entity $(bone_right_whisker16) { transformation: [-0.04880732540344142f,-0.5129253105737236f,0.8570446142178436f,-0.8291208004494461f,0.9985224108715801f,-0.004531586043124217f,0.05415219030789013f,1.607572109822678f,-0.023892257619797314f,0.8584212779869705f,0.5123885923057284f,1.389172088020715f,0f,0f,0f,1f], start_interpolation: 0, interpolation_duration: 1 }
$data merge entity $(bone_right_whisker15) { transformation: [0.5905517641092093f,-0.17989917130112265f,0.7866923808406121f,-1.002134012590816f,0.2676337227817162f,0.9633257067373002f,0.019384869591536957f,1.529163792601472f,-0.7613283157334296f,0.1990976416340759f,0.6170407804661283f,1.6122174930207431f,0f,0f,0f,1f], start_interpolation: 0, interpolation_duration: 1 }
$data merge entity $(bone_right_whisker14) { transformation: [0.7501624403667835f,-0.03560598523878407f,0.6602942729405792f,-1.221908165042022f,-0.3540107575936262f,0.821771560638028f,0.4465063108563271f,1.6328778817402299f,-0.558509352268106f,-0.5687035395895786f,0.6038572575429937f,1.77584327981804f,0f,0f,0f,1f], start_interpolation: 0, interpolation_duration: 1 }
$data merge entity $(bone_right_whisker13) { transformation: [0.3720232978688943f,-0.3039603995447591f,0.8770443212012393f,-1.3308993655895496f,0.07375251192932711f,0.9515557741789322f,0.2984998753950289f,1.6112707005109348f,-0.9252887294390151f,-0.04636468629596949f,0.3764187602097029f,2.0469239622708764f,0f,0f,0f,1f], start_interpolation: 0, interpolation_duration: 1 }
$data merge entity $(bone_right_whisker12) { transformation: [-0.3402121885749563f,-0.1583898854852012f,0.9269133243842292f,-1.1980039794274573f,-0.3931272547620069f,0.9193948005578475f,0.012812582506449247f,1.7648360344023437f,-0.8542286744826159f,-0.36003589388168106f,-0.3750566981250866f,2.3806070382406483f,0f,0f,0f,1f], start_interpolation: 0, interpolation_duration: 1 }
$data merge entity $(bone_right_whisker11) { transformation: [-0.8318172333238909f,-0.08099997655439559f,0.5491075433315182f,-0.8730753726603124f,-0.15874060788597127f,0.9826897974439102f,-0.0955101115465781f,1.8268440843578013f,-0.531866063735392f,-0.1666126219643481f,-0.8302762940424022f,2.588367219387286f,0f,0f,0f,1f], start_interpolation: 0, interpolation_duration: 1 }
$data merge entity $(bone_right_whisker10) { transformation: [-0.3847880670196697f,-0.42495205746441944f,0.81936188118317f,-0.7227675339807539f,-0.5400919437029058f,0.8235327473689619f,0.17347768259389273f,2.037817499866749f,-0.7484910392426111f,-0.37577860884793163f,-0.546398756684008f,2.8807465315914307f,0f,0f,0f,1f], start_interpolation: 0, interpolation_duration: 1 }
$data merge entity $(bone_right_whisker1) { transformation: [0.12406780192102157f,-0.4144976681546305f,0.9015535833331595f,-0.771231519106153f,-0.7778123181296323f,0.5235324877054487f,0.3477380221988278f,2.3416504366361366f,-0.6161291896122879f,-0.7443825746290131f,-0.25744786714282075f,3.121421996283731f,0f,0f,0f,1f], start_interpolation: 0, interpolation_duration: 1 }
$data merge entity $(bone_left_whisker16) { transformation: [-0.21706925309611835f,0.12257882874206713f,-0.9684293314974078f,0.9903764633613251f,-0.9756495807824722f,-0.05920273564767231f,0.2111940614951537f,1.4510444006216614f,-0.03144574501073724f,0.9906914084799847f,0.1324450764832914f,1.7678716520786963f,0f,0f,0f,1f], start_interpolation: 0, interpolation_duration: 1 }
$data merge entity $(bone_left_whisker15) { transformation: [0.18809349781059054f,0.24139859309382367f,-0.952022875425638f,1.0454819802980215f,-0.33461901677070877f,0.9270823029884343f,0.16896306431011915f,1.3530114855521178f,0.9233910058565559f,0.28678410475126426f,0.25515471299828013f,2.0383963608257343f,0f,0f,0f,1f], start_interpolation: 0, interpolation_duration: 1 }
$data merge entity $(bone_left_whisker14) { transformation: [0.5144408438592039f,0.3920395373002809f,-0.7626635033635816f,1.1961970712723977f,0.24521946723829063f,0.7849820719564592f,0.5689205213334402f,1.4248531263445858f,0.821716515020113f,-0.47969589106049887f,0.30769111303850655f,2.279133621085533f,0f,0f,0f,1f], start_interpolation: 0, interpolation_duration: 1 }
$data merge entity $(bone_left_whisker13) { transformation: [-0.042545983260429465f,0.4488008867264851f,-0.8926183974027893f,1.1837324277390688f,-0.10209678609512184f,0.8867972268269736f,0.4507404183796214f,1.3949419585432805f,0.9938642188837723f,0.1103106638793816f,0.008091468163439364f,2.5703047789616384f,0f,0f,0f,1f], start_interpolation: 0, interpolation_duration: 1 }
$data merge entity $(bone_left_whisker12) { transformation: [-0.5814151115851534f,0.43628645263414345f,-0.6867391056786695f,0.9566171497761182f,0.4724130074259267f,0.8682359850029858f,0.15163187250933227f,1.5794782895690331f,0.6624065356223587f,-0.23626342415577217f,-0.7109129172908416f,2.829057331939122f,0f,0f,0f,1f], start_interpolation: 0, interpolation_duration: 1 }
$data merge entity $(bone_left_whisker11) { transformation: [-0.9362275837747296f,0.3001034006946249f,-0.18280005544543165f,0.5909032498641145f,0.3108419660411104f,0.9499042364012834f,-0.032545565206217264f,1.7009009325538418f,0.1638755122860906f,-0.08729198450268141f,-0.9826112791508936f,2.893071203925876f,0f,0f,0f,1f], start_interpolation: 0, interpolation_duration: 1 }
$data merge entity $(bone_left_whisker10) { transformation: [-0.5557313805034068f,0.6676529125291956f,-0.4953808848906668f,0.37382067935497115f,0.6210029500055257f,0.7295381278571114f,0.28658237225477745f,1.9434802098997503f,0.5527367988547647f,-0.14837017353236298f,-0.820041659184315f,3.1089840159785185f,0f,0f,0f,1f], start_interpolation: 0, interpolation_duration: 1 }
$data merge entity $(bone_left_whisker1) { transformation: [-0.0046375841781403915f,0.7551140138754483f,-0.6555770884205f,0.3720091230353851f,0.7675379754502051f,0.422913134830205f,0.48169485842168763f,2.2432997315599867f,0.6409866995927386f,-0.5009464107437025f,-0.5815399767068559f,3.359369445506932f,0f,0f,0f,1f], start_interpolation: 0, interpolation_duration: 1 }
$data merge entity $(bone_upper_left_tooth1) { transformation: [-0.9755653479607791f,0.05052344506669226f,0.2138214988179552f,-0.09888749013419215f,0.0839259349983144f,0.9850949462922486f,0.15014787452418604f,2.4252222487500847f,-0.20304849000379838f,0.16442423266679695f,-0.9652647214205607f,4.133939651026878f,0f,0f,0f,1f], start_interpolation: 0, interpolation_duration: 1 }
$data merge entity $(bone_upper_right_tooth1) { transformation: [-0.9755653479607791f,0.05052344506669226f,0.2138214988179552f,-0.6705078112049612f,0.0839259349983144f,0.9850949462922486f,0.15014787452418604f,2.4743976012881594f,-0.20304849000379838f,0.16442423266679695f,-0.9652647214205607f,4.014965926415278f,0f,0f,0f,1f], start_interpolation: 0, interpolation_duration: 1 }
$data merge entity $(bone_top_lip1) { transformation: [-0.9755653479607791f,0.12060776817767926f,0.1836464486815987f,-0.3554525092269331f,0.0839259349983144f,0.9770400493691234f,-0.19582946500320061f,2.553581671953585f,-0.20304849000379838f,-0.17563174025209743f,-0.9632885354467775f,4.097072850067718f,0f,0f,0f,1f], start_interpolation: 0, interpolation_duration: 1 }
$data merge entity $(bone_muzzle1) { transformation: [-0.9755653479607791f,0.05052344506669226f,0.2138214988179552f,-0.24364658523378724f,0.0839259349983144f,0.9850949462922486f,0.15014787452418604f,2.7711970813343765f,-0.20304849000379838f,0.16442423266679695f,-0.9652647214205607f,3.649837766268636f,0f,0f,0f,1f], start_interpolation: 0, interpolation_duration: 1 }
$data merge entity $(bone_jaw_right_tooth1) { transformation: [-0.9755653479607791f,0.1761450144653532f,0.13132092650131744f,-0.6712189409979464f,0.0839259349983144f,0.8511397029166811f,-0.5181868809161061f,2.5035559173046975f,-0.20304849000379838f,-0.4945039332481639f,-0.8451255354734427f,4.030434608396338f,0f,0f,0f,1f], start_interpolation: 0, interpolation_duration: 1 }
$data merge entity $(bone_jaw_left_tooth1) { transformation: [-0.9755653479607791f,0.1761450144653532f,0.13132092650131744f,-0.05196359317127999f,0.0839259349983144f,0.8511397029166811f,-0.5181868809161061f,2.4502826187217828f,-0.20304849000379838f,-0.4945039332481639f,-0.8451255354734427f,4.159322810058906f,0f,0f,0f,1f], start_interpolation: 0, interpolation_duration: 1 }
$data merge entity $(bone_tongue1) { transformation: [-0.9755653479607791f,0.10414297656946803f,0.19345927811664948f,-0.22716222391784352f,0.0839259349983144f,0.9903897794790485f,-0.10992962356935707f,2.393061646873645f,-0.20304849000379838f,-0.0910072806685985f,-0.9749302465163776f,3.4143425819640583f,0f,0f,0f,1f], start_interpolation: 0, interpolation_duration: 1 }
$data merge entity $(bone_jaw_lips1) { transformation: [-0.9755653479607791f,0.10414297656946803f,0.19345927811664948f,-0.3423629700848522f,0.0839259349983144f,0.9903897794790485f,-0.10992962356935707f,2.3636211140515835f,-0.20304849000379838f,-0.0910072806685985f,-0.9749302465163776f,4.196141829881881f,0f,0f,0f,1f], start_interpolation: 0, interpolation_duration: 1 }
$data merge entity $(bone_jaw3) { transformation: [-0.9755653479607791f,0.15066533632344067f,0.1599131273182674f,-0.22846594526312547f,0.0839259349983144f,0.9281911858908475f,-0.3625155994839409f,2.012422759022144f,-0.20304849000379838f,-0.3402367982230712f,-0.9181558864605133f,3.5037523372784594f,0f,0f,0f,1f], start_interpolation: 0, interpolation_duration: 1 }
$data merge entity $(bone_jaw1) { transformation: [-0.9755653479607791f,-0.006539175723437866f,0.21961213773155136f,-0.05689396266035096f,0.0839259349983144f,0.9126675204620026f,0.3999930431000005f,2.3249173239440197f,-0.20304849000379838f,0.40865050626984206f,-0.8898180007353074f,2.8085820242040005f,0f,0f,0f,1f], start_interpolation: 0, interpolation_duration: 1 }
$data merge entity $(bone_tear_right1) { transformation: [-0.9755653479607791f,0.031695416559871986f,0.21741125184143548f,-0.7438183058981827f,0.0839259349983144f,0.9682601130871733f,0.23543319825180417f,2.876528138413045f,-0.20304849000379838f,0.24792691256398702f,-0.9472610816103799f,3.4993636413951252f,0f,0f,0f,1f], start_interpolation: 0, interpolation_duration: 1 }
$data merge entity $(bone_right_pupil1) { transformation: [-0.9755653479607791f,0.031695416559871986f,0.21741125184143548f,-0.5962667074820516f,0.0839259349983144f,0.9682601130871733f,0.23543319825180417f,2.9437666804005316f,-0.20304849000379838f,0.24792691256398702f,-0.9472610816103799f,3.6117965437663475f,0f,0f,0f,1f], start_interpolation: 0, interpolation_duration: 1 }
$data merge entity $(bone_right_sad_pupil1) { transformation: [-0.9755653479607791f,0.031695416559871986f,0.21741125184143548f,-0.5941435507257875f,0.0839259349983144f,0.9682601130871733f,0.23543319825180417f,2.9460658327272093f,-0.20304849000379838f,0.24792691256398702f,-0.9472610816103799f,3.602545947266246f,0f,0f,0f,1f], start_interpolation: 0, interpolation_duration: 1 }
$data merge entity $(bone_right_happy_pupil1) { transformation: [-0.9755653479607791f,0.031695416559871986f,0.21741125184143548f,-0.6187345632156036f,0.0839259349983144f,0.9682601130871733f,0.23543319825180417f,2.9244759191868925f,-0.20304849000379838f,0.24792691256398702f,-0.9472610816103799f,3.591535946531807f,0f,0f,0f,1f], start_interpolation: 0, interpolation_duration: 1 }
$data merge entity $(bone_eyelid_right1) { transformation: [-0.9755653479607791f,0.031695416559871986f,0.21741125184143548f,-0.12274332978971782f,0.0839259349983144f,0.9682601130871733f,0.23543319825180417f,2.9821909124546444f,-0.20304849000379838f,0.24792691256398702f,-0.9472610816103799f,3.2042518527287362f,0f,0f,0f,1f], start_interpolation: 0, interpolation_duration: 1 }
$data merge entity $(bone_eyelid_expressions_right5) { transformation: [-0.9755653479607791f,0.031695416559871986f,0.21741125184143548f,-0.7006085518767554f,0.0839259349983144f,0.9682601130871733f,0.23543319825180417f,3.050047734072155f,-0.20304849000379838f,0.24792691256398702f,-0.9472610816103799f,3.6039543260567526f,0f,0f,0f,1f], start_interpolation: 0, interpolation_duration: 1 }
$data merge entity $(bone_eyelid_expressions_right7) { transformation: [-0.9755653479607791f,0.031695416559871986f,0.21741125184143548f,-0.41479839134137086f,0.0839259349983144f,0.9682601130871733f,0.23543319825180417f,3.0254600578031177f,-0.20304849000379838f,0.24792691256398702f,-0.9472610816103799f,3.663441188362553f,0f,0f,0f,1f], start_interpolation: 0, interpolation_duration: 1 }
$data merge entity $(bone_eyelid_expressions_right6) { transformation: [-0.9755653479607791f,0.031695416559871986f,0.21741125184143548f,-0.5100684448531657f,0.0839259349983144f,0.9682601130871733f,0.23543319825180417f,3.033655949892797f,-0.20304849000379838f,0.24792691256398702f,-0.9472610816103799f,3.6436122342606194f,0f,0f,0f,1f], start_interpolation: 0, interpolation_duration: 1 }
$data merge entity $(bone_right_eye1) { transformation: [-0.9755653479607791f,0.031695416559871986f,0.21741125184143548f,-0.13439349189716132f,0.0839259349983144f,0.9682601130871733f,0.23543319825180417f,2.9807113493369344f,-0.20304849000379838f,0.24792691256398702f,-0.9472610816103799f,3.2115195538186443f,0f,0f,0f,1f], start_interpolation: 0, interpolation_duration: 1 }
$data merge entity $(bone_tear_left1) { transformation: [-0.9755653479607791f,0.031695416559871986f,0.21741125184143548f,0.28509827202920146f,0.0839259349983144f,0.9682601130871733f,0.23543319825180417f,2.7880125038445103f,-0.20304849000379838f,0.24792691256398702f,-0.9472610816103799f,3.7135163456960063f,0f,0f,0f,1f], start_interpolation: 0, interpolation_duration: 1 }
$data merge entity $(bone_left_sad_pupil1) { transformation: [-0.9755653479607791f,0.031695416559871986f,0.21741125184143548f,0.1203818506126737f,0.0839259349983144f,0.9682601130871733f,0.23543319825180417f,2.884596642054616f,-0.20304849000379838f,0.24792691256398702f,-0.9472610816103799f,3.751263103030747f,0f,0f,0f,1f], start_interpolation: 0, interpolation_duration: 1 }
$data merge entity $(bone_left_pupil1) { transformation: [-0.9755653479607791f,0.031695416559871986f,0.21741125184143548f,0.11825869385640969f,0.0839259349983144f,0.9682601130871733f,0.23543319825180417f,2.882297489727938f,-0.20304849000379838f,0.24792691256398702f,-0.9472610816103799f,3.7605136995308484f,0f,0f,0f,1f], start_interpolation: 0, interpolation_duration: 1 }
$data merge entity $(bone_eyelid_left1) { transformation: [-0.9755653479607791f,0.031695416559871986f,0.21741125184143548f,-0.1417973404920768f,0.0839259349983144f,0.9682601130871733f,0.23543319825180417f,2.98383009087258f,-0.20304849000379838f,0.24792691256398702f,-0.9472610816103799f,3.2002860619083497f,0f,0f,0f,1f], start_interpolation: 0, interpolation_duration: 1 }
$data merge entity $(bone_left_happy_pupil1) { transformation: [-0.9755653479607791f,0.031695416559871986f,0.21741125184143548f,0.14342586487875503f,0.0839259349983144f,0.9682601130871733f,0.23543319825180417f,2.8589087824694595f,-0.20304849000379838f,0.24792691256398702f,-0.9472610816103799f,3.7501675793472744f,0f,0f,0f,1f], start_interpolation: 0, interpolation_duration: 1 }
$data merge entity $(bone_eyelid_expressions_left5) { transformation: [-0.9755653479607791f,0.031695416559871986f,0.21741125184143548f,0.23303797253883396f,0.0839259349983144f,0.9682601130871733f,0.23543319825180417f,2.9697279915932997f,-0.20304849000379838f,0.24792691256398702f,-0.9472610816103799f,3.7982780762557002f,0f,0f,0f,1f], start_interpolation: 0, interpolation_duration: 1 }
$data merge entity $(bone_eyelid_expressions_left7) { transformation: [-0.9755653479607791f,0.031695416559871986f,0.21741125184143548f,-0.05277218799655052f,0.0839259349983144f,0.9682601130871733f,0.23543319825180417f,2.9943156678623373f,-0.20304849000379838f,0.24792691256398702f,-0.9472610816103799f,3.7387912139499f,0f,0f,0f,1f], start_interpolation: 0, interpolation_duration: 1 }
$data merge entity $(bone_eyelid_expressions_left6) { transformation: [-0.9755653479607791f,0.031695416559871986f,0.21741125184143548f,0.042497865515244315f,0.0839259349983144f,0.9682601130871733f,0.23543319825180417f,2.986119775772658f,-0.20304849000379838f,0.24792691256398702f,-0.9472610816103799f,3.7586201680518334f,0f,0f,0f,1f], start_interpolation: 0, interpolation_duration: 1 }
$data merge entity $(bone_left_eye1) { transformation: [-0.9755653479607791f,0.031695416559871986f,0.21741125184143548f,-0.13439349189716132f,0.0839259349983144f,0.9682601130871733f,0.23543319825180417f,2.9807113493369344f,-0.20304849000379838f,0.24792691256398702f,-0.9472610816103799f,3.2115195538186443f,0f,0f,0f,1f], start_interpolation: 0, interpolation_duration: 1 }
$data merge entity $(bone_crest_middle5) { transformation: [-0.9755653479607791f,0.07800051604576598f,0.20539759335191368f,-0.1863332587052269f,0.0839259349983144f,0.9962655527983358f,0.02028264632846047f,4.049822410489281f,-0.20304849000379838f,0.037025231991452995f,-0.9784684169165384f,3.9029641545676412f,0f,0f,0f,1f], start_interpolation: 0, interpolation_duration: 1 }
$data merge entity $(bone_crest_middle4) { transformation: [-0.9755653479607791f,0.07800051604576598f,0.20539759335191368f,-0.23203668607579292f,0.0839259349983144f,0.9962655527983358f,0.02028264632846047f,3.466073063146506f,-0.20304849000379838f,0.037025231991452995f,-0.9784684169165384f,3.881269682697649f,0f,0f,0f,1f], start_interpolation: 0, interpolation_duration: 1 }
$data merge entity $(bone_crest_middle1) { transformation: [-0.9755653479607791f,0.07800051604576598f,0.20539759335191368f,-0.281358089834795f,0.0839259349983144f,0.9962655527983358f,0.02028264632846047f,3.0267755009157127f,-0.20304849000379838f,0.037025231991452995f,-0.9784684169165384f,3.936664301821165f,0f,0f,0f,1f], start_interpolation: 0, interpolation_duration: 1 }
$data merge entity $(bone_crest_left5) { transformation: [-0.5509025225741315f,-0.7704823383636128f,0.32072320915580355f,-1.1596633746945595f,-0.771528924694804f,0.6167020659470985f,0.15627437478953587f,3.5702446856283823f,-0.31819731139772073f,-0.1613552853993932f,-0.9341921338209515f,3.651100655619359f,0f,0f,0f,1f], start_interpolation: 0, interpolation_duration: 1 }
$data merge entity $(bone_crest_left4) { transformation: [-0.5509025225741315f,-0.7704823383636128f,0.32072320915580355f,-0.7834512954154516f,-0.771528924694804f,0.6167020659470985f,0.15627437478953587f,3.2691206299901507f,-0.31819731139772073f,-0.1613552853993932f,-0.9341921338209515f,3.7298874160682813f,0f,0f,0f,1f], start_interpolation: 0, interpolation_duration: 1 }
$data merge entity $(bone_crest_left1) { transformation: [-0.5509025225741315f,-0.7704823383636128f,0.32072320915580355f,-0.3539576952613723f,-0.771528924694804f,0.6167020659470985f,0.15627437478953587f,2.9455147534946162f,-0.31819731139772073f,-0.1613552853993932f,-0.9341921338209515f,3.77093800227787f,0f,0f,0f,1f], start_interpolation: 0, interpolation_duration: 1 }
$data merge entity $(bone_crest_center1) { transformation: [-0.9755653479607791f,0.031695416559871986f,0.21741125184143548f,-0.259461445725616f,0.0839259349983144f,0.9682601130871733f,0.23543319825180417f,2.9136800010690553f,-0.20304849000379838f,0.24792691256398702f,-0.9472610816103799f,3.7847141307181946f,0f,0f,0f,1f], start_interpolation: 0, interpolation_duration: 1 }
$data merge entity $(bone_crest_right5) { transformation: [-0.49743923617798735f,0.8610065469611472f,0.10593362261672241f,0.7142779129129679f,0.8617156687042746f,0.47634834138477117f,0.1747522931738597f,3.409033265990372f,0.10000156308881107f,0.17821330968819177f,-0.9788971874664751f,4.041131881717992f,0f,0f,0f,1f], start_interpolation: 0, interpolation_duration: 1 }
$data merge entity $(bone_crest_right4) { transformation: [-0.49743923617798735f,0.8610065469611472f,0.10593362261672241f,0.2938645599045952f,0.8617156687042746f,0.47634834138477117f,0.1747522931738597f,3.176441302423589f,0.10000156308881107f,0.17821330968819177f,-0.9788971874664751f,3.9541136640968046f,0f,0f,0f,1f], start_interpolation: 0, interpolation_duration: 1 }
$data merge entity $(bone_crest_right1) { transformation: [-0.49743923617798735f,0.8610065469611472f,0.10593362261672241f,-0.16341758823778257f,0.8617156687042746f,0.47634834138477117f,0.1747522931738597f,2.929122969315258f,0.10000156308881107f,0.17821330968819177f,-0.9788971874664751f,3.810595910481737f,0f,0f,0f,1f], start_interpolation: 0, interpolation_duration: 1 }
$data merge entity $(bone_head1) { transformation: [-0.9755653479607791f,0.031695416559871986f,0.21741125184143548f,-0.01916749806435282f,0.0839259349983144f,0.9682601130871733f,0.23543319825180417f,3.0598864014698774f,-0.20304849000379838f,0.24792691256398702f,-0.9472610816103799f,2.690630940035531f,0f,0f,0f,1f], start_interpolation: 0, interpolation_duration: 1 }
$data merge entity $(bone_neck10) { transformation: [-1.2970770235039828f,0.07703214687210723f,0.08413233855520004f,0.01766714909459504f,0.0868272096975549f,1.2895540999205677f,0.15789954394689037f,2.7855235965558665f,-0.07398133344722521f,0.16290266624820257f,-1.2897327205956441f,1.7228255767366734f,0f,0f,0f,1f], start_interpolation: 0, interpolation_duration: 1 }
$data merge entity $(bone_neck9) { transformation: [-0.9961551540510588f,-0.015246698503532049f,0.08626961946278427f,0.037306863100543854f,0.06668329704772218f,0.5066961915117858f,0.8595419171874615f,2.2565132643620824f,-0.056817664087468966f,0.8619898535900492f,-0.5037313225871998f,0.7576265257921995f,0f,0f,0f,1f], start_interpolation: 0, interpolation_duration: 1 }
$data merge entity $(bone_neck8) { transformation: [-0.9961551540510588f,-0.037135630898167876f,0.079346417532906f,0.07563320121568524f,0.06668329704772218f,0.2659931042258375f,0.9616657456721375f,2.0566986532967126f,-0.056817664087468966f,0.9632593697556739f,-0.2624940754103714f,-0.14883939709687155f,0f,0f,0f,1f], start_interpolation: 0, interpolation_duration: 1 }
$data merge entity $(bone_neck7) { transformation: [-0.9967978803976247f,-0.03704740660173775f,0.07086236870785544f,0.11000335382471928f,0.06781944925116655f,0.07778503104702458f,0.9946607518386769f,1.9845348061339456f,-0.042361632854163875f,0.996281575965901f,-0.07502341936242365f,-1.0731240622996114f,0f,0f,0f,1f], start_interpolation: 0, interpolation_duration: 1 }
$data merge entity $(bone_neck6) { transformation: [-0.99200161274057f,-0.0984828545781947f,0.07895522575636318f,0.19317784182542602f,0.09770920959399443f,-0.20312519524194161f,0.9742653978349226f,2.168764213078763f,-0.07991064184841085f,0.9741874985915461f,0.211123203147645f,-1.880379704437927f,0f,0f,0f,1f], start_interpolation: 0, interpolation_duration: 1 }
$data merge entity $(bone_neck_spine6) { transformation: [-1.0723515763034264f,0.2349679357153361f,-0.14069059493296676f,-0.1143085851011301f,-0.08810587839271763f,0.2423570779192296f,1.0763094715240877f,3.711863232975183f,0.259308944137232f,1.054037377651043f,-0.21611514412994695f,-5.062489962600082f,0f,0f,0f,1f], start_interpolation: 0, interpolation_duration: 1 }
$data merge entity $(bone_neck_spine7) { transformation: [-0.972928995714518f,0.1559872660960467f,-0.17052021027966396f,-0.8618793265966935f,-0.0958260628162201f,0.3991371355285427f,0.9118700086784364f,3.0762603616567077f,0.21030105796947746f,0.903525052147394f,-0.3733844468627043f,-8.04407882966582f,0f,0f,0f,1f], start_interpolation: 0, interpolation_duration: 1 }
$data merge entity $(bone_tail6) { transformation: [-1.4526748353004075f,-0.22897453794430234f,-0.28195880114327776f,-0.6084769442949853f,-0.20965644834671726f,-0.4206055198235444f,1.4217346630242342f,3.6103452901319018f,-0.2966045822902969f,1.418751542501782f,0.3759841274538585f,-11.11646427346542f,0f,0f,0f,1f], start_interpolation: 0, interpolation_duration: 1 }
$data merge entity $(bone_tail5) { transformation: [-1.2000357335090324f,-0.1458326563509058f,-0.2622299247043294f,-0.7005817798850312f,-0.17319445732989688f,-0.5461237823738444f,1.0962982956491583f,3.265425006527368f,-0.2450211766745931f,1.1002722887697778f,0.5093947117056413f,-10.421555459505559f,0f,0f,0f,1f], start_interpolation: 0, interpolation_duration: 1 }
$data merge entity $(bone_tail4) { transformation: [-0.9756217005903155f,-0.09304873568334691f,-0.19875671089296953f,-0.7369289422613386f,-0.13101245253264676f,-0.47963373149189303f,0.8676331142231395f,3.078068080163347f,-0.17606258722011847f,0.8725212985382609f,0.4557505337116622f,-10.08072682726405f,0f,0f,0f,1f], start_interpolation: 0, interpolation_duration: 1 }
$data merge entity $(bone_segment18) { transformation: [-0.9551298245354093f,-0.21959687647588935f,-0.19875671089296953f,-0.8441539796030815f,-0.06728685820754143f,-0.49263095499167997f,0.8676331142231395f,2.837525621671316f,-0.2884432301086588f,0.8420759787727103f,0.4557505337116622f,-9.669556915753937f,0f,0f,0f,1f], start_interpolation: 0, interpolation_duration: 1 }
$data merge entity $(bone_segment17) { transformation: [-0.9855052336056909f,-0.09124946197605854f,-0.14301388123141276f,-0.902076001365228f,-0.11447380012412751f,-0.2644650596574155f,0.9575771411774305f,2.6696522927872146f,-0.12520057356471692f,0.9600686266665938f,0.25018602772654275f,-9.060138353905025f,0f,0f,0f,1f], start_interpolation: 0, interpolation_duration: 1 }
$data merge entity $(bone_segment16) { transformation: [-0.9917439265740078f,0.049641003696776084f,-0.11823601336118342f,-0.86087009009349f,-0.11921530476418835f,-0.017242890193606114f,0.9927186881729148f,2.655339346825725f,0.04724082147413369f,0.9986182721589606f,0.02301849901060274f,-8.231207170960575f,0f,0f,0f,1f], start_interpolation: 0, interpolation_duration: 1 }
$data merge entity $(bone_segment15) { transformation: [-0.972928995714518f,0.19480600688966035f,-0.12433739975423846f,-0.6611178369351469f,-0.0958260628162201f,0.14952754253427925f,0.9841030838833913f,2.808663487119664f,0.21030105796947746f,0.969377188561483f,-0.1268121891363506f,-7.237216889720774f,0f,0f,0f,1f], start_interpolation: 0, interpolation_duration: 1 }
$data merge entity $(bone_segment14) { transformation: [-0.9439527748356198f,0.3038628085819658f,-0.12892072153386944f,-0.3495397617290298f,-0.07503684249030852f,0.18280414881719304f,0.9802816510800894f,2.9961091475279185f,0.3214383784634599f,0.9350133885329671f,-0.1497575778212252f,-6.278462926869587f,0f,0f,0f,1f], start_interpolation: 0, interpolation_duration: 1 }
$data merge entity $(bone_segment13) { transformation: [-0.9689011889423897f,0.23114894476955677f,-0.08832129640094766f,-0.09907897716484884f,-0.07960625247718486f,0.04678109454735942f,0.9957280621532616f,3.0220528204588204f,0.23429325776164014f,0.971793030704003f,-0.026925356869802658f,-5.233887283236741f,0f,0f,0f,1f], start_interpolation: 0, interpolation_duration: 1 }
$data merge entity $(bone_segment12) { transformation: [-0.9784775049663115f,0.20090319292890152f,-0.047113473082276425f,0.13635445204870766f,-0.07410913153636056f,-0.12904331366114072f,0.9888658452096921f,2.870830187262171f,0.19258662699634216f,0.9710745235409716f,0.14115474073458092f,-4.095909325962165f,0f,0f,0f,1f], start_interpolation: 0, interpolation_duration: 1 }
$data merge entity $(bone_segment11) { transformation: [-1.030928231645501f,0.09169553451924592f,-0.018093425866097464f,0.2423233757549787f,-0.043026528920053694f,-0.2877196527779237f,0.9934357458479665f,2.538323897900619f,0.08297084379126181f,0.9901301895552137f,0.2903558312243535f,-2.9516547985595256f,0f,0f,0f,1f], start_interpolation: 0, interpolation_duration: 1 }
$data merge entity $(bone_segment10) { transformation: [-0.9989493664693244f,-0.04351076720557014f,-0.01438667326792877f,0.19106692627965538f,0f,-0.3139307483069551f,0.9494458832747843f,2.1849649192615397f,-0.04582753790610461f,0.9484483635942539f,0.3136009221364738f,-1.8343659353491681f,0f,0f,0f,1f], start_interpolation: 0, interpolation_duration: 1 }