# This file was generated by Animated Java via MC-Build. It is not recommended to edit this file directly.
$data merge entity $(bone_neck_spine5) { transformation: [-1.3625113531050546f,-0.044860888789794974f,-0.10369172326214965f,-0.11587577268041038f,-0.08653623812065582f,1.2210983792057544f,0.6087954401514981f,3.3840410555455245f,0.07263575089451292f,0.613276372538777f,-1.2197613695858383f,0.09910366722206099f,0f,0f,0f,1f], start_interpolation: 0, interpolation_duration: 1 }
$data merge entity $(bone_neck_spine2) { transformation: [-1.2976298601000518f,-0.10004053270943283f,-0.03961874476025266f,-0.22211928952867957f,-0.08241546487681504f,1.2323145985893942f,-0.41234624794830266f,4.7998164301921005f,0.06917690561382181f,-0.408428241999886f,-1.2344318263116125f,1.6310253445332088f,0f,0f,0f,1f], start_interpolation: 0, interpolation_duration: 1 }
$data merge entity $(bone_scale_neck_left1) { transformation: [-1.405521315211904f,0.27561694251001184f,0.0021335156927098334f,0.5184884287261347f,0.27559486368724007f,1.4051600268894555f,0.03212768812121952f,4.0916765011231675f,0.004089253842675359f,0.03193772434340863f,-1.4319297043394106f,1.8128342823359378f,0f,0f,0f,1f], start_interpolation: 0, interpolation_duration: 1 }
$data merge entity $(bone_scale_neck_right1) { transformation: [-1.3519899134240192f,-0.445741726199899f,-0.1577878510114941f,-0.8440229243789197f,-0.4507307609095377f,1.3593448743157748f,0.02197071332746257f,4.005140263002511f,0.14291421753065842f,0.07039349826896399f,-1.4234042645123113f,1.8854700332304506f,0f,0f,0f,1f], start_interpolation: 0, interpolation_duration: 1 }
$data merge entity $(bone_blush_right1) { transformation: [-0.9955455288176615f,-0.05261459901829513f,-0.07823556749526993f,-0.6490093866980592f,-0.059375311668408766f,0.9944581819997389f,0.08676114693832646f,3.859120766724333f,0.07323709726253656f,0.09101993311312948f,-0.9931524049009995f,3.055762620539931f,0f,0f,0f,1f], start_interpolation: 0, interpolation_duration: 1 }
$data merge entity $(bone_blush_left1) { transformation: [-0.9955455288176615f,-0.05261459901829513f,-0.07823556749526993f,0.49820128127541785f,-0.059375311668408766f,0.9944581819997389f,0.08676114693832646f,3.9275415360297257f,0.07323709726253656f,0.09101993311312948f,-0.9931524049009995f,2.971368309241305f,0f,0f,0f,1f], start_interpolation: 0, interpolation_duration: 1 }
$data merge entity $(bone_left_head_scales) { transformation: [-0.8469345041868105f,-0.05261459901829513f,-0.5290875632520441f,0.44778479426657036f,-0.0927283839546651f,0.9944581819997389f,0.0495416094099774f,4.589023931386101f,0.5235488443564724f,0.09101993311312948f,-0.8471198140458546f,2.6889730395494684f,0f,0f,0f,1f], start_interpolation: 0, interpolation_duration: 1 }
$data merge entity $(bone_left_head_scales2) { transformation: [-0.7706290771139142f,-0.05261459901829513f,-0.6351082816943117f,0.5003502379569283f,-0.09840155740808783f,0.9944581819997389f,0.037014291205389134f,3.7993943243152613f,0.629641135096985f,0.09101993311312948f,-0.7715357495086417f,2.763345026116506f,0f,0f,0f,1f], start_interpolation: 0, interpolation_duration: 1 }
$data merge entity $(bone_left_head_scales1) { transformation: [-0.9955455288176615f,-0.05261459901829513f,-0.07823556749526993f,0.4529229387019508f,-0.059375311668408766f,0.9944581819997389f,0.08676114693832646f,4.491908874550189f,0.07323709726253656f,0.09101993311312948f,-0.9931524049009995f,2.6800843742063893f,0f,0f,0f,1f], start_interpolation: 0, interpolation_duration: 1 }
$data merge entity $(bone_right_head_scales) { transformation: [-0.919184833780004f,-0.05261459901829513f,0.3902959714357433f,-0.7188701223166266f,-0.012604705391758599f,0.9944581819997389f,0.10437454505654875f,4.5194434880246845f,-0.39362464703167843f,0.09101993311312948f,-0.9147540702425258f,2.7747977629040035f,0f,0f,0f,1f], start_interpolation: 0, interpolation_duration: 1 }
$data merge entity $(bone_right_head_scales2) { transformation: [-0.8603772331135915f,-0.05261459901829513f,0.5069346315945922f,-0.6663046786262686f,0.0011267415411416876f,0.9944581819997389f,0.1051268505533863f,3.729813880953845f,-0.5096564992161878f,0.09101993311312948f,-0.8555498960217229f,2.849169749471041f,0f,0f,0f,1f], start_interpolation: 0, interpolation_duration: 1 }
$data merge entity $(bone_right_head_scales1) { transformation: [-0.9955455288176615f,-0.05261459901829513f,-0.07823556749526993f,-0.7137319778812462f,-0.059375311668408766f,0.9944581819997389f,0.08676114693832646f,4.422328431188773f,0.07323709726253656f,0.09101993311312948f,-0.9931524049009995f,2.7659090975609244f,0f,0f,0f,1f], start_interpolation: 0, interpolation_duration: 1 }
$data merge entity $(bone_head_left_fin1) { transformation: [-0.4289838521084637f,0.06047529491377063f,-0.9012855226482208f,0.46646084423752243f,0.15613155388423244f,0.9877035475138806f,-0.008039907349634744f,4.134082271262614f,0.8897166922745008f,-0.14416809956987067f,-0.43315097432019356f,2.5740115633178635f,0f,0f,0f,1f], start_interpolation: 0, interpolation_duration: 1 }
$data merge entity $(bone_head_right_fin1) { transformation: [-0.5326391878837228f,-0.19719093980916655f,0.8230499552200621f,-0.7001940723456745f,-0.2134836950513656f,0.972336080582188f,0.0948011516031555f,4.064501827901198f,-0.8189750957616379f,-0.12521293725189336f,-0.5600013507724508f,2.6598362866723986f,0f,0f,0f,1f], start_interpolation: 0, interpolation_duration: 1 }
$data merge entity $(bone_right_whisker16) { transformation: [-0.2054697315961941f,-0.261946189640773f,0.9429561936434104f,-1.054138050438821f,0.9673905991057347f,0.09145885465258433f,0.2362005644944275f,2.5713035034685765f,-0.14811353131850155f,0.960739023688701f,0.2346122550124895f,1.3704738033270913f,0f,0f,0f,1f], start_interpolation: 0, interpolation_duration: 1 }
$data merge entity $(bone_right_whisker15) { transformation: [0.3212119295796234f,-0.266265248867939f,0.9088045518927765f,-1.1482431079328512f,0.19148081937942268f,0.9580988346869762f,0.2130298542018087f,2.515205607166011f,-0.9274470292720336f,0.10559090972594926f,0.3587374634432907f,1.6421868001841324f,0f,0f,0f,1f], start_interpolation: 0, interpolation_duration: 1 }
$data merge entity $(bone_right_whisker14) { transformation: [0.6216910546399119f,-0.3092660701091111f,0.71962124097332f,-1.3303791590968879f,-0.36362828406172154f,0.6997808662659283f,0.6148830866420344f,2.6217373310122185f,-0.693739651174014f,-0.6439419516442252f,0.32258961437340766f,1.8454308386140195f,0f,0f,0f,1f], start_interpolation: 0, interpolation_duration: 1 }
$data merge entity $(bone_right_whisker13) { transformation: [0.09954589814671977f,-0.4472469478355109f,0.8888536335156556f,-1.3595429964445598f,-0.05079510958060508f,0.889841817871452f,0.4534329013315251f,2.6366187107721615f,-0.9937356142379408f,-0.09028680312786613f,0.06586214524362732f,2.1365643193477912f,0f,0f,0f,1f], start_interpolation: 0, interpolation_duration: 1 }
$data merge entity $(bone_right_whisker12) { transformation: [-0.48879186769172084f,-0.3862279478240235f,0.7822470724765183f,-1.1686086731274814f,-0.5721646028525788f,0.8188048628911264f,0.04675749938132864f,2.86012050876145f,-0.6585667599575538f,-0.42471940010492504f,-0.6212111185849157f,2.3938169599562107f,0f,0f,0f,1f], start_interpolation: 0, interpolation_duration: 1 }
$data merge entity $(bone_right_whisker11) { transformation: [-0.9080594408149509f,-0.2712788271577916f,0.3191172979998612f,-0.8138979540591411f,-0.33922731730518974f,0.9232350320762912f,-0.18044916941070718f,2.99263117958379f,-0.24566822981566672f,-0.2721118767767826f,-0.9303774757464056f,2.4897811122279556f,0f,0f,0f,1f], start_interpolation: 0, interpolation_duration: 1 }
$data merge entity $(bone_right_whisker10) { transformation: [-0.4809479612048435f,-0.6296246076294236f,0.610132700386071f,-0.6260276567134991f,-0.7021189468396777f,0.6933714548458254f,0.1620648329950878f,3.266896393193039f,-0.5250886050007622f,-0.35044097801552554f,-0.7755469539788518f,2.6948938485563785f,0f,0f,0f,1f], start_interpolation: 0, interpolation_duration: 1 }
$data merge entity $(bone_right_whisker1) { transformation: [0.07494908774334799f,-0.6708113903961178f,0.7378310868764393f,-0.6553046441132444f,-0.8562252497648819f,0.33597180778759805f,0.3924299504841587f,3.601359381382446f,-0.5111369248171236f,-0.6611618734370279f,-0.5491848697858794f,2.8945567098130676f,0f,0f,0f,1f], start_interpolation: 0, interpolation_duration: 1 }
$data merge entity $(bone_left_whisker16) { transformation: [-0.06585216344226771f,0.3865734669495586f,-0.9199045859330043f,0.802623641096379f,-0.9835725030107269f,0.13013720297370168f,0.125097720696248f,2.6820425916746125f,0.16807326941303816f,0.9130308116667153f,0.37165321612496766f,1.2338815203424913f,0f,0f,0f,1f], start_interpolation: 0, interpolation_duration: 1 }
$data merge entity $(bone_left_whisker15) { transformation: [0.4733804682127573f,0.1636609539445944f,-0.8655206666906438f,0.9413093251430852f,-0.1440905495197385f,0.9837400550505755f,0.10720735808791804f,2.6398285634950014f,0.8689930067922127f,0.0739634791166342f,0.4892653246482861f,1.4884693153011475f,0f,0f,0f,1f], start_interpolation: 0, interpolation_duration: 1 }
$data merge entity $(bone_left_whisker14) { transformation: [0.668812085893865f,0.12713789685484758f,-0.7324795894396129f,1.1372503659323034f,0.4405951569572829f,0.7258084268362502f,0.528278369043514f,2.7689091758848305f,0.5988040592949293f,-0.6760459176097535f,0.4294131062917167f,1.6639001920477088f,0f,0f,0f,1f], start_interpolation: 0, interpolation_duration: 1 }
$data merge entity $(bone_left_whisker13) { transformation: [0.23667931535737297f,0.32093135450051863f,-0.9170528705480552f,1.2065900091034087f,0.07084791104945609f,0.9356567251738628f,0.34572686637987965f,2.789665399825101f,0.969001277182798f,-0.1467976782356765f,0.19871327706703723f,1.9477872849723568f,0f,0f,0f,1f], start_interpolation: 0, interpolation_duration: 1 }
$data merge entity $(bone_left_whisker12) { transformation: [-0.45171092879298724f,0.22062772898520958f,-0.8644539559813502f,1.030140427543648f,0.5160720937208167f,0.8549983305983082f,-0.05145336487265853f,2.991256061434795f,0.7277546502026556f,-0.4693626102246907f,-0.5000719040612812f,2.232066445207769f,0f,0f,0f,1f], start_interpolation: 0, interpolation_duration: 1 }
$data merge entity $(bone_left_whisker11) { transformation: [-0.8961960261212697f,0.11762978263512841f,-0.4277802204422937f,0.6800638548400272f,0.2316197518269971f,0.9464299229663206f,-0.2249948698916608f,3.081732526992216f,0.3783979034403404f,-0.30072185678992025f,-0.8754321170260875f,2.379878126239152f,0f,0f,0f,1f], start_interpolation: 0, interpolation_duration: 1 }
$data merge entity $(bone_left_whisker10) { transformation: [-0.47883390548903126f,0.4853575869665547f,-0.7315368095510473f,0.4930193605083743f,0.6448766150536912f,0.759870086392578f,0.08204634764954402f,3.333637454747564f,0.5956947559875068f,-0.4324644084543137f,-0.6768473189052646f,2.612571390296772f,0f,0f,0f,1f], start_interpolation: 0, interpolation_duration: 1 }
$data merge entity $(bone_left_whisker1) { transformation: [0.046927134621640304f,0.5227546612598725f,-0.8511905827529338f,0.5113502724699526f,0.8634940671905236f,0.40715725763645816f,0.29765913975674724f,3.6709398247438623f,0.5021711261741064f,-0.7489663087783287f,-0.43228882515280737f,2.8087319864585325f,0f,0f,0f,1f], start_interpolation: 0, interpolation_duration: 1 }
$data merge entity $(bone_upper_left_tooth1) { transformation: [-0.9955455288176615f,-0.059233063578583565f,-0.07335219308417709f,0.23885605504415763f,-0.059375311668408766f,0.9982357005851445f,-0.0002417469033533931f,3.9345724263452175f,0.07323709726253656f,0.0041146392771953255f,-0.9973060700347592f,3.651965749229555f,0f,0f,0f,1f], start_interpolation: 0, interpolation_duration: 1 }
$data merge entity $(bone_upper_right_tooth1) { transformation: [-0.9955455288176615f,-0.059233063578583565f,-0.07335219308417709f,-0.34447140324744085f,-0.059375311668408766f,0.9982357005851445f,-0.0002417469033533931f,3.899782204664509f,0.07323709726253656f,0.0041146392771953255f,-0.9973060700347592f,3.6948781109068225f,0f,0f,0f,1f], start_interpolation: 0, interpolation_duration: 1 }
$data merge entity $(bone_top_lip1) { transformation: [-0.9955455288176615f,-0.08074880034323989f,-0.04866961366489876f,-0.03486497898311956f,-0.059375311668408766f,0.9379520393343784f,-0.34164388516810945f,4.025859277278473f,0.07323709726253656f,-0.3372322688468714f,-0.9385684441919774f,3.6720758943778145f,0f,0f,0f,1f], start_interpolation: 0, interpolation_duration: 1 }
$data merge entity $(bone_muzzle1) { transformation: [-0.9955455288176615f,-0.059233063578583565f,-0.07335219308417709f,-0.07935819781014697f,-0.059375311668408766f,0.9982357005851445f,-0.0002417469033533931f,4.1719671695012215f,0.07323709726253656f,0.0041146392771953255f,-0.9973060700347592f,3.1857127702315253f,0f,0f,0f,1f], start_interpolation: 0, interpolation_duration: 1 }
$data merge entity $(bone_jaw_right_tooth1) { transformation: [-0.9955455288176615f,-0.09252504006113076f,-0.018116760550635644f,-0.3455360610589807f,-0.059375311668408766f,0.7645375194420743f,-0.6418387287548482f,3.930960898642021f,0.07323709726253656f,-0.6379039883297848f,-0.7666256121846642f,3.7056831452119465f,0f,0f,0f,1f], start_interpolation: 0, interpolation_duration: 1 }
$data merge entity $(bone_jaw_left_tooth1) { transformation: [-0.9955455288176615f,-0.09252504006113076f,-0.018116760550635644f,0.2864020187569177f,-0.059375311668408766f,0.7645375194420743f,-0.6418387287548482f,3.9686503054627886f,0.07323709726253656f,-0.6379039883297848f,-0.7666256121846642f,3.6591947533949067f,0f,0f,0f,1f], start_interpolation: 0, interpolation_duration: 1 }
$data merge entity $(bone_tongue1) { transformation: [-0.9955455288176615f,-0.0761996904509987f,-0.05552213276104313f,-0.06781763668000312f,-0.059375311668408766f,0.9641590752162703f,-0.25859592039006746f,3.7622615629497433f,0.07323709726253656f,-0.25414736837763785f,-0.9643886367700932f,3.010429416194314f,0f,0f,0f,1f], start_interpolation: 0, interpolation_duration: 1 }
$data merge entity $(bone_jaw_lips1) { transformation: [-0.9955455288176615f,-0.0761996904509987f,-0.05552213276104313f,0.03272720967515455f,-0.059375311668408766f,0.9641590752162703f,-0.25859592039006746f,3.8589095285518016f,0.07323709726253656f,-0.25414736837763785f,-0.9643886367700932f,3.7888238698947223f,0f,0f,0f,1f], start_interpolation: 0, interpolation_duration: 1 }
$data merge entity $(bone_jaw3) { transformation: [-0.9955455288176615f,-0.0879734343451207f,-0.033908330844906784f,0.01267972046759365f,-0.059375311668408766f,0.8643766022196151f,-0.49932720925216256f,3.4055010430354793f,0.07323709726253656f,-0.49508965287591933f,-0.8657497116371216f,3.148718511578986f,0f,0f,0f,1f], start_interpolation: 0, interpolation_duration: 1 }
$data merge entity $(bone_jaw1) { transformation: [-0.9955455288176615f,-0.0382298013105538f,-0.08618342266885493f,-0.054651078492449254f,-0.059375311668408766f,0.9642842126216351f,0.2581289012353185f,3.607164247125572f,0.07323709726253656f,0.2620962410650504f,-0.9622587427527631f,2.39695386880339f,0f,0f,0f,1f], start_interpolation: 0, interpolation_duration: 1 }
$data merge entity $(bone_tear_right1) { transformation: [-0.9955455288176615f,-0.05261459901829513f,-0.07823556749526993f,-0.6115060977732018f,-0.059375311668408766f,0.9944581819997389f,0.08676114693832646f,4.194297159359957f,0.07323709726253656f,0.09101993311312948f,-0.9931524049009995f,3.1705857046879378f,0f,0f,0f,1f], start_interpolation: 0, interpolation_duration: 1 }
$data merge entity $(bone_right_pupil1) { transformation: [-0.9955455288176615f,-0.05261459901829513f,-0.07823556749526993f,-0.45164538700344437f,-0.059375311668408766f,0.9944581819997389f,0.08676114693832646f,4.295895847649861f,0.07323709726253656f,0.09101993311312948f,-0.9931524049009995f,3.225866017181029f,0f,0f,0f,1f], start_interpolation: 0, interpolation_duration: 1 }
$data merge entity $(bone_right_sad_pupil1) { transformation: [-0.9955455288176615f,-0.05261459901829513f,-0.07823556749526993f,-0.4524094062172654f,-0.059375311668408766f,0.9944581819997389f,0.08676114693832646f,4.296743124475431f,0.07323709726253656f,0.09101993311312948f,-0.9931524049009995f,3.2161672632269176f,0f,0f,0f,1f], start_interpolation: 0, interpolation_duration: 1 }
$data merge entity $(bone_right_happy_pupil1) { transformation: [-0.9955455288176615f,-0.05261459901829513f,-0.07823556749526993f,-0.47542988620465465f,-0.059375311668408766f,0.9944581819997389f,0.08676114693832646f,4.27101509701939f,0.07323709726253656f,0.09101993311312948f,-0.9931524049009995f,3.2157331175181705f,0f,0f,0f,1f], start_interpolation: 0, interpolation_duration: 1 }
$data merge entity $(bone_eyelid_right1) { transformation: [-0.9955455288176615f,-0.05261459901829513f,-0.07823556749526993f,-0.11373919784553814f,-0.059375311668408766f,0.9944581819997389f,0.08676114693832646f,4.312873181469194f,0.07323709726253656f,0.09101993311312948f,-0.9931524049009995f,2.6992497778869726f,0f,0f,0f,1f], start_interpolation: 0, interpolation_duration: 1 }
$data merge entity $(bone_eyelid_expressions_right5) { transformation: [-0.9955455288176615f,-0.05261459901829513f,-0.07823556749526993f,-0.5693516690505577f,-0.059375311668408766f,0.9944581819997389f,0.08676114693832646f,4.387190074043992f,0.07323709726253656f,0.09101993311312948f,-0.9931524049009995f,3.23328077500488f,0f,0f,0f,1f], start_interpolation: 0, interpolation_duration: 1 }
$data merge entity $(bone_eyelid_expressions_right7) { transformation: [-0.9955455288176615f,-0.05261459901829513f,-0.07823556749526993f,-0.27768793990475843f,-0.059375311668408766f,0.9944581819997389f,0.08676114693832646f,4.404585184884346f,0.07323709726253656f,0.09101993311312948f,-0.9931524049009995f,3.2118245941662464f,0f,0f,0f,1f], start_interpolation: 0, interpolation_duration: 1 }
$data merge entity $(bone_eyelid_expressions_right6) { transformation: [-0.9955455288176615f,-0.05261459901829513f,-0.07823556749526993f,-0.3749091829533582f,-0.059375311668408766f,0.9944581819997389f,0.08676114693832646f,4.398786814604228f,0.07323709726253656f,0.09101993311312948f,-0.9931524049009995f,3.218976654445791f,0f,0f,0f,1f], start_interpolation: 0, interpolation_duration: 1 }
$data merge entity $(bone_right_eye1) { transformation: [-0.9955455288176615f,-0.05261459901829513f,-0.07823556749526993f,-0.12269730293657712f,-0.059375311668408766f,0.9944581819997389f,0.08676114693832646f,4.311446067615613f,0.07323709726253656f,0.09101993311312948f,-0.9931524049009995f,2.7096637378690382f,0f,0f,0f,1f], start_interpolation: 0, interpolation_duration: 1 }
$data merge entity $(bone_tear_left1) { transformation: [-0.9955455288176615f,-0.05261459901829513f,-0.07823556749526993f,0.4384833271516756f,-0.059375311668408766f,0.9944581819997389f,0.08676114693832646f,4.256919558385232f,0.07323709726253656f,0.09101993311312948f,-0.9931524049009995f,3.093343453668856f,0f,0f,0f,1f], start_interpolation: 0, interpolation_duration: 1 }
$data merge entity $(bone_left_sad_pupil1) { transformation: [-0.9955455288176615f,-0.05261459901829513f,-0.07823556749526993f,0.27674991664723275f,-0.059375311668408766f,0.9944581819997389f,0.08676114693832646f,4.340230901576317f,0.07323709726253656f,0.09101993311312948f,-0.9931524049009995f,3.1625268111303333f,0f,0f,0f,1f], start_interpolation: 0, interpolation_duration: 1 }
$data merge entity $(bone_left_pupil1) { transformation: [-0.9955455288176615f,-0.05261459901829513f,-0.07823556749526993f,0.2775139358610538f,-0.059375311668408766f,0.9944581819997389f,0.08676114693832646f,4.339383624750747f,0.07323709726253656f,0.09101993311312948f,-0.9931524049009995f,3.1722255650844446f,0f,0f,0f,1f], start_interpolation: 0, interpolation_duration: 1 }
$data merge entity $(bone_eyelid_left1) { transformation: [-0.9955455288176615f,-0.05261459901829513f,-0.07823556749526993f,-0.1331834464552581f,-0.059375311668408766f,0.9944581819997389f,0.08676114693832646f,4.31171350741317f,0.07323709726253656f,0.09101993311312948f,-0.9931524049009995f,2.700680189942881f,0f,0f,0f,1f], start_interpolation: 0, interpolation_duration: 1 }
$data merge entity $(bone_left_happy_pupil1) { transformation: [-0.9955455288176615f,-0.05261459901829513f,-0.07823556749526993f,0.30234005818414333f,-0.059375311668408766f,0.9944581819997389f,0.08676114693832646f,4.317402059260335f,0.07323709726253656f,0.09101993311312948f,-0.9931524049009995f,3.1585166352818135f,0f,0f,0f,1f], start_interpolation: 0, interpolation_duration: 1 }
$data merge entity $(bone_eyelid_expressions_left5) { transformation: [-0.9955455288176615f,-0.05261459901829513f,-0.07823556749526993f,0.38341651282571987f,-0.059375311668408766f,0.9944581819997389f,0.08676114693832646f,4.44401410278915f,0.07323709726253656f,0.09101993311312948f,-0.9931524049009995f,3.1631905842653434f,0f,0f,0f,1f], start_interpolation: 0, interpolation_duration: 1 }
$data merge entity $(bone_eyelid_expressions_left7) { transformation: [-0.9955455288176615f,-0.05261459901829513f,-0.07823556749526993f,0.0917527836799206f,-0.059375311668408766f,0.9944581819997389f,0.08676114693832646f,4.4266189919487955f,0.07323709726253656f,0.09101993311312948f,-0.9931524049009995f,3.184646765103977f,0f,0f,0f,1f], start_interpolation: 0, interpolation_duration: 1 }
$data merge entity $(bone_eyelid_expressions_left6) { transformation: [-0.9955455288176615f,-0.05261459901829513f,-0.07823556749526993f,0.18897402672852034f,-0.059375311668408766f,0.9944581819997389f,0.08676114693832646f,4.432417362228914f,0.07323709726253656f,0.09101993311312948f,-0.9931524049009995f,3.1774947048244324f,0f,0f,0f,1f], start_interpolation: 0, interpolation_duration: 1 }
$data merge entity $(bone_left_eye1) { transformation: [-0.9955455288176615f,-0.05261459901829513f,-0.07823556749526993f,-0.12269730293657712f,-0.059375311668408766f,0.9944581819997389f,0.08676114693832646f,4.311446067615613f,0.07323709726253656f,0.09101993311312948f,-0.9931524049009995f,2.7096637378690382f,0f,0f,0f,1f], start_interpolation: 0, interpolation_duration: 1 }
$data merge entity $(bone_crest_middle5) { transformation: [-0.9955455288176615f,-0.06830069896268251f,-0.06499318866136619f,-0.15366188692542015f,-0.059375311668408766f,0.9896641014822515f,-0.1305355836605772f,5.473759198370633f,0.07323709726253656f,-0.12609512583179905f,-0.9893110465500828f,3.2310668611548263f,0f,0f,0f,1f], start_interpolation: 0, interpolation_duration: 1 }
$data merge entity $(bone_crest_middle4) { transformation: [-0.9955455288176615f,-0.06830069896268251f,-0.06499318866136619f,-0.11364194612697337f,-0.059375311668408766f,0.9896641014822515f,-0.1305355836605772f,4.893877888908376f,0.07323709726253656f,-0.12609512583179905f,-0.9893110465500828f,3.304950723946896f,0f,0f,0f,1f], start_interpolation: 0, interpolation_duration: 1 }
$data merge entity $(bone_crest_middle1) { transformation: [-0.9955455288176615f,-0.06830069896268251f,-0.06499318866136619f,-0.07886672690760817f,-0.059375311668408766f,0.9896641014822515f,-0.1305355836605772f,4.468527659297943f,0.07323709726253656f,-0.12609512583179905f,-0.9893110465500828f,3.4328232353678927f,0f,0f,0f,1f], start_interpolation: 0, interpolation_duration: 1 }
$data merge entity $(bone_crest_left5) { transformation: [-0.49053151998825595f,-0.8706911347496131f,0.03571800339383792f,-1.0737581075686273f,-0.8706198556221203f,0.49142717769576943f,0.0228121901291731f,4.854717089045532f,-0.03741516931045529f,-0.019906704659529192f,-0.9991015104658124f,3.3360018058465295f,0f,0f,0f,1f], start_interpolation: 0, interpolation_duration: 1 }
$data merge entity $(bone_crest_left4) { transformation: [-0.49053151998825595f,-0.8706911347496131f,0.03571800339383792f,-0.6486159519291678f,-0.8706198556221203f,0.49142717769576943f,0.0228121901291731f,4.614762412436269f,-0.03741516931045529f,-0.019906704659529192f,-0.9991015104658124f,3.3457218764810652f,0f,0f,0f,1f], start_interpolation: 0, interpolation_duration: 1 }
$data merge entity $(bone_crest_left1) { transformation: [-0.49053151998825595f,-0.8706911347496131f,0.03571800339383792f,-0.17921553759129752f,-0.8706198556221203f,0.49142717769576943f,0.0228121901291731f,4.351926144637232f,-0.03741516931045529f,-0.019906704659529192f,-0.9991015104658124f,3.307629700738341f,0f,0f,0f,1f], start_interpolation: 0, interpolation_duration: 1 }
$data merge entity $(bone_crest_center1) { transformation: [-0.9955455288176615f,-0.05261459901829513f,-0.07823556749526993f,-0.08070977487591488f,-0.059375311668408766f,0.9944581819997389f,0.08676114693832646f,4.333446061476554f,0.07323709726253656f,0.09101993311312948f,-0.9931524049009995f,3.298255502566756f,0f,0f,0f,1f], start_interpolation: 0, interpolation_duration: 1 }
$data merge entity $(bone_crest_right5) { transformation: [-0.5792809254620662f,0.7942116505900669f,-0.18347060653634295f,0.8385626549965147f,0.806815192212307f,0.5907236125806183f,0.009739566475058525f,4.968769774734476f,0.11611569666169355f,-0.14238492759665683f,-0.9829769465160737f,3.1953223314969414f,0f,0f,0f,1f], start_interpolation: 0, interpolation_duration: 1 }
$data merge entity $(bone_crest_right4) { transformation: [-0.5792809254620662f,0.7942116505900669f,-0.18347060653634295f,0.4507639974818336f,0.806815192212307f,0.5907236125806183f,0.009739566475058525f,4.680330510779096f,0.11611569666169355f,-0.14238492759665683f,-0.9829769465160737f,3.2648462219249965f,0f,0f,0f,1f], start_interpolation: 0, interpolation_duration: 1 }
$data merge entity $(bone_crest_right1) { transformation: [-0.5792809254620662f,0.7942116505900669f,-0.18347060653634295f,0.015226948505901977f,0.806815192212307f,0.5907236125806183f,0.009739566475058525f,4.363522885197468f,0.11611569666169355f,-0.14238492759665683f,-0.9829769465160737f,3.293325580179252f,0f,0f,0f,1f], start_interpolation: 0, interpolation_duration: 1 }
$data merge entity $(bone_head1) { transformation: [-0.9955455288176615f,-0.05261459901829513f,-0.07823556749526993f,-0.16214928747904167f,-0.059375311668408766f,0.9944581819997389f,0.08676114693832646f,4.309488764603985f,0.07323709726253656f,0.09101993311312948f,-0.9931524049009995f,2.171787937721376f,0f,0f,0f,1f], start_interpolation: 0, interpolation_duration: 1 }
$data merge entity $(bone_neck10) { transformation: [-1.2976298601000518f,-0.09401338818977188f,-0.052337710708860855f,-0.17123588990217348f,-0.08241546487681504f,1.275593961988302f,-0.24796923646406077f,3.750132495026851f,0.06917690561382181f,-0.24380839592702722f,-1.2771816741363111f,1.3349385136773624f,0f,0f,0f,1f], start_interpolation: 0, interpolation_duration: 1 }
$data merge entity $(bone_neck9) { transformation: [-0.9965797325568397f,-0.012064839879387647f,-0.08175130760803065f,-0.16067370278071394f,-0.06329507702539396f,0.7474633921329594f,0.6612807351234719f,2.949616641454339f,0.05312786351141516f,0.6641934334663168f,-0.7456705123973576f,0.5793528691204992f,0f,0f,0f,1f], start_interpolation: 0, interpolation_duration: 1 }
$data merge entity $(bone_neck8) { transformation: [-0.9965797325568397f,0.005407995423958593f,-0.0824596279547304f,-0.1697172350565901f,-0.06329507702539396f,0.591575890741951f,0.8037609711333444f,2.4400374933604074f,0.05312786351141516f,0.8062311821545739f,-0.5892102434957751f,-0.1973855441818777f,0f,0f,0f,1f], start_interpolation: 0, interpolation_duration: 1 }
$data merge entity $(bone_neck7) { transformation: [-0.9968455885187f,-0.001843236927602323f,-0.07934403020035975f,-0.16800720079758402f,-0.07338090423225965f,0.4022539523583682f,0.9125825993882022f,2.066852674277937f,0.03023434379745678f,0.9155262750405913f,-0.4011203362651123f,-1.0467507407527386f,0f,0f,0f,1f], start_interpolation: 0, interpolation_duration: 1 }
$data merge entity $(bone_neck6) { transformation: [-0.9951848573496358f,0.04647637922331437f,-0.08629626803214599f,-0.2080253798862346f,-0.08258370396415698f,0.0766175174475286f,0.9936345846737312f,2.0186300458497f,0.05279234358830635f,0.9959767578585699f,-0.07241040162839785f,-1.8765659400901955f,0f,0f,0f,1f], start_interpolation: 0, interpolation_duration: 1 }
$data merge entity $(bone_neck_spine6) { transformation: [-1.0746988302065692f,-0.26235574607951917f,-0.03366844767808196f,0.05819839209363366f,0.07116449645084472f,-0.42247443844559895f,1.0204864726307423f,3.5838355511828985f,-0.2547542272758011f,0.988749962769403f,0.42710124364835866f,-4.607188553427735f,0f,0f,0f,1f], start_interpolation: 0, interpolation_duration: 1 }
$data merge entity $(bone_neck_spine7) { transformation: [-0.9831582374956296f,-0.1813226657213686f,0.02284668335193761f,0.8393639665133295f,0.038258107788621556f,-0.08195739469492119f,0.9959012514517968f,4.8410912736975025f,-0.17870701506354195f,0.9800025899713315f,0.08751414980768071f,-7.419779097202233f,0f,0f,0f,1f], start_interpolation: 0, interpolation_duration: 1 }
$data merge entity $(bone_tail6) { transformation: [-1.3511501033526923f,0.5541932848347861f,-0.3308435928623462f,0.1821930511043766f,-0.011750093034429766f,0.7463015650078562f,1.2981102384098715f,4.070465848022355f,0.6453290751296729f,1.1739242133949197f,-0.6690639787654294f,-10.666995437134585f,0f,0f,0f,1f], start_interpolation: 0, interpolation_duration: 1 }
$data merge entity $(bone_tail5) { transformation: [-1.116167476682659f,0.4983156687283742f,-0.1896552584639306f,0.49691873661703434f,-0.009706598593659374f,0.42093185695174906f,1.1631163366208277f,4.3363175471497755f,0.5330979316288602f,1.0510068148543597f,-0.3759105334917947f,-10.00320165933183f,0f,0f,0f,1f], start_interpolation: 0, interpolation_duration: 1 }
$data merge entity $(bone_tail4) { transformation: [-0.8983069594800195f,0.42333378326526516f,-0.11761426144851592f,0.6622834957050285f,0.014808380010506501f,0.29670872134115645f,0.9548532068132568f,4.4522193914236645f,0.43911879762910055f,0.8560096042839782f,-0.2728043968530561f,-9.668822907658402f,0f,0f,0f,1f], start_interpolation: 0, interpolation_duration: 1 }
$data merge entity $(bone_segment18) { transformation: [-0.9458779656805206f,0.30245951719858244f,-0.11761426144851592f,0.8099688068371489f,-0.024046567328454185f,0.29610321855420235f,0.9548532068132568f,4.596801041108334f,0.32363040129103704f,0.906002828040753f,-0.2728043968530561f,-9.226438714279128f,0f,0f,0f,1f], start_interpolation: 0, interpolation_duration: 1 }
$data merge entity $(bone_segment17) { transformation: [-0.9870771682685873f,0.15094768246101037f,-0.05379090111270306f,0.9057852068368136f,-0.04038030028318186f,0.09054412406123787f,0.9950734610806495f,4.654275338608143f,0.155074482852295f,0.9843863869221439f,-0.08327872483690037f,-8.601584074143002f,0f,0f,0f,1f], start_interpolation: 0, interpolation_duration: 1 }
$data merge entity $(bone_segment16) { transformation: [-0.9996435403784052f,-0.015066325164650887f,-0.022040826340233674f,0.8932789798934999f,-0.02010187870500836f,-0.11855480061429813f,0.9927440121823112f,4.555865592004477f,-0.01757004986493943f,0.9928332010450379f,0.11820967917394293f,-7.777454952181788f,0f,0f,0f,1f], start_interpolation: 0, interpolation_duration: 1 }
$data merge entity $(bone_segment15) { transformation: [-0.9831582374956296f,-0.1810574024807576f,-0.024861557702763146f,0.7076244168028794f,0.038258107788621556f,-0.33692297510835045f,0.940754604576864f,4.210387931981266f,-0.17870701506354195f,0.9239594827973024f,0.3381755119993465f,-6.830035560641585f,0f,0f,0f,1f], start_interpolation: 0, interpolation_duration: 1 }
$data merge entity $(bone_segment14) { transformation: [-0.9506281239765912f,-0.30513759280592495f,-0.056543959547877706f,0.39473918980461664f,0.10528181734820614f,-0.4885056424023788f,0.8661858785947146f,3.7094788260022646f,-0.2919279171997864f,0.8174676059622452f,0.49651264270081774f,-5.991811941246705f,0f,0f,0f,1f], start_interpolation: 0, interpolation_duration: 1 }
$data merge entity $(bone_segment13) { transformation: [-0.9710220018807589f,-0.22816241682272917f,-0.07112090700416066f,0.1513791716516984f,0.06429921561676322f,-0.5360294117527673f,0.8417470407474272f,3.1131157795299242f,-0.23017793711507673f,0.8127818780494513f,0.5351670169020643f,-5.131771841944664f,0f,0f,0f,1f], start_interpolation: 0, interpolation_duration: 1 }
$data merge entity $(bone_segment12) { transformation: [-0.9758950490032502f,-0.21246002526190666f,-0.04989580139304148f,-0.09759742045209852f,0.054312066076399795f,-0.4578669457422536f,0.8873601633357071f,2.5765529524882207f,-0.21137420090790787f,0.8632604460198382f,0.4583692283827233f,-4.120138506765166f,0f,0f,0f,1f], start_interpolation: 0, interpolation_duration: 1 }
$data merge entity $(bone_segment11) { transformation: [-1.0283122173853199f,-0.11793085783990838f,-0.01465463269046391f,-0.23388547572734592f,0.022681449033146044f,-0.32007098666350764f,0.9841689780114327f,2.2066594986339636f,-0.1166533212553585f,0.9773409528815694f,0.3205388063475343f,-2.9906639973038187f,0f,0f,0f,1f], start_interpolation: 0, interpolation_duration: 1 }
$data merge entity $(bone_segment10) { transformation: [-0.9997307175925251f,0.022908779752880935f,0.0036986635652525614f,-0.20695909313999775f,-1.734723475976807e-18f,-0.15938780124902585f,0.9872160497140436f,2.0351465674810743f,0.023205436904633673f,0.9869502097994786f,0.15934488091818344f,-1.8306284462883913f,0f,0f,0f,1f], start_interpolation: 0, interpolation_duration: 1 }