# This file was generated by Animated Java via MC-Build. It is not recommended to edit this file directly.
$data merge entity $(bone_neck_spine5) { transformation: [-1.36112474671022f,-0.0732868550779716f,-0.1056887927931334f,-0.18144615944687972f,-0.11349318903873133f,1.2129448421398892f,0.6205527907634523f,3.462467487423302f,0.060501075123573486f,0.6265744225192016f,-1.21364977366202f,0.10137678007822443f,0f,0f,0f,1f], start_interpolation: 0, interpolation_duration: 1 }
$data merge entity $(bone_neck_spine2) { transformation: [-1.2963092825811617f,-0.1205284707399181f,-0.021820599887595295f,-0.3271775338765438f,-0.10808875146545839f,1.2347415328718434f,-0.3989375587136077f,4.858394726827449f,0.05762007154626045f,-0.3953571065338669f,-1.2392714362126713f,1.648193230255846f,0f,0f,0f,1f], start_interpolation: 0, interpolation_duration: 1 }
$data merge entity $(bone_scale_neck_left1) { transformation: [-1.410562606760817f,0.24820454192182556f,0.012925021480920567f,0.425476192309184f,0.24850328401320657f,1.409735957392683f,0.04847748623396911f,4.162574073183796f,-0.004320722804947286f,0.0499845396726804f,-1.4314126922557766f,1.8280888326672748f,0f,0f,0f,1f], start_interpolation: 0, interpolation_duration: 1 }
$data merge entity $(bone_scale_neck_right1) { transformation: [-1.3441423460266584f,-0.47242001140569f,-0.14683359576124227f,-0.9356485544010359f,-0.4781958604712252f,1.3496489015556452f,0.0351565066609695f,4.049080884145065f,0.12676549628709236f,0.0820158140596427f,-1.4243115296865356f,1.8885899077908483f,0f,0f,0f,1f], start_interpolation: 0, interpolation_duration: 1 }
$data merge entity $(bone_blush_right1) { transformation: [-0.9920170544750201f,-0.05755169336747208f,-0.11220501869899219f,-0.7153580112684266f,-0.07199453211077803f,0.9889963504833688f,0.12924011016990058f,3.8700712106001167f,0.10353236680794498f,0.13628654123248712f,-0.9852446537292302f,3.0628912559999155f,0f,0f,0f,1f], start_interpolation: 0, interpolation_duration: 1 }
$data merge entity $(bone_blush_left1) { transformation: [-0.9920170544750201f,-0.05755169336747208f,-0.11220501869899219f,0.42778664134927236f,-0.07199453211077803f,0.9889963504833688f,0.12924011016990058f,3.953033659712146f,0.10353236680794498f,0.13628654123248712f,-0.9852446537292302f,2.9435863801860727f,0f,0f,0f,1f], start_interpolation: 0, interpolation_duration: 1 }
$data merge entity $(bone_left_head_scales) { transformation: [-0.8281193622346222f,-0.05755169336747208f,-0.5575895663323146f,0.3625911465360362f,-0.12353637155715205f,0.9889963504833688f,0.08139400243919181f,4.625691483632813f,0.5467696834999318f,0.13628654123248712f,-0.8261167543902436f,2.6923317896858836f,0f,0f,0f,1f], start_interpolation: 0, interpolation_duration: 1 }
$data merge entity $(bone_left_head_scales2) { transformation: [-0.7482546433766865f,-0.05755169336747208f,-0.6609105773520076f,0.42398968901535894f,-0.13310354998104146f,0.9889963504833688f,0.06457293328494756f,3.834106428054512f,0.6499218673407381f,0.13628654123248712f,-0.7476814462264083f,2.7301808766716205f,0f,0f,0f,1f], start_interpolation: 0, interpolation_duration: 1 }
$data merge entity $(bone_left_head_scales1) { transformation: [-0.9920170544750201f,-0.05755169336747208f,-0.11220501869899219f,0.3682114290914534f,-0.07199453211077803f,0.9889963504833688f,0.12924011016990058f,4.529109808780921f,0.10353236680794498f,0.13628654123248712f,-0.9852446537292302f,2.6790225571436483f,0f,0f,0f,1f], start_interpolation: 0, interpolation_duration: 1 }
$data merge entity $(bone_right_head_scales) { transformation: [-0.9317403857991636f,-0.05755169336747208f,0.3585354320863726f,-0.7999288391768782f,-0.004183488266562861f,0.9889963504833688f,0.14788075316450555f,4.541322891315494f,-0.3631010216134747f,0.13628654123248712f,-0.9217286079872625f,2.813658782038944f,0f,0f,0f,1f], start_interpolation: 0, interpolation_duration: 1 }
$data merge entity $(bone_right_head_scales2) { transformation: [-0.8769709529088273f,-0.05755169336747208f,0.4770846364584796f,-0.7385302966975554f,0.015154613668694875f,0.9889963504833688f,0.1471616676146696f,3.7497378357371938f,-0.4803043674991263f,0.13628654123248712f,-0.8664488982277891f,2.851507869024681f,0f,0f,0f,1f], start_interpolation: 0, interpolation_duration: 1 }
$data merge entity $(bone_right_head_scales1) { transformation: [-0.9920170544750201f,-0.05755169336747208f,-0.11220501869899219f,-0.7943085566214609f,-0.07199453211077803f,0.9889963504833688f,0.12924011016990058f,4.444741216463603f,0.10353236680794498f,0.13628654123248712f,-0.9852446537292302f,2.800349549496709f,0f,0f,0f,1f], start_interpolation: 0, interpolation_duration: 1 }
$data merge entity $(bone_head_left_fin1) { transformation: [-0.40014154371725286f,0.04763576546340744f,-0.9152144988145068f,0.38106936473543945f,0.11308896668690564f,0.9935822704447135f,0.002271006740724779f,4.176394625141738f,0.9094490808205052f,-0.10259193782478072f,-0.40296062299943713f,2.556951811926957f,0f,0f,0f,1f], start_interpolation: 0, interpolation_duration: 1 }
$data merge entity $(bone_head_right_fin1) { transformation: [-0.5580732521256833f,-0.2091172325748503f,0.8030094820748379f,-0.7814506209774748f,-0.18263033755057967f,0.974948707767118f,0.12696919716761296f,4.092026032824419f,-0.8094445040075477f,-0.07579577998452675f,-0.5822839467721159f,2.6782788042800174f,0f,0f,0f,1f], start_interpolation: 0, interpolation_duration: 1 }
$data merge entity $(bone_right_whisker16) { transformation: [-0.21811942347809277f,-0.23029914416445216f,0.9483597530993739f,-1.16639183887795f,0.9709279651360742f,0.04697485916272781f,0.2347173813831543f,2.6531723969251306f,-0.09860427789050381f,0.9719854252013059f,0.21335775021763204f,1.3370503888354812f,0f,0f,0f,1f], start_interpolation: 0, interpolation_duration: 1 }
$data merge entity $(bone_right_whisker15) { transformation: [0.2883640847120017f,-0.2702930533601857f,0.9185792398881206f,-1.2508735043209191f,0.23479557045751345f,0.9500023603885466f,0.20583137600890988f,2.584384632142656f,-0.9282872371964082f,0.15632396029213963f,0.3374101727820924f,1.6090095403578664f,0f,0f,0f,1f], start_interpolation: 0, interpolation_duration: 1 }
$data merge entity $(bone_right_whisker14) { transformation: [0.6009820017543533f,-0.33632830168588557f,0.7250544166146554f,-1.42694245014739f,-0.3270893902611249f,0.7242188956214746f,0.6070580878329663f,2.68021160194572f,-0.7292689245716811f,-0.6019885918436492f,0.3252331024729251f,1.822662545603476f,0f,0f,0f,1f], start_interpolation: 0, interpolation_duration: 1 }
$data merge entity $(bone_right_whisker13) { transformation: [0.0665606291108729f,-0.4571872984308397f,0.8868762353371946f,-1.446442634457216f,-0.006459874425557982f,0.8886312772442453f,0.4585768453876268f,2.6821041432813324f,-0.9977614708309651f,-0.03625227243596954f,0.05619448432415225f,2.114975476510985f,0f,0f,0f,1f], start_interpolation: 0, interpolation_duration: 1 }
$data merge entity $(bone_right_whisker12) { transformation: [-0.505977710584409f,-0.4068504472304347f,0.7605650991073382f,-1.2487950912601813f,-0.5475313028616762f,0.8328308685820308f,0.0812540258910029f,2.895983558461675f,-0.6664803288757708f,-0.37532047362926446f,-0.6441572116310963f,2.375319354978083f,0f,0f,0f,1f], start_interpolation: 0, interpolation_duration: 1 }
$data merge entity $(bone_right_whisker11) { transformation: [-0.9130235974739922f,-0.2876927926194035f,0.2891725566690211f,-0.892145248496903f,-0.33682683381314027f,0.9315969421154087f,-0.13665585045886425f,3.027556540419933f,-0.23007736629026448f,-0.22217109289029704f,-0.9474726439348349f,2.4651933261852177f,0f,0f,0f,1f], start_interpolation: 0, interpolation_duration: 1 }
$data merge entity $(bone_right_whisker10) { transformation: [-0.49261255915250096f,-0.6465986552225113f,0.5824457447948811f,-0.6997184675779573f,-0.6831022875994051f,0.7019644065950276f,0.20153718403845716f,3.2943933715134506f,-0.5391698537953358f,-0.29859027267834926f,-0.7874895033079394f,2.6758065503240207f,0f,0f,0f,1f], start_interpolation: 0, interpolation_duration: 1 }
$data merge entity $(bone_right_whisker1) { transformation: [0.06466463776065332f,-0.6953013710118532f,0.715803386477265f,-0.7249780917032125f,-0.8323673673067802f,0.35807897396356636f,0.42301774696575034f,3.6195368743676615f,-0.5504389616170567f,-0.6231656696852265f,-0.5555911245328703f,2.8908217697056835f,0f,0f,0f,1f], start_interpolation: 0, interpolation_duration: 1 }
$data merge entity $(bone_left_whisker16) { transformation: [-0.05224083563561427f,0.4159219887494231f,-0.9078985595135715f,0.683789002460713f,-0.9905490596207254f,0.09387363766089801f,0.1000015031727394f,2.7874472094312464f,0.12682056448616544f,0.9045422264477406f,0.4070870975557626f,1.1439553198924592f,0f,0f,0f,1f], start_interpolation: 0, interpolation_duration: 1 }
$data merge entity $(bone_left_whisker15) { transformation: [0.5034120693152163f,0.15810937828172644f,-0.8494573049701428f,0.8312730071429052f,-0.17733329852527605f,0.9810931894040829f,0.07751809426882006f,2.7354940946289195f,0.8456531142861813f,0.11161352160150845f,0.521932210247454f,1.391705255718489f,0f,0f,0f,1f], start_interpolation: 0, interpolation_duration: 1 }
$data merge entity $(bone_left_whisker14) { transformation: [0.6849472573358703f,0.09852893521311283f,-0.7218997877779434f,1.0319411489405235f,0.42041427305233214f,0.7557781749345677f,0.502046999101133f,2.85866233868722f,0.5950622603408391f,-0.6473726895833217f,0.4762452174035006f,1.5660399023027192f,0f,0f,0f,1f], start_interpolation: 0, interpolation_duration: 1 }
$data merge entity $(bone_left_whisker13) { transformation: [0.2684729140930102f,0.3082683786189455f,-0.9126296626463847f,1.11059532299121f,0.03077456042371793f,0.9441833698944082f,0.3279797104175288f,2.867678323186356f,0.9627955238933832f,-0.11613944531676373f,0.24400083690918006f,1.8481089034433589f,0f,0f,0f,1f], start_interpolation: 0, interpolation_duration: 1 }
$data merge entity $(bone_left_whisker12) { transformation: [-0.4311916974308435f,0.19785437396916028f,-0.880299589212661f,0.9421610661822868f,0.4795172775641988f,0.8767166470280835f,-0.03782990009574594f,3.0549897597348714f,0.7642884930339637f,-0.4384308012960614f,-0.47290752995777763f,2.146659096034751f,0f,0f,0f,1f], start_interpolation: 0, interpolation_duration: 1 }
$data merge entity $(bone_left_whisker11) { transformation: [-0.8848371150905064f,0.09983742310557636f,-0.4550777611639006f,0.5965215681000577f,0.20634909634124843f,0.9597215156134657f,-0.19066898779755118f,3.1355948754931715f,0.4177120182583453f,-0.26261588188118123f,-0.8697985792045818f,2.309827853166917f,0f,0f,0f,1f], start_interpolation: 0, interpolation_duration: 1 }
$data merge entity $(bone_left_whisker10) { transformation: [-0.46376758899296766f,0.4644317501762355f,-0.7544685366719335f,0.4153623536496797f,0.6136940642476325f,0.7825962000069471f,0.10451212007183364f,3.375319119339903f,0.6389829566638479f,-0.4145435286709047f,-0.6479617611635751f,2.5594305706137326f,0f,0f,0f,1f], start_interpolation: 0, interpolation_duration: 1 }
$data merge entity $(bone_left_whisker1) { transformation: [0.05677962332165649f,0.49403436965623326f,-0.867586373782933f,0.4375418940097018f,0.8411810492033953f,0.4443936898101986f,0.30810499982628026f,3.7039054666849793f,0.5377643692515581f,-0.7472913020069518f,-0.390339843096024f,2.7694947773526226f,0f,0f,0f,1f], start_interpolation: 0, interpolation_duration: 1 }
$data merge entity $(bone_upper_left_tooth1) { transformation: [-0.9920170544750201f,-0.06711200354360311f,-0.10676208414539368f,0.19137035051289744f,-0.07199453211077803f,0.9964969385782645f,0.04255160103094677f,3.9279062997712852f,0.10353236680794498f,0.049898200213135374f,-0.9933736550959237f,3.632061658112378f,0f,0f,0f,1f], start_interpolation: 0, interpolation_duration: 1 }
$data merge entity $(bone_upper_right_tooth1) { transformation: [-0.9920170544750201f,-0.06711200354360311f,-0.10676208414539368f,-0.3898896423435596f,-0.07199453211077803f,0.9964969385782645f,0.04255160103094677f,3.885722003612626f,0.10353236680794498f,0.049898200213135374f,-0.9933736550959237f,3.6927251542889086f,0f,0f,0f,1f], start_interpolation: 0, interpolation_duration: 1 }
$data merge entity $(bone_top_lip1) { transformation: [-0.9920170544750201f,-0.09957943781723622f,-0.07736988558029474f,-0.08224946679664305f,-0.07199453211077803f,0.9509543245010849f,-0.30083660026472137f,4.015617422770695f,0.10353236680794498f,-0.29286482936107f,-0.9505320829653551f,3.665225886398777f,0f,0f,0f,1f], start_interpolation: 0, interpolation_duration: 1 }
$data merge entity $(bone_muzzle1) { transformation: [-0.9920170544750201f,-0.06711200354360311f,-0.10676208414539368f,-0.14421025058984352f,-0.07199453211077803f,0.9964969385782645f,0.04255160103094677f,4.182365802948637f,0.10353236680794498f,0.049898200213135374f,-0.9933736550959237f,3.187489463043317f,0f,0f,0f,1f], start_interpolation: 0, interpolation_duration: 1 }
$data merge entity $(bone_jaw_right_tooth1) { transformation: [-0.9920170544750201f,-0.1200361222541291f,-0.038645736956312376f,-0.3908427037606439f,-0.07199453211077803f,0.7907125842979706f,-0.6079394676931043f,3.9163882753875274f,0.10353236680794498f,-0.600304038289779f,-0.7930423132696821f,3.704917966519773f,0f,0f,0f,1f], start_interpolation: 0, interpolation_duration: 1 }
$data merge entity $(bone_jaw_left_tooth1) { transformation: [-0.9920170544750201f,-0.1200361222541291f,-0.038645736956312376f,0.23885562183385128f,-0.07199453211077803f,0.7907125842979706f,-0.6079394676931043f,3.962087929559408f,0.10353236680794498f,-0.600304038289779f,-0.7930423132696821f,3.6391991789951987f,0f,0f,0f,1f], start_interpolation: 0, interpolation_duration: 1 }
$data merge entity $(bone_tongue1) { transformation: [-0.9920170544750201f,-0.09245727814843548f,-0.08575438967241007f,-0.1352517187413374f,-0.07199453211077803f,0.9735552935371502f,-0.2168106957046718f,3.780822530020683f,0.10353236680794498f,-0.20890606057071776f,-0.97243987314382f,2.9941015951020393f,0f,0f,0f,1f], start_interpolation: 0, interpolation_duration: 1 }
$data merge entity $(bone_jaw_lips1) { transformation: [-0.9920170544750201f,-0.09245727814843548f,-0.08575438967241007f,-0.009434412235067746f,-0.07199453211077803f,0.9735552935371502f,-0.2168106957046718f,3.8443867252845485f,0.10353236680794498f,-0.20890606057071776f,-0.97243987314382f,3.772226019213711f,0f,0f,0f,1f], start_interpolation: 0, interpolation_duration: 1 }
$data merge entity $(bone_jaw3) { transformation: [-0.9920170544750201f,-0.1115017420403284f,-0.058902675259081216f,-0.04728546093983617f,-0.07199453211077803f,0.8842674641176719f,-0.4613977018246323f,3.419153810993416f,0.10353236680794498f,-0.4534737185602646f,-0.8852359208698386f,3.1138490048658f,0f,0f,0f,1f], start_interpolation: 0, interpolation_duration: 1 }
$data merge entity $(bone_jaw1) { transformation: [-0.9920170544750201f,-0.03719315680510394f,-0.12049411901655477f,-0.14142149142151958f,-0.07199453211077803f,0.9515289640443241f,0.29901407647615175f,3.6527585582404094f,0.10353236680794498f,0.3053019811131379f,-0.9466106640808238f,2.3743094235526563f,0f,0f,0f,1f], start_interpolation: 0, interpolation_duration: 1 }
$data merge entity $(bone_tear_right1) { transformation: [-0.9920170544750201f,-0.05755169336747208f,-0.11220501869899219f,-0.6767288982527575f,-0.07199453211077803f,0.9889963504833688f,0.12924011016990058f,4.200263436537057f,0.10353236680794498f,0.13628654123248712f,-0.9852446537292302f,3.1910120469438645f,0f,0f,0f,1f], start_interpolation: 0, interpolation_duration: 1 }
$data merge entity $(bone_right_pupil1) { transformation: [-0.9920170544750201f,-0.05755169336747208f,-0.11220501869899219f,-0.5159284799635846f,-0.07199453211077803f,0.9889963504833688f,0.12924011016990058f,4.3008731076290205f,0.10353236680794498f,0.13628654123248712f,-0.9852446537292302f,3.2453680293208653f,0f,0f,0f,1f], start_interpolation: 0, interpolation_duration: 1 }
$data merge entity $(bone_right_sad_pupil1) { transformation: [-0.9920170544750201f,-0.05755169336747208f,-0.11220501869899219f,-0.5170242320993168f,-0.07199453211077803f,0.9889963504833688f,0.12924011016990058f,4.302135218079899f,0.10353236680794498f,0.13628654123248712f,-0.9852446537292302f,3.2357464994992906f,0f,0f,0f,1f], start_interpolation: 0, interpolation_duration: 1 }
$data merge entity $(bone_right_happy_pupil1) { transformation: [-0.9920170544750201f,-0.05755169336747208f,-0.11220501869899219f,-0.5398380358090562f,-0.07199453211077803f,0.9889963504833688f,0.12924011016990058f,4.276232451919966f,0.10353236680794498f,0.13628654123248712f,-0.9852446537292302f,3.2349468472734335f,0f,0f,0f,1f], start_interpolation: 0, interpolation_duration: 1 }
$data merge entity $(bone_eyelid_right1) { transformation: [-0.9920170544750201f,-0.05755169336747208f,-0.11220501869899219f,-0.19602622552000273f,-0.07199453211077803f,0.9889963504833688f,0.12924011016990058f,4.344018182397948f,0.10353236680794498f,0.13628654123248712f,-0.9852446537292302f,2.7090896164156426f,0f,0f,0f,1f], start_interpolation: 0, interpolation_duration: 1 }
$data merge entity $(bone_eyelid_expressions_right5) { transformation: [-0.9920170544750201f,-0.05755169336747208f,-0.11220501869899219f,-0.6340523699468922f,-0.07199453211077803f,0.9889963504833688f,0.12924011016990058f,4.3906315919996715f,0.10353236680794498f,0.13628654123248712f,-0.9852446537292302f,3.260682869788163f,0f,0f,0f,1f], start_interpolation: 0, interpolation_duration: 1 }
$data merge entity $(bone_eyelid_expressions_right7) { transformation: [-0.9920170544750201f,-0.05755169336747208f,-0.11220501869899219f,-0.34342237351866356f,-0.07199453211077803f,0.9889963504833688f,0.12924011016990058f,4.411723740079001f,0.10353236680794498f,0.13628654123248712f,-0.9852446537292302f,3.230351121699898f,0f,0f,0f,1f], start_interpolation: 0, interpolation_duration: 1 }
$data merge entity $(bone_eyelid_expressions_right6) { transformation: [-0.9920170544750201f,-0.05755169336747208f,-0.11220501869899219f,-0.44029903899473977f,-0.07199453211077803f,0.9889963504833688f,0.12924011016990058f,4.404693024052558f,0.10353236680794498f,0.13628654123248712f,-0.9852446537292302f,3.2404617043959862f,0f,0f,0f,1f], start_interpolation: 0, interpolation_duration: 1 }
$data merge entity $(bone_right_eye1) { transformation: [-0.9920170544750201f,-0.05755169336747208f,-0.11220501869899219f,-0.204618139931878f,-0.07199453211077803f,0.9889963504833688f,0.12924011016990058f,4.342053000344425f,0.10353236680794498f,0.13628654123248712f,-0.9852446537292302f,2.719722204506826f,0f,0f,0f,1f], start_interpolation: 0, interpolation_duration: 1 }
$data merge entity $(bone_tear_left1) { transformation: [-0.9920170544750201f,-0.05755169336747208f,-0.11220501869899219f,0.36953908888886516f,-0.07199453211077803f,0.9889963504833688f,0.12924011016990058f,4.2761951696226435f,0.10353236680794498f,0.13628654123248712f,-0.9852446537292302f,3.08181775382611f,0f,0f,0f,1f], start_interpolation: 0, interpolation_duration: 1 }
$data merge entity $(bone_left_sad_pupil1) { transformation: [-0.9920170544750201f,-0.05755169336747208f,-0.11220501869899219f,0.20955075897125447f,-0.07199453211077803f,0.9889963504833688f,0.12924011016990058f,4.354865588278223f,0.10353236680794498f,0.13628654123248712f,-0.9852446537292302f,3.159917129278628f,0f,0f,0f,1f], start_interpolation: 0, interpolation_duration: 1 }
$data merge entity $(bone_left_pupil1) { transformation: [-0.9920170544750201f,-0.05755169336747208f,-0.11220501869899219f,0.2106465111069868f,-0.07199453211077803f,0.9889963504833688f,0.12924011016990058f,4.3536034778273445f,0.10353236680794498f,0.13628654123248712f,-0.9852446537292302f,3.1695386591002026f,0f,0f,0f,1f], start_interpolation: 0, interpolation_duration: 1 }
$data merge entity $(bone_eyelid_left1) { transformation: [-0.9920170544750201f,-0.05755169336747208f,-0.11220501869899219f,-0.21540155861521795f,-0.07199453211077803f,0.9889963504833688f,0.12924011016990058f,4.342612039192659f,0.10353236680794498f,0.13628654123248712f,-0.9852446537292302f,2.7111117329548606f,0f,0f,0f,1f], start_interpolation: 0, interpolation_duration: 1 }
$data merge entity $(bone_left_happy_pupil1) { transformation: [-0.9920170544750201f,-0.05755169336747208f,-0.11220501869899219f,0.23517528799955317f,-0.07199453211077803f,0.9889963504833688f,0.12924011016990058f,4.3324781801315115f,0.10353236680794498f,0.13628654123248712f,-0.9852446537292302f,3.154062185704727f,0f,0f,0f,1f], start_interpolation: 0, interpolation_duration: 1 }
$data merge entity $(bone_eyelid_expressions_left5) { transformation: [-0.9920170544750201f,-0.05755169336747208f,-0.11220501869899219f,0.31533895171865445f,-0.07199453211077803f,0.9889963504833688f,0.12924011016990058f,4.459532609058814f,0.10353236680794498f,0.13628654123248712f,-0.9852446537292302f,3.1615991593664967f,0f,0f,0f,1f], start_interpolation: 0, interpolation_duration: 1 }
$data merge entity $(bone_eyelid_expressions_left7) { transformation: [-0.9920170544750201f,-0.05755169336747208f,-0.11220501869899219f,0.02470895529042591f,-0.07199453211077803f,0.9889963504833688f,0.12924011016990058f,4.438440460979486f,0.10353236680794498f,0.13628654123248712f,-0.9852446537292302f,3.1919309074547617f,0f,0f,0f,1f], start_interpolation: 0, interpolation_duration: 1 }
$data merge entity $(bone_eyelid_expressions_left6) { transformation: [-0.9920170544750201f,-0.05755169336747208f,-0.11220501869899219f,0.12158562076650209f,-0.07199453211077803f,0.9889963504833688f,0.12924011016990058f,4.4454711770059285f,0.10353236680794498f,0.13628654123248712f,-0.9852446537292302f,3.1818203247586734f,0f,0f,0f,1f], start_interpolation: 0, interpolation_duration: 1 }
$data merge entity $(bone_left_eye1) { transformation: [-0.9920170544750201f,-0.05755169336747208f,-0.11220501869899219f,-0.204618139931878f,-0.07199453211077803f,0.9889963504833688f,0.12924011016990058f,4.342053000344425f,0.10353236680794498f,0.13628654123248712f,-0.9852446537292302f,2.719722204506826f,0f,0f,0f,1f], start_interpolation: 0, interpolation_duration: 1 }
$data merge entity $(bone_crest_middle5) { transformation: [-0.9920170544750201f,-0.08047309936678124f,-0.0970888454407038f,-0.22744912017938912f,-0.07199453211077803f,0.9935258675835903f,-0.08788138476619878f,5.4801744877378225f,0.10353236680794498f,-0.08018996645827109f,-0.9913882278414277f,3.2923914481664545f,0f,0f,0f,1f], start_interpolation: 0, interpolation_duration: 1 }
$data merge entity $(bone_crest_middle4) { transformation: [-0.9920170544750201f,-0.08047309936678124f,-0.0970888454407038f,-0.18029691351916574f,-0.07199453211077803f,0.9935258675835903f,-0.08788138476619878f,4.898030424700562f,0.10353236680794498f,-0.08018996645827109f,-0.9913882278414277f,3.3393777566380978f,0f,0f,0f,1f], start_interpolation: 0, interpolation_duration: 1 }
$data merge entity $(bone_crest_middle1) { transformation: [-0.9920170544750201f,-0.08047309936678124f,-0.0970888454407038f,-0.13782172876180745f,-0.07199453211077803f,0.9935258675835903f,-0.08788138476619878f,4.467859029746355f,0.10353236680794498f,-0.08018996645827109f,-0.9913882278414277f,3.447229240269506f,0f,0f,0f,1f], start_interpolation: 0, interpolation_duration: 1 }
$data merge entity $(bone_crest_left5) { transformation: [-0.48447176896462585f,-0.87480461655276f,0.001996981287913896f,-1.1384839211912994f,-0.8727936958440696f,0.483510370607888f,0.06669997008599543f,4.848407498751946f,-0.05931500291777624f,0.030571299818640124f,-0.997771078983683f,3.4005006242337186f,0f,0f,0f,1f], start_interpolation: 0, interpolation_duration: 1 }
$data merge entity $(bone_crest_left4) { transformation: [-0.48447176896462585f,-0.87480461655276f,0.001996981287913896f,-0.7113332295151471f,-0.8727936958440696f,0.483510370607888f,0.06669997008599543f,4.6123184506035635f,-0.05931500291777624f,0.030571299818640124f,-0.997771078983683f,3.3855732317441483f,0f,0f,0f,1f], start_interpolation: 0, interpolation_duration: 1 }
$data merge entity $(bone_crest_left1) { transformation: [-0.48447176896462585f,-0.87480461655276f,0.001996981287913896f,-0.24136995981943066f,-0.8727936958440696f,0.483510370607888f,0.06669997008599543f,4.355877332117197f,-0.05931500291777624f,0.030571299818640124f,-0.997771078983683f,3.3204338090396206f,0f,0f,0f,1f], start_interpolation: 0, interpolation_duration: 1 }
$data merge entity $(bone_crest_center1) { transformation: [-0.9920170544750201f,-0.05755169336747208f,-0.11220501869899219f,-0.14308824168940434f,-0.07199453211077803f,0.9889963504833688f,0.12924011016990058f,4.338762938492027f,0.10353236680794498f,0.13628654123248712f,-0.9852446537292302f,3.3069959607975177f,0f,0f,0f,1f], start_interpolation: 0, interpolation_duration: 1 }
$data merge entity $(bone_crest_right5) { transformation: [-0.5815489807209702f,0.784197316850957f,-0.216414766747004f,0.767059075264416f,0.795428428031602f,0.6039105869423587f,0.05084898089549961f,4.986700157963737f,0.1705708031920333f,-0.14257128470591718f,-0.9749764252922882f,3.2016276556820156f,0f,0f,0f,1f], start_interpolation: 0, interpolation_duration: 1 }
$data merge entity $(bone_crest_right4) { transformation: [-0.5815489807209702f,0.784197316850957f,-0.216414766747004f,0.38415022914578467f,0.795428428031602f,0.6039105869423587f,0.05084898089549961f,4.691821941683289f,0.1705708031920333f,-0.14257128470591718f,-0.9749764252922882f,3.271242540792327f,0f,0f,0f,1f], start_interpolation: 0, interpolation_duration: 1 }
$data merge entity $(bone_crest_right1) { transformation: [-0.5815489807209702f,0.784197316850957f,-0.216414766747004f,-0.04761662886727827f,0.795428428031602f,0.6039105869423587f,0.05084898089549961f,4.369938764170083f,0.1705708031920333f,-0.14257128470591718f,-0.9749764252922882f,3.300212643647444f,0f,0f,0f,1f], start_interpolation: 0, interpolation_duration: 1 }
$data merge entity $(bone_head1) { transformation: [-0.9920170544750201f,-0.05755169336747208f,-0.11220501869899219f,-0.2620743661194484f,-0.07199453211077803f,0.9889963504833688f,0.12924011016990058f,4.363178237716766f,0.10353236680794498f,0.13628654123248712f,-0.9852446537292302f,2.1838834480491105f,0f,0f,0f,1f], start_interpolation: 0, interpolation_duration: 1 }
$data merge entity $(bone_neck10) { transformation: [-1.2963092825811617f,-0.11664917314905035f,-0.03736604397043771f,-0.25370292050367016f,-0.10808875146545839f,1.2762499483630616f,-0.23435848193390782f,3.813322834829938f,0.05762007154626045f,-0.23021738998470592f,-1.2802737549633978f,1.3407536146331012f,0f,0f,0f,1f], start_interpolation: 0, interpolation_duration: 1 }
$data merge entity $(bone_neck9) { transformation: [-0.9955655290223322f,-0.03176988790386098f,-0.08854350142760149f,-0.22168392989290092f,-0.08301216112547205f,0.7394771149867408f,0.6680438440073865f,3.021819050599621f,0.044252214947528026f,0.6724316103764478f,-0.7388352122352961f,0.5763300398609192f,0f,0f,0f,1f], start_interpolation: 0, interpolation_duration: 1 }
$data merge entity $(bone_neck8) { transformation: [-0.9955655290223322f,-0.01354167679425981f,-0.09309081808687344f,-0.2136663009376244f,-0.08301216112547205f,0.591982102363671f,0.8016646253804436f,2.5117606853882295f,0.044252214947528026f,0.8058373368557009f,-0.5904810987673947f,-0.20010504309932065f,0f,0f,0f,1f], start_interpolation: 0, interpolation_duration: 1 }
$data merge entity $(bone_neck7) { transformation: [-0.9955792560198693f,0.0019381855980343185f,-0.09390520975702489f,-0.21546442234205077f,-0.08453709646562359f,0.4172094529427003f,0.9048700192273003f,2.1247011343183417f,0.04093194723055724f,0.9088082943128549f,-0.41520122818228095f,-1.043237738018473f,0f,0f,0f,1f], start_interpolation: 0, interpolation_duration: 1 }
$data merge entity $(bone_neck6) { transformation: [-0.988210064702989f,0.09577564782181722f,-0.11944828715400393f,-0.29701913380557843f,-0.10978412233260208f,0.10052402809888425f,0.9888591235653514f,2.0565129253699004f,0.10671604613821861f,0.9903140638499921f,-0.08882421087484887f,-1.8685978647510815f,0f,0f,0f,1f], start_interpolation: 0, interpolation_duration: 1 }
$data merge entity $(bone_neck_spine6) { transformation: [-1.0725512968506015f,-0.27224390072357607f,-0.021416154189440442f,-0.17760940054629484f,0.08034724097691408f,-0.39754939674995976f,1.0297769057074946f,3.45995256429771f,-0.2609975364037982f,0.9963831658453072f,0.40502166649278576f,-4.676188040058758f,0f,0f,0f,1f], start_interpolation: 0, interpolation_duration: 1 }
$data merge entity $(bone_neck_spine7) { transformation: [-0.9672806657316473f,-0.2503845201273263f,0.04093538545499948f,0.698978182187826f,0.07633613867230643f,-0.1333517427233119f,0.9881245400480944f,4.72985487563056f,-0.24195228379650252f,0.9589186121841962f,0.1481019499277189f,-7.416815780642336f,0f,0f,0f,1f], start_interpolation: 0, interpolation_duration: 1 }
$data merge entity $(bone_tail6) { transformation: [-1.4089000313407753f,0.45042075749209887f,-0.2330582000107119f,0.3245746126520936f,0.012752310549365549f,0.7193760594166506f,1.3132135185863159f,4.085688613721314f,0.5069835913988165f,1.2336180559810415f,-0.6806970043227333f,-10.734668429224913f,0f,0f,0f,1f], start_interpolation: 0, interpolation_duration: 1 }
$data merge entity $(bone_tail5) { transformation: [-1.163873938933684f,0.3998657274149074f,-0.12498925184710416f,0.577121387861509f,0.010534517410345454f,0.39686042342787586f,1.1715409881975705f,4.336337302202078f,0.4188125320251094f,1.1012386948899664f,-0.37681143648132964f,-10.039149253504933f,0f,0f,0f,1f], start_interpolation: 0, interpolation_duration: 1 }
$data merge entity $(bone_tail4) { transformation: [-0.9372043904943828f,0.34202534480058044f,-0.06831247288816514f,0.7107250381742357f,0.030974497019328744f,0.2767061263833037f,0.9604552567175355f,4.444425632820556f,0.34740252010089395f,0.8980269389812267f,-0.2699242595461865f,-9.688357480465392f,0f,0f,0f,1f], start_interpolation: 0, interpolation_duration: 1 }
$data merge entity $(bone_segment18) { transformation: [-0.9738297429121997f,0.2167695501389951f,-0.06831247288816514f,0.8165695450780419f,-0.005407891137321095f,0.2783818502652429f,0.9604552567175355f,4.5803542706453815f,0.22721440652609506f,0.9356893221446092f,-0.2699242595461865f,-9.23147792863697f,0f,0f,0f,1f], start_interpolation: 0, interpolation_duration: 1 }
$data merge entity $(bone_segment17) { transformation: [-0.9979482281227424f,0.06169995262011639f,-0.017101164678284944f,0.8557345540654205f,-0.013990936803230922f,0.050493454291535705f,0.998626388976917f,4.612405779717157f,0.062478697762088836f,0.996816696750403f,-0.04952661310416448f,-8.598732955113764f,0f,0f,0f,1f], start_interpolation: 0, interpolation_duration: 1 }
$data merge entity $(bone_segment16) { transformation: [-0.994708272422545f,-0.10270717327115277f,-0.0025863744518067923f,0.7704795762524519f,0.015853828536967776f,-0.17831789068731657f,0.9838452042783695f,4.464387999361475f,-0.10150915670458491f,0.978597959541852f,0.1790025829021704f,-7.7864201957284385f,0f,0f,0f,1f], start_interpolation: 0, interpolation_duration: 1 }
$data merge entity $(bone_segment15) { transformation: [-0.9672806657316473f,-0.2524477318683461f,-0.025263736387725604f,0.511622038692136f,0.07633613867230643f,-0.3845533421747176f,0.9199410421080565f,4.070070607483102f,-0.24195228379650252f,0.8879126475598726f,0.3912418978955021f,-6.875962891101616f,0f,0f,0f,1f], start_interpolation: 0, interpolation_duration: 1 }
$data merge entity $(bone_segment14) { transformation: [-0.9395651899249762f,-0.33669509476998594f,-0.06207791103986465f,0.16637804503150594f,0.12492304970150948f,-0.5059607632048443f,0.8534623235682087f,3.55126318427501f,-0.3187655651643029f,0.7941285281709769f,0.517444098633351f,-6.061670943270048f,0f,0f,0f,1f], start_interpolation: 0, interpolation_duration: 1 }
$data merge entity $(bone_segment13) { transformation: [-0.9690816423308962f,-0.23888326294157544f,-0.061770196564677124f,-0.08872679294513364f,0.07259609537678824f,-0.5153086745939878f,0.8539243390513189f,2.9768614486559857f,-0.23581895053896115f,0.8230381258329253f,0.5167181688233242f,-5.190162984729571f,0f,0f,0f,1f], start_interpolation: 0, interpolation_duration: 1 }
$data merge entity $(bone_segment12) { transformation: [-0.9826354397085092f,-0.18280795673249794f,-0.03176229815604993f,-0.3029548672410297f,0.04674542048228007f,-0.40956520789313733f,0.9110824365266768f,2.4969022206562155f,-0.17956185088375398f,0.8937771486443031f,0.4109987229523472f,-4.142767888662028f,0f,0f,0f,1f], start_interpolation: 0, interpolation_duration: 1 }
$data merge entity $(bone_segment11) { transformation: [-1.0334094640867673f,-0.06010996345880393f,0.0003657088239944831f,-0.3724215884412402f,0.015388331918035864f,-0.25845823544442903f,1.0022529629219337f,2.1982122007259695f,-0.05810800883478156f,1.0005671365470665f,0.25891567446820135f,-2.986451792009537f,0f,0f,0f,1f], start_interpolation: 0, interpolation_duration: 1 }
$data merge entity $(bone_segment10) { transformation: [-0.9977327889677211f,0.06681524490690041f,0.008062559564042986f,-0.29393126743993775f,0f,-0.11980039889745325f,0.9927979977941188f,2.073216621844126f,0.06729993921760125f,0.9905471152206956f,0.11952878611140161f,-1.8228197324560595f,0f,0f,0f,1f], start_interpolation: 0, interpolation_duration: 1 }