# This file was generated by Animated Java via MC-Build. It is not recommended to edit this file directly.
$data merge entity $(bone_neck_spine5) { transformation: [-1.564365432123667f,-0.12274967185220703f,-0.09855205930547425f,-0.25984506893739606f,-0.15562948359012876f,1.3539070741417836f,0.7840499307971057f,4.140294684381364f,0.023652783570735247f,0.7898653987899786f,-1.3592543519078197f,0.1783963991656876f,0f,0f,0f,1f], start_interpolation: 0, interpolation_duration: 1 }
$data merge entity $(bone_neck_spine2) { transformation: [-1.4898718401177775f,-0.14903233789516063f,0.016295519924113745f,-0.4917577201911569f,-0.14821855580012258f,1.4397751391214944f,-0.38376176225392006f,5.611150804814564f,0.02252646054355737f,-0.3834464665546044f,-1.4472925231431952f,1.983056857831302f,0f,0f,0f,1f], start_interpolation: 0, interpolation_duration: 1 }
$data merge entity $(bone_scale_neck_left1) { transformation: [-1.6256884703433205f,0.25941840819630974f,0.05379746945126146f,0.38054102822982816f,0.2631745524880438f,1.619749937256433f,0.14214209973885464f,4.813267370123871f,-0.030516113009106085f,0.1488869070279362f,-1.6401086965808527f,2.169513721015634f,0f,0f,0f,1f], start_interpolation: 0, interpolation_duration: 1 }
$data merge entity $(bone_scale_neck_right1) { transformation: [-1.5403440437639528f,-0.5688085000939167f,-0.12981601557394545f,-1.1838244038938384f,-0.5781444406497764f,1.5373545305401926f,0.12387547784356986f,4.657637886533743f,0.07838567103969432f,0.16140947458598698f,-1.6373325101906473f,2.1931665045863693f,0f,0f,0f,1f], start_interpolation: 0, interpolation_duration: 1 }
$data merge entity $(bone_blush_right1) { transformation: [-0.9865334127022909f,-0.045424698598445466f,-0.15712549881929294f,-0.9002036283448184f,-0.08173691023384752f,0.9690228139476906f,0.2330533491592061f,4.340633784493175f,0.14167181486589062f,0.24275786868017124f,-0.9596862581419335f,3.5387432792005002f,0f,0f,0f,1f], start_interpolation: 0, interpolation_duration: 1 }
$data merge entity $(bone_blush_left1) { transformation: [-0.9865334127022909f,-0.045424698598445466f,-0.15712549881929294f,0.4071458257928854f,-0.08173691023384752f,0.9690228139476906f,0.2330533491592061f,4.448951154793303f,0.14167181486589062f,0.24275786868017124f,-0.9596862581419335f,3.3510004542268543f,0f,0f,0f,1f], start_interpolation: 0, interpolation_duration: 1 }
$data merge entity $(bone_left_head_scales) { transformation: [-0.802513343175542f,-0.045424698598445466f,-0.5949024548465529f,0.32330516052821057f,-0.18011358563198218f,0.9690228139476906f,0.1689789404620869f,5.248842268982921f,0.5687982333798209f,0.24275786868017124f,-0.785835343375351f,3.1493974874937902f,0f,0f,0f,1f], start_interpolation: 0, interpolation_duration: 1 }
$data merge entity $(bone_left_head_scales2) { transformation: [-0.7179973781018266f,-0.045424698598445466f,-0.6945619927667672f,0.39058530824002485f,-0.2006288666023355f,0.9690228139476906f,0.14402376170188425f,4.338976359254564f,0.6665041807256462f,0.24275786868017124f,-0.7048693455308552f,3.0929606128294598f,0f,0f,0f,1f], start_interpolation: 0, interpolation_duration: 1 }
$data merge entity $(bone_left_head_scales1) { transformation: [-0.9865334127022909f,-0.045424698598445466f,-0.15712549881929294f,0.32840656710909066f,-0.08173691023384752f,0.9690228139476906f,0.2330533491592061f,5.140016464682155f,0.14167181486589062f,0.24275786868017124f,-0.9596862581419335f,3.1221346409134973f,0f,0f,0f,1f], start_interpolation: 0, interpolation_duration: 1 }
$data merge entity $(bone_right_head_scales) { transformation: [-0.9476183055428851f,-0.045424698598445466f,0.3161584156040635f,-1.0062027589338614f,0.03511053593610497f,0.9690228139476906f,0.24446275036327797f,5.138689011050587f,-0.31746936429569217f,0.24275786868017124f,-0.9166688714729819f,3.3403223942466505f,0f,0f,0f,1f], start_interpolation: 0, interpolation_duration: 1 }
$data merge entity $(bone_right_head_scales2) { transformation: [-0.8982443454471277f,-0.045424698598445466f,0.4371426456312644f,-0.938922611222047f,0.06671895237849149f,0.9690228139476906f,0.2377884930824355f,4.22882310132223f,-0.4344026671945944f,0.24275786868017124f,-0.8673885749351806f,3.28388551958232f,0f,0f,0f,1f], start_interpolation: 0, interpolation_duration: 1 }
$data merge entity $(bone_right_head_scales1) { transformation: [-0.9865334127022909f,-0.045424698598445466f,-0.15712549881929294f,-1.0011013523529813f,-0.08173691023384752f,0.9690228139476906f,0.2330533491592061f,5.0298632067498215f,0.14167181486589062f,0.24275786868017124f,-0.9596862581419335f,3.3130595476663576f,0f,0f,0f,1f], start_interpolation: 0, interpolation_duration: 1 }
$data merge entity $(bone_head_left_fin1) { transformation: [-0.373966246669529f,0.05091127842266855f,-0.9778714057106118f,0.33430243439747953f,0.017161550334496983f,1.0469393682819395f,0.047944117018702305f,4.751549700704423f,0.979045415477339f,0.0010949410742227624f,-0.37435821556635107f,2.939066449376752f,0f,0f,0f,1f], start_interpolation: 0, interpolation_duration: 1 }
$data merge entity $(bone_head_right_fin1) { transformation: [-0.624860568645174f,-0.21672368240827547f,0.8131760653517787f,-0.9952054850645923f,-0.09991700158566987f,1.0247651018179615f,0.19633715113377104f,4.6413964427720895f,-0.835608198004144f,0.039528845222103384f,-0.6315628296922233f,3.1299913561296124f,0f,0f,0f,1f], start_interpolation: 0, interpolation_duration: 1 }
$data merge entity $(bone_right_whisker16) { transformation: [-0.21683817048682083f,-0.18459817834301845f,0.9585951806536311f,-1.518676480430509f,0.9760915029422931f,-0.056140068837598735f,0.20998492935152532f,3.1599236484580655f,0.015052763991506462f,0.9812093585078315f,0.19235802315699513f,1.4435179589477398f,0f,0f,0f,1f], start_interpolation: 0, interpolation_duration: 1 }
$data merge entity $(bone_right_whisker15) { transformation: [0.24626276564310398f,-0.2572271759187814f,0.9344457342332181f,-1.6016458692458126f,0.33164159253655845f,0.9283018437385258f,0.16813548409383627f,3.048188932222604f,-0.9106967137074921f,0.2684955621244083f,0.31391340965602793f,1.7503444884683304f,0f,0f,0f,1f], start_interpolation: 0, interpolation_duration: 1 }
$data merge entity $(bone_right_whisker14) { transformation: [0.5645324579270421f,-0.3597429270242526f,0.7428917353173852f,-1.7918447930591226f,-0.24843602655366637f,0.7842362695001409f,0.5685534401538064f,3.1318905232001577f,-0.7871357218784313f,-0.505527941914713f,0.35335372544575777f,2.0155415822652625f,0f,0f,0f,1f], start_interpolation: 0, interpolation_duration: 1 }
$data merge entity $(bone_right_whisker13) { transformation: [0.020076055010551874f,-0.45322242885377567f,0.8911713538927841f,-1.7986086983117011f,0.09929590505720097f,0.8878479681564452f,0.4492953468258298f,3.0984363364377216f,-0.9948554041940392f,0.07946958804697496f,0.06282761591497371f,2.350722358092356f,0f,0f,0f,1f], start_interpolation: 0, interpolation_duration: 1 }
$data merge entity $(bone_right_whisker12) { transformation: [-0.539571149182853f,-0.41902334724041806f,0.73026187729946f,-1.5562232211397165f,-0.4733685104009804f,0.8682654012427333f,0.1484501477451321f,3.311082346969412f,-0.6962651997121874f,-0.2655835602446637f,-0.6668434180506826f,2.663497740775565f,0f,0f,0f,1f], start_interpolation: 0, interpolation_duration: 1 }
$data merge entity $(bone_right_whisker11) { transformation: [-0.9246664467935971f,-0.2923061933739222f,0.24402674338963565f,-1.1408457157441552f,-0.3097759373569238f,0.9501397640678079f,-0.03568329261445641f,3.450239506328968f,-0.22142906495928433f,-0.10858875656538755f,-0.9691117846455282f,2.7629678285502433f,0f,0f,0f,1f], start_interpolation: 0, interpolation_duration: 1 }
$data merge entity $(bone_right_whisker10) { transformation: [-0.5210889057479414f,-0.6557002961982136f,0.5463730171521908f,-0.9067628088651973f,-0.6216830970838862f,0.7302021116334851f,0.28339901722868743f,3.7295112100971197f,-0.5847875504032214f,-0.1919947856885026f,-0.7881380102252564f,3.0256653609579405f,0f,0f,0f,1f], start_interpolation: 0, interpolation_duration: 1 }
$data merge entity $(bone_right_whisker1) { transformation: [0.03418818926085379f,-0.7214274316415518f,0.691645594643773f,-0.9221207845097215f,-0.7693772357068634f,0.4227042398656953f,0.4789361071955524f,4.075129890199812f,-0.6378791710748435f,-0.5485103339725143f,-0.5405983505655858f,3.3122126448392177f,0f,0f,0f,1f], start_interpolation: 0, interpolation_duration: 1 }
$data merge entity $(bone_left_whisker16) { transformation: [-0.05202759939015992f,0.45805079300076973f,-0.8874021635837178f,0.5972700075675126f,-0.9983677452007204f,-0.0028948967975381025f,0.05703915247758726f,3.335235427990576f,0.023557891342963884f,0.8889213073179756f,0.45745375192643806f,1.1396559961859682f,0f,0f,0f,1f], start_interpolation: 0, interpolation_duration: 1 }
$data merge entity $(bone_left_whisker15) { transformation: [0.5411366321849256f,0.1688071457606125f,-0.8238175118603102f,0.779586548684504f,-0.266403463680727f,0.9635999174370751f,0.022458709984625735f,3.245480354777831f,0.7976216771417819f,0.20731460791612674f,0.5664100224202554f,1.4083859557698695f,0f,0f,0f,1f], start_interpolation: 0, interpolation_duration: 1 }
$data merge entity $(bone_left_whisker14) { transformation: [0.714288480424025f,0.0727105192355867f,-0.6960640395294306f,1.0202403824211137f,0.35438973364286497f,0.8200661846982849f,0.4493321370689366f,3.3648792396477414f,0.6034897541980948f,-0.5676307189598621f,0.5599959673703315f,1.6117101405338758f,0f,0f,0f,1f], start_interpolation: 0, interpolation_duration: 1 }
$data merge entity $(bone_left_whisker13) { transformation: [0.3131054999392077f,0.3080019855308084f,-0.8983872899907359f,1.1257300283967258f,-0.07169092939408017f,0.95091743019923f,0.30102566599196384f,3.340725557381181f,0.9470086359429001f,-0.029846571869681884f,0.3198184259813619f,1.9307706672919818f,0f,0f,0f,1f], start_interpolation: 0, interpolation_duration: 1 }
$data merge entity $(bone_left_whisker12) { transformation: [-0.3924178022155159f,0.18233880499724478f,-0.9015324889855723f,0.9494485938077244f,0.3961507534770448f,0.9180898507977092f,0.013251655813883434f,3.5186839036696975f,0.8301041193873897f,-0.3519425891454695f,-0.43250845647417074f,2.3036690021730357f,0f,0f,0f,1f], start_interpolation: 0, interpolation_duration: 1 }
$data merge entity $(bone_left_whisker11) { transformation: [-0.8632561058768815f,0.09308184458349f,-0.4961095301193249f,0.5616577649958439f,0.1616418110201412f,0.9820701853370061f,-0.09700554624487914f,3.5912964359639017f,0.47818492301243787f,-0.16393267301265313f,-0.862824001823382f,2.5184786355575293f,0f,0f,0f,1f], start_interpolation: 0, interpolation_duration: 1 }
$data merge entity $(bone_left_whisker10) { transformation: [-0.4300045932342678f,0.4491885890378167f,-0.783151110115824f,0.3684916391288877f,0.5428824777137197f,0.8217450867300282f,0.1732444164366368f,3.8351694239993614f,0.7213699918826986f,-0.3506631202639846f,-0.5972107759391838f,2.842531561598585f,0f,0f,0f,1f], start_interpolation: 0, interpolation_duration: 1 }
$data merge entity $(bone_left_whisker1) { transformation: [0.08658475592005588f,0.4613339350075529f,-0.8829915517448124f,0.4073871349523503f,0.7793835945912416f,0.5206991566207699f,0.348473242554509f,4.185283148132146f,0.620535488529302f,-0.718361600243823f,-0.3144714911893206f,3.1212877380863575f,0f,0f,0f,1f], start_interpolation: 0, interpolation_duration: 1 }
$data merge entity $(bone_upper_left_tooth1) { transformation: [-0.9865334127022909f,-0.05894623346037868f,-0.15256856551336442f,0.17219698273526957f,-0.08173691023384752f,0.9856473273304334f,0.14771060771588873f,4.33650954538135f,0.14167181486589062f,0.15819193306615775f,-0.9771921045451593f,4.147098191942895f,0f,0f,0f,1f], start_interpolation: 0, interpolation_duration: 1 }
$data merge entity $(bone_upper_right_tooth1) { transformation: [-0.9865334127022909f,-0.05894623346037868f,-0.15256856551336442f,-0.4925569769957662f,-0.08173691023384752f,0.9856473273304334f,0.14771060771588873f,4.281432916415183f,0.14167181486589062f,0.15819193306615775f,-0.9771921045451593f,4.242560645319325f,0f,0f,0f,1f], start_interpolation: 0, interpolation_duration: 1 }
$data merge entity $(bone_top_lip1) { transformation: [-0.9865334127022909f,-0.10757286324971382f,-0.12320675596017293f,-0.13976349310022018f,-0.08173691023384752f,0.976725523411471f,-0.19830867207969438f,4.433028216401886f,0.14167181486589062f,-0.18556759148312038f,-0.97236503735159f,4.2103940306626f,0f,0f,0f,1f], start_interpolation: 0, interpolation_duration: 1 }
$data merge entity $(bone_muzzle1) { transformation: [-0.9865334127022909f,-0.05894623346037868f,-0.15256856551336442f,-0.23536422595383333f,-0.08173691023384752f,0.9856473273304334f,0.14771060771588873f,4.6820104072233075f,0.14167181486589062f,0.15819193306615775f,-0.9771921045451593f,3.688326304432567f,0f,0f,0f,1f], start_interpolation: 0, interpolation_duration: 1 }
$data merge entity $(bone_jaw_right_tooth1) { transformation: [-0.9865334127022909f,-0.14322461812475676f,-0.07898439330012505f,-0.49279578517856465f,-0.08173691023384752f,0.8499962064355929f,-0.5204089992981713f,4.31501482470553f,0.14167181486589062f,-0.5069449258135623f,-0.850256396073847f,4.260272631110057f,0f,0f,0f,1f], start_interpolation: 0, interpolation_duration: 1 }
$data merge entity $(bone_jaw_left_tooth1) { transformation: [-0.9865334127022909f,-0.14322461812475676f,-0.07898439330012505f,0.22735433786339082f,-0.08173691023384752f,0.8499962064355929f,-0.5204089992981713f,4.374681172752211f,0.14167181486589062f,-0.5069449258135623f,-0.850256396073847f,4.156854973285592f,0f,0f,0f,1f], start_interpolation: 0, interpolation_duration: 1 }
$data merge entity $(bone_tongue1) { transformation: [-0.9865334127022909f,-0.09642533970067499f,-0.13211350985262893f,-0.23808494551574594f,-0.08173691023384752f,0.9902925275217999f,-0.11242680925788426f,4.246406088178926f,0.14167181486589062f,-0.10011425372090751f,-0.9848381760850413f,3.418060606813944f,0f,0f,0f,1f], start_interpolation: 0, interpolation_duration: 1 }
$data merge entity $(bone_jaw_lips1) { transformation: [-0.9865334127022909f,-0.09642533970067499f,-0.13211350985262893f,-0.05153971506097105f,-0.08173691023384752f,0.9902925275217999f,-0.11242680925788426f,4.224107957825988f,0.14167181486589062f,-0.10011425372090751f,-0.9848381760850413f,4.307850710188937f,0f,0f,0f,1f], start_interpolation: 0, interpolation_duration: 1 }
$data merge entity $(bone_jaw3) { transformation: [-0.9865334127022909f,-0.12733321839077846f,-0.10265513682333467f,-0.13304380581550113f,-0.08173691023384752f,0.9274509284983355f,-0.3649025249748193f,3.8181476972188046f,0.14167181486589062f,-0.35159781956351954f,-0.9253691534467656f,3.5060790501833976f,0f,0f,0f,1f], start_interpolation: 0, interpolation_duration: 1 }
$data merge entity $(bone_jaw1) { transformation: [-0.9865334127022909f,-0.01745003882301424f,-0.16262632556583986f,-0.2791533951910604f,-0.08173691023384752f,0.9138318906407211f,0.3977817908771447f,4.17552977495999f,0.14167181486589062f,0.4057176010392941f,-0.9029520059668317f,2.694833107322572f,0f,0f,0f,1f], start_interpolation: 0, interpolation_duration: 1 }
$data merge entity $(bone_tear_right1) { transformation: [-0.9865334127022909f,-0.045424698598445466f,-0.15712549881929294f,-0.8467810510281151f,-0.08173691023384752f,0.9690228139476906f,0.2330533491592061f,4.7025581334330315f,0.14167181486589062f,0.24275786868017124f,-0.9596862581419335f,3.723207576570296f,0f,0f,0f,1f], start_interpolation: 0, interpolation_duration: 1 }
$data merge entity $(bone_right_pupil1) { transformation: [-0.9865334127022909f,-0.045424698598445466f,-0.15712549881929294f,-0.658487915192496f,-0.08173691023384752f,0.9690228139476906f,0.2330533491592061f,4.8108261911964f,0.14167181486589062f,0.24275786868017124f,-0.9596862581419335f,3.7888846585765834f,0f,0f,0f,1f], start_interpolation: 0, interpolation_duration: 1 }
$data merge entity $(bone_right_sad_pupil1) { transformation: [-0.9865334127022909f,-0.045424698598445466f,-0.15712549881929294f,-0.6602525081968142f,-0.08173691023384752f,0.9690228139476906f,0.2330533491592061f,4.813443489551215f,0.14167181486589062f,0.24275786868017124f,-0.9596862581419335f,3.778106932044716f,0f,0f,0f,1f], start_interpolation: 0, interpolation_duration: 1 }
$data merge entity $(bone_right_happy_pupil1) { transformation: [-0.9865334127022909f,-0.045424698598445466f,-0.15712549881929294f,-0.6866748999961099f,-0.08173691023384752f,0.9690228139476906f,0.2330533491592061f,4.783942556552542f,0.14167181486589062f,0.24275786868017124f,-0.9596862581419335f,3.775268858951461f,0f,0f,0f,1f], start_interpolation: 0, interpolation_duration: 1 }
$data merge entity $(bone_eyelid_right1) { transformation: [-0.9865334127022909f,-0.045424698598445466f,-0.15712549881929294f,-0.3193806430927593f,-0.08173691023384752f,0.9690228139476906f,0.2330533491592061f,4.925236371435757f,0.14167181486589062f,0.24275786868017124f,-0.9596862581419335f,3.1643340569980136f,0f,0f,0f,1f], start_interpolation: 0, interpolation_duration: 1 }
$data merge entity $(bone_eyelid_expressions_right5) { transformation: [-0.9865334127022909f,-0.045424698598445466f,-0.15712549881929294f,-0.7927647358573644f,-0.08173691023384752f,0.9690228139476906f,0.2330533491592061f,4.911712969341002f,0.14167181486589062f,0.24275786868017124f,-0.9596862581419335f,3.8236666979421825f,0f,0f,0f,1f], start_interpolation: 0, interpolation_duration: 1 }
$data merge entity $(bone_eyelid_expressions_right7) { transformation: [-0.9865334127022909f,-0.045424698598445466f,-0.15712549881929294f,-0.46038775599184645f,-0.08173691023384752f,0.9690228139476906f,0.2330533491592061f,4.939251283824086f,0.14167181486589062f,0.24275786868017124f,-0.9596862581419335f,3.775935471253968f,0f,0f,0f,1f], start_interpolation: 0, interpolation_duration: 1 }
$data merge entity $(bone_eyelid_expressions_right6) { transformation: [-0.9865334127022909f,-0.045424698598445466f,-0.15712549881929294f,-0.5711800826136858f,-0.08173691023384752f,0.9690228139476906f,0.2330533491592061f,4.930071845663058f,0.14167181486589062f,0.24275786868017124f,-0.9596862581419335f,3.7918458801500394f,0f,0f,0f,1f], start_interpolation: 0, interpolation_duration: 1 }
$data merge entity $(bone_right_eye1) { transformation: [-0.9865334127022909f,-0.045424698598445466f,-0.15712549881929294f,-0.32869528275062504f,-0.08173691023384752f,0.9690228139476906f,0.2330533491592061f,4.9217011292648385f,0.14167181486589062f,0.24275786868017124f,-0.9596862581419335f,3.1767028244194884f,0f,0f,0f,1f], start_interpolation: 0, interpolation_duration: 1 }
$data merge entity $(bone_tear_left1) { transformation: [-0.9865334127022909f,-0.045424698598445466f,-0.15712549881929294f,0.3497760764877495f,-0.08173691023384752f,0.9690228139476906f,0.2330533491592061f,4.801696065572132f,0.14167181486589062f,0.24275786868017124f,-0.9596862581419335f,3.5513751604927215f,0f,0f,0f,1f], start_interpolation: 0, interpolation_duration: 1 }
$data merge entity $(bone_left_sad_pupil1) { transformation: [-0.9865334127022909f,-0.045424698598445466f,-0.15712549881929294f,0.17068994146698052f,-0.08173691023384752f,0.9690228139476906f,0.2330533491592061f,4.882289275758923f,0.14167181486589062f,0.24275786868017124f,-0.9596862581419335f,3.658778865324178f,0f,0f,0f,1f], start_interpolation: 0, interpolation_duration: 1 }
$data merge entity $(bone_left_pupil1) { transformation: [-0.9865334127022909f,-0.045424698598445466f,-0.15712549881929294f,0.17245453447129871f,-0.08173691023384752f,0.9690228139476906f,0.2330533491592061f,4.879671977404108f,0.14167181486589062f,0.24275786868017124f,-0.9596862581419335f,3.6695565918560455f,0f,0f,0f,1f], start_interpolation: 0, interpolation_duration: 1 }
$data merge entity $(bone_eyelid_left1) { transformation: [-0.9865334127022909f,-0.045424698598445466f,-0.15712549881929294f,-0.3415391084171272f,-0.08173691023384752f,0.9690228139476906f,0.2330533491592061f,4.923400483803551f,0.14167181486589062f,0.24275786868017124f,-0.9596862581419335f,3.167516138777228f,0f,0f,0f,1f], start_interpolation: 0, interpolation_duration: 1 }
$data merge entity $(bone_left_happy_pupil1) { transformation: [-0.9865334127022909f,-0.045424698598445466f,-0.15712549881929294f,0.19966371297860447f,-0.08173691023384752f,0.9690228139476906f,0.2330533491592061f,4.857378061840765f,0.14167181486589062f,0.24275786868017124f,-0.9596862581419335f,3.6479855877828875f,0f,0f,0f,1f], start_interpolation: 0, interpolation_duration: 1 }
$data merge entity $(bone_eyelid_expressions_left5) { transformation: [-0.9865334127022909f,-0.045424698598445466f,-0.15712549881929294f,0.2930000650366608f,-0.08173691023384752f,0.9690228139476906f,0.2330533491592061f,5.001671463319074f,0.14167181486589062f,0.24275786868017124f,-0.9596862581419335f,3.66774469076068f,0f,0f,0f,1f], start_interpolation: 0, interpolation_duration: 1 }
$data merge entity $(bone_eyelid_expressions_left7) { transformation: [-0.9865334127022909f,-0.045424698598445466f,-0.15712549881929294f,-0.03937691482885712f,-0.08173691023384752f,0.9690228139476906f,0.2330533491592061f,4.97413314883599f,0.14167181486589062f,0.24275786868017124f,-0.9596862581419335f,3.715475917448895f,0f,0f,0f,1f], start_interpolation: 0, interpolation_duration: 1 }
$data merge entity $(bone_eyelid_expressions_left6) { transformation: [-0.9865334127022909f,-0.045424698598445466f,-0.15712549881929294f,0.07141541179298222f,-0.08173691023384752f,0.9690228139476906f,0.2330533491592061f,4.983312586997018f,0.14167181486589062f,0.24275786868017124f,-0.9596862581419335f,3.6995655085528236f,0f,0f,0f,1f], start_interpolation: 0, interpolation_duration: 1 }
$data merge entity $(bone_left_eye1) { transformation: [-0.9865334127022909f,-0.045424698598445466f,-0.15712549881929294f,-0.32869528275062504f,-0.08173691023384752f,0.9690228139476906f,0.2330533491592061f,4.9217011292648385f,0.14167181486589062f,0.24275786868017124f,-0.9596862581419335f,3.1767028244194884f,0f,0f,0f,1f], start_interpolation: 0, interpolation_duration: 1 }
$data merge entity $(bone_crest_middle5) { transformation: [-0.9865334127022909f,-0.07835613417056835f,-0.1435692928861013f,-0.31673058682460453f,-0.08173691023384752f,0.9964950809842529f,0.01779413048200837f,6.153370323283431f,0.14167181486589062f,0.02928941467545368f,-0.9894802812894123f,3.9706250788891424f,0f,0f,0f,1f], start_interpolation: 0, interpolation_duration: 1 }
$data merge entity $(bone_crest_middle4) { transformation: [-0.9865334127022909f,-0.07835613417056835f,-0.1435692928861013f,-0.26393201985420206f,-0.08173691023384752f,0.9964950809842529f,0.01779413048200837f,5.481903911292089f,0.14167181486589062f,0.02928941467545368f,-0.9894802812894123f,3.950889047516034f,0f,0f,0f,1f], start_interpolation: 0, interpolation_duration: 1 }
$data merge entity $(bone_crest_middle1) { transformation: [-0.9865334127022909f,-0.07835613417056835f,-0.1435692928861013f,-0.21224041460205836f,-0.08173691023384752f,0.9964950809842529f,0.01779413048200837f,4.976805322706479f,0.14167181486589062f,0.02928941467545368f,-0.9894802812894123f,4.019429834913893f,0f,0f,0f,1f], start_interpolation: 0, interpolation_duration: 1 }
$data merge entity $(bone_crest_left5) { transformation: [-0.49175321403943884f,-0.8696225397867161f,-0.043993349233525755f,-1.3617013255492614f,-0.8611827619371396f,0.47827441195548587f,0.1720983364560907f,5.418626682094198f,-0.12861969920739752f,0.12251622408291615f,-0.9840969199282474f,4.0662700560618f,0f,0f,0f,1f], start_interpolation: 0, interpolation_duration: 1 }
$data merge entity $(bone_crest_left4) { transformation: [-0.49175321403943884f,-0.8696225397867161f,-0.043993349233525755f,-0.873387887680744f,-0.8611827619371396f,0.47827441195548587f,0.1720983364560907f,5.150064390224662f,-0.12861969920739752f,0.12251622408291615f,-0.9840969199282474f,3.9974743247652404f,0f,0f,0f,1f], start_interpolation: 0, interpolation_duration: 1 }
$data merge entity $(bone_crest_left1) { transformation: [-0.49175321403943884f,-0.8696225397867161f,-0.043993349233525755f,-0.3387134356942505f,-0.8611827619371396f,0.47827441195548587f,0.1720983364560907f,4.864309594115658f,-0.12861969920739752f,0.12251622408291615f,-0.9840969199282474f,3.866539671807898f,0f,0f,0f,1f], start_interpolation: 0, interpolation_duration: 1 }
$data merge entity $(bone_crest_center1) { transformation: [-0.9865334127022909f,-0.045424698598445466f,-0.15712549881929294f,-0.22664577375169223f,-0.08173691023384752f,0.9690228139476906f,0.2330533491592061f,4.846282929444069f,0.14167181486589062f,0.24275786868017124f,-0.9596862581419335f,3.8438136385078625f,0f,0f,0f,1f], start_interpolation: 0, interpolation_duration: 1 }
$data merge entity $(bone_crest_right5) { transformation: [-0.5683748184925538f,0.7802088130690026f,-0.2611977674349733f,0.8175597072060012f,0.773348342224888f,0.6149673160710911f,0.15410237422679685f,5.599184239615255f,0.28086012048985104f,-0.11440895145825124f,-0.9529051288269206f,3.7533157641932062f,0f,0f,0f,1f], start_interpolation: 0, interpolation_duration: 1 }
$data merge entity $(bone_crest_right4) { transformation: [-0.5683748184925538f,0.7802088130690026f,-0.2611977674349733f,0.37945417252369995f,0.773348342224888f,0.6149673160710911f,0.15410237422679685f,5.253865678344867f,0.28086012048985104f,-0.11440895145825124f,-0.9529051288269206f,3.817559071896814f,0f,0f,0f,1f], start_interpolation: 0, interpolation_duration: 1 }
$data merge entity $(bone_crest_right1) { transformation: [-0.5683748184925538f,0.7802088130690026f,-0.2611977674349733f,-0.1171287824505719f,0.773348342224888f,0.6149673160710911f,0.15410237422679685f,4.882668470437714f,0.28086012048985104f,-0.11440895145825124f,-0.9529051288269206f,3.834718854015755f,0f,0f,0f,1f], start_interpolation: 0, interpolation_duration: 1 }
$data merge entity $(bone_head1) { transformation: [-1.0340617151371663f,-0.0476131280882143f,-0.16469534706970151f,-0.4231971946976877f,-0.08567475616959273f,1.0157075068071493f,0.2442811797827615f,5.0112396366292975f,0.14849714969666913f,0.2544532347493981f,-1.0059211429742918f,2.5702964418766343f,0f,0f,0f,1f], start_interpolation: 0, interpolation_duration: 1 }
$data merge entity $(bone_neck10) { transformation: [-1.4898718401177775f,-0.14988433775062296f,-0.003296514090930295f,-0.3805806596622886f,-0.14821855580012258f,1.4775486247624294f,-0.19255026061578331f,4.430782988511823f,0.02252646054355737f,-0.19125644680307496f,-1.4849605421746634f,1.569638989618109f,0f,0f,0f,1f], start_interpolation: 0, interpolation_duration: 1 }
$data merge entity $(bone_neck9) { transformation: [-1.1397519576901005f,-0.06780080492484983f,-0.09250229344001201f,-0.30627072511113085f,-0.11338719518709385f,0.804959778575401f,0.8070757382934899f,3.5419701590594643f,0.0172327423158214f,0.8121766767310672f,-0.8076262915884383f,0.6362355821618959f,0f,0f,0f,1f], start_interpolation: 0, interpolation_duration: 1 }
$data merge entity $(bone_neck8) { transformation: [-1.0578090064836223f,-0.046566648557692616f,-0.09571724213094938f,-0.26459559762177115f,-0.10523517461808705f,0.6011607435237882f,0.870529411258428f,2.9846713184418476f,0.015993786985925736f,0.8756297420056888f,-0.6027494430439722f,-0.2743127210679659f,0f,0f,0f,1f], start_interpolation: 0, interpolation_duration: 1 }
$data merge entity $(bone_neck7) { transformation: [-1.0507146698120038f,0.010638754680703374f,-0.10154857160344233f,-0.2753475305437586f,-0.08767830016803314f,0.4440268298402331f,0.953718670738746f,2.5359207989224632f,0.052324097464742904f,0.9576813687938597f,-0.44106144418167376f,-1.2421821895298453f,0f,0f,0f,1f], start_interpolation: 0, interpolation_duration: 1 }
$data merge entity $(bone_neck6) { transformation: [-1.0236985854589116f,0.17099620056360118f,-0.1569012993446799f,-0.4347009425134193f,-0.13668633409746533f,0.12926024913217332f,1.032678626814314f,2.432599139307851f,0.18754883207909415f,1.0275546698842424f,-0.10379474070812357f,-2.187282829944542f,0f,0f,0f,1f], start_interpolation: 0, interpolation_duration: 1 }
$data merge entity $(bone_neck_spine6) { transformation: [-1.2490618146164654f,-0.24459004857384434f,0.00237905913696964f,-0.6699919783191813f,0.06774733972007514f,-0.33404128646839254f,1.2263001612215922f,3.6520865734899015f,-0.2350324440254695f,1.2035686501358764f,0.3408337177895241f,-5.5657822193067235f,0f,0f,0f,1f], start_interpolation: 0, interpolation_duration: 1 }
$data merge entity $(bone_neck_spine7) { transformation: [-0.9481845456074693f,-0.31491497336932806f,0.04212632216266317f,0.2529257787202452f,0.10921831576397956f,-0.1985574811778213f,0.973984746374397f,4.9777237839569555f,-0.29835788404672103f,0.9281182501255508f,0.2226636180678127f,-8.687102984670311f,0f,0f,0f,1f], start_interpolation: 0, interpolation_duration: 1 }
$data merge entity $(bone_tail6) { transformation: [-1.7137921425448905f,0.167938658136562f,0.003877728950257425f,0.5657320102484521f,0.06931060360723655f,0.6707193916815911f,1.5844978622191332f,4.627372781317439f,0.1530178744660938f,1.5770967130308449f,-0.6742799310140494f,-12.597435124289937f,0f,0f,0f,1f], start_interpolation: 0, interpolation_duration: 1 }
$data merge entity $(bone_tail5) { transformation: [-1.415741335145779f,0.13606803078067112f,0.02724522304831317f,0.6516697138994023f,0.05725658558858671f,0.3183611010396133f,1.3852610699689127f,4.828442950395089f,0.12640607021112096f,1.379750716457198f,-0.3223194146641893f,-11.726013619159076f,0f,0f,0f,1f], start_interpolation: 0, interpolation_duration: 1 }
$data merge entity $(bone_tail4) { transformation: [-1.0408715127943569f,0.11528705128003613f,0.044391301912817115f,0.701078450162275f,0.06457553925659106f,0.1866504525972243f,1.0294011882158214f,4.908436001508185f,0.10531710026430197f,1.0249613175030456f,-0.19245208245044607f,-11.286744483086341f,0f,0f,0f,1f], start_interpolation: 0, interpolation_duration: 1 }
$data merge entity $(bone_segment18) { transformation: [-0.9988910358510927f,-0.02056927300134922f,0.042350956359060304f,0.6895283212796814f,0.037837417306053216f,0.18458945003360994f,0.9820870963350943f,5.0120873040172915f,-0.028018357338335215f,0.9826004477632225f,-0.18360645878502185f,-10.734991301969297f,0f,0f,0f,1f], start_interpolation: 0, interpolation_duration: 1 }
$data merge entity $(bone_segment17) { transformation: [-0.9902266010141182f,-0.13469445110883624f,0.03617573060099726f,0.5912040027212291f,0.04355601272184481f,-0.05225451635082748f,0.9976834865210085f,4.97394252767721f,-0.13249208429110426f,0.9895083983278921f,0.05761056533977507f,-10.01266949752584f,0f,0f,0f,1f], start_interpolation: 0, interpolation_duration: 1 }
$data merge entity $(bone_segment16) { transformation: [-0.9701498224729246f,-0.24249030671058347f,0.002788029261012903f,0.35972521872748336f,0.07374121479132839f,-0.2840308975546446f,0.9559752520203657f,4.702809517560349f,-0.23102284561673164f,0.927644813700648f,0.2934340546314243f,-9.12714917975984f,0f,0f,0f,1f], start_interpolation: 0, interpolation_duration: 1 }
$data merge entity $(bone_segment15) { transformation: [-0.9481845456074693f,-0.31508760033838973f,-0.040815090152445305f,-0.011825833429358057f,0.10921831576397956f,-0.4438776010736054f,0.8894065632582326f,4.179389397153729f,-0.29835788404672103f,0.8388638026391032f,0.4552912185063831f,-8.137961639050156f,0f,0f,0f,1f], start_interpolation: 0, interpolation_duration: 1 }
$data merge entity $(bone_segment14) { transformation: [-0.99680950497437f,-0.3177730088275765f,-0.06376773226791645f,-0.36932046836038157f,0.10969086510242898f,-0.5248227391375124f,0.9006687541057761f,3.5889638156240276f,-0.30498184032988646f,0.8498568146282287f,0.5323576520762412f,-7.181872722593399f,0f,0f,0f,1f], start_interpolation: 0, interpolation_duration: 1 }
$data merge entity $(bone_segment13) { transformation: [-1.0065968741320928f,-0.19444917337501533f,-0.03233981732263058f,-0.6026258759824903f,0.054596385539119385f,-0.4367167027661066f,0.9264941273609625f,3.0376312283080193f,-0.18940849900876072f,0.9075029764811029f,0.4389263947456055f,-6.100908940056517f,0f,0f,0f,1f], start_interpolation: 0, interpolation_duration: 1 }
$data merge entity $(bone_segment12) { transformation: [-1.1129074003467005f,-0.076882423484225f,0.00030398094902999394f,-0.695503971466789f,0.021482829729400663f,-0.3067336620927927f,1.0723464131322666f,2.667080495578471f,-0.07382064394221073f,1.069802521351494f,0.3074848923599672f,-4.808530055202363f,0f,0f,0f,1f], start_interpolation: 0, interpolation_duration: 1 }
$data merge entity $(bone_segment11) { transformation: [-1.1876008179114013f,0.0808978966820513f,0.013515490739825185f,-0.6020134532376948f,0.0038588667894984587f,-0.14083640410853876f,1.1820630513243462f,2.504321401143934f,0.08192830600359723f,1.1792978752086107f,0.14023949188864182f,-3.4456618717062604f,0f,0f,0f,1f], start_interpolation: 0, interpolation_duration: 1 }
$data merge entity $(bone_segment10) { transformation: [-1.039033286297929f,0.13796757715275f,0.0070693454222754545f,-0.42776689991249983f,-7.273189573756925e-18f,-0.05363736844971152f,1.0468038167349998f,2.4522254283790876f,0.13814857216091478f,1.0376719994225359f,0.05316946162517224f,-2.135130998345651f,0f,0f,0f,1f], start_interpolation: 0, interpolation_duration: 1 }