# This file was generated by Animated Java via MC-Build. It is not recommended to edit this file directly.
$data merge entity $(bone_neck_spine5) { transformation: [-1.360788281004651f,-0.1083707106196696f,-0.07558242862230645f,-0.2264011184460863f,-0.13182868986143734f,1.1659566399604986f,0.701689368893168f,3.596983599839753f,0.008838040850504103f,0.7056929665003493f,-1.1709487547378463f,0.1707245034071025f,0f,0f,0f,1f], start_interpolation: 0, interpolation_duration: 1 }
$data merge entity $(bone_neck_spine2) { transformation: [-1.2959888390520482f,-0.12388048778909945f,0.022080777660754555f,-0.4383166411961f,-0.12555113320136888f,1.2577382454442076f,-0.31265384348065f,4.881187487218234f,0.008417181762384858f,-0.31331954557050135f,-1.2637962732810688f,1.804249467588344f,0f,0f,0f,1f], start_interpolation: 0, interpolation_duration: 1 }
$data merge entity $(bone_scale_neck_left1) { transformation: [-1.4127997037447575f,0.2284652508966843f,0.05709680056026619f,0.31717729848959125f,0.23323397260216677f,1.4054764479333566f,0.14729998890571572f,4.182631169017544f,-0.03253197697213371f,0.15459302002395625f,-1.4235526288258313f,1.9600198715340273f,0f,0f,0f,1f], start_interpolation: 0, interpolation_duration: 1 }
$data merge entity $(bone_scale_neck_right1) { transformation: [-1.3412242947453146f,-0.4919811663346566f,-0.10262232486015066f,-1.0436109825150595f,-0.5000347531761011f,1.3356819702583616f,0.13182692572321744f,4.050802479156107f,0.05041879811961882f,0.15927217177369724f,-1.4225152858572174f,1.9688579123845313f,0f,0f,0f,1f], start_interpolation: 0, interpolation_duration: 1 }
$data merge entity $(bone_blush_right1) { transformation: [-0.9860322952236762f,-0.03787241411655853f,-0.16219122363714125f,-0.7963101588096463f,-0.0797041197719799f,0.9623561774152929f,0.2598419540451451f,3.747664028452447f,0.14624488390129464f,0.26913986705727805f,-0.9519328578702848f,3.135421217345405f,0f,0f,0f,1f], start_interpolation: 0, interpolation_duration: 1 }
$data merge entity $(bone_blush_left1) { transformation: [-0.9860322952236762f,-0.03787241411655853f,-0.16219122363714125f,0.33993799388951185f,-0.0797041197719799f,0.9623561774152929f,0.2598419540451451f,3.8395105727209398f,0.14624488390129464f,0.26913986705727805f,-0.9519328578702848f,2.9668968394122723f,0f,0f,0f,1f], start_interpolation: 0, interpolation_duration: 1 }
$data merge entity $(bone_left_head_scales) { transformation: [-0.7997297551336441f,-0.03787241411655853f,-0.5991644173370659f,0.27009065551399847f,-0.19068007962730782f,0.9623561774152929f,0.19367936137841057f,4.539972721581742f,0.5692744733318063f,0.26913986705727805f,-0.7768463850551057f,2.810941726613071f,0f,0f,0f,1f], start_interpolation: 0, interpolation_duration: 1 }
$data merge entity $(bone_left_head_scales2) { transformation: [-0.714681306306234f,-0.03787241411655853f,-0.698424162429536f,0.32343695906753167f,-0.2143290146651786f,0.9623561774152929f,0.1671336628668177f,3.750069171738962f,0.6658030518772566f,0.26913986705727805f,-0.695895127207629f,2.740119495201665f,0f,0f,0f,1f], start_interpolation: 0, interpolation_duration: 1 }
$data merge entity $(bone_left_head_scales1) { transformation: [-0.9860322952236762f,-0.03787241411655853f,-0.16219122363714125f,0.2737891334550686f,-0.0797041197719799f,0.9623561774152929f,0.2598419540451451f,4.445992626131029f,0.14624488390129464f,0.26913986705727805f,-0.9519328578702848f,2.784658536470759f,0f,0f,0f,1f], start_interpolation: 0, interpolation_duration: 1 }
$data merge entity $(bone_right_head_scales) { transformation: [-0.9495129003203305f,-0.03787241411655853f,0.3114336725119141f,-0.885415940451247f,0.04928324425394649f,0.9623561774152929f,0.26728589492607213f,4.446569456223953f,-0.309832880697127f,0.26913986705727805f,-0.9119031297233884f,2.982322449934901f,0f,0f,0f,1f], start_interpolation: 0, interpolation_duration: 1 }
$data merge entity $(bone_right_head_scales2) { transformation: [-0.9007394344286481f,-0.03787241411655853f,0.4327056176133414f,-0.8320696368977138f,0.08374942936623461f,0.9623561774152929f,0.25856647282943607f,3.6566659063811735f,-0.42620946064815307f,0.26913986705727805f,-0.8636603658929831f,2.9115002185234946f,0f,0f,0f,1f], start_interpolation: 0, interpolation_duration: 1 }
$data merge entity $(bone_right_head_scales1) { transformation: [-0.9860322952236762f,-0.03787241411655853f,-0.16219122363714125f,-0.8817174625101769f,-0.0797041197719799f,0.9623561774152929f,0.2598419540451451f,4.352589360773241f,0.14624488390129464f,0.26913986705727805f,-0.9519328578702848f,2.9560392597925884f,0f,0f,0f,1f], start_interpolation: 0, interpolation_duration: 1 }
$data merge entity $(bone_head_left_fin1) { transformation: [-0.3503434780791802f,0.0546659029576985f,-0.935024644820233f,0.2757792245712237f,-0.006780037079015477f,0.9981211363469488f,0.06089522374277641f,4.112598880845094f,0.9365967533920831f,0.02767374624612856f,-0.34931459360312256f,2.616375310158768f,0f,0f,0f,1f], start_interpolation: 0, interpolation_duration: 1 }
$data merge entity $(bone_head_right_fin1) { transformation: [-0.6020904848251222f,-0.20053812485531156f,0.7728334287299982f,-0.8797273713940218f,-0.07020822286129971f,0.9774921848434023f,0.19894681201951903f,4.019195615487305f,-0.7953350573976403f,0.06552472090430655f,-0.6026181688471609f,2.7877560334805978f,0f,0f,0f,1f], start_interpolation: 0, interpolation_duration: 1 }
$data merge entity $(bone_right_whisker16) { transformation: [-0.21077630510790674f,-0.17829405445726162f,0.9611371282757991f,-1.352676926111839f,0.9765924421035669f,-0.0815582258777079f,0.19903632286060782f,2.7737956389105705f,0.04290164602028702f,0.9805913960140955f,0.1913111675566227f,1.2902010908457526f,0f,0f,0f,1f], start_interpolation: 0, interpolation_duration: 1 }
$data merge entity $(bone_right_whisker15) { transformation: [0.24211283961845056f,-0.24974023617559765f,0.9375559649038809f,-1.423608422093807f,0.35468306340889577f,0.9222070099942474f,0.15405893433472462f,2.6698845851774955f,-0.9030953977419949f,0.29523557568901937f,0.31185678992897026f,1.5547798206529777f,0f,0f,0f,1f], start_interpolation: 0, interpolation_duration: 1 }
$data merge entity $(bone_right_whisker14) { transformation: [0.5576687176087427f,-0.3583670212813781f,0.7487180239973743f,-1.5869879292057434f,-0.23039483118331863f,0.7997315326869501f,0.5543894816734815f,2.737383070875733f,-0.7974483200588178f,-0.48166643404340886f,0.363419348895014f,1.7884072581702095f,0f,0f,0f,1f], start_interpolation: 0, interpolation_duration: 1 }
$data merge entity $(bone_right_whisker13) { transformation: [0.013949539343114492f,-0.447252925633044f,0.8942987369245233f,-1.5910747083101715f,0.12603912011072038f,0.888038390924635f,0.44215603178708324f,2.7004575474057955f,-0.9919271901474576f,0.10654875295688643f,0.06875909168613348f,2.0790109271587225f,0f,0f,0f,1f], start_interpolation: 0, interpolation_duration: 1 }
$data merge entity $(bone_right_whisker12) { transformation: [-0.5471456447573408f,-0.4155092404887954f,0.7266248788002639f,-1.3773459408268351f,-0.4511710008692188f,0.8775910571538336f,0.1621069535161396f,2.8766962196203343f,-0.7050364326740436f,-0.2391359602235533f,-0.6676358447014495f,2.3544157836720205f,0f,0f,0f,1f], start_interpolation: 0, interpolation_duration: 1 }
$data merge entity $(bone_right_whisker11) { transformation: [-0.9280148977260818f,-0.28723596367051835f,0.2372421774742399f,-1.0148401214025844f,-0.2982036259185995f,0.9544399428322679f,-0.010908391968439124f,2.9931820109947873f,-0.22330012782676584f,-0.08086962780058912f,-0.9713892917939462f,2.441642396104351f,0f,0f,0f,1f], start_interpolation: 0, interpolation_duration: 1 }
$data merge entity $(bone_right_whisker10) { transformation: [-0.5288141669747677f,-0.6525202238588912f,0.5427457362908764f,-0.8082720874280658f,-0.6025522795937706f,0.7389900667704917f,0.30137092024761547f,3.228553995211104f,-0.5977343282455285f,-0.16766346850070496f,-0.7839659649290778f,2.6751323680752606f,0f,0f,0f,1f], start_interpolation: 0, interpolation_duration: 1 }
$data merge entity $(bone_right_whisker1) { transformation: [0.025180226169896444f,-0.7225315242742094f,0.6908792605369053f,-0.8181081132756816f,-0.7520369536137197f,0.4416384013419909f,0.48928104690401253f,3.522318430216463f,-0.6586397927618927f,-0.5318869418307602f,-0.5322498515739509f,2.932413537122875f,0f,0f,0f,1f], start_interpolation: 0, interpolation_duration: 1 }
$data merge entity $(bone_left_whisker16) { transformation: [-0.057952892266863676f,0.4640284782398392f,-0.8839225269560251f,0.48634192274200616f,-0.9983146759873242f,-0.029637257034879395f,0.04989429530289405f,2.922449368917178f,-0.0030446652080649075f,0.885324349816421f,0.4649640046669236f,1.0174442051476895f,0f,0f,0f,1f], start_interpolation: 0, interpolation_duration: 1 }
$data merge entity $(bone_left_whisker15) { transformation: [0.5448865924346523f,0.17607767798800938f,-0.8198141574157551f,0.6459766666193457f,-0.29106740163322203f,0.9566272234050585f,0.01200513002064868f,2.837175716094945f,0.7863703765347716f,0.23207974223244723f,0.5725038202089862f,1.2478261513981108f,0f,0f,0f,1f], start_interpolation: 0, interpolation_duration: 1 }
$data merge entity $(bone_left_whisker14) { transformation: [0.7205026334947205f,0.07386675681738543f,-0.6895068218404037f,0.8570614225260021f,0.33371347799737033f,0.8346703607415263f,0.43813320292179214f,2.934943336601987f,0.6078743864731196f,-0.5457738461459024f,0.5767318606883425f,1.4259143505601575f,0f,0f,0f,1f], start_interpolation: 0, interpolation_duration: 1 }
$data merge entity $(bone_left_whisker13) { transformation: [0.3190627733908339f,0.3135848187672445f,-0.8943508864393573f,0.950536844417848f,-0.0991206779985687f,0.9495393204585579f,0.2975738061325351f,2.9059040754695937f,0.9425359610270868f,-0.0062960576406228125f,0.33404538887542273f,1.7020479328923117f,0f,0f,0f,1f], start_interpolation: 0, interpolation_duration: 1 }
$data merge entity $(bone_left_whisker12) { transformation: [-0.38436989545453604f,0.1855474450697021f,-0.9043406045823528f,0.8003923540059199f,0.37587364342347124f,0.9261763766079356f,0.030270837334970706f,3.052729717431887f,0.8431955808991379f,-0.32828259935838966f,-0.42573671125551876f,2.0314212066810375f,0f,0f,0f,1f], start_interpolation: 0, interpolation_duration: 1 }
$data merge entity $(bone_left_whisker11) { transformation: [-0.8589994654902775f,0.0979563133735959f,-0.5025181379389922f,0.4648456877987803f,0.15375358353156482f,0.9855762570620176f,-0.07070556602436462f,3.1127897109989044f,0.4883438889129465f,-0.1380000079198459f,-0.8616706122269129f,2.2221805382876574f,0f,0f,0f,1f], start_interpolation: 0, interpolation_duration: 1 }
$data merge entity $(bone_left_whisker10) { transformation: [-0.42179621651434196f,0.4518074242966815f,-0.7861030486422154f,0.3000815407228655f,0.5257114253650393f,0.8282563753513217f,0.19395585562325557f,3.3181457365321227f,0.7387255572774272f,-0.3314535081128107f,-0.5868757304445857f,2.510745209099152f,0f,0f,0f,1f], start_interpolation: 0, interpolation_duration: 1 }
$data merge entity $(bone_left_whisker1) { transformation: [0.09553137143474803f,0.45962904934931026f,-0.8829580364128559f,0.33739848268956396f,0.7617944551478506f,0.5371961923050419f,0.3620627833386826f,3.6157216955742517f,0.6407362680368466f,-0.7072208905053738f,-0.298823772238757f,2.7610328138010454f,0f,0f,0f,1f], start_interpolation: 0, interpolation_duration: 1 }
$data merge entity $(bone_upper_left_tooth1) { transformation: [-0.9860322952236762f,-0.051864194710097164f,-0.15827323868235715f,0.13973074852878417f,-0.0797041197719799f,0.9813408401187614f,0.1749783095311456f,3.724262490384878f,0.14624488390129464f,0.18514929333399205f,-0.9717675509660839f,3.6576624968743823f,0f,0f,0f,1f], start_interpolation: 0, interpolation_duration: 1 }
$data merge entity $(bone_upper_right_tooth1) { transformation: [-0.9860322952236762f,-0.051864194710097164f,-0.15827323868235715f,-0.43802254945383856f,-0.0797041197719799f,0.9813408401187614f,0.1749783095311456f,3.6775608577059833f,0.14624488390129464f,0.18514929333399205f,-0.9717675509660839f,3.743352858535297f,0f,0f,0f,1f], start_interpolation: 0, interpolation_duration: 1 }
$data merge entity $(bone_top_lip1) { transformation: [-0.9860322952236762f,-0.10286903683083941f,-0.13098959514948f,-0.1306438872859494f,-0.0797041197719799f,0.9820048524401698f,-0.17121250852474076f,3.808275073374221f,0.14624488390129464f,-0.1583806523709761f,-0.9764875846047615f,3.716826284512304f,0f,0f,0f,1f], start_interpolation: 0, interpolation_duration: 1 }
$data merge entity $(bone_muzzle1) { transformation: [-0.9860322952236762f,-0.051864194710097164f,-0.15827323868235715f,-0.21552303625830596f,-0.0797041197719799f,0.9813408401187614f,0.1749783095311456f,4.0374648007017475f,0.14624488390129464f,0.18514929333399205f,-0.9717675509660839f,3.269451888532868f,0f,0f,0f,1f], start_interpolation: 0, interpolation_duration: 1 }
$data merge entity $(bone_jaw_right_tooth1) { transformation: [-0.9860322952236762f,-0.1414663549244901f,-0.08790667324104273f,-0.4379479574943048f,-0.0797041197719799f,0.864224586709203f,-0.49675257122503247f,3.706336109493904f,0.14624488390129464f,-0.4828075539505211f,-0.8634288041182154f,3.7595384243677077f,0f,0f,0f,1f], start_interpolation: 0, interpolation_duration: 1 }
$data merge entity $(bone_jaw_left_tooth1) { transformation: [-0.9860322952236762f,-0.1414663549244901f,-0.08790667324104273f,0.18795144865353655f,-0.0797041197719799f,0.864224586709203f,-0.49675257122503247f,3.75692954489604f,0.14624488390129464f,-0.4828075539505211f,-0.8634288041182154f,3.66670719923505f,0f,0f,0f,1f], start_interpolation: 0, interpolation_duration: 1 }
$data merge entity $(bone_tongue1) { transformation: [-0.9860322952236762f,-0.09106109363121878f,-0.13945676750382419f,-0.2217882364180767f,-0.0797041197719799f,0.9931901808494276f,-0.08497363094310731f,3.6651920814735117f,0.14624488390129464f,-0.07267146545218378f,-0.9865755379299292f,3.0243194904725135f,0f,0f,0f,1f], start_interpolation: 0, interpolation_duration: 1 }
$data merge entity $(bone_jaw_lips1) { transformation: [-0.9860322952236762f,-0.09106109363121878f,-0.13945676750382419f,-0.05446496943342505f,-0.0797041197719799f,0.9931901808494276f,-0.08497363094310731f,3.6239299308546236f,0.14624488390129464f,-0.07267146545218378f,-0.9865755379299292f,3.796102089516469f,0f,0f,0f,1f], start_interpolation: 0, interpolation_duration: 1 }
$data merge entity $(bone_jaw3) { transformation: [-0.9860322952236762f,-0.12405232950694524f,-0.11113654808311059f,-0.13220449487944272f,-0.0797041197719799f,0.9373552520795834f,-0.33913475889415196f,3.2903266584181283f,0.14624488390129464f,-0.3255397839630681f,-0.9341500323770139f,3.0901407243488426f,0f,0f,0f,1f], start_interpolation: 0, interpolation_duration: 1 }
$data merge entity $(bone_jaw1) { transformation: [-0.9860322952236762f,-0.009132836629116695f,-0.16630365020358132f,-0.2621292216009906f,-0.0797041197719799f,0.9026147428764187f,0.42300576737617945f,3.6207999141807683f,0.14624488390129464f,0.43035243375313037f,-0.8907352113257085f,2.3942538405006326f,0f,0f,0f,1f], start_interpolation: 0, interpolation_duration: 1 }
$data merge entity $(bone_tear_right1) { transformation: [-0.9860322952236762f,-0.03787241411655853f,-0.16219122363714125f,-0.7468536354231903f,-0.0797041197719799f,0.9623561774152929f,0.2598419540451451f,4.057648493510931f,0.14624488390129464f,0.26913986705727805f,-0.9519328578702848f,3.303937493208011f,0f,0f,0f,1f], start_interpolation: 0, interpolation_duration: 1 }
$data merge entity $(bone_right_pupil1) { transformation: [-0.9860322952236762f,-0.03787241411655853f,-0.16219122363714125f,-0.5821668725441427f,-0.0797041197719799f,0.9623561774152929f,0.2598419540451451f,4.149246398545969f,0.14624488390129464f,0.26913986705727805f,-0.9519328578702848f,3.3624331954859343f,0f,0f,0f,1f], start_interpolation: 0, interpolation_duration: 1 }
$data merge entity $(bone_right_sad_pupil1) { transformation: [-0.9860322952236762f,-0.03787241411655853f,-0.16219122363714125f,-0.5837507712124741f,-0.0797041197719799f,0.9623561774152929f,0.2598419540451451f,4.151783917628442f,0.14624488390129464f,0.26913986705727805f,-0.9519328578702848f,3.353136976170795f,0f,0f,0f,1f], start_interpolation: 0, interpolation_duration: 1 }
$data merge entity $(bone_right_happy_pupil1) { transformation: [-0.9860322952236762f,-0.03787241411655853f,-0.16219122363714125f,-0.6068989095098529f,-0.0797041197719799f,0.9623561774152929f,0.2598419540451451f,4.126343318047986f,0.14624488390129464f,0.26913986705727805f,-0.9519328578702848f,3.350136648775771f,0f,0f,0f,1f], start_interpolation: 0, interpolation_duration: 1 }
$data merge entity $(bone_eyelid_right1) { transformation: [-0.9860322952236762f,-0.03787241411655853f,-0.16219122363714125f,-0.2903711246512367f,-0.0797041197719799f,0.9623561774152929f,0.2598419540451451f,4.261636729903186f,0.14624488390129464f,0.26913986705727805f,-0.9519328578702848f,2.8201997209087173f,0f,0f,0f,1f], start_interpolation: 0, interpolation_duration: 1 }
$data merge entity $(bone_eyelid_expressions_right5) { transformation: [-0.9860322952236762f,-0.03787241411655853f,-0.16219122363714125f,-0.6981849897984548f,-0.0797041197719799f,0.9623561774152929f,0.2598419540451451f,4.236812891723236f,0.14624488390129464f,0.26913986705727805f,-0.9519328578702848f,3.3958441065965896f,0f,0f,0f,1f], start_interpolation: 0, interpolation_duration: 1 }
$data merge entity $(bone_eyelid_expressions_right7) { transformation: [-0.9860322952236762f,-0.03787241411655853f,-0.16219122363714125f,-0.40930834080714346f,-0.0797041197719799f,0.9623561774152929f,0.2598419540451451f,4.2601637080626835f,0.14624488390129464f,0.26913986705727805f,-0.9519328578702848f,3.352998925766132f,0f,0f,0f,1f], start_interpolation: 0, interpolation_duration: 1 }
$data merge entity $(bone_eyelid_expressions_right6) { transformation: [-0.9860322952236762f,-0.03787241411655853f,-0.16219122363714125f,-0.5056005571375806f,-0.0797041197719799f,0.9623561774152929f,0.2598419540451451f,4.252380102616201f,0.14624488390129464f,0.26913986705727805f,-0.9519328578702848f,3.367280652709618f,0f,0f,0f,1f], start_interpolation: 0, interpolation_duration: 1 }
$data merge entity $(bone_right_eye1) { transformation: [-0.9860322952236762f,-0.03787241411655853f,-0.16219122363714125f,-0.298416447615949f,-0.0797041197719799f,0.9623561774152929f,0.2598419540451451f,4.258320850276066f,0.14624488390129464f,0.26913986705727805f,-0.9519328578702848f,2.8309241129182054f,0f,0f,0f,1f], start_interpolation: 0, interpolation_duration: 1 }
$data merge entity $(bone_tear_left1) { transformation: [-0.9860322952236762f,-0.03787241411655853f,-0.16219122363714125f,0.2931023009455308f,-0.0797041197719799f,0.9623561774152929f,0.2598419540451451f,4.141711432332942f,0.14624488390129464f,0.26913986705727805f,-0.9519328578702848f,3.1496948422183637f,0f,0f,0f,1f], start_interpolation: 0, interpolation_duration: 1 }
$data merge entity $(bone_left_sad_pupil1) { transformation: [-0.9860322952236762f,-0.03787241411655853f,-0.16219122363714125f,0.13844085126580435f,-0.0797041197719799f,0.9623561774152929f,0.2598419540451451f,4.21016095847706f,0.14624488390129464f,0.26913986705727805f,-0.9519328578702848f,3.2460240240946514f,0f,0f,0f,1f], start_interpolation: 0, interpolation_duration: 1 }
$data merge entity $(bone_left_pupil1) { transformation: [-0.9860322952236762f,-0.03787241411655853f,-0.16219122363714125f,0.14002474993413583f,-0.0797041197719799f,0.9623561774152929f,0.2598419540451451f,4.207623439394587f,0.14624488390129464f,0.26913986705727805f,-0.9519328578702848f,3.255320243409791f,0f,0f,0f,1f], start_interpolation: 0, interpolation_duration: 1 }
$data merge entity $(bone_eyelid_left1) { transformation: [-0.9860322952236762f,-0.03787241411655853f,-0.16219122363714125f,-0.30962956791732416f,-0.0797041197719799f,0.9623561774152929f,0.2598419540451451f,4.2600800088138895f,0.14624488390129464f,0.26913986705727805f,-0.9519328578702848f,2.8230560662974145f,0f,0f,0f,1f], start_interpolation: 0, interpolation_duration: 1 }
$data merge entity $(bone_left_happy_pupil1) { transformation: [-0.9860322952236762f,-0.03787241411655853f,-0.16219122363714125f,0.163438821133644f,-0.0797041197719799f,0.9623561774152929f,0.2598419540451451f,4.1886121616198455f,0.14624488390129464f,0.26913986705727805f,-0.9519328578702848f,3.235882833227884f,0f,0f,0f,1f], start_interpolation: 0, interpolation_duration: 1 }
$data merge entity $(bone_eyelid_expressions_left5) { transformation: [-0.9860322952236762f,-0.03787241411655853f,-0.16219122363714125f,0.24547873023982902f,-0.0797041197719799f,0.9623561774152929f,0.2598419540451451f,4.313092225098765f,0.14624488390129464f,0.26913986705727805f,-0.9519328578702848f,3.255883182550429f,0f,0f,0f,1f], start_interpolation: 0, interpolation_duration: 1 }
$data merge entity $(bone_eyelid_expressions_left7) { transformation: [-0.9860322952236762f,-0.03787241411655853f,-0.16219122363714125f,-0.043397918751482314f,-0.0797041197719799f,0.9623561774152929f,0.2598419540451451f,4.289741408759317f,0.14624488390129464f,0.26913986705727805f,-0.9519328578702848f,3.2987283633808864f,0f,0f,0f,1f], start_interpolation: 0, interpolation_duration: 1 }
$data merge entity $(bone_eyelid_expressions_left6) { transformation: [-0.9860322952236762f,-0.03787241411655853f,-0.16219122363714125f,0.05289429757895481f,-0.0797041197719799f,0.9623561774152929f,0.2598419540451451f,4.2975250142057995f,0.14624488390129464f,0.26913986705727805f,-0.9519328578702848f,3.2844466364374005f,0f,0f,0f,1f], start_interpolation: 0, interpolation_duration: 1 }
$data merge entity $(bone_left_eye1) { transformation: [-0.9860322952236762f,-0.03787241411655853f,-0.16219122363714125f,-0.298416447615949f,-0.0797041197719799f,0.9623561774152929f,0.2598419540451451f,4.258320850276066f,0.14624488390129464f,0.26913986705727805f,-0.9519328578702848f,2.8309241129182054f,0f,0f,0f,1f], start_interpolation: 0, interpolation_duration: 1 }
$data merge entity $(bone_crest_middle5) { transformation: [-0.9860322952236762f,-0.07207929251016004f,-0.15014955333654526f,-0.276812090136501f,-0.0797041197719799f,0.9957845856562061f,0.04539066270580194f,5.310198855361247f,0.14624488390129464f,0.05672419731237083f,-0.9876207771062556f,3.5498662180387988f,0f,0f,0f,1f], start_interpolation: 0, interpolation_duration: 1 }
$data merge entity $(bone_crest_middle4) { transformation: [-0.9860322952236762f,-0.07207929251016004f,-0.15014955333654526f,-0.2345781296813291f,-0.0797041197719799f,0.9957845856562061f,0.04539066270580194f,4.726731324703314f,0.14624488390129464f,0.05672419731237083f,-0.9876207771062556f,3.5166293836760816f,0f,0f,0f,1f], start_interpolation: 0, interpolation_duration: 1 }
$data merge entity $(bone_crest_middle1) { transformation: [-0.9860322952236762f,-0.07207929251016004f,-0.15014955333654526f,-0.19190533067969825f,-0.0797041197719799f,0.9957845856562061f,0.04539066270580194f,4.285806151096635f,0.14624488390129464f,0.05672419731237083f,-0.9876207771062556f,3.5640375726712485f,0f,0f,0f,1f], start_interpolation: 0, interpolation_duration: 1 }
$data merge entity $(bone_crest_left5) { transformation: [-0.4978534959428123f,-0.8658416029767132f,-0.0496005557653942f,-1.1887771820778805f,-0.854467960194359f,0.47991946052516277f,0.1989015244047372f,4.674659122413204f,-0.14841294276043326f,0.14140590498261588f,-0.978763489540367f,3.622049664213902f,0f,0f,0f,1f], start_interpolation: 0, interpolation_duration: 1 }
$data merge entity $(bone_crest_left4) { transformation: [-0.4978534959428123f,-0.8658416029767132f,-0.0496005557653942f,-0.7660029618744073f,-0.854467960194359f,0.47991946052516277f,0.1989015244047372f,4.440323448328652f,-0.14841294276043326f,0.14140590498261588f,-0.978763489540367f,3.5530038121716094f,0f,0f,0f,1f], start_interpolation: 0, interpolation_duration: 1 }
$data merge entity $(bone_crest_left1) { transformation: [-0.4978534959428123f,-0.8658416029767132f,-0.0496005557653942f,-0.30337322178756887f,-0.854467960194359f,0.47991946052516277f,0.1989015244047372f,4.192266195331969f,-0.14841294276043326f,0.14140590498261588f,-0.978763489540367f,3.4292621889123738f,0f,0f,0f,1f], start_interpolation: 0, interpolation_duration: 1 }
$data merge entity $(bone_crest_center1) { transformation: [-0.9860322952236762f,-0.03787241411655853f,-0.16219122363714125f,-0.20615639780699363f,-0.0797041197719799f,0.9623561774152929f,0.2598419540451451f,4.176555077652079f,0.14624488390129464f,0.26913986705727805f,-0.9519328578702848f,3.408409748539518f,0f,0f,0f,1f], start_interpolation: 0, interpolation_duration: 1 }
$data merge entity $(bone_crest_right5) { transformation: [-0.5617360361391895f,0.7831517049460742f,-0.26669464325833087f,0.7052698264556242f,0.7688179755201328f,0.6132128229784246f,0.18135312032594328f,4.827760953208379f,0.3055675804462179f,-0.10316705275856508f,-0.9465648488114039f,3.341131193076258f,0f,0f,0f,1f], start_interpolation: 0, interpolation_duration: 1 }
$data merge entity $(bone_crest_right4) { transformation: [-0.5617360361391895f,0.7831517049460742f,-0.26669464325833087f,0.3228715330249239f,0.7688179755201328f,0.6132128229784246f,0.18135312032594328f,4.528340629488445f,0.3055675804462179f,-0.10316705275856508f,-0.9465648488114039f,3.391505730556026f,0f,0f,0f,1f], start_interpolation: 0, interpolation_duration: 1 }
$data merge entity $(bone_crest_right1) { transformation: [-0.5617360361391895f,0.7831517049460742f,-0.26669464325833087f,-0.11078878912669463f,0.7688179755201328f,0.6132128229784246f,0.18135312032594328f,4.207833406224934f,0.3055675804462179f,-0.10316705275856508f,-0.9465648488114039f,3.4006987350254017f,0f,0f,0f,1f], start_interpolation: 0, interpolation_duration: 1 }
$data merge entity $(bone_head1) { transformation: [-0.9860322952236762f,-0.03787241411655853f,-0.16219122363714125f,-0.3836816354036441f,-0.0797041197719799f,0.9623561774152929f,0.2598419540451451f,4.3508943520866765f,0.14624488390129464f,0.26913986705727805f,-0.9519328578702848f,2.3064904555143766f,0f,0f,0f,1f], start_interpolation: 0, interpolation_duration: 1 }
$data merge entity $(bone_neck10) { transformation: [-1.2959888390520482f,-0.1257027928722996f,0.005722225185418983f,-0.34189371209734315f,-0.12555113320136888f,1.287787636071465f,-0.14581126252030102f,3.8606675367195225f,0.008417181762384858f,-0.14568053813058135f,-1.293880728199322f,1.428304598111534f,0f,0f,0f,1f], start_interpolation: 0, interpolation_duration: 1 }
$data merge entity $(bone_neck9) { transformation: [-0.9953194283919731f,-0.06225619836217276f,-0.07391482416245054f,-0.2758439452321794f,-0.0964232702986513f,0.6909199056132023f,0.7164720768964811f,3.124200404069071f,0.006464395593511571f,0.7202456871047085f,-0.6936889517620107f,0.6127676898720564f,0f,0f,0f,1f], start_interpolation: 0, interpolation_duration: 1 }
$data merge entity $(bone_neck8) { transformation: [-0.9953194283919731f,-0.04836873020736425f,-0.08366421817959811f,-0.23505577844700742f,-0.0964232702986513f,0.5549576500569147f,0.8262714805608509f,2.649692402578811f,0.006464395593511571f,0.830471235252272f,-0.5570240021831881f,-0.18488746012678903f,0f,0f,0f,1f], start_interpolation: 0, interpolation_duration: 1 }
$data merge entity $(bone_neck7) { transformation: [-0.9958257822375615f,0.01242043895695593f,-0.09042535113045083f,-0.2465786466199646f,-0.07703398156648923f,0.4170132329837061f,0.9056300178331609f,2.2628148915099433f,0.04895689037267982f,0.9088155457586506f,-0.4143157330737557f,-1.0280268824614744f,0f,0f,0f,1f], start_interpolation: 0, interpolation_duration: 1 }
$data merge entity $(bone_neck6) { transformation: [-0.9741199980050749f,0.1712047984381491f,-0.14757759477083768f,-0.39133228898875017f,-0.12747950961083315f,0.12302696953311676f,0.984181558147113f,2.175830445111641f,0.1866526295447625f,0.9775240568698298f,-0.09801792756825334f,-1.842888975522204f,0f,0f,0f,1f], start_interpolation: 0, interpolation_duration: 1 }
$data merge entity $(bone_neck_spine6) { transformation: [-1.091557908831402f,-0.18277137743145794f,0.00613455595670429f,-0.6752356447916527f,0.04837281817590051f,-0.25276542082034936f,1.0764345730310758f,3.150448965307405f,-0.17636065220649308f,1.061906748799856f,0.2572793320964222f,-4.836046837587297f,0f,0f,0f,1f], start_interpolation: 0, interpolation_duration: 1 }
$data merge entity $(bone_neck_spine7) { transformation: [-0.9490950151781306f,-0.31258120818412044f,0.03887982065519082f,0.05693491398619385f,0.1080758495443828f,-0.20721368610131116f,0.9723076154374023f,4.24692508912521f,-0.2958686582071242f,0.927014280678816f,0.23044795618154873f,-7.565203361845162f,0f,0f,0f,1f], start_interpolation: 0, interpolation_duration: 1 }
$data merge entity $(bone_tail6) { transformation: [-1.495159354127907f,0.058649873580032416f,0.05703489963955355f,0.4817984831827844f,0.07420772189201817f,0.5328383610248265f,1.3974157494160429f,4.041746667110301f,0.03443837190467362f,1.3981551255255797f,-0.5349490865410766f,-10.965334231400124f,0f,0f,0f,1f], start_interpolation: 0, interpolation_duration: 1 }
$data merge entity $(bone_tail5) { transformation: [-1.235131640366532f,0.0395322622935028f,0.05481322806402635f,0.5067662277892072f,0.06130203112818893f,0.23302645058685512f,1.2132840529215785f,4.188921267480946f,0.028449089834295605f,1.2141883430227f,-0.23463754116242871f,-10.19847843580684f,0f,0f,0f,1f], start_interpolation: 0, interpolation_duration: 1 }
$data merge entity $(bone_tail4) { transformation: [-0.996882505108876f,0.045261444980552706f,0.06462718163531697f,0.5244464797347356f,0.07046504178286672f,0.14222930644466444f,0.9873223902428268f,4.244479590310894f,0.03549575882257901f,0.9887983747895935f,-0.14497525692016255f,-9.812229070654654f,0f,0f,0f,1f], start_interpolation: 0, interpolation_duration: 1 }
$data merge entity $(bone_segment18) { transformation: [-0.9942618411513354f,-0.08524505043832528f,0.06462718163531697f,0.48282291995039706f,0.051297553789793164f,0.15021004859986797f,0.9873223902428268f,4.3178243406037975f,-0.09387199904945105f,0.9849721938589902f,-0.14497525692016255f,-9.331285616621944f,0f,0f,0f,1f], start_interpolation: 0, interpolation_duration: 1 }
$data merge entity $(bone_segment17) { transformation: [-0.9829018264586541f,-0.1790876049502215f,0.042797538450658305f,0.3691442644644166f,0.05815503398960829f,-0.08140066263685089f,0.9949833788279828f,4.2661539981097025f,-0.17470544229047258f,0.9804598726492965f,0.09042370573370317f,-8.708923392772293f,0f,0f,0f,1f], start_interpolation: 0, interpolation_duration: 1 }
$data merge entity $(bone_segment16) { transformation: [-0.9645337350670754f,-0.2639592013595272f,-0.00046253129353194394f,0.15003750552340284f,0.08356303557325157f,-0.30700903918489153f,0.9480309430311614f,4.011312510505056f,-0.25038349187464487f,0.9143691759220726f,0.3181778073974507f,-7.949925541665104f,0f,0f,0f,1f], start_interpolation: 0, interpolation_duration: 1 }
$data merge entity $(bone_segment15) { transformation: [-0.9490950151781306f,-0.31199309985341556f,-0.04334694692687031f,-0.16987729413097835f,0.1080758495443828f,-0.45180477953923004f,0.8855461884796116f,3.5480361252353383f,-0.2958686582071242f,0.8357827150817156f,0.46252458341298075f,-7.092921781083267f,0f,0f,0f,1f], start_interpolation: 0, interpolation_duration: 1 }
$data merge entity $(bone_segment14) { transformation: [-0.9597172887218508f,-0.2753754376941701f,-0.05577718210096401f,-0.45224468629785186f,0.09034299567929566f,-0.4904241163523348f,0.8667885147091663f,3.045159834053745f,-0.2660467418708047f,0.8268328455103701f,0.4955467452472607f,-6.2450951328548605f,0f,0f,0f,1f], start_interpolation: 0, interpolation_duration: 1 }
$data merge entity $(bone_segment13) { transformation: [-0.9862546752735489f,-0.16359296661314057f,-0.023217596253242226f,-0.6274124898112838f,0.04370626395187245f,-0.3937999041672734f,0.9181565214979501f,2.5997169494723362f,-0.15934703634657255f,0.9045214075700796f,0.39553703398671264f,-5.283097819330182f,0f,0f,0f,1f], start_interpolation: 0, interpolation_duration: 1 }
$data merge entity $(bone_segment12) { transformation: [-0.9994388254637674f,-0.033119513873054986f,0.005013178275095134f,-0.6662244201312701f,0.012670458507728322f,-0.23524729465498678f,0.9718529569017702f,2.3240365260485234f,-0.031007960861838324f,0.9713710970367206f,0.23553491928983342f,-4.144772314990275f,0f,0f,0f,1f], start_interpolation: 0, interpolation_duration: 1 }
$data merge entity $(bone_segment11) { transformation: [-1.0301904994062066f,0.1007424219773784f,0.010342207761653637f,-0.5498003643200781f,0.00168259502122626f,-0.08867210777047581f,1.031350031798903f,2.2215616577523845f,0.10125791683245283f,1.0264193507683568f,0.08808298678563936f,-2.9585798308908133f,0f,0f,0f,1f], start_interpolation: 0, interpolation_duration: 1 }
$data merge entity $(bone_segment10) { transformation: [-0.9900630142943843f,0.14052453529575254f,0.005299311863873973f,-0.38490318569491255f,0f,-0.03768415068730607f,0.9992897001305359f,2.1929776560781287f,0.14062442080349274f,0.9893597726645698f,0.037309683820598016f,-1.7976250210117601f,0f,0f,0f,1f], start_interpolation: 0, interpolation_duration: 1 }