# This file was generated by Animated Java via MC-Build. It is not recommended to edit this file directly.
$data merge entity $(bone_neck_spine5) { transformation: [-1.5657270920573616f,-0.12324526649130146f,-0.07299639060753504f,-0.24029630405192062f,-0.14319774998691764f,1.3271639047709134f,0.8307524118704374f,4.1686501007783985f,-0.0035033059991911547f,0.833945903351862f,-1.332869518252393f,0.22474343189476742f,0f,0f,0f,1f], start_interpolation: 0, interpolation_duration: 1 }
$data merge entity $(bone_neck_spine2) { transformation: [-1.4911686591022486f,-0.13215600617702136f,0.03383935322324992f,-0.4861976252752561f,-0.1363788095113501f,1.4532164387906623f,-0.33430088846558476f,5.5789976518331095f,-0.003336481903991575f,-0.3359926394193056f,-1.4592094078056725f,2.0752711677996194f,0f,0f,0f,1f], start_interpolation: 0, interpolation_duration: 1 }
$data merge entity $(bone_scale_neck_left1) { transformation: [-1.6229547068378642f,0.27009442537048783f,0.07824386093669347f,0.37701442909604843f,0.2777105011613802f,1.6114931255715532f,0.19753952672311825f,4.767919057761392f,-0.04415855449615341f,0.20783163488045914f,-1.63337415017056f,2.2464602653084604f,0f,0f,0f,1f], start_interpolation: 0, interpolation_duration: 1 }
$data merge entity $(bone_scale_neck_right1) { transformation: [-1.5458335953574789f,-0.5588533908187937f,-0.10552944552199107f,-1.1887126629613125f,-0.5675204925456347f,1.5356794906558426f,0.18073204850674476f,4.624721307774474f,0.03706840760812793f,0.20597686857271366f,-1.6337853419614372f,2.242956959309269f,0f,0f,0f,1f], start_interpolation: 0, interpolation_duration: 1 }
$data merge entity $(bone_blush_right1) { transformation: [-0.9859686038321537f,-0.028864929797493215f,-0.1644163254821716f,-0.9065219797960501f,-0.07566278092055341f,0.9552277716658466f,0.28603329844909553f,4.244144609975865f,0.14879870913634283f,0.2944600483360806f,-0.9440085932306291f,3.579536968200244f,0f,0f,0f,1f], start_interpolation: 0, interpolation_duration: 1 }
$data merge entity $(bone_blush_left1) { transformation: [-0.9859686038321537f,-0.028864929797493215f,-0.1644163254821716f,0.4000789922744895f,-0.07566278092055341f,0.9552277716658466f,0.28603329844909553f,4.344412572582497f,0.14879870913634283f,0.2944600483360806f,-0.9440085932306291f,3.3823496163467115f,0f,0f,0f,1f], start_interpolation: 0, interpolation_duration: 1 }
$data merge entity $(bone_left_head_scales) { transformation: [-0.798645822488134f,-0.028864929797493215f,-0.6011086973668223f,0.3254545126981902f,-0.19918918524283377f,0.9552277716658466f,0.21877745021047545f,5.154989998292036f,0.5678807257730696f,0.2944600483360806f,-0.7686382512140318f,3.2245705559959537f,0f,0f,0f,1f], start_interpolation: 0, interpolation_duration: 1 }
$data merge entity $(bone_left_head_scales2) { transformation: [-0.7133528673858741f,-0.028864929797493215f,-0.7002103272732683f,0.37908493414288585f,-0.22604128166982887f,0.9552277716658466f,0.19090637291447896f,4.248593226890622f,0.6633498515665868f,0.2944600483360806f,-0.6879391356511858f,3.119041491409127f,0f,0f,0f,1f], start_interpolation: 0, interpolation_duration: 1 }
$data merge entity $(bone_left_head_scales1) { transformation: [-0.9859686038321537f,-0.028864929797493215f,-0.1644163254821716f,0.3286961796188071f,-0.07566278092055341f,0.9552277716658466f,0.28603329844909553f,5.047713441903782f,0.14879870913634283f,0.2944600483360806f,-0.9440085932306291f,3.191501312286335f,0f,0f,0f,1f], start_interpolation: 0, interpolation_duration: 1 }
$data merge entity $(bone_right_head_scales) { transformation: [-0.9504838430573194f,-0.028864929797493215f,0.3094305736587368f,-1.0032922385599858f,0.0649617725529911f,0.9552277716658466f,0.2886518185376189f,5.0530225786920715f,-0.3039085918393269f,0.2944600483360806f,-0.9060534464037707f,3.425100066355478f,0f,0f,0f,1f], start_interpolation: 0, interpolation_duration: 1 }
$data merge entity $(bone_right_head_scales2) { transformation: [-0.9019635274818695f,-0.028864929797493215f,0.43084638900685795f,-0.9496618171152901f,0.10208263833450595f,0.9552277716658466f,0.27770314940412083f,4.146625807290658f,-0.4195723180133901f,0.2944600483360806f,-0.8586340022913045f,3.3195710017686513f,0f,0f,0f,1f], start_interpolation: 0, interpolation_duration: 1 }
$data merge entity $(bone_right_head_scales1) { transformation: [-0.9859686038321537f,-0.028864929797493215f,-0.1644163254821716f,-1.0000505716393688f,-0.07566278092055341f,0.9552277716658466f,0.28603329844909553f,4.945746022303817f,0.14879870913634283f,0.2944600483360806f,-0.9440085932306291f,3.3920308226458595f,0f,0f,0f,1f], start_interpolation: 0, interpolation_duration: 1 }
$data merge entity $(bone_head_left_fin1) { transformation: [-0.36279513047059975f,0.06588786580301775f,-0.9811797391262813f,0.32700393624502316f,-0.029959704905130596f,1.0445957415933627f,0.08122407741663293f,4.669518756087282f,0.9829330126788864f,0.056158025340188204f,-0.3596723047456848f,2.987979650904874f,0f,0f,0f,1f], start_interpolation: 0, interpolation_duration: 1 }
$data merge entity $(bone_head_right_fin1) { transformation: [-0.6354598377705457f,-0.20159386899635973f,0.8088423236879262f,-1.0017428150131527f,-0.04664592601589393f,1.0240693152733822f,0.21858955402031263f,4.567551336487317f,-0.8322800911904149f,0.09652537243522058f,-0.6298157669584737f,3.1885091612643985f,0f,0f,0f,1f], start_interpolation: 0, interpolation_duration: 1 }
$data merge entity $(bone_right_whisker16) { transformation: [-0.20267605219631266f,-0.17448239844636232f,0.9635757938525247f,-1.5650299781096615f,0.9767764928080014f,-0.10585801735334274f,0.18628409287891468f,3.1854361721830555f,0.06949892778898412f,0.9789535090056246f,0.19188519026167017f,1.4319667373033231f,0f,0f,0f,1f], start_interpolation: 0, interpolation_duration: 1 }
$data merge entity $(bone_right_whisker15) { transformation: [0.24085943496109719f,-0.24092946357746187f,0.9401806880437921f,-1.6461789088338592f,0.37633678260616976f,0.9160955399809065f,0.13834589869138775f,3.0586430178870314f,-0.8946269382529558f,0.3205026602188634f,0.31132087328795477f,1.7333791334920632f,0f,0f,0f,1f], start_interpolation: 0, interpolation_duration: 1 }
$data merge entity $(bone_right_whisker14) { transformation: [0.5521521608121969f,-0.35407805854715063f,0.7548223100610522f,-1.8322067364512495f,-0.21380782281781133f,0.8149325502428453f,0.5386753692685415f,3.13067788006686f,-0.805862399056024f,-0.4588176838463975f,0.37426210972725765f,2.004885508174024f,0f,0f,0f,1f], start_interpolation: 0, interpolation_duration: 1 }
$data merge entity $(bone_right_whisker13) { transformation: [0.010452995009746113f,-0.43956876221504526f,0.8981481159475089f,-1.8357284974652752f,0.15192850191061164f,0.8884674665843155f,0.4330626872964758f,3.079491031278617f,-0.9883362106097926f,0.13192749564052644f,0.07607016952456147f,2.3378698760064247f,0f,0f,0f,1f], start_interpolation: 0, interpolation_duration: 1 }
$data merge entity $(bone_right_whisker12) { transformation: [-0.5539790203982584f,-0.4094843770966933f,0.7248653598236846f,-1.586870734395745f,-0.428130027841318f,0.8868489452547884f,0.17379190879054587f,3.271815067222959f,-0.7140111513269096f,-0.21405955529759063f,-0.6666082677004684f,2.65861707289156f,0f,0f,0f,1f], start_interpolation: 0, interpolation_duration: 1 }
$data merge entity $(bone_right_whisker11) { transformation: [-0.9314023775297128f,-0.27987490005634674f,0.2327222624727788f,-1.1684673226148192f,-0.28483777538978994f,0.9584914011504985f,0.01271517328036037f,3.399769536636341f,-0.22662094528748788f,-0.0544451489023948f,-0.9724601137928496f,2.7604194506574236f,0f,0f,0f,1f], start_interpolation: 0, interpolation_duration: 1 }
$data merge entity $(bone_right_whisker10) { transformation: [-0.536383862314427f,-0.6472804452349552f,0.5415905994984556f,-0.9275136344657603f,-0.5824180177310572f,0.7483105869880059f,0.3175224685339477f,3.6614026305389644f,-0.6108040642226313f,-0.14511819533781511f,-0.7783695166892213f,3.0348040888824337f,0f,0f,0f,1f], start_interpolation: 0, interpolation_duration: 1 }
$data merge entity $(bone_right_whisker1) { transformation: [0.016100851574766692f,-0.7213507157018488f,0.692382775302071f,-0.9347464388841126f,-0.7346584453872886f,0.4611928663410415f,0.4975722145149044f,3.9914249790527854f,-0.6782460698004079f,-0.5166761896899883f,-0.5225207974882299f,3.3394849405505855f,0f,0f,0f,1f], start_interpolation: 0, interpolation_duration: 1 }
$data merge entity $(bone_left_whisker16) { transformation: [-0.06603578698785272f,0.46779864431566015f,-0.8813646823042807f,0.5497050908631473f,-0.9973973167773736f,-0.05656966310043129f,0.04470420228568699f,3.347719976765477f,-0.0289459379221151f,0.8820228464122315f,0.470316734855007f,1.1128187976980606f,0f,0f,0f,1f], start_interpolation: 0, interpolation_duration: 1 }
$data merge entity $(bone_left_whisker15) { transformation: [0.5460891619528343f,0.18486094546727688f,-0.8170759193848487f,0.7336902089038971f,-0.31594670623597726f,0.9487705017519097f,0.0034948281884346066f,3.2412730884340197f,0.7758635872473254f,0.2562439576777852f,0.5765194950193253f,1.3742181508233802f,0f,0f,0f,1f], start_interpolation: 0, interpolation_duration: 1 }
$data merge entity $(bone_left_whisker14) { transformation: [0.7259366285817257f,0.07812780000889298f,-0.6833096356331938f,0.9782684675569197f,0.31188777353132313f,0.848099830683017f,0.42831377974227236f,3.3463524652585375f,0.6129779996093433f,-0.5240445821313371f,0.591299626191088f,1.580739058894887f,0f,0f,0f,1f], start_interpolation: 0, interpolation_duration: 1 }
$data merge entity $(bone_left_whisker13) { transformation: [0.3225378072547224f,0.3212198369240806f,-0.8903859720692946f,1.0869359905089502f,-0.12637493963452023f,0.9468500366578325f,0.2958113972000274f,3.303774970948079f,0.9380824790623088f,0.017112114057828587f,0.34598907212336216f,1.8967922378758408f,0f,0f,0f,1f], start_interpolation: 0, interpolation_duration: 1 }
$data merge entity $(bone_left_whisker12) { transformation: [-0.3774763498564396f,0.19153348403701387f,-0.9059947736006548f,0.9173665364718777f,0.35665056759995345f,0.9329707817712386f,0.04864044604847619f,3.4639890931121204f,0.8545829263036386f,-0.3047629322174967f,-0.42048493102191375f,2.2806869118013036f,0f,0f,0f,1f], start_interpolation: 0, interpolation_duration: 1 }
$data merge entity $(bone_left_whisker11) { transformation: [-0.8554965559669354f,0.10529249602570645f,-0.5069902691466462f,0.5330614429711057f,0.14771196630536249f,0.9880489714364359f,-0.04405002898528532f,3.5303440779758577f,0.49629307645676035f,-0.11257317764049095f,-0.8608254538157006f,2.503631067240864f,0f,0f,0f,1f], start_interpolation: 0, interpolation_duration: 1 }
$data merge entity $(bone_left_whisker10) { transformation: [-0.41416511781252774f,0.45697587040448356f,-0.7871723502863905f,0.3470107064537593f,0.5094733225774124f,0.8330507129571566f,0.21555380586643524f,3.7592090471024298f,0.7542573756810518f,-0.3117684453398669f,-0.5778375617083882f,2.8424576227225864f,0f,0f,0f,1f], start_interpolation: 0, interpolation_duration: 1 }
$data merge entity $(bone_left_whisker1) { transformation: [0.1046029488312854f,0.46073349789543055f,-0.8813528618055546f,0.3940003123740633f,0.7439211999728861f,0.5519054696992326f,0.3768044595635386f,4.09339239865275f,0.6600299018428643f,-0.6950719361570504f,-0.2850184770154183f,3.1389554301910607f,0f,0f,0f,1f], start_interpolation: 0, interpolation_duration: 1 }
$data merge entity $(bone_upper_left_tooth1) { transformation: [-0.9859686038321537f,-0.04308491699229257f,-0.1612749273292066f,0.17239481179195518f,-0.07566278092055341f,0.9765222861804024f,0.20169126945995558f,4.1929001931903676f,0.14879870913634283f,0.21106376884905517f,-0.9660802397516425f,4.174069008067535f,0f,0f,0f,1f], start_interpolation: 0, interpolation_duration: 1 }
$data merge entity $(bone_upper_right_tooth1) { transformation: [-0.9859686038321537f,-0.04308491699229257f,-0.1612749273292066f,-0.4919785638371327f,-0.07566278092055341f,0.9765222861804024f,0.20169126945995558f,4.141916483390385f,0.14879870913634283f,0.21106376884905517f,-0.9660802397516425f,4.274333763247298f,0f,0f,0f,1f], start_interpolation: 0, interpolation_duration: 1 }
$data merge entity $(bone_top_lip1) { transformation: [-0.9859686038321537f,-0.09564585232480277f,-0.13681294964416063f,-0.1374317996582376f,-0.07566278092055341f,0.9866132632449394f,-0.14446249469166833f,4.290167519928257f,0.14879870913634283f,-0.13208383596123324f,-0.9800065328543093f,4.246097429713872f,0f,0f,0f,1f], start_interpolation: 0, interpolation_duration: 1 }
$data merge entity $(bone_muzzle1) { transformation: [-0.9859686038321537f,-0.04308491699229257f,-0.1612749273292066f,-0.23524940844287065f,-0.07566278092055341f,0.9765222861804024f,0.20169126945995558f,4.567923940148564f,0.14879870913634283f,0.21106376884905517f,-0.9660802397516425f,3.7391759084924536f,0f,0f,0f,1f], start_interpolation: 0, interpolation_duration: 1 }
$data merge entity $(bone_jaw_right_tooth1) { transformation: [-0.9859686038321537f,-0.13667048628449918f,-0.095849311087937f,-0.4915405132149692f,-0.07566278092055341f,0.8777041199011462f,-0.4731919499441242f,4.174506092404785f,0.14879870913634283f,-0.45930018080478985f,-0.875729574738712f,4.293807887883891f,0f,0f,0f,1f], start_interpolation: 0, interpolation_duration: 1 }
$data merge entity $(bone_jaw_left_tooth1) { transformation: [-0.9859686038321537f,-0.13667048628449918f,-0.095849311087937f,0.22819731038320928f,-0.07566278092055341f,0.8777041199011462f,-0.4731919499441242f,4.2297384446881f,0.14879870913634283f,-0.45930018080478985f,-0.875729574738712f,4.185187736439149f,0f,0f,0f,1f], start_interpolation: 0, interpolation_duration: 1 }
$data merge entity $(bone_tongue1) { transformation: [-0.9859686038321537f,-0.08335785673669982f,-0.14462842036590676f,-0.2471985887729997f,-0.07566278092055341f,0.9954496379356361f,-0.05792375952214371f,4.147431628191217f,0.14879870913634283f,-0.046168019819725986f,-0.987789176952898f,3.446181872600018f,0f,0f,0f,1f], start_interpolation: 0, interpolation_duration: 1 }
$data merge entity $(bone_jaw_lips1) { transformation: [-0.9859686038321537f,-0.08335785673669982f,-0.14462842036590676f,-0.051128874578937f,-0.07566278092055341f,0.9954496379356361f,-0.05792375952214371f,4.075158796523037f,0.14879870913634283f,-0.046168019819725986f,-0.987789176952898f,4.331255916206125f,0f,0f,0f,1f], start_interpolation: 0, interpolation_duration: 1 }
$data merge entity $(bone_jaw3) { transformation: [-0.9859686038321537f,-0.11795009629987249f,-0.11812572556443583f,-0.1473226522232548f,-0.07566278092055341f,0.9465387419238639f,-0.3135913800163473f,3.713690647663438f,0.14879870913634283f,-0.3002535342340528f,-0.942181914143611f,3.5100543701210336f,0f,0f,0f,1f], start_interpolation: 0, interpolation_duration: 1 }
$data merge entity $(bone_jaw1) { transformation: [-0.9859686038321537f,0.00012418864394755924f,-0.16693081451443983f,-0.2972995558885719f,-0.07566278092055341f,0.8910465544013543f,0.44756137173894095f,4.115796567585143f,0.14879870913634283f,0.45391191047014295f,-0.8785345307343947f,2.7207460026643506f,0f,0f,0f,1f], start_interpolation: 0, interpolation_duration: 1 }
$data merge entity $(bone_tear_right1) { transformation: [-0.9859686038321537f,-0.028864929797493215f,-0.1644163254821716f,-0.8458851144012624f,-0.07566278092055341f,0.9552277716658466f,0.28603329844909553f,4.594950607640859f,0.14879870913634283f,0.2944600483360806f,-0.9440085932306291f,3.7823388559730002f,0f,0f,0f,1f], start_interpolation: 0, interpolation_duration: 1 }
$data merge entity $(bone_right_pupil1) { transformation: [-0.9859686038321537f,-0.028864929797493215f,-0.1644163254821716f,-0.655345622924443f,-0.07566278092055341f,0.9552277716658466f,0.28603329844909553f,4.696973928914645f,0.14879870913634283f,0.2944600483360806f,-0.9440085932306291f,3.851445299518769f,0f,0f,0f,1f], start_interpolation: 0, interpolation_duration: 1 }
$data merge entity $(bone_right_sad_pupil1) { transformation: [-0.9859686038321537f,-0.028864929797493215f,-0.1644163254821716f,-0.6571920953297603f,-0.07566278092055341f,0.9552277716658466f,0.28603329844909553f,4.700186216934337f,0.14879870913634283f,0.2944600483360806f,-0.9440085932306291f,3.8408436405127606f,0f,0f,0f,1f], start_interpolation: 0, interpolation_duration: 1 }
$data merge entity $(bone_right_happy_pupil1) { transformation: [-0.9859686038321537f,-0.028864929797493215f,-0.1644163254821716f,-0.6840635586250186f,-0.07566278092055341f,0.9552277716658466f,0.28603329844909553f,4.671243127071899f,0.14879870913634283f,0.2944600483360806f,-0.9440085932306291f,3.83675408006489f,0f,0f,0f,1f], start_interpolation: 0, interpolation_duration: 1 }
$data merge entity $(bone_eyelid_right1) { transformation: [-0.9859686038321537f,-0.028864929797493215f,-0.1644163254821716f,-0.32158827844085475f,-0.07566278092055341f,0.9552277716658466f,0.28603329844909553f,4.839876914037776f,0.14879870913634283f,0.2944600483360806f,-0.9440085932306291f,3.2298894636426656f,0f,0f,0f,1f], start_interpolation: 0, interpolation_duration: 1 }
$data merge entity $(bone_eyelid_expressions_right5) { transformation: [-0.9859686038321537f,-0.028864929797493215f,-0.1644163254821716f,-0.7877716382468187f,-0.07566278092055341f,0.9552277716658466f,0.28603329844909553f,4.797690922802239f,0.14879870913634283f,0.2944600483360806f,-0.9440085932306291f,3.893130242157298f,0f,0f,0f,1f], start_interpolation: 0, interpolation_duration: 1 }
$data merge entity $(bone_eyelid_expressions_right7) { transformation: [-0.9859686038321537f,-0.028864929797493215f,-0.1644163254821716f,-0.45558495043227487f,-0.07566278092055341f,0.9552277716658466f,0.28603329844909553f,4.823182777702231f,0.14879870913634283f,0.2944600483360806f,-0.9440085932306291f,3.8429978645674163f,0f,0f,0f,1f], start_interpolation: 0, interpolation_duration: 1 }
$data merge entity $(bone_eyelid_expressions_right6) { transformation: [-0.9859686038321537f,-0.028864929797493215f,-0.1644163254821716f,-0.5663138463704562f,-0.07566278092055341f,0.9552277716658466f,0.28603329844909553f,4.814685492735567f,0.14879870913634283f,0.2944600483360806f,-0.9440085932306291f,3.859708657097377f,0f,0f,0f,1f], start_interpolation: 0, interpolation_duration: 1 }
$data merge entity $(bone_right_eye1) { transformation: [-0.9859686038321537f,-0.028864929797493215f,-0.1644163254821716f,-0.3308146956293555f,-0.07566278092055341f,0.9552277716658466f,0.28603329844909553f,4.835814897521418f,0.14879870913634283f,0.2944600483360806f,-0.9440085932306291f,3.2421622019016696f,0f,0f,0f,1f], start_interpolation: 0, interpolation_duration: 1 }
$data merge entity $(bone_tear_left1) { transformation: [-0.9859686038321537f,-0.028864929797493215f,-0.1644163254821716f,0.3499869617310959f,-0.07566278092055341f,0.9552277716658466f,0.28603329844909553f,4.686721285280828f,0.14879870913634283f,0.2944600483360806f,-0.9440085932306291f,3.6018622966494283f,0f,0f,0f,1f], start_interpolation: 0, interpolation_duration: 1 }
$data merge entity $(bone_left_sad_pupil1) { transformation: [-0.9859686038321537f,-0.028864929797493215f,-0.1644163254821716f,0.17327462420659956f,-0.07566278092055341f,0.9552277716658466f,0.28603329844909553f,4.763915854184314f,0.14879870913634283f,0.2944600483360806f,-0.9440085932306291f,3.715512696538058f,0f,0f,0f,1f], start_interpolation: 0, interpolation_duration: 1 }
$data merge entity $(bone_left_pupil1) { transformation: [-0.9859686038321537f,-0.028864929797493215f,-0.1644163254821716f,0.17512109661191688f,-0.07566278092055341f,0.9552277716658466f,0.28603329844909553f,4.760703566164622f,0.14879870913634283f,0.2944600483360806f,-0.9440085932306291f,3.726114355544066f,0f,0f,0f,1f], start_interpolation: 0, interpolation_duration: 1 }
$data merge entity $(bone_eyelid_left1) { transformation: [-0.9859686038321537f,-0.028864929797493215f,-0.1644163254821716f,-0.343734057628491f,-0.07566278092055341f,0.9552277716658466f,0.28603329844909553f,4.838177457044444f,0.14879870913634283f,0.2944600483360806f,-0.9440085932306291f,3.2332316221486574f,0f,0f,0f,1f], start_interpolation: 0, interpolation_duration: 1 }
$data merge entity $(bone_left_happy_pupil1) { transformation: [-0.9859686038321537f,-0.028864929797493215f,-0.1644163254821716f,0.20176760888043188f,-0.07566278092055341f,0.9552277716658466f,0.28603329844909553f,4.73922140680521f,0.14879870913634283f,0.2944600483360806f,-0.9440085932306291f,3.703067739825207f,0f,0f,0f,1f], start_interpolation: 0, interpolation_duration: 1 }
$data merge entity $(bone_eyelid_expressions_left5) { transformation: [-0.9859686038321537f,-0.028864929797493215f,-0.1644163254821716f,0.2973715419473581f,-0.07566278092055341f,0.9552277716658466f,0.28603329844909553f,4.880964315475544f,0.14879870913634283f,0.2944600483360806f,-0.9440085932306291f,3.729364475363686f,0f,0f,0f,1f], start_interpolation: 0, interpolation_duration: 1 }
$data merge entity $(bone_eyelid_expressions_left7) { transformation: [-0.9859686038321537f,-0.028864929797493215f,-0.1644163254821716f,-0.03481514586718586f,-0.07566278092055341f,0.9552277716658466f,0.28603329844909553f,4.855472460575553f,0.14879870913634283f,0.2944600483360806f,-0.9440085932306291f,3.7794968529535673f,0f,0f,0f,1f], start_interpolation: 0, interpolation_duration: 1 }
$data merge entity $(bone_eyelid_expressions_left6) { transformation: [-0.9859686038321537f,-0.028864929797493215f,-0.1644163254821716f,0.07591375007099549f,-0.07566278092055341f,0.9552277716658466f,0.28603329844909553f,4.863969745542216f,0.14879870913634283f,0.2944600483360806f,-0.9440085932306291f,3.7627860604236067f,0f,0f,0f,1f], start_interpolation: 0, interpolation_duration: 1 }
$data merge entity $(bone_left_eye1) { transformation: [-0.9859686038321537f,-0.028864929797493215f,-0.1644163254821716f,-0.3308146956293555f,-0.07566278092055341f,0.9552277716658466f,0.28603329844909553f,4.835814897521418f,0.14879870913634283f,0.2944600483360806f,-0.9440085932306291f,3.2421622019016696f,0f,0f,0f,1f], start_interpolation: 0, interpolation_duration: 1 }
$data merge entity $(bone_crest_middle5) { transformation: [-0.9859686038321537f,-0.0637669217195725f,-0.15427148781185562f,-0.29242716623823334f,-0.07566278092055341f,0.9944939960572018f,0.07250403705688604f,6.023109985135562f,0.14879870913634283f,0.0831593139737691f,-0.985364639440025f,4.100253966283404f,0f,0f,0f,1f], start_interpolation: 0, interpolation_duration: 1 }
$data merge entity $(bone_crest_middle4) { transformation: [-0.9859686038321537f,-0.0637669217195725f,-0.15427148781185562f,-0.24945922093891204f,-0.07566278092055341f,0.9944939960572018f,0.07250403705688604f,5.3529919604485805f,0.14879870913634283f,0.0831593139737691f,-0.985364639440025f,4.0442188816721725f,0f,0f,0f,1f], start_interpolation: 0, interpolation_duration: 1 }
$data merge entity $(bone_crest_middle1) { transformation: [-0.9859686038321537f,-0.0637669217195725f,-0.15427148781185562f,-0.20423914810145224f,-0.07566278092055341f,0.9944939960572018f,0.07250403705688604f,4.8442965084590845f,0.14879870913634283f,0.0831593139737691f,-0.985364639440025f,4.085188723258563f,0f,0f,0f,1f], start_interpolation: 0, interpolation_duration: 1 }
$data merge entity $(bone_crest_left5) { transformation: [-0.5054161098060856f,-0.8612804664873591f,-0.05244534293719262f,-1.346673238450945f,-0.8462845139809244f,0.4829200653301453f,0.22492383577024186f,5.298685850973756f,-0.16839559775882929f,0.15806381163582361f,-0.9729639017489815f,4.1690647051626915f,0f,0f,0f,1f], start_interpolation: 0, interpolation_duration: 1 }
$data merge entity $(bone_crest_left4) { transformation: [-0.5054161098060856f,-0.8612804664873591f,-0.05244534293719262f,-0.8630440702573596f,-0.8462845139809244f,0.4829200653301453f,0.22492383577024186f,5.027514915851849f,-0.16839559775882929f,0.15806381163582361f,-0.9729639017489815f,4.080308170308592f,0f,0f,0f,1f], start_interpolation: 0, interpolation_duration: 1 }
$data merge entity $(bone_crest_left1) { transformation: [-0.5054161098060856f,-0.8612804664873591f,-0.05244534293719262f,-0.3339969141691122f,-0.8462845139809244f,0.4829200653301453f,0.22492383577024186f,4.7418568877614895f,-0.16839559775882929f,0.15806381163582361f,-0.9729639017489815f,3.9280417785017314f,0f,0f,0f,1f], start_interpolation: 0, interpolation_duration: 1 }
$data merge entity $(bone_crest_center1) { transformation: [-0.9859686038321537f,-0.028864929797493215f,-0.1644163254821716f,-0.2224576118741108f,-0.07566278092055341f,0.9552277716658466f,0.28603329844909553f,4.72353537691607f,0.14879870913634283f,0.2944600483360806f,-0.9440085932306291f,3.9030637808659465f,0f,0f,0f,1f], start_interpolation: 0, interpolation_duration: 1 }
$data merge entity $(bone_crest_right5) { transformation: [-0.5541049795564761f,0.7876063269947738f,-0.269525407537988f,0.8313401265154761f,0.7649773488708346f,0.6094548857424095f,0.20826521063119469f,5.465825603127106f,0.32829457404176915f,-0.09078004143261795f,-0.9402029869832501f,3.8403670408262354f,0f,0f,0f,1f], start_interpolation: 0, interpolation_duration: 1 }
$data merge entity $(bone_crest_right4) { transformation: [-0.5541049795564761f,0.7876063269947738f,-0.269525407537988f,0.3890807143846216f,0.7649773488708346f,0.6094548857424095f,0.20826521063119469f,5.1236024006838585f,0.32829457404176915f,-0.09078004143261795f,-0.9402029869832501f,3.8913421617478714f,0f,0f,0f,1f], start_interpolation: 0, interpolation_duration: 1 }
$data merge entity $(bone_crest_right1) { transformation: [-0.5541049795564761f,0.7876063269947738f,-0.269525407537988f,-0.1125391222927496f,0.7649773488708346f,0.6094548857424095f,0.20826521063119469f,4.758851457694816f,0.32829457404176915f,-0.09078004143261795f,-0.9402029869832501f,3.8946201934418108f,0f,0f,0f,1f], start_interpolation: 0, interpolation_duration: 1 }
$data merge entity $(bone_head1) { transformation: [-1.0334696954230251f,-0.030255557925757848f,-0.17233742449628656f,-0.4307498444615016f,-0.07930799302219461f,1.001247859623706f,0.29981354850458564f,4.95885246041035f,0.15596739694629677f,0.3086462746231051f,-0.9894881738940834f,2.6425363347164184f,0f,0f,0f,1f], start_interpolation: 0, interpolation_duration: 1 }
$data merge entity $(bone_neck10) { transformation: [-1.4911686591022486f,-0.13544231514731353f,0.016300032600108205f,-0.37850337668973044f,-0.1363788095113501f,1.4844189927301437f,-0.14175808979497456f,4.412524123612387f,-0.003336481903991575f,-0.1426531281591433f,-1.4905815088746217f,1.6232929480909934f,0f,0f,0f,1f], start_interpolation: 0, interpolation_duration: 1 }
$data merge entity $(bone_neck9) { transformation: [-1.140744024213221f,-0.0729685631100222f,-0.07461104823028213f,-0.2979663978957983f,-0.10432978927618287f,0.7773327802053911f,0.8348995103521629f,3.5554698783824965f,-0.0025524086565535567f,0.8382228141218497f,-0.7807458918202734f,0.6611474554532402f,0f,0f,0f,1f], start_interpolation: 0, interpolation_duration: 1 }
$data merge entity $(bone_neck8) { transformation: [-1.0587297479625968f,-0.05483284707742219f,-0.07984245147387987f,-0.2471575083008789f,-0.09682895475305857f,0.5777507121548519f,0.8871969372821968f,3.0225438259004553f,-0.0023689021518340184f,0.8907792155651504f,-0.5803420670747981f,-0.263420176385456f,0f,0f,0f,1f], start_interpolation: 0, interpolation_duration: 1 }
$data merge entity $(bone_neck7) { transformation: [-1.0519777181601526f,0.015565854198289406f,-0.08675942330167864f,-0.26288895669276713f,-0.0726741101656616f,0.43482533497050135f,0.9592038441506708f,2.5830926894940975f,0.04987952546076937f,0.9618270349209743f,-0.4322353533538639f,-1.2354794138055896f,0f,0f,0f,1f], start_interpolation: 0, interpolation_duration: 1 }
$data merge entity $(bone_neck6) { transformation: [-1.0225904098567642f,0.18434646719417486f,-0.14880102793937489f,-0.43438071961004115f,-0.1276721211191871f,0.12654893636018463f,1.034167156899138f,2.482282859738051f,0.19956250993539648f,1.0255819123565635f,-0.10086157786368319f,-2.1787249010676506f,0f,0f,0f,1f], start_interpolation: 0, interpolation_duration: 1 }
$data merge entity $(bone_neck_spine6) { transformation: [-1.2613051673828746f,-0.17027017344132075f,0.010134657677053408f,-0.8376813129947484f,0.04281733019732696f,-0.24285456713952513f,1.248668772721956f,3.5099849161852608f,-0.16511002236309438f,1.237745973846187f,0.24639186930481707f,-5.630420016982751f,0f,0f,0f,1f], start_interpolation: 0, interpolation_duration: 1 }
$data merge entity $(bone_neck_spine7) { transformation: [-0.9524504305206738f,-0.3026107670265266f,0.03556544784759823f,-0.09673233919093671f,0.103803261397819f,-0.21252085191859127f,0.9716273824995733f,4.694293603330657f,-0.28646650820673425f,0.9291187282470487f,0.23382756145593186f,-8.791991541018358f,0f,0f,0f,1f], start_interpolation: 0, interpolation_duration: 1 }
$data merge entity $(bone_tail6) { transformation: [-1.7175282554110414f,-0.0330307191025256f,0.1196143845338036f,0.5532000173346554f,0.10292037667912558f,0.5481419843351084f,1.6291868212702079f,4.577134685414331f,-0.06932550364806171f,1.6321002647300398f,-0.5447427263756738f,-12.691997105820441f,0f,0f,0f,1f], start_interpolation: 0, interpolation_duration: 1 }
$data merge entity $(bone_tail5) { transformation: [-1.4188276892525993f,-0.04403021021647218f,0.09257250141514516f,0.5253914635137256f,0.08502118073492983f,0.21222930057874131f,1.404033639918265f,4.711174243674589f,-0.057268894317964024f,1.405916215065459f,-0.20904594992356618f,-11.804050022621205f,0f,0f,0f,1f], start_interpolation: 0, interpolation_duration: 1 }
$data merge entity $(bone_tail4) { transformation: [-1.0444259104390115f,-0.019442028446982215f,0.08643912978901262f,0.517059165607876f,0.08400808286934883f,0.10758819605988806f,1.0392509899472646f,4.757283470557398f,-0.028148847959226262f,1.0424595846475866f,-0.10564494668521761f,-11.357281629200811f,0f,0f,0f,1f], start_interpolation: 0, interpolation_duration: 1 }
$data merge entity $(bone_segment18) { transformation: [-0.9854756648211428f,-0.14844880585366302f,0.08246615115274745f,0.4337016818521571f,0.06606355511508392f,0.11222628425209326f,0.9914841742602475f,4.820301159468485f,-0.1564395114121829f,0.9825315329105675f,-0.10078921621645606f,-10.805567145388725f,0f,0f,0f,1f], start_interpolation: 0, interpolation_duration: 1 }
$data merge entity $(bone_segment17) { transformation: [-0.9746127535025682f,-0.21897344031112057f,0.046697035756610404f,0.27385534725004496f,0.07250361866973788f,-0.11133732458655266f,0.9911343125095115f,4.739027087077423f,-0.21183296719334116f,0.9693578454792742f,0.12438714329802758f,-10.097954850959274f,0f,0f,0f,1f], start_interpolation: 0, interpolation_duration: 1 }
$data merge entity $(bone_segment16) { transformation: [-0.9603263955396124f,-0.2788481004010264f,-0.0041171510337724496f,0.007669782658244584f,0.09129535589946929f,-0.32829376764684265f,0.9401533705281442f,4.425641190715324f,-0.26351161648224336f,0.9024782208047901f,0.3407267071304143f,-9.23645830717345f,0f,0f,0f,1f], start_interpolation: 0, interpolation_duration: 1 }
$data merge entity $(bone_segment15) { transformation: [-0.9524504305206738f,-0.3015045704346253f,-0.0439678451600149f,-0.34786417124781993f,0.103803261397819f,-0.4567550508271232f,0.8835155383280409f,3.887035991619864f,-0.28646650820673425f,0.8369407491280035f,0.4663337025402485f,-8.24953842966167f,0f,0f,0f,1f], start_interpolation: 0, interpolation_duration: 1 }
$data merge entity $(bone_segment14) { transformation: [-1.0160913071608277f,-0.2522580625283024f,-0.05098552173744306f,-0.6316544915921601f,0.07777112686952184f,-0.49891262610880804f,0.9185385355878267f,3.325759287247455f,-0.24532693566507702f,0.886638178415441f,0.5023570774245182f,-7.252070478944297f,0f,0f,0f,1f], start_interpolation: 0, interpolation_duration: 1 }
$data merge entity $(bone_segment13) { transformation: [-1.0164635760673755f,-0.13655132640920178f,-0.015784346910731738f,-0.795682070528304f,0.03450573080608114f,-0.36747761231099507f,0.9570074037409196f,2.856981638641708f,-0.13305925331614077f,0.9478436324253515f,0.3687564174368407f,-6.120600548396101f,0f,0f,0f,1f], start_interpolation: 0, interpolation_duration: 1 }
$data merge entity $(bone_segment12) { transformation: [-1.115517382155825f,0.0041491848169379845f,0.008811104655254004f,-0.7906696324944191f,0.00783834241428445f,-0.21651326131028856f,1.0943191715658895f,2.595421994105789f,0.005780284429626148f,1.0943393774939352f,0.21647585632068775f,-4.798579823906783f,0f,0f,0f,1f], start_interpolation: 0, interpolation_duration: 1 }
$data merge entity $(bone_segment11) { transformation: [-1.1811870866259342f,0.14779888001257996f,0.008683221551486302f,-0.6198642784273888f,0.000678224200763361f,-0.06441530050497837f,1.1886854293521618f,2.520979764170417f,0.14805217756392078f,1.179461318148767f,0.06383096889990772f,-3.435522755831441f,0f,0f,0f,1f], start_interpolation: 0, interpolation_duration: 1 }
$data merge entity $(bone_segment10) { transformation: [-1.0369450097374184f,0.1529846660552869f,0.003992086896740998f,-0.42670919138044094f,1.454637914751385e-17f,-0.02734254473190944f,1.04782039647678f,2.5020879852233335f,0.1530367433195009f,1.036592145071874f,0.027049547031795976f,-2.126744228046298f,0f,0f,0f,1f], start_interpolation: 0, interpolation_duration: 1 }