# This file was generated by Animated Java via MC-Build. It is not recommended to edit this file directly.
$data merge entity $(bone_neck_spine5) { transformation: [-1.568811944022555f,-0.02167768994990145f,0.10187422444980941f,0.11601784696441608f,0.05170349901789168f,1.1728925617854915f,1.0457862985592308f,4.00262060419475f,-0.09041586165115652f,1.0468392005572513f,-1.1696032898787412f,0.46532621632713156f,0f,0f,0f,1f], start_interpolation: 0, interpolation_duration: 1 }
$data merge entity $(bone_neck_spine2) { transformation: [-1.4941066133548138f,0.054007155592900764f,0.0832041871434432f,-0.07887558941456442f,0.049241427636087305f,1.4941360642142794f,-0.0855978101510203f,5.100803276824385f,-0.08611034442967284f,-0.08267363813849196f,-1.492630014378371f,2.522025499618435f,0f,0f,0f,1f], start_interpolation: 0, interpolation_duration: 1 }
$data merge entity $(bone_scale_neck_left1) { transformation: [-1.5753633809967689f,0.4382504288416536f,0.19804509656189245f,0.6748827650984439f,0.4772435723777581f,1.5083323124561676f,0.45850549469163143f,4.173239324316266f,-0.05936220410512219f,0.4959085375937875f,-1.5695878222970019f,2.583366356219338f,0f,0f,0f,1f], start_interpolation: 0, interpolation_duration: 1 }
$data merge entity $(bone_scale_neck_right1) { transformation: [-1.5996681821543928f,-0.39233061022074944f,0.013909713309330487f,-0.8939291789241104f,-0.37260372568826794f,1.5357058584704406f,0.4645740637406067f,4.224942823334158f,-0.1236254482044674f,0.4480393837388112f,-1.5802001582118839f,2.4929504945681815f,0f,0f,0f,1f], start_interpolation: 0, interpolation_duration: 1 }
$data merge entity $(bone_blush_right1) { transformation: [-0.9956413008236565f,0.06053465542672981f,-0.07095037411137639f,-0.7400952688134518f,0.021613888958787936f,0.8897892528390831f,0.45585954562358744f,3.595806571086044f,0.09072618088652447f,0.45233907748992186f,-0.8872193184761658f,3.7533985808717523f,0f,0f,0f,1f], start_interpolation: 0, interpolation_duration: 1 }
$data merge entity $(bone_blush_left1) { transformation: [-0.9956413008236565f,0.06053465542672981f,-0.07095037411137639f,0.5793239159694602f,0.021613888958787936f,0.8897892528390831f,0.45585954562358744f,3.567163946752962f,0.09072618088652447f,0.45233907748992186f,-0.8872193184761658f,3.6331686712399027f,0f,0f,0f,1f], start_interpolation: 0, interpolation_duration: 1 }
$data merge entity $(bone_left_head_scales) { transformation: [-0.8503833829358052f,0.06053465542672981f,-0.5226697403896872f,0.6068063420545418f,-0.19132075936808812f,0.8897892528390831f,0.4143325386291602f,4.3956330618776525f,0.4901473952409356f,0.45233907748992186f,-0.7450804586848944f,3.6136123564516844f,0f,0f,0f,1f], start_interpolation: 0, interpolation_duration: 1 }
$data merge entity $(bone_left_head_scales2) { transformation: [-0.7748861442076725f,0.06053465542672981f,-0.6291955332067555f,0.5643718269584684f,-0.24376523232975797f,0.8897892528390831f,0.3858154961108814f,3.5194202843073157f,0.5832066314970923f,0.45233907748992186f,-0.6747291189458041f,3.3566722989774758f,0f,0f,0f,1f], start_interpolation: 0, interpolation_duration: 1 }
$data merge entity $(bone_left_head_scales1) { transformation: [-0.9956413008236565f,0.06053465542672981f,-0.07095037411137639f,0.6000080164939227f,0.021613888958787936f,0.8897892528390831f,0.45585954562358744f,4.295705557896701f,0.09072618088652447f,0.45233907748992186f,-0.8872193184761658f,3.5628125577101404f,0f,0f,0f,1f], start_interpolation: 0, interpolation_duration: 1 }
$data merge entity $(bone_right_head_scales) { transformation: [-0.9159058566446749f,0.06053465542672981f,0.39680223948001014f,-0.734975879758589f,0.22966426667520023f,0.8897892528390831f,0.39437217212248754f,4.424761154419769f,-0.32919718464246733f,0.45233907748992186f,-0.8288658351018213f,3.7358800611620397f,0f,0f,0f,1f], start_interpolation: 0, interpolation_duration: 1 }
$data merge entity $(bone_right_head_scales2) { transformation: [-0.8562770696888261f,0.06053465542672981f,0.51295724521395f,-0.7774103948546623f,0.27917535498101076f,0.8897892528390831f,0.36102106130154377f,3.548548376849432f,-0.43456955840963357f,0.45233907748992186f,-0.7788059179790704f,3.478940003687831f,0f,0f,0f,1f], start_interpolation: 0, interpolation_duration: 1 }
$data merge entity $(bone_right_head_scales1) { transformation: [-0.9956413008236565f,0.06053465542672981f,-0.07095037411137639f,-0.7417742053192081f,0.021613888958787936f,0.8897892528390831f,0.45585954562358744f,4.324833650438817f,0.09072618088652447f,0.45233907748992186f,-0.8872193184761658f,3.6850802624204957f,0f,0f,0f,1f], start_interpolation: 0, interpolation_duration: 1 }
$data merge entity $(bone_head_left_fin1) { transformation: [-0.4253912493801646f,0.17967265269041444f,-0.9409756749518801f,0.5685382981995941f,-0.1473745579598222f,1.0050461598899663f,0.2585307606103244f,3.959373946772982f,0.94657182645698f,0.23722384448194825f,-0.382624911620081f,3.2975846276040777f,0f,0f,0f,1f], start_interpolation: 0, interpolation_duration: 1 }
$data merge entity $(bone_head_right_fin1) { transformation: [-0.5826569493863035f,-0.09043317151852436f,0.8666071306227068f,-0.7732439236135367f,0.16925778218447057f,1.0109097548279669f,0.21929083152021608f,3.9885020393150987f,-0.8547150873402284f,0.2618367947938843f,-0.5473379307066379f,3.419852332314433f,0f,0f,0f,1f], start_interpolation: 0, interpolation_duration: 1 }
$data merge entity $(bone_right_whisker16) { transformation: [-0.09513181871992399f,-0.24697642617088775f,0.9643404906893083f,-1.376511010033555f,0.9692182886305849f,-0.2439635177612945f,0.03313172174118652f,2.994532202811053f,0.2270811441996901f,0.9378083209896311f,0.2625827622513877f,1.4296089227671036f,0f,0f,0f,1f], start_interpolation: 0, interpolation_duration: 1 }
$data merge entity $(bone_right_whisker15) { transformation: [0.33798041050636407f,-0.1558125513238871f,0.9281657669640111f,-1.4903813631826717f,0.4866653252681077f,0.8730505435350631f,-0.03065305229203391f,2.8305678109970906f,-0.805559497055082f,0.4620662260791979f,0.3709025470676778f,1.7010132455053881f,0f,0f,0f,1f], start_interpolation: 0, interpolation_duration: 1 }
$data merge entity $(bone_right_whisker14) { transformation: [0.5744262866279588f,-0.23005917710640542f,0.7855617202104096f,-1.6839136570172863f,-0.14353004792331098f,0.9165145288925463f,0.37336342037217063f,2.8789251025337528f,-0.8058744111671163f,-0.327221474475618f,0.49344963275703824f,1.9725236672364963f,0f,0f,0f,1f], start_interpolation: 0, interpolation_duration: 1 }
$data merge entity $(bone_right_whisker13) { transformation: [0.09012068367151349f,-0.3439535793782775f,0.9346519125361323f,-1.7142765826683333f,0.3106047980169252f,0.9013698261271424f,0.3017566834328449f,2.7742779782018787f,-0.9462573232601394f,0.2631128498960018f,0.18806569702143933f,2.2913310661864457f,0f,0f,0f,1f], start_interpolation: 0, interpolation_duration: 1 }
$data merge entity $(bone_right_whisker12) { transformation: [-0.5524089969872726f,-0.29238754215985385f,0.7806111869793022f,-1.4661241035529569f,-0.2335671812831857f,0.9532436781791758f,0.19176251416495263f,2.8792007354189346f,-0.8001816492990467f,-0.07639381651125815f,-0.5948725182120128f,2.650787666457502f,0f,0f,0f,1f], start_interpolation: 0, interpolation_duration: 1 }
$data merge entity $(bone_right_whisker11) { transformation: [-0.9413603473466602f,-0.16589354393087083f,0.29380270340048215f,-1.0432473850183241f,-0.1277750111140719f,0.9812011920683659f,0.14462975910377754f,2.936599666192834f,-0.3122727061050551f,0.09860807657425494f,-0.9448609444019536f,2.791066421153132f,0f,0f,0f,1f], start_interpolation: 0, interpolation_duration: 1 }
$data merge entity $(bone_right_whisker10) { transformation: [-0.5589131607318591f,-0.5481866743236389f,0.6221795953378026f,-0.7921731135958094f,-0.40375627750540344f,0.8352702354923602f,0.37323518333018496f,3.1179745564784644f,-0.7242906510066953f,-0.04260286134200064f,-0.6881773383872587f,3.116431362035046f,0f,0f,0f,1f], start_interpolation: 0, interpolation_duration: 1 }
$data merge entity $(bone_right_whisker1) { transformation: [-0.023985392261113764f,-0.6305017650508643f,0.7758171338826088f,-0.7813984256660123f,-0.608992372534736f,0.6246472210699676f,0.48881912749408696f,3.391545348828053f,-0.7928133394138837f,-0.46074219849858744f,-0.3989531744078422f,3.4725779793498766f,0f,0f,0f,1f], start_interpolation: 0, interpolation_duration: 1 }
$data merge entity $(bone_left_whisker16) { transformation: [-0.17621617762822772f,0.4016056183531354f,-0.8986994970785804f,0.7589703499063043f,-0.9633277279864988f,-0.25804326744565276f,0.07357554361567578f,2.948174084732665f,-0.20235500298848025f,0.8787073457261912f,0.43234922612670984f,1.2350166856015419f,0f,0f,0f,1f], start_interpolation: 0, interpolation_duration: 1 }
$data merge entity $(bone_left_whisker15) { transformation: [0.456688427494608f,0.27415501061656283f,-0.8463301426431267f,0.9128351033102494f,-0.5039164015436229f,0.8637165884932486f,0.007868609591963283f,2.778397562728222f,0.7331466022889481f,0.42288613705750294f,0.5326005770150409f,1.4820240857867832f,0f,0f,0f,1f], start_interpolation: 0, interpolation_duration: 1 }
$data merge entity $(bone_left_whisker14) { transformation: [0.7162010009899384f,0.2063867721498046f,-0.6666788030698106f,1.1541332921203358f,0.11551245277264988f,0.9070399377160526f,0.40488939803668117f,2.817315332461195f,0.6882681159515217f,-0.3669918959182126f,0.6257826690592341f,1.7139112928212312f,0f,0f,0f,1f], start_interpolation: 0, interpolation_duration: 1 }
$data merge entity $(bone_left_whisker13) { transformation: [0.24613687487580543f,0.4242986221164011f,-0.871428320687649f,1.2370602665657975f,-0.3179044485295972f,0.8846922156647062f,0.34096399391631654f,2.710208853220266f,0.9156164046321282f,0.1931071278135449f,0.3526417966664451f,2.0223953353974853f,0f,0f,0f,1f], start_interpolation: 0, interpolation_duration: 1 }
$data merge entity $(bone_left_whisker12) { transformation: [-0.3881842763634912f,0.31452651448619734f,-0.8662482549877472f,1.0626806111681355f,0.2539860595968597f,0.9400684784189575f,0.2275133785374539f,2.824304153429793f,0.8858916689497724f,-0.1316978647064188f,-0.44480515208027505f,2.420354483558516f,0f,0f,0f,1f], start_interpolation: 0, interpolation_duration: 1 }
$data merge entity $(bone_left_whisker11) { transformation: [-0.8630686899189869f,0.22305247907584042f,-0.45316666697766506f,0.6749739731185905f,0.1669464765938672f,0.9727577535074357f,0.16084535101786643f,2.8992996409621945f,0.47669834322600424f,0.06316600802084212f,-0.8767945854054378f,2.634496317429573f,0f,0f,0f,1f], start_interpolation: 0, interpolation_duration: 1 }
$data merge entity $(bone_left_whisker10) { transformation: [-0.40096103748481404f,0.5669027821487018f,-0.719618983915213f,0.49485475706095927f,0.4245937159659192f,0.8110633050733729f,0.4023636309679459f,3.0900350993062595f,0.8117576133189969f,-0.1442135595411147f,-0.5659081431320169f,2.9991530577877157f,0f,0f,0f,1f], start_interpolation: 0, interpolation_duration: 1 }
$data merge entity $(bone_left_whisker1) { transformation: [0.14587333918310233f,0.5631791082900673f,-0.8133574004711439f,0.5603837961471185f,0.6063463668417147f,0.5987341881059107f,0.5233177384830451f,3.3624172562859362f,0.7817065001222803f,-0.5695144106857707f,-0.2541422508907459f,3.3503102746395212f,0f,0f,0f,1f], start_interpolation: 0, interpolation_duration: 1 }
$data merge entity $(bone_upper_left_tooth1) { transformation: [-0.9956413008236565f,0.05412057023301772f,-0.07595632937306919f,0.2863012664840192f,0.021613888958787936f,0.9261341133847438f,0.3765746192046559f,3.315920444696255f,0.09072618088652447f,0.37329153205331006f,-0.9232671293829529f,4.376559626216268f,0f,0f,0f,1f], start_interpolation: 0, interpolation_duration: 1 }
$data merge entity $(bone_upper_right_tooth1) { transformation: [-0.9956413008236565f,0.05412057023301772f,-0.07595632937306919f,-0.3845898444225462f,0.021613888958787936f,0.9261341133847438f,0.3765746192046559f,3.3304844909673132f,0.09072618088652447f,0.37329153205331006f,-0.9232671293829529f,4.437693478571445f,0f,0f,0f,1f], start_interpolation: 0, interpolation_duration: 1 }
$data merge entity $(bone_top_lip1) { transformation: [-0.9956413008236565f,0.024878105822023426f,-0.0898859274018207f,-0.014504341772822484f,0.021613888958787936f,0.9990774974389292f,0.03710786864323745f,3.4370057472084383f,0.09072618088652447f,0.035003342152925665f,-0.9952605317904809f,4.45069390368001f,0f,0f,0f,1f], start_interpolation: 0, interpolation_duration: 1 }
$data merge entity $(bone_muzzle1) { transformation: [-0.9956413008236565f,0.05412057023301772f,-0.07595632937306919f,-0.048038610351259226f,0.021613888958787936f,0.9261341133847438f,0.3765746192046559f,3.804475025139635f,0.09072618088652447f,0.37329153205331006f,-0.9232671293829529f,3.9951413547386023f,0f,0f,0f,1f], start_interpolation: 0, interpolation_duration: 1 }
$data merge entity $(bone_jaw_right_tooth1) { transformation: [-0.9956413008236565f,-0.0073650253128450405f,-0.0929739560109084f,-0.3817109444843396f,0.021613888958787936f,0.951517390488484f,-0.3068346385303702f,3.3591113446550196f,0.09072618088652447f,-0.30750676740541305f,-0.9472108255829946f,4.462467077775215f,0f,0f,0f,1f], start_interpolation: 0, interpolation_duration: 1 }
$data merge entity $(bone_jaw_left_tooth1) { transformation: [-0.9956413008236565f,-0.0073650253128450405f,-0.0929739560109084f,0.3450877589977729f,0.021613888958787936f,0.951517390488484f,-0.3068346385303702f,3.343333627861373f,0.09072618088652447f,-0.30750676740541305f,-0.9472108255829946f,4.396238737723773f,0f,0f,0f,1f], start_interpolation: 0, interpolation_duration: 1 }
$data merge entity $(bone_tongue1) { transformation: [-0.9956413008236565f,0.03261751188373286f,-0.08737561451968005f,-0.0887850045763505f,0.021613888958787936f,0.9920415420780467f,0.12404200335163917f,3.4427701590019297f,0.09072618088652447f,0.12161281474386434f,-0.9884225227056593f,3.6341546602964216f,0f,0f,0f,1f], start_interpolation: 0, interpolation_duration: 1 }
$data merge entity $(bone_jaw_lips1) { transformation: [-0.9956413008236565f,0.03261751188373286f,-0.08737561451968005f,0.041411563990140225f,0.021613888958787936f,0.9920415420780467f,0.12404200335163917f,3.2019903049324254f,0.09072618088652447f,0.12161281474386434f,-0.9884225227056593f,4.501389734018951f,0f,0f,0f,1f], start_interpolation: 0, interpolation_duration: 1 }
$data merge entity $(bone_jaw3) { transformation: [-0.9956413008236565f,0.008891624002558628f,-0.09284039593180493f,-0.042748660716499194f,0.021613888958787936f,0.9903429791048938f,-0.13694387004068875f,2.9955393216985904f,0.09072618088652447f,-0.13835361491569687f,-0.9862185545514262f,3.6269873707506877f,0f,0f,0f,1f], start_interpolation: 0, interpolation_duration: 1 }
$data merge entity $(bone_jaw1) { transformation: [-0.9956413008236565f,0.07193540115939351f,-0.05936074590345294f,-0.09608058086413271f,0.021613888958787936f,0.797112175373258f,0.6034442970778575f,3.5376963073544783f,0.09072618088652447f,0.5995310483467471f,-0.7951926069638701f,2.9125565129315856f,0f,0f,0f,1f], start_interpolation: 0, interpolation_duration: 1 }
$data merge entity $(bone_tear_right1) { transformation: [-0.9956413008236565f,0.06053465542672981f,-0.07095037411137639f,-0.6532222831424104f,0.021613888958787936f,0.8897892528390831f,0.45585954562358744f,3.8982635170631528f,0.09072618088652447f,0.45233907748992186f,-0.8872193184761658f,4.015778388245777f,0f,0f,0f,1f], start_interpolation: 0, interpolation_duration: 1 }
$data merge entity $(bone_right_pupil1) { transformation: [-0.9956413008236565f,0.06053465542672981f,-0.07095037411137639f,-0.4571484241355265f,0.021613888958787936f,0.8897892528390831f,0.45585954562358744f,3.9634688177979656f,0.09072618088652447f,0.45233907748992186f,-0.8872193184761658f,4.109549743177626f,0f,0f,0f,1f], start_interpolation: 0, interpolation_duration: 1 }
$data merge entity $(bone_right_sad_pupil1) { transformation: [-0.9956413008236565f,0.06053465542672981f,-0.07095037411137639f,-0.4579452300947851f,0.021613888958787936f,0.8897892528390831f,0.45585954562358744f,3.96858833417948f,0.09072618088652447f,0.45233907748992186f,-0.8872193184761658f,4.099585854347083f,0f,0f,0f,1f], start_interpolation: 0, interpolation_duration: 1 }
$data merge entity $(bone_right_happy_pupil1) { transformation: [-0.9956413008236565f,0.06053465542672981f,-0.07095037411137639f,-0.4875982282094791f,0.021613888958787936f,0.8897892528390831f,0.45585954562358744f,3.9442136054460577f,0.09072618088652447f,0.45233907748992186f,-0.8872193184761658f,4.0894332784644645f,0f,0f,0f,1f], start_interpolation: 0, interpolation_duration: 1 }
$data merge entity $(bone_eyelid_right1) { transformation: [-0.9956413008236565f,0.06053465542672981f,-0.07095037411137639f,-0.07069587019772047f,0.021613888958787936f,0.8897892528390831f,0.45585954562358744f,4.165255130473329f,0.09072618088652447f,0.45233907748992186f,-0.8872193184761658f,3.5367639255832066f,0f,0f,0f,1f], start_interpolation: 0, interpolation_duration: 1 }
$data merge entity $(bone_eyelid_expressions_right5) { transformation: [-0.9956413008236565f,0.06053465542672981f,-0.07095037411137639f,-0.579734009649332f,0.021613888958787936f,0.8897892528390831f,0.45585954562358744f,4.071307272594893f,0.09072618088652447f,0.45233907748992186f,-0.8872193184761658f,4.162102942185315f,0f,0f,0f,1f], start_interpolation: 0, interpolation_duration: 1 }
$data merge entity $(bone_eyelid_expressions_right7) { transformation: [-0.9956413008236565f,0.06053465542672981f,-0.07095037411137639f,-0.24428845419604922f,0.021613888958787936f,0.8897892528390831f,0.45585954562358744f,4.064025249459365f,0.09072618088652447f,0.45233907748992186f,-0.8872193184761658f,4.131536016007726f,0f,0f,0f,1f], start_interpolation: 0, interpolation_duration: 1 }
$data merge entity $(bone_eyelid_expressions_right6) { transformation: [-0.9956413008236565f,0.06053465542672981f,-0.07095037411137639f,-0.3561036393471435f,0.021613888958787936f,0.8897892528390831f,0.45585954562358744f,4.066452590504541f,0.09072618088652447f,0.45233907748992186f,-0.8872193184761658f,4.141724991400256f,0f,0f,0f,1f], start_interpolation: 0, interpolation_duration: 1 }
$data merge entity $(bone_right_eye1) { transformation: [-0.9956413008236565f,0.06053465542672981f,-0.07095037411137639f,-0.08108058275357127f,0.021613888958787936f,0.8897892528390831f,0.45585954562358744f,4.160378348196332f,0.09072618088652447f,0.45233907748992186f,-0.8872193184761658f,3.5477467119530024f,0f,0f,0f,1f], start_interpolation: 0, interpolation_duration: 1 }
$data merge entity $(bone_tear_left1) { transformation: [-0.9956413008236565f,0.06053465542672981f,-0.07095037411137639f,0.5543817164894074f,0.021613888958787936f,0.8897892528390831f,0.45585954562358744f,3.872048233775248f,0.09072618088652447f,0.45233907748992186f,-0.8872193184761658f,3.9057374540064576f,0f,0f,0f,1f], start_interpolation: 0, interpolation_duration: 1 }
$data merge entity $(bone_left_sad_pupil1) { transformation: [-0.9956413008236565f,0.06053465542672981f,-0.07095037411137639f,0.38066865853842163f,0.021613888958787936f,0.8897892528390831f,0.45585954562358744f,3.9503832763406574f,0.09072618088652447f,0.45233907748992186f,-0.8872193184761658f,4.023168538903111f,0f,0f,0f,1f], start_interpolation: 0, interpolation_duration: 1 }
$data merge entity $(bone_left_pupil1) { transformation: [-0.9956413008236565f,0.06053465542672981f,-0.07095037411137639f,0.38146546449768026f,0.021613888958787936f,0.8897892528390831f,0.45585954562358744f,3.9452637599591425f,0.09072618088652447f,0.45233907748992186f,-0.8872193184761658f,4.033132427733654f,0f,0f,0f,1f], start_interpolation: 0, interpolation_duration: 1 }
$data merge entity $(bone_eyelid_left1) { transformation: [-0.9956413008236565f,0.06053465542672981f,-0.07095037411137639f,-0.09305890722793932f,0.021613888958787936f,0.8897892528390831f,0.45585954562358744f,4.165740598682365f,0.09072618088652447f,0.45233907748992186f,-0.8872193184761658f,3.5388017206617124f,0f,0f,0f,1f], start_interpolation: 0, interpolation_duration: 1 }
$data merge entity $(bone_left_happy_pupil1) { transformation: [-0.9956413008236565f,0.06053465542672981f,-0.07095037411137639f,0.40692325299927473f,0.021613888958787936f,0.8897892528390831f,0.45585954562358744f,3.924794877084647f,0.09072618088652447f,0.45233907748992186f,-0.8872193184761658f,4.007921475324228f,0f,0f,0f,1f], start_interpolation: 0, interpolation_duration: 1 }
$data merge entity $(bone_eyelid_expressions_left5) { transformation: [-0.9956413008236565f,0.06053465542672981f,-0.07095037411137639f,0.5160548048313917f,0.021613888958787936f,0.8897892528390831f,0.45585954562358744f,4.0475193303521655f,0.09072618088652447f,0.45233907748992186f,-0.8872193184761658f,4.062250983338524f,0f,0f,0f,1f], start_interpolation: 0, interpolation_duration: 1 }
$data merge entity $(bone_eyelid_expressions_left7) { transformation: [-0.9956413008236565f,0.06053465542672981f,-0.07095037411137639f,0.1806092493781088f,0.021613888958787936f,0.8897892528390831f,0.45585954562358744f,4.0548013534876945f,0.09072618088652447f,0.45233907748992186f,-0.8872193184761658f,4.092817909516113f,0f,0f,0f,1f], start_interpolation: 0, interpolation_duration: 1 }
$data merge entity $(bone_eyelid_expressions_left6) { transformation: [-0.9956413008236565f,0.06053465542672981f,-0.07095037411137639f,0.2924244345292031f,0.021613888958787936f,0.8897892528390831f,0.45585954562358744f,4.0523740124425185f,0.09072618088652447f,0.45233907748992186f,-0.8872193184761658f,4.0826289341235835f,0f,0f,0f,1f], start_interpolation: 0, interpolation_duration: 1 }
$data merge entity $(bone_left_eye1) { transformation: [-0.9956413008236565f,0.06053465542672981f,-0.07095037411137639f,-0.08108058275357127f,0.021613888958787936f,0.8897892528390831f,0.45585954562358744f,4.160378348196332f,0.09072618088652447f,0.45233907748992186f,-0.8872193184761658f,3.5477467119530024f,0f,0f,0f,1f], start_interpolation: 0, interpolation_duration: 1 }
$data merge entity $(bone_crest_middle5) { transformation: [-0.9956413008236565f,0.04374327080406704f,-0.08237066439903974f,0.03662817141889611f,0.021613888958787936f,0.967363758789794f,0.2524682118290514f,5.176030152504743f,0.09072618088652447f,0.24958742844831677f,-0.9640927733689855f,4.597537531679212f,0f,0f,0f,1f], start_interpolation: 0, interpolation_duration: 1 }
$data merge entity $(bone_crest_middle4) { transformation: [-0.9956413008236565f,0.04374327080406704f,-0.08237066439903974f,0.007152725271624371f,0.021613888958787936f,0.967363758789794f,0.2524682118290514f,4.5241932447264634f,0.09072618088652447f,0.24958742844831677f,-0.9640927733689855f,4.429358502744311f,0f,0f,0f,1f], start_interpolation: 0, interpolation_duration: 1 }
$data merge entity $(bone_crest_middle1) { transformation: [-0.9956413008236565f,0.04374327080406704f,-0.08237066439903974f,-0.008015870943495765f,0.021613888958787936f,0.967363758789794f,0.2524682118290514f,4.014050450437131f,0.09072618088652447f,0.24958742844831677f,-0.9640927733689855f,4.384428680739634f,0f,0f,0f,1f], start_interpolation: 0, interpolation_duration: 1 }
$data merge entity $(bone_crest_left5) { transformation: [-0.5860120915486073f,-0.8095453684448609f,0.03501606757334398f,-1.094870585064541f,-0.7388275103483131f,0.5515679755324998f,0.38717783810478246f,4.584229793109366f,-0.3327517671047595f,0.20102006068164963f,-0.9213398920551555f,4.495346908757797f,0f,0f,0f,1f], start_interpolation: 0, interpolation_duration: 1 }
$data merge entity $(bone_crest_left4) { transformation: [-0.5860120915486073f,-0.8095453684448609f,0.03501606757334398f,-0.6402918869631786f,-0.7388275103483131f,0.5515679755324998f,0.38717783810478246f,4.274511447473441f,-0.3327517671047595f,0.20102006068164963f,-0.9213398920551555f,4.382469433277378f,0f,0f,0f,1f], start_interpolation: 0, interpolation_duration: 1 }
$data merge entity $(bone_crest_left1) { transformation: [-0.5860120915486073f,-0.8095453684448609f,0.03501606757334398f,-0.13828908478852908f,-0.7388275103483131f,0.5515679755324998f,0.38717783810478246f,3.9555622103315655f,-0.3327517671047595f,0.20102006068164963f,-0.9213398920551555f,4.206568815919649f,0f,0f,0f,1f], start_interpolation: 0, interpolation_duration: 1 }
$data merge entity $(bone_crest_center1) { transformation: [-0.9956413008236565f,0.06053465542672981f,-0.07095037411137639f,-0.028173459272947836f,0.021613888958787936f,0.8897892528390831f,0.45585954562358744f,3.928153313059164f,0.09072618088652447f,0.45233907748992186f,-0.8872193184761658f,4.18368005340109f,0f,0f,0f,1f], start_interpolation: 0, interpolation_duration: 1 }
$data merge entity $(bone_crest_right5) { transformation: [-0.4839032704243383f,0.8555175814226316f,-0.18419362841694825f,1.1045098530935435f,0.76205377849313f,0.5154219401299347f,0.3919365539434126f,4.53648452126382f,0.43024605001902483f,0.04929392974256751f,-0.9013647679677531f,4.294931972871208f,0f,0f,0f,1f], start_interpolation: 0, interpolation_duration: 1 }
$data merge entity $(bone_crest_right4) { transformation: [-0.4839032704243383f,0.8555175814226316f,-0.18419362841694825f,0.6241166799314213f,0.76205377849313f,0.5154219401299347f,0.3919365539434126f,4.24706302167914f,0.43024605001902483f,0.04929392974256751f,-0.9013647679677531f,4.267252275994277f,0f,0f,0f,1f], start_interpolation: 0, interpolation_duration: 1 }
$data merge entity $(bone_crest_right1) { transformation: [-0.4839032704243383f,0.8555175814226316f,-0.18419362841694825f,0.08534128551365937f,0.76205377849313f,0.5154219401299347f,0.3919365539434126f,3.950707528241213f,0.43024605001902483f,0.04929392974256751f,-0.9013647679677531f,4.18619086513459f,0f,0f,0f,1f], start_interpolation: 0, interpolation_duration: 1 }
$data merge entity $(bone_head1) { transformation: [-1.0436083947435457f,0.06345103856577797f,-0.0743685561974713f,-0.12830407329310498f,0.022655183088312863f,0.9326567038222155f,0.47782152894139024f,4.391987997189175f,0.09509710366360959f,0.4741314549210767f,-0.9299629575173347f,2.974332926902372f,0f,0f,0f,1f], start_interpolation: 0, interpolation_duration: 1 }
$data merge entity $(bone_neck10) { transformation: [-1.4941066133548138f,0.0426847911653991f,0.08954171216032883f,-0.0773110407284904f,0.049241427636087305f,1.4925262792799245f,0.11015838210146431f,4.022717960652491f,-0.08611034442967284f,0.11286095846668388f,-1.4906514328709486f,1.8783854934418165f,0f,0f,0f,1f], start_interpolation: 0, interpolation_duration: 1 }
$data merge entity $(bone_neck9) { transformation: [-1.1429915592164333f,-0.034465821907819626f,0.0676058516605041f,-0.036948165635427195f,0.03766969214160681f,0.6282164013077747f,0.9571380756820839f,3.3364494197656387f,-0.06587441348869977f,0.9572587992526702f,-0.6257030457009076f,0.7856099166072006f,0f,0f,0f,1f], start_interpolation: 0, interpolation_duration: 1 }
$data merge entity $(bone_neck8) { transformation: [-1.060815695481918f,-0.04234065391463836f,0.05628025090752855f,0.00851412355219553f,0.03496141362162199f,0.42092328752734415f,0.9756492315231275f,2.9655747772570256f,-0.061138344545067724f,0.9753568538951125f,-0.41860631598559866f,-0.21529078092762655f,0f,0f,0f,1f], start_interpolation: 0, interpolation_duration: 1 }
$data merge entity $(bone_neck7) { transformation: [-1.054404190420701f,0.006936384462806582f,0.05109112102757058f,0.0015039477653165378f,0.05087211424440281f,0.31024046465158006f,1.007764602940131f,2.6520338821304286f,-0.008393096542644926f,1.0090239608242013f,-0.3102044733189222f,-1.2350490392074045f,0f,0f,0f,1f], start_interpolation: 0, interpolation_duration: 1 }
$data merge entity $(bone_neck6) { transformation: [-1.0486297696745657f,0.037490460696453974f,0.028046099957890636f,-0.03250431413514289f,0.028447887445393887f,0.010786605803441688f,1.0492334721352288f,2.6577474797482727f,0.03718650381488629f,1.0489492965371687f,-0.011791922744686155f,-2.1984258547312843f,0f,0f,0f,1f], start_interpolation: 0, interpolation_duration: 1 }
$data merge entity $(bone_neck_spine6) { transformation: [-1.250401220392567f,0.23158234807722813f,-0.05340199075433877f,-0.604599205680008f,-0.0037179409360515946f,0.2668982723638013f,1.2444825662262706f,3.1528296549080226f,0.23763066610327252f,1.2227511180878003f,-0.2615277007490017f,-5.920613600403138f,0f,0f,0f,1f], start_interpolation: 0, interpolation_duration: 1 }
$data merge entity $(bone_neck_spine7) { transformation: [-0.9986430286362348f,0.04259623576208899f,0.02996100891407164f,-1.1278579876744845f,0.026522794807478944f,-0.07910871886675697f,0.9965130967302239f,3.2629345137687364f,0.04481788383947771f,0.9959555066859972f,0.07787159937994173f,-9.159759651759378f,0f,0f,0f,1f], start_interpolation: 0, interpolation_duration: 1 }
$data merge entity $(bone_tail6) { transformation: [-1.6306893666300604f,-0.5226278729181386f,0.1816981935403926f,-0.15785524781227023f,0.24420171086366835f,-0.17236260109441853f,1.6958651466677268f,4.122834728994071f,-0.4965074536178055f,1.6317025395948113f,0.2373375408757209f,-12.790460798799266f,0f,0f,0f,1f], start_interpolation: 0, interpolation_duration: 1 }
$data merge entity $(bone_tail5) { transformation: [-1.347091215911789f,-0.4512413602735113f,0.07284799250250167f,-0.44284979114290896f,0.2017318481047695f,-0.3834926280574816f,1.3549236158933962f,3.880628858641978f,-0.4101583312494915f,1.2934044140267624f,0.4271481058164198f,-11.973573800466575f,0f,0f,0f,1f], start_interpolation: 0, interpolation_duration: 1 }
$data merge entity $(bone_tail4) { transformation: [-0.9967257987883782f,-0.31928332911803375f,0.057192969866480786f,-0.5796855036220663f,0.1621847888679127f,-0.33050528503558757f,0.9813957147086944f,3.738983736483869f,-0.28090741235274197f,0.9420719772586508f,0.3636847719859004f,-11.569828667355724f,0f,0f,0f,1f], start_interpolation: 0, interpolation_duration: 1 }
$data merge entity $(bone_segment18) { transformation: [-0.9030190120244399f,-0.4261213551429015f,0.05456422466764876f,-0.8189626317540666f,0.19456337590576003f,-0.29242043968729353f,0.9362880855854376f,3.5747828059953988f,-0.38301665326530954f,0.8561021417706344f,0.34696882594431244f,-11.089107249857564f,0f,0f,0f,1f], start_interpolation: 0, interpolation_duration: 1 }
$data merge entity $(bone_segment17) { transformation: [-0.9579847566039438f,-0.2841357369031535f,0.0391419101345951f,-1.0263761701672576f,0.14221276853018044f,-0.3520386364889361f,0.9251185474770204f,3.317801477113094f,-0.24907977553680288f,0.8918159459403677f,0.3776553772753981f,-10.43809902760129f,0f,0f,0f,1f], start_interpolation: 0, interpolation_duration: 1 }
$data merge entity $(bone_segment16) { transformation: [-0.9904338961656807f,-0.13493700350637605f,0.028856583491295617f,-1.1551856632605024f,0.08139936623054793f,-0.40247785788554163f,0.9118035518076966f,2.9336002016413f,-0.11142190315792931f,0.9054300519623735f,0.4096114994724624f,-9.573784695771971f,0f,0f,0f,1f], start_interpolation: 0, interpolation_duration: 1 }
$data merge entity $(bone_segment15) { transformation: [-0.9986430286362348f,0.033390324507851635f,0.0399648293566845f,-1.1158118186870347f,0.026522794807478944f,-0.3343297227659143f,0.942082893290642f,2.5393588537508296f,0.04481788383947771f,0.941864492750697f,0.3329904421805885f,-8.463138821751985f,0f,0f,0f,1f], start_interpolation: 0, interpolation_duration: 1 }
$data merge entity $(bone_segment14) { transformation: [-1.0244457551535693f,0.21897273852721008f,0.035171473595792396f,-0.8694674878439235f,-0.0020831855149075185f,-0.175721519585301f,1.0333406049884593f,2.341672144217366f,0.2217695946497534f,1.0098752820827428f,0.17217827839874958f,-7.327029129408899f,0f,0f,0f,1f], start_interpolation: 0, interpolation_duration: 1 }
$data merge entity $(bone_segment13) { transformation: [-1.0076762776104804f,0.19126590165231735f,-0.009974278389927019f,-0.6388377299035641f,-0.002996222989641579f,0.03766803566622987f,1.0250198795926018f,2.3589820021546646f,0.1915023603302843f,1.0070213929094862f,-0.03644683846036934f,-6.113195525577925f,0f,0f,0f,1f], start_interpolation: 0, interpolation_duration: 1 }
$data merge entity $(bone_segment12) { transformation: [-1.0860339257571772f,0.2530913295271171f,-0.030805392617634448f,-0.3330898150385905f,0.0031282031599981068f,0.14800454074656794f,1.1056937873819601f,2.537779433929042f,0.25494000792562976f,1.076342564441391f,-0.1447969527382607f,-4.812915917527922f,0f,0f,0f,1f], start_interpolation: 0, interpolation_duration: 1 }
$data merge entity $(bone_segment11) { transformation: [-1.1714883142507737f,0.2097141655190786f,-0.02753069624735352f,-0.09073140006745431f,-0.0037032582686047735f,0.13458674737898216f,1.1827914161801687f,2.69331604582245f,0.21148110159875647f,1.1640572224302077f,-0.13179289607559996f,-3.4676607571738503f,0f,0f,0f,1f], start_interpolation: 0, interpolation_duration: 1 }
$data merge entity $(bone_segment10) { transformation: [-1.0470758333434975f,0.04802211456005028f,0.0011286125885856893f,-0.030101586561702143f,3.6365947868784625e-18f,-0.024627388687083425f,1.0478877276462535f,2.677852310929338f,0.04803537501876827f,1.0467867816632048f,0.024601514326755853f,-2.1460511626366587f,0f,0f,0f,1f], start_interpolation: 0, interpolation_duration: 1 }