# This file was generated by Animated Java via MC-Build. It is not recommended to edit this file directly.
$data merge entity $(bone_neck_spine5) { transformation: [-1.5672785320401696f,0.020731150163835945f,0.12339942453486985f,0.2577516027166872f,0.10613076054463083f,1.0415904612370372f,1.1729640950527327f,3.592369204322388f,-0.06628318209674901f,1.1775732359516085f,-1.0396860147651448f,0.6063612309666215f,0f,0f,0f,1f], start_interpolation: 0, interpolation_duration: 1 }
$data merge entity $(bone_neck_spine2) { transformation: [-1.4926462209906373f,0.09706257785311338f,0.06914041240045625f,0.11095508342270105f,0.10107691480441028f,1.4913586133905348f,0.0884716069906634f,4.445747632332333f,-0.06312684009214188f,0.0928580848951599f,-1.493180049362304f,2.7798829392614763f,0f,0f,0f,1f], start_interpolation: 0, interpolation_duration: 1 }
$data merge entity $(bone_scale_neck_left1) { transformation: [-1.5611360128625458f,0.48601113445827376f,0.1992551313364034f,0.837701275394824f,0.5250671721795789f,1.4264969822175968f,0.6344020060348976f,3.496567346685091f,0.014625145491452914f,0.6647966739871247f,-1.5069461066052374f,2.7234382630571456f,0f,0f,0f,1f], start_interpolation: 0, interpolation_duration: 1 }
$data merge entity $(bone_scale_neck_right1) { transformation: [-1.6107921627462543f,-0.34375806547803583f,0.015299728485021116f,-0.729577256645345f,-0.31027500678693953f,1.4826861243933114f,0.6468588389537389f,3.602698107229722f,-0.14877200488089698f,0.6297041605293813f,-1.5147259295375448f,2.6571550809603965f,0f,0f,0f,1f], start_interpolation: 0, interpolation_duration: 1 }
$data merge entity $(bone_blush_right1) { transformation: [-0.9980967726346756f,0.04992218166032057f,0.03620232360662097f,-0.6732499627137497f,0.061042889508874515f,0.8831412731558471f,0.46511854111514056f,2.91347109503403f,-0.008752033858017899f,0.46644320921945404f,-0.8845078487364626f,3.8511631345507773f,0f,0f,0f,1f], start_interpolation: 0, interpolation_duration: 1 }
$data merge entity $(bone_blush_left1) { transformation: [-0.9980967726346756f,0.04992218166032057f,0.03620232360662097f,0.6494232018031006f,0.061042889508874515f,0.8831412731558471f,0.46511854111514056f,2.832577343995414f,-0.008752033858017899f,0.46644320921945404f,-0.8845078487364626f,3.862761288794264f,0f,0f,0f,1f], start_interpolation: 0, interpolation_duration: 1 }
$data merge entity $(bone_left_head_scales) { transformation: [-0.9020390226084208f,0.04992218166032057f,-0.4287579474131279f,0.711304431225028f,-0.16062213706694534f,0.8831412731558471f,0.44075165425976204f,3.6593901577195234f,0.40065712370516027f,0.46644320921945404f,-0.788609283357332f,3.8556836893455166f,0f,0f,0f,1f], start_interpolation: 0, interpolation_duration: 1 }
$data merge entity $(bone_left_head_scales2) { transformation: [-0.8383578114638526f,0.04992218166032057f,-0.5428295825909023f,0.6603539351804605f,-0.2167776275631182f,0.8831412731558471f,0.4160155668202518f,2.787590431502979f,0.5001636133763084f,0.46644320921945404f,-0.7295663728732373f,3.585615184877882f,0f,0f,0f,1f], start_interpolation: 0, interpolation_duration: 1 }
$data merge entity $(bone_left_head_scales1) { transformation: [-0.9980967726346756f,0.04992218166032057f,0.03620232360662097f,0.7056979362143474f,0.061042889508874515f,0.8831412731558471f,0.46511854111514056f,3.5602092530194036f,-0.008752033858017899f,0.46644320921945404f,-0.8845078487364626f,3.8032999304976287f,0f,0f,0f,1f], start_interpolation: 0, interpolation_duration: 1 }
$data merge entity $(bone_right_head_scales) { transformation: [-0.8686062771659345f,0.04992218166032057f,0.49298165386372084f,-0.6337869225209215f,0.26891354563269115f,0.8831412731558471f,0.3843787151025976f,3.7416549892842177f,-0.41618342139396924f,0.46644320921945404f,-0.7805268043634804f,3.843888956216547f,0f,0f,0f,1f], start_interpolation: 0, interpolation_duration: 1 }
$data merge entity $(bone_right_head_scales2) { transformation: [-0.7968282119400265f,0.04992218166032057f,0.6021399973716527f,-0.684737418565489f,0.3167844430241214f,0.8831412731558471f,0.34599004076211f,2.8698552630676737f,-0.5145021062292722f,0.46644320921945404f,-0.7195264520910261f,3.5738204517489125f,0f,0f,0f,1f], start_interpolation: 0, interpolation_duration: 1 }
$data merge entity $(bone_right_head_scales1) { transformation: [-0.9980967726346756f,0.04992218166032057f,0.03620232360662097f,-0.6393934175316021f,0.061042889508874515f,0.8831412731558471f,0.46511854111514056f,3.642474084584098f,-0.008752033858017899f,0.46644320921945404f,-0.8845078487364626f,3.791505197368659f,0f,0f,0f,1f], start_interpolation: 0, interpolation_duration: 1 }
$data merge entity $(bone_head_left_fin1) { transformation: [-0.5234666562740586f,0.1944357230483128f,-0.8870471280586559f,0.6877228528344309f,-0.13733635654097323f,0.9951423558814844f,0.2991748898685736f,3.2274572549286686f,0.8976617308131617f,0.26563440883760203f,-0.4715050115324232f,3.5323605371583513f,0f,0f,0f,1f], start_interpolation: 0, interpolation_duration: 1 }
$data merge entity $(bone_head_right_fin1) { transformation: [-0.48706761245974806f,-0.07633624190507729f,0.9249935767829653f,-0.6573685009115185f,0.1991399144749567f,1.0117025768860266f,0.18835176773859497f,3.309722086493363f,-0.9065228256259417f,0.2632600845535764f,-0.45561572901423875f,3.5205658040293817f,0f,0f,0f,1f], start_interpolation: 0, interpolation_duration: 1 }
$data merge entity $(bone_right_whisker16) { transformation: [-0.0791694888773649f,-0.3490103589256437f,0.9337686873061711f,-1.0970441203493762f,0.9705013548911231f,-0.24097002876262638f,-0.00778237705551179f,2.3561258062454953f,0.22772639764724692f,0.9056076493718092f,0.3577925002202753f,1.4686604634608842f,0f,0f,0f,1f], start_interpolation: 0, interpolation_duration: 1 }
$data merge entity $(bone_right_whisker15) { transformation: [0.4358000385107607f,-0.1668024534482329f,0.8844519591010409f,-1.243871281761693f,0.4787874525808472f,0.8750646648695475f,-0.07088305543562512f,2.194815580522456f,-0.762129189629398f,0.45435533871673317f,0.4612161364202696f,1.7254325048887575f,0f,0f,0f,1f], start_interpolation: 0, interpolation_duration: 1 }
$data merge entity $(bone_right_whisker14) { transformation: [0.6461074137911095f,-0.15990738181900127f,0.7463074695351479f,-1.461553955353424f,-0.16040737991606754f,0.9275192400741045f,0.3376055860924379f,2.2488590825449593f,-0.7462001623643798f,-0.3378426979115403f,0.5736267332989508f,1.9768378330291f,0f,0f,0f,1f], start_interpolation: 0, interpolation_duration: 1 }
$data merge entity $(bone_right_whisker13) { transformation: [0.1965324551500664f,-0.3328243748789506f,0.9222813722281951f,-1.527768503231132f,0.313943642907615f,0.9124662135328738f,0.2623829229177772f,2.143087054416905f,-0.9288780238279855f,0.2379776137526723f,0.28381732188504794f,2.2897899016039585f,0f,0f,0f,1f], start_interpolation: 0, interpolation_duration: 1 }
$data merge entity $(bone_right_whisker12) { transformation: [-0.4783048395866405f,-0.24553454582111497f,0.8431709596733136f,-1.3129050010730707f,-0.2049821365956149f,0.9648128230297692f,0.16467707853257585f,2.2351688735907165f,-0.8539360655837736f,-0.09406914119809058f,-0.5118048383608337f,2.673393993565419f,0f,0f,0f,1f], start_interpolation: 0, interpolation_duration: 1 }
$data merge entity $(bone_right_whisker11) { transformation: [-0.9096725832298158f,-0.1361902307814028f,0.3923620934286361f,-0.9042630203253018f,-0.08732781206746187f,0.9863091633328722f,0.139885980588191f,2.2743981641678968f,-0.40604143207252097f,0.09298631816196377f,-0.9091115993513549f,2.855795418129247f,0f,0f,0f,1f], start_interpolation: 0, interpolation_duration: 1 }
$data merge entity $(bone_right_whisker10) { transformation: [-0.49906434606443095f,-0.5078745042120414f,0.7021383527900003f,-0.6800739586166709f,-0.37534582062156685f,0.8569933540210037f,0.35309758722731754f,2.443010544525241f,-0.7810571639958271f,-0.08732627975130824f,-0.6183234003622957f,3.206660941017997f,0f,0f,0f,1f], start_interpolation: 0, interpolation_duration: 1 }
$data merge entity $(bone_right_whisker1) { transformation: [0.03154308933944888f,-0.5561482543396224f,0.830484288057224f,-0.6942437057808765f,-0.6014516331571467f,0.6530629331855691f,0.46017902850049786f,2.713193895357553f,-0.7982862685074351f,-0.5140115995714996f,-0.3138966534043071f,3.5652661006990716f,0f,0f,0f,1f], start_interpolation: 0, interpolation_duration: 1 }
$data merge entity $(bone_left_whisker16) { transformation: [-0.19284771168666082f,0.30117123246947075f,-0.9338659694142617f,1.0437038092656772f,-0.9538649761613214f,-0.2807346729658824f,0.10644083167422808f,2.225199183780927f,-0.23011164105707702f,0.9113089114716041f,0.34141572975254064f,1.4874320884928096f,0f,0f,0f,1f], start_interpolation: 0, interpolation_duration: 1 }
$data merge entity $(bone_left_whisker15) { transformation: [0.3608286287270984f,0.26422550366377523f,-0.8944202501646226f,1.165272048436428f,-0.5275086958982038f,0.8487033012396756f,0.03791150506973867f,2.047474086041786f,0.7691146055320353f,0.4581349033619915f,0.4456176992431977f,1.7465576147706925f,0f,0f,0f,1f], start_interpolation: 0, interpolation_duration: 1 }
$data merge entity $(bone_left_whisker14) { transformation: [0.6477028463698671f,0.2776149397457354f,-0.7095146002968113f,1.3834922456997132f,0.08127886360198644f,0.9007606857282743f,0.426642629583471f,2.0748580781733144f,0.7575452258023558f,-0.3340061859850812f,0.5608610332228092f,2.0017852543232437f,0f,0f,0f,1f], start_interpolation: 0, interpolation_duration: 1 }
$data merge entity $(bone_left_whisker13) { transformation: [0.14055438895980593f,0.43732250658025223f,-0.8882530545866424f,1.4308469958863665f,-0.3345596348074561f,0.8653645774195529f,0.3731139221537845f,1.962140232461818f,0.931833844900279f,0.24473081821839288f,0.26794124750123627f,2.3157331805835915f,0f,0f,0f,1f], start_interpolation: 0, interpolation_duration: 1 }
$data merge entity $(bone_left_whisker12) { transformation: [-0.46460814495573033f,0.3628762952156327f,-0.8077500021735512f,1.2221363057695345f,0.2626500248305072f,0.9276028482420825f,0.265646231649745f,2.0801275483036474f,0.8456679230627877f,-0.08873415522645701f,-0.5262813065261944f,2.6956230678969533f,0f,0f,0f,1f], start_interpolation: 0, interpolation_duration: 1 }
$data merge entity $(bone_left_whisker11) { transformation: [-0.8992065754121988f,0.2537150192026455f,-0.3564494687420178f,0.8181958519710855f,0.19795757627801724f,0.9624628352550055f,0.18568276373166423f,2.169053803272288f,0.39017987227636236f,0.09640528919046577f,-0.9156777203178553f,2.8708991823961005f,0f,0f,0f,1f], start_interpolation: 0, interpolation_duration: 1 }
$data merge entity $(bone_left_whisker10) { transformation: [-0.463177114371975f,0.6099650096603562f,-0.642969398736901f,0.6101280076242999f,0.43419582471007523f,0.7886270835301736f,0.43536342166864467f,2.364102708903767f,0.7726195354289122f,-0.07752425499631749f,-0.6301182772788598f,3.217974364327057f,0f,0f,0f,1f], start_interpolation: 0, interpolation_duration: 1 }
$data merge entity $(bone_left_whisker1) { transformation: [0.09064546023685137f,0.6404765002298364f,-0.7626095024268907f,0.650847647965073f,0.5939786682748469f,0.5798782133472816f,0.5576115129008761f,2.6309290637928586f,0.7993577060195823f,-0.503518728885535f,-0.3278660511376654f,3.577060833828041f,0f,0f,0f,1f], start_interpolation: 0, interpolation_duration: 1 }
$data merge entity $(bone_upper_left_tooth1) { transformation: [-0.9980967726346756f,0.05288745309031046f,0.03171355801332869f,0.27380668259653634f,0.061042889508874515f,0.9203184059004461f,0.38637779103006026f,2.5876761397749655f,-0.008752033858017899f,0.3875783134625592f,-0.9217952336809225f,4.5702577997739136f,0f,0f,0f,1f], start_interpolation: 0, interpolation_duration: 1 }
$data merge entity $(bone_upper_right_tooth1) { transformation: [-0.9980967726346756f,0.05288745309031046f,0.03171355801332869f,-0.39873899427643833f,0.061042889508874515f,0.9203184059004461f,0.38637779103006026f,2.6288085555573124f,-0.008752033858017899f,0.3875783134625592f,-0.9217952336809225f,4.564360433209429f,0f,0f,0f,1f], start_interpolation: 0, interpolation_duration: 1 }
$data merge entity $(bone_top_lip1) { transformation: [-0.9980967726346756f,0.06054462505821122f,0.01171242215791322f,-0.027909600831373303f,0.061042889508874515f,0.9969654022640562f,0.04830892597518588f,2.720220153143915f,-0.008752033858017899f,0.04893194319694727f,-0.9987637692859704f,4.615434390756496f,0f,0f,0f,1f], start_interpolation: 0, interpolation_duration: 1 }
$data merge entity $(bone_muzzle1) { transformation: [-0.9980967726346756f,0.05288745309031046f,0.03171355801332869f,-0.0011924313824059687f,0.061042889508874515f,0.9203184059004461f,0.38637779103006026f,3.092214444999493f,-0.008752033858017899f,0.3875783134625592f,-0.9217952336809225f,4.163115054531653f,0f,0f,0f,1f], start_interpolation: 0, interpolation_duration: 1 }
$data merge entity $(bone_jaw_right_tooth1) { transformation: [-0.9980967726346756f,0.06089922170059088f,-0.009701404666687863f,-0.3972299255503499f,0.061042889508874515f,0.9533636574723303f,-0.2955867085161107f,2.6571058443910527f,-0.008752033858017899f,-0.2956163415767863f,-0.9552666541317691f,4.589629034093935f,0f,0f,0f,1f], start_interpolation: 0, interpolation_duration: 1 }
$data merge entity $(bone_jaw_left_tooth1) { transformation: [-0.9980967726346756f,0.06089922170059088f,-0.009701404666687863f,0.33136122439537263f,0.061042889508874515f,0.9533636574723303f,-0.2955867085161107f,2.61254572729351f,-0.008752033858017899f,-0.2956163415767863f,-0.9552666541317691f,4.596017847872126f,0f,0f,0f,1f], start_interpolation: 0, interpolation_duration: 1 }
$data merge entity $(bone_tongue1) { transformation: [-0.9980967726346756f,0.05929342962839559f,0.01694466462185229f,-0.01980423283745681f,0.061042889508874515f,0.9889612475916479f,0.1350163560550282f,2.7352166095627144f,-0.008752033858017899f,0.13579374052169454f,-0.9906984717553949f,3.795680409003518f,0f,0f,0f,1f], start_interpolation: 0, interpolation_duration: 1 }
$data merge entity $(bone_jaw_lips1) { transformation: [-0.9980967726346756f,0.05929342962839559f,0.01694466462185229f,0.013359769824668709f,0.061042889508874515f,0.9889612475916479f,0.1350163560550282f,2.4827607748228293f,-0.008752033858017899f,0.13579374052169454f,-0.9906984717553949f,4.668714748603031f,0f,0f,0f,1f], start_interpolation: 0, interpolation_duration: 1 }
$data merge entity $(bone_jaw3) { transformation: [-0.9980967726346756f,0.06165865692433101f,0.0010210203387789607f,0.00908365347854307f,0.061042889508874515f,0.9902080145952148f,-0.12554622046007574f,2.2865612352928917f,-0.008752033858017899f,-0.12524495142595676f,-0.9920872461863715f,3.7879356047155013f,0f,0f,0f,1f], start_interpolation: 0, interpolation_duration: 1 }
$data merge entity $(bone_jaw1) { transformation: [-0.9980967726346756f,0.042877284024769334f,0.044321224835329326f,0.04890350391653427f,0.061042889508874515f,0.788957385745205f,0.6114082180658834f,2.8358733062114587f,-0.008752033858017899f,0.6129500648443974f,-0.7900731737697448f,3.078104237656746f,0f,0f,0f,1f], start_interpolation: 0, interpolation_duration: 1 }
$data merge entity $(bone_tear_right1) { transformation: [-0.9980967726346756f,0.04992218166032057f,0.03620232360662097f,-0.6012408786790937f,0.061042889508874515f,0.8831412731558471f,0.46511854111514056f,3.2101650669999002f,-0.008752033858017899f,0.46644320921945404f,-0.8845078487364626f,4.1243986775213735f,0f,0f,0f,1f], start_interpolation: 0, interpolation_duration: 1 }
$data merge entity $(bone_right_pupil1) { transformation: [-0.9980967726346756f,0.04992218166032057f,0.03620232360662097f,-0.413124095603022f,0.061042889508874515f,0.8831412731558471f,0.46511854111514056f,3.2666935838509277f,-0.008752033858017899f,0.46644320921945404f,-0.8845078487364626f,4.23800483555542f,0f,0f,0f,1f], start_interpolation: 0, interpolation_duration: 1 }
$data merge entity $(bone_right_sad_pupil1) { transformation: [-0.9980967726346756f,0.04992218166032057f,0.03620232360662097f,-0.41271752653908045f,0.061042889508874515f,0.8831412731558471f,0.46511854111514056f,3.271917083091967f,-0.008752033858017899f,0.46644320921945404f,-0.8845078487364626f,4.228071397801055f,0f,0f,0f,1f], start_interpolation: 0, interpolation_duration: 1 }
$data merge entity $(bone_right_happy_pupil1) { transformation: [-0.9980967726346756f,0.04992218166032057f,0.03620232360662097f,-0.4421415101963128f,0.061042889508874515f,0.8831412731558471f,0.46511854111514056f,3.248836003016141f,-0.008752033858017899f,0.46644320921945404f,-0.8845078487364626f,4.2147299052555205f,0f,0f,0f,1f], start_interpolation: 0, interpolation_duration: 1 }
$data merge entity $(bone_eyelid_right1) { transformation: [-0.9980967726346756f,0.04992218166032057f,0.03620232360662097f,0.03635818050384291f,0.061042889508874515f,0.8831412731558471f,0.46511854111514056f,3.4571082707295715f,-0.008752033858017899f,0.46644320921945404f,-0.8845078487364626f,3.7089917773496888f,0f,0f,0f,1f], start_interpolation: 0, interpolation_duration: 1 }
$data merge entity $(bone_eyelid_expressions_right5) { transformation: [-0.9980967726346756f,0.04992218166032057f,0.03620232360662097f,-0.5360152609046924f,0.061042889508874515f,0.8831412731558471f,0.46511854111514056f,3.3789816788797475f,-0.008752033858017899f,0.46644320921945404f,-0.8845078487364626f,4.279324831202679f,0f,0f,0f,1f], start_interpolation: 0, interpolation_duration: 1 }
$data merge entity $(bone_eyelid_expressions_right7) { transformation: [-0.9980967726346756f,0.04992218166032057f,0.03620232360662097f,-0.19974242246820512f,0.061042889508874515f,0.8831412731558471f,0.46511854111514056f,3.3584154709885743f,-0.008752033858017899f,0.46644320921945404f,-0.8845078487364626f,4.282273514484921f,0f,0f,0f,1f], start_interpolation: 0, interpolation_duration: 1 }
$data merge entity $(bone_eyelid_expressions_right6) { transformation: [-0.9980967726346756f,0.04992218166032057f,0.03620232360662097f,-0.3118333686137009f,0.061042889508874515f,0.8831412731558471f,0.46511854111514056f,3.3652708736189654f,-0.008752033858017899f,0.46644320921945404f,-0.8845078487364626f,4.281290620057507f,0f,0f,0f,1f], start_interpolation: 0, interpolation_duration: 1 }
$data merge entity $(bone_right_eye1) { transformation: [-0.9980967726346756f,0.04992218166032057f,0.03620232360662097f,0.024742516825351786f,0.061042889508874515f,0.8831412731558471f,0.46511854111514056f,3.4525703117515714f,-0.008752033858017899f,0.46644320921945404f,-0.8845078487364626f,3.718826925661312f,0f,0f,0f,1f], start_interpolation: 0, interpolation_duration: 1 }
$data merge entity $(bone_tear_left1) { transformation: [-0.9980967726346756f,0.04992218166032057f,0.03620232360662097f,0.6093413396922609f,0.061042889508874515f,0.8831412731558471f,0.46511854111514056f,3.1361267185916755f,-0.008752033858017899f,0.46644320921945404f,-0.8845078487364626f,4.135013937337446f,0f,0f,0f,1f], start_interpolation: 0, interpolation_duration: 1 }
$data merge entity $(bone_left_sad_pupil1) { transformation: [-0.9980967726346756f,0.04992218166032057f,0.03620232360662097f,0.4279645695521379f,0.061042889508874515f,0.8831412731558471f,0.46511854111514056f,3.220501563364033f,-0.008752033858017899f,0.46644320921945404f,-0.8845078487364626f,4.235443106006661f,0f,0f,0f,1f], start_interpolation: 0, interpolation_duration: 1 }
$data merge entity $(bone_left_pupil1) { transformation: [-0.9980967726346756f,0.04992218166032057f,0.03620232360662097f,0.42755800048819637f,0.061042889508874515f,0.8831412731558471f,0.46511854111514056f,3.2152780641229937f,-0.008752033858017899f,0.46644320921945404f,-0.8845078487364626f,4.245376543761026f,0f,0f,0f,1f], start_interpolation: 0, interpolation_duration: 1 }
$data merge entity $(bone_eyelid_left1) { transformation: [-0.9980967726346756f,0.04992218166032057f,0.03620232360662097f,0.01393999127474375f,0.061042889508874515f,0.8831412731558471f,0.46511854111514056f,3.4584793512556495f,-0.008752033858017899f,0.46644320921945404f,-0.8845078487364626f,3.7087951984642062f,0f,0f,0f,1f], start_interpolation: 0, interpolation_duration: 1 }
$data merge entity $(bone_left_happy_pupil1) { transformation: [-0.9980967726346756f,0.04992218166032057f,0.03620232360662097f,0.4545860589676534f,0.061042889508874515f,0.8831412731558471f,0.46511854111514056f,3.193992781973012f,-0.008752033858017899f,0.46644320921945404f,-0.8845078487364626f,4.222593060674833f,0f,0f,0f,1f], start_interpolation: 0, interpolation_duration: 1 }
$data merge entity $(bone_eyelid_expressions_left5) { transformation: [-0.9980967726346756f,0.04992218166032057f,0.03620232360662097f,0.5624760113211663f,0.061042889508874515f,0.8831412731558471f,0.46511854111514056f,3.3117987331019143f,-0.008752033858017899f,0.46644320921945404f,-0.8845078487364626f,4.288957196591338f,0f,0f,0f,1f], start_interpolation: 0, interpolation_duration: 1 }
$data merge entity $(bone_eyelid_expressions_left7) { transformation: [-0.9980967726346756f,0.04992218166032057f,0.03620232360662097f,0.2262031728846789f,0.061042889508874515f,0.8831412731558471f,0.46511854111514056f,3.3323649409930876f,-0.008752033858017899f,0.46644320921945404f,-0.8845078487364626f,4.286008513309095f,0f,0f,0f,1f], start_interpolation: 0, interpolation_duration: 1 }
$data merge entity $(bone_eyelid_expressions_left6) { transformation: [-0.9980967726346756f,0.04992218166032057f,0.03620232360662097f,0.3382941190301747f,0.061042889508874515f,0.8831412731558471f,0.46511854111514056f,3.3255095383626965f,-0.008752033858017899f,0.46644320921945404f,-0.8845078487364626f,4.286991407736509f,0f,0f,0f,1f], start_interpolation: 0, interpolation_duration: 1 }
$data merge entity $(bone_left_eye1) { transformation: [-0.9980967726346756f,0.04992218166032057f,0.03620232360662097f,0.024742516825351786f,0.061042889508874515f,0.8831412731558471f,0.46511854111514056f,3.4525703117515714f,-0.008752033858017899f,0.46644320921945404f,-0.8845078487364626f,3.718826925661312f,0f,0f,0f,1f], start_interpolation: 0, interpolation_duration: 1 }
$data merge entity $(bone_crest_middle5) { transformation: [-0.9980967726346756f,0.05657444356676625f,0.02453904626010013f,0.0766603143094029f,0.061042889508874515f,0.9628773761792826f,0.2629466183135041f,4.45459575016668f,-0.008752033858017899f,0.26394410540341884f,-0.9644982691151588f,4.78686918449689f,0f,0f,0f,1f], start_interpolation: 0, interpolation_duration: 1 }
$data merge entity $(bone_crest_middle4) { transformation: [-0.9980967726346756f,0.05657444356676625f,0.02453904626010013f,0.038538863077890485f,0.061042889508874515f,0.9628773761792826f,0.2629466183135041f,3.8057818931708742f,-0.008752033858017899f,0.26394410540341884f,-0.9644982691151588f,4.609016222848102f,0f,0f,0f,1f], start_interpolation: 0, interpolation_duration: 1 }
$data merge entity $(bone_crest_middle1) { transformation: [-0.9980967726346756f,0.05657444356676625f,0.02453904626010013f,0.007880878394194987f,0.061042889508874515f,0.9628773761792826f,0.2629466183135041f,3.297023802578419f,-0.008752033858017899f,0.26394410540341884f,-0.9644982691151588f,4.556865105758528f,0f,0f,0f,1f], start_interpolation: 0, interpolation_duration: 1 }
$data merge entity $(bone_crest_left5) { transformation: [-0.5783809459974714f,-0.8032656376357955f,0.142266639450817f,-1.0613348957374056f,-0.7120354745984658f,0.582204707165343f,0.39248332686606546f,3.9096931417753487f,-0.39809667697734885f,0.1257059837401384f,-0.908689738817115f,4.565491511738388f,0f,0f,0f,1f], start_interpolation: 0, interpolation_duration: 1 }
$data merge entity $(bone_crest_left4) { transformation: [-0.5783809459974714f,-0.8032656376357955f,0.142266639450817f,-0.6102824136665244f,-0.7120354745984658f,0.582204707165343f,0.39248332686606546f,3.5827715532791844f,-0.39809667697734885f,0.1257059837401384f,-0.908689738817115f,4.494904655634307f,0f,0f,0f,1f], start_interpolation: 0, interpolation_duration: 1 }
$data merge entity $(bone_crest_left1) { transformation: [-0.5783809459974714f,-0.8032656376357955f,0.142266639450817f,-0.10613607814595614f,-0.7120354745984658f,0.582204707165343f,0.39248332686606546f,3.245196664619731f,-0.39809667697734885f,0.1257059837401384f,-0.908689738817115f,4.366234055343661f,0f,0f,0f,1f], start_interpolation: 0, interpolation_duration: 1 }
$data merge entity $(bone_crest_center1) { transformation: [-0.9980967726346756f,0.04992218166032057f,0.03620232360662097f,0.004553262187653534f,0.061042889508874515f,0.8831412731558471f,0.46511854111514056f,3.2135463531932054f,-0.008752033858017899f,0.46644320921945404f,-0.8845078487364626f,4.354121177687131f,0f,0f,0f,1f], start_interpolation: 0, interpolation_duration: 1 }
$data merge entity $(bone_crest_right5) { transformation: [-0.4941730640602087f,0.8659037259909389f,-0.07748367616700672f,1.1434697013654074f,0.7776321158494193f,0.48011949476003307f,0.4059231000459643f,3.7748488590367777f,0.3886917482490465f,0.1403424670809922f,-0.9106166684048347f,4.58482483192659f,0f,0f,0f,1f], start_interpolation: 0, interpolation_duration: 1 }
$data merge entity $(bone_crest_right4) { transformation: [-0.4941730640602087f,0.8659037259909389f,-0.07748367616700672f,0.6572444646029173f,0.7776321158494193f,0.48011949476003307f,0.4059231000459643f,3.5052505099283606f,0.3886917482490465f,0.1403424670809922f,-0.9106166684048347f,4.506019247384041f,0f,0f,0f,1f], start_interpolation: 0, interpolation_duration: 1 }
$data merge entity $(bone_crest_right1) { transformation: [-0.4941730640602087f,0.8659037259909389f,-0.07748367616700672f,0.11804581414503543f,0.7776321158494193f,0.48011949476003307f,0.4059231000459643f,3.231485859358949f,0.3886917482490465f,0.1403424670809922f,-0.9106166684048347f,4.368199844198489f,0f,0f,0f,1f], start_interpolation: 0, interpolation_duration: 1 }
$data merge entity $(bone_head1) { transformation: [-1.046182164024627f,0.052327286766351615f,0.03794644596787743f,0.04430056783679644f,0.06398375788365099f,0.925688443867782f,0.4875265958303229f,3.6902723176586663f,-0.009173681322531779f,0.4889150825802869f,-0.9271208570740261f,3.146295969747317f,0f,0f,0f,1f], start_interpolation: 0, interpolation_duration: 1 }
$data merge entity $(bone_neck10) { transformation: [-1.4926462209906373f,0.08720755928500909f,0.08121811528192763f,0.07600620718966715f,0.10107691480441028f,1.467051971731537f,0.28237608116881907f,3.451349683971989f,-0.06312684009214188f,0.28696277724852953f,-1.4682852748079374f,2.0140538782721027f,0f,0f,0f,1f], start_interpolation: 0, interpolation_duration: 1 }
$data merge entity $(bone_neck9) { transformation: [-1.1418743590578382f,-0.008679739449883848f,0.09075108124903936f,0.08783569255563514f,0.07732383982537391f,0.5118313953587063f,1.0218795403658674f,2.8976866113815754f,-0.04829203267048857f,1.02476408667887f,-0.5096220116246065f,0.8478337453003317f,0f,0f,0f,1f], start_interpolation: 0, interpolation_duration: 1 }
$data merge entity $(bone_neck8) { transformation: [-1.0597788169033526f,-0.025271195054620096f,0.0807487668039581f,0.1174607703465721f,0.07176460951113131f,0.2689940253189617f,1.0260517494558132f,2.6819382980926076f,-0.04482005646542075f,1.0282478876419496f,-0.2664349479614553f,-0.19810700187353225f,0f,0f,0f,1f], start_interpolation: 0, interpolation_duration: 1 }
$data merge entity $(bone_neck7) { transformation: [-1.051525124119075f,-0.053249525957134655f,0.07672036356605774f,0.17127678062239968f,0.06859377485552196f,0.1481430189388184f,1.0429645980783657f,2.53221928959061f,-0.06337523373872166f,1.0438605015896698f,-0.1441022061716234f,-1.2530724024162838f,0f,0f,0f,1f], start_interpolation: 0, interpolation_duration: 1 }
$data merge entity $(bone_neck6) { transformation: [-1.029244500721985f,-0.1737470112082325f,0.11083431798667305f,0.33247040074611633f,0.13218517889963552f,-0.12346195419779894f,1.0339732765205998f,2.6609799308027515f,-0.1581118225391004f,1.0278062240401542f,0.14293890167304737f,-2.1947312630819757f,0f,0f,0f,1f], start_interpolation: 0, interpolation_duration: 1 }
$data merge entity $(bone_neck_spine6) { transformation: [-1.2394801793227597f,0.27133805964332813f,-0.10024924424514758f,0.32067997602844023f,0.012631835888149355f,0.49145502269545044f,1.1740092699404971f,3.3646085082744315f,0.288989083366179f,1.1422928637495366f,-0.4812875353037596f,-6.094434981129389f,0f,0f,0f,1f], start_interpolation: 0, interpolation_duration: 1 }
$data merge entity $(bone_neck_spine7) { transformation: [-0.9550850282468433f,0.29558172212297346f,-0.021072122948202376f,-0.6111596085708528f,0.030749024938131184f,0.16957999146838468f,0.9850366104662999f,2.7027775462565917f,0.2947322281055822f,0.9401457716973467f,-0.17105216068649673f,-9.238747988561798f,0f,0f,0f,1f], start_interpolation: 0, interpolation_duration: 1 }
$data merge entity $(bone_tail6) { transformation: [-1.7184633321026188f,-0.047908110922754536f,0.09945112696045345f,-0.7352019820451725f,0.11005151457766223f,-0.6223194469789427f,1.6018455317470885f,3.8932551870994394f,-0.008624261420771214f,1.6049066191983763f,0.6241011963578579f,-12.70612548786683f,0f,0f,0f,1f], start_interpolation: 0, interpolation_duration: 1 }
$data merge entity $(bone_tail5) { transformation: [-1.419600143910859f,-0.05324112759206752f,0.0740348091159059f,-0.7688279573664784f,0.0909121207380688f,-0.7360621261222461f,1.2138895633504478f,3.4283738442853893f,-0.007124389869332742f,1.2161242814946829f,0.7379507532673607f,-11.938046994291241f,0f,0f,0f,1f], start_interpolation: 0, interpolation_duration: 1 }
$data merge entity $(bone_tail4) { transformation: [-1.0453539667838387f,-0.025583223554584585f,0.07249676425208718f,-0.7797921960327289f,0.07443687945409602f,-0.5839434493505811f,0.8672625882412173f,3.178112365992283f,0.019220643371202273f,0.8700751373635928f,0.58418748722931f,-11.565157649706844f,0f,0f,0f,1f], start_interpolation: 0, interpolation_duration: 1 }
$data merge entity $(bone_segment18) { transformation: [-0.9855887467449449f,-0.15437317883578777f,0.06916461483925833f,-0.8664763540704027f,0.14312464843245476f,-0.543068321953212f,0.8274008295270248f,2.8731667750517587f,-0.09016738490615828f,0.8253761078121029f,0.5573366337790188f,-11.10168962041782f,0f,0f,0f,1f], start_interpolation: 0, interpolation_duration: 1 }
$data merge entity $(bone_segment17) { transformation: [-0.995770492858514f,-0.00015599810607325876f,0.0918754658050945f,-0.8665902296409982f,0.08315003995128153f,-0.4268803731843047f,0.9004772167279576f,2.5615524401345047f,0.039079360388988876f,0.9043080905612971f,0.42508785084611367f,-10.441562376575467f,0f,0f,0f,1f], start_interpolation: 0, interpolation_duration: 1 }
$data merge entity $(bone_segment16) { transformation: [-0.9836386291515862f,0.15558130534727319f,0.09082678386482179f,-0.7180738956791235f,0.041735081675395476f,-0.29365558975129824f,0.9549997788300086f,2.2812317965974986f,0.1752519049777678f,0.9431653365313292f,0.28235778325983435f,-9.541226325345608f,0f,0f,0f,1f], start_interpolation: 0, interpolation_duration: 1 }
$data merge entity $(bone_segment15) { transformation: [-0.9550850282468433f,0.29096388591731553f,0.05614807129921939f,-0.37496950872096085f,0.030749024938131184f,-0.09114454153071878f,0.9953628333499847f,2.173754224431148f,0.2947322281055822f,0.9523826382505354f,0.07810393123824491f,-8.418177462369513f,0f,0f,0f,1f], start_interpolation: 0, interpolation_duration: 1 }
$data merge entity $(bone_segment14) { transformation: [-0.9860520030980924f,0.35547267059427184f,-0.003978149316979722f,0.024937245697594923f,0.03749099857225578f,0.11564809400884425f,1.0411028486193612f,2.303858330191098f,0.3535124753632704f,0.9792547660531806f,-0.12150815178347171f,-7.316515850559686f,0f,0f,0f,1f], start_interpolation: 0, interpolation_duration: 1 }
$data merge entity $(bone_segment13) { transformation: [-0.998875203336577f,0.22937339709269566f,-0.041590680310095725f,0.302328293691062f,0.010179773627508599f,0.22574710615040408f,1.0005139819596718f,2.5483575499512368f,0.23289120247745013f,0.9739197608602376f,-0.2221161836466055f,-6.137467050785692f,0f,0f,0f,1f], start_interpolation: 0, interpolation_duration: 1 }
$data merge entity $(bone_segment12) { transformation: [-1.1058309699228224f,0.14281911546922627f,-0.034848922620569524f,0.47486145331831525f,-0.008714451961208505f,0.20029789857816388f,1.0973963237335287f,2.790328165683247f,0.14675082786220459f,1.0880980347714242f,-0.19743541333812992f,-4.822986203410817f,0f,0f,0f,1f], start_interpolation: 0, interpolation_duration: 1 }
$data merge entity $(bone_segment11) { transformation: [-1.190295505468847f,-0.009003671930974119f,-0.015439703163225514f,0.464456263698864f,-0.015773668423360965f,0.045597906607317655f,1.1894514967743945f,2.8430238734052224f,-0.008404875161416322f,1.189522007230693f,-0.0457120691801551f,-3.448302392557382f,0f,0f,0f,1f], start_interpolation: 0, interpolation_duration: 1 }
$data merge entity $(bone_segment10) { transformation: [-1.0424151403024295f,-0.10875753322918351f,-0.014753720186529649f,0.32696375968416036f,7.273189573756925e-18f,-0.14090196752362544f,1.0386634842783031f,2.680662128465234f,-0.1097536937576106f,1.0329538385325105f,0.14012741413687183f,-2.142430462820336f,0f,0f,0f,1f], start_interpolation: 0, interpolation_duration: 1 }