# This file was generated by Animated Java via MC-Build. It is not recommended to edit this file directly.
$data merge entity $(bone_neck_spine5) { transformation: [-1.5693132460404797f,0.02020061140249774f,0.09416510318318537f,0.2515955076390367f,0.08446935270608286f,1.0271333822432518f,1.1873841581777975f,3.480252717057248f,-0.046260780494389024f,1.1902134875463086f,-1.0262899150861544f,0.6168743741749136f,0f,0f,0f,1f], start_interpolation: 0, interpolation_duration: 1 }
$data merge entity $(bone_neck_spine2) { transformation: [-1.4945840438480753f,0.07701787839883975f,0.04981027971918177f,0.11901510962891501f,0.08044700257722173f,1.4913336856078834f,0.10791848605116508f,4.304486115750704f,-0.044057886185132386f,0.11039187588847552f,-1.49267103478521f,2.802523549692396f,0f,0f,0f,1f], start_interpolation: 0, interpolation_duration: 1 }
$data merge entity $(bone_scale_neck_left1) { transformation: [-1.5681345825724515f,0.47373763478277003f,0.17199321256497943f,0.8584139271676374f,0.5024178102874521f,1.4249827918496043f,0.6557861447729297f,3.3665900087835547f,0.039816525262224005f,0.6767952254268694f,-1.5011388836457167f,2.725520141732887f,0f,0f,0f,1f], start_interpolation: 0, interpolation_duration: 1 }
$data merge entity $(bone_scale_neck_right1) { transformation: [-1.6079115379548483f,-0.35710881018281876f,-0.01220100975975274f,-0.7108993188728416f,-0.3314649679263124f,1.469703666781022f,0.6657005240539474f,3.4510593614896377f,-0.1334411555216562f,0.6523032349896044f,-1.5065686272031604f,2.6792593612384983f,0f,0f,0f,1f], start_interpolation: 0, interpolation_duration: 1 }
$data merge entity $(bone_blush_right1) { transformation: [-0.9978267985206257f,0.03337065003336706f,0.056816193734084156f,-0.6641818252112354f,0.055103710074713985f,0.8953972837122812f,0.4418453184731852f,2.7816273893138708f,-0.03612840004871943f,0.4440158826404965f,-0.8952902516351335f,3.866642349183432f,0f,0f,0f,1f], start_interpolation: 0, interpolation_duration: 1 }
$data merge entity $(bone_blush_left1) { transformation: [-0.9978267985206257f,0.03337065003336706f,0.056816193734084156f,0.6581335708751798f,0.055103710074713985f,0.8953972837122812f,0.4418453184731852f,2.708604211021501f,-0.03612840004871943f,0.4440158826404965f,-0.8952902516351335f,3.9145195355761198f,0f,0f,0f,1f], start_interpolation: 0, interpolation_duration: 1 }
$data merge entity $(bone_left_head_scales) { transformation: [-0.9113179785893443f,0.03337065003336706f,-0.41034856112356727f,0.7160320933955878f,-0.15514387528480195f,0.8953972837122812f,0.41736564578590124f,3.535282450859907f,0.3813527499067567f,0.4440158826404965f,-0.8108143906601163f,3.8871396748253284f,0f,0f,0f,1f], start_interpolation: 0, interpolation_duration: 1 }
$data merge entity $(bone_left_head_scales2) { transformation: [-0.8499602917835372f,0.03337065003336706f,-0.5257888379450393f,0.6764795626828659f,-0.2082937464326327f,0.8953972837122812f,0.393544685541206f,2.656392003152951f,0.4839227392759122f,0.4440158826404965f,-0.754101238809935f,3.6390370931630276f,0f,0f,0f,1f], start_interpolation: 0, interpolation_duration: 1 }
$data merge entity $(bone_left_head_scales1) { transformation: [-0.9978267985206257f,0.03337065003336706f,0.056816193734084156f,0.7122844129719187f,0.055103710074713985f,0.8953972837122812f,0.4418453184731852f,3.4347251387242506f,-0.03612840004871943f,0.4440158826404965f,-0.8952902516351335f,3.837274609880351f,0f,0f,0f,1f], start_interpolation: 0, interpolation_duration: 1 }
$data merge entity $(bone_right_head_scales) { transformation: [-0.8588483812573314f,0.03337065003336706f,0.5111417198077377f,-0.6286954280482241f,0.2528990508539684f,0.8953972837122812f,0.3664775223636922f,3.6095433101402836f,-0.44544531436397816f,0.4440158826404965f,-0.7774499134183229f,3.838451010697171f,0f,0f,0f,1f], start_interpolation: 0, interpolation_duration: 1 }
$data merge entity $(bone_right_head_scales2) { transformation: [-0.7847834319254838f,0.03337065003336706f,0.6188710404370281f,-0.668247958760946f,0.29857037994385244f,0.8953972837122812f,0.33033230623245463f,2.7306528624333275f,-0.5431120447895103f,0.4440158826404965f,-0.712656440907916f,3.5903484290348704f,0f,0f,0f,1f], start_interpolation: 0, interpolation_duration: 1 }
$data merge entity $(bone_right_head_scales1) { transformation: [-0.9978267985206257f,0.03337065003336706f,0.056816193734084156f,-0.6324431084718932f,0.055103710074713985f,0.8953972837122812f,0.4418453184731852f,3.508985998004627f,-0.03612840004871943f,0.4440158826404965f,-0.8952902516351335f,3.7885859457521938f,0f,0f,0f,1f], start_interpolation: 0, interpolation_duration: 1 }
$data merge entity $(bone_head_left_fin1) { transformation: [-0.5458948193475092f,0.18248439075369918f,-0.8759985681300941f,0.7030161466191014f,-0.11661167682713182f,1.0028888389563873f,0.2815863838140037f,3.0948513565216276f,0.8871729037015776f,0.2441078078495935f,-0.5020067879120272f,3.5748721287010667f,0f,0f,0f,1f], start_interpolation: 0, interpolation_duration: 1 }
$data merge entity $(bone_head_right_fin1) { transformation: [-0.46436611106741066f,-0.08821433338441911f,0.9355519997856052f,-0.6417113748247105f,0.17240204594923733f,1.0178378301386417f,0.18154581822876623f,3.169112215802004f,-0.9237515074249243f,0.23430659604325638f,-0.43641582190151634f,3.5261834645729095f,0f,0f,0f,1f], start_interpolation: 0, interpolation_duration: 1 }
$data merge entity $(bone_right_whisker16) { transformation: [-0.08991774303669814f,-0.3711862215643015f,0.9241945619878986f,-1.023194058374773f,0.9756989889344589f,-0.21900435587345102f,0.006969583971074285f,2.159281679643708f,0.19981562120980798f,0.9023623889709017f,0.3818583984820371f,1.489595805502511f,0f,0f,0f,1f], start_interpolation: 0, interpolation_duration: 1 }
$data merge entity $(bone_right_whisker15) { transformation: [0.45302929470054054f,-0.18292400576089385f,0.8725269429991944f,-1.1758259984838417f,0.4610110143178074f,0.8857703285131224f,-0.05366348668714649f,2.0039605859526497f,-0.7630421369890378f,0.42655566253672444f,0.4856098886318718f,1.746675431734169f,0f,0f,0f,1f], start_interpolation: 0, interpolation_duration: 1 }
$data merge entity $(bone_right_whisker14) { transformation: [0.6660539836091145f,-0.1557321296073867f,0.7294652800006164f,-1.4002289519458966f,-0.17633347733640853f,0.917367480317781f,0.3568520853601051f,2.0633698141568106f,-0.7247610611014365f,-0.3663119024320031f,0.5835554767524391f,1.9908576251716645f,0f,0f,0f,1f], start_interpolation: 0, interpolation_duration: 1 }
$data merge entity $(bone_right_whisker13) { transformation: [0.21899979340521059f,-0.3434591326871008f,0.9132770196727277f,-1.4740130620287069f,0.2904694768878241f,0.9165099911913869f,0.27502167013324186f,1.9655065626662838f,-0.9314862175496689f,0.20504940921687248f,0.3004798933286927f,2.3046884308890823f,0f,0f,0f,1f], start_interpolation: 0, interpolation_duration: 1 }
$data merge entity $(bone_right_whisker12) { transformation: [-0.45494548353408304f,-0.2478436682336749f,0.8553350940587061f,-1.2696430205973805f,-0.23013728343535061f,0.9605840946688617f,0.15593276705747355f,2.0688885454595076f,-0.8602682359502392f,-0.12590358686582065f,-0.4940514639482252f,2.691137052507354f,0f,0f,0f,1f], start_interpolation: 0, interpolation_duration: 1 }
$data merge entity $(bone_right_whisker11) { transformation: [-0.8983777530373697f,-0.14350050917590226f,0.41512048457500106f,-0.8660748893501243f,-0.10317947001954736f,0.9876252446697988f,0.11811169737754798f,2.115238698007351f,-0.42693255885913894f,0.06327700970476524f,-0.9020668546337411f,2.8829231629323577f,0f,0f,0f,1f], start_interpolation: 0, interpolation_duration: 1 }
$data merge entity $(bone_right_whisker10) { transformation: [-0.47673534066430834f,-0.5097264655068523f,0.7161720081960603f,-0.6519164355360797f,-0.39863664507438884f,0.8514869292336757f,0.340674088459984f,2.2943137534118616f,-0.7834617030624547f,-0.12308102902599183f,-0.6091295593946999f,3.2348688498549447f,0f,0f,0f,1f], start_interpolation: 0, interpolation_duration: 1 }
$data merge entity $(bone_right_whisker1) { transformation: [0.055267315668127384f,-0.5458860715431453f,0.8360346408576812f,-0.6767435499963713f,-0.6220913457704272f,0.636110734969227f,0.45647068950201886f,2.573768850144671f,-0.7809916013225613f,-0.5453178245318064f,-0.304434868094178f,3.585704920761564f,0f,0f,0f,1f], start_interpolation: 0, interpolation_duration: 1 }
$data merge entity $(bone_left_whisker16) { transformation: [-0.18202587988962532f,0.27881950291698154f,-0.9429349202588347f,1.116974822653462f,-0.9606812498071713f,-0.25490009152799975f,0.11007942408983303f,2.041093587576077f,-0.20966190717280936f,0.9258972017087778f,0.3142550819772299f,1.5670850828202219f,0f,0f,0f,1f], start_interpolation: 0, interpolation_duration: 1 }
$data merge entity $(bone_left_whisker15) { transformation: [0.3433838933126974f,0.24798736306624797f,-0.9058641010509594f,1.2326656851465094f,-0.5049919150883864f,0.8619737987236311f,0.04454588655888758f,1.8709547099339938f,0.7918779372534495f,0.44215770724188713f,0.42121953233179926f,1.8338798956644016f,0f,0f,0f,1f], start_interpolation: 0, interpolation_duration: 1 }
$data merge entity $(bone_left_whisker14) { transformation: [0.6274063152171374f,0.281671847018883f,-0.7259630060978484f,1.4440476956444706f,0.1049037849235109f,0.8932124045578644f,0.4372262529316827f,1.9062982702842002f,0.7715934885251272f,-0.3504747793221772f,0.5308586605912118f,2.093840592481949f,0f,0f,0f,1f], start_interpolation: 0, interpolation_duration: 1 }
$data merge entity $(bone_left_whisker13) { transformation: [0.11799587244961529f,0.42647943257700865f,-0.8967676776476985f,1.4838021643897024f,-0.30907963197208416f,0.8739911176368221f,0.3749790759388311f,1.8021649958404804f,0.9436878483825332f,0.2329266405560584f,0.23494345050333615f,2.4117822992123923f,0f,0f,0f,1f], start_interpolation: 0, interpolation_duration: 1 }
$data merge entity $(bone_left_whisker12) { transformation: [-0.48771245349725745f,0.36040260441422434f,-0.7951393119668586f,1.2647125856702313f,0.2821943636208245f,0.9269944713878406f,0.24707810740131536f,1.9289319951232726f,0.8261373395775808f,-0.10388076216423338f,-0.5538103316189168f,2.782898682225759f,0f,0f,0f,1f], start_interpolation: 0, interpolation_duration: 1 }
$data merge entity $(bone_left_whisker11) { transformation: [-0.9100121238419273f,0.2462992757597519f,-0.33348853236794557f,0.8559180769131154f,0.2030454904805569f,0.9660990495744922f,0.1594526738777779f,2.0201438365500852f,0.3614560322587169f,0.07739052378350039f,-0.9291718051965958f,2.9452715092169797f,0f,0f,0f,1f], start_interpolation: 0, interpolation_duration: 1 }
$data merge entity $(bone_left_whisker10) { transformation: [-0.48524584412257565f,0.6078106851672244f,-0.6285719065932857f,0.6379365453736773f,0.45176082692881164f,0.7897723679092402f,0.41493585304192243f,2.2230832705220123f,0.7486311682092626f,-0.08261826604075373f,-0.6578188170781176f,3.281570666810984f,0f,0f,0f,1f], start_interpolation: 0, interpolation_duration: 1 }
$data merge entity $(bone_left_whisker1) { transformation: [0.06688818325985567f,0.6504150092936432f,-0.7566282354140282f,0.6679839714474406f,0.6153454644141244f,0.5700465362343052f,0.5444234619781153f,2.4995079908642945f,0.7854144958970146f,-0.5020032492054418f,-0.36210054877342773f,3.6343935848897213f,0f,0f,0f,1f], start_interpolation: 0, interpolation_duration: 1 }
$data merge entity $(bone_upper_left_tooth1) { transformation: [-0.9978267985206257f,0.038195522200104345f,0.05369154717401782f,0.265512335636051f,0.055103710074713985f,0.930499383631031f,0.3621249483234664f,2.4802974958898325f,-0.03612840004871943f,0.3642965812989915f,-0.9305819359754343f,4.618323692883354f,0f,0f,0f,1f], start_interpolation: 0, interpolation_duration: 1 }
$data merge entity $(bone_upper_right_tooth1) { transformation: [-0.9978267985206257f,0.038195522200104345f,0.05369154717401782f,-0.406851425085855f,0.055103710074713985f,0.930499383631031f,0.3621249483234664f,2.5174279255300203f,-0.03612840004871943f,0.3642965812989915f,-0.9305819359754343f,4.593979360819276f,0f,0f,0f,1f], start_interpolation: 0, interpolation_duration: 1 }
$data merge entity $(bone_top_lip1) { transformation: [-0.9978267985206257f,0.05425564101833687f,0.037389912700724594f,-0.03793553963110998f,0.055103710074713985f,0.9982374311713083f,0.022036609188108236f,2.612264976419411f,-0.03612840004871943f,0.024049042105599827f,-0.9990577472217124f,4.652169322096407f,0f,0f,0f,1f], start_interpolation: 0, interpolation_duration: 1 }
$data merge entity $(bone_muzzle1) { transformation: [-0.9978267985206257f,0.038195522200104345f,0.05369154717401782f,-0.0013521732203890385f,0.055103710074713985f,0.930499383631031f,0.3621249483234664f,2.972355785952952f,-0.03612840004871943f,0.3642965812989915f,-0.9305819359754343f,4.190994075112229f,0f,0f,0f,1f], start_interpolation: 0, interpolation_duration: 1 }
$data merge entity $(bone_jaw_right_tooth1) { transformation: [-0.9978267985206257f,0.06377172880177648f,0.016578502939382594f,-0.4061406049560379f,0.055103710074713985f,0.9455733120968879f,-0.32070967024105f,2.5463894541881276f,-0.03612840004871943f,-0.31909916649178816f,-0.9470324496310387f,4.618519952233284f,0f,0f,0f,1f], start_interpolation: 0, interpolation_duration: 1 }
$data merge entity $(bone_jaw_left_tooth1) { transformation: [-0.9978267985206257f,0.06377172880177648f,0.016578502939382594f,0.32225346915936026f,0.055103710074713985f,0.9455733120968879f,-0.32070967024105f,2.506164822077924f,-0.03612840004871943f,-0.31909916649178816f,-0.9470324496310387f,4.644892978636036f,0f,0f,0f,1f], start_interpolation: 0, interpolation_duration: 1 }
$data merge entity $(bone_tongue1) { transformation: [-0.9978267985206257f,0.05079043631133448f,0.04197632348577851f,-0.008630775988001892f,0.055103710074713985f,0.9925182193281515f,0.10895487798936279f,2.605698312052482f,-0.03612840004871943f,0.111031148246694f,-0.9931600187426699f,3.8327882806741567f,0f,0f,0f,1f], start_interpolation: 0, interpolation_duration: 1 }
$data merge entity $(bone_jaw_lips1) { transformation: [-0.9978267985206257f,0.05079043631133448f,0.04197632348577851f,0.0031268478369261936f,0.055103710074713985f,0.9925182193281515f,0.10895487798936279f,2.376531202346473f,-0.03612840004871943f,0.111031148246694f,-0.9931600187426699f,4.712769503086163f,0f,0f,0f,1f], start_interpolation: 0, interpolation_duration: 1 }
$data merge entity $(bone_jaw3) { transformation: [-0.9978267985206257f,0.05992406612311177f,0.02740048272113784f,0.022697132356723132f,0.055103710074713985f,0.9868985785919681f,-0.15164028722326656f,2.157166524780419f,-0.03612840004871943f,-0.14980087407096748f,-0.9880558875071258f,3.837680600750994f,0f,0f,0f,1f], start_interpolation: 0, interpolation_duration: 1 }
$data merge entity $(bone_jaw1) { transformation: [-0.9978267985206257f,0.022997646372022f,0.06174778065182479f,0.07817365403609698f,0.055103710074713985f,0.8050685526623931f,0.590616801869098f,2.6877988077096866f,-0.03612840004871943f,0.592735804364328f,-0.8045862321308344f,3.1148101578209473f,0f,0f,0f,1f], start_interpolation: 0, interpolation_duration: 1 }
$data merge entity $(bone_tear_right1) { transformation: [-0.9978267985206257f,0.03337065003336706f,0.056816193734084156f,-0.6007772827289224f,0.055103710074713985f,0.8953972837122812f,0.4418453184731852f,3.0858246089456305f,-0.03612840004871943f,0.4440158826404965f,-0.8952902516351335f,4.133689533568039f,0f,0f,0f,1f], start_interpolation: 0, interpolation_duration: 1 }
$data merge entity $(bone_right_pupil1) { transformation: [-0.9978267985206257f,0.03337065003336706f,0.056816193734084156f,-0.41595836163008226f,0.055103710074713985f,0.8953972837122812f,0.4418453184731852f,3.1463982924844496f,-0.03612840004871943f,0.4440158826404965f,-0.8952902516351335f,4.250576452006003f,0f,0f,0f,1f], start_interpolation: 0, interpolation_duration: 1 }
$data merge entity $(bone_right_sad_pupil1) { transformation: [-0.9978267985206257f,0.03337065003336706f,0.056816193734084156f,-0.4153202891418577f,0.055103710074713985f,0.8953972837122812f,0.4418453184731852f,3.151360422525897f,-0.03612840004871943f,0.4440158826404965f,-0.8952902516351335f,4.240521922812834f,0f,0f,0f,1f], start_interpolation: 0, interpolation_duration: 1 }
$data merge entity $(bone_right_happy_pupil1) { transformation: [-0.9978267985206257f,0.03337065003336706f,0.056816193734084156f,-0.44427199535793793f,0.055103710074713985f,0.8953972837122812f,0.4418453184731852f,3.1277684977074935f,-0.03612840004871943f,0.4440158826404965f,-0.8952902516351335f,4.227041481959105f,0f,0f,0f,1f], start_interpolation: 0, interpolation_duration: 1 }
$data merge entity $(bone_eyelid_right1) { transformation: [-0.9978267985206257f,0.03337065003336706f,0.056816193734084156f,0.04614326678143206f,0.055103710074713985f,0.8953972837122812f,0.4418453184731852f,3.3253628897083973f,-0.03612840004871943f,0.4440158826404965f,-0.8952902516351335f,3.7284838900733726f,0f,0f,0f,1f], start_interpolation: 0, interpolation_duration: 1 }
$data merge entity $(bone_eyelid_expressions_right5) { transformation: [-0.9978267985206257f,0.03337065003336706f,0.056816193734084156f,-0.5404419709292149f,0.055103710074713985f,0.8953972837122812f,0.4418453184731852f,3.2590343805396937f,-0.03612840004871943f,0.4440158826404965f,-0.8952902516351335f,4.285721003762507f,0f,0f,0f,1f], start_interpolation: 0, interpolation_duration: 1 }
$data merge entity $(bone_eyelid_expressions_right7) { transformation: [-0.9978267985206257f,0.03337065003336706f,0.056816193734084156f,-0.20426009056826178f,0.055103710074713985f,0.8953972837122812f,0.4418453184731852f,3.2404691657196f,-0.03612840004871943f,0.4440158826404965f,-0.8952902516351335f,4.297893169794547f,0f,0f,0f,1f], start_interpolation: 0, interpolation_duration: 1 }
$data merge entity $(bone_eyelid_expressions_right6) { transformation: [-0.9978267985206257f,0.03337065003336706f,0.056816193734084156f,-0.31632071735524614f,0.055103710074713985f,0.8953972837122812f,0.4418453184731852f,3.246657570659631f,-0.03612840004871943f,0.4440158826404965f,-0.8952902516351335f,4.2938357811172f,0f,0f,0f,1f], start_interpolation: 0, interpolation_duration: 1 }
$data merge entity $(bone_right_eye1) { transformation: [-0.9978267985206257f,0.03337065003336706f,0.056816193734084156f,0.034299131614509044f,0.055103710074713985f,0.8953972837122812f,0.4418453184731852f,3.3210196001609535f,-0.03612840004871943f,0.4440158826404965f,-0.8952902516351335f,3.738132680398806f,0f,0f,0f,1f], start_interpolation: 0, interpolation_duration: 1 }
$data merge entity $(bone_tear_left1) { transformation: [-0.9978267985206257f,0.03337065003336706f,0.056816193734084156f,0.6094774865705084f,0.055103710074713985f,0.8953972837122812f,0.4418453184731852f,3.018989835593292f,-0.03612840004871943f,0.4440158826404965f,-0.8952902516351335f,4.17750933128338f,0f,0f,0f,1f], start_interpolation: 0, interpolation_duration: 1 }
$data merge entity $(bone_left_sad_pupil1) { transformation: [-0.9978267985206257f,0.03337065003336706f,0.056816193734084156f,0.42513441176052474f,0.055103710074713985f,0.8953972837122812f,0.4418453184731852f,3.1049473854756617f,-0.03612840004871943f,0.4440158826404965f,-0.8952902516351335f,4.270952337892933f,0f,0f,0f,1f], start_interpolation: 0, interpolation_duration: 1 }
$data merge entity $(bone_left_pupil1) { transformation: [-0.9978267985206257f,0.03337065003336706f,0.056816193734084156f,0.4244963392723002f,0.055103710074713985f,0.8953972837122812f,0.4418453184731852f,3.0999852554342144f,-0.03612840004871943f,0.4440158826404965f,-0.8952902516351335f,4.2810068670861f,0f,0f,0f,1f], start_interpolation: 0, interpolation_duration: 1 }
$data merge entity $(bone_eyelid_left1) { transformation: [-0.9978267985206257f,0.03337065003336706f,0.056816193734084156f,0.02373114142403519f,0.055103710074713985f,0.8953972837122812f,0.4418453184731852f,3.3266005706964035f,-0.03612840004871943f,0.4440158826404965f,-0.8952902516351335f,3.7276724123379035f,0f,0f,0f,1f], start_interpolation: 0, interpolation_duration: 1 }
$data merge entity $(bone_left_happy_pupil1) { transformation: [-0.9978267985206257f,0.03337065003336706f,0.056816193734084156f,0.45221301893793664f,0.055103710074713985f,0.8953972837122812f,0.4418453184731852f,3.0782612581872426f,-0.03612840004871943f,0.4440158826404965f,-0.8952902516351335f,4.2595005913778765f,0f,0f,0f,1f], start_interpolation: 0, interpolation_duration: 1 }
$data merge entity $(bone_eyelid_expressions_left5) { transformation: [-0.9978267985206257f,0.03337065003336706f,0.056816193734084156f,0.5577521715832316f,0.055103710074713985f,0.8953972837122812f,0.4418453184731852f,3.1983880121273867f,-0.03612840004871943f,0.4440158826404965f,-0.8952902516351335f,4.325483412800502f,0f,0f,0f,1f], start_interpolation: 0, interpolation_duration: 1 }
$data merge entity $(bone_eyelid_expressions_left7) { transformation: [-0.9978267985206257f,0.03337065003336706f,0.056816193734084156f,0.22157029122227861f,0.055103710074713985f,0.8953972837122812f,0.4418453184731852f,3.2169532269474805f,-0.03612840004871943f,0.4440158826404965f,-0.8952902516351335f,4.313311246768463f,0f,0f,0f,1f], start_interpolation: 0, interpolation_duration: 1 }
$data merge entity $(bone_eyelid_expressions_left6) { transformation: [-0.9978267985206257f,0.03337065003336706f,0.056816193734084156f,0.333630918009263f,0.055103710074713985f,0.8953972837122812f,0.4418453184731852f,3.2107648220074494f,-0.03612840004871943f,0.4440158826404965f,-0.8952902516351335f,4.31736863544581f,0f,0f,0f,1f], start_interpolation: 0, interpolation_duration: 1 }
$data merge entity $(bone_left_eye1) { transformation: [-0.9978267985206257f,0.03337065003336706f,0.056816193734084156f,0.034299131614509044f,0.055103710074713985f,0.8953972837122812f,0.4418453184731852f,3.3210196001609535f,-0.03612840004871943f,0.4440158826404965f,-0.8952902516351335f,3.738132680398806f,0f,0f,0f,1f], start_interpolation: 0, interpolation_duration: 1 }
$data merge entity $(bone_crest_middle5) { transformation: [-0.9978267985206257f,0.04487690741981057f,0.04824669247225343f,0.053453727544506016f,0.055103710074713985f,0.9698056230250286f,0.23757237778209392f,4.3511237745786495f,-0.03612840004871943f,0.2397146568932944f,-0.9701709241058762f,4.780237854979178f,0f,0f,0f,1f], start_interpolation: 0, interpolation_duration: 1 }
$data merge entity $(bone_crest_middle4) { transformation: [-0.9978267985206257f,0.04487690741981057f,0.04824669247225343f,0.023214405162016477f,0.055103710074713985f,0.9698056230250286f,0.23757237778209392f,3.6976414700012374f,-0.03612840004871943f,0.2397146568932944f,-0.9701709241058762f,4.618711377189751f,0f,0f,0f,1f], start_interpolation: 0, interpolation_duration: 1 }
$data merge entity $(bone_crest_middle1) { transformation: [-0.9978267985206257f,0.04487690741981057f,0.04824669247225343f,-0.0035288512542595548f,0.055103710074713985f,0.9698056230250286f,0.23757237778209392f,3.1875192874565177f,-0.03612840004871943f,0.2397146568932944f,-0.9701709241058762f,4.579282924342829f,0f,0f,0f,1f], start_interpolation: 0, interpolation_duration: 1 }
$data merge entity $(bone_crest_left5) { transformation: [-0.5642764688224545f,-0.8091662912435162f,0.16383522163586894f,-1.0756661541991241f,-0.7255632078454308f,0.5807295548507422f,0.36920348798989855f,3.794101710963549f,-0.39389097242042725f,0.08946003151168529f,-0.9147933125070485f,4.544071096068545f,0f,0f,0f,1f], start_interpolation: 0, interpolation_duration: 1 }
$data merge entity $(bone_crest_left4) { transformation: [-0.5642764688224545f,-0.8091662912435162f,0.16383522163586894f,-0.6213003168309388f,-0.7255632078454308f,0.5807295548507422f,0.36920348798989855f,3.4680084550659154f,-0.39389097242042725f,0.08946003151168529f,-0.9147933125070485f,4.493837191655245f,0f,0f,0f,1f], start_interpolation: 0, interpolation_duration: 1 }
$data merge entity $(bone_crest_left1) { transformation: [-0.5642764688224545f,-0.8091662912435162f,0.16383522163586894f,-0.11229816404228082f,-0.7255632078454308f,0.5807295548507422f,0.36920348798989855f,3.130037514749827f,-0.39389097242042725f,0.08946003151168529f,-0.9147933125070485f,4.387212108256518f,0f,0f,0f,1f], start_interpolation: 0, interpolation_duration: 1 }
$data merge entity $(bone_crest_center1) { transformation: [-0.9978267985206257f,0.03337065003336706f,0.056816193734084156f,-0.001174445368636437f,0.055103710074713985f,0.8953972837122812f,0.4418453184731852f,3.0987101035592803f,-0.03612840004871943f,0.4440158826404965f,-0.8952902516351335f,4.378803390265828f,0f,0f,0f,1f], start_interpolation: 0, interpolation_duration: 1 }
$data merge entity $(bone_crest_right5) { transformation: [-0.50798742726374f,0.8595515805715026f,-0.05585565395730215f,1.1285420676983222f,0.7847776115286322f,0.4885767424174451f,0.3813356359064449f,3.6723771281162922f,0.3550674220276786f,0.14987944190511593f,-0.9227476787881016f,4.6238790512662336f,0f,0f,0f,1f], start_interpolation: 0, interpolation_duration: 1 }
$data merge entity $(bone_crest_right4) { transformation: [-0.50798742726374f,0.8595515805715026f,-0.05585565395730215f,0.6458837094672538f,0.7847776115286322f,0.4885767424174451f,0.3813356359064449f,3.3980298362314962f,0.3550674220276786f,0.14987944190511593f,-0.9227476787881016f,4.5397182318370914f,0f,0f,0f,1f], start_interpolation: 0, interpolation_duration: 1 }
$data merge entity $(bone_crest_right1) { transformation: [-0.50798742726374f,0.8595515805715026f,-0.05585565395730215f,0.11182308953168782f,0.7847776115286322f,0.4885767424174451f,0.3813356359064449f,3.1176607048697647f,0.3550674220276786f,0.14987944190511593f,-0.9227476787881016f,4.395326885611211f,0f,0f,0f,1f], start_interpolation: 0, interpolation_duration: 1 }
$data merge entity $(bone_head1) { transformation: [-1.0458991833451865f,0.03497835062091207f,0.05955343223429391f,0.06751927825502624f,0.057758446106959294f,0.9385349132661276f,0.4631321372017108f,3.543658096372705f,-0.03786896098856657f,0.46540727281979105f,-0.9384227246956799f,3.160201042302077f,0f,0f,0f,1f], start_interpolation: 0, interpolation_duration: 1 }
$data merge entity $(bone_neck10) { transformation: [-1.4945840438480753f,0.06985743362728221f,0.05943699627144241f,0.08891090801024429f,0.08044700257722173f,1.4644889301351902f,0.3016533357545614f,3.319239419057273f,-0.044057886185132386f,0.3042801244947221f,-1.4654919959475734f,2.0247539578410145f,0f,0f,0f,1f], start_interpolation: 0, interpolation_duration: 1 }
$data merge entity $(bone_neck9) { transformation: [-1.1433567935437783f,-0.0035404417313552672f,0.0700775030104037f,0.09448259607603457f,0.06154195697157467f,0.4989381196444426f,1.0293014567153365f,2.78027218489905f,-0.0337042829316263f,1.0311335347744985f,-0.4978110116038516f,0.8516233555554424f,0f,0f,0f,1f], start_interpolation: 0, interpolation_duration: 1 }
$data merge entity $(bone_neck8) { transformation: [-1.0611546711321336f,-0.017414111119478184f,0.06275069772751686f,0.11527232190337272f,0.05711737182982744f,0.24320184176631826f,1.0333830884012196f,2.5907940913167176f,-0.031281099191444f,1.0348138722940992f,-0.24180959438778651f,-0.19960586106299028f,0f,0f,0f,1f], start_interpolation: 0, interpolation_duration: 1 }
$data merge entity $(bone_neck7) { transformation: [-1.051967813718951f,-0.06508910139588377f,0.05961325886789347f,0.18105386054814887f,0.052514359476484584f,0.11150508979437208f,1.0484443093711404f,2.478102777162831f,-0.07094063576081536f,1.0477388208343859f,-0.10787679253864535f,-1.2584908395658272f,0f,0f,0f,1f], start_interpolation: 0, interpolation_duration: 1 }
$data merge entity $(bone_neck6) { transformation: [-1.0237467190969654f,-0.2068401878251814f,0.10476785791670798f,0.3725451008044176f,0.13682201753021359f,-0.1560105125494809f,1.0289591671717702f,2.6366766057565347f,-0.18718681275926935f,1.0171992768815288f,0.17911795123475013f,-2.18987128898186f,0f,0f,0f,1f], start_interpolation: 0, interpolation_duration: 1 }
$data merge entity $(bone_neck_spine6) { transformation: [-1.2500277587700312f,0.22305452238049672f,-0.08753656873953507f,0.55975169929366f,0.007314631513184382f,0.5002787751572594f,1.170321755676484f,3.5066311747529535f,0.239504628320434f,1.148892160165379f,-0.49261517012809314f,-6.095592368362487f,0f,0f,0f,1f], start_interpolation: 0, interpolation_duration: 1 }
$data merge entity $(bone_neck_spine7) { transformation: [-0.9495400357972157f,0.3108868553707977f,-0.04151004186795235f,-0.30169714989531066f,0.0348640003957147f,0.23614644919702463f,0.971091837061791f,2.714587367873639f,0.3117021364935282f,0.9206433716099269f,-0.23506926727259808f,-9.276768981538954f,0f,0f,0f,1f], start_interpolation: 0, interpolation_duration: 1 }
$data merge entity $(bone_tail6) { transformation: [-1.7085439810783334f,0.17878671845019828f,0.11922546520746014f,-0.7987113253514365f,0.03949444911600911f,-0.6778675442007477f,1.5824783469404553f,3.888364043297499f,0.2112334981416269f,1.572842280507548f,0.6684680302286673f,-12.67683028082554f,0f,0f,0f,1f], start_interpolation: 0, interpolation_duration: 1 }
$data merge entity $(bone_tail5) { transformation: [-1.4114058974125363f,0.12834686836136402f,0.12264099376137862f,-0.717650145333733f,0.03262584926974666f,-0.7784743560682061f,1.1901653541098622f,3.3966960289386323f,0.17449723759525698f,1.1836744052085684f,0.7694452259554294f,-11.92924644595697f,0f,0f,0f,1f], start_interpolation: 0, interpolation_duration: 1 }
$data merge entity $(bone_tail4) { transformation: [-1.0364905412014405f,0.10631829882747353f,0.11427587391724543f,-0.6720851601219586f,0.03067554672008224f,-0.6136911186217168f,0.8491863280714209f,3.133685549529325f,0.15304106265490375f,0.8430627665153f,0.6037373625031004f,-11.567933831736127f,0f,0f,0f,1f], start_interpolation: 0, interpolation_duration: 1 }
$data merge entity $(bone_segment18) { transformation: [-0.9936303323231325f,-0.02850704623077352f,0.10902344244527266f,-0.688092534714434f,0.10543626629095938f,-0.5766553699098452f,0.8101554036755917f,2.8098800439647147f,0.03977381598543234f,0.8164900076971768f,0.5759879433569952f,-11.109455555929607f,0f,0f,0f,1f], start_interpolation: 0, interpolation_duration: 1 }
$data merge entity $(bone_segment17) { transformation: [-0.9888926789287412f,0.0971705903530821f,0.1124684219306509f,-0.6171599016197767f,0.06183004940164245f,-0.41916739858665975f,0.9058011575136578f,2.5038960298597064f,0.13516032906192504f,0.9026940613145329f,0.40850350930603585f,-10.450506521913383f,0f,0f,0f,1f], start_interpolation: 0, interpolation_duration: 1 }
$data merge entity $(bone_segment16) { transformation: [-0.9711804593066983f,0.21999126084545492f,0.09171892177984618f,-0.40715847830294827f,0.03659390892818048f,-0.24262656553117679f,0.9694293349841963f,2.272287174579701f,0.23551942868941106f,0.9448471806859418f,0.227583839188201f,-9.54856499933476f,0f,0f,0f,1f], start_interpolation: 0, interpolation_duration: 1 }
$data merge entity $(bone_segment15) { transformation: [-0.9495400357972157f,0.3110372320548769f,0.04036781755139962f,-0.040383617261675f,0.0348640003957147f,-0.023237107909319932f,0.9991218836020046f,2.2448859950870212f,0.3117021364935282f,0.9501136127283154f,0.011220562094596265f,-8.42819176948179f,0f,0f,0f,1f], start_interpolation: 0, interpolation_duration: 1 }
$data merge entity $(bone_segment14) { transformation: [-0.9982426178321372f,0.31911513952916265f,-0.01877236511729322f,0.31862091470863296f,0.03498990783549274f,0.17026062753716067f,1.0336644634916534f,2.436429201066327f,0.317746094104204f,0.9837947166249204f,-0.17280212165244688f,-7.321422713278755f,0f,0f,0f,1f], start_interpolation: 0, interpolation_duration: 1 }
$data merge entity $(bone_segment13) { transformation: [-1.007375311479378f,0.1892746778923828f,-0.0382582011305906f,0.5476266685049047f,0.005894732454742708f,0.23326601265331584f,0.9988222220662181f,2.6900303448511114f,0.1930125534111733f,0.9807424103569427f,-0.2301827330104089f,-6.133936057009314f,0f,0f,0f,1f], start_interpolation: 0, interpolation_duration: 1 }
$data merge entity $(bone_segment12) { transformation: [-1.1130193635336885f,0.07095495371613485f,-0.02504340499774166f,0.6333440622559401f,-0.014257991500658136f,0.16568056049596236f,1.1030958900946857f,2.8901813575307975f,0.07388157597877107f,1.1009038230511152f,-0.16439636952806522f,-4.80398512983347f,0f,0f,0f,1f], start_interpolation: 0, interpolation_duration: 1 }
$data merge entity $(bone_segment11) { transformation: [-1.1874613813382389f,-0.0827973925490211f,-0.014244314610123305f,0.537658371343f,-0.013157575112542105f,-0.016065271420937072f,1.1902485564589762f,2.8716153550482177f,-0.0829770265120815f,1.187438141429945f,0.015110070481582577f,-3.431709560746783f,0f,0f,0f,1f], start_interpolation: 0, interpolation_duration: 1 }
$data merge entity $(bone_segment10) { transformation: [-1.039033286297929f,-0.13602944058104358f,-0.02410434162776177f,0.3656041750376781f,7.273189573756925e-18f,-0.18288729378707083f,1.0320985591485026f,2.6561623267788383f,-0.13814857216091492f,1.0230950234907918f,0.18129187224873183f,-2.1376676882022227f,0f,0f,0f,1f], start_interpolation: 0, interpolation_duration: 1 }