# This file was generated by Animated Java via MC-Build. It is not recommended to edit this file directly.
$data merge entity $(bone_neck_spine5) { transformation: [-1.5703413278307965f,0.019186976295272423f,0.0753602654181755f,0.24313027360386785f,0.06961166657724528f,1.0259938440209952f,1.1893317634133893f,3.4306291314096438f,-0.03466302842498963f,1.1912126961749143f,-1.0255876278937561f,0.6165414989220807f,0f,0f,0f,1f], start_interpolation: 0, interpolation_duration: 1 }
$data merge entity $(bone_neck_spine2) { transformation: [-1.4955631693626628f,0.0636714245314882f,0.03782906062891169f,0.11877728537491296f,0.06629682531166214f,1.49187786624101f,0.10999747659739388f,4.251207038485445f,-0.033012408023799636f,0.11153772277723031f,-1.4928709920814214f,2.804048940883402f,0f,0f,0f,1f], start_interpolation: 0, interpolation_duration: 1 }
$data merge entity $(bone_scale_neck_left1) { transformation: [-1.572496928920281f,0.4651486481578068f,0.1547424456667343f,0.8664573620663288f,0.48745933253550394f,1.4286863911545145f,0.6590096172982631f,3.320458938466861f,0.05188341255158931f,0.6749422284051629f,-1.5016045353737935f,2.7205521091489673f,0f,0f,0f,1f], start_interpolation: 0, interpolation_duration: 1 }
$data merge entity $(bone_scale_neck_right1) { transformation: [-1.6056298693747997f,-0.36624209738179037f,-0.029572445190128974f,-0.703883965764467f,-0.34657613784258356f,1.465541114613812f,0.6671801127823709f,3.390070605044106f,-0.12203599504758647f,0.6565904723033726f,-1.5056730217516856f,2.6858890807239777f,0f,0f,0f,1f], start_interpolation: 0, interpolation_duration: 1 }
$data merge entity $(bone_blush_right1) { transformation: [-0.997568560305807f,0.024176125892785075f,0.06536422894990582f,-0.6594265448745817f,0.04979667427068143f,0.9034312796085076f,0.4258312039488349f,2.737019827663023f,-0.048757140205093606f,0.42805074227450046f,-0.9024385316005018f,3.872793861285882f,0f,0f,0f,1f], start_interpolation: 0, interpolation_duration: 1 }
$data merge entity $(bone_blush_left1) { transformation: [-0.997568560305807f,0.024176125892785075f,0.06536422894990582f,0.6625466351400473f,0.04979667427068143f,0.9034312796085076f,0.4258312039488349f,2.6710295083414266f,-0.048757140205093606f,0.42805074227450046f,-0.9024385316005018f,3.937406594936577f,0f,0f,0f,1f], start_interpolation: 0, interpolation_duration: 1 }
$data merge entity $(bone_left_head_scales) { transformation: [-0.9150359619020493f,0.024176125892785075f,-0.4026471201471677f,0.7170903799649603f,-0.15245677836123775f,0.9034312796085076f,0.40071043629614517f,3.497337398324486f,0.3734516289396846f,0.42805074227450046f,-0.8229862956821001f,3.8957045714925784f,0f,0f,0f,1f], start_interpolation: 0, interpolation_duration: 1 }
$data merge entity $(bone_left_head_scales2) { transformation: [-0.8546517069988491f,0.024176125892785075f,-0.5186385780683592f,0.6843585778993148f,-0.20345569692042648f,0.9034312796085076f,0.37738270020704195f,2.6139265976203836f,0.47767796590859923f,0.42805074227450046f,-0.7672003147312129f,3.6631498486493617f,0f,0f,0f,1f], start_interpolation: 0, interpolation_duration: 1 }
$data merge entity $(bone_left_head_scales1) { transformation: [-0.997568560305807f,0.024176125892785075f,0.06536422894990582f,0.7143752877016104f,0.04979667427068143f,0.9034312796085076f,0.4258312039488349f,3.3958778307903277f,-0.048757140205093606f,0.42805074227450046f,-0.9024385316005018f,3.8476324666472976f,0f,0f,0f,1f], start_interpolation: 0, interpolation_duration: 1 }
$data merge entity $(bone_right_head_scales) { transformation: [-0.8546722777564567f,0.024176125892785075f,0.5186046785089837f,-0.6272891251346625f,0.24079715742992105f,0.9034312796085076f,0.35472334571973746f,3.564446197634584f,-0.45994785205309946f,0.42805074227450046f,-0.777959211932084f,3.829996706763058f,0f,0f,0f,1f], start_interpolation: 0, interpolation_duration: 1 }
$data merge entity $(bone_right_head_scales2) { transformation: [-0.7796689439870073f,0.024176125892785075f,0.6257250616037374f,-0.660020927200308f,0.2850377919756699f,0.9034312796085076f,0.32025830226641944f,2.6810353969304814f,-0.5575569880539741f,0.42805074227450046f,-0.7112684212802011f,3.597441983919841f,0f,0f,0f,1f], start_interpolation: 0, interpolation_duration: 1 }
$data merge entity $(bone_right_head_scales1) { transformation: [-0.997568560305807f,0.024176125892785075f,0.06536422894990582f,-0.6300042173980124f,0.04979667427068143f,0.9034312796085076f,0.4258312039488349f,3.4629866301004255f,-0.048757140205093606f,0.42805074227450046f,-0.9024385316005018f,3.781924601917777f,0f,0f,0f,1f], start_interpolation: 0, interpolation_duration: 1 }
$data merge entity $(bone_head_left_fin1) { transformation: [-0.5557535219708953f,0.17514855878216773f,-0.8712842264144627f,0.7096992088914971f,-0.10307728064166269f,1.0079804217248436f,0.26837611976496684f,3.0512717543901773f,0.8827164295840647f,0.2279773010654997f,-0.5172168338003171f,3.591351493662563f,0f,0f,0f,1f], start_interpolation: 0, interpolation_duration: 1 }
$data merge entity $(bone_head_right_fin1) { transformation: [-0.45424595226790426f,-0.09548010835269241f,0.9397975110535016f,-0.6346802962081257f,0.1534944818581997f,1.0214896762481538f,0.17797045648842447f,3.118380553700275f,-0.9320811428799969f,0.21475005995941776f,-0.4286984404684939f,3.525643628933042f,0f,0f,0f,1f], start_interpolation: 0, interpolation_duration: 1 }
$data merge entity $(bone_right_whisker16) { transformation: [-0.09659112910916849f,-0.3807823068661357f,0.9196058876253026f,-0.9877282789609334f,0.9787261075897086f,-0.20436416277028377f,0.01817952962811823f,2.070096419701532f,0.1810120440736326f,0.9017982722055449f,0.39242135026955405f,1.5034088406443933f,0f,0f,0f,1f], start_interpolation: 0, interpolation_duration: 1 }
$data merge entity $(bone_right_whisker15) { transformation: [0.45990773697767173f,-0.19185365148792083f,0.8669931083225683f,-1.1426776630012623f,0.4492306202948667f,0.8924834614614778f,-0.04080589182003258f,1.9187443064185936f,-0.7659482510310774f,0.408246797205429f,0.4966465839145009f,1.7614675775640434f,0f,0f,0f,1f], start_interpolation: 0, interpolation_duration: 1 }
$data merge entity $(bone_right_whisker14) { transformation: [0.675296864730043f,-0.1554921768604478f,0.7209690197373072f,-1.3701946730909738f,-0.18631849806055148f,0.9098537215086034f,0.37074468672848837f,1.9815176285190723f,-0.7136242440992563f,-0.3846925894687132f,0.5854502966449171f,2.001897620742015f,0f,0f,0f,1f], start_interpolation: 0, interpolation_duration: 1 }
$data merge entity $(bone_right_whisker13) { transformation: [0.2286325103437883f,-0.34991110548496673f,0.9084543981247415f,-1.4472241809704727f,0.27458153939216734f,0.9184622389721239f,0.2846613669034507f,1.8890072465949534f,-0.9339872340877714f,0.18436196419164627f,0.30606945734665f,2.3165710541016646f,0f,0f,0f,1f], start_interpolation: 0, interpolation_duration: 1 }
$data merge entity $(bone_right_whisker12) { transformation: [-0.44378374304058565f,-0.2506119568051558f,0.8603776127487154f,-1.2478682026514596f,-0.24778192239599525f,0.9569846136912779f,0.15094557990183394f,2.0003155320462795f,-0.8611969045152406f,-0.14619882442908608f,-0.48679132632876787f,2.7034368510518703f,0f,0f,0f,1f], start_interpolation: 0, interpolation_duration: 1 }
$data merge entity $(bone_right_whisker11) { transformation: [-0.8928343991837262f,-0.14861902171259958f,0.42515776133033834f,-0.846790249893145f,-0.11506814722552067f,0.9879300858156775f,0.10369892494290464f,2.052006301307744f,-0.43543777641394504f,0.04366385147256449f,-0.8991592800757056f,2.899043664675322f,0f,0f,0f,1f], start_interpolation: 0, interpolation_duration: 1 }
$data merge entity $(bone_right_whisker10) { transformation: [-0.46572555208702193f,-0.5120226909791159f,0.721756519926037f,-0.6375775995415532f,-0.4149633624074688f,0.8467388374440195f,0.33292453953326756f,2.238415624264224f,-0.7816041952246203f,-0.14445104737057285f,-0.6068185700197533f,3.250154924248882f,0f,0f,0f,1f], start_interpolation: 0, interpolation_duration: 1 }
$data merge entity $(bone_right_whisker1) { transformation: [0.06719865086793814f,-0.5422637347124002f,0.8375167958538438f,-0.6677644934861349f,-0.635858549989573f,0.6235910691087998f,0.45477256176346176f,2.5240552072673528f,-0.7688746619096553f,-0.5631023180057989f,-0.3028985535287506f,3.59554783877861f,0f,0f,0f,1f], start_interpolation: 0, interpolation_duration: 1 }
$data merge entity $(bone_left_whisker16) { transformation: [-0.17528211463329285f,0.269055195717158f,-0.9470403803150547f,1.1518867249895695f,-0.9651547262328156f,-0.23680278176113628f,0.11135886574784735f,1.9632910173904128f,-0.1943001150801018f,0.933559716465846f,0.30118718610204787f,1.6079846190756582f,0f,0f,0f,1f], start_interpolation: 0, interpolation_duration: 1 }
$data merge entity $(bone_left_whisker15) { transformation: [0.33629933879220364f,0.23894619720086058f,-0.9109376869858741f,1.2651907014381147f,-0.4889757225181865f,0.8709787743706601f,0.04794494116797521f,1.798548220252938f,0.8048636515061075f,0.42930256164974256f,0.4097484753421605f,1.879154501663165f,0f,0f,0f,1f], start_interpolation: 0, interpolation_duration: 1 }
$data merge entity $(bone_left_whisker14) { transformation: [0.6178286857420832f,0.2817985993364027f,-0.7340826005881436f,1.4733458738805156f,0.12176819606605391f,0.8880250199934188f,0.4433780218870883f,1.8395736378728487f,0.7768270216084339f,-0.36331957458652003f,0.5143332239134865f,2.1408784493730373f,0f,0f,0f,1f], start_interpolation: 0, interpolation_duration: 1 }
$data merge entity $(bone_left_whisker13) { transformation: [0.1082759408167831f,0.4198281991851113f,-0.9011218584682247f,1.5098255609721076f,-0.2913993512890656f,0.8800383561903266f,0.37499187951492996f,1.741397098620185f,0.9504539645393419f,0.22198372643690517f,0.21762464586676067f,2.461099755785218f,0f,0f,0f,1f], start_interpolation: 0, interpolation_duration: 1 }
$data merge entity $(bone_left_whisker12) { transformation: [-0.4986302335126392f,0.3574769013176461f,-0.7896696494430218f,1.2858315107613518f,0.2948253875631135f,0.9266300054964395f,0.233312716674271f,1.8738381906895525f,0.8151354985984789f,-0.1164778860471067f,-0.5674390019963438f,2.8272739055462535f,0f,0f,0f,1f], start_interpolation: 0, interpolation_duration: 1 }
$data merge entity $(bone_left_whisker11) { transformation: [-0.9150874652367014f,0.2410798827889476f,-0.3232575151193493f,0.8747570634870521f,0.20531607581078862f,0.9684770775881968f,0.14105835388194646f,1.9660700216201803f,0.3470738249714711f,0.0627107670236407f,-0.9357388095611827f,2.9831859753576566f,0f,0f,0f,1f], start_interpolation: 0, interpolation_duration: 1 }
$data merge entity $(bone_left_whisker10) { transformation: [-0.4960066713528459f,0.6052252403642999f,-0.6226393742765114f,0.6519415665902659f,0.4629711567304696f,0.7909680027059582f,0.4000341569553755f,2.174045345932696f,0.734598591074827f,-0.08984446071585439f,-0.6725272357827277f,3.3131814361920515f,0f,0f,0f,1f], start_interpolation: 0, interpolation_duration: 1 }
$data merge entity $(bone_left_whisker1) { transformation: [0.05492523413865071f,0.6537277426381329f,-0.7547338982449813f,0.6766150116134879f,0.6297623641590182f,0.5638895103408708f,0.534254606733884f,2.456946407957255f,0.7748435863731845f,-0.5046470634342224f,-0.3807213653363273f,3.6612557035081306f,0f,0f,0f,1f], start_interpolation: 0, interpolation_duration: 1 }
$data merge entity $(bone_upper_left_tooth1) { transformation: [-0.997568560305807f,0.02978099635804808f,0.06300841011580459f,0.2627043520692459f,0.04979667427068143f,0.9371070857015267f,0.3454715634601073f,2.4536717004792914f,-0.048757140205093606f,0.3477691794623458f,-0.9363115609107405f,4.640611696175152f,0f,0f,0f,1f], start_interpolation: 0, interpolation_duration: 1 }
$data merge entity $(bone_upper_right_tooth1) { transformation: [-0.997568560305807f,0.02978099635804808f,0.06300841011580459f,-0.40948540048056536f,0.04979667427068143f,0.9371070857015267f,0.3454715634601073f,2.4872261001343405f,-0.048757140205093606f,0.3477691794623458f,-0.9363115609107405f,4.607757763810392f,0f,0f,0f,1f], start_interpolation: 0, interpolation_duration: 1 }
$data merge entity $(bone_top_lip1) { transformation: [-0.997568560305807f,0.04953512797583979f,0.049022837390512934f,-0.04170325930984408f,0.04979667427068143f,0.9987508469694812f,0.004127579111697699f,2.5848164526806294f,-0.048757140205093606f,0.00655871741736469f,-0.9987891291483202f,4.668515381287216f,0f,0f,0f,1f], start_interpolation: 0, interpolation_duration: 1 }
$data merge entity $(bone_muzzle1) { transformation: [-0.997568560305807f,0.02978099635804808f,0.06300841011580459f,-0.0013057420360638727f,0.04979667427068143f,0.9371070857015267f,0.3454715634601073f,2.9366691101738667f,-0.048757140205093606f,0.3477691794623458f,-0.9363115609107405f,4.201338658566102f,0f,0f,0f,1f], start_interpolation: 0, interpolation_duration: 1 }
$data merge entity $(bone_jaw_right_tooth1) { transformation: [-0.997568560305807f,0.06331459209911644f,0.029124386975900432f,-0.4091914970412094f,0.04979667427068143f,0.9399305161002685f,-0.33771425219416273f,2.5166299729998993f,-0.048757140205093606f,-0.3354428227445109f,-0.9407979878529796f,4.631775297316041f,0f,0f,0f,1f], start_interpolation: 0, interpolation_duration: 1 }
$data merge entity $(bone_jaw_left_tooth1) { transformation: [-0.997568560305807f,0.06331459209911644f,0.029124386975900432f,0.3190140682210862f,0.04979667427068143f,0.9399305161002685f,-0.33771425219416273f,2.4802793733735964f,-0.048757140205093606f,-0.3354428227445109f,-0.9407979878529796f,4.667367057377865f,0f,0f,0f,1f], start_interpolation: 0, interpolation_duration: 1 }
$data merge entity $(bone_tongue1) { transformation: [-0.997568560305807f,0.04507401005445988f,0.05315356156467736f,-0.002748158945030294f,0.04979667427068143f,0.994590556242408f,0.09115874431450519f,2.5635595979003023f,-0.048757140205093606f,0.09358396791666895f,-0.9944168050812459f,3.8497859830268912f,0f,0f,0f,1f], start_interpolation: 0, interpolation_duration: 1 }
$data merge entity $(bone_jaw_lips1) { transformation: [-0.997568560305807f,0.04507401005445988f,0.05315356156467736f,-0.0003088090079071022f,0.04979667427068143f,0.994590556242408f,0.09115874431450519f,2.3504115621643233f,-0.048757140205093606f,0.09358396791666895f,-0.9944168050812459f,4.733858786658199f,0f,0f,0f,1f], start_interpolation: 0, interpolation_duration: 1 }
$data merge entity $(bone_jaw3) { transformation: [-0.997568560305807f,0.05729530445398377f,0.03967638563333112f,0.030512024672597247f,0.04979667427068143f,0.984294324013977f,-0.16936639260918263f,2.115340440223928f,-0.048757140205093606f,-0.16697883638770944f,-0.984754187336935f,3.863183136010418f,0f,0f,0f,1f], start_interpolation: 0, interpolation_duration: 1 }
$data merge entity $(bone_jaw1) { transformation: [-0.997568560305807f,0.012458456975258774f,0.06856933964386068f,0.09211729075887834f,0.04979667427068143f,0.815761315912768f,0.5762410664746558f,2.633057023384752f,-0.048757140205093606f,0.5782544961434062f,-0.8143982311921828f,3.131497225173691f,0f,0f,0f,1f], start_interpolation: 0, interpolation_duration: 1 }
$data merge entity $(bone_tear_right1) { transformation: [-0.997568560305807f,0.024176125892785075f,0.06536422894990582f,-0.6005145476156805f,0.04979667427068143f,0.9034312796085076f,0.4258312039488349f,3.046291557802824f,-0.048757140205093606f,0.42805074227450046f,-0.9024385316005018f,4.134997325492846f,0f,0f,0f,1f], start_interpolation: 0, interpolation_duration: 1 }
$data merge entity $(bone_right_pupil1) { transformation: [-0.997568560305807f,0.024176125892785075f,0.06536422894990582f,-0.4173520574858725f,0.04979667427068143f,0.9034312796085076f,0.4258312039488349f,3.10982997915519f,-0.048757140205093606f,0.42805074227450046f,-0.9024385316005018f,4.2529130905839505f,0f,0f,0f,1f], start_interpolation: 0, interpolation_duration: 1 }
$data merge entity $(bone_right_sad_pupil1) { transformation: [-0.997568560305807f,0.024176125892785075f,0.06536422894990582f,-0.41661798655528276f,0.04979667427068143f,0.9034312796085076f,0.4258312039488349f,3.1146122631839126f,-0.048757140205093606f,0.42805074227450046f,-0.9024385316005018f,4.242778282856015f,0f,0f,0f,1f], start_interpolation: 0, interpolation_duration: 1 }
$data merge entity $(bone_right_happy_pupil1) { transformation: [-0.997568560305807f,0.024176125892785075f,0.06536422894990582f,-0.4453042987878657f,0.04979667427068143f,0.9034312796085076f,0.4258312039488349f,3.090645778060936f,-0.048757140205093606f,0.42805074227450046f,-0.9024385316005018f,4.229391514148997f,0f,0f,0f,1f], start_interpolation: 0, interpolation_duration: 1 }
$data merge entity $(bone_eyelid_right1) { transformation: [-0.997568560305807f,0.024176125892785075f,0.06536422894990582f,0.05005013022986079f,0.04979667427068143f,0.9034312796085076f,0.4258312039488349f,3.2814659231786103f,-0.048757140205093606f,0.42805074227450046f,-0.9024385316005018f,3.7330831348260936f,0f,0f,0f,1f], start_interpolation: 0, interpolation_duration: 1 }
$data merge entity $(bone_eyelid_expressions_right5) { transformation: [-0.997568560305807f,0.024176125892785075f,0.06536422894990582f,-0.5427389050294453f,0.04979667427068143f,0.9034312796085076f,0.4258312039488349f,3.222503072756276f,-0.048757140205093606f,0.42805074227450046f,-0.9024385316005018f,4.284553401520148f,0f,0f,0f,1f], start_interpolation: 0, interpolation_duration: 1 }
$data merge entity $(bone_eyelid_expressions_right7) { transformation: [-0.997568560305807f,0.024176125892785075f,0.06536422894990582f,-0.20664402875453958f,0.04979667427068143f,0.9034312796085076f,0.4258312039488349f,3.205725872928751f,-0.048757140205093606f,0.42805074227450046f,-0.9024385316005018f,4.300980367702529f,0f,0f,0f,1f], start_interpolation: 0, interpolation_duration: 1 }
$data merge entity $(bone_eyelid_expressions_right6) { transformation: [-0.997568560305807f,0.024176125892785075f,0.06536422894990582f,-0.31867565417950816f,0.04979667427068143f,0.9034312796085076f,0.4258312039488349f,3.2113182728712593f,-0.048757140205093606f,0.42805074227450046f,-0.9024385316005018f,4.295504712308402f,0f,0f,0f,1f], start_interpolation: 0, interpolation_duration: 1 }
$data merge entity $(bone_right_eye1) { transformation: [-0.997568560305807f,0.024176125892785075f,0.06536422894990582f,0.03811289675677417f,0.04979667427068143f,0.9034312796085076f,0.4258312039488349f,3.277242879144139f,-0.048757140205093606f,0.42805074227450046f,-0.9024385316005018f,3.7426703770146164f,0f,0f,0f,1f], start_interpolation: 0, interpolation_duration: 1 }
$data merge entity $(bone_tear_left1) { transformation: [-0.997568560305807f,0.024176125892785075f,0.06536422894990582f,0.6094270069739799f,0.04979667427068143f,0.9034312796085076f,0.4258312039488349f,2.985893638423736f,-0.048757140205093606f,0.42805074227450046f,-0.9024385316005018f,4.194134403749414f,0f,0f,0f,1f], start_interpolation: 0, interpolation_duration: 1 }
$data merge entity $(bone_left_sad_pupil1) { transformation: [-0.997568560305807f,0.024176125892785075f,0.06536422894990582f,0.4236192041319814f,0.04979667427068143f,0.9034312796085076f,0.4258312039488349f,3.072669263615101f,-0.048757140205093606f,0.42805074227450046f,-0.9024385316005018f,4.283845698311966f,0f,0f,0f,1f], start_interpolation: 0, interpolation_duration: 1 }
$data merge entity $(bone_left_pupil1) { transformation: [-0.997568560305807f,0.024176125892785075f,0.06536422894990582f,0.42288513320139165f,0.04979667427068143f,0.9034312796085076f,0.4258312039488349f,3.067886979586379f,-0.048757140205093606f,0.42805074227450046f,-0.9024385316005018f,4.293980506039901f,0f,0f,0f,1f], start_interpolation: 0, interpolation_duration: 1 }
$data merge entity $(bone_eyelid_left1) { transformation: [-0.997568560305807f,0.024176125892785075f,0.06536422894990582f,0.027643805144867077f,0.04979667427068143f,0.9034312796085076f,0.4258312039488349f,3.282584403167112f,-0.048757140205093606f,0.42805074227450046f,-0.9024385316005018f,3.7319880037472686f,0f,0f,0f,1f], start_interpolation: 0, interpolation_duration: 1 }
$data merge entity $(bone_left_happy_pupil1) { transformation: [-0.997568560305807f,0.024176125892785075f,0.06536422894990582f,0.45094870461188263f,0.04979667427068143f,0.9034312796085076f,0.4258312039488349f,3.0459065785208708f,-0.048757140205093606f,0.42805074227450046f,-0.9024385316005018f,4.27319675730201f,0f,0f,0f,1f], start_interpolation: 0, interpolation_duration: 1 }
$data merge entity $(bone_eyelid_expressions_left5) { transformation: [-0.997568560305807f,0.024176125892785075f,0.06536422894990582f,0.5551710241352465f,0.04979667427068143f,0.9034312796085076f,0.4258312039488349f,3.1676975533196954f,-0.048757140205093606f,0.42805074227450046f,-0.9024385316005018f,4.3382148243825895f,0f,0f,0f,1f], start_interpolation: 0, interpolation_duration: 1 }
$data merge entity $(bone_eyelid_expressions_left7) { transformation: [-0.997568560305807f,0.024176125892785075f,0.06536422894990582f,0.2190761478603408f,0.04979667427068143f,0.9034312796085076f,0.4258312039488349f,3.18447475314722f,-0.048757140205093606f,0.42805074227450046f,-0.9024385316005018f,4.321787858200209f,0f,0f,0f,1f], start_interpolation: 0, interpolation_duration: 1 }
$data merge entity $(bone_eyelid_expressions_left6) { transformation: [-0.997568560305807f,0.024176125892785075f,0.06536422894990582f,0.3311077732853094f,0.04979667427068143f,0.9034312796085076f,0.4258312039488349f,3.178882353204712f,-0.048757140205093606f,0.42805074227450046f,-0.9024385316005018f,4.327263513594336f,0f,0f,0f,1f], start_interpolation: 0, interpolation_duration: 1 }
$data merge entity $(bone_left_eye1) { transformation: [-0.997568560305807f,0.024176125892785075f,0.06536422894990582f,0.03811289675677417f,0.04979667427068143f,0.9034312796085076f,0.4258312039488349f,3.277242879144139f,-0.048757140205093606f,0.42805074227450046f,-0.9024385316005018f,3.7426703770146164f,0f,0f,0f,1f], start_interpolation: 0, interpolation_duration: 1 }
$data merge entity $(bone_crest_middle5) { transformation: [-0.997568560305807f,0.03775046365603429f,0.05858216437751283f,0.040451324130807945f,0.04979667427068143f,0.9741830923745214f,0.22019898674424987f,4.326114540028261f,-0.048757140205093606f,0.2225807831448374f,-0.9736942724765569f,4.7660605637649045f,0f,0f,0f,1f], start_interpolation: 0, interpolation_duration: 1 }
$data merge entity $(bone_crest_middle4) { transformation: [-0.997568560305807f,0.03775046365603429f,0.05858216437751283f,0.015013999987581711f,0.04979667427068143f,0.9741830923745214f,0.22019898674424987f,3.6696825734868357f,-0.048757140205093606f,0.2225807831448374f,-0.9736942724765569f,4.616079371997387f,0f,0f,0f,1f], start_interpolation: 0, interpolation_duration: 1 }
$data merge entity $(bone_crest_middle1) { transformation: [-0.997568560305807f,0.03775046365603429f,0.05858216437751283f,-0.00899830292042094f,0.04979667427068143f,0.9741830923745214f,0.22019898674424987f,3.1588114856511584f,-0.048757140205093606f,0.2225807831448374f,-0.9736942724765569f,4.585606651336392f,0f,0f,0f,1f], start_interpolation: 0, interpolation_duration: 1 }
$data merge entity $(bone_crest_left5) { transformation: [-0.5563831345222854f,-0.8127325661307782f,0.17292652650659693f,-1.0833317290342177f,-0.7351904795189931f,0.578481410078339f,0.3533471621768165f,3.7596613604096047f,-0.38721152674447784f,0.06946246572255263f,-0.9193705452166464f,4.526890186343003f,0f,0f,0f,1f], start_interpolation: 0, interpolation_duration: 1 }
$data merge entity $(bone_crest_left4) { transformation: [-0.5563831345222854f,-0.8127325661307782f,0.17292652650659693f,-0.6269633447322671f,-0.7351904795189931f,0.578481410078339f,0.3533471621768165f,3.4348304904925686f,-0.38721152674447784f,0.06946246572255263f,-0.9193705452166464f,4.487885383813249f,0f,0f,0f,1f], start_interpolation: 0, interpolation_duration: 1 }
$data merge entity $(bone_crest_left1) { transformation: [-0.5563831345222854f,-0.8127325661307782f,0.17292652650659693f,-0.11524789224023027f,-0.7351904795189931f,0.578481410078339f,0.3533471621768165f,3.0973578048974693f,-0.38721152674447784f,0.06946246572255263f,-0.9193705452166464f,4.39335529014189f,0f,0f,0f,1f], start_interpolation: 0, interpolation_duration: 1 }
$data merge entity $(bone_crest_center1) { transformation: [-0.997568560305807f,0.024176125892785075f,0.06536422894990582f,-0.0038950311928039605f,0.04979667427068143f,0.9034312796085076f,0.4258312039488349f,3.0664008377420378f,-0.048757140205093606f,0.42805074227450046f,-0.9024385316005018f,4.386813073155432f,0f,0f,0f,1f], start_interpolation: 0, interpolation_duration: 1 }
$data merge entity $(bone_crest_right5) { transformation: [-0.5156032589805446f,0.8555534404297772f,-0.04670749294720283f,1.120306042363046f,0.7887019466842161f,0.4952038308074315f,0.36431086348086383f,3.6496600665845462f,0.3348171420718619f,0.15100157788055155f,-0.9301053729833058f,4.634595140224387f,0f,0f,0f,1f], start_interpolation: 0, interpolation_duration: 1 }
$data merge entity $(bone_crest_right4) { transformation: [-0.5156032589805446f,0.8555534404297772f,-0.04670749294720283f,0.639892733527966f,0.7887019466842161f,0.4952038308074315f,0.36431086348086383f,3.371591509246389f,0.3348171420718619f,0.15100157788055155f,-0.9301053729833058f,4.549804215144976f,0f,0f,0f,1f], start_interpolation: 0, interpolation_duration: 1 }
$data merge entity $(bone_crest_right1) { transformation: [-0.5156032589805446f,0.8555534404297772f,-0.04670749294720283f,0.10881535860970681f,0.7887019466842161f,0.4952038308074315f,0.36431086348086383f,3.086173005012453f,0.3348171420718619f,0.15100157788055155f,-0.9301053729833058f,4.404306600930143f,0f,0f,0f,1f], start_interpolation: 0, interpolation_duration: 1 }
$data merge entity $(bone_head1) { transformation: [-1.0456285039663726f,0.025340861124598928f,0.06851328685504447f,0.07712925180753616f,0.052195732796742875f,0.9469559636521461f,0.4463465093474113f,3.489538716956784f,-0.051106117011849396f,0.44867297855595406f,-0.9459153879406297f,3.161219899555533f,0f,0f,0f,1f], start_interpolation: 0, interpolation_duration: 1 }
$data merge entity $(bone_neck10) { transformation: [-1.4955631693626628f,0.05818902342894105f,0.045816216368454364f,0.09231659894137759f,0.06629682531166214f,1.464757092507902f,0.30378557007438656f,3.266558807882414f,-0.033012408023799636f,0.3054422681689803f,-1.46554067955014f,2.0253894849253644f,0f,0f,0f,1f], start_interpolation: 0, interpolation_duration: 1 }
$data merge entity $(bone_neck9) { transformation: [-1.1441058245624378f,-0.0007077896587492969f,0.05665253511220931f,0.09439330570037574f,0.05071707136342158f,0.4977689178867582f,1.0304571954024584f,2.728935136245969f,-0.02525449213820674f,1.0317042948045634f,-0.49712836089605306f,0.8516311587746357f,0f,0f,0f,1f], start_interpolation: 0, interpolation_duration: 1 }
$data merge entity $(bone_neck8) { transformation: [-1.0618498502474907f,-0.012440504797178446f,0.051090769877655505f,0.10957607124742041f,0.04707074597128013f,0.23555904747697753f,1.0356574807446548f,2.5472468745566426f,-0.023438809696897746f,1.036651969751203f,-0.23471994633576015f,-0.20106817423286127f,0f,0f,0f,1f], start_interpolation: 0, interpolation_duration: 1 }
$data merge entity $(bone_neck7) { transformation: [-1.0523347841507635f,-0.06821079562508456f,0.04863540151538142f,0.17851251363447396f,0.04225474817659218f,0.09702113625198756f,1.0503466324175603f,2.4491935985572932f,-0.0723370664106736f,1.0489808384020036f,-0.09398490486525785f,-1.2612083832561627f,0f,0f,0f,1f], start_interpolation: 0, interpolation_duration: 1 }
$data merge entity $(bone_neck6) { transformation: [-1.0226300322236126f,-0.21558973018784702f,0.09780285090771607f,0.37793437306813565f,0.13413190342613718f,-0.17032194597179873f,1.0270421507501402f,2.6208804140564257f,-0.19507168398162514f,1.0130784842112301f,0.19348264819012076f,-2.1885910740197696f,0f,0f,0f,1f], start_interpolation: 0, interpolation_duration: 1 }
$data merge entity $(bone_neck_spine6) { transformation: [-1.2560517105450746f,0.19094879287434346f,-0.07653775181786622f,0.6594075868035998f,0.003730423344532943f,0.4946088308624484f,1.1727461604674994f,3.5880717797338777f,0.2056831371191445f,1.1571024291087733f,-0.4886653089509366f,-6.085507795464459f,0f,0f,0f,1f], start_interpolation: 0, interpolation_duration: 1 }
$data merge entity $(bone_neck_spine7) { transformation: [-0.950315624101468f,0.3073398361884817f,-0.049421044912815876f,-0.13555793367715774f,0.036030374808235836f,0.26629625586592326f,0.9632175850777271f,2.7515300548777963f,0.30919577403291815f,0.9135800617370262f,-0.2641390620804819f,-9.298671454690686f,0f,0f,0f,1f], start_interpolation: 0, interpolation_duration: 1 }
$data merge entity $(bone_tail6) { transformation: [-1.6917336819776507f,0.2924217771481598f,0.13352374709758225f,-0.8050751882846716f,0.005483868184998299f,-0.6888984210380685f,1.5781922665531323f,3.89560169434087f,0.3214171961473074f,1.5508740784692663f,0.6758568755883421f,-12.663193087726137f,0f,0f,0f,1f], start_interpolation: 0, interpolation_duration: 1 }
$data merge entity $(bone_tail5) { transformation: [-1.397519128590233f,0.21874210785221102f,0.15057395092313158f,-0.6669222780622226f,0.004530151978911638f,-0.7868335489674735f,1.1850961071415829f,3.398654189729834f,0.26551855333908f,1.164742544810422f,0.7723050183451485f,-11.927566217319555f,0f,0f,0f,1f], start_interpolation: 0, interpolation_duration: 1 }
$data merge entity $(bone_tail4) { transformation: [-1.0248036311266089f,0.17174129980050087f,0.13768675171462577f,-0.5933188638620079f,0.009811476328191201f,-0.6193523517295437f,0.8455658444878899f,3.1332174675600295f,0.21990100178751312f,0.8279992683421233f,0.6039337373114128f,-11.572709388030074f,0f,0f,0f,1f], start_interpolation: 0, interpolation_duration: 1 }
$data merge entity $(bone_segment18) { transformation: [-0.9907228925528218f,0.034830291569174596f,0.13135829231904672f,-0.5737608388109577f,0.08640643202563247f,-0.5846083277342513f,0.806701327412049f,2.804946189779566f,0.10489079404966663f,0.8105676738761353f,0.576175292242441f,-11.117556641468767f,0f,0f,0f,1f], start_interpolation: 0, interpolation_duration: 1 }
$data merge entity $(bone_segment17) { transformation: [-0.9823751472329643f,0.14226216774585349f,0.12124580705023262f,-0.46991223491444833f,0.05304190462813999f,-0.409821431871051f,0.9106222874126136f,2.5057845488385397f,0.1792362308586935f,0.9010038122047057f,0.3950525331397804f,-10.459841456290038f,0f,0f,0f,1f], start_interpolation: 0, interpolation_duration: 1 }
$data merge entity $(bone_segment16) { transformation: [-0.9656267217176066f,0.24421495953604902f,0.08901734574628575f,-0.23678711484951853f,0.035550854926388806f,-0.2151626016095943f,0.975930935867182f,2.3003925145871933f,0.2574901377119339f,0.9455496329687816f,0.19908470703118422f,-9.557229379896498f,0f,0f,0f,1f], start_interpolation: 0, interpolation_duration: 1 }
$data merge entity $(bone_segment15) { transformation: [-0.950315624101468f,0.3096585928742099f,0.03180833928078714f,0.12836205594697409f,0.036030374808235836f,0.00792337538920368f,0.9993192844199593f,2.3097357526560054f,0.30919577403291815f,0.9508147958365009f,-0.018686822591829882f,-8.436029315470156f,0f,0f,0f,1f], start_interpolation: 0, interpolation_duration: 1 }
$data merge entity $(bone_segment14) { transformation: [-1.0072507036724405f,0.28910438512525866f,-0.023235156076328707f,0.45360448921289004f,0.030879371800827657f,0.19038782363788742f,1.030278670570631f,2.523922054248629f,0.2883880759908972f,0.9893666302928088f,-0.19147111143588663f,-7.322991856390747f,0f,0f,0f,1f], start_interpolation: 0, interpolation_duration: 1 }
$data merge entity $(bone_segment13) { transformation: [-1.0122299079098542f,0.16225513829665567f,-0.03402198483817631f,0.6499525084029344f,0.003006282342358901f,0.22842685144910835f,0.9999528727028653f,2.771664063111439f,0.1657564105018988f,0.9867056579631884f,-0.2258990233359717f,-6.128440439906931f,0f,0f,0f,1f], start_interpolation: 0, interpolation_duration: 1 }
$data merge entity $(bone_segment12) { transformation: [-1.1149310713433978f,0.03189407019450536f,-0.019630477099861276f,0.6884822576311959f,-0.015465011407468887f,0.14046901359896963f,1.1065727137573813f,2.9413581734994563f,0.034108954350830965f,1.106221092592542f,-0.13994768568337407f,-4.792065965634061f,0f,0f,0f,1f], start_interpolation: 0, interpolation_duration: 1 }
$data merge entity $(bone_segment11) { transformation: [-1.1845862670978269f,-0.11685075846527981f,-0.014970535417014088f,0.553442430732884f,-0.009988468127172146f,-0.05110884657194269f,1.1892901064029353f,2.882293689154682f,-0.11738163054352117f,1.1835778922105304f,0.04987751760833586f,-3.424251534782338f,0f,0f,0f,1f], start_interpolation: 0, interpolation_duration: 1 }
$data merge entity $(bone_segment10) { transformation: [-1.0377613626392959f,-0.14458354686595523f,-0.028673161909097286f,0.37052322809271027f,0f,-0.20389888004704992f,1.028153901291403f,2.64026126342025f,-0.14739929524324458f,1.0179371506710975f,0.20187273979063144f,-2.136413077539374f,0f,0f,0f,1f], start_interpolation: 0, interpolation_duration: 1 }