# This file was generated by Animated Java via MC-Build. It is not recommended to edit this file directly.
$data merge entity $(bone_neck_spine5) { transformation: [-1.3655141981137358f,0.016684327213280364f,0.06553066558102216f,0.21337992220782792f,0.06053188398021328f,0.8921685600182566f,1.034201533402947f,3.005284115395164f,-0.03014176384781707f,1.035837127108621f,-0.8918153286032661f,0.5174342536651746f,0f,0f,0f,1f], start_interpolation: 0, interpolation_duration: 1 }
$data merge entity $(bone_neck_spine2) { transformation: [-1.300489712489272f,0.055366456114337576f,0.03289483532948843f,0.10479726024121086f,0.05764941331448883f,1.297285101079139f,0.09564997964990772f,3.734581238904223f,-0.028706441759825774f,0.09698932415411332f,-1.2981486887664533f,2.471616213694843f,0f,0f,0f,1f], start_interpolation: 0, interpolation_duration: 1 }
$data merge entity $(bone_scale_neck_left1) { transformation: [-1.3673886338437227f,0.4044770853546147f,0.13455864840585594f,0.7549538486685289f,0.42387768046565566f,1.2423359923082737f,0.5730518411289245f,2.9252350649750185f,0.04511601091442549f,0.586906285569707f,-1.3057430742380816f,2.399010273056204f,0f,0f,0f,1f], start_interpolation: 0, interpolation_duration: 1 }
$data merge entity $(bone_scale_neck_right1) { transformation: [-1.3961998864128695f,-0.3184713890276438f,-0.02571516973054694f,-0.6105603494452067f,-0.3013705546457249f,1.274383577925054f,0.5801566198107574f,2.9857669489552316f,-0.10611825656311868f,0.5709482367855414f,-1.3092808884797267f,2.368868509208387f,0f,0f,0f,1f], start_interpolation: 0, interpolation_duration: 1 }
$data merge entity $(bone_blush_right1) { transformation: [-0.997568560305807f,0.024176125892785075f,0.06536422894990582f,-0.5719017225844366f,0.04979667427068143f,0.9034312796085076f,0.4258312039488349f,2.41789670775429f,-0.048757140205093606f,0.42805074227450046f,-0.9024385316005018f,3.4009596227404773f,0f,0f,0f,1f], start_interpolation: 0, interpolation_duration: 1 }
$data merge entity $(bone_blush_left1) { transformation: [-0.997568560305807f,0.024176125892785075f,0.06536422894990582f,0.5776401730804582f,0.04979667427068143f,0.9034312796085076f,0.4258312039488349f,2.3605138213876846f,-0.048757140205093606f,0.42805074227450046f,-0.9024385316005018f,3.457144608523691f,0f,0f,0f,1f], start_interpolation: 0, interpolation_duration: 1 }
$data merge entity $(bone_left_head_scales) { transformation: [-0.9150359619020493f,0.024176125892785075f,-0.4026471201471677f,0.6250695164064693f,-0.15245677836123775f,0.9034312796085076f,0.40071043629614517f,3.0790424213729537f,0.3734516289396846f,0.42805074227450046f,-0.8229862956821001f,3.420881979441953f,0f,0f,0f,1f], start_interpolation: 0, interpolation_duration: 1 }
$data merge entity $(bone_left_head_scales2) { transformation: [-0.8546517069988491f,0.024176125892785075f,-0.5186385780683592f,0.5966070798276472f,-0.20345569692042648f,0.9034312796085076f,0.37738270020704195f,2.3108591164128645f,0.47767796590859923f,0.42805074227450046f,-0.7672003147312129f,3.218660481317417f,0f,0f,0f,1f], start_interpolation: 0, interpolation_duration: 1 }
$data merge entity $(bone_left_head_scales1) { transformation: [-0.997568560305807f,0.024176125892785075f,0.06536422894990582f,0.622708566612252f,0.04979667427068143f,0.9034312796085076f,0.4258312039488349f,2.9908167104736854f,-0.048757140205093606f,0.42805074227450046f,-0.9024385316005018f,3.379080149141709f,0f,0f,0f,1f], start_interpolation: 0, interpolation_duration: 1 }
$data merge entity $(bone_right_head_scales) { transformation: [-0.8546722777564567f,0.024176125892785075f,0.5186046785089837f,-0.5439561402018983f,0.24079715742992105f,0.9034312796085076f,0.35472334571973746f,3.1373978990339086f,-0.45994785205309946f,0.42805074227450046f,-0.777959211932084f,3.363744705764109f,0f,0f,0f,1f], start_interpolation: 0, interpolation_duration: 1 }
$data merge entity $(bone_right_head_scales2) { transformation: [-0.7796689439870073f,0.024176125892785075f,0.6257250616037374f,-0.5724185767807205f,0.2850377919756699f,0.9034312796085076f,0.32025830226641944f,2.3692145940738194f,-0.5575569880539741f,0.42805074227450046f,-0.7112684212802011f,3.161523207639573f,0f,0f,0f,1f], start_interpolation: 0, interpolation_duration: 1 }
$data merge entity $(bone_right_head_scales1) { transformation: [-0.997568560305807f,0.024176125892785075f,0.06536422894990582f,-0.5463170899961156f,0.04979667427068143f,0.9034312796085076f,0.4258312039488349f,3.0491721881346403f,-0.048757140205093606f,0.42805074227450046f,-0.9024385316005018f,3.321942875463865f,0f,0f,0f,1f], start_interpolation: 0, interpolation_duration: 1 }
$data merge entity $(bone_head_left_fin1) { transformation: [-0.530209571271612f,0.1670982523536706f,-0.8312376222190154f,0.6186424111251969f,-0.09833956712148689f,0.9616508868132669f,0.2560408198503038f,2.6911592527344244f,0.8421443700876543f,0.21749884126497365f,-0.4934441346070107f,3.156227129154983f,0f,0f,0f,1f], start_interpolation: 0, interpolation_duration: 1 }
$data merge entity $(bone_head_right_fin1) { transformation: [-0.4333675668841621f,-0.09109158163337612f,0.8966018490547694f,-0.5503832454831707f,0.1464394559839719f,0.9745392190789841f,0.16979044792932918f,2.7495147303953793f,-0.88924014625073f,0.20487956030910914f,-0.40899428854633957f,3.099089855477139f,0f,0f,0f,1f], start_interpolation: 0, interpolation_duration: 1 }
$data merge entity $(bone_right_whisker16) { transformation: [-0.09659112910916849f,-0.3807823068661357f,0.9196058876253026f,-0.8573814913551772f,0.9787261075897086f,-0.20436416277028377f,0.01817952962811823f,1.8379633095269068f,0.1810120440736326f,0.9017982722055449f,0.39242135026955405f,1.3406248221826618f,0f,0f,0f,1f], start_interpolation: 0, interpolation_duration: 1 }
$data merge entity $(bone_right_whisker15) { transformation: [0.45990773697767173f,-0.19185365148792083f,0.8669931083225683f,-0.9921200861728544f,0.4492306202948667f,0.8924834614614778f,-0.04080589182003258f,1.7063527762373951f,-0.7659482510310774f,0.408246797205429f,0.4966465839145009f,1.5650237238519227f,0f,0f,0f,1f], start_interpolation: 0, interpolation_duration: 1 }
$data merge entity $(bone_right_whisker14) { transformation: [0.675296864730043f,-0.1554921768604478f,0.7209690197373072f,-1.1899609645117342f,-0.18631849806055148f,0.9098537215086034f,0.37074468672848837f,1.7609382737160724f,-0.7136242440992563f,-0.3846925894687132f,0.5854502966449171f,1.7740933266153767f,0f,0f,0f,1f], start_interpolation: 0, interpolation_duration: 1 }
$data merge entity $(bone_right_whisker13) { transformation: [0.2286325103437883f,-0.34991110548496673f,0.9084543981247415f,-1.2569431452765158f,0.27458153939216734f,0.9184622389721239f,0.2846613669034507f,1.6804944633472734f,-0.9339872340877714f,0.18436196419164627f,0.30606945734665f,2.0477223991020286f,0f,0f,0f,1f], start_interpolation: 0, interpolation_duration: 1 }
$data merge entity $(bone_right_whisker12) { transformation: [-0.44378374304058565f,-0.2506119568051558f,0.8603776127487154f,-1.083590120651287f,-0.24778192239599525f,0.9569846136912779f,0.15094557990183394f,1.777284276783209f,-0.8611969045152406f,-0.14619882442908608f,-0.48679132632876787f,2.3841274399282946f,0f,0f,0f,1f], start_interpolation: 0, interpolation_duration: 1 }
$data merge entity $(bone_right_whisker11) { transformation: [-0.8928343991837262f,-0.14861902171259958f,0.42515776133033834f,-0.734826683470144f,-0.11506814722552067f,0.9879300858156775f,0.10369892494290464f,1.822232771793178f,-0.43543777641394504f,0.04366385147256449f,-0.8991592800757056f,2.554220321339992f,0f,0f,0f,1f], start_interpolation: 0, interpolation_duration: 1 }
$data merge entity $(bone_right_whisker10) { transformation: [-0.46572555208702193f,-0.5120226909791159f,0.721756519926037f,-0.552902639686151f,-0.4149633624074688f,0.8467388374440195f,0.33292453953326756f,1.9843278352335956f,-0.7816041952246203f,-0.14445104737057285f,-0.6068185700197533f,2.859534460099609f,0f,0f,0f,1f], start_interpolation: 0, interpolation_duration: 1 }
$data merge entity $(bone_right_whisker1) { transformation: [0.06719865086793814f,-0.5422637347124002f,0.8375167958538438f,-0.5791521126814394f,-0.635858549989573f,0.6235910691087998f,0.45477256176346176f,2.2327100813232725f,-0.7688746619096553f,-0.5631023180057989f,-0.3028985535287506f,3.159876124908068f,0f,0f,0f,1f], start_interpolation: 0, interpolation_duration: 1 }
$data merge entity $(bone_left_whisker16) { transformation: [-0.17528211463329285f,0.269055195717158f,-0.9470403803150547f,1.003153294688738f,-0.9651547262328156f,-0.23680278176113628f,0.11135886574784735f,1.7450890466476725f,-0.1943001150801018f,0.933559716465846f,0.30118718610204787f,1.43156028168811f,0f,0f,0f,1f], start_interpolation: 0, interpolation_duration: 1 }
$data merge entity $(bone_left_whisker15) { transformation: [0.33629933879220364f,0.23894619720086058f,-0.9109376869858741f,1.1016784916005165f,-0.4889757225181865f,0.8709787743706601f,0.04794494116797521f,1.6018344404411726f,0.8048636515061075f,0.42930256164974256f,0.4097484753421605f,1.6673601795902897f,0f,0f,0f,1f], start_interpolation: 0, interpolation_duration: 1 }
$data merge entity $(bone_left_whisker14) { transformation: [0.6178286857420832f,0.2817985993364027f,-0.7340826005881436f,1.2826829893765175f,0.12176819606605391f,0.8880250199934188f,0.4433780218870883f,1.6375087166323994f,0.7768270216084339f,-0.36331957458652003f,0.5143332239134865f,1.8949462210771355f,0f,0f,0f,1f], start_interpolation: 0, interpolation_duration: 1 }
$data merge entity $(bone_left_whisker13) { transformation: [0.1082759408167831f,0.4198281991851113f,-0.9011218584682247f,1.3144044564126844f,-0.2913993512890656f,0.8800383561903266f,0.37499187951492996f,1.552137812934431f,0.9504539645393419f,0.22198372643690517f,0.21762464586676067f,2.1733995310007708f,0f,0f,0f,1f], start_interpolation: 0, interpolation_duration: 1 }
$data merge entity $(bone_left_whisker12) { transformation: [-0.4986302335126392f,0.3574769013176461f,-0.7896696494430218f,1.1196270214468098f,0.2948253875631135f,0.9266300054964395f,0.233312716674271f,1.667303979951272f,0.8151354985984789f,-0.1164778860471067f,-0.5674390019963438f,2.4918118351408016f,0f,0f,0f,1f], start_interpolation: 0, interpolation_duration: 1 }
$data merge entity $(bone_left_whisker11) { transformation: [-0.9150874652367014f,0.2410798827889476f,-0.3232575151193493f,0.7621709803387233f,0.20531607581078862f,0.9684770775881968f,0.14105835388194646f,1.7475055720648613f,0.3470738249714711f,0.0627107670236407f,-0.9357388095611827f,2.6273875480202826f,0f,0f,0f,1f], start_interpolation: 0, interpolation_duration: 1 }
$data merge entity $(bone_left_whisker10) { transformation: [-0.4960066713528459f,0.6052252403642999f,-0.6226393742765114f,0.5684183743415179f,0.4629711567304696f,0.7909680027059582f,0.4000341569553755f,1.928353680162701f,0.734598591074827f,-0.08984446071585439f,-0.6725272357827277f,2.9143401226588868f,0f,0f,0f,1f], start_interpolation: 0, interpolation_duration: 1 }
$data merge entity $(bone_left_whisker1) { transformation: [0.05492523413865071f,0.6537277426381329f,-0.7547338982449813f,0.5898735439269283f,0.6297623641590182f,0.5638895103408708f,0.534254606733884f,2.1743546036623176f,0.7748435863731845f,-0.5046470634342224f,-0.3807213653363273f,3.217013398585912f,0f,0f,0f,1f], start_interpolation: 0, interpolation_duration: 1 }
$data merge entity $(bone_upper_left_tooth1) { transformation: [-0.997568560305807f,0.02978099635804808f,0.06300841011580459f,0.2299512312797613f,0.04979667427068143f,0.9371070857015267f,0.3454715634601073f,2.1715070319423497f,-0.048757140205093606f,0.3477691794623458f,-0.9363115609107405f,4.068627305252886f,0f,0f,0f,1f], start_interpolation: 0, interpolation_duration: 1 }
$data merge entity $(bone_upper_right_tooth1) { transformation: [-0.997568560305807f,0.02978099635804808f,0.06300841011580459f,-0.35456159702442247f,0.04979667427068143f,0.9371070857015267f,0.3454715634601073f,2.200684770772827f,-0.048757140205093606f,0.3477691794623458f,-0.9363115609107405f,4.040058668413964f,0f,0f,0f,1f], start_interpolation: 0, interpolation_duration: 1 }
$data merge entity $(bone_top_lip1) { transformation: [-0.997568560305807f,0.04953512797583979f,0.049022837390512934f,-0.034751039484664834f,0.04979667427068143f,0.9987508469694812f,0.004127579111697699f,2.2855459469000348f,-0.048757140205093606f,0.00655871741736469f,-0.9987891291483202f,4.092891379263377f,0f,0f,0f,1f], start_interpolation: 0, interpolation_duration: 1 }
$data merge entity $(bone_muzzle1) { transformation: [-0.997568560305807f,0.02978099635804808f,0.06300841011580459f,0.00037723640557880966f,0.04979667427068143f,0.9371070857015267f,0.3454715634601073f,2.59150477950285f,-0.048757140205093606f,0.3477691794623458f,-0.9363115609107405f,3.686650750810234f,0f,0f,0f,1f], start_interpolation: 0, interpolation_duration: 1 }
$data merge entity $(bone_jaw_right_tooth1) { transformation: [-0.997568560305807f,0.06331459209911644f,0.029124386975900432f,-0.3543060288162868f,0.04979667427068143f,0.9399305161002685f,-0.33771425219416273f,2.2262533558733133f,-0.048757140205093606f,-0.3354428227445109f,-0.9407979878529796f,4.0609434801580075f,0f,0f,0f,1f], start_interpolation: 0, interpolation_duration: 1 }
$data merge entity $(bone_jaw_left_tooth1) { transformation: [-0.997568560305807f,0.06331459209911644f,0.029124386975900432f,0.27891620184657895f,0.04979667427068143f,0.9399305161002685f,-0.33771425219416273f,2.194644138806963f,-0.048757140205093606f,-0.3354428227445109f,-0.9407979878529796f,4.091892836733507f,0f,0f,0f,1f], start_interpolation: 0, interpolation_duration: 1 }
$data merge entity $(bone_tongue1) { transformation: [-0.997568560305807f,0.04507401005445988f,0.05315356156467736f,-0.0008770391674354644f,0.04979667427068143f,0.994590556242408f,0.09115874431450519f,2.2670617253519247f,-0.048757140205093606f,0.09358396791666895f,-0.9944168050812459f,3.3809527720804855f,0f,0f,0f,1f], start_interpolation: 0, interpolation_duration: 1 }
$data merge entity $(bone_jaw_lips1) { transformation: [-0.997568560305807f,0.04507401005445988f,0.05315356156467736f,0.0012441346909325135f,0.04979667427068143f,0.994590556242408f,0.09115874431450519f,2.0817156073206387f,-0.048757140205093606f,0.09358396791666895f,-0.9944168050812459f,4.149711731759884f,0f,0f,0f,1f], start_interpolation: 0, interpolation_duration: 1 }
$data merge entity $(bone_jaw3) { transformation: [-0.997568560305807f,0.05729530445398377f,0.03967638563333112f,0.02804485963050153f,0.04979667427068143f,0.984294324013977f,-0.16936639260918263f,1.877305936068121f,-0.048757140205093606f,-0.16697883638770944f,-0.984754187336935f,3.3926024703270303f,0f,0f,0f,1f], start_interpolation: 0, interpolation_duration: 1 }
$data merge entity $(bone_jaw1) { transformation: [-0.997568560305807f,0.012458456975258774f,0.06856933964386068f,0.08161465622726768f,0.04979667427068143f,0.815761315912768f,0.5762410664746558f,2.3274942692514458f,-0.048757140205093606f,0.5782544961434062f,-0.8143982311921828f,2.7563538522081377f,0f,0f,0f,1f], start_interpolation: 0, interpolation_duration: 1 }
$data merge entity $(bone_tear_right1) { transformation: [-0.997568560305807f,0.024176125892785075f,0.06536422894990582f,-0.5206738988810443f,0.04979667427068143f,0.9034312796085076f,0.4258312039488349f,2.686828647006291f,-0.048757140205093606f,0.42805074227450046f,-0.9024385316005018f,3.6289626350943593f,0f,0f,0f,1f], start_interpolation: 0, interpolation_duration: 1 }
$data merge entity $(bone_right_pupil1) { transformation: [-0.997568560305807f,0.024176125892785075f,0.06536422894990582f,-0.3614021683333852f,0.04979667427068143f,0.9034312796085076f,0.4258312039488349f,2.742079448182262f,-0.048757140205093606f,0.42805074227450046f,-0.9024385316005018f,3.731498082999668f,0f,0f,0f,1f], start_interpolation: 0, interpolation_duration: 1 }
$data merge entity $(bone_right_sad_pupil1) { transformation: [-0.997568560305807f,0.024176125892785075f,0.06536422894990582f,-0.3607638457850462f,0.04979667427068143f,0.9034312796085076f,0.4258312039488349f,2.7462379560333248f,-0.048757140205093606f,0.42805074227450046f,-0.9024385316005018f,3.7226852067145066f,0f,0f,0f,1f], start_interpolation: 0, interpolation_duration: 1 }
$data merge entity $(bone_right_happy_pupil1) { transformation: [-0.997568560305807f,0.024176125892785075f,0.06536422894990582f,-0.3857084651177271f,0.04979667427068143f,0.9034312796085076f,0.4258312039488349f,2.7253975341872585f,-0.048757140205093606f,0.42805074227450046f,-0.9024385316005018f,3.7110445382736206f,0f,0f,0f,1f], start_interpolation: 0, interpolation_duration: 1 }
$data merge entity $(bone_eyelid_right1) { transformation: [-0.997568560305807f,0.024176125892785075f,0.06536422894990582f,0.04503451663681763f,0.04979667427068143f,0.9034312796085076f,0.4258312039488349f,2.8913280951591487f,-0.048757140205093606f,0.42805074227450046f,-0.9024385316005018f,3.279472034514575f,0f,0f,0f,1f], start_interpolation: 0, interpolation_duration: 1 }
$data merge entity $(bone_eyelid_expressions_right5) { transformation: [-0.997568560305807f,0.024176125892785075f,0.06536422894990582f,-0.47043420967562244f,0.04979667427068143f,0.9034312796085076f,0.4258312039488349f,2.84005605131364f,-0.048757140205093606f,0.42805074227450046f,-0.9024385316005018f,3.7590113968572303f,0f,0f,0f,1f], start_interpolation: 0, interpolation_duration: 1 }
$data merge entity $(bone_eyelid_expressions_right7) { transformation: [-0.997568560305807f,0.024176125892785075f,0.06536422894990582f,-0.17817779552353052f,0.04979667427068143f,0.9034312796085076f,0.4258312039488349f,2.8254671818984014f,-0.048757140205093606f,0.42805074227450046f,-0.9024385316005018f,3.7732957152766913f,0f,0f,0f,1f], start_interpolation: 0, interpolation_duration: 1 }
$data merge entity $(bone_eyelid_expressions_right6) { transformation: [-0.997568560305807f,0.024176125892785075f,0.06536422894990582f,-0.2755966002408945f,0.04979667427068143f,0.9034312796085076f,0.4258312039488349f,2.830330138370148f,-0.048757140205093606f,0.42805074227450046f,-0.9024385316005018f,3.7685342758035376f,0f,0f,0f,1f], start_interpolation: 0, interpolation_duration: 1 }
$data merge entity $(bone_right_eye1) { transformation: [-0.997568560305807f,0.024176125892785075f,0.06536422894990582f,0.03465431361674231f,0.04979667427068143f,0.9034312796085076f,0.4258312039488349f,2.8876558829552605f,-0.048757140205093606f,0.42805074227450046f,-0.9024385316005018f,3.2878087668524207f,0f,0f,0f,1f], start_interpolation: 0, interpolation_duration: 1 }
$data merge entity $(bone_tear_left1) { transformation: [-0.997568560305807f,0.024176125892785075f,0.06536422894990582f,0.5314491920664864f,0.04979667427068143f,0.9034312796085076f,0.4258312039488349f,2.634308717111432f,-0.048757140205093606f,0.42805074227450046f,-0.9024385316005018f,3.680386181404419f,0f,0f,0f,1f], start_interpolation: 0, interpolation_duration: 1 }
$data merge entity $(bone_left_sad_pupil1) { transformation: [-0.997568560305807f,0.024176125892785075f,0.06536422894990582f,0.3698771895951835f,0.04979667427068143f,0.9034312796085076f,0.4258312039488349f,2.7097657824952277f,-0.048757140205093606f,0.42805074227450046f,-0.9024385316005018f,3.758396002763159f,0f,0f,0f,1f], start_interpolation: 0, interpolation_duration: 1 }
$data merge entity $(bone_left_pupil1) { transformation: [-0.997568560305807f,0.024176125892785075f,0.06536422894990582f,0.36923886704684455f,0.04979667427068143f,0.9034312796085076f,0.4258312039488349f,2.705607274644165f,-0.048757140205093606f,0.42805074227450046f,-0.9024385316005018f,3.7672088790483205f,0f,0f,0f,1f], start_interpolation: 0, interpolation_duration: 1 }
$data merge entity $(bone_eyelid_left1) { transformation: [-0.997568560305807f,0.024176125892785075f,0.06536422894990582f,0.025550755693344838f,0.04979667427068143f,0.9034312796085076f,0.4258312039488349f,2.892300686453498f,-0.048757140205093606f,0.42805074227450046f,-0.9024385316005018f,3.2785197466199443f,0f,0f,0f,1f], start_interpolation: 0, interpolation_duration: 1 }
$data merge entity $(bone_left_happy_pupil1) { transformation: [-0.997568560305807f,0.024176125892785075f,0.06536422894990582f,0.39364197262118455f,0.04979667427068143f,0.9034312796085076f,0.4258312039488349f,2.6864938824132887f,-0.048757140205093606f,0.42805074227450046f,-0.9024385316005018f,3.74913605405885f,0f,0f,0f,1f], start_interpolation: 0, interpolation_duration: 1 }
$data merge entity $(bone_eyelid_expressions_left5) { transformation: [-0.997568560305807f,0.024176125892785075f,0.06536422894990582f,0.4842700765545444f,0.04979667427068143f,0.9034312796085076f,0.4258312039488349f,2.792399077890527f,-0.048757140205093606f,0.42805074227450046f,-0.9024385316005018f,3.8056735036941367f,0f,0f,0f,1f], start_interpolation: 0, interpolation_duration: 1 }
$data merge entity $(bone_eyelid_expressions_left7) { transformation: [-0.997568560305807f,0.024176125892785075f,0.06536422894990582f,0.1920136624024525f,0.04979667427068143f,0.9034312796085076f,0.4258312039488349f,2.8069879473057657f,-0.048757140205093606f,0.42805074227450046f,-0.9024385316005018f,3.7913891852746757f,0f,0f,0f,1f], start_interpolation: 0, interpolation_duration: 1 }
$data merge entity $(bone_eyelid_expressions_left6) { transformation: [-0.997568560305807f,0.024176125892785075f,0.06536422894990582f,0.28943246711981646f,0.04979667427068143f,0.9034312796085076f,0.4258312039488349f,2.8021249908340193f,-0.048757140205093606f,0.42805074227450046f,-0.9024385316005018f,3.7961506247478294f,0f,0f,0f,1f], start_interpolation: 0, interpolation_duration: 1 }
$data merge entity $(bone_left_eye1) { transformation: [-0.997568560305807f,0.024176125892785075f,0.06536422894990582f,0.03465431361674231f,0.04979667427068143f,0.9034312796085076f,0.4258312039488349f,2.8876558829552605f,-0.048757140205093606f,0.42805074227450046f,-0.9024385316005018f,3.2878087668524207f,0f,0f,0f,1f], start_interpolation: 0, interpolation_duration: 1 }
$data merge entity $(bone_crest_middle5) { transformation: [-0.997568560305807f,0.03775046365603429f,0.05858216437751283f,0.036687728724597794f,0.04979667427068143f,0.9741830923745214f,0.22019898674424987f,3.799718196767541f,-0.048757140205093606f,0.2225807831448374f,-0.9736942724765569f,4.177713277070062f,0f,0f,0f,1f], start_interpolation: 0, interpolation_duration: 1 }
$data merge entity $(bone_crest_middle4) { transformation: [-0.997568560305807f,0.03775046365603429f,0.05858216437751283f,0.014568316426140203f,0.04979667427068143f,0.9741830923745214f,0.22019898674424987f,3.2289077910793447f,-0.048757140205093606f,0.2225807831448374f,-0.9736942724765569f,4.047294849446134f,0f,0f,0f,1f], start_interpolation: 0, interpolation_duration: 1 }
$data merge entity $(bone_crest_middle1) { transformation: [-0.997568560305807f,0.03775046365603429f,0.05858216437751283f,-0.00631194697212298f,0.04979667427068143f,0.9741830923745214f,0.22019898674424987f,2.7846720625265817f,-0.048757140205093606f,0.2225807831448374f,-0.9736942724765569f,4.020796831480052f,0f,0f,0f,1f], start_interpolation: 0, interpolation_duration: 1 }
$data merge entity $(bone_crest_left5) { transformation: [-0.5563831345222854f,-0.8127325661307782f,0.17292652650659693f,-0.9405149262015122f,-0.7351904795189931f,0.578481410078339f,0.3533471621768165f,3.3071502144904485f,-0.38721152674447784f,0.06946246572255263f,-0.9193705452166464f,3.9697390358336264f,0f,0f,0f,1f], start_interpolation: 0, interpolation_duration: 1 }
$data merge entity $(bone_crest_left4) { transformation: [-0.5563831345222854f,-0.8127325661307782f,0.17292652650659693f,-0.5436728528954682f,-0.7351904795189931f,0.578481410078339f,0.3533471621768165f,3.0246885884756347f,-0.38721152674447784f,0.06946246572255263f,-0.9193705452166464f,3.9358218162425365f,0f,0f,0f,1f], start_interpolation: 0, interpolation_duration: 1 }
$data merge entity $(bone_crest_left1) { transformation: [-0.5563831345222854f,-0.8127325661307782f,0.17292652650659693f,-0.09870289420673979f,-0.7351904795189931f,0.578481410078339f,0.3533471621768165f,2.7312340792625043f,-0.38721152674447784f,0.06946246572255263f,-0.9193705452166464f,3.8536217347891806f,0f,0f,0f,1f], start_interpolation: 0, interpolation_duration: 1 }
$data merge entity $(bone_crest_center1) { transformation: [-0.997568560305807f,0.024176125892785075f,0.06536422894990582f,-0.0018743193828908156f,0.04979667427068143f,0.9034312796085076f,0.4258312039488349f,2.704314977388216f,-0.048757140205093606f,0.42805074227450046f,-0.9024385316005018f,3.8479328504531303f,0f,0f,0f,1f], start_interpolation: 0, interpolation_duration: 1 }
$data merge entity $(bone_crest_right5) { transformation: [-0.5156032589805446f,0.8555534404297772f,-0.04670749294720283f,0.9756918315352403f,0.7887019466842161f,0.4952038308074315f,0.36431086348086383f,3.2114969155121367f,0.3348171420718619f,0.15100157788055155f,-0.9301053729833058f,4.063395517469613f,0f,0f,0f,1f], start_interpolation: 0, interpolation_duration: 1 }
$data merge entity $(bone_crest_right4) { transformation: [-0.5156032589805446f,0.8555534404297772f,-0.04670749294720283f,0.5579411282003881f,0.7887019466842161f,0.4952038308074315f,0.36431086348086383f,2.9696981700006955f,0.3348171420718619f,0.15100157788055155f,-0.9301053729833058f,3.989664278270125f,0f,0f,0f,1f], start_interpolation: 0, interpolation_duration: 1 }
$data merge entity $(bone_crest_right1) { transformation: [-0.5156032589805446f,0.8555534404297772f,-0.04670749294720283f,0.09613471522798812f,0.7887019466842161f,0.4952038308074315f,0.36431086348086383f,2.721508166319012f,0.3348171420718619f,0.15100157788055155f,-0.9301053729833058f,3.863144613735488f,0f,0f,0f,1f], start_interpolation: 0, interpolation_duration: 1 }
$data merge entity $(bone_head1) { transformation: [-0.997568560305807f,0.024176125892785075f,0.06536422894990582f,0.06858157887827449f,0.04979667427068143f,0.9034312796085076f,0.4258312039488349f,3.0722609593140824f,-0.048757140205093606f,0.42805074227450046f,-0.9024385316005018f,2.7821996560184354f,0f,0f,0f,1f], start_interpolation: 0, interpolation_duration: 1 }
$data merge entity $(bone_neck10) { transformation: [-1.300489712489272f,0.05059915080777482f,0.039840188146482054f,0.0817879676903105f,0.05764941331448883f,1.2737018195720886f,0.2641613652820753f,2.8783653862059344f,-0.028706441759825774f,0.2656019723208524f,-1.2743831996088175f,1.7945210346008973f,0f,0f,0f,1f], start_interpolation: 0, interpolation_duration: 1 }
$data merge entity $(bone_neck9) { transformation: [-0.9987760991917609f,-0.0006178828734520712f,0.04945626253614859f,0.08410923969217776f,0.04427474942552742f,0.4345399590077068f,0.8995636556625036f,2.430079624163212f,-0.022046547271546195f,0.9006523426085868f,-0.43398076859126855f,0.7890950825168092f,0f,0f,0f,1f], start_interpolation: 0, interpolation_duration: 1 }
$data merge entity $(bone_neck8) { transformation: [-0.9987760991917609f,-0.01170154033586411f,0.0480559844042124f,0.09731164451569488f,0.04427474942552742f,0.22156686890669777f,0.9741395532295098f,2.2720898313898843f,-0.022046547271546195f,0.9750749697108682f,-0.22077761027050066f,-0.12629564183753628f,0f,0f,0f,1f], start_interpolation: 0, interpolation_duration: 1 }
$data merge entity $(bone_neck7) { transformation: [-0.9968462710179297f,-0.06461411167445567f,0.046070907633441786f,0.1572563770261762f,0.04002669947532876f,0.09190531315636935f,0.9949629524473468f,2.1868261131295808f,-0.06852280851482864f,0.993669175322527f,-0.089029179076803f,-1.048156693162146f,0f,0f,0f,1f], start_interpolation: 0, interpolation_duration: 1 }
$data merge entity $(bone_neck6) { transformation: [-0.9742353963254166f,-0.20538722667526704f,0.09317445822381187f,0.32960081888057907f,0.12778428559359098f,-0.1622616814567282f,0.9784387170825625f,2.3371210077335394f,-0.18584017031307837f,0.9651358628967622f,0.18432633357317219f,-1.8482997926258868f,0f,0f,0f,1f], start_interpolation: 0, interpolation_duration: 1 }
$data merge entity $(bone_neck_spine6) { transformation: [-1.0922188787348477f,0.16604242858638565f,-0.06655456679814456f,0.5775082485067534f,0.0032438463865503858f,0.43009463553256394f,1.0197792699717387f,3.1805188691139943f,0.17885490184273437f,1.006176025311977f,-0.4249263556095102f,-5.259087248502619f,0f,0f,0f,1f], start_interpolation: 0, interpolation_duration: 1 }
$data merge entity $(bone_neck_spine7) { transformation: [-0.950315624101468f,0.3073398361884817f,-0.049421044912815876f,-0.11376611712868798f,0.036030374808235836f,0.26629625586592326f,0.9632175850777271f,2.4530912822826187f,0.30919577403291815f,0.9135800617370262f,-0.2641390620804819f,-8.053142604351514f,0f,0f,0f,1f], start_interpolation: 0, interpolation_duration: 1 }
$data merge entity $(bone_tail6) { transformation: [-1.4710727669370873f,0.2542798062157911f,0.11610760617181065f,-0.6959550341786999f,0.004768581030433303f,-0.5990421052504943f,1.3723411013505495f,3.4479361861635525f,0.2794932140411368f,1.3485861551906662f,0.5877016309463843f,-10.978813589599731f,0f,0f,0f,1f], start_interpolation: 0, interpolation_duration: 1 }
$data merge entity $(bone_tail5) { transformation: [-1.2152340248610722f,0.19021052856714002f,0.13093387036794052f,-0.5758220687678745f,0.003939262590357946f,-0.6842030860586725f,1.0305183540361589f,3.0158079212843902f,0.23088569855572175f,1.0128196041829758f,0.6715695811696945f,-10.339138050115746f,0f,0f,0f,1f], start_interpolation: 0, interpolation_duration: 1 }
$data merge entity $(bone_tail4) { transformation: [-0.9777008555344543f,0.1638476003065648f,0.13135829231904672f,-0.5118190998981226f,0.00936051406217496f,-0.5908852250040865f,0.806701327412049f,2.784993380267169f,0.20979375077367712f,0.7899421591139761f,0.576175292242441f,-10.03056689421185f,0f,0f,0f,1f], start_interpolation: 0, interpolation_duration: 1 }
$data merge entity $(bone_segment18) { transformation: [-0.9907228925528218f,0.034830291569174596f,0.13135829231904672f,-0.4948121215928616f,0.08640643202563247f,-0.5846083277342513f,0.806701327412049f,2.499540095240679f,0.10489079404966663f,0.8105676738761353f,0.576175292242441f,-9.634781897202018f,0f,0f,0f,1f], start_interpolation: 0, interpolation_duration: 1 }
$data merge entity $(bone_segment17) { transformation: [-0.9823751472329643f,0.14226216774585349f,0.12124580705023262f,-0.40450898776981004f,0.05304190462813999f,-0.409821431871051f,0.9106222874126136f,2.239399537900656f,0.1792362308586935f,0.9010038122047057f,0.3950525331397804f,-9.062855649220515f,0f,0f,0f,1f], start_interpolation: 0, interpolation_duration: 1 }
$data merge entity $(bone_segment16) { transformation: [-0.9656267217176066f,0.24421495953604902f,0.08901734574628575f,-0.20179149206117558f,0.035550854926388806f,-0.2151626016095943f,0.975930935867182f,2.060797768986442f,0.2574901377119339f,0.9455496329687816f,0.19908470703118422f,-8.27797558279135f,0f,0f,0f,1f], start_interpolation: 0, interpolation_duration: 1 }
$data merge entity $(bone_segment15) { transformation: [-0.950315624101468f,0.3096585928742099f,0.03180833928078714f,0.11572952602273101f,0.036030374808235836f,0.00792337538920368f,0.9993192844199593f,2.0689223238288874f,0.30919577403291815f,0.9508147958365009f,-0.018686822591829882f,-7.303019005029314f,0f,0f,0f,1f], start_interpolation: 0, interpolation_duration: 1 }
$data merge entity $(bone_segment14) { transformation: [-0.9609547085968135f,0.2758163574859612f,-0.02216720480325523f,0.3985490332104841f,0.029460071482031874f,0.18163707894894118f,0.982924247202789f,2.2551712817355165f,0.27513297187703006f,0.9438926361054382f,-0.18267057587920627f,-6.335160344960261f,0f,0f,0f,1f], start_interpolation: 0, interpolation_duration: 1 }
$data merge entity $(bone_segment13) { transformation: [-0.9868518810216034f,0.158187173864591f,-0.033169005846676494f,0.569286441201827f,0.0029309106174949364f,0.22269986913730908f,0.9748826483475729f,2.470599115529265f,0.16160066425319997f,0.9619675599057173f,-0.2202354172288496f,-5.296419982800421f,0f,0f,0f,1f], start_interpolation: 0, interpolation_duration: 1 }
$data merge entity $(bone_segment12) { transformation: [-0.9994363149013479f,0.02859019073169551f,-0.017596972760657678f,0.6027905709655327f,-0.013863004097970366f,0.125917948577775f,0.9919437924314786f,2.618159211518845f,0.030575636931938363f,0.9916285954024776f,-0.12545062457523354f,-4.134355222563142f,0f,0f,0f,1f], start_interpolation: 0, interpolation_duration: 1 }
$data merge entity $(bone_segment11) { transformation: [-1.0300750148676758f,-0.10160935518719987f,-0.01301785688436008f,0.48536463453221806f,-0.008685624458410562f,-0.04444247527995017f,1.034165309915596f,2.566798790349476f,-0.10207098308132279f,1.0291981671395918f,0.04337175444203119f,-2.944951369648602f,0f,0f,0f,1f], start_interpolation: 0, interpolation_duration: 1 }
$data merge entity $(bone_segment10) { transformation: [-0.9900630142943843f,-0.1379380919168368f,-0.027355265026318902f,0.3231563449889049f,0f,-0.19452713028091223f,0.9808971381264566f,2.353973920223821f,-0.14062442080349297f,0.9711499772862148f,0.19259411696795647f,-1.8029276217733694f,0f,0f,0f,1f], start_interpolation: 0, interpolation_duration: 1 }