# This file was generated by Animated Java via MC-Build. It is not recommended to edit this file directly.
$data merge entity $(bone_neck_spine5) { transformation: [-1.3662725272107306f,0.015624884139699561f,0.047506889406432565f,0.20085545983899952f,0.04614080853649766f,0.8947658554667027f,1.0326987701332793f,2.963590771140958f,-0.019289046971074496f,1.033610945686437f,-0.8946943644510047f,0.5141704492586183f,0f,0f,0f,1f], start_interpolation: 0, interpolation_duration: 1 }
$data merge entity $(bone_neck_spine2) { transformation: [-1.301211930676886f,0.0425151477931462f,0.021470459163744876f,0.10030407487155986f,0.0439436271776168f,1.2980221973894637f,0.09288885648529684f,3.6963746908713775f,-0.018370520924832847f,0.09355129201031044f,-1.2985883438059176f,2.4674775852997968f,0f,0f,0f,1f], start_interpolation: 0, interpolation_duration: 1 }
$data merge entity $(bone_scale_neck_left1) { transformation: [-1.3713589418257603f,0.39610370292132524f,0.1180505298985249f,0.7583214199502533f,0.4096256929999798f,1.247906322510665f,0.57131079131675f,2.893717914371324f,0.05514401791304642f,0.5807676688424548f,-1.3081007111528085f,2.3915057875098076f,0f,0f,0f,1f], start_interpolation: 0, interpolation_duration: 1 }
$data merge entity $(bone_scale_neck_right1) { transformation: [-1.3937643186700224f,-0.3272462560185519f,-0.042312295221435654f,-0.6079511072604771f,-0.31624386733828763f,1.2723347958171332f,0.5767264534653096f,2.9398587229078217f,-0.09418205124114194f,0.5705554080697077f,-1.3103647148596445f,2.3722167405387333f,0f,0f,0f,1f], start_interpolation: 0, interpolation_duration: 1 }
$data merge entity $(bone_blush_right1) { transformation: [-0.997233468035014f,0.014732110419544546f,0.07285859697691739f,-0.570109292567608f,0.04322248647168975f,0.9123523931692791f,0.40711782980052996f,2.389700790924668f,-0.06047501049245982f,0.40914065503305225f,-0.9104650995535533f,3.4053941196316164f,0f,0f,0f,1f], start_interpolation: 0, interpolation_duration: 1 }
$data merge entity $(bone_blush_left1) { transformation: [-0.997233468035014f,0.014732110419544546f,0.07285859697691739f,0.5790464616133651f,0.04322248647168975f,0.9123523931692791f,0.40711782980052996f,2.3398936287795564f,-0.06047501049245982f,0.40914065503305225f,-0.9104650995535533f,3.475082120003787f,0f,0f,0f,1f], start_interpolation: 0, interpolation_duration: 1 }
$data merge entity $(bone_left_head_scales) { transformation: [-0.9181992454712871f,0.014732110419544546f,-0.39584480612803946f,0.6230393477412707f,-0.14964727959636331f,0.9123523931692791f,0.38107584860195026f,3.057753073238053f,0.3667640076743718f,0.40914065503305225f,-0.8355166587649573f,3.4241869940591236f,0f,0f,0f,1f], start_interpolation: 0, interpolation_duration: 1 }
$data merge entity $(bone_left_head_scales2) { transformation: [-0.8586758083858401f,0.014732110419544546f,-0.5123073501478485f,0.6008572404344609f,-0.1981074058394217f,0.9123523931692791f,0.35828280230826504f,2.285341365224866f,0.47268309875063075f,0.40914065503305225f,-0.7804963885596308f,3.2379147683819665f,0f,0f,0f,1f], start_interpolation: 0, interpolation_duration: 1 }
$data merge entity $(bone_left_head_scales1) { transformation: [-0.997233468035014f,0.014732110419544546f,0.07285859697691739f,0.6216006650831121f,0.04322248647168975f,0.9123523931692791f,0.40711782980052996f,2.9686561598426153f,-0.06047501049245982f,0.40914065503305225f,-0.9104650995535533f,3.384231851966052f,0f,0f,0f,1f], start_interpolation: 0, interpolation_duration: 1 }
$data merge entity $(bone_right_head_scales) { transformation: [-0.8509145332386034f,0.014732110419544546f,0.525097535745423f,-0.5455936226122614f,0.22632490707093922f,0.9123523931692791f,0.3411600022242048f,3.1084044245720643f,-0.4740479865611288f,0.40914065503305225f,-0.7796681543044225f,3.3533178411382725f,0f,0f,0f,1f], start_interpolation: 0, interpolation_duration: 1 }
$data merge entity $(bone_right_head_scales2) { transformation: [-0.7750958595627253f,0.014732110419544546f,0.6316718874631878f,-0.5677757299190712f,0.2689189821444976f,0.9123523931692791f,0.3087000027869389f,2.335992716558878f,-0.5717595556972241f,0.40914065503305225f,-0.7111223065465164f,3.1670456154611153f,0f,0f,0f,1f], start_interpolation: 0, interpolation_duration: 1 }
$data merge entity $(bone_right_head_scales1) { transformation: [-0.997233468035014f,0.014732110419544546f,0.07285859697691739f,-0.54703230527042f,0.04322248647168975f,0.9123523931692791f,0.40711782980052996f,3.0193075111766268f,-0.06047501049245982f,0.40914065503305225f,-0.9104650995535533f,3.313362699045201f,0f,0f,0f,1f], start_interpolation: 0, interpolation_duration: 1 }
$data merge entity $(bone_head_left_fin1) { transformation: [-0.5387611866343345f,0.1596124864577658f,-0.8272002405361917f,0.6215419099712604f,-0.08355165842207574f,0.9669242954794383f,0.24099072012530304f,2.6643610929203696f,0.8383051378533264f,0.19895039828650982f,-0.5076053928696528f,3.167716025960125f,0f,0f,0f,1f], start_interpolation: 0, interpolation_duration: 1 }
$data merge entity $(bone_head_right_fin1) { transformation: [-0.42449227727572175f,-0.0984906192369018f,0.900058833885654f,-0.5470910603822717f,0.12530137014675172f,0.9781111021318171f,0.1661271757595013f,2.715012444254381f,-0.8967195064080062f,0.18329830825409485f,-0.4028595996356154f,3.096846873039274f,0f,0f,0f,1f], start_interpolation: 0, interpolation_duration: 1 }
$data merge entity $(bone_right_whisker16) { transformation: [-0.10375376194014925f,-0.38942589426903723f,0.9151954052310511f,-0.8301836619508178f,0.9817646143119567f,-0.1874674176524355f,0.03153108630576339f,1.7649974854021797f,0.15929029778414364f,0.9017779328590209f,0.4017750127127755f,1.3548068774968725f,0f,0f,0f,1f], start_interpolation: 0, interpolation_duration: 1 }
$data merge entity $(bone_right_whisker15) { transformation: [0.4657717236649275f,-0.20100934865199632f,0.8617725588510595f,-0.966640221618277f,0.4355716703733254f,0.8997916330670173f,-0.025540889388985855f,1.6373885975974944f,-0.7702817805208647f,0.3872599370152946f,0.506651477625909f,1.5804753678838446f,0f,0f,0f,1f], start_interpolation: 0, interpolation_duration: 1 }
$data merge entity $(bone_right_whisker14) { transformation: [0.6839625931489195f,-0.15616175837155893f,0.7126069578633853f,-1.1670198875798745f,-0.19753137064051907f,0.9006865611421216f,0.3869690894514137f,1.695259116339834f,-0.7022652837680956f,-0.40543461100439016f,0.585189069800381f,1.7862171502377788f,0f,0f,0f,1f], start_interpolation: 0, interpolation_duration: 1 }
$data merge entity $(bone_right_whisker13) { transformation: [0.23726167802554f,-0.35677072183807385f,0.9035604839631074f,-1.2365301448139194f,0.25614681674505146f,0.9201793343079374f,0.29607229013194947f,1.6202161036215572f,-0.9370676093067576f,0.16119753333019748f,0.3097089776489825f,2.060748676401868f,0f,0f,0f,1f], start_interpolation: 0, interpolation_duration: 1 }
$data merge entity $(bone_right_whisker12) { transformation: [-0.43311234820462385f,-0.25410653904514496f,0.8647794867173798f,-1.0673456337964882f,-0.2682949301982183f,0.9522931100062011f,0.14544986443668317f,1.7250188107302362f,-0.8604833085322514f,-0.1690198196934743f,-0.4806254012098982f,2.396874968797279f,0f,0f,0f,1f], start_interpolation: 0, interpolation_duration: 1 }
$data merge entity $(bone_right_whisker11) { transformation: [-0.8874445028423782f,-0.15434048159803518f,0.43430550320590083f,-0.7206876248736843f,-0.12915269151823083f,0.9877896184063281f,0.08712779144610827f,1.775469080854545f,-0.4424498125758907f,0.021229354883424464f,-0.8965419554280729f,2.569706926834736f,0f,0f,0f,1f], start_interpolation: 0, interpolation_duration: 1 }
$data merge entity $(bone_right_whisker10) { transformation: [-0.4550238451720653f,-0.5149302262653324f,0.7264985632492069f,-0.5429439353533463f,-0.43388503662972955f,0.84065914557506f,0.32409254226197093f,1.944955423288033f,-0.7776227075604509f,-0.16774702095519584f,-0.6059404769835157f,2.873465796975537f,0f,0f,0f,1f], start_interpolation: 0, interpolation_duration: 1 }
$data merge entity $(bone_right_whisker1) { transformation: [0.07889988172393497f,-0.5394503622694261f,0.838312659639191f,-0.5737642016517583f,-0.651502220173124f,0.6085933550059697f,0.45294479283028233f,2.1994484780431596f,-0.754532746654139f,-0.5818998495359509f,-0.3034351649637834f,3.16820515113731f,0f,0f,0f,1f], start_interpolation: 0, interpolation_duration: 1 }
$data merge entity $(bone_left_whisker16) { transformation: [-0.16802815712926306f,0.2601933220399573f,-0.9508238394032593f,1.029726153688904f,-0.9699849351327433f,-0.21562347006009425f,0.11240882872253438f,1.684384540267622f,-0.17577190909605597f,0.9411726485215429f,0.2886144169089151f,1.4675969805381108f,0f,0f,0f,1f], start_interpolation: 0, interpolation_duration: 1 }
$data merge entity $(bone_left_whisker15) { transformation: [0.33016789897174237f,0.22964579048468114f,-0.9155610134782124f,1.1264550303407816f,-0.47006959956886607f,0.8811260080935837f,0.05149300362410403f,1.5466688372689308f,0.8185497724938611f,0.4133760621682541f,0.3988690275974266f,1.7074064841984218f,0f,0f,0f,1f], start_interpolation: 0, interpolation_duration: 1 }
$data merge entity $(bone_left_whisker14) { transformation: [0.6087285847954723f,0.2809821279121332f,-0.7419558975079793f,1.3047934829175802f,0.14150303952075757f,0.8817396983294358f,0.45001332668744665f,1.5881248058785278f,0.7806576713638884f,-0.37892499018128245f,0.4969803335714869f,1.936114786355811f,0f,0f,0f,1f], start_interpolation: 0, interpolation_duration: 1 }
$data merge entity $(bone_left_whisker13) { transformation: [0.09953360254962912f,0.4127100204616727f,-0.9054079196550128f,1.333953718039542f,-0.2707443306923853f,0.8868281963444166f,0.3744773124856047f,1.508805177745993f,0.9574918116419717f,0.20786098522578622f,0.20000810348468567f,2.216629965547795f,0f,0f,0f,1f], start_interpolation: 0, interpolation_duration: 1 }
$data merge entity $(bone_left_whisker12) { transformation: [-0.5089850629996154f,0.3537780565493249f,-0.7847135097266136f,1.1351314278053173f,0.30912768793851464f,0.9259459359976894f,0.2169428407649146f,1.6295581808469752f,0.8033519018419424f,-0.13215600748185935f,-0.580655243232496f,2.5304393022048033f,0f,0f,0f,1f], start_interpolation: 0, interpolation_duration: 1 }
$data merge entity $(bone_left_whisker11) { transformation: [-0.9198700643284454f,0.23522751952901588f,-0.31385837380673465f,0.7758071839270182f,0.20748603263999704f,0.9709048083811539f,0.11955500542289604f,1.710607412346974f,0.33284923165255415f,0.04485384173714671f,-0.9419126933371922f,2.6604585333190824f,0f,0f,0f,1f], start_interpolation: 0, interpolation_duration: 1 }
$data merge entity $(bone_left_whisker10) { transformation: [-0.5063853237455664f,0.6019424114278524f,-0.617445736255033f,0.5780004168389062f,0.47555481219310036f,0.7922512110034148f,0.38234230640043954f,1.896371010859904f,0.7193201821825126f,-0.10001675853597947f,-0.6874409963894157f,2.9414429794841266f,0f,0f,0f,1f], start_interpolation: 0, interpolation_duration: 1 }
$data merge entity $(bone_left_whisker1) { transformation: [0.04318298076894075f,0.656139370764033f,-0.7534031831000505f,0.5948687687017737f,0.6462108565740654f,0.5567736330269684f,0.5219335689642534f,2.148797126709148f,0.7619361909095288f,-0.509395963567959f,-0.39996123972573716f,3.2390743040581613f,0f,0f,0f,1f], start_interpolation: 0, interpolation_duration: 1 }
$data merge entity $(bone_upper_left_tooth1) { transformation: [-0.997233468035014f,0.021026095426727957f,0.07129735999295247f,0.22577157609203807f,0.04322248647168975f,0.9443632737086314f,0.32605187307163364f,2.1618592077350463f,-0.06047501049245982f,0.32823148932030005f,-0.942659462650492f,4.08665619997233f,0f,0f,0f,1f], start_interpolation: 0, interpolation_duration: 1 }
$data merge entity $(bone_upper_right_tooth1) { transformation: [-0.997233468035014f,0.021026095426727957f,0.07129735999295247f,-0.35854490908472797f,0.04322248647168975f,0.9443632737086314f,0.32605187307163364f,2.187184883402052f,-0.06047501049245982f,0.32823148932030005f,-0.942659462650492f,4.051221623511904f,0f,0f,0f,1f], start_interpolation: 0, interpolation_duration: 1 }
$data merge entity $(bone_top_lip1) { transformation: [-0.997233468035014f,0.044143199999968f,0.0598062548954652f,-0.03978117205051956f,0.04322248647168975f,0.9989275080047868f,-0.016602723106485973f,2.2749120691183164f,-0.06047501049245982f,-0.013971816099164425f,-0.9980719219880037f,4.105674613343238f,0f,0f,0f,1f], start_interpolation: 0, interpolation_duration: 1 }
$data merge entity $(bone_muzzle1) { transformation: [-0.997233468035014f,0.021026095426727957f,0.07129735999295247f,-0.0018880135441861484f,0.04322248647168975f,0.9443632737086314f,0.32605187307163364f,2.5724515491887376f,-0.06047501049245982f,0.32823148932030005f,-0.942659462650492f,3.693472457164331f,0f,0f,0f,1f], start_interpolation: 0, interpolation_duration: 1 }
$data merge entity $(bone_jaw_right_tooth1) { transformation: [-0.997233468035014f,0.06193598316896491f,0.041101632811267025f,-0.35865150326578726f,0.04322248647168975f,0.9330063422356777f,-0.357254785847867f,2.2131879829585897f,-0.06047501049245982f,-0.35448991429502547f,-0.9331021775609798f,4.071564206235524f,0f,0f,0f,1f], start_interpolation: 0, interpolation_duration: 1 }
$data merge entity $(bone_jaw_left_tooth1) { transformation: [-0.997233468035014f,0.06193598316896491f,0.041101632811267025f,0.27435802234237594f,0.04322248647168975f,0.9330063422356777f,-0.357254785847867f,2.1857518343193334f,-0.06047501049245982f,-0.35448991429502547f,-0.9331021775609798f,4.109951664067651f,0f,0f,0f,1f], start_interpolation: 0, interpolation_duration: 1 }
$data merge entity $(bone_tongue1) { transformation: [-0.997233468035014f,0.03876276323040162f,0.06342600742284155f,0.0018934184916648833f,0.04322248647168975f,0.9965733099163477f,0.07052272417865757f,2.241650383018059f,-0.06047501049245982f,0.0730690505557465f,-0.995491681008344f,3.39468756459892f,0f,0f,0f,1f], start_interpolation: 0, interpolation_duration: 1 }
$data merge entity $(bone_jaw_lips1) { transformation: [-0.997233468035014f,0.03876276323040162f,0.06342600742284155f,-0.0033183372738961187f,0.04322248647168975f,0.9965733099163477f,0.07052272417865757f,2.0725244890693957f,-0.06047501049245982f,0.0730690505557465f,-0.995491681008344f,4.167162347703884f,0f,0f,0f,1f], start_interpolation: 0, interpolation_duration: 1 }
$data merge entity $(bone_jaw3) { transformation: [-0.997233468035014f,0.053857812778418446f,0.05123227726329715f,0.03276219848563145f,0.04322248647168975f,0.9808685219685286f,-0.18981243182278174f,1.8523922639875676f,-0.06047501049245982f,-0.18707292325186564f,-0.9804827864332644f,3.4148618593841706f,0f,0f,0f,1f], start_interpolation: 0, interpolation_duration: 1 }
$data merge entity $(bone_jaw1) { transformation: [-0.997233468035014f,0.001856533966988377f,0.07430991530400197f,0.09081681981688298f,0.04322248647168975f,0.8277964410317707f,0.5593611256409745f,2.289393143394579f,-0.06047501049245982f,0.5610254945158579f,-0.8255865597314274f,2.769872359593993f,0f,0f,0f,1f], start_interpolation: 0, interpolation_duration: 1 }
$data merge entity $(bone_tear_right1) { transformation: [-0.997233468035014f,0.014732110419544546f,0.07285859697691739f,-0.5227844504575799f,0.04322248647168975f,0.9123523931692791f,0.40711782980052996f,2.6636476743266364f,-0.06047501049245982f,0.40914065503305225f,-0.9104650995535533f,3.6282113449695177f,0f,0f,0f,1f], start_interpolation: 0, interpolation_duration: 1 }
$data merge entity $(bone_right_pupil1) { transformation: [-0.997233468035014f,0.014732110419544546f,0.07285859697691739f,-0.3649281044278857f,0.04322248647168975f,0.9123523931692791f,0.40711782980052996f,2.7219254800807993f,-0.06047501049245982f,0.40914065503305225f,-0.9104650995535533f,3.7312585411177315f,0f,0f,0f,1f], start_interpolation: 0, interpolation_duration: 1 }
$data merge entity $(bone_right_sad_pupil1) { transformation: [-0.997233468035014f,0.014732110419544546f,0.07285859697691739f,-0.36421659469178297f,0.04322248647168975f,0.9123523931692791f,0.40711782980052996f,2.7259012401374454f,-0.06047501049245982f,0.40914065503305225f,-0.9104650995535533f,3.722367280379904f,0f,0f,0f,1f], start_interpolation: 0, interpolation_duration: 1 }
$data merge entity $(bone_right_happy_pupil1) { transformation: [-0.997233468035014f,0.014732110419544546f,0.07285859697691739f,-0.38892246933277796f,0.04322248647168975f,0.9123523931692791f,0.40711782980052996f,2.704682519877807f,-0.06047501049245982f,0.40914065503305225f,-0.9104650995535533f,3.7109022009256805f,0f,0f,0f,1f], start_interpolation: 0, interpolation_duration: 1 }
$data merge entity $(bone_eyelid_right1) { transformation: [-0.997233468035014f,0.014732110419544546f,0.07285859697691739f,0.045576273741490085f,0.04322248647168975f,0.9123523931692791f,0.40711782980052996f,2.863890130878661f,-0.06047501049245982f,0.40914065503305225f,-0.9104650995535533f,3.280563877902532f,0f,0f,0f,1f], start_interpolation: 0, interpolation_duration: 1 }
$data merge entity $(bone_eyelid_expressions_right5) { transformation: [-0.997233468035014f,0.014732110419544546f,0.07285859697691739f,-0.4747715933903791f,0.04322248647168975f,0.9123523931692791f,0.40711782980052996f,2.8198522278620315f,-0.06047501049245982f,0.40914065503305225f,-0.9104650995535533f,3.7555308142165016f,0f,0f,0f,1f], start_interpolation: 0, interpolation_duration: 1 }
$data merge entity $(bone_eyelid_expressions_right7) { transformation: [-0.997233468035014f,0.014732110419544546f,0.07285859697691739f,-0.18261335080199603f,0.04322248647168975f,0.9123523931692791f,0.40711782980052996f,2.8071893900285287f,-0.06047501049245982f,0.40914065503305225f,-0.9104650995535533f,3.7732481024467144f,0f,0f,0f,1f], start_interpolation: 0, interpolation_duration: 1 }
$data merge entity $(bone_eyelid_expressions_right6) { transformation: [-0.997233468035014f,0.014732110419544546f,0.07285859697691739f,-0.27999943166479035f,0.04322248647168975f,0.9123523931692791f,0.40711782980052996f,2.81141033597303f,-0.06047501049245982f,0.40914065503305225f,-0.9104650995535533f,3.76734233970331f,0f,0f,0f,1f], start_interpolation: 0, interpolation_duration: 1 }
$data merge entity $(bone_right_eye1) { transformation: [-0.997233468035014f,0.014732110419544546f,0.07285859697691739f,0.03512615591910794f,0.04322248647168975f,0.9123523931692791f,0.40711782980052996f,2.860336465416465f,-0.06047501049245982f,0.40914065503305225f,-0.9104650995535533f,3.2888645623660193f,0f,0f,0f,1f], start_interpolation: 0, interpolation_duration: 1 }
$data merge entity $(bone_tear_left1) { transformation: [-0.997233468035014f,0.014732110419544546f,0.07285859697691739f,0.5289852228605987f,0.04322248647168975f,0.9123523931692791f,0.40711782980052996f,2.618061458126026f,-0.06047501049245982f,0.40914065503305225f,-0.9104650995535533f,3.691993582598284f,0f,0f,0f,1f], start_interpolation: 0, interpolation_duration: 1 }
$data merge entity $(bone_left_sad_pupil1) { transformation: [-0.997233468035014f,0.014732110419544546f,0.07285859697691739f,0.36617901177917456f,0.04322248647168975f,0.9123523931692791f,0.40711782980052996f,2.694244145553688f,-0.06047501049245982f,0.40914065503305225f,-0.9104650995535533f,3.766660500955436f,0f,0f,0f,1f], start_interpolation: 0, interpolation_duration: 1 }
$data merge entity $(bone_left_pupil1) { transformation: [-0.997233468035014f,0.014732110419544546f,0.07285859697691739f,0.3654675020430718f,0.04322248647168975f,0.9123523931692791f,0.40711782980052996f,2.6902683854970424f,-0.06047501049245982f,0.40914065503305225f,-0.9104650995535533f,3.7755517616932637f,0f,0f,0f,1f], start_interpolation: 0, interpolation_duration: 1 }
$data merge entity $(bone_eyelid_left1) { transformation: [-0.997233468035014f,0.014732110419544546f,0.07285859697691739f,0.026099057568931217f,0.04322248647168975f,0.9123523931692791f,0.40711782980052996f,2.8647343200675612f,-0.06047501049245982f,0.40914065503305225f,-0.9104650995535533f,3.2793827253538512f,0f,0f,0f,1f], start_interpolation: 0, interpolation_duration: 1 }
$data merge entity $(bone_left_happy_pupil1) { transformation: [-0.997233468035014f,0.014732110419544546f,0.07285859697691739f,0.3901661775695767f,0.04322248647168975f,0.9123523931692791f,0.40711782980052996f,2.6709149523217994f,-0.06047501049245982f,0.40914065503305225f,-0.9104650995535533f,3.7581483028729146f,0f,0f,0f,1f], start_interpolation: 0, interpolation_duration: 1 }
$data merge entity $(bone_eyelid_expressions_left5) { transformation: [-0.997233468035014f,0.014732110419544546f,0.07285859697691739f,0.4796119990650054f,0.04322248647168975f,0.9123523931692791f,0.40711782980052996f,2.778486957605922f,-0.06047501049245982f,0.40914065503305225f,-0.9104650995535533f,3.813407289101863f,0f,0f,0f,1f], start_interpolation: 0, interpolation_duration: 1 }
$data merge entity $(bone_eyelid_expressions_left7) { transformation: [-0.997233468035014f,0.014732110419544546f,0.07285859697691739f,0.18745375647662244f,0.04322248647168975f,0.9123523931692791f,0.40711782980052996f,2.7911497954394253f,-0.06047501049245982f,0.40914065503305225f,-0.9104650995535533f,3.7956900008716503f,0f,0f,0f,1f], start_interpolation: 0, interpolation_duration: 1 }
$data merge entity $(bone_eyelid_expressions_left6) { transformation: [-0.997233468035014f,0.014732110419544546f,0.07285859697691739f,0.28483983733941676f,0.04322248647168975f,0.9123523931692791f,0.40711782980052996f,2.7869288494949243f,-0.06047501049245982f,0.40914065503305225f,-0.9104650995535533f,3.8015957636150546f,0f,0f,0f,1f], start_interpolation: 0, interpolation_duration: 1 }
$data merge entity $(bone_left_eye1) { transformation: [-0.997233468035014f,0.014732110419544546f,0.07285859697691739f,0.03512615591910794f,0.04322248647168975f,0.9123523931692791f,0.40711782980052996f,2.860336465416465f,-0.06047501049245982f,0.40914065503305225f,-0.9104650995535533f,3.2888645623660193f,0f,0f,0f,1f], start_interpolation: 0, interpolation_duration: 1 }
$data merge entity $(bone_crest_middle5) { transformation: [-0.997233468035014f,0.030152387180807136f,0.06794294502122517f,0.022673004155278363f,0.04322248647168975f,0.9788424244468277f,0.199998311908527f,3.790906296075188f,-0.06047501049245982f,0.20238167320771552f,-0.9774376867379231f,4.159310738552837f,0f,0f,0f,1f], start_interpolation: 0, interpolation_duration: 1 }
$data merge entity $(bone_crest_middle4) { transformation: [-0.997233468035014f,0.030152387180807136f,0.06794294502122517f,0.005005589791524181f,0.04322248647168975f,0.9788424244468277f,0.199998311908527f,3.217365813000875f,-0.06047501049245982f,0.20238167320771552f,-0.9774376867379231f,4.040727726907692f,0f,0f,0f,1f], start_interpolation: 0, interpolation_duration: 1 }
$data merge entity $(bone_crest_middle1) { transformation: [-0.997233468035014f,0.030152387180807136f,0.06794294502122517f,-0.013221282132008547f,0.04322248647168975f,0.9788424244468277f,0.199998311908527f,2.77256207433518f,-0.06047501049245982f,0.20238167320771552f,-0.9774376867379231f,4.023380447944735f,0f,0f,0f,1f], start_interpolation: 0, interpolation_duration: 1 }
$data merge entity $(bone_crest_left5) { transformation: [-0.5482380877121726f,-0.8165050134234524f,0.18098221524798414f,-0.949585434710503f,-0.7462467789128698f,0.5752939491772764f,0.3348919482492512f,3.2886575975526537f,-0.3775589280415258f,0.04854312612904958f,-0.9247122908027949f,3.951317219750622f,0f,0f,0f,1f], start_interpolation: 0, interpolation_duration: 1 }
$data merge entity $(bone_crest_left4) { transformation: [-0.5482380877121726f,-0.8165050134234524f,0.18098221524798414f,-0.5509013461248329f,-0.7462467789128698f,0.5752939491772764f,0.3348919482492512f,3.0077523489309366f,-0.3775589280415258f,0.04854312612904958f,-0.9247122908027949f,3.927614521445422f,0f,0f,0f,1f], start_interpolation: 0, interpolation_duration: 1 }
$data merge entity $(bone_crest_left1) { transformation: [-0.5482380877121726f,-0.8165050134234524f,0.18098221524798414f,-0.10351182645169027f,-0.7462467789128698f,0.5752939491772764f,0.3348919482492512f,2.7151087213576557f,-0.3775589280415258f,0.04854312612904958f,-0.9247122908027949f,3.856389585985347f,0f,0f,0f,1f], start_interpolation: 0, interpolation_duration: 1 }
$data merge entity $(bone_crest_center1) { transformation: [-0.997233468035014f,0.014732110419544546f,0.07285859697691739f,-0.006485411649651093f,0.04322248647168975f,0.9123523931692791f,0.40711782980052996f,2.6886138321744184f,-0.06047501049245982f,0.40914065503305225f,-0.9104650995535533f,3.852306691061938f,0f,0f,0f,1f], start_interpolation: 0, interpolation_duration: 1 }
$data merge entity $(bone_crest_right5) { transformation: [-0.5233882158989431f,0.8512206008307344f,-0.03857802715905345f,0.9659776519049763f,0.7926936290188994f,0.5030107275334745f,0.34440821491232104f,3.205632506387142f,0.31257252913678835f,0.14967864479479975f,-0.9380270344299377f,4.0674822918979725f,0f,0f,0f,1f], start_interpolation: 0, interpolation_duration: 1 }
$data merge entity $(bone_crest_right4) { transformation: [-0.5233882158989431f,0.8512206008307344f,-0.03857802715905345f,0.5503425929055943f,0.7926936290188994f,0.5030107275334745f,0.34440821491232104f,2.9600217995836875f,0.31257252913678835f,0.14967864479479975f,-0.9380270344299377f,3.9943970161192612f,0f,0f,0f,1f], start_interpolation: 0, interpolation_duration: 1 }
$data merge entity $(bone_crest_right1) { transformation: [-0.5233882158989431f,0.8512206008307344f,-0.03857802715905345f,0.0912603352738984f,0.7926936290188994f,0.5030107275334745f,0.34440821491232104f,2.7066668294686536f,0.31257252913678835f,0.14967864479479975f,-0.9380270344299377f,3.868201111472155f,0f,0f,0f,1f], start_interpolation: 0, interpolation_duration: 1 }
$data merge entity $(bone_head1) { transformation: [-0.997233468035014f,0.014732110419544546f,0.07285859697691739f,0.0735398500756776f,0.04322248647168975f,0.9123523931692791f,0.40711782980052996f,3.0344548118342654f,-0.06047501049245982f,0.40914065503305225f,-0.9104650995535533f,2.7798676507389617f,0f,0f,0f,1f], start_interpolation: 0, interpolation_duration: 1 }
$data merge entity $(bone_neck10) { transformation: [-1.301211930676886f,0.03934896753020316f,0.0268361167623432f,0.08085589300978618f,0.0439436271776168f,1.274793008814225f,0.26152007428358776f,2.838349962117054f,-0.018370520924832847f,0.2622507395168327f,-1.275267846582932f,1.792564088193573f,0f,0f,0f,1f], start_interpolation: 0, interpolation_duration: 1 }
$data merge entity $(bone_neck9) { transformation: [-0.9993307627598484f,0.002045653117327596f,0.036521800409385186f,0.07981709451906932f,0.03374870567240971f,0.4366594477439831f,0.8989936326589617f,2.3877131261366595f,-0.014108560070271628f,0.8996245561339703f,-0.43643625712525347f,0.7881875547991489f,0f,0f,0f,1f], start_interpolation: 0, interpolation_duration: 1 }
$data merge entity $(bone_neck8) { transformation: [-0.9993307627598484f,-0.006420045571018111f,0.03601124292058593f,0.08753155295510107f,0.03374870567240971f,0.2178907038329752f,0.9753894945346742f,2.23319487036069f,-0.014108560070271628f,0.9759520603995037f,-0.21752821503130765f,-0.1278582148601224f,0f,0f,0f,1f], start_interpolation: 0, interpolation_duration: 1 }
$data merge entity $(bone_neck7) { transformation: [-0.9972422647656815f,-0.06557232541999816f,0.03475824368446018f,0.14836525329591965f,0.02940248529942595f,0.08094437005238286f,0.9962848502386451f,2.1580999958003737f,-0.06814219855002841f,0.9945593391526906f,-0.07879315757685904f,-1.0505451017693566f,0f,0f,0f,1f], start_interpolation: 0, interpolation_duration: 1 }
$data merge entity $(bone_neck6) { transformation: [-0.9743773354406642f,-0.20842413565082818f,0.08454695652568786f,0.3231016936073617f,0.12208700552971638f,-0.17440392004298172f,0.9770762691593875f,2.3184763241042514f,-0.18890095621869782f,0.9623630564147017f,0.19538110550361626f,-1.8482084087784074f,0f,0f,0f,1f], start_interpolation: 0, interpolation_duration: 1 }
$data merge entity $(bone_neck_spine6) { transformation: [-1.0972301267062885f,0.1343018752375102f,-0.05468759341159434f,0.6472278249795657f,0.00026955467144319843f,0.4192862830549737f,1.0242756551337069f,3.2533304980588356f,0.14500915111034446f,1.0154327632428424f,-0.41570461501482586f,-5.244042980516522f,0f,0f,0f,1f], start_interpolation: 0, interpolation_duration: 1 }
$data merge entity $(bone_neck_spine7) { transformation: [-0.9534319278458602f,0.296608904163281f,-0.05468744769308542f,0.030689499478450954f,0.03660243998392639f,0.2937675266984039f,0.9551758485455573f,2.500375509114822f,0.2993790579705759f,0.9086934566885358f,-0.2909439489319041f,-8.0724105784471f,0f,0f,0f,1f], start_interpolation: 0, interpolation_duration: 1 }
$data merge entity $(bone_tail6) { transformation: [-1.450324808025186f,0.3493728881884393f,0.12919294837413642f,-0.6881960287844607f,-0.02201830601763169f,-0.5988441253790645f,1.3722591553285859f,3.457604952401312f,0.37184328299815766f,1.3272221291787898f,0.5851566238122068f,-10.968414958931506f,0f,0f,0f,1f], start_interpolation: 0, interpolation_duration: 1 }
$data merge entity $(bone_tail5) { transformation: [-1.1980944066295016f,0.26569518128806346f,0.15522023776159538f,-0.5203885458656836f,-0.01818903540586966f,-0.6840302671063071f,1.030480087842962f,3.0255858363341703f,0.30717488595499987f,0.9958042594255855f,0.6664344867395112f,-10.339485952978503f,0f,0f,0f,1f], start_interpolation: 0, interpolation_duration: 1 }
$data merge entity $(bone_tail4) { transformation: [-0.9624993985375033f,0.2236814149824939f,0.15349766254367936f,-0.43301299313814695f,-0.00852142967222895f,-0.5904686920542613f,0.8070155568141613f,2.7949340035004746f,0.27114994569662965f,0.7754439685078214f,0.5702318464042111f,-10.036578152780136f,0f,0f,0f,1f], start_interpolation: 0, interpolation_duration: 1 }
$data merge entity $(bone_segment18) { transformation: [-0.983461366123449f,0.09613640796402621f,0.15349766254367936f,-0.38607138768696225f,0.06862310233890725f,-0.5865294203066993f,0.8070155568141613f,2.508542684991344f,0.16761447183337966f,0.8042021077928493f,0.5702318464042111f,-9.64390134233441f,0f,0f,0f,1f], start_interpolation: 0, interpolation_duration: 1 }
$data merge entity $(bone_segment17) { transformation: [-0.974623191602134f,0.18332180880058035f,0.1284630250669555f,-0.2697050051475314f,0.0461519415559362f,-0.3969878076627964f,0.9166627945202661f,2.256548471142889f,0.2190425362387115f,0.8993296364432621f,0.37845286672575595f,-9.07303780357648f,0f,0f,0f,1f], start_interpolation: 0, interpolation_duration: 1 }
$data merge entity $(bone_segment16) { transformation: [-0.9612843711071025f,0.26219091550829826f,0.08478373482067564f,-0.052066061610369696f,0.03559127340429458f,-0.18696559847187275f,0.9817215115528002f,2.101352417723854f,0.27325010360964735f,0.9467311069215878f,0.17039539918771912f,-8.287177021463833f,0f,0f,0f,1f], start_interpolation: 0, interpolation_duration: 1 }
$data merge entity $(bone_segment15) { transformation: [-0.9534319278458602f,0.3006563538296307f,0.023944015243861735f,0.25622414495321644f,0.03660243998392639f,0.036539939937500626f,0.9986616514999395f,2.1388201295738303f,0.2993790579705759f,0.9530323130362557f,-0.04584310152481835f,-7.309946622354392f,0f,0f,0f,1f], start_interpolation: 0, interpolation_duration: 1 }
$data merge entity $(bone_segment14) { transformation: [-0.9703608743730552f,0.24047965538930793f,-0.023860193414964075f,0.5028097290926434f,0.024412865768528736f,0.19577746543269772f,0.980344427236528f,2.33956850721478f,0.2404241782161844f,0.950705379900939f,-0.1958455900868944f,-6.335102238666906f,0f,0f,0f,1f], start_interpolation: 0, interpolation_duration: 1 }
$data merge entity $(bone_segment13) { transformation: [-0.9913796909534465f,0.12808245812545507f,-0.027589713401740684f,0.6410718755226589f,0.00024355057372750163f,0.21237710125926987f,0.9771877544995268f,2.5438511539167235f,0.13102003300322887f,0.9687573745687055f,-0.21057753956816466f,-5.289303915297797f,0f,0f,0f,1f], start_interpolation: 0, interpolation_duration: 1 }
$data merge entity $(bone_segment12) { transformation: [-0.999891976696498f,-0.007134909121462751f,-0.012850214387251268f,0.6327106538959447f,-0.013493705878180785f,0.09899677302022039f,0.9949962607132028f,2.6598629972997943f,-0.005827078139428066f,0.9950621749435619f,-0.09908235542691529f,-4.1232154290358105f,0f,0f,0f,1f], start_interpolation: 0, interpolation_duration: 1 }
$data merge entity $(bone_segment11) { transformation: [-1.027043711400615f,-0.12854239742567664f,-0.014371111667922059f,0.48415925957517014f,-0.004842833792605815f,-0.07671764171806401f,1.0322981218253466f,2.5712034353618f,-0.12925255799159135f,1.0242752156658583f,0.07551503651162565f,-2.939500837565296f,0f,0f,0f,1f], start_interpolation: 0, interpolation_duration: 1 }
$data merge entity $(bone_segment10) { transformation: [-0.9892841832029036f,-0.14261386570395537f,-0.03127443322489198f,0.316405745897815f,0f,-0.21420440274354102f,0.9767888583748704f,2.3352358597606417f,-0.1460027563594744f,0.9663217679190803f,0.2119090276066098f,-1.8028380656028393f,0f,0f,0f,1f], start_interpolation: 0, interpolation_duration: 1 }