# This file was generated by Animated Java via MC-Build. It is not recommended to edit this file directly.
$data merge entity $(bone_neck_spine5) { transformation: [-1.5718378329956437f,0.01666643622199732f,0.03266882648427165f,0.2178320602391008f,0.03555481492963658f,1.0359337463906404f,1.1821997816701773f,3.3476953159221083f,-0.008993189396462216f,1.182616885787343f,-1.0360287735153733f,0.6055728676852463f,0f,0f,0f,1f], start_interpolation: 0, interpolation_duration: 1 }
$data merge entity $(bone_neck_spine2) { transformation: [-1.496988412376803f,0.03322409410592624f,0.010776570161569283f,0.11191135221340617f,0.033861728504415774f,1.4937688183514712f,0.0985006718127916f,4.183378054547221f,-0.008564942282344964f,0.09871756974175681f,-1.4941137054695701f,2.7883270315511424f,0f,0f,0f,1f], start_interpolation: 0, interpolation_duration: 1 }
$data merge entity $(bone_scale_neck_left1) { transformation: [-1.581600204791277f,0.4452257180666214f,0.11562842649592936f,0.8780653948169486f,0.45395742720314014f,1.443858245219056f,0.6498085124386478f,3.2682604168314393f,0.07428679108003744f,0.6558220097882379f,-1.5091169752494407f,2.699687673346609f,0f,0f,0f,1f], start_interpolation: 0, interpolation_duration: 1 }
$data merge entity $(bone_scale_neck_right1) { transformation: [-1.599555287383215f,-0.38695732690664386f,-0.06886211291659321f,-0.6937724381786945f,-0.38200000741569157f,1.46268214265332f,0.6539816700299621f,3.303815231761076f,-0.09248760877266037f,0.651060717256103f,-1.5101725283910967f,2.690694483950147f,0f,0f,0f,1f], start_interpolation: 0, interpolation_duration: 1 }
$data merge entity $(bone_blush_right1) { transformation: [-0.9968293316171526f,0.005260648446738009f,0.07939527193492567f,-0.6501609003187647f,0.035606464236789113f,0.9218240103948155f,0.38596978322684017f,2.6950932396647937f,-0.07115801664081997f,0.3875729859491494f,-0.9190885252412879f,3.8815957901789493f,0f,0f,0f,1f], start_interpolation: 0, interpolation_duration: 1 }
$data merge entity $(bone_blush_left1) { transformation: [-0.9968293316171526f,0.005260648446738009f,0.07939527193492567f,0.6708326573027938f,0.035606464236789113f,0.9218240103948155f,0.38596978322684017f,2.647907720163502f,-0.07115801664081997f,0.3875729859491494f,-0.9190885252412879f,3.975894060278161f,0f,0f,0f,1f], start_interpolation: 0, interpolation_duration: 1 }
$data merge entity $(bone_left_head_scales) { transformation: [-0.9208590726875908f,0.005260648446738009f,-0.389860095196816f,0.7170753027923852f,-0.14663769264641524f,0.9218240103948155f,0.35880061448519734f,3.472133121706671f,0.36126992034251365f,0.3875729859491494f,-0.848098594043272f,3.898351084476149f,0f,0f,0f,1f], start_interpolation: 0, interpolation_duration: 1 }
$data merge entity $(bone_left_head_scales2) { transformation: [-0.8620940419409767f,0.005260648446738009f,-0.5067210163667867f,0.698974247148075f,-0.19221606483296805f,0.9218240103948155f,0.3365909658320436f,2.578912538532979f,0.46887828620015864f,0.3875729859491494f,-0.7936878059366056f,3.7049679043305486f,0f,0f,0f,1f], start_interpolation: 0, interpolation_duration: 1 }
$data merge entity $(bone_left_head_scales1) { transformation: [-0.9968293316171526f,0.005260648446738009f,0.07939527193492567f,0.7164845073125269f,0.035606464236789113f,0.9218240103948155f,0.38596978322684017f,3.3686079642892843f,-0.07115801664081997f,0.3875729859491494f,-0.9190885252412879f,3.854824821405688f,0f,0f,0f,1f], start_interpolation: 0, interpolation_duration: 1 }
$data merge entity $(bone_right_head_scales) { transformation: [-0.8475377592608501f,0.005260648446738009f,0.5307090278156359f,-0.626307976144793f,0.20980433166482498f,0.9218240103948155f,0.32591814351811693f,3.520118395775781f,-0.4875057835982806f,0.3875729859491494f,-0.7823843630343638f,3.802454538612544f,0f,0f,0f,1f], start_interpolation: 0, interpolation_duration: 1 }
$data merge entity $(bone_right_head_scales2) { transformation: [-0.771015527661863f,0.005260648446738009f,0.6367946149915363f,-0.6444090317891032f,0.2505502807719054f,0.9218240103948155f,0.2957449080960467f,2.626897812602089f,-0.5854567557979142f,0.3875729859491494f,-0.7120586827313057f,3.6090713584669434f,0f,0f,0f,1f], start_interpolation: 0, interpolation_duration: 1 }
$data merge entity $(bone_right_head_scales1) { transformation: [-0.9968293316171526f,0.005260648446738009f,0.07939527193492567f,-0.6268987716246514f,0.035606464236789113f,0.9218240103948155f,0.38596978322684017f,3.4165932383583946f,-0.07115801664081997f,0.3875729859491494f,-0.9190885252412879f,3.758928275542083f,0f,0f,0f,1f], start_interpolation: 0, interpolation_duration: 1 }
$data merge entity $(bone_head_left_fin1) { transformation: [-0.5728135083247802f,0.15919358553097104f,-0.8632596857444602f,0.72095634352365f,-0.07031988718430408f,1.0191620284119265f,0.2346040735683173f,3.0128984784639976f,0.8749942835083082f,0.18612189606345386f,-0.5462772571311213f,3.614188342263896f,0f,0f,0f,1f], start_interpolation: 0, interpolation_duration: 1 }
$data merge entity $(bone_head_right_fin1) { transformation: [-0.4364375255395009f,-0.1112345375183206f,0.946479984991345f,-0.6224269354135282f,0.10637005114259404f,1.02882164514527f,0.1699606799400272f,3.060883752533108f,-0.9470390153241065f,0.16681755953388047f,-0.4170901620876245f,3.5182917964002907f,0f,0f,0f,1f], start_interpolation: 0, interpolation_duration: 1 }
$data merge entity $(bone_right_whisker16) { transformation: [-0.1111699692719311f,-0.3971657011181723f,0.9109888274767091f,-0.9217125582691825f,0.9845876601749135f,-0.1685503596156215f,0.04666814443209621f,1.9194155037786058f,0.13501250817375504f,0.9021364542732745f,0.40978218666491106f,1.5382780601546586f,0f,0f,0f,1f], start_interpolation: 0, interpolation_duration: 1 }
$data merge entity $(bone_right_whisker15) { transformation: [0.47073174034804716f,-0.21017606431692115f,0.8568766834365076f,-1.0803087012575383f,0.42015570962551085f,0.9074145809277496f,-0.008243663554566016f,1.7778591367661045f,-0.7758097758458464f,0.36390218508270455f,0.5154555183466858f,1.799659283462097f,0f,0f,0f,1f], start_interpolation: 0, interpolation_duration: 1 }
$data merge entity $(bone_right_whisker14) { transformation: [0.6920130817632653f,-0.1575279379062313f,0.7044876460574163f,-1.3134576399375444f,-0.20980306098325174f,0.8898870634798968f,0.40507245012859755f,1.848544738366907f,-0.6907246703792813f,-0.4281190991186184f,0.5827636456568783f,2.032374138228554f,0f,0f,0f,1f], start_interpolation: 0, interpolation_duration: 1 }
$data merge entity $(bone_right_whisker13) { transformation: [0.24494970152298312f,-0.36382173110453087f,0.8986842558428986f,-1.395984638985815f,0.23543437664524275f,0.9214985886831077f,0.30888671928185524f,1.7692235860792032f,-0.9405159743552831f,0.13591945788276283f,0.3113769467243654f,2.349247195994738f,0f,0f,0f,1f], start_interpolation: 0, interpolation_duration: 1 }
$data merge entity $(bone_right_whisker12) { transformation: [-0.4230072513326024f,-0.25810286202702665f,0.8685895336311016f,-1.2059618503012475f,-0.2911967862738024f,0.9464487329686776f,0.13942463026953042f,1.9000346424131378f,-0.8580613596846359f,-0.19395285116605893f,-0.4755134010106451f,2.73470444741557f,0f,0f,0f,1f], start_interpolation: 0, interpolation_duration: 1 }
$data merge entity $(bone_right_whisker11) { transformation: [-0.8822569938184331f,-0.16042921961606008f,0.44258904454566383f,-0.8096354663593729f,-0.1450483626252968f,0.9870406469204691f,0.06864207038357237f,1.9651930865612204f,-0.44786557063273114f,-0.0036368695611590646f,-0.8940935095512177f,2.9358940592232425f,0f,0f,0f,1f], start_interpolation: 0, interpolation_duration: 1 }
$data merge entity $(bone_right_whisker10) { transformation: [-0.4447462013333664f,-0.5182561611466742f,0.7304870757467608f,-0.6098471337291498f,-0.45491863449477327f,0.8332625465091759f,0.31420147131172926f,2.1695510669006692f,-0.7715243692774403f,-0.19257227219554984f,-0.6063547374206713f,3.2824772719845923f,0f,0f,0f,1f], start_interpolation: 0, interpolation_duration: 1 }
$data merge entity $(bone_right_whisker1) { transformation: [0.09021224115750318f,-0.5373111196259901f,0.8385454741822926f,-0.6503721639366219f,-0.6686194327559617f,0.5913439058829681f,0.45084414060312705f,2.4699074527090112f,-0.7381123259277257f,-0.6013394596243795f,-0.3059101969732657f,3.6140511683974377f,0f,0f,0f,1f], start_interpolation: 0, interpolation_duration: 1 }
$data merge entity $(bone_left_whisker16) { transformation: [-0.1605018081157862f,0.2521902520819634f,-0.9542741987219394f,1.21631692579173f,-0.9748836204572944f,-0.19174517219909254f,0.11329481675001632f,1.8430456900634389f,-0.15440562216332315f,0.9484903086975518f,0.27663159282912886f,1.6908999110371525f,0f,0f,0f,1f], start_interpolation: 0, interpolation_duration: 1 }
$data merge entity $(bone_left_whisker15) { transformation: [0.3248853217265908f,0.22030454856202158f,-0.9197366109976779f,1.3257753593812551f,-0.4485749280096464f,0.8920379341328177f,0.055216465200122966f,1.6919144887320638f,0.8326043848597908f,0.39463176500497266f,0.38863312823447005f,1.9714160367955782f,0f,0f,0f,1f], start_interpolation: 0, interpolation_duration: 1 }
$data merge entity $(bone_left_whisker14) { transformation: [0.6001542232879666f,0.2794387925057865f,-0.7494857366971874f,1.5279757568757357f,0.1636472071415377f,0.8742787343852451f,0.457007971699083f,1.7470495341068983f,0.7829651970965201f,-0.3969265118943842f,0.4789726968115874f,2.2352080221454798f,0f,0f,0f,1f], start_interpolation: 0, interpolation_duration: 1 }
$data merge entity $(bone_left_whisker13) { transformation: [0.09170909021320578f,0.40534717329489034f,-0.909551049625093f,1.558873839027646f,-0.24745973429448878f,0.8940240910756609f,0.37347637740456946f,1.6636768697205715f,0.9645481443013445f,0.19082608227960218f,0.18229723982181267f,2.560177855918882f,0f,0f,0f,1f], start_interpolation: 0, interpolation_duration: 1 }
$data merge entity $(bone_left_whisker12) { transformation: [-0.5187083677585115f,0.3495353837298063f,-0.7802349932796901f,1.3258603144486272f,0.32483460415180976f,0.924744065198372f,0.19832018007738644f,1.8095986645543922f,0.7908375997401984f,-0.15057698828588253f,-0.5932136726643403f,2.915436933927174f,0f,0f,0f,1f], start_interpolation: 0, interpolation_duration: 1 }
$data merge entity $(bone_left_whisker11) { transformation: [-0.9243251454320117f,0.22898090612720653f,-0.30527163338779817f,0.9106361280240903f,0.20957897011423093f,0.9731310264107804f,0.09535544411600358f,1.9037454675353944f,0.31890387393060804f,0.024160920219755577f,-0.9474790599935101f,3.0586945335444393f,0f,0f,0f,1f], start_interpolation: 0, interpolation_duration: 1 }
$data merge entity $(bone_left_whisker10) { transformation: [-0.5162733492350227f,0.5981638554487712f,-0.6129125801485187f,0.6787164594224201f,0.4892459833927596f,0.7933843365355064f,0.36218733036119116f,2.1235239366376106f,0.7029226106789456f,-0.11287735191249154f,-0.7022524523428304f,3.374460550060372f,0f,0f,0f,1f], start_interpolation: 0, interpolation_duration: 1 }
$data merge entity $(bone_left_whisker1) { transformation: [0.03182114633045985f,0.6577940916104901f,-0.7525253136530001f,0.6930111150005563f,0.664260434370315f,0.5486550828182839f,0.5076767430440586f,2.4219221786399006f,0.7468236003075803f,-0.5160276476507752f,-0.4194877553440994f,3.709947714261043f,0f,0f,0f,1f], start_interpolation: 0, interpolation_duration: 1 }
$data merge entity $(bone_upper_left_tooth1) { transformation: [-0.9968293316171526f,0.012160383987305727f,0.07863465323241554f,0.2588859450693945f,0.035606464236789113f,0.9519556748642732f,0.3041587953656134f,2.4573041035940606f,-0.07115801664081997f,0.30599431065787497f,-0.9493703273816583f,4.679872646606325f,0f,0f,0f,1f], start_interpolation: 0, interpolation_duration: 1 }
$data merge entity $(bone_upper_right_tooth1) { transformation: [-0.9968293316171526f,0.012160383987305727f,0.07863465323241554f,-0.4128056943991946f,0.035606464236789113f,0.9519556748642732f,0.3041587953656134f,2.4812967406286157f,-0.07115801664081997f,0.30599431065787497f,-0.9493703273816583f,4.631924373674523f,0f,0f,0f,1f], start_interpolation: 0, interpolation_duration: 1 }
$data merge entity $(bone_top_lip1) { transformation: [-0.9968293316171526f,0.03832165846770934f,0.06973330710632619f,-0.04747012984890268f,0.035606464236789113f,0.9985741577699369f,-0.03977224080456432f,2.585900709142924f,-0.07115801664081997f,-0.03716317971253574f,-0.9967725090216919f,4.695697435397061f,0f,0f,0f,1f], start_interpolation: 0, interpolation_duration: 1 }
$data merge entity $(bone_muzzle1) { transformation: [-0.9968293316171526f,0.012160383987305727f,0.07863465323241554f,-0.0012664268738546564f,0.035606464236789113f,0.9519556748642732f,0.3041587953656134f,2.917056628331708f,-0.07115801664081997f,0.30599431065787497f,-0.9493703273816583f,4.214150638858027f,0f,0f,0f,1f], start_interpolation: 0, interpolation_duration: 1 }
$data merge entity $(bone_jaw_right_tooth1) { transformation: [-0.9968293316171526f,0.05986077536946285f,0.05242109498920899f,-0.41333702830239166f,0.035606464236789113f,0.9247498598635528f,-0.3789061577579521f,2.5117425224385226f,-0.07115801664081997f,-0.37583824213949607f,-0.92394921527822f,4.654602294405654f,0f,0f,0f,1f], start_interpolation: 0, interpolation_duration: 1 }
$data merge entity $(bone_jaw_left_tooth1) { transformation: [-0.9968293316171526f,0.05986077536946285f,0.05242109498920899f,0.3143289144552465f,0.035606464236789113f,0.9247498598635528f,-0.3789061577579521f,2.485750498984421f,-0.07115801664081997f,-0.37583824213949607f,-0.92394921527822f,4.706546256748441f,0f,0f,0f,1f], start_interpolation: 0, interpolation_duration: 1 }
$data merge entity $(bone_tongue1) { transformation: [-0.9968293316171526f,0.03209817481251229f,0.07280790342680088f,0.008735084084703457f,0.035606464236789113f,0.9982406608099018f,0.047410576988320685f,2.528669678147523f,-0.07115801664081997f,0.049852685780373385f,-0.9962184732217269f,3.879699418050707f,0f,0f,0f,1f], start_interpolation: 0, interpolation_duration: 1 }
$data merge entity $(bone_jaw_lips1) { transformation: [-0.9968293316171526f,0.03209817481251229f,0.07280790342680088f,-0.004849443641367732f,0.035606464236789113f,0.9982406608099018f,0.047410576988320685f,2.3551520389264127f,-0.07115801664081997f,0.049852685780373385f,-0.9962184732217269f,4.772296666070403f,0f,0f,0f,1f], start_interpolation: 0, interpolation_duration: 1 }
$data merge entity $(bone_jaw3) { transformation: [-0.9968293316171526f,0.04984852806898804f,0.062019415323399114f,0.04667243937359182f,0.035606464236789113f,0.9764971953920266f,-0.21256859386104293f,2.0819231826708564f,-0.07115801664081997f,-0.20968631724760206f,-0.9751759764406028f,3.913823642341708f,0f,0f,0f,1f], start_interpolation: 0, interpolation_duration: 1 }
$data merge entity $(bone_jaw1) { transformation: [-0.9968293316171526f,-0.008606116910651f,0.07910258137014979f,0.11774116482333578f,0.035606464236789113f,0.8407964828577796f,0.5401790944849146f,2.567240337872147f,-0.07115801664081997f,0.5412829289435501f,-0.8378241626391763f,3.161090996220573f,0f,0f,0f,1f], start_interpolation: 0, interpolation_duration: 1 }
$data merge entity $(bone_tear_right1) { transformation: [-0.9968293316171526f,0.005260648446738009f,0.07939527193492567f,-0.6001436279334781f,0.035606464236789113f,0.9218240103948155f,0.38596978322684017f,3.016420309905341f,-0.07115801664081997f,0.3875729859491494f,-0.9190885252412879f,4.1308295549873995f,0f,0f,0f,1f], start_interpolation: 0, interpolation_duration: 1 }
$data merge entity $(bone_right_pupil1) { transformation: [-0.9968293316171526f,0.005260648446738009f,0.07939527193492567f,-0.4201878665574765f,0.035606464236789113f,0.9218240103948155f,0.38596978322684017f,3.0873397754004577f,-0.07115801664081997f,0.3875729859491494f,-0.9190885252412879f,4.249472337308929f,0f,0f,0f,1f], start_interpolation: 0, interpolation_duration: 1 }
$data merge entity $(bone_right_sad_pupil1) { transformation: [-0.9968293316171526f,0.005260648446738009f,0.07939527193492567f,-0.4192962204371135f,0.035606464236789113f,0.9218240103948155f,0.38596978322684017f,3.0916743969894314f,-0.07115801664081997f,0.3875729859491494f,-0.9190885252412879f,4.239150542347724f,0f,0f,0f,1f], start_interpolation: 0, interpolation_duration: 1 }
$data merge entity $(bone_right_happy_pupil1) { transformation: [-0.9968293316171526f,0.005260648446738009f,0.07939527193492567f,-0.44743071082551605f,0.035606464236789113f,0.9218240103948155f,0.38596978322684017f,3.0667931193292883f,-0.07115801664081997f,0.3875729859491494f,-0.9190885252412879f,4.2262712967310705f,0f,0f,0f,1f], start_interpolation: 0, interpolation_duration: 1 }
$data merge entity $(bone_eyelid_right1) { transformation: [-0.9968293316171526f,0.005260648446738009f,0.07939527193492567f,0.055993181402323136f,0.035606464236789113f,0.9218240103948155f,0.38596978322684017f,3.2412476095028238f,-0.07115801664081997f,0.3875729859491494f,-0.9190885252412879f,3.7320644967891847f,0f,0f,0f,1f], start_interpolation: 0, interpolation_duration: 1 }
$data merge entity $(bone_eyelid_expressions_right5) { transformation: [-0.9968293316171526f,0.005260648446738009f,0.07939527193492567f,-0.5474459642865271f,0.035606464236789113f,0.9218240103948155f,0.38596978322684017f,3.1997981303757013f,-0.07115801664081997f,0.3875729859491494f,-0.9190885252412879f,4.273486745345335f,0f,0f,0f,1f], start_interpolation: 0, interpolation_duration: 1 }
$data merge entity $(bone_eyelid_expressions_right7) { transformation: [-0.9968293316171526f,0.005260648446738009f,0.07939527193492567f,-0.21160014455223256f,0.035606464236789113f,0.9218240103948155f,0.38596978322684017f,3.1878018118584235f,-0.07115801664081997f,0.3875729859491494f,-0.9190885252412879f,4.297460881811236f,0f,0f,0f,1f], start_interpolation: 0, interpolation_duration: 1 }
$data merge entity $(bone_eyelid_expressions_right6) { transformation: [-0.9968293316171526f,0.005260648446738009f,0.07939527193492567f,-0.32354875113033077f,0.035606464236789113f,0.9218240103948155f,0.38596978322684017f,3.191800584697516f,-0.07115801664081997f,0.3875729859491494f,-0.9190885252412879f,4.289469502989268f,0f,0f,0f,1f], start_interpolation: 0, interpolation_duration: 1 }
$data merge entity $(bone_right_eye1) { transformation: [-0.9968293316171526f,0.005260648446738009f,0.07939527193492567f,0.043906674624150384f,0.035606464236789113f,0.9218240103948155f,0.38596978322684017f,3.23731286519776f,-0.07115801664081997f,0.3875729859491494f,-0.9190885252412879f,3.7415871538681937f,0f,0f,0f,1f], start_interpolation: 0, interpolation_duration: 1 }
$data merge entity $(bone_tear_left1) { transformation: [-0.9968293316171526f,0.005260648446738009f,0.07939527193492567f,0.6089013231099824f,0.035606464236789113f,0.9218240103948155f,0.38596978322684017f,2.9732335632431415f,-0.07115801664081997f,0.3875729859491494f,-0.9190885252412879f,4.217136446264644f,0f,0f,0f,1f], start_interpolation: 0, interpolation_duration: 1 }
$data merge entity $(bone_left_sad_pupil1) { transformation: [-0.9968293316171526f,0.005260648446738009f,0.07939527193492567f,0.4203183288986228f,0.035606464236789113f,0.9218240103948155f,0.38596978322684017f,3.061683600696237f,-0.07115801664081997f,0.3875729859491494f,-0.9190885252412879f,4.299085883512476f,0f,0f,0f,1f], start_interpolation: 0, interpolation_duration: 1 }
$data merge entity $(bone_left_pupil1) { transformation: [-0.9968293316171526f,0.005260648446738009f,0.07939527193492567f,0.4194266827782599f,0.035606464236789113f,0.9218240103948155f,0.38596978322684017f,3.057348979107264f,-0.07115801664081997f,0.3875729859491494f,-0.9190885252412879f,4.309407678473683f,0f,0f,0f,1f], start_interpolation: 0, interpolation_duration: 1 }
$data merge entity $(bone_eyelid_left1) { transformation: [-0.9968293316171526f,0.005260648446738009f,0.07939527193492567f,0.0336034600867035f,0.035606464236789113f,0.9218240103948155f,0.38596978322684017f,3.2420473640706424f,-0.07115801664081997f,0.3875729859491494f,-0.9190885252412879f,3.730466221024791f,0f,0f,0f,1f], start_interpolation: 0, interpolation_duration: 1 }
$data merge entity $(bone_left_happy_pupil1) { transformation: [-0.9968293316171526f,0.005260648446738009f,0.07939527193492567f,0.4481581417992693f,0.035606464236789113f,0.9218240103948155f,0.38596978322684017f,3.034802936616548f,-0.07115801664081997f,0.3875729859491494f,-0.9190885252412879f,4.290202327306807f,0f,0f,0f,1f], start_interpolation: 0, interpolation_duration: 1 }
$data merge entity $(bone_eyelid_expressions_left5) { transformation: [-0.9968293316171526f,0.005260648446738009f,0.07939527193492567f,0.5496503801788352f,0.035606464236789113f,0.9218240103948155f,0.38596978322684017f,3.160610156552594f,-0.07115801664081997f,0.3875729859491494f,-0.9190885252412879f,4.351802257800612f,0f,0f,0f,1f], start_interpolation: 0, interpolation_duration: 1 }
$data merge entity $(bone_eyelid_expressions_left7) { transformation: [-0.9968293316171526f,0.005260648446738009f,0.07939527193492567f,0.21380456044454052f,0.035606464236789113f,0.9218240103948155f,0.38596978322684017f,3.172606475069872f,-0.07115801664081997f,0.3875729859491494f,-0.9190885252412879f,4.3278281213347105f,0f,0f,0f,1f], start_interpolation: 0, interpolation_duration: 1 }
$data merge entity $(bone_eyelid_expressions_left6) { transformation: [-0.9968293316171526f,0.005260648446738009f,0.07939527193492567f,0.32575316702263873f,0.035606464236789113f,0.9218240103948155f,0.38596978322684017f,3.1686077022307795f,-0.07115801664081997f,0.3875729859491494f,-0.9190885252412879f,4.335819500156678f,0f,0f,0f,1f], start_interpolation: 0, interpolation_duration: 1 }
$data merge entity $(bone_left_eye1) { transformation: [-0.9968293316171526f,0.005260648446738009f,0.07939527193492567f,0.043906674624150384f,0.035606464236789113f,0.9218240103948155f,0.38596978322684017f,3.23731286519776f,-0.07115801664081997f,0.3875729859491494f,-0.9190885252412879f,3.7415871538681937f,0f,0f,0f,1f], start_interpolation: 0, interpolation_duration: 1 }
$data merge entity $(bone_crest_middle5) { transformation: [-0.9968293316171526f,0.022320232079518006f,0.07637467425539318f,0.013344547206897922f,0.035606464236789113f,0.9835122514891329f,0.17730152530458268f,4.330675383358156f,-0.07115801664081997f,0.17945879307153992f,-0.9811886048344891f,4.716825106285388f,0f,0f,0f,1f], start_interpolation: 0, interpolation_duration: 1 }
$data merge entity $(bone_crest_middle4) { transformation: [-0.9968293316171526f,0.022320232079518006f,0.07637467425539318f,-0.0016954529248085458f,0.035606464236789113f,0.9835122514891329f,0.17730152530458268f,3.667957167022705f,-0.07115801664081997f,0.17945879307153992f,-0.9811886048344891f,4.5959007242352286f,0f,0f,0f,1f], start_interpolation: 0, interpolation_duration: 1 }
$data merge entity $(bone_crest_middle1) { transformation: [-0.9968293316171526f,0.022320232079518006f,0.07637467425539318f,-0.019408405914611626f,0.035606464236789113f,0.9835122514891329f,0.17730152530458268f,3.1559845967589277f,-0.07115801664081997f,0.17945879307153992f,-0.9811886048344891f,4.587851850045638f,0f,0f,0f,1f], start_interpolation: 0, interpolation_duration: 1 }
$data merge entity $(bone_crest_left5) { transformation: [-0.5400327953659299f,-0.8203593525099686f,0.1880827282838189f,-1.0988782972819067f,-0.7583271456228741f,0.5712107976023939f,0.314098973118191f,3.7406934328800925f,-0.3651089154495197f,0.026995507994153872f,-0.9305733299463366f,4.480516691233234f,0f,0f,0f,1f], start_interpolation: 0, interpolation_duration: 1 }
$data merge entity $(bone_crest_left4) { transformation: [-0.5400327953659299f,-0.8203593525099686f,0.1880827282838189f,-0.6382272936752348f,-0.7583271456228741f,0.5712107976023939f,0.314098973118191f,3.4199451822732794f,-0.3651089154495197f,0.026995507994153872f,-0.9305733299463366f,4.465358080787298f,0f,0f,0f,1f], start_interpolation: 0, interpolation_duration: 1 }
$data merge entity $(bone_crest_left1) { transformation: [-0.5400327953659299f,-0.8203593525099686f,0.1880827282838189f,-0.12094990369586564f,-0.7583271456228741f,0.5712107976023939f,0.314098973118191f,3.0847595001158403f,-0.3651089154495197f,0.026995507994153872f,-0.9305733299463366f,4.39642973578904f,0f,0f,0f,1f], start_interpolation: 0, interpolation_duration: 1 }
$data merge entity $(bone_crest_center1) { transformation: [-0.9968293316171526f,0.005260648446738009f,0.07939527193492567f,-0.009148994097186502f,0.035606464236789113f,0.9218240103948155f,0.38596978322684017f,3.054879769202905f,-0.07115801664081997f,0.3875729859491494f,-0.9190885252412879f,4.393539688127434f,0f,0f,0f,1f], start_interpolation: 0, interpolation_duration: 1 }
$data merge entity $(bone_crest_right5) { transformation: [-0.5311592235671145f,0.8466904033045206f,-0.031388535671616966f,1.1031265114049849f,0.796589824200958f,0.511664247728043f,0.32193842513186177f,3.6620384385065314f,0.28864256650582104f,0.14599677581688042f,-0.9462401440712651f,4.6377053792561975f,0f,0f,0f,1f], start_interpolation: 0, interpolation_duration: 1 }
$data merge entity $(bone_crest_right4) { transformation: [-0.5311592235671145f,0.8466904033045206f,-0.031388535671616966f,0.627690005643169f,0.796589824200958f,0.511664247728043f,0.32193842513186177f,3.3747269712764294f,0.28864256650582104f,0.14599677581688042f,-0.9462401440712651f,4.555724767835586f,0f,0f,0f,1f], start_interpolation: 0, interpolation_duration: 1 }
$data merge entity $(bone_crest_right1) { transformation: [-0.5311592235671145f,0.8466904033045206f,-0.031388535671616966f,0.1029473094603307f,0.796589824200958f,0.511664247728043f,0.32193842513186177f,3.0767619544376554f,0.28864256650582104f,0.14599677581688042f,-0.9462401440712651f,4.412412493432974f,0f,0f,0f,1f], start_interpolation: 0, interpolation_duration: 1 }
$data merge entity $(bone_head1) { transformation: [-1.0448536613955826f,0.005514091145343874f,0.0832203045672072f,0.09265181350418264f,0.037321879831530236f,0.9662348025622737f,0.40456468163750803f,3.423954473882598f,-0.07458620233835944f,0.4062451219909702f,-0.9633675297125475f,3.1521252994666407f,0f,0f,0f,1f], start_interpolation: 0, interpolation_duration: 1 }
$data merge entity $(bone_neck10) { transformation: [-1.496988412376803f,0.03153323270673861f,0.015020989603529412f,0.09389429878467576f,0.033861728504415774f,1.4681325014121545f,0.29263394082712385f,3.1920164062982774f,-0.008564942282344964f,0.2928939999665102f,-1.4684461271123794f,2.0179892339091174f,0f,0f,0f,1f], start_interpolation: 0, interpolation_duration: 1 }
$data merge entity $(bone_neck9) { transformation: [-1.145196135468255f,0.005568636598444749f,0.026133313864594845f,0.08820957592464465f,0.025904222305878084f,0.5061089486984589f,1.0273124411845724f,2.644924107721968f,-0.006552180845993902f,1.0276238956117711f,-0.506097171097f,0.8486262303950372f,0f,0f,0f,1f], start_interpolation: 0, interpolation_duration: 1 }
$data merge entity $(bone_neck8) { transformation: [-1.0628617727875302f,-0.0007006676620489508f,0.024789078415594246f,0.0902219930370315f,0.024041827238135204f,0.2314845629329432f,1.0373654250377322f,2.467414885678578f,-0.006081109020464925f,1.0376437459867864f,-0.23140573442442935f,-0.20489332461411913f,0f,0f,0f,1f], start_interpolation: 0, interpolation_duration: 1 }
$data merge entity $(bone_neck7) { transformation: [-1.0531878754309827f,-0.06807465614477433f,0.02424361957191247f,0.1590208476514311f,0.01925838742936825f,0.07694598831326302f,1.0526799334318668f,2.3896503230215567f,-0.06964931021049113f,1.0506530202342113f,-0.07552362222468423f,-1.266723504638056f,0f,0f,0f,1f], start_interpolation: 0, interpolation_duration: 1 }
$data merge entity $(bone_neck6) { transformation: [-1.0241766623742452f,-0.2163251956769337f,0.07798773093955372f,0.3588230914908218f,0.11901447141222488f,-0.19405209794643674f,1.0246930521335977f,2.583092464224128f,-0.19675932520780956f,1.0086444890107396f,0.21386578722611205f,-2.1897312495285686f,0f,0f,0f,1f], start_interpolation: 0, interpolation_duration: 1 }
$data merge entity $(bone_neck_spine6) { transformation: [-1.2667640049947753f,0.11435918455740537f,-0.04707760692380719f,0.8063479068702342f,-0.002254776207691817f,0.46307474986560543f,1.1855555915004028f,3.765235915918474f,0.12364966700545717f,1.180029288391175f,-0.4606810251195151f,-6.044141769977683f,0f,0f,0f,1f], start_interpolation: 0, interpolation_duration: 1 }
$data merge entity $(bone_neck_spine7) { transformation: [-0.9585827917160609f,0.2791425419713802f,-0.056555041221800426f,0.20109208762400477f,0.03675480105842503f,0.31814823552665594f,0.9473282350011697f,2.8859903658905517f,0.2824324981743406f,0.9060138748899113f,-0.3152312523877817f,-9.341823048908651f,0f,0f,0f,1f], start_interpolation: 0, interpolation_duration: 1 }
$data merge entity $(bone_tail6) { transformation: [-1.6385737591015488f,0.5038907562333316f,0.16270242559208245f,-0.7638375684250738f,-0.0512704148966054f,-0.6776187234685128f,1.582247182866306f,3.9311270985693785f,0.527019276751122f,1.5007427857279974f,0.6597906566064874f,-12.64198613160317f,0f,0f,0f,1f], start_interpolation: 0, interpolation_duration: 1 }
$data merge entity $(bone_tail5) { transformation: [-1.3536044096925837f,0.3865942752335038f,0.20464678750791213f,-0.5196727630144398f,-0.04235382100154359f,-0.7782387710976744f,1.1900129865790485f,3.4396078747182157f,0.43536375035962255f,1.1262635662831761f,0.7520432988570143f,-11.930661773950638f,0f,0f,0f,1f], start_interpolation: 0, interpolation_duration: 1 }
$data merge entity $(bone_tail4) { transformation: [-0.9897188969587015f,0.2929426901970972f,0.18252748639071328f,-0.3941258957871124f,-0.024555391799498477f,-0.612661518864999f,0.8501282809439876f,3.177038652347502f,0.3442800252143559f,0.7984395040247527f,0.5853552943950215f,-11.588473415082886f,0f,0f,0f,1f], start_interpolation: 0, interpolation_duration: 1 }
$data merge entity $(bone_segment18) { transformation: [-0.972629935050942f,0.15384069013594628f,0.17413802428331404f,-0.3077407426346035f,0.053066470392273815f,-0.5825592317744375f,0.8110540618198541f,2.8499179899741605f,0.2262188302571344f,0.7980963497804465f,0.5584507653358716f,-11.140323609297967f,0f,0f,0f,1f], start_interpolation: 0, interpolation_duration: 1 }
$data merge entity $(bone_segment17) { transformation: [-0.966428895344121f,0.21928270095410726f,0.13390402274096752f,-0.14766865380335803f,0.041541842950164186f,-0.38094659981148427f,0.9236633387638448f,2.571834412475054f,0.25355367386067557f,0.8982175600345054f,0.3590483941161883f,-10.484642333784496f,0f,0f,0f,1f], start_interpolation: 0, interpolation_duration: 1 }
$data merge entity $(bone_segment16) { transformation: [-0.9585827917160609f,0.27345152283832913f,0.07964481202967359f,0.11336539265608236f,0.03675480105842503f,-0.15853119554460574f,0.9866696228415841f,2.420502143290628f,0.2824324981743405f,0.9487318507864045f,0.14191461967818675f,-9.578992544581652f,0f,0f,0f,1f], start_interpolation: 0, interpolation_duration: 1 }
$data merge entity $(bone_segment15) { transformation: [-0.9585827917160609f,0.28426851227089645f,0.01761943123754305f,0.44857460024114826f,0.03675480105842503f,0.06212100810183516f,0.9973916306805304f,2.4937551875122748f,0.2824324981743406f,0.9567300524618754f,-0.06999636198616438f,-8.450817214163962f,0f,0f,0f,1f], start_interpolation: 0, interpolation_duration: 1 }
$data merge entity $(bone_segment14) { transformation: [-1.0268777968643896f,0.20888700498697166f,-0.023736206092855427f,0.6835724808514914f,0.01991105198570631f,0.2144466349674851f,1.0258125505106266f,2.7350076518506956f,0.20928625932184883f,1.0045168280939185f,-0.2140570058661308f,-7.3207357825583035f,0f,0f,0f,1f], start_interpolation: 0, interpolation_duration: 1 }
$data merge entity $(bone_segment13) { transformation: [-1.0208627569663777f,0.09734797091599447f,-0.02135920927218881f,0.8014010298344677f,-0.0018170843556104643f,0.20160761717046177f,1.005706059803997f,2.9502916473452365f,0.09964708458675078f,1.0009851912393986f,-0.20048121427199528f,-6.109682122084417f,0f,0f,0f,1f], start_interpolation: 0, interpolation_duration: 1 }
$data merge entity $(bone_segment12) { transformation: [-1.1145041831582714f,-0.047591722156316754f,-0.009451713949686287f,0.7439076742093871f,-0.012686289790243865f,0.07606773570435735f,1.1128911172382707f,3.0421855562498292f,-0.04683337448602972f,1.1119454162676714f,-0.0765369679778556f,-4.766392357465753f,0f,0f,0f,1f], start_interpolation: 0, interpolation_duration: 1 }
$data merge entity $(bone_segment11) { transformation: [-1.1773538451544692f,-0.17495553429450694f,-0.01874367096000883f,0.5417184426088757f,2.2775081211006106e-18f,-0.12680972623301345f,1.1836562567798372f,2.8956365418964767f,-0.17595671110058145f,1.1706548147228455f,0.12541683087303226f,-3.413512619121388f,0f,0f,0f,1f], start_interpolation: 0, interpolation_duration: 1 }
$data merge entity $(bone_segment10) { transformation: [-1.0366637630290925f,-0.1506574136713172f,-0.0361356355057551f,0.35102162966100536f,1.454637914751385e-17f,-0.24447452452177504f,1.0192680731216033f,2.602257520505821f,-0.15493043744705293f,1.0080722933356f,0.24178918293989757f,-2.137530449537998f,0f,0f,0f,1f], start_interpolation: 0, interpolation_duration: 1 }