# This file was generated by Animated Java via MC-Build. It is not recommended to edit this file directly.
$data merge entity $(bone_neck_spine5) { transformation: [-1.367092401983662f,0.01206184418452213f,-0.010702173127961002f,0.1507238372206524f,0.0002331541143164779f,0.9220783832858122f,1.00944195517743f,2.8670029535572117f,0.01612359246419719f,1.0093699159119722f,-0.9220163028787274f,0.48886314633187156f,0f,0f,0f,1f], start_interpolation: 0, interpolation_duration: 1 }
$data merge entity $(bone_neck_spine2) { transformation: [-1.3019927637939634f,0.0009156501183594791f,-0.015330086674956939f,0.07602405890339964f,0.00022205153744426462f,1.300753456501994f,0.058833689631658415f,3.6479540561613417f,0.015355802346854465f,0.05882698298757418f,-1.3006631356163316f,2.424587026487429f,0f,0f,0f,1f], start_interpolation: 0, interpolation_duration: 1 }
$data merge entity $(bone_scale_neck_left1) { transformation: [-1.3825631432684307f,0.36849956293380615f,0.06470429194488346f,0.7586732041850324f,0.36520717537184316f,1.2754325961365056f,0.539772943164245f,2.8658384861621413f,0.08125449117073313f,0.5375306346924472f,-1.3251105398548821f,2.3517734222887987f,0f,0f,0f,1f], start_interpolation: 0, interpolation_duration: 1 }
$data merge entity $(bone_scale_neck_right1) { transformation: [-1.3842194163497277f,-0.3552844648843692f,-0.09575476392861516f,-0.6084191977986295f,-0.36473530767931694f,1.2755560356521647f,0.5398003090460259f,2.866071640276458f,-0.04862284581625572f,0.546066998935056f,-1.3232180734639196f,2.367897014752996f,0f,0f,0f,1f], start_interpolation: 0, interpolation_duration: 1 }
$data merge entity $(bone_blush_right1) { transformation: [-0.995859271970764f,-0.013126028134549252f,0.08995564359878237f,-0.5685578405229146f,0.018110562834489845f,0.9410409245252465f,0.33780761667328857f,2.3859790286714406f,-0.08908601429898035f,0.33803799454215266f,-0.9369066102351082f,3.411155318960317f,0f,0f,0f,1f], start_interpolation: 0, interpolation_duration: 1 }
$data merge entity $(bone_blush_left1) { transformation: [-0.995859271970764f,-0.013126028134549252f,0.08995564359878237f,0.5790143674121455f,0.018110562834489845f,0.9410409245252465f,0.33780761667328857f,2.365109434780134f,-0.08908601429898035f,0.33803799454215266f,-0.9369066102351082f,3.513813030750158f,0f,0f,0f,1f], start_interpolation: 0, interpolation_duration: 1 }
$data merge entity $(bone_left_head_scales) { transformation: [-0.9248748562434473f,-0.013126028134549252f,-0.38004500743211167f,0.6111541620330677f,-0.13991793310997555f,0.9410409245252465f,0.3080015427930547f,3.077734592151927f,0.3535950682389321f,0.33803799454215266f,-0.8721816565160173f,3.4090261586926394f,0f,0f,0f,1f], start_interpolation: 0, interpolation_duration: 1 }
$data merge entity $(bone_left_head_scales2) { transformation: [-0.8673565959440528f,-0.013126028134549252f,-0.49751406297486334f,0.6082317752828938f,-0.17892318437460847f,0.9410409245252465f,0.2871035918652348f,2.2930628322679523f,0.46441256396182373f,0.33803799454215266f,-0.8185666036922861f,3.2821761546902413f,0f,0f,0f,1f], start_interpolation: 0, interpolation_duration: 1 }
$data merge entity $(bone_left_head_scales1) { transformation: [-0.995859271970764f,-0.013126028134549252f,0.08995564359878237f,0.6124360007180822f,0.018110562834489845f,0.9410409245252465f,0.33780761667328857f,2.9858360643662585f,-0.08908601429898035f,0.33803799454215266f,-0.9369066102351082f,3.3760146357881324f,0f,0f,0f,1f], start_interpolation: 0, interpolation_duration: 1 }
$data merge entity $(bone_right_head_scales) { transformation: [-0.8418010688746419f,-0.013126028134549252f,0.5396282681873898f,-0.5558684223076712f,0.1720464639682703f,0.9410409245252465f,0.2912764882455914f,3.098957907973595f,-0.5116355877746632f,0.33803799454215266f,-0.7899109693936363f,3.3046284856860217f,0f,0f,0f,1f], start_interpolation: 0, interpolation_duration: 1 }
$data merge entity $(bone_right_head_scales2) { transformation: [-0.764163720973944f,-0.013126028134549252f,0.6448887616734125f,-0.5587908090578451f,0.20859379351280166f,0.9410409245252465f,0.26632800768339804f,2.3142861480896197f,-0.61036254542296f,0.33803799454215266f,-0.7163713264716312f,3.1777784816836236f,0f,0f,0f,1f], start_interpolation: 0, interpolation_duration: 1 }
$data merge entity $(bone_right_head_scales1) { transformation: [-0.995859271970764f,-0.013126028134549252f,0.08995564359878237f,-0.5545865836226567f,0.018110562834489845f,0.9410409245252465f,0.33780761667328857f,3.0070593801879264f,-0.08908601429898035f,0.33803799454215266f,-0.9369066102351082f,3.271616962781515f,0f,0f,0f,1f], start_interpolation: 0, interpolation_duration: 1 }
$data merge entity $(bone_head_left_fin1) { transformation: [-0.5596096770407275f,0.1363579551782534f,-0.8174616305503142f,0.6238314116890097f,-0.030275521269783667f,0.9823495525689252f,0.18458805318729465f,2.665958542479723f,0.8282031164963191f,0.1280463378126766f,-0.5456040076818958f,3.183600733699591f,0f,0f,0f,1f], start_interpolation: 0, interpolation_duration: 1 }
$data merge entity $(bone_head_right_fin1) { transformation: [-0.4023164155351229f,-0.12138948227684422f,0.907417266412498f,-0.5431911726517292f,0.04776897986585091f,0.9870369128143357f,0.1532196374637449f,2.687181858301391f,-0.9142535897405851f,0.10498917246318884f,-0.39130250102950836f,3.0792030606929734f,0f,0f,0f,1f], start_interpolation: 0, interpolation_duration: 1 }
$data merge entity $(bone_right_whisker16) { transformation: [-0.12606766938720648f,-0.4101593755692449f,0.903258672456526f,-0.7615378827960616f,0.9887382742892192f,-0.12597060000057286f,0.08079624305048083f,1.601336275066547f,0.08064470032714344f,0.9032722150980533f,0.42142109313725873f,1.4086830001388673f,0f,0f,0f,1f], start_interpolation: 0, interpolation_duration: 1 }
$data merge entity $(bone_right_whisker15) { transformation: [0.4783434806256087f,-0.22792914803867803f,0.8480777193260891f,-0.9016775743855954f,0.38489836370061625f,0.9224442191725841f,0.030820644634228456f,1.488573082576132f,-0.7893293128749029f,0.31168087203010064f,0.5289747346017483f,1.6399318222701864f,0f,0f,0f,1f], start_interpolation: 0, interpolation_duration: 1 }
$data merge entity $(bone_right_whisker14) { transformation: [0.706224827434763f,-0.16168180075537705f,0.6892789626988758f,-1.1085793792981236f,-0.23657562538930083f,0.8637211174489452f,0.44499191536971355f,1.5578823478269037f,-0.6672918900948827f,-0.47733094031001555f,0.5717313239943702f,1.8354274931964216f,0f,0f,0f,1f], start_interpolation: 0, interpolation_duration: 1 }
$data merge entity $(bone_right_whisker13) { transformation: [0.25776761456153163f,-0.3778678606496765f,0.8892534716104823f,-1.1840972351266972f,0.18863389798492308f,0.9223259146273969f,0.3372419898792989f,1.5026185105266332f,-0.9476144307756564f,0.08081328538533943f,0.3090244383393589f,2.1130489084627273f,0f,0f,0f,1f], start_interpolation: 0, interpolation_duration: 1 }
$data merge entity $(bone_right_whisker12) { transformation: [-0.4046711572054385f,-0.2669179227543502f,0.8746405416161055f,-1.0260225643433227f,-0.3420048021276115f,0.9312194610607061f,0.1259485238637641f,1.6362141363577314f,-0.8481002121492862f,-0.24816353046793677f,-0.4681248682755754f,2.444338053833542f,0f,0f,0f,1f], start_interpolation: 0, interpolation_duration: 1 }
$data merge entity $(bone_right_whisker11) { transformation: [-0.872626579611799f,-0.17300398638643316f,0.4567192499221111f,-0.6851528066824637f,-0.18065183185298148f,0.9831692404680259f,0.027260965604450405f,1.7067812581753024f,-0.45374857377536154f,-0.05871852596862252f,-0.889193098547721f,2.621583590464543f,0f,0f,0f,1f], start_interpolation: 0, interpolation_duration: 1 }
$data merge entity $(bone_right_whisker10) { transformation: [-0.42576579775407813f,-0.5255827817330395f,0.7365366419999714f,-0.5188380419347769f,-0.5011968400362039f,0.8147071855573178f,0.2916400681302173f,1.9025612738144444f,-0.7533426929363269f,-0.24497947127674663f,-0.6102948841768283f,2.9158580798927956f,0f,0f,0f,1f], start_interpolation: 0, interpolation_duration: 1 }
$data merge entity $(bone_right_whisker1) { transformation: [0.11125108787228458f,-0.5346188890252737f,0.837738526596823f,-0.5622954981348881f,-0.7054697949540699f,0.551241842567022f,0.4454714350110195f,2.178135412468378f,-0.6999539726687003f,-0.6405584083443887f,-0.3158312233529284f,3.1892776004665064f,0f,0f,0f,1f], start_interpolation: 0, interpolation_duration: 1 }
$data merge entity $(bone_left_whisker16) { transformation: [-0.14533973192333535f,0.23856466002337035f,-0.9601891820429906f,1.0958089615531474f,-0.9838024957776099f,-0.13776820809593512f,0.11468465520626928f,1.5675588150611182f,-0.10492383726398351f,0.9613047507559552f,0.25472370236755f,1.57483461632698f,0f,0f,0f,1f], start_interpolation: 0, interpolation_duration: 1 }
$data merge entity $(bone_left_whisker15) { transformation: [0.3164993305502873f,0.20213254471235376f,-0.926806672466987f,1.188533374800302f,-0.39935326820419775f,0.9146231750466796f,0.06309845356390958f,1.4505607872669195f,0.8604331124124908f,0.3501526553314131f,0.3701999149493617f,1.8269146297290768f,0f,0f,0f,1f], start_interpolation: 0, interpolation_duration: 1 }
$data merge entity $(bone_left_whisker14) { transformation: [0.5846850112486008f,0.27485969759479983f,-0.7632794928853514f,1.3598278116895406f,0.21309931261584045f,0.8557822324495743f,0.4714079481577277f,1.5129922265098414f,0.782772074478823f,-0.43827949673891636f,0.44179063158288234f,2.0562423859240444f,0f,0f,0f,1f], start_interpolation: 0, interpolation_duration: 1 }
$data merge entity $(bone_left_whisker13) { transformation: [0.07856355929855063f,0.3905525307478206f,-0.9172221584091915f,1.3828444794527879f,-0.1947503714956197f,0.9083515246976156f,0.3700943128201716f,1.4559364536107342f,0.9777014165647205f,0.14955342960290033f,0.14742357932620237f,2.34267834780824f,0f,0f,0f,1f], start_interpolation: 0, interpolation_duration: 1 }
$data merge entity $(bone_left_whisker12) { transformation: [-0.5361280358822668f,0.34012900278033914f,-0.7725794396750894f,1.1734194654362775f,0.35911404976993544f,0.9201797872856925f,0.15590464498754988f,1.5962153793021152f,0.7639396758899613f,-0.19385928024861154f,-0.6154792856486976f,2.641092283702756f,0f,0f,0f,1f], start_interpolation: 0, interpolation_duration: 1 }
$data merge entity $(bone_left_whisker11) { transformation: [-0.9321974929610427f,0.21602718677498498f,-0.2904136510070294f,0.8092798197483702f,0.21347411979216518f,0.9760943718551423f,0.04084822409451255f,1.6796037073459298f,0.29229545719375666f,-0.02391718643153909f,-0.9560289398847148f,2.755270196669067f,0f,0f,0f,1f], start_interpolation: 0, interpolation_duration: 1 }
$data merge entity $(bone_left_whisker10) { transformation: [-0.5343185412832812f,0.5897507961189121f,-0.6055556910128218f,0.6005616395595884f,0.5186568047500297f,0.7944238790584683f,0.31604717886446254f,1.8822040217014102f,0.6674569763867901f,-0.14520571221135048f,-0.7303536717329475f,3.0159955780701573f,0f,0f,0f,1f], start_interpolation: 0, interpolation_duration: 1 }
$data merge entity $(bone_left_whisker1) { transformation: [0.010663543414431716f,0.6593233113508332f,-0.7517839183909304f,0.6047270862058508f,0.7032526718599682f,0.5295289702272691f,0.47437827649657804f,2.1569120966467104f,0.7108600202315954f,-0.5337526026160624f,-0.45802422516381713f,3.293675273473124f,0f,0f,0f,1f], start_interpolation: 0, interpolation_duration: 1 }
$data merge entity $(bone_upper_left_tooth1) { transformation: [-0.995859271970764f,-0.005235928702445549f,0.09075734394793096f,0.21266234120387448f,0.018110562834489845f,0.9669018534363817f,0.254505035971998f,2.227120145781469f,-0.08908601429898035f,0.25509486641622736f,-0.9628033502145745f,4.128034004114686f,0f,0f,0f,1f], start_interpolation: 0, interpolation_duration: 1 }
$data merge entity $(bone_upper_right_tooth1) { transformation: [-0.995859271970764f,-0.005235928702445549f,0.09075734394793096f,-0.37084895096649506f,0.018110562834489845f,0.9669018534363817f,0.254505035971998f,2.237731803692303f,-0.08908601429898035f,0.25509486641622736f,-0.9628033502145745f,4.075835167611377f,0f,0f,0f,1f], start_interpolation: 0, interpolation_duration: 1 }
$data merge entity $(bone_top_lip1) { transformation: [-0.995859271970764f,0.026120676220279138f,0.08707479947525276f,-0.05534247644677207f,0.018110562834489845f,0.9956363855786331f,-0.09154340623842724f,2.335850226701495f,-0.08908601429898035f,-0.08958737626312685f,-0.9919867862379067f,4.131512334076688f,0f,0f,0f,1f], start_interpolation: 0, interpolation_duration: 1 }
$data merge entity $(bone_muzzle1) { transformation: [-0.995859271970764f,-0.005235928702445549f,0.09075734394793096f,-0.011794348840718727f,0.018110562834489845f,0.9669018534363817f,0.254505035971998f,2.601756277484167f,-0.08908601429898035f,0.25509486641622736f,-0.9628033502145745f,3.6987609228024176f,0f,0f,0f,1f], start_interpolation: 0, interpolation_duration: 1 }
$data merge entity $(bone_jaw_right_tooth1) { transformation: [-0.995859271970764f,0.054326742090714086f,0.07288974909868444f,-0.3719840661668061f,0.018110562834489845f,0.9042824755920078f,-0.4265503626197117f,2.2652047455701436f,-0.08908601429898035f,-0.4234640591962894f,-0.9015219756752039f,4.094109253054779f,0f,0f,0f,1f], start_interpolation: 0, interpolation_duration: 1 }
$data merge entity $(bone_jaw_left_tooth1) { transformation: [-0.995859271970764f,0.054326742090714086f,0.07288974909868444f,0.2601531670177608f,0.018110562834489845f,0.9042824755920078f,-0.4265503626197117f,2.253708782833407f,-0.08908601429898035f,-0.4234640591962894f,-0.9015219756752039f,4.15065799260003f,0f,0f,0f,1f], start_interpolation: 0, interpolation_duration: 1 }
$data merge entity $(bone_tongue1) { transformation: [-0.995859271970764f,0.018432210338344183f,0.08902002051169822f,0.006151967834351464f,0.018110562834489845f,0.9998262221050236f,-0.004419627248280711f,2.249251853038208f,-0.08908601429898035f,-0.002789124098850182f,-0.9960200313462991f,3.426484072414309f,0f,0f,0f,1f], start_interpolation: 0, interpolation_duration: 1 }
$data merge entity $(bone_jaw_lips1) { transformation: [-0.995859271970764f,0.018432210338344183f,0.08902002051169822f,-0.016839000038131574f,0.018110562834489845f,0.9998262221050236f,-0.004419627248280711f,2.139535523017909f,-0.08908601429898035f,-0.002789124098850182f,-0.9960200313462991f,4.209287855784266f,0f,0f,0f,1f], start_interpolation: 0, interpolation_duration: 1 }
$data merge entity $(bone_jaw3) { transformation: [-0.995859271970764f,0.040844224705243556f,0.08121612979013286f,0.0436195682324359f,0.018110562834489845f,0.9646140860281633f,-0.26304310017536825f,1.8633823538099847f,-0.08908601429898035f,-0.26048304041583653f,-0.9613595933427008f,3.4773041025729383f,0f,0f,0f,1f], start_interpolation: 0, interpolation_duration: 1 }
$data merge entity $(bone_jaw1) { transformation: [-0.995859271970764f,-0.028547247854944897f,0.08630970437771456f,0.1110490247775254f,0.018110562834489845f,0.8680847213369133f,0.49608560158024295f,2.2509492300445495f,-0.08908601429898035f,0.49559456334923796f,-0.863973211873493f,2.802325030796772f,0f,0f,0f,1f], start_interpolation: 0, interpolation_duration: 1 }
$data merge entity $(bone_tear_right1) { transformation: [-0.995859271970764f,-0.013126028134549252f,0.08995564359878237f,-0.5323245926444424f,0.018110562834489845f,0.9410409245252465f,0.33780761667328857f,2.677049448536202f,-0.08908601429898035f,0.33803799454215266f,-0.9369066102351082f,3.61339085970823f,0f,0f,0f,1f], start_interpolation: 0, interpolation_duration: 1 }
$data merge entity $(bone_right_pupil1) { transformation: [-0.995859271970764f,-0.013126028134549252f,0.08995564359878237f,-0.3784119756807439f,0.018110562834489845f,0.9410409245252465f,0.33780761667328857f,2.746236361016492f,-0.08908601429898035f,0.33803799454215266f,-0.9369066102351082f,3.7156539065052305f,0f,0f,0f,1f], start_interpolation: 0, interpolation_duration: 1 }
$data merge entity $(bone_right_sad_pupil1) { transformation: [-0.995859271970764f,-0.013126028134549252f,0.08995564359878237f,-0.37753350259872465f,0.018110562834489845f,0.9410409245252465f,0.33780761667328857f,2.7495352635230668f,-0.08908601429898035f,0.33803799454215266f,-0.9369066102351082f,3.7065044278896533f,0f,0f,0f,1f], start_interpolation: 0, interpolation_duration: 1 }
$data merge entity $(bone_right_happy_pupil1) { transformation: [-0.995859271970764f,-0.013126028134549252f,0.08995564359878237f,-0.40152570633043105f,0.018110562834489845f,0.9410409245252465f,0.33780761667328857f,2.7270030724053393f,-0.08908601429898035f,0.33803799454215266f,-0.9369066102351082f,3.6960767291188086f,0f,0f,0f,1f], start_interpolation: 0, interpolation_duration: 1 }
$data merge entity $(bone_eyelid_right1) { transformation: [-0.995859271970764f,-0.013126028134549252f,0.08995564359878237f,0.04145112786009351f,0.018110562834489845f,0.9410409245252465f,0.33780761667328857f,2.8617219721399842f,-0.08908601429898035f,0.33803799454215266f,-0.9369066102351082f,3.2660190169208745f,0f,0f,0f,1f], start_interpolation: 0, interpolation_duration: 1 }
$data merge entity $(bone_eyelid_expressions_right5) { transformation: [-0.995859271970764f,-0.013126028134549252f,0.08995564359878237f,-0.49065469441037085f,0.018110562834489845f,0.9410409245252465f,0.33780761667328857f,2.8434676867487614f,-0.08908601429898035f,0.33803799454215266f,-0.9369066102351082f,3.729511201637073f,0f,0f,0f,1f], start_interpolation: 0, interpolation_duration: 1 }
$data merge entity $(bone_eyelid_expressions_right7) { transformation: [-0.995859271970764f,-0.013126028134549252f,0.08995564359878237f,-0.19889904832518612f,0.018110562834489845f,0.9410409245252465f,0.33780761667328857f,2.8381618577933443f,-0.08908601429898035f,0.33803799454215266f,-0.9369066102351082f,3.7556106198887274f,0f,0f,0f,1f], start_interpolation: 0, interpolation_duration: 1 }
$data merge entity $(bone_eyelid_expressions_right6) { transformation: [-0.995859271970764f,-0.013126028134549252f,0.08995564359878237f,-0.29615093035358103f,0.018110562834489845f,0.9410409245252465f,0.33780761667328857f,2.83993046744515f,-0.08908601429898035f,0.33803799454215266f,-0.9369066102351082f,3.7469108138048424f,0f,0f,0f,1f], start_interpolation: 0, interpolation_duration: 1 }
$data merge entity $(bone_right_eye1) { transformation: [-0.995859271970764f,-0.013126028134549252f,0.08995564359878237f,0.030847466575234656f,0.018110562834489845f,0.9410409245252465f,0.33780761667328857f,2.8585999305985896f,-0.08908601429898035f,0.33803799454215266f,-0.9369066102351082f,3.2742985149280632f,0f,0f,0f,1f], start_interpolation: 0, interpolation_duration: 1 }
$data merge entity $(bone_tear_left1) { transformation: [-0.995859271970764f,-0.013126028134549252f,0.08995564359878237f,0.5179957332622227f,0.018110562834489845f,0.9410409245252465f,0.33780761667328857f,2.6579484642967013f,-0.08908601429898035f,0.33803799454215266f,-0.9369066102351082f,3.707348765414186f,0f,0f,0f,1f], start_interpolation: 0, interpolation_duration: 1 }
$data merge entity $(bone_left_sad_pupil1) { transformation: [-0.995859271970764f,-0.013126028134549252f,0.08995564359878237f,0.35185561261423726f,0.018110562834489845f,0.9410409245252465f,0.33780761667328857f,2.7362706911345245f,-0.08908601429898035f,0.33803799454215266f,-0.9369066102351082f,3.7717529735187894f,0f,0f,0f,1f], start_interpolation: 0, interpolation_duration: 1 }
$data merge entity $(bone_left_pupil1) { transformation: [-0.995859271970764f,-0.013126028134549252f,0.08995564359878237f,0.3509771395322179f,0.018110562834489845f,0.9410409245252465f,0.33780761667328857f,2.7329717886279496f,-0.08908601429898035f,0.33803799454215266f,-0.9369066102351082f,3.7809024521343666f,0f,0f,0f,1f], start_interpolation: 0, interpolation_duration: 1 }
$data merge entity $(bone_eyelid_left1) { transformation: [-0.995859271970764f,-0.013126028134549252f,0.08995564359878237f,0.022000751454414526f,0.018110562834489845f,0.9410409245252465f,0.33780761667328857f,2.862075694070345f,-0.08908601429898035f,0.33803799454215266f,-0.9369066102351082f,3.2642790557040975f,0f,0f,0f,1f], start_interpolation: 0, interpolation_duration: 1 }
$data merge entity $(bone_left_happy_pupil1) { transformation: [-0.995859271970764f,-0.013126028134549252f,0.08995564359878237f,0.37648934989672833f,0.018110562834489845f,0.9410409245252465f,0.33780761667328857f,2.712854195190894f,-0.08908601429898035f,0.33803799454215266f,-0.9369066102351082f,3.7656751777898867f,0f,0f,0f,1f], start_interpolation: 0, interpolation_duration: 1 }
$data merge entity $(bone_eyelid_expressions_left5) { transformation: [-0.995859271970764f,-0.013126028134549252f,0.08995564359878237f,0.4624137494678993f,0.018110562834489845f,0.9410409245252465f,0.33780761667328857f,2.8261353121610657f,-0.08908601429898035f,0.33803799454215266f,-0.9369066102351082f,3.8147693012591435f,0f,0f,0f,1f], start_interpolation: 0, interpolation_duration: 1 }
$data merge entity $(bone_eyelid_expressions_left7) { transformation: [-0.995859271970764f,-0.013126028134549252f,0.08995564359878237f,0.1706581033827146f,0.018110562834489845f,0.9410409245252465f,0.33780761667328857f,2.831441141116483f,-0.08908601429898035f,0.33803799454215266f,-0.9369066102351082f,3.788669883007489f,0f,0f,0f,1f], start_interpolation: 0, interpolation_duration: 1 }
$data merge entity $(bone_eyelid_expressions_left6) { transformation: [-0.995859271970764f,-0.013126028134549252f,0.08995564359878237f,0.2679099854111095f,0.018110562834489845f,0.9410409245252465f,0.33780761667328857f,2.829672531464677f,-0.08908601429898035f,0.33803799454215266f,-0.9369066102351082f,3.797369689091374f,0f,0f,0f,1f], start_interpolation: 0, interpolation_duration: 1 }
$data merge entity $(bone_left_eye1) { transformation: [-0.995859271970764f,-0.013126028134549252f,0.08995564359878237f,0.030847466575234656f,0.018110562834489845f,0.9410409245252465f,0.33780761667328857f,2.8585999305985896f,-0.08908601429898035f,0.33803799454215266f,-0.9369066102351082f,3.2742985149280632f,0f,0f,0f,1f], start_interpolation: 0, interpolation_duration: 1 }
$data merge entity $(bone_crest_middle5) { transformation: [-0.995859271970764f,0.00665507591496969f,0.09066432812537754f,-0.022261466620877912f,0.018110562834489845f,0.9918494472885658f,0.1261216929286329f,3.8524719676555117f,-0.08908601429898035f,0.12724143931099f,-0.9878629956519219f,4.070030663034702f,0f,0f,0f,1f], start_interpolation: 0, interpolation_duration: 1 }
$data merge entity $(bone_crest_middle4) { transformation: [-0.995859271970764f,0.00665507591496969f,0.09066432812537754f,-0.026160925164805466f,0.018110562834489845f,0.9918494472885658f,0.1261216929286329f,3.271310182134868f,-0.08908601429898035f,0.12724143931099f,-0.9878629956519219f,3.9954751321884183f,0f,0f,0f,1f], start_interpolation: 0, interpolation_duration: 1 }
$data merge entity $(bone_crest_middle1) { transformation: [-0.995859271970764f,0.00665507591496969f,0.09066432812537754f,-0.035726001125474104f,0.018110562834489845f,0.9918494472885658f,0.1261216929286329f,2.826201374900059f,-0.08908601429898035f,0.12724143931099f,-0.9878629956519219f,4.011912039512742f,0f,0f,0f,1f], start_interpolation: 0, interpolation_duration: 1 }
$data merge entity $(bone_crest_left5) { transformation: [-0.5240044169522664f,-0.8279644432946145f,0.1997354541746523f,-0.9791343247703499f,-0.7839350675865304f,0.5605316251013688f,0.2669271568599207f,3.3160632384554667f,-0.3329642335486162f,-0.01670861756872348f,-0.9427914092079563f,3.8764808256493724f,0f,0f,0f,1f], start_interpolation: 0, interpolation_duration: 1 }
$data merge entity $(bone_crest_left4) { transformation: [-0.5240044169522664f,-0.8279644432946145f,0.1997354541746523f,-0.5748548114429014f,-0.7839350675865304f,0.5605316251013688f,0.2669271568599207f,3.0423661558864388f,-0.3329642335486162f,-0.01670861756872348f,-0.9427914092079563f,3.8846393303216007f,0f,0f,0f,1f], start_interpolation: 0, interpolation_duration: 1 }
$data merge entity $(bone_crest_left1) { transformation: [-0.5240044169522664f,-0.8279644432946145f,0.1997354541746523f,-0.1203946390593364f,-0.7839350675865304f,0.5605316251013688f,0.2669271568599207f,2.754332917641559f,-0.3329642335486162f,-0.01670861756872348f,-0.9427914092079563f,3.8475789486833194f,0f,0f,0f,1f], start_interpolation: 0, interpolation_duration: 1 }
$data merge entity $(bone_crest_center1) { transformation: [-0.995859271970764f,-0.013126028134549252f,0.08995564359878237f,-0.022822301461571617f,0.018110562834489845f,0.9410409245252465f,0.33780761667328857f,2.7295899701186253f,-0.08908601429898035f,0.33803799454215266f,-0.9369066102351082f,3.8480259796779506f,0f,0f,0f,1f], start_interpolation: 0, interpolation_duration: 1 }
$data merge entity $(bone_crest_right5) { transformation: [-0.5461451766446226f,0.8374630311068527f,-0.019522232380969617f,0.9337890998814806f,0.8033966642223542f,0.530244384955736f,0.27091454767012246f,3.281275070232495f,0.23723247236457284f,0.13227457711985244f,-0.9624054188872566f,4.047604124249729f,0f,0f,0f,1f], start_interpolation: 0, interpolation_duration: 1 }
$data merge entity $(bone_crest_right4) { transformation: [-0.5461451766446226f,0.8374630311068527f,-0.019522232380969617f,0.5248716042238377f,0.8033966642223542f,0.530244384955736f,0.27091454767012246f,3.022366679140827f,0.23723247236457284f,0.13227457711985244f,-0.9624054188872566f,3.9830169283904264f,0f,0f,0f,1f], start_interpolation: 0, interpolation_duration: 1 }
$data merge entity $(bone_crest_right1) { transformation: [-0.5461451766446226f,0.8374630311068527f,-0.019522232380969617f,0.07410912499745345f,0.8033966642223542f,0.530244384955736f,0.27091454767012246f,2.7507956983379476f,0.23723247236457284f,0.13227457711985244f,-0.9624054188872566f,3.864978560851089f,0f,0f,0f,1f], start_interpolation: 0, interpolation_duration: 1 }
$data merge entity $(bone_head1) { transformation: [-0.995859271970764f,-0.013126028134549252f,0.08995564359878237f,0.0798044054288067f,0.018110562834489845f,0.9410409245252465f,0.33780761667328857f,2.994090304567385f,-0.08908601429898035f,0.33803799454215266f,-0.9369066102351082f,2.754571429619062f,0f,0f,0f,1f], start_interpolation: 0, interpolation_duration: 1 }
$data merge entity $(bone_neck10) { transformation: [-1.3019927637939634f,0.002908794444749308f,-0.015079419334945878f,0.06818768081923296f,0.00022205153744426462f,1.2819459928812476f,0.22811275495524516f,2.772036844608623f,0.015355802346854465f,0.22809431644614728f,-1.2818573200959977f,1.7728197941168193f,0f,0f,0f,1f], start_interpolation: 0, interpolation_duration: 1 }
$data merge entity $(bone_neck9) { transformation: [-0.9999304425937641f,0.0105477654235467f,-0.0052777475128327166f,0.05640640395502783f,0.00017053558075719524f,0.4603585984754778f,0.8877330295349551f,2.294949189394342f,0.01179325620238423f,0.8876703810842533f,-0.4603283758947315f,0.7808039531970717f,0f,0f,0f,1f], start_interpolation: 0, interpolation_duration: 1 }
$data merge entity $(bone_neck8) { transformation: [-0.9999304425937641f,0.011522942075011327f,-0.0025163028782944465f,0.04559330813942677f,0.00017053558075719524f,0.22744838846411813f,0.9737901218962387f,2.1314858466735407f,0.01179325620238423f,0.9737219584619685f,-0.22743453281578274f,-0.13365658115806422f,0f,0f,0f,1f], start_interpolation: 0, interpolation_duration: 1 }
$data merge entity $(bone_neck7) { transformation: [-0.99840364254353f,-0.05647831043864683f,-0.0006058100422074025f,0.09799017817528075f,-0.004319508191626548f,0.06565556643126524f,0.9978329962702037f,2.07057492078516f,-0.05631614692780283f,0.9962427149277356f,-0.06579471520282287f,-1.05790519363985f,0f,0f,0f,1f], start_interpolation: 0, interpolation_duration: 1 }
$data merge entity $(bone_neck6) { transformation: [-0.9813174380475306f,-0.1857206795457921f,0.05023858052214694f,0.2533005651492741f,0.08781866368422356f,-0.20004794923026553f,0.9758425591853854f,2.252268606030426f,-0.17118401821591958f,0.9620232051243952f,0.212620282921544f,-1.855016371607858f,0f,0f,0f,1f], start_interpolation: 0, interpolation_duration: 1 }
$data merge entity $(bone_neck_spine6) { transformation: [-1.1064764769786402f,0.023563914076834433f,-0.009809452771564095f,0.7520356654003795f,-0.00178528758559973f,0.35286380484168167f,1.0490117375407435f,3.4838002707330857f,0.025461660561217906f,1.0487485660077882f,-0.35273194731330226f,-5.164309753890908f,0f,0f,0f,1f], start_interpolation: 0, interpolation_duration: 1 }
$data merge entity $(bone_neck_spine7) { transformation: [-0.9728032924645663f,0.2266455820100131f,-0.047807262266751666f,0.4447203165721665f,0.03712431602399456f,0.3562808587448194f,0.9336411167315869f,2.7395270503269087f,0.22863844674474607f,0.9064743404241491f,-0.3550052546410453f,-8.11677616886682f,0f,0f,0f,1f], start_interpolation: 0, interpolation_duration: 1 }
$data merge entity $(bone_tail6) { transformation: [-1.3676206524457506f,0.5886806259287934f,0.1589438685321635f,-0.575895986046933f,-0.07254352608597629f,-0.5446296420968537f,1.3929502042271624f,3.5245423537071883f,0.6054299872907676f,1.2645267712822705f,0.5259475799769057f,-10.952522008565463f,0f,0f,0f,1f], start_interpolation: 0, interpolation_duration: 1 }
$data merge entity $(bone_tail5) { transformation: [-1.1297735824551853f,0.45611311719458464f,0.2137520420411836f,-0.2878245436082477f,-0.05992726067971955f,-0.6428928875408412f,1.0550900043807567f,3.1185047405234987f,0.5001378155880254f,0.9532927243191357f,0.6092721936428737f,-10.350442393206007f,0f,0f,0f,1f], start_interpolation: 0, interpolation_duration: 1 }
$data merge entity $(bone_tail4) { transformation: [-0.9039196941400502f,0.37440784863301824f,0.2067557724170057f,-0.14157147773597498f,-0.04135052871749513f,-0.557648022173061f,0.8290469330148064f,2.900673481862147f,0.4256986261670823f,0.7408423896136533f,0.5195509921374323f,-10.061050834763174f,0f,0f,0f,1f], start_interpolation: 0, interpolation_duration: 1 }
$data merge entity $(bone_segment18) { transformation: [-0.9450565666691086f,0.25321954183641493f,0.2067557724170057f,-0.017929123323663004f,0.03179090372124181f,-0.5582745930985306f,0.8290469330148064f,2.628078465700755f,0.3253573792557704f,0.7900692009772475f,0.5195509921374323f,-9.675274857723503f,0f,0f,0f,1f], start_interpolation: 0, interpolation_duration: 1 }
$data merge entity $(bone_segment17) { transformation: [-0.9519580991440542f,0.272592939607534f,0.13953088099113575f,0.15510350435690057f,0.04008036039599147f,-0.34081304808321056f,0.9392763336562668f,2.411742058226061f,0.3035940417474733f,0.899744161154911f,0.31351411815591135f,-9.104148192927905f,0f,0f,0f,1f], start_interpolation: 0, interpolation_duration: 1 }
$data merge entity $(bone_segment16) { transformation: [-0.9589201702194083f,0.2750009216762482f,0.0696175281347665f,0.3833757537951925f,0.04259567963933434f,-0.10304529264239705f,0.9937641952396484f,2.3262064149193837f,0.2804598281794456f,0.9559059371828675f,0.08709835840071282f,-8.310671584914783f,0f,0f,0f,1f], start_interpolation: 0, interpolation_duration: 1 }
$data merge entity $(bone_segment15) { transformation: [-0.9728032924645663f,0.23129625104663515f,0.012481923804906356f,0.6205447612160586f,0.03712431602399456f,0.10249678057314812f,0.9940403387850468f,2.431305652811772f,0.22863844674474607f,0.9674690972966069f,-0.10829592072759726f,-7.318637842569629f,0f,0f,0f,1f], start_interpolation: 0, interpolation_duration: 1 }
$data merge entity $(bone_segment14) { transformation: [-0.9945574449314587f,0.1036044591013778f,-0.011027455994898478f,0.7267798022868073f,0.010591581552963178f,0.20582746874476102f,0.9785309762651009f,2.64235920963013f,0.103649925864013f,0.9730884693410127f,-0.20580457648932218f,-6.320842048811755f,0f,0f,0f,1f], start_interpolation: 0, interpolation_duration: 1 }
$data merge entity $(bone_segment13) { transformation: [-0.9997340403759948f,0.022506302227761975f,-0.005031388826293597f,0.7510793292019938f,-0.0016130598420477558f,0.14939319795076922f,0.9887765523332298f,2.7787004404367823f,0.023005359189429822f,0.9885216936244113f,-0.14931716137969686f,-5.2553081188900235f,0f,0f,0f,1f], start_interpolation: 0, interpolation_duration: 1 }
$data merge entity $(bone_segment12) { transformation: [-0.993978939190742f,-0.1095603213410007f,-0.0015506233920355057f,0.6226883276305086f,-0.0012420099903171942f,-0.0028850222993823393f,0.9999950670165908f,2.775319554929694f,-0.10956425446481725f,0.9939759617988698f,0.0027315763910336632f,-4.090492538656973f,0f,0f,0f,1f], start_interpolation: 0, interpolation_duration: 1 }
$data merge entity $(bone_segment11) { transformation: [-1.0178675036425495f,-0.187234287352208f,-0.020917183898834884f,0.4063090239310494f,0.011981509906747997f,-0.1790290898126231f,1.0194868759995297f,2.568422675392173f,-0.18801768630344698f,1.0022177251249536f,0.17820618114006048f,-2.932268921687407f,0f,0f,0f,1f], start_interpolation: 0, interpolation_duration: 1 }
$data merge entity $(bone_segment10) { transformation: [-0.9900630142943843f,-0.1354667896626704f,-0.03773561480627678f,0.2468370113603513f,0f,-0.26834325496713074f,0.9633233608262832f,2.2687478808878154f,-0.14062442080349302f,0.9537508303598667f,0.2656767318783238f,-1.8095098691757008f,0f,0f,0f,1f], start_interpolation: 0, interpolation_duration: 1 }