# This file was generated by Animated Java via MC-Build. It is not recommended to edit this file directly.
$data merge entity $(bone_neck_spine5) { transformation: [-1.3668247926720127f,0.010628262253288574f,-0.029642643857030394f,0.1306958713995623f,-0.014318308133237964f,0.9364823174885469f,0.9959907204586456f,2.84509573735038f,0.02804696678004722f,0.9960369316591656f,-0.936122566003877f,0.47605474591649716f,0f,0f,0f,1f], start_interpolation: 0, interpolation_duration: 1 }
$data merge entity $(bone_neck_spine2) { transformation: [-1.3017378977828689f,-0.012804950640071028f,-0.027119838852507912f,0.06405389721871459f,-0.013636483936417105f,1.3013950377072645f,0.04007504312165572f,3.6527707519361665f,0.0267113969333783f,0.04034843261461422f,-1.3011838886966958f,2.4010772236644495f,0f,0f,0f,1f], start_interpolation: 0, interpolation_duration: 1 }
$data merge entity $(bone_scale_neck_left1) { transformation: [-1.3857270746745132f,0.3591232985173948f,0.047437847535263714f,0.7545660876923654f,0.3513604111837016f,1.286892331148616f,0.5214531694087949f,2.877121601405844f,0.08812351768746463f,0.5161375813633835f,-1.3331525273341833f,2.333418141242487f,0f,0f,0f,1f], start_interpolation: 0, interpolation_duration: 1 }
$data merge entity $(bone_scale_neck_right1) { transformation: [-1.380513885286454f,-0.36451904806168794f,-0.11298979836373142f,-0.6122587049796471f,-0.3803384416144165f,1.279311744264233f,0.5197725937568262f,2.862803293272606f,-0.031360815748205456f,0.5309865751509941f,-1.3298605846658518f,2.3614651080225344f,0f,0f,0f,1f], start_interpolation: 0, interpolation_duration: 1 }
$data merge entity $(bone_blush_right1) { transformation: [-0.9953192858546888f,-0.021843446413927305f,0.09414023079679432f,-0.5709367663570613f,0.00862680257605825f,0.9501502253626793f,0.31167311003768455f,2.4100482519201907f,-0.09625537638503902f,0.31102638648836656f,-0.9455144046628604f,3.4095145588021754f,0f,0f,0f,1f], start_interpolation: 0, interpolation_duration: 1 }
$data merge entity $(bone_blush_left1) { transformation: [-0.9953192858546888f,-0.021843446413927305f,0.09414023079679432f,0.5760131919520528f,0.00862680257605825f,0.9501502253626793f,0.31167311003768455f,2.400107209889186f,-0.09625537638503902f,0.31102638648836656f,-0.9455144046628604f,3.5204338401833724f,0f,0f,0f,1f], start_interpolation: 0, interpolation_duration: 1 }
$data merge entity $(bone_left_head_scales) { transformation: [-0.926328110044366f,-0.021843446413927305f,-0.3760838954148322f,0.6040444746360101f,-0.13626255900189752f,0.9501502253626793f,0.28044083913992146f,3.109674560448923f,0.3512104035416477f,0.31102638648836656f,-0.8831273064242221f,3.3956288239229107f,0f,0f,0f,1f], start_interpolation: 0, interpolation_duration: 1 }
$data merge entity $(bone_left_head_scales2) { transformation: [-0.869314445825818f,-0.021843446413927305f,-0.49377652650496895f,0.6073195942762666f,-0.1717016887960069f,0.9501502253626793f,0.2602557959159567f,2.321714456156153f,0.4634769944054933f,0.31102638648836656f,-0.8297298732508305f,3.291142546099411f,0f,0f,0f,1f], start_interpolation: 0, interpolation_duration: 1 }
$data merge entity $(bone_left_head_scales1) { transformation: [-0.9953192858546888f,-0.021843446413927305f,0.09414023079679432f,0.6061776236998702f,0.00862680257605825f,0.9501502253626793f,0.31167311003768455f,3.0168864525033485f,-0.09625537638503902f,0.31102638648836656f,-0.9455144046628604f,3.365255153367406f,0f,0f,0f,1f], start_interpolation: 0, interpolation_duration: 1 }
$data merge entity $(bone_right_head_scales) { transformation: [-0.8393898680042743f,-0.021843446413927305f,0.5430907045241414f,-0.5623453134749534f,0.15156669368320444f,0.9501502253626793f,0.2724740108876268f,3.1197840947177413f,-0.5219695267520013f,0.31102638648836656f,-0.7942357332998061f,3.282829554721693f,0f,0f,0f,1f], start_interpolation: 0, interpolation_duration: 1 }
$data merge entity $(bone_right_head_scales2) { transformation: [-0.7613212096304374f,-0.021843446413927305f,0.648006851519032f,-0.5590701938346969f,0.18583501472771818f,0.9501502253626793f,0.2503595345585977f,2.3318239904249713f,-0.6211725710847154f,0.31102638648836656f,-0.7193102417177117f,3.178343276898193f,0f,0f,0f,1f], start_interpolation: 0, interpolation_duration: 1 }
$data merge entity $(bone_right_head_scales1) { transformation: [-0.9953192858546888f,-0.021843446413927305f,0.09414023079679432f,-0.5602121644110933f,0.00862680257605825f,0.9501502253626793f,0.31167311003768455f,3.026995986772167f,-0.09625537638503902f,0.31102638648836656f,-0.9455144046628604f,3.2524558841661886f,0f,0f,0f,1f], start_interpolation: 0, interpolation_duration: 1 }
$data merge entity $(bone_head_left_fin1) { transformation: [-0.5651055933812604f,0.12880564596999153f,-0.8149016958477056f,0.6210719328797584f,-0.010636223089028174f,0.9865178613576853f,0.16330762376771735f,2.6917588675956323f,0.824950022175655f,0.10095352786560302f,-0.5561167558380838f,3.1821027381429934f,0f,0f,0f,1f], start_interpolation: 0, interpolation_duration: 1 }
$data merge entity $(bone_head_right_fin1) { transformation: [-0.3962989127121409f,-0.12880203274449173f,0.9090419177046025f,-0.5453178552312051f,0.018969073650321744f,0.9887506429564445f,0.14836556304636658f,2.7018684018644508f,-0.9179255667144386f,0.07604079440736794f,-0.389397549501628f,3.0693034689417757f,0f,0f,0f,1f], start_interpolation: 0, interpolation_duration: 1 }
$data merge entity $(bone_right_whisker16) { transformation: [-0.13332318184589143f,-0.4155326199754981f,0.8997541724931236f,-0.7447397359734567f,0.9897270303228147f,-0.10311539030917233f,0.09903343743286402f,1.5675057188956163f,0.05162687895727737f,0.9037144781498669f,0.4250115379039081f,1.4289299120517187f,0f,0f,0f,1f], start_interpolation: 0, interpolation_duration: 1 }
$data merge entity $(bone_right_whisker15) { transformation: [0.48117000461052084f,-0.236328132864492f,0.8441708596486225f,-0.8857075107616952f,0.3656449454164307f,0.9293146478131795f,0.05174996861139902f,1.4603831762931463f,-0.7967303185862371f,0.2837662752630212f,0.5335705206144964f,1.6623469975750305f,0f,0f,0f,1f], start_interpolation: 0, interpolation_duration: 1 }
$data merge entity $(bone_right_whisker14) { transformation: [0.7124103604487316f,-0.16422934071435383f,0.6822757521514573f,-1.0944214835494095f,-0.25050678164613005f,0.8486630549072184f,0.4658512333190123f,1.533773834978536f,-0.6555286650289265f,-0.5027919479109382f,0.5634557892517548f,1.8543964111577238f,0f,0f,0f,1f], start_interpolation: 0, interpolation_duration: 1 }
$data merge entity $(bone_right_whisker13) { transformation: [0.2630297916907044f,-0.38466244878869127f,0.8847881832252462f,-1.1714809928337955f,0.16342934275083998f,0.9215918340926039f,0.35207860097122895f,1.4858941447195009f,-0.9508449813777077f,0.05199319018599491f,0.30527123933169625f,2.132964276795724f,0f,0f,0f,1f], start_interpolation: 0, interpolation_duration: 1 }
$data merge entity $(bone_right_whisker12) { transformation: [-0.39646832866228127f,-0.2715029769087598f,0.8769828948716265f,-1.0166105519500919f,-0.3687749189678934f,0.921909186686718f,0.11869503209004527f,1.6299468474413343f,-0.8407246419059933f,-0.2763504749992567f,-0.46563128273315624f,2.4613723400402527f,0f,0f,0f,1f], start_interpolation: 0, interpolation_duration: 1 }
$data merge entity $(bone_right_whisker11) { transformation: [-0.8682229266922198f,-0.17925577395676687f,0.4626622062251858f,-0.6774609712109435f,-0.19955107961935103f,0.9798737724219521f,0.0051726919802992655f,1.7078964879176433f,-0.45427779627530473f,-0.08783369298129394f,-0.886519557702209f,2.638824604210294f,0f,0f,0f,1f], start_interpolation: 0, interpolation_duration: 1 }
$data merge entity $(bone_right_whisker10) { transformation: [-0.41713793956187517f,-0.5293877615528878f,0.7387452451935618f,-0.514516463569586f,-0.5253539038376303f,0.8037333105632252f,0.2793135177782114f,1.9131128566042175f,-0.7416193195303334f,-0.27159043320614296f,-0.6133835843012629f,2.9285196509018303f,0f,0f,0f,1f], start_interpolation: 0, interpolation_duration: 1 }
$data merge entity $(bone_right_whisker1) { transformation: [0.12086953937365015f,-0.5339015056534204f,0.8368630334245932f,-0.5617311273874181f,-0.7242775339215933f,0.5290794048096432f,0.44215046902918476f,2.19603376829234f,-0.6788317967715245f,-0.6595636176043096f,-0.3227432819202586f,3.1936883215157073f,0f,0f,0f,1f], start_interpolation: 0, interpolation_duration: 1 }
$data merge entity $(bone_left_whisker16) { transformation: [-0.13793705386341257f,0.23283965710841636f,-0.9626832621631669f,1.1115999966914882f,-0.9873759169329143f,-0.10873507407264849f,0.11517587563071702f,1.5514161317496762f,-0.07785992443079306f,0.9664172896549663f,0.24489886570496888f,1.6084528874482333f,0f,0f,0f,1f], start_interpolation: 0, interpolation_duration: 1 }
$data merge entity $(bone_left_whisker15) { transformation: [0.3132418178759313f,0.19350036695489004f,-0.9297511341870492f,1.2033700605223274f,-0.3725304082564202f,0.9255891642802035f,0.06712521054997672f,1.4422763637058031f,0.8735563281541074f,0.325334146617592f,0.3620180031248674f,1.864377592962132f,0f,0f,0f,1f], start_interpolation: 0, interpolation_duration: 1 }
$data merge entity $(bone_left_whisker14) { transformation: [0.5777995064518577f,0.27207545115044457f,-0.7694950807024508f,1.3726472596781452f,0.2393240526850651f,0.8448814389414696f,0.47843427128351435f,1.5123908322658808f,0.7803023312475657f,-0.46059776705220074f,0.4230578788252748f,2.0929817915698172f,0f,0f,0f,1f], start_interpolation: 0, interpolation_duration: 1 }
$data merge entity $(bone_left_whisker13) { transformation: [0.07311901286339328f,0.38334128098367226f,-0.9207079190773151f,1.3940688454779675f,-0.16634286950981964f,0.9149352600177499f,0.36772750745557603f,1.4636575697141758f,0.9833532731023586f,0.12626532489186768f,0.13066525172680388f,2.381073570799024f,0f,0f,0f,1f], start_interpolation: 0, interpolation_duration: 1 }
$data merge entity $(bone_left_whisker12) { transformation: [-0.5438207336101766f,0.3352147887528221f,-0.7693439121076411f,1.1816388714114923f,0.3769247541212292f,0.9166505380720124f,0.1329643590701678f,1.610893801792781f,0.7497911305332571f,-0.21767598961229168f,-0.6248443199069424f,2.6739607311635774f,0f,0f,0f,1f], start_interpolation: 0, interpolation_duration: 1 }
$data merge entity $(bone_left_whisker11) { transformation: [-0.9356225136897313f,0.2095644543069733f,-0.28406557582348646f,0.816161327001441f,0.21518567920267517f,0.9765037228363773f,0.011644859500151955f,1.694950707731326f,0.2798314409479246f,-0.05023165115458006f,-0.9587341372243363f,2.7832698877838604f,0f,0f,0f,1f], start_interpolation: 0, interpolation_duration: 1 }
$data merge entity $(bone_left_whisker10) { transformation: [-0.5424258116495402f,0.5853410474689854f,-0.602619363283531f,0.6042762443258394f,0.5336707998914776f,0.7940715412215225f,0.29093962391751615f,1.9034158639389345f,0.6488217907865979f,-0.16378719598914432f,-0.7431043252669747f,3.036715899809875f,0f,0f,0f,1f], start_interpolation: 0, interpolation_duration: 1 }
$data merge entity $(bone_left_whisker1) { transformation: [0.0009789859781271781f,0.6593933018332037f,-0.7517975226641547f,0.6046586607235453f,0.7232214274165426f,0.5187366747274237f,0.4559199811571246f,2.1859242340235214f,0.6906155287220471f,-0.5441624167380915f,-0.4763795290498183f,3.306487590716925f,0f,0f,0f,1f], start_interpolation: 0, interpolation_duration: 1 }
$data merge entity $(bone_upper_left_tooth1) { transformation: [-0.9953192858546888f,-0.01355546376807496f,0.09568578059327426f,0.20636628589049677f,0.00862680257605825f,0.9736987182967853f,0.2276760511439674f,2.277071911398989f,-0.09625537638503902f,0.22743582696934345f,-0.9690241726230285f,4.13585705657245f,0f,0f,0f,1f], start_interpolation: 0, interpolation_duration: 1 }
$data merge entity $(bone_upper_right_tooth1) { transformation: [-0.9953192858546888f,-0.01355546376807496f,0.09568578059327426f,-0.3768286081649849f,0.00862680257605825f,0.9736987182967853f,0.2276760511439674f,2.2821266785333982f,-0.09625537638503902f,0.22743582696934345f,-0.9690241726230285f,4.079457421971842f,0f,0f,0f,1f], start_interpolation: 0, interpolation_duration: 1 }
$data merge entity $(bone_top_lip1) { transformation: [-0.9953192858546888f,0.019988495118549367f,0.09455146359844221f,-0.062387216182116706f,0.00862680257605825f,0.9928472960962682f,-0.11907906999822515f,2.3839852189775885f,-0.09625537638503902f,-0.11770601810113299f,-0.9883724985144771f,4.134438837102199f,0f,0f,0f,1f], start_interpolation: 0, interpolation_duration: 1 }
$data merge entity $(bone_muzzle1) { transformation: [-0.9953192858546888f,-0.01355546376807496f,0.09568578059327426f,-0.017651307264708635f,0.00862680257605825f,0.9736987182967853f,0.2276760511439674f,2.6377868140132343f,-0.09625537638503902f,0.22743582696934345f,-0.9690241726230285f,3.6945982977798235f,0f,0f,0f,1f], start_interpolation: 0, interpolation_duration: 1 }
$data merge entity $(bone_jaw_right_tooth1) { transformation: [-0.9953192858546888f,0.05112154649510695f,0.08201284466265289f,-0.37827631321988087f,0.00862680257605825f,0.8922438371210245f,-0.4514714978787292f,2.310099108879465f,-0.09625537638503902f,-0.44865078023279814f,-0.8885085142605419f,4.096934278420941f,0f,0f,0f,1f], start_interpolation: 0, interpolation_duration: 1 }
$data merge entity $(bone_jaw_left_tooth1) { transformation: [-0.9953192858546888f,0.05112154649510695f,0.08201284466265289f,0.25351815534022437f,0.00862680257605825f,0.8922438371210245f,-0.4514714978787292f,2.304623111150522f,-0.09625537638503902f,-0.44865078023279814f,-0.8885085142605419f,4.1580338825715994f,0f,0f,0f,1f], start_interpolation: 0, interpolation_duration: 1 }
$data merge entity $(bone_tongue1) { transformation: [-0.9953192858546888f,0.011671729822131237f,0.09593377887204792f,0.004567105003127604f,0.00862680257605825f,0.9994476371772234f,-0.03209359465965361f,2.277823089058107f,-0.09625537638503902f,-0.031115771946452014f,-0.9948701981932873f,3.4325895542879827f,0f,0f,0f,1f], start_interpolation: 0, interpolation_duration: 1 }
$data merge entity $(bone_jaw_lips1) { transformation: [-0.9953192858546888f,0.011671729822131237f,0.09593377887204792f,-0.023092371558879637f,0.00862680257605825f,0.9994476371772234f,-0.03209359465965361f,2.1902326370530125f,-0.09625537638503902f,-0.031115771946452014f,-0.9948701981932873f,4.218026303497628f,0f,0f,0f,1f], start_interpolation: 0, interpolation_duration: 1 }
$data merge entity $(bone_jaw3) { transformation: [-0.9953192858546888f,0.036103514313404694f,0.08964404865875703f,0.04429772980867472f,0.00862680257605825f,0.9570858512493475f,-0.2896761150243919f,1.8938238117300759f,-0.09625537638503902f,-0.28754688242534104f,-0.9529174638574116f,3.4946201873950637f,0f,0f,0f,1f], start_interpolation: 0, interpolation_duration: 1 }
$data merge entity $(bone_jaw1) { transformation: [-0.9953192858546888f,-0.03785887490394989f,0.08891695449529796f,0.11376410050812626f,0.00862680257605825f,0.8815938408776347f,0.4719299503145912f,2.2625190854133503f,-0.09625537638503902f,0.4704880501326531f,-0.877140751076672f,2.8093539756164136f,0f,0f,0f,1f], start_interpolation: 0, interpolation_duration: 1 }
$data merge entity $(bone_tear_right1) { transformation: [-0.9953192858546888f,-0.021843446413927305f,0.09414023079679432f,-0.5380772572983226f,0.00862680257605825f,0.9501502253626793f,0.31167311003768455f,2.70699225469826f,-0.09625537638503902f,0.31102638648836656f,-0.9455144046628604f,3.6036242272688135f,0f,0f,0f,1f], start_interpolation: 0, interpolation_duration: 1 }
$data merge entity $(bone_right_pupil1) { transformation: [-0.9953192858546888f,-0.021843446413927305f,0.09414023079679432f,-0.38534815068245165f,0.00862680257605825f,0.9501502253626793f,0.31167311003768455f,2.780128208086477f,-0.09625537638503902f,0.31102638648836656f,-0.9455144046628604f,3.704909001907895f,0f,0f,0f,1f], start_interpolation: 0, interpolation_duration: 1 }
$data merge entity $(bone_right_sad_pupil1) { transformation: [-0.9953192858546888f,-0.021843446413927305f,0.09414023079679432f,-0.3844288124910767f,0.00862680257605825f,0.9501502253626793f,0.31167311003768455f,2.7831718908016887f,-0.09625537638503902f,0.31102638648836656f,-0.9455144046628604f,3.695675462799859f,0f,0f,0f,1f], start_interpolation: 0, interpolation_duration: 1 }
$data merge entity $(bone_right_happy_pupil1) { transformation: [-0.9953192858546888f,-0.021843446413927305f,0.09414023079679432f,-0.4081950082662236f,0.00862680257605825f,0.9501502253626793f,0.31167311003768455f,2.7601857733386317f,-0.09625537638503902f,0.31102638648836656f,-0.9455144046628604f,3.6857321876615083f,0f,0f,0f,1f], start_interpolation: 0, interpolation_duration: 1 }
$data merge entity $(bone_eyelid_right1) { transformation: [-0.9953192858546888f,-0.021843446413927305f,0.09414023079679432f,0.03682170633247814f,0.00862680257605825f,0.9501502253626793f,0.31167311003768455f,2.8857184943157015f,-0.09625537638503902f,0.31102638648836656f,-0.9455144046628604f,3.2550014677355152f,0f,0f,0f,1f], start_interpolation: 0, interpolation_duration: 1 }
$data merge entity $(bone_eyelid_expressions_right5) { transformation: [-0.9953192858546888f,-0.021843446413927305f,0.09414023079679432f,-0.4983406718782939f,0.00862680257605825f,0.9501502253626793f,0.31167311003768455f,2.8769288264188155f,-0.09625537638503902f,0.31102638648836656f,-0.9455144046628604f,3.715239233470052f,0f,0f,0f,1f], start_interpolation: 0, interpolation_duration: 1 }
$data merge entity $(bone_eyelid_expressions_right7) { transformation: [-0.9953192858546888f,-0.021843446413927305f,0.09414023079679432f,-0.2067432248505531f,0.00862680257605825f,0.9501502253626793f,0.31167311003768455f,2.874401442851611f,-0.09625537638503902f,0.31102638648836656f,-0.9455144046628604f,3.7434390507703563f,0f,0f,0f,1f], start_interpolation: 0, interpolation_duration: 1 }
$data merge entity $(bone_eyelid_expressions_right6) { transformation: [-0.9953192858546888f,-0.021843446413927305f,0.09414023079679432f,-0.30394237385980005f,0.00862680257605825f,0.9501502253626793f,0.31167311003768455f,2.8752439040406794f,-0.09625537638503902f,0.31102638648836656f,-0.9455144046628604f,3.734039111670255f,0f,0f,0f,1f], start_interpolation: 0, interpolation_duration: 1 }
$data merge entity $(bone_right_eye1) { transformation: [-0.9953192858546888f,-0.021843446413927305f,0.09414023079679432f,0.026182453240178497f,0.00862680257605825f,0.9501502253626793f,0.31167311003768455f,2.8827590577193964f,-0.09625537638503902f,0.31102638648836656f,-0.9455144046628604f,3.2632950129335407f,0f,0f,0f,1f], start_interpolation: 0, interpolation_duration: 1 }
$data merge entity $(bone_tear_left1) { transformation: [-0.9953192858546888f,-0.021843446413927305f,0.09414023079679432f,0.5116735520015445f,0.00862680257605825f,0.9501502253626793f,0.31167311003768455f,2.6978936738563237f,-0.09625537638503902f,0.31102638648836656f,-0.9455144046628604f,3.705143569549909f,0f,0f,0f,1f], start_interpolation: 0, interpolation_duration: 1 }
$data merge entity $(bone_left_sad_pupil1) { transformation: [-0.9953192858546888f,-0.021843446413927305f,0.09414023079679432f,0.3445648050782754f,0.00862680257605825f,0.9501502253626793f,0.31167311003768455f,2.7768534318836773f,-0.09625537638503902f,0.31102638648836656f,-0.9455144046628604f,3.76617500605062f,0f,0f,0f,1f], start_interpolation: 0, interpolation_duration: 1 }
$data merge entity $(bone_left_pupil1) { transformation: [-0.9953192858546888f,-0.021843446413927305f,0.09414023079679432f,0.34364546688690045f,0.00862680257605825f,0.9501502253626793f,0.31167311003768455f,2.7738097491684655f,-0.09625537638503902f,0.31102638648836656f,-0.9455144046628604f,3.7754085451586556f,0f,0f,0f,1f], start_interpolation: 0, interpolation_duration: 1 }
$data merge entity $(bone_eyelid_left1) { transformation: [-0.9953192858546888f,-0.021843446413927305f,0.09414023079679432f,0.017381876530628747f,0.00862680257605825f,0.9501502253626793f,0.31167311003768455f,2.885886986553515f,-0.09625537638503902f,0.31102638648836656f,-0.9455144046628604f,3.253121479915495f,0f,0f,0f,1f], start_interpolation: 0, interpolation_duration: 1 }
$data merge entity $(bone_left_happy_pupil1) { transformation: [-0.9953192858546888f,-0.021843446413927305f,0.09414023079679432f,0.36939818380775197f,0.00862680257605825f,0.9501502253626793f,0.31167311003768455f,2.7534460838260864f,-0.09625537638503902f,0.31102638648836656f,-0.9455144046628604f,3.76093170046232f,0f,0f,0f,1f], start_interpolation: 0, interpolation_duration: 1 }
$data merge entity $(bone_eyelid_expressions_left5) { transformation: [-0.9953192858546888f,-0.021843446413927305f,0.09414023079679432f,0.4542109884123261f,0.00862680257605825f,0.9501502253626793f,0.31167311003768455f,2.868672706765947f,-0.09625537638503902f,0.31102638648836656f,-0.9455144046628604f,3.8073586366510463f,0f,0f,0f,1f], start_interpolation: 0, interpolation_duration: 1 }
$data merge entity $(bone_eyelid_expressions_left7) { transformation: [-0.9953192858546888f,-0.021843446413927305f,0.09414023079679432f,0.16261354138458525f,0.00862680257605825f,0.9501502253626793f,0.31167311003768455f,2.871200090333152f,-0.09625537638503902f,0.31102638648836656f,-0.9455144046628604f,3.779158819350742f,0f,0f,0f,1f], start_interpolation: 0, interpolation_duration: 1 }
$data merge entity $(bone_eyelid_expressions_left6) { transformation: [-0.9953192858546888f,-0.021843446413927305f,0.09414023079679432f,0.2598126903938322f,0.00862680257605825f,0.9501502253626793f,0.31167311003768455f,2.8703576291440838f,-0.09625537638503902f,0.31102638648836656f,-0.9455144046628604f,3.7885587584508436f,0f,0f,0f,1f], start_interpolation: 0, interpolation_duration: 1 }
$data merge entity $(bone_left_eye1) { transformation: [-0.9953192858546888f,-0.021843446413927305f,0.09414023079679432f,0.026182453240178497f,0.00862680257605825f,0.9501502253626793f,0.31167311003768455f,2.8827590577193964f,-0.09625537638503902f,0.31102638648836656f,-0.9455144046628604f,3.2632950129335407f,0f,0f,0f,1f], start_interpolation: 0, interpolation_duration: 1 }
$data merge entity $(bone_crest_middle5) { transformation: [-0.9953192858546888f,-0.0009499943059533902f,0.09663651854516733f,-0.03916540231867288f,0.00862680257605825f,0.995086278797133f,0.09863506489574328f,3.898441923353527f,-0.09625537638503902f,0.0990070465193888f,-0.9904203689628368f,4.030047783121175f,0f,0f,0f,1f], start_interpolation: 0, interpolation_duration: 1 }
$data merge entity $(bone_crest_middle4) { transformation: [-0.9953192858546888f,-0.0009499943059533902f,0.09663651854516733f,-0.038608765030028316f,0.00862680257605825f,0.995086278797133f,0.09863506489574328f,3.315383556870832f,-0.09625537638503902f,0.0990070465193888f,-0.9904203689628368f,3.9720358418012203f,0f,0f,0f,1f], start_interpolation: 0, interpolation_duration: 1 }
$data merge entity $(bone_crest_middle1) { transformation: [-0.9953192858546888f,-0.0009499943059533902f,0.09663651854516733f,-0.04526918727308932f,0.00862680257605825f,0.995086278797133f,0.09863506489574328f,2.8708655032681842f,-0.09625537638503902f,0.0990070465193888f,-0.9904203689628368f,4.001067749685015f,0f,0f,0f,1f], start_interpolation: 0, interpolation_duration: 1 }
$data merge entity $(bone_crest_left5) { transformation: [-0.5163620866171862f,-0.8316105158781776f,0.20443616457265112f,-0.991017997546596f,-0.7967133946626679f,0.554042844953848f,0.24142140070949292f,3.350090848673819f,-0.3140349698193384f,-0.038216172444095156f,-0.948641956638167f,3.8454149939625033f,0f,0f,0f,1f], start_interpolation: 0, interpolation_duration: 1 }
$data merge entity $(bone_crest_left4) { transformation: [-0.5163620866171862f,-0.8316105158781776f,0.20443616457265112f,-0.5849581753404547f,-0.7967133946626679f,0.554042844953848f,0.24142140070949292f,3.079562115786198f,-0.3140349698193384f,-0.038216172444095156f,-0.948641956638167f,3.8640752344137215f,0f,0f,0f,1f], start_interpolation: 0, interpolation_duration: 1 }
$data merge entity $(bone_crest_left1) { transformation: [-0.5163620866171862f,-0.8316105158781776f,0.20443616457265112f,-0.1283101363154252f,-0.7967133946626679f,0.554042844953848f,0.24142140070949292f,2.793768663941333f,-0.3140349698193384f,-0.038216172444095156f,-0.948641956638167f,3.8382810908710887f,0f,0f,0f,1f], start_interpolation: 0, interpolation_duration: 1 }
$data merge entity $(bone_crest_center1) { transformation: [-0.9953192858546888f,-0.021843446413927305f,0.09414023079679432f,-0.030577706866290244f,0.00862680257605825f,0.9501502253626793f,0.31167311003768455f,2.7697294726878168f,-0.09625537638503902f,0.31102638648836656f,-0.9455144046628604f,3.84008770952806f,0f,0f,0f,1f], start_interpolation: 0, interpolation_duration: 1 }
$data merge entity $(bone_crest_right5) { transformation: [-0.5532072383223431f,0.832913911537818f,-0.014702633591894693f,0.9208681800568809f,0.8059837499534708f,0.5396157924266647f,0.24332075820752114f,3.3335198198225933f,0.21059901775342327f,0.12275672091789422f,-0.9698344400931425f,4.030309757126415f,0f,0f,0f,1f], start_interpolation: 0, interpolation_duration: 1 }
$data merge entity $(bone_crest_right4) { transformation: [-0.5532072383223431f,0.832913911537818f,-0.014702633591894693f,0.5141719341888057f,0.8059837499534708f,0.5396157924266647f,0.24332075820752114f,3.070035546176761f,0.21059901775342327f,0.12275672091789422f,-0.9698344400931425f,3.970369951990724f,0f,0f,0f,1f], start_interpolation: 0, interpolation_duration: 1 }
$data merge entity $(bone_crest_right1) { transformation: [-0.5532072383223431f,0.832913911537818f,-0.014702633591894693f,0.06608816170306869f,0.8059837499534708f,0.5396157924266647f,0.24332075820752114f,2.792083741563197f,0.21059901775342327f,0.12275672091789422f,-0.9698344400931425f,3.8570809690712915f,0f,0f,0f,1f], start_interpolation: 0, interpolation_duration: 1 }
$data merge entity $(bone_head1) { transformation: [-0.9953192858546888f,-0.021843446413927305f,0.09414023079679432f,0.07781262829773049f,0.00862680257605825f,0.9501502253626793f,0.31167311003768455f,3.0037675530832564f,-0.09625537638503902f,0.31102638648836656f,-0.9455144046628604f,2.7402635267138225f,0f,0f,0f,1f], start_interpolation: 0, interpolation_duration: 1 }
$data merge entity $(bone_neck10) { transformation: [-1.3017378977828689f,-0.009155553213204435f,-0.02855920632021897f,0.0602108597585358f,-0.013636483936417105f,1.2850305799705195f,0.20959833441829911f,2.767597192365139f,0.0267113969333783f,0.2098418245499058f,-1.284785552879498f,1.7619012729222086f,0f,0f,0f,1f], start_interpolation: 0, interpolation_duration: 1 }
$data merge entity $(bone_neck9) { transformation: [-0.9997347054972434f,0.013120507447892397f,-0.01893068695661666f,0.04514557115722478f,-0.010472819663168337f,0.47308148233153663f,0.8809564297530827f,2.2762851481562763f,0.020514352844834535f,0.8809209745256978f,-0.4728185677065273f,0.77689753172485f,0f,0f,0f,1f], start_interpolation: 0, interpolation_duration: 1 }
$data merge entity $(bone_neck8) { transformation: [-0.9997347054972434f,0.01745200742273749f,-0.015031502295390554f,0.028220783885378936f,-0.010472819663168337f,0.2368216645884374f,0.9714966902825062f,2.1040139110030633f,0.020514352844834535f,0.9713963797639343f,-0.23657606537618994f,-0.13585184722490307f,0f,0f,0f,1f], start_interpolation: 0, interpolation_duration: 1 }
$data merge entity $(bone_neck7) { transformation: [-0.9986829007421745f,-0.04992583949388321f,-0.011826847256426111f,0.07453870138458699f,-0.015132773938447655f,0.06636698493782303f,0.9976805212407377f,2.0424429777111377f,-0.049025125375909626f,0.9965454499726006f,-0.06703508947396558f,-1.0603813174143273f,0f,0f,0f,1f], start_interpolation: 0, interpolation_duration: 1 }
$data merge entity $(bone_neck6) { transformation: [-0.9850504854501942f,-0.16825074177724955f,0.03697605990018093f,0.2151063273148795f,0.07156471735516524f,-0.2044365423669121f,0.9762603092285053f,2.227794636934053f,-0.15669726335903822f,0.9643118728069601f,0.21342113208237168f,-1.8593842251469563f,0f,0f,0f,1f], start_interpolation: 0, interpolation_duration: 1 }
$data merge entity $(bone_neck_spine6) { transformation: [-1.1066403335826809f,-0.015716563058967407f,0.006468326753326209f,0.7492424031050879f,0.0016420620615047404f,0.3203800499658142f,1.0593845405391988f,3.559609145940221f,-0.016916064482037835f,1.0592692248653677f,-0.3203189559375525f,-5.127753636553698f,0f,0f,0f,1f], start_interpolation: 0, interpolation_duration: 1 }
$data merge entity $(bone_neck_spine7) { transformation: [-0.9804590433519434f,0.19329318387558034f,-0.03657607656150551f,0.5656724477442365f,0.038226700928021246f,0.36958047144234524f,0.9284120822482941f,2.847223365165792f,0.1929735309454424f,0.9088718392577111f,-0.3697474762033589f,-8.121666181543622f,0f,0f,0f,1f], start_interpolation: 0, interpolation_duration: 1 }
$data merge entity $(bone_tail6) { transformation: [-1.3403241348778143f,0.6475112768348211f,0.1626488288301056f,-0.5134935120111599f,-0.07653504223055203f,-0.5114160524608358f,1.4052723189048342f,3.559835896268077f,0.6632253632505566f,1.249550739002279f,0.49086591843807165f,-10.953371020616666f,0f,0f,0f,1f], start_interpolation: 0, interpolation_duration: 1 }
$data merge entity $(bone_tail5) { transformation: [-1.1072242853338468f,0.5034425480178869f,0.22520533204071969f,-0.19552979747354687f,-0.06322460010349952f,-0.6176399976024681f,1.0698789380442706f,3.169747476729676f,0.5478818218156772f,0.9461415818862637f,0.578583680306534f,-10.355807916267446f,0f,0f,0f,1f], start_interpolation: 0, interpolation_duration: 1 }
$data merge entity $(bone_tail4) { transformation: [-0.884905176159512f,0.4119176277783609f,0.21740905485179488f,-0.03462447412262465f,-0.04346579308893304f,-0.5377666431946218f,0.8419725424848118f,2.959682381731777f,0.4637386699826239f,0.7356160040351459f,0.49377681250754457f,-10.068457914691217f,0f,0f,0f,1f], start_interpolation: 0, interpolation_duration: 1 }
$data merge entity $(bone_segment18) { transformation: [-0.9311007291686607f,0.29289031225023077f,0.21740905485179488f,0.10838837365580833f,0.027098695035593146f,-0.5388393994772742f,0.8419725424848118f,2.696577206205764f,0.3637541654317601f,0.7898527499230047f,0.49377681250754457f,-9.682787626642876f,0f,0f,0f,1f], start_interpolation: 0, interpolation_duration: 1 }
$data merge entity $(bone_segment17) { transformation: [-0.9470649660466768f,0.28881641446428963f,0.1401892607263432f,0.29171910549349217f,0.04335528344083944f,-0.3176105584664363f,0.947229566973288f,2.4949689415542173f,0.3181010365980774f,0.9031658828181177f,0.2882761152586153f,-9.109488970557157f,0f,0f,0f,1f], start_interpolation: 0, interpolation_duration: 1 }
$data merge entity $(bone_segment16) { transformation: [-0.9618550041272044f,0.2654183346523728f,0.06624242345971926f,0.5120370590623563f,0.047343695173099345f,-0.0769862206998799f,0.9959074737894609f,2.431064363824825f,0.26943185699321515f,0.9610547484158799f,0.06148369689988721f,-8.311738446969757f,0f,0f,0f,1f], start_interpolation: 0, interpolation_duration: 1 }
$data merge entity $(bone_segment15) { transformation: [-0.9804590433519434f,0.1961734635603103f,0.014698180300419224f,0.7131914894708776f,0.038226700928021246f,0.11669659366910431f,0.9924316723896851f,2.550723956942559f,0.1929735309454424f,0.9736004710458902f,-0.12191529491277459f,-7.313417651463718f,0f,0f,0f,1f], start_interpolation: 0, interpolation_duration: 1 }
$data merge entity $(bone_segment14) { transformation: [-0.998666700820381f,0.05161424477241982f,-0.0008890495533798856f,0.7661162521769721f,0.009383609519299058f,0.1984418679605594f,0.9800677389408923f,2.7542043879568046f,0.05076188082532945f,0.978752672934739f,-0.1986616134993835f,-6.309813836442746f,0f,0f,0f,1f], start_interpolation: 0, interpolation_duration: 1 }
$data merge entity $(bone_segment13) { transformation: [-0.9998820896370574f,-0.014999497460958008f,0.0032896654769527093f,0.7499231976932956f,0.0014836513685125181f,0.11886160914397867f,0.9929097223062732f,2.8576471074214833f,-0.015284161790829476f,0.9927975286772336f,-0.11882534010356968f,-5.2404311440370455f,0f,0f,0f,1f], start_interpolation: 0, interpolation_duration: 1 }
$data merge entity $(bone_segment12) { transformation: [-0.9902516340721771f,-0.13928749054110215f,0.0008343836920547687f,0.5866956697154415f,0.006731145236554187f,-0.041869477684775f,0.9991004146341889f,2.8085813132596376f,-0.1391272543435958f,0.9893664345515094f,0.04239888302356426f,-4.081017353546995f,0f,0f,0f,1f], start_interpolation: 0, interpolation_duration: 1 }
$data merge entity $(bone_segment11) { transformation: [-1.0157783536321536f,-0.19802416932061162f,-0.023004924935665947f,0.35784692369140053f,0.01861943385806878f,-0.2131687864106735f,1.012798522459955f,2.562230528762386f,-0.1984845457188516f,0.9934253664866549f,0.21274018954043145f,-2.9329547197335333f,0f,0f,0f,1f], start_interpolation: 0, interpolation_duration: 1 }
$data merge entity $(bone_segment10) { transformation: [-0.9912764768656018f,-0.1263740399328363f,-0.03742390204099319f,0.20904422451923305f,0f,-0.2839470280053946f,0.9588399685489248f,2.2441847765410508f,-0.1317988862355064f,0.9504755059011027f,0.28147000953764595f,-1.813790365644017f,0f,0f,0f,1f], start_interpolation: 0, interpolation_duration: 1 }