# This file was generated by Animated Java via MC-Build. It is not recommended to edit this file directly.
$data merge entity $(bone_neck_spine5) { transformation: [-1.5712817440439732f,0.010212395848775074f,-0.054667937237473326f,0.14169056521651557f,-0.032094784319428186f,1.0956748981962572f,1.1271582133129106f,3.2557991369241543f,0.045418071406234134f,1.1275688094259662f,-1.0947807882658924f,0.5497552983434767f,0f,0f,0f,1f], start_interpolation: 0, interpolation_duration: 1 }
$data merge entity $(bone_neck_spine2) { transformation: [-1.4964588038514026f,-0.029937918835493092f,-0.04369268903897918f,0.07192792294153222f,-0.030566461256598267f,1.4969336824705954f,0.02120196725068432f,4.198343864444293f,0.04325530610117535f,0.02208060200378685f,-1.4966080673286748f,2.6900223812715245f,0f,0f,0f,1f], start_interpolation: 0, interpolation_duration: 1 }
$data merge entity $(bone_scale_neck_left1) { transformation: [-1.5968418017299277f,0.402314246378382f,0.035980386971040855f,0.8746125543947281f,0.3892671126452556f,1.4936350719782674f,0.5749612748759468f,3.3134022855435163f,0.10780749555767066f,0.5659086496557043f,-1.5431072629548837f,2.620272628292599f,0f,0f,0f,1f], start_interpolation: 0, interpolation_duration: 1 }
$data merge entity $(bone_scale_neck_right1) { transformation: [-1.5831882528290486f,-0.4295743866731427f,-0.14844488288981333f,-0.6966691896492445f,-0.454221968206483f,1.4766430294265243f,0.5711942297348236f,3.281307501224088f,-0.015888377525909048f,0.589954481971383f,-1.5377764302716905f,2.665690699698833f,0f,0f,0f,1f], start_interpolation: 0, interpolation_duration: 1 }
$data merge entity $(bone_blush_right1) { transformation: [-0.9947593646841463f,-0.030178457251991017f,0.09768862314048479f,-0.6473437666625234f,-0.0011091983231584675f,0.9585764260276081f,0.28483329360034004f,2.793281535398526f,-0.10223784060842549f,0.28323223012578796f,-0.9535863504506022f,3.8768347632670417f,0f,0f,0f,1f], start_interpolation: 0, interpolation_duration: 1 }
$data merge entity $(bone_blush_left1) { transformation: [-0.9947593646841463f,-0.030178457251991017f,0.09768862314048479f,0.6709066804823852f,-0.0011091983231584675f,0.9585764260276081f,0.28483329360034004f,2.7947514398170084f,-0.10223784060842549f,0.28323223012578796f,-0.9535863504506022f,4.012319870401449f,0f,0f,0f,1f], start_interpolation: 0, interpolation_duration: 1 }
$data merge entity $(bone_left_head_scales) { transformation: [-0.9274699191442818f,-0.030178457251991017f,-0.37267789014159314f,0.6984467260996213f,-0.13250524925190896f,0.9585764260276081f,0.25213804628581366f,3.6064643645342844f,0.3496311027400009f,0.28323223012578796f,-0.8930496043416534f,3.8453992855671286f,0f,0f,0f,1f], start_interpolation: 0, interpolation_duration: 1 }
$data merge entity $(bone_left_head_scales2) { transformation: [-0.8708910594895967f,-0.030178457251991017f,-0.49054869607305823f,0.709103848345811f,-0.16428226757135142f,0.9585764260276081f,0.23268556471288135f,2.6972611857340323f,0.46320632450637234f,0.28323223012578796f,-0.8397734246540968f,3.7515711544509216f,0f,0f,0f,1f], start_interpolation: 0, interpolation_duration: 1 }
$data merge entity $(bone_left_head_scales1) { transformation: [-0.9947593646841463f,-0.030178457251991017f,0.09768862314048479f,0.7018359083105383f,-0.0011091983231584675f,0.9585764260276081f,0.28483329360034004f,3.498811738564387f,-0.10223784060842549f,0.28323223012578796f,-0.9535863504506022f,3.813590978472924f,0f,0f,0f,1f], start_interpolation: 0, interpolation_duration: 1 }
$data merge entity $(bone_right_head_scales) { transformation: [-0.8372547466163643f,-0.030178457251991017f,0.5459796241493426f,-0.6421469489629977f,0.13053750739433959f,0.9585764260276081f,0.2531623878608557f,3.6049695464815903f,-0.5310032471008443f,0.28323223012578796f,-0.7986332420994835f,3.70761782068468f,0f,0f,0f,1f], start_interpolation: 0, interpolation_duration: 1 }
$data merge entity $(bone_right_head_scales2) { transformation: [-0.7588272748236775f,-0.030178457251991017f,0.6505923667716683f,-0.6314898267168081f,0.16246506342347708f,0.9585764260276081f,0.23395798475568894f,2.695766367681338f,-0.63070299678254f,0.28323223012578796f,-0.7224909921012829f,3.613789689568473f,0f,0f,0f,1f], start_interpolation: 0, interpolation_duration: 1 }
$data merge entity $(bone_right_head_scales1) { transformation: [-0.9947593646841463f,-0.030178457251991017f,0.09768862314048479f,-0.6387577667520807f,-0.0011091983231584675f,0.9585764260276081f,0.28483329360034004f,3.4973169205116927f,-0.10223784060842549f,0.28323223012578796f,-0.9535863504506022f,3.6758095135904756f,0f,0f,0f,1f], start_interpolation: 0, interpolation_duration: 1 }
$data merge entity $(bone_head_left_fin1) { transformation: [-0.5974197652212232f,0.12732996834838542f,-0.8517933442499956f,0.7227734633698178f,0.009742235825609132f,1.037591435569657f,0.14827103459135252f,3.119105718824246f,0.8612025957864446f,0.07659170985211786f,-0.5925698245926737f,3.613991108532619f,0f,0f,0f,1f], start_interpolation: 0, interpolation_duration: 1 }
$data merge entity $(bone_head_right_fin1) { transformation: [-0.40973550741198306f,-0.14253659691492207f,0.954188309785302f,-0.6178202116928012f,-0.010865256104910194f,1.0372905230552403f,0.15028477971748858f,3.117610900771552f,-0.9647144438645008f,0.04885578107934f,-0.40695743325255523f,3.4762096436501704f,0f,0f,0f,1f], start_interpolation: 0, interpolation_duration: 1 }
$data merge entity $(bone_right_whisker16) { transformation: [-0.14036631954225545f,-0.4202369342927382f,0.8964921725226624f,-0.8269426634837963f,0.9898517893241912f,-0.07982068906166254f,0.11756739671107516f,1.757486648793473f,0.022152460582505393f,0.9038968838611864f,0.4271764176966912f,1.627073125698575f,0f,0f,0f,1f], start_interpolation: 0, interpolation_duration: 1 }
$data merge entity $(bone_right_whisker15) { transformation: [0.48344206855451244f,-0.24434884755810704f,0.8405815885735066f,-0.9898210947839006f,0.3457876724443002f,0.9354642682088244f,0.07305811720871525f,1.6409859193078447f,-0.8041857073694408f,0.2553433837042859f,0.5367356001432718f,1.8980145993728497f,0f,0f,0f,1f], start_interpolation: 0, interpolation_duration: 1 }
$data merge entity $(bone_right_whisker14) { transformation: [0.71802071716159f,-0.16698347013001855f,0.6756942876997659f,-1.231732371561975f,-0.26439134905328543f,0.832592301608869f,0.4867106674888382f,1.7300630828072425f,-0.643850498386497f,-0.5281160667930713f,0.5536695365671438f,2.114936886426894f,0f,0f,0f,1f], start_interpolation: 0, interpolation_duration: 1 }
$data merge entity $(bone_right_whisker13) { transformation: [0.2676125722396773f,-0.3912335174798468f,0.880522484653067f,-1.3218948104513195f,0.1376797612200929f,0.9200031179372993f,0.3669312555997736f,1.683676835130551f,-0.9536392370963153f,0.023034708289767183f,0.3000693381276458f,2.436231355956414f,0f,0f,0f,1f], start_interpolation: 0, interpolation_duration: 1 }
$data merge entity $(bone_right_whisker12) { transformation: [-0.38889561378036586f,-0.2761103587688698f,0.8789330300784692f,-1.1471956089484208f,-0.3957053960032775f,0.9116094075642538f,0.11129028535429222f,1.8614351184913984f,-0.8319720194551509f,-0.3045182388969117f,-0.4637792589398988f,2.8099687865710323f,0f,0f,0f,1f], start_interpolation: 0, interpolation_duration: 1 }
$data merge entity $(bone_right_whisker11) { transformation: [-0.8641021892452136f,-0.18539297838149707f,0.4679282531633107f,-0.7590247036234223f,-0.21866725298781392f,0.9756469631636935f,-0.017252122774492312f,1.959664548544518f,-0.4533343567527094f,-0.11722818277317357f,-0.8835980501061027f,3.0136150796435386f,0f,0f,0f,1f], start_interpolation: 0, interpolation_duration: 1 }
$data merge entity $(bone_right_whisker10) { transformation: [-0.40909303386310863f,-0.5332084590057612f,0.7404941788355798f,-0.5752524423177291f,-0.5494916235189884f,0.7918236770564477f,0.2665974871135752f,2.2065064887971886f,-0.728492858803121f,-0.2978321737111493f,-0.6169231321447981f,3.340867731059003f,0f,0f,0f,1f], start_interpolation: 0, interpolation_duration: 1 }
$data merge entity $(bone_right_whisker1) { transformation: [0.12986989483193687f,-0.5335236024913905f,0.8357549736621082f,-0.6335924341367632f,-0.7427552228430371f,0.5060338229774591f,0.43845689519291164f,2.540166061558709f,-0.6568473866551743f,-0.6777037225716166f,-0.33055888288902696f,3.635935893033007f,0f,0f,0f,1f], start_interpolation: 0, interpolation_duration: 1 }
$data merge entity $(bone_left_whisker16) { transformation: [-0.13074131754783302f,0.22777059816149647f,-0.9648975398968592f,1.3066470933405396f,-0.9901540856856346f,-0.079098133543303f,0.11549186928096582f,1.7598656906648997f,-0.05001594231745158f,0.9704968005527483f,0.2358693825636919f,1.846355916317226f,0f,0f,0f,1f], start_interpolation: 0, interpolation_duration: 1 }
$data merge entity $(bone_left_whisker15) { transformation: [0.31052285412414843f,0.185237850379033f,-0.9323424777695952f,1.4112666096226014f,-0.34490236832739807f,0.9359432753555974f,0.07108123267634453f,1.6436632325858447f,0.8857866071400862f,0.2994947814296469f,0.354520750461328f,2.144789880636884f,0f,0f,0f,1f], start_interpolation: 0, interpolation_duration: 1 }
$data merge entity $(bone_left_whisker14) { transformation: [0.5714633365962347f,0.26907587658642795f,-0.7752598451909812f,1.6038006439250436f,0.26582917773924286f,0.8330785260299167f,0.48509279290698565f,1.7332248207890075f,0.77637909759909f,-0.4832994331747834f,0.40454561510929277f,2.406362916449077f,0f,0f,0f,1f], start_interpolation: 0, interpolation_duration: 1 }
$data merge entity $(bone_left_whisker13) { transformation: [0.0683471303500583f,0.37633816847153734f,-0.9239579280055998f,1.6268277532714988f,-0.13730515209150262f,0.9208589924906707f,0.3649191844206008f,1.686964784195679f,0.9881679841919803f,0.10192300476612681f,0.11461123905360471f,2.739290606435633f,0f,0f,0f,1f], start_interpolation: 0, interpolation_duration: 1 }
$data merge entity $(bone_left_whisker12) { transformation: [-0.5508644848119162f,0.3302660951886529f,-0.7664676286326397f,1.3793690979848958f,0.3946575241635781f,0.9122855426877929f,0.10945559475839557f,1.8642523438785363f,0.73538680841716f,-0.24219701685132086f,-0.6328877049163969f,3.069640149279279f,0f,0f,0f,1f], start_interpolation: 0, interpolation_duration: 1 }
$data merge entity $(bone_left_whisker11) { transformation: [-0.9387284900798482f,0.20320851738058848f,-0.2783794539408253f,0.9576746590818388f,0.2166570213303508f,0.9760802700947753f,-0.018084287101533286f,1.96157874017928f,0.268045811421609f,-0.0772890988153816f,-0.9603009102274336f,3.1900513536288297f,0f,0f,0f,1f], start_interpolation: 0, interpolation_duration: 1 }
$data merge entity $(bone_left_whisker10) { transformation: [-0.5499309106084755f,0.5808932545016823f,-0.6001158391775518f,0.7106353828319378f,0.548422271684925f,0.7930659470931242f,0.26510265083780743f,2.207940307537742f,0.6299277779851269f,-0.1833287496159018f,-0.7547062766977566f,3.473026722645586f,0f,0f,0f,1f], start_interpolation: 0, interpolation_duration: 1 }
$data merge entity $(bone_left_whisker1) { transformation: [-0.00808991589527823f,0.6590999118384488f,-0.7520118745574147f,0.7070012409258558f,0.7428910126161484f,0.5073636481082575f,0.43668646870773764f,2.5416608796114026f,0.6693635011224924f,-0.5551301061848739f,-0.4937439301623967f,3.7737173579154555f,0f,0f,0f,1f], start_interpolation: 0, interpolation_duration: 1 }
$data merge entity $(bone_upper_left_tooth1) { transformation: [-0.9947593646841463f,-0.02154949460321682f,0.0999471142932093f,0.24254623809548861f,-0.0011091983231584675f,0.9797536105874369f,0.20020397653383648f,2.6708351314772796f,-0.10223784060842549f,0.19904391933246024f,-0.974642981878236f,4.721381054153186f,0f,0f,0f,1f], start_interpolation: 0, interpolation_duration: 1 }
$data merge entity $(bone_upper_right_tooth1) { transformation: [-0.9947593646841463f,-0.02154949460321682f,0.0999471142932093f,-0.42775059943582083f,-0.0011091983231584675f,0.9797536105874369f,0.20020397653383648f,2.6700877224509325f,-0.10223784060842549f,0.19904391933246024f,-0.974642981878236f,4.652490321711962f,0f,0f,0f,1f], start_interpolation: 0, interpolation_duration: 1 }
$data merge entity $(bone_top_lip1) { transformation: [-0.9947593646841463f,0.013934025295241823f,0.10128992700296251f,-0.06733490846429849f,-0.0011091983231584675f,0.9891410308058365f,-0.14696527091611522f,2.791526584775909f,-0.10223784060842549f,-0.14630743014433284f,-0.9839418477899431f,4.714395093534697f,0f,0f,0f,1f], start_interpolation: 0, interpolation_duration: 1 }
$data merge entity $(bone_muzzle1) { transformation: [-0.9947593646841463f,-0.02154949460321682f,0.0999471142932093f,-0.014842425163966028f,-0.0011091983231584675f,0.9797536105874369f,0.20020397653383648f,3.0689921944763867f,-0.10223784060842549f,0.19904391933246024f,-0.974642981878236f,4.20064056375429f,0f,0f,0f,1f], start_interpolation: 0, interpolation_duration: 1 }
$data merge entity $(bone_jaw_right_tooth1) { transformation: [-0.9947593646841463f,0.047736896098782705f,0.09041567963604506f,-0.4297550349877364f,-0.0011091983231584675f,0.8792234445421857f,-0.4764083377171873f,2.702811697673641f,-0.10223784060842549f,-0.47401194427801896f,-0.8745628054230857f,4.67163816018429f,0f,0f,0f,1f], start_interpolation: 0, interpolation_duration: 1 }
$data merge entity $(bone_jaw_left_tooth1) { transformation: [-0.9947593646841463f,0.047736896098782705f,0.09041567963604506f,0.29639987233784887f,-0.0011091983231584675f,0.8792234445421857f,-0.4764083377171873f,2.7036213907855173f,-0.10223784060842549f,-0.47401194427801896f,-0.8745628054230857f,4.746269786995615f,0f,0f,0f,1f], start_interpolation: 0, interpolation_duration: 1 }
$data merge entity $(bone_tongue1) { transformation: [-0.9947593646841463f,0.005053003301396925f,0.10211891857452263f,0.015334502403676488f,-0.0011091983231584675f,0.998185917898583f,-0.060196702468184315f,2.6466771566089022f,-0.10223784060842549f,-0.05999450363657721f,-0.9929491847426668f,3.9116052125809495f,0f,0f,0f,1f], start_interpolation: 0, interpolation_duration: 1 }
$data merge entity $(bone_jaw_lips1) { transformation: [-0.9947593646841463f,0.005053003301396925f,0.10211891857452263f,-0.02120748924312707f,-0.0011091983231584675f,0.998185917898583f,-0.060196702468184315f,2.5719066730782787f,-0.10223784060842549f,-0.05999450363657721f,-0.9929491847426668f,4.817197182137782f,0f,0f,0f,1f], start_interpolation: 0, interpolation_duration: 1 }
$data merge entity $(bone_jaw3) { transformation: [-0.9947593646841463f,0.03131114738150323f,0.09733148731447441f,0.06360146617206774f,-0.0011091983231584675f,0.9485935044851648f,-0.3164950756767525f,2.207656664809854f,-0.10223784060842549f,-0.31494440032838683f,-0.9435875415929985f,3.995970162765033f,0f,0f,0f,1f], start_interpolation: 0, interpolation_duration: 1 }
$data merge entity $(bone_jaw1) { transformation: [-0.9947593646841463f,-0.04668343006284495f,0.09096407934322961f,0.14532700620700062f,-0.0011091983231584675f,0.8945527138341529f,0.44696108538779056f,2.609223264962947f,-0.10223784060842549f,0.4445178281346197f,-0.8899164704724858f,3.196435833824909f,0f,0f,0f,1f], start_interpolation: 0, interpolation_duration: 1 }
$data merge entity $(bone_tear_right1) { transformation: [-0.9947593646841463f,-0.030178457251991017f,0.09768862314048479f,-0.6132216358711446f,-0.0011091983231584675f,0.9585764260276081f,0.28483329360034004f,3.141338707754052f,-0.10223784060842549f,0.28323223012578796f,-0.9535863504506022f,4.090287727849319f,0f,0f,0f,1f], start_interpolation: 0, interpolation_duration: 1 }
$data merge entity $(bone_right_pupil1) { transformation: [-0.9947593646841463f,-0.030178457251991017f,0.09768862314048479f,-0.4388620794290566f,-0.0011091983231584675f,0.9585764260276081f,0.28483329360034004f,3.2300040023911474f,-0.10223784060842549f,0.28323223012578796f,-0.9535863504506022f,4.205296279878108f,0f,0f,0f,1f], start_interpolation: 0, interpolation_duration: 1 }
$data merge entity $(bone_right_sad_pupil1) { transformation: [-0.9947593646841463f,-0.030178457251991017f,0.09768862314048479f,-0.43776499039964684f,-0.0011091983231584675f,0.9585764260276081f,0.28483329360034004f,3.233202813793886f,-0.10223784060842549f,0.28323223012578796f,-0.9535863504506022f,4.194587058168946f,0f,0f,0f,1f], start_interpolation: 0, interpolation_duration: 1 }
$data merge entity $(bone_right_happy_pupil1) { transformation: [-0.9947593646841463f,-0.030178457251991017f,0.09768862314048479f,-0.4648463830977918f,-0.0011091983231584675f,0.9585764260276081f,0.28483329360034004f,3.206258860145668f,-0.10223784060842549f,0.28323223012578796f,-0.9535863504506022f,4.183764672738651f,0f,0f,0f,1f], start_interpolation: 0, interpolation_duration: 1 }
$data merge entity $(bone_eyelid_right1) { transformation: [-0.9947593646841463f,-0.030178457251991017f,0.09768862314048479f,0.048891547083869016f,-0.0011091983231584675f,0.9585764260276081f,0.28483329360034004f,3.3397966588030377f,-0.10223784060842549f,0.28323223012578796f,-0.9535863504506022f,3.687426742555251f,0f,0f,0f,1f], start_interpolation: 0, interpolation_duration: 1 }
$data merge entity $(bone_eyelid_expressions_right5) { transformation: [-0.9947593646841463f,-0.030178457251991017f,0.09768862314048479f,-0.5696273756457515f,-0.0011091983231584675f,0.9585764260276081f,0.28483329360034004f,3.3407121867656846f,-0.10223784060842549f,0.28323223012578796f,-0.9535863504506022f,4.21319134495364f,0f,0f,0f,1f], start_interpolation: 0, interpolation_duration: 1 }
$data merge entity $(bone_eyelid_expressions_right7) { transformation: [-0.9947593646841463f,-0.030178457251991017f,0.09768862314048479f,-0.23447895688009665f,-0.0011091983231584675f,0.9585764260276081f,0.28483329360034004f,3.3410858912788584f,-0.10223784060842549f,0.28323223012578796f,-0.9535863504506022f,4.247636711174252f,0f,0f,0f,1f], start_interpolation: 0, interpolation_duration: 1 }
$data merge entity $(bone_eyelid_expressions_right6) { transformation: [-0.9947593646841463f,-0.030178457251991017f,0.09768862314048479f,-0.34619509646864827f,-0.0011091983231584675f,0.9585764260276081f,0.28483329360034004f,3.3409613231078006f,-0.10223784060842549f,0.28323223012578796f,-0.9535863504506022f,4.236154922434048f,0f,0f,0f,1f], start_interpolation: 0, interpolation_duration: 1 }
$data merge entity $(bone_right_eye1) { transformation: [-0.9947593646841463f,-0.030178457251991017f,0.09768862314048479f,0.036622844095604117f,-0.0011091983231584675f,0.9585764260276081f,0.28483329360034004f,3.3365853905831937f,-0.10223784060842549f,0.28323223012578796f,-0.9535863504506022f,3.6969877853903927f,0f,0f,0f,1f], start_interpolation: 0, interpolation_duration: 1 }
$data merge entity $(bone_tear_left1) { transformation: [-0.9947593646841463f,-0.030178457251991017f,0.09768862314048479f,0.5933126716852124f,-0.0011091983231584675f,0.9585764260276081f,0.28483329360034004f,3.1426840440014767f,-0.10223784060842549f,0.28323223012578796f,-0.9535863504506022f,4.214291046243522f,0f,0f,0f,1f], start_interpolation: 0, interpolation_duration: 1 }
$data merge entity $(bone_left_sad_pupil1) { transformation: [-0.9947593646841463f,-0.030178457251991017f,0.09768862314048479f,0.40010605651449f,-0.0011091983231584675f,0.9585764260276081f,0.28483329360034004f,3.2341370750768195f,-0.10223784060842549f,0.28323223012578796f,-0.9535863504506022f,4.280700473720477f,0f,0f,0f,1f], start_interpolation: 0, interpolation_duration: 1 }
$data merge entity $(bone_left_pupil1) { transformation: [-0.9947593646841463f,-0.030178457251991017f,0.09768862314048479f,0.39900896748508025f,-0.0011091983231584675f,0.9585764260276081f,0.28483329360034004f,3.2309382636740813f,-0.10223784060842549f,0.28323223012578796f,-0.9535863504506022f,4.291409695429638f,0f,0f,0f,1f], start_interpolation: 0, interpolation_duration: 1 }
$data merge entity $(bone_eyelid_left1) { transformation: [-0.9947593646841463f,-0.030178457251991017f,0.09768862314048479f,0.0265483191661587f,-0.0011091983231584675f,0.9585764260276081f,0.28483329360034004f,3.339771745168826f,-0.10223784060842549f,0.28323223012578796f,-0.9535863504506022f,3.68513038480721f,0f,0f,0f,1f], start_interpolation: 0, interpolation_duration: 1 }
$data merge entity $(bone_left_happy_pupil1) { transformation: [-0.9947593646841463f,-0.030178457251991017f,0.09768862314048479f,0.42888273361062074f,-0.0011091983231584675f,0.9585764260276081f,0.28483329360034004f,3.2072554055141307f,-0.10223784060842549f,0.28323223012578796f,-0.9535863504506022f,4.275618982660283f,0f,0f,0f,1f], start_interpolation: 0, interpolation_duration: 1 }
$data merge entity $(bone_eyelid_expressions_left5) { transformation: [-0.9947593646841463f,-0.030178457251991017f,0.09768862314048479f,0.5251907923220541f,-0.0011091983231584675f,0.9585764260276081f,0.28483329360034004f,3.3419329548420516f,-0.10223784060842549f,0.28323223012578796f,-0.9535863504506022f,4.32571287460764f,0f,0f,0f,1f], start_interpolation: 0, interpolation_duration: 1 }
$data merge entity $(bone_eyelid_expressions_left7) { transformation: [-0.9947593646841463f,-0.030178457251991017f,0.09768862314048479f,0.19004237355639927f,-0.0011091983231584675f,0.9585764260276081f,0.28483329360034004f,3.341559250328878f,-0.10223784060842549f,0.28323223012578796f,-0.9535863504506022f,4.291267508387028f,0f,0f,0f,1f], start_interpolation: 0, interpolation_duration: 1 }
$data merge entity $(bone_eyelid_expressions_left6) { transformation: [-0.9947593646841463f,-0.030178457251991017f,0.09768862314048479f,0.3017585131449509f,-0.0011091983231584675f,0.9585764260276081f,0.28483329360034004f,3.3416838184999356f,-0.10223784060842549f,0.28323223012578796f,-0.9535863504506022f,4.302749297127232f,0f,0f,0f,1f], start_interpolation: 0, interpolation_duration: 1 }
$data merge entity $(bone_left_eye1) { transformation: [-0.9947593646841463f,-0.030178457251991017f,0.09768862314048479f,0.036622844095604117f,-0.0011091983231584675f,0.9585764260276081f,0.28483329360034004f,3.3365853905831937f,-0.10223784060842549f,0.28323223012578796f,-0.9535863504506022f,3.6969877853903927f,0f,0f,0f,1f], start_interpolation: 0, interpolation_duration: 1 }
$data merge entity $(bone_crest_middle5) { transformation: [-0.9947593646841463f,-0.008319419437487076f,0.1019048263499677f,-0.051768740484007536f,-0.0011091983231584675f,0.9975035453536258f,0.07060769565724975f,4.529092822596285f,-0.10223784060842549f,0.07012463381130804f,-0.9922852209322459f,4.544087340315453f,0f,0f,0f,1f], start_interpolation: 0, interpolation_duration: 1 }
$data merge entity $(bone_crest_middle4) { transformation: [-0.9947593646841463f,-0.008319419437487076f,0.1019048263499677f,-0.04616288168335707f,-0.0011091983231584675f,0.9975035453536258f,0.07060769565724975f,3.856946878949799f,-0.10223784060842549f,0.07012463381130804f,-0.9922852209322459f,4.496835389798068f,0f,0f,0f,1f], start_interpolation: 0, interpolation_duration: 1 }
$data merge entity $(bone_crest_middle1) { transformation: [-0.9947593646841463f,-0.008319419437487076f,0.1019048263499677f,-0.05054181646339735f,-0.0011091983231584675f,0.9975035453536258f,0.07060769565724975f,3.346890214443382f,-0.10223784060842549f,0.07012463381130804f,-0.9922852209322459f,4.544975494748279f,0f,0f,0f,1f], start_interpolation: 0, interpolation_duration: 1 }
$data merge entity $(bone_crest_left5) { transformation: [-0.509031564349968f,-0.8351192497705603f,0.20847710943429992f,-1.1407862646739402f,-0.8090511296941851f,0.5468871963372147f,0.2152920435663696f,3.8849845660459836f,-0.2938079917837283f,-0.05907819517450809f,-0.9540370175307326f,4.343774059257786f,0f,0f,0f,1f], start_interpolation: 0, interpolation_duration: 1 }
$data merge entity $(bone_crest_left4) { transformation: [-0.509031564349968f,-0.8351192497705603f,0.20847710943429992f,-0.6718472328203541f,-0.8090511296941851f,0.5468871963372147f,0.2152920435663696f,3.5778945876339736f,-0.2938079917837283f,-0.05907819517450809f,-0.9540370175307326f,4.376947850493472f,0f,0f,0f,1f], start_interpolation: 0, interpolation_duration: 1 }
$data merge entity $(bone_crest_left1) { transformation: [-0.509031564349968f,-0.8351192497705603f,0.20847710943429992f,-0.14430781946844895f,-0.8090511296941851f,0.5468871963372147f,0.2152920435663696f,3.2521847642177417f,-0.2938079917837283f,-0.05907819517450809f,-0.9540370175307326f,4.359867606294116f,0f,0f,0f,1f], start_interpolation: 0, interpolation_duration: 1 }
$data merge entity $(bone_crest_center1) { transformation: [-0.9947593646841463f,-0.030178457251991017f,0.09768862314048479f,-0.031744395172551204f,-0.0011091983231584675f,0.9585764260276081f,0.28483329360034004f,3.225396520384728f,-0.10223784060842549f,0.28323223012578796f,-0.9535863504506022f,4.3633974200473515f,0f,0f,0f,1f], start_interpolation: 0, interpolation_duration: 1 }
$data merge entity $(bone_crest_right5) { transformation: [-0.5599360697382861f,0.8284687922271673f,-0.010538411251226468f,1.056645968752843f,0.8078591860449611f,0.5487421666266338f,0.21504783209481718f,3.887434794950685f,0.18394328834946427f,0.11189948557328788f,-0.9765466562328803f,4.569618353269774f,0f,0f,0f,1f], start_interpolation: 0, interpolation_duration: 1 }
$data merge entity $(bone_crest_right4) { transformation: [-0.5599360697382861f,0.8284687922271673f,-0.010538411251226468f,0.5914413246799707f,0.8078591860449611f,0.5487421666266338f,0.21504783209481718f,3.5793032072453f,0.18394328834946427f,0.11189948557328788f,-0.9765466562328803f,4.506784169476179f,0f,0f,0f,1f], start_interpolation: 0, interpolation_duration: 1 }
$data merge entity $(bone_crest_right1) { transformation: [-0.5599360697382861f,0.8284687922271673f,-0.010538411251226468f,0.0791244597086542f,0.8078591860449611f,0.5487421666266338f,0.21504783209481718f,3.2524339005598573f,0.18394328834946427f,0.11189948557328788f,-0.9765466562328803f,4.382831183774524f,0f,0f,0f,1f], start_interpolation: 0, interpolation_duration: 1 }
$data merge entity $(bone_head1) { transformation: [-1.0426839694931476f,-0.03163236730189161f,0.10239497607824247f,0.09865733181859834f,-0.001162636263206466f,1.0047578423857084f,0.29855573092223125f,3.4586937047488457f,-0.1071633615752376f,0.29687753287924373f,-0.9995273595217896f,3.0920764378393786f,0f,0f,0f,1f], start_interpolation: 0, interpolation_duration: 1 }
$data merge entity $(bone_neck10) { transformation: [-1.4964588038514026f,-0.0239787554615631f,-0.0472265745758896f,0.07220202407174593f,-0.030566461256598267f,1.481359795250041f,0.21640963506053337f,3.1684776311544636f,0.04325530610117535f,0.21723825166691724f,-1.4809222809421236f,1.9717478371680404f,0f,0f,0f,1f], start_interpolation: 0, interpolation_duration: 1 }
$data merge entity $(bone_neck9) { transformation: [-1.1447909849463236f,0.017495564725992452f,-0.03654660721710941f,0.05166267606184505f,-0.023383342861297687f,0.55853063022429f,0.9998424390254822f,2.561695865655814f,0.03309030916739916f,0.9999627937152025f,-0.5578239786196267f,0.8323856658350417f,0f,0f,0f,1f], start_interpolation: 0, interpolation_duration: 1 }
$data merge entity $(bone_neck8) { transformation: [-1.0624857507344958f,0.024354093047469858f,-0.028653883417584576f,0.025709419830180706f,-0.02170218749218477f,0.2644713855778184f,1.0295018400496045f,2.350668339990553f,0.0307112673318345f,1.0294425198908885f,-0.26380874454135994f,-0.21461521211222423f,0f,0f,0f,1f], start_interpolation: 0, interpolation_duration: 1 }
$data merge entity $(bone_neck7) { transformation: [-1.0544655474943756f,-0.04437451814446597f,-0.023662716260759376f,0.07055600731660908f,-0.02672427361821556f,0.07366534997283661f,1.0527515577129118f,2.276219316081835f,-0.042600882631343394f,1.0521553740806677f,-0.07470506305602415f,-1.277963728470346f,0f,0f,0f,1f], start_interpolation: 0, interpolation_duration: 1 }
$data merge entity $(bone_neck6) { transformation: [-1.0380611140046434f,-0.15379632499679682f,0.024337753033736177f,0.21214229102966953f,0.05616012016189901f,-0.21677382125107966f,1.0255104404819186f,2.490537924860468f,-0.14522973768706102f,1.015466549449807f,0.2226039587555954f,-2.2071057810972174f,0f,0f,0f,1f], start_interpolation: 0, interpolation_duration: 1 }
$data merge entity $(bone_neck_spine6) { transformation: [-1.2709688872330316f,-0.06288388286139611f,0.025866454697414144f,0.8491597307211154f,0.00890681023337191f,0.32604287535621485f,1.2302853655463954f,4.129267538763919f,-0.06741012486122447f,1.2287094974901251f,-0.3251372238924177f,-5.888261399816418f,0f,0f,0f,1f], start_interpolation: 0, interpolation_duration: 1 }
$data merge entity $(bone_neck_spine7) { transformation: [-0.9874590711629502f,0.15650022087383306f,-0.020790951023106217f,0.7867717205107319f,0.040588630161319424f,0.3789235786200382f,0.9245374436264935f,3.362595698696481f,0.15256849569826458f,0.9120990091170069f,-0.3805236545710969f,-9.37507467932575f,0f,0f,0f,1f], start_interpolation: 0, interpolation_duration: 1 }
$data merge entity $(bone_tail6) { transformation: [-1.5142446468266417f,0.7983416090720463f,0.18712499113758724f,-0.4960106272210927f,-0.08456786820764067f,-0.5429278340761093f,1.6319863909295838f,4.0928769415677575f,0.8156061321194207f,1.4258969036142863f,0.5166300369118295f,-12.638707354650727f,0f,0f,0f,1f], start_interpolation: 0, interpolation_duration: 1 }
$data merge entity $(bone_tail5) { transformation: [-1.250897751726356f,0.6226375111621213f,0.2667539758646941f,-0.10276588332922656f,-0.06986041286718142f,-0.675797785158356f,1.2497988700222622f,3.666057287783533f,0.6737615874029996f,1.0859098592833276f,0.6248403316618503f,-11.952869548787572f,0f,0f,0f,1f], start_interpolation: 0, interpolation_duration: 1 }
$data merge entity $(bone_tail4) { transformation: [-0.9104020444270146f,0.4633909259058594f,0.23475980345109337f,0.09583022777328462f,-0.042788113346870146f,-0.5389841824272795f,0.8979646020164638f,3.43506406674327f,0.5176992301370569f,0.7703506337418574f,0.48705503409182804f,-11.622719277183919f,0f,0f,0f,1f], start_interpolation: 0, interpolation_duration: 1 }
$data merge entity $(bone_segment18) { transformation: [-0.9188314618904083f,0.32494055199630284f,0.22396960130489407f,0.2782919635133961f,0.02664578184119099f,-0.5151401190909497f,0.8566916948430363f,3.145800816277161f,0.39374959930190023f,0.7931231274974276f,0.4646686536428869f,-11.177362052270812f,0f,0f,0f,1f], start_interpolation: 0, interpolation_duration: 1 }
$data merge entity $(bone_segment17) { transformation: [-0.9443485264949179f,0.2976937663980168f,0.13994385286478472f,0.49560259865257367f,0.04917650229806793f,-0.29288529425395265f,0.9548821267735113f,2.9320002718876785f,0.3252499533106895f,0.9086234785969044f,0.2619462578733582f,-10.514084659447388f,0f,0f,0f,1f], start_interpolation: 0, interpolation_duration: 1 }
$data merge entity $(bone_segment16) { transformation: [-0.9662356383327602f,0.24936570639949132f,0.06484933066398149f,0.7336445693610727f,0.053352807396548886f,-0.05259622474572166f,0.9971896083922077f,2.88179244992582f,0.25207572108116744f,0.9669800316523506f,0.03751598628623934f,-9.591015342122999f,0f,0f,0f,1f], start_interpolation: 0, interpolation_duration: 1 }
$data merge entity $(bone_segment15) { transformation: [-0.9874590711629502f,0.15654869925255252f,0.02042272117856963f,0.9182466732160114f,0.040588630161319424f,0.12672417245803652f,0.9911072329553718f,3.031225495085077f,0.15256849569826458f,0.979506757953798f,-0.13148903088550368f,-8.435981738383536f,0f,0f,0f,1f], start_interpolation: 0, interpolation_duration: 1 }
$data merge entity $(bone_segment14) { transformation: [-1.0481052291011979f,-0.0013930243458244542f,0.012193696694186684f,0.9166795208269589f,0.011721448396460062f,0.1950714060233091f,1.029798500787776f,3.2506808268613f,-0.003637911954267611f,1.029864264872043f,-0.1950424557919423f,-7.277384440402487f,0f,0f,0f,1f], start_interpolation: 0, interpolation_duration: 1 }
$data merge entity $(bone_segment13) { transformation: [-1.0242513973583844f,-0.05352686552952041f,0.011728661439804104f,0.8518918220693357f,0.007177841188070303f,0.08659426672178991f,1.022029120617403f,3.3269983003224524f,-0.054324630035222074f,1.0206517131032937f,-0.0860960332073209f,-6.0457757640962f,0f,0f,0f,1f], start_interpolation: 0, interpolation_duration: 1 }
$data merge entity $(bone_segment12) { transformation: [-1.1001571717203587f,-0.18471616978201486f,0.0028311349313751965f,0.628744771325962f,0.018264099957300235f,-0.09174184853977455f,1.1116311155553946f,3.2161692215495705f,-0.1838328081618935f,1.0963289885062986f,0.09349935184666003f,-4.721351482679196f,0f,0f,0f,1f], start_interpolation: 0, interpolation_duration: 1 }
$data merge entity $(bone_segment11) { transformation: [-1.1667342108952095f,-0.23464741969352332f,-0.028190609061380795f,0.35757197489979176f,0.029079265024933458f,-0.2834516399973874f,1.1558254215104236f,2.8885953067370003f,-0.23453894847911672f,1.1321301149140544f,0.28354139985608307f,-3.4129932250835786f,0f,0f,0f,1f], start_interpolation: 0, interpolation_duration: 1 }
$data merge entity $(bone_segment10) { transformation: [-1.0406367394963902f,-0.11979943031342791f,-0.037396135255844f,0.20580498207834497f,-7.273189573756925e-18f,-0.3123316106735089f,1.0005619236205547f,2.5092889615407508f,-0.12550049575796604f,0.9933641122447716f,0.3100847692064783f,-2.1545574904752733f,0f,0f,0f,1f], start_interpolation: 0, interpolation_duration: 1 }