# This file was generated by Animated Java via MC-Build. It is not recommended to edit this file directly.
$data merge entity $(bone_neck_spine5) { transformation: [-1.364150415809651f,0.0002062061676885755f,-0.09107832168866135f,0.0386171203035081f,-0.061389733127202785f,1.0078617565960317f,0.9217633321053637f,2.809531785246212f,0.06728004064488738f,0.9238053351363744f,-1.0056136231478991f,0.41056905369123553f,0f,0f,0f,1f], start_interpolation: 0, interpolation_duration: 1 }
$data merge entity $(bone_neck_spine2) { transformation: [-1.2991908721996672f,-0.06119646581490204f,-0.061474198728226015f,-0.010013736946948064f,-0.05846641250209788f,1.299477128922333f,-0.05798169505412315f,3.7554587714033714f,0.06407622918560701f,-0.055092566866867934f,-1.299338313478756f,2.272113788132624f,0f,0f,0f,1f], start_interpolation: 0, interpolation_duration: 1 }
$data merge entity $(bone_scale_neck_left1) { transformation: [-1.3954034183465907f,0.3229113119860587f,-0.006083014126994164f,0.707528495724929f,0.30683030739517936f,1.3338627932246774f,0.4220481367301821f,3.0022894591463243f,0.10081607477583525f,0.4098752881610223f,-1.3686846918207607f,2.242355213707481f,0f,0f,0f,1f], start_interpolation: 0, interpolation_duration: 1 }
$data merge entity $(bone_scale_neck_right1) { transformation: [-1.365425018474103f,-0.3993151308439173f,-0.16619676172199627f,-0.6566219200847216f,-0.4310735865689215f,1.3013610338373696f,0.414842670147511f,2.940899726019121f,0.03534827139167414f,0.4454955715735177f,-1.3607878651063816f,2.309635254352368f,0f,0f,0f,1f], start_interpolation: 0, interpolation_duration: 1 }
$data merge entity $(bone_blush_right1) { transformation: [-0.993062429503894f,-0.05277733717004987f,0.10507884558303072f,-0.6095457795549296f,-0.030263427118808188f,0.9782269695890827f,0.2053195581224162f,2.602198723495288f,-0.11362718022923977f,0.20071509322868214f,-0.9730376741233372f,3.378712700732635f,0f,0f,0f,1f], start_interpolation: 0, interpolation_duration: 1 }
$data merge entity $(bone_blush_left1) { transformation: [-0.993062429503894f,-0.05277733717004987f,0.10507884558303072f,0.5348035044436982f,-0.030263427118808188f,0.9782269695890827f,0.2053195581224162f,2.6370725945892275f,-0.11362718022923977f,0.20071509322868214f,-0.9730376741233372f,3.509650271699923f,0f,0f,0f,1f], start_interpolation: 0, interpolation_duration: 1 }
$data merge entity $(bone_left_head_scales) { transformation: [-0.9293771442205409f,-0.05277733717004987f,-0.3653391253092269f,0.5469157613661272f,-0.12165000893653806f,0.9782269695890827f,0.1681465768140995f,3.3284905729553773f,0.34851025684506387f,0.20071509322868214f,-0.915562150934599f,3.3055857174594623f,0f,0f,0f,1f], start_interpolation: 0, interpolation_duration: 1 }
$data merge entity $(bone_left_head_scales2) { transformation: [-0.8737398690201041f,-0.05277733717004987f,-0.4835216582180885f,0.5727556470092768f,-0.1425568086525896f,0.9782269695890827f,0.15082954708991408f,2.5341746458170684f,0.4650335445873987f,0.20071509322868214f,-0.8622396730368429f,3.291311866419965f,0f,0f,0f,1f], start_interpolation: 0, interpolation_duration: 1 }
$data merge entity $(bone_left_head_scales1) { transformation: [-0.993062429503894f,-0.05277733717004987f,0.10507884558303072f,0.5520697981991398f,-0.030263427118808188f,0.9782269695890827f,0.2053195581224162f,3.2329605954564435f,-0.11362718022923977f,0.20071509322868214f,-0.9730376741233372f,3.285984634136349f,0f,0f,0f,1f], start_interpolation: 0, interpolation_duration: 1 }
$data merge entity $(bone_right_head_scales) { transformation: [-0.8323371217639354f,-0.05277733717004987f,0.5517512740492465f,-0.6168292732087487f,0.06796203352957318f,0.9782269695890827f,0.1960947678217979f,3.293025619300524f,-0.5500873364587238f,0.20071509322868214f,-0.8106277651412817f,3.172428865628322f,0f,0f,0f,1f], start_interpolation: 0, interpolation_duration: 1 }
$data merge entity $(bone_right_head_scales2) { transformation: [-0.753198369449311f,-0.05277733717004987f,0.6556727605598224f,-0.590989387565599f,0.09297611226946431f,0.9782269695890827f,0.18554632444706531f,2.4987096921622145f,-0.6511894185305497f,0.20071509322868214f,-0.7318919268198321f,3.1581550145888246f,0f,0f,0f,1f], start_interpolation: 0, interpolation_duration: 1 }
$data merge entity $(bone_right_head_scales1) { transformation: [-0.993062429503894f,-0.05277733717004987f,0.10507884558303072f,-0.6116752363757361f,-0.030263427118808188f,0.9782269695890827f,0.2053195581224162f,3.19749564180159f,-0.11362718022923977f,0.20071509322868214f,-0.9730376741233372f,3.1528277823052084f,0f,0f,0f,1f], start_interpolation: 0, interpolation_duration: 1 }
$data merge entity $(bone_head_left_fin1) { transformation: [-0.5811722262014598f,0.1010855668007184f,-0.80747789547245f,0.5790935915033562f,0.06681451935309035f,0.9948321848503701f,0.07645092536689367f,2.8897614749424267f,0.8110330840943883f,-0.009520092983597406f,-0.5849228191256766f,3.1412135306997078f,0f,0f,0f,1f], start_interpolation: 0, interpolation_duration: 1 }
$data merge entity $(bone_head_right_fin1) { transformation: [-0.3780523242776018f,-0.1559379943004695f,0.9125567281226137f,-0.5846514430715197f,-0.09604674223407972f,0.9869994307574697f,0.1288687199853052f,2.8542965212875733f,-0.9207885009134963f,-0.03892898172284376f,-0.38811476520160804f,3.0080566788685674f,0f,0f,0f,1f], start_interpolation: 0, interpolation_duration: 1 }
$data merge entity $(bone_right_whisker16) { transformation: [-0.15998934841006568f,-0.4308686537891361f,0.8881191426702055f,-0.7214093405051522f,0.985082584118751f,-0.011931695405551009f,0.17166810161085105f,1.5366345740570344f,-0.06336963674542373f,0.9023357677864086f,0.4263501510637307f,1.503916572533614f,0f,0f,0f,1f], start_interpolation: 0, interpolation_duration: 1 }
$data merge entity $(bone_right_whisker15) { transformation: [0.48749539951446885f,-0.26605492920792395f,0.8316026756188291f,-0.8642302583316567f,0.28661070998921956f,0.9484285346609204f,0.13541645232546462f,1.4526665926148803f,-0.8247439216943063f,0.1723313357608132f,0.5386087395718622f,1.7455407683424928f,0f,0f,0f,1f], start_interpolation: 0, interpolation_duration: 1 }
$data merge entity $(bone_right_whisker14) { transformation: [0.7317582985782555f,-0.1760275474837449f,0.6584406541129694f,-1.078612572368255f,-0.3028929709750777f,0.7814421173400935f,0.5455309939691073f,1.5414047677052352f,-0.6105617418375867f,-0.5986338779035891f,0.5185092473913682f,1.9244162786464734f,0f,0f,0f,1f], start_interpolation: 0, interpolation_duration: 1 }
$data merge entity $(bone_right_whisker13) { transformation: [0.2778335115454004f,-0.4094310760415202f,0.8690079020548864f,-1.1600091089538214f,0.06222506880164428f,0.910394217196205f,0.4090359520975383f,1.5231747670797535f,-0.9586117987355376f,-0.05956981842503717f,0.27841489913046236f,2.2052595790572753f,0f,0f,0f,1f], start_interpolation: 0, interpolation_duration: 1 }
$data merge entity $(bone_right_whisker12) { transformation: [-0.3697126121306882f,-0.28971470403312455f,0.882823863915392f,-1.0155901198402713f,-0.4724301471326419f,0.8767729734120523f,0.0898827523745165f,1.7077177933034418f,-0.8000764591660812f,-0.3838418207558777f,-0.46102398649861925f,2.5177894459190258f,0f,0f,0f,1f], start_interpolation: 0, interpolation_duration: 1 }
$data merge entity $(bone_right_whisker11) { transformation: [-0.8534045744813081f,-0.20282680887991317f,0.4801686348086148f,-0.6822289579335102f,-0.2739242511136224f,0.9582425726640694f,-0.08207725985915065f,1.8147194538947005f,-0.4434705592327623f,-0.2015749427228904f,-0.8733277767024503f,2.6910201331193235f,0f,0f,0f,1f], start_interpolation: 0, interpolation_duration: 1 }
$data merge entity $(bone_right_whisker10) { transformation: [-0.3883058235317901f,-0.5444878684701048f,0.743472627942805f,-0.5305469956164047f,-0.6173215762260129f,0.7526973276112097f,0.2288248337326478f,2.0558606946079867f,-0.6842022061767483f,-0.3701076790554677f,-0.6284008648681555f,2.9582866199071156f,0f,0f,0f,1f], start_interpolation: 0, interpolation_duration: 1 }
$data merge entity $(bone_right_whisker1) { transformation: [0.15330823951704786f,-0.5340385751302614f,0.8314441556526957f,-0.5904330266777515f,-0.7926854405275436f,0.4359314568126837f,0.42616142168998017f,2.3655034448140584f,-0.590039300446875f,-0.7244077341069819f,-0.3564927189917784f,3.1887707216441763f,0f,0f,0f,1f], start_interpolation: 0, interpolation_duration: 1 }
$data merge entity $(bone_left_whisker16) { transformation: [-0.11065581292624141f,0.2160334587837396f,-0.9700952714819131f,1.1307211980102996f,-0.9933304544155374f,0.007782548488090858f,0.11503929880546698f,1.5930779716739227f,0.032402151105376475f,0.9763549439752769f,0.21373142955302418f,1.7158391710082237f,0f,0f,0f,1f], start_interpolation: 0, interpolation_duration: 1 }
$data merge entity $(bone_left_whisker15) { transformation: [0.3051151182125911f,0.16279894749970242f,-0.9382970037952298f,1.2201103927991446f,-0.26245602451912586f,0.9614977915945893f,0.08147902768408716f,1.5161865582405851f,0.9154351969592022f,0.2214012182706264f,0.3360950769001978f,1.984033076367365f,0f,0f,0f,1f], start_interpolation: 0, interpolation_duration: 1 }
$data merge entity $(bone_left_whisker14) { transformation: [0.5555260565058193f,0.2592879364731323f,-0.7900383323248297f,1.382862167166084f,0.34212276670980424f,0.7947082907759361f,0.5013888162602147f,1.6164178375500982f,0.7578540842681544f,-0.5488246519349282f,0.35277285664657154f,2.206060640117801f,0f,0f,0f,1f], start_interpolation: 0, interpolation_duration: 1 }
$data merge entity $(bone_left_whisker13) { transformation: [0.05755308577012397f,0.35683122852226545f,-0.9323942924909114f,1.3997234227628f,-0.052004213049852296f,0.9337459448611427f,0.3541384930792439f,1.6011822282581492f,0.9969870631775535f,0.02810666836647166f,0.07229668768301084f,2.4981466937830996f,0f,0f,0f,1f], start_interpolation: 0, interpolation_duration: 1 }
$data merge entity $(bone_left_whisker12) { transformation: [-0.5684443731570962f,0.31562734746112087f,-0.7597699468659527f,1.1776748394983092f,0.4438399551097281f,0.895220680739474f,0.039824954796552806f,1.7745572107228866f,0.6927316138839272f,-0.31457798764536876f,-0.6489711864287662f,2.7687449804565087f,0f,0f,0f,1f], start_interpolation: 0, interpolation_duration: 1 }
$data merge entity $(bone_left_whisker11) { transformation: [-0.9463507009698162f,0.1851117812864388f,-0.264865964598887f,0.8080065969319746f,0.21907698170527734f,0.9700649424378791f,-0.10478207642483572f,1.8601341567015106f,0.23754078988847932f,-0.1571866275544971f,-0.9585753685846522f,2.861534351506696f,0f,0f,0f,1f], start_interpolation: 0, interpolation_duration: 1 }
$data merge entity $(bone_left_whisker10) { transformation: [-0.5690821459212578f,0.5677133267219061f,-0.5948504768897832f,0.5857088836814833f,0.5881453228736023f,0.7865914905682758f,0.1880396398302343f,2.0898784234490115f,0.5746569327655957f,-0.24284852403900764f,-0.7815331112604978f,3.086009715868257f,0f,0f,0f,1f], start_interpolation: 0, interpolation_duration: 1 }
$data merge entity $(bone_left_whisker1) { transformation: [-0.03173600200795912f,0.656550472503298f,-0.7536141607163755f,0.5733120078971243f,0.7963903360509448f,0.47221447769940655f,0.37785700958926227f,2.400968398468912f,0.6039497154740734f,-0.5881793638906189f,-0.5378566510437639f,3.3219275734753166f,0f,0f,0f,1f], start_interpolation: 0, interpolation_duration: 1 }
$data merge entity $(bone_upper_left_tooth1) { transformation: [-0.993062429503894f,-0.043418278634348564f,0.10927883687271572f,0.15613096825854111f,-0.030263427118808188f,0.9923992992237796f,0.11928015710576367f,2.5740582113671344f,-0.11362718022923977f,0.11514549049173034f,-0.9868284450362034f,4.128648295083174f,0f,0f,0f,1f], start_interpolation: 0, interpolation_duration: 1 }
$data merge entity $(bone_upper_right_tooth1) { transformation: [-0.993062429503894f,-0.043418278634348564f,0.10927883687271572f,-0.4257415490288968f,-0.030263427118808188f,0.9923992992237796f,0.11928015710576367f,2.556325734539708f,-0.11362718022923977f,0.11514549049173034f,-0.9868284450362034f,4.062069869167604f,0f,0f,0f,1f], start_interpolation: 0, interpolation_duration: 1 }
$data merge entity $(bone_top_lip1) { transformation: [-0.993062429503894f,-0.0034242725902552187f,0.11753844249883172f,-0.1152243647330329f,-0.030263427118808188f,0.973346514782914f,-0.22733386711834025f,2.6725362290831893f,-0.11362718022923977f,-0.22931383847727602f,-0.9666974849434388f,4.110502363200114f,0f,0f,0f,1f], start_interpolation: 0, interpolation_duration: 1 }
$data merge entity $(bone_muzzle1) { transformation: [-0.993062429503894f,-0.043418278634348564f,0.10927883687271572f,-0.0682256570756056f,-0.030263427118808188f,0.9923992992237796f,0.11928015710576367f,2.8761494843922213f,-0.11362718022923977f,0.11514549049173034f,-0.9868284450362034f,3.6455195517310304f,0f,0f,0f,1f], start_interpolation: 0, interpolation_duration: 1 }
$data merge entity $(bone_jaw_right_tooth1) { transformation: [-0.993062429503894f,0.03698275126510403f,0.11162117727692619f,-0.42826742452088873f,-0.030263427118808188f,0.8368937755945929f,-0.546528071877421f,2.586042624610894f,-0.11362718022923977f,-0.5461145342141065f,-0.8299685412310888f,4.076230364152947f,0f,0f,0f,1f], start_interpolation: 0, interpolation_duration: 1 }
$data merge entity $(bone_jaw_left_tooth1) { transformation: [-0.993062429503894f,0.03698275126510403f,0.11162117727692619f,0.20209446920716898f,-0.030263427118808188f,0.8368937755945929f,-0.546528071877421f,2.605252807840606f,-0.11362718022923977f,-0.5461145342141065f,-0.8299685412310888f,4.148356992228147f,0f,0f,0f,1f], start_interpolation: 0, interpolation_duration: 1 }
$data merge entity $(bone_tongue1) { transformation: [-0.993062429503894f,-0.013655392456621701f,0.11679272821832351f,-0.0313858593721496f,-0.030263427118808188f,0.989456089473214f,-0.14163605467323484f,2.489643485996969f,-0.11362718022923977f,-0.14418799277759103f,-0.9830049270740822f,3.4264942899389155f,0f,0f,0f,1f], start_interpolation: 0, interpolation_duration: 1 }
$data merge entity $(bone_jaw_lips1) { transformation: [-0.993062429503894f,-0.013655392456621701f,0.11679272821832351f,-0.07260724153687437f,-0.030263427118808188f,0.989456089473214f,-0.14163605467323484f,2.490654112394486f,-0.11362718022923977f,-0.14418799277759103f,-0.9830049270740822f,4.216208033786565f,0f,0f,0f,1f], start_interpolation: 0, interpolation_duration: 1 }
$data merge entity $(bone_jaw3) { transformation: [-0.993062429503894f,0.017038086150420892f,0.1163473881449617f,0.017041243426504732f,-0.030263427118808188f,0.9190830823785494f,-0.39290000339089953f,2.1163850420842345f,-0.11362718022923977f,-0.3936953026210438f,-0.9121912478243128f,3.532393849626042f,0f,0f,0f,1f], start_interpolation: 0, interpolation_duration: 1 }
$data merge entity $(bone_jaw1) { transformation: [-0.993062429503894f,-0.07022228087524256f,0.09431777338604896f,0.09072700388435548f,-0.030263427118808188f,0.9277121367496292f,0.37206762329778403f,2.4070628727856285f,-0.11362718022923977f,0.3666319988709602f,-0.9234012352802201f,2.81098663456337f,0f,0f,0f,1f], start_interpolation: 0, interpolation_duration: 1 }
$data merge entity $(bone_tear_right1) { transformation: [-0.993062429503894f,-0.05277733717004987f,0.10507884558303072f,-0.5883309774424254f,-0.030263427118808188f,0.9782269695890827f,0.2053195581224162f,2.9199856868557394f,-0.11362718022923977f,0.20071509322868214f,-0.9730376741233372f,3.5383855838504097f,0f,0f,0f,1f], start_interpolation: 0, interpolation_duration: 1 }
$data merge entity $(bone_right_pupil1) { transformation: [-0.993062429503894f,-0.05277733717004987f,0.10507884558303072f,-0.4396273459617825f,-0.030263427118808188f,0.9782269695890827f,0.2053195581224162f,3.0083616431661593f,-0.11362718022923977f,0.20071509322868214f,-0.9730376741233372f,3.633309625009976f,0f,0f,0f,1f], start_interpolation: 0, interpolation_duration: 1 }
$data merge entity $(bone_right_sad_pupil1) { transformation: [-0.993062429503894f,-0.05277733717004987f,0.10507884558303072f,-0.4386011853603857f,-0.030263427118808188f,0.9782269695890827f,0.2053195581224162f,3.0103667169759487f,-0.11362718022923977f,0.20071509322868214f,-0.9730376741233372f,3.623807303973615f,0f,0f,0f,1f], start_interpolation: 0, interpolation_duration: 1 }
$data merge entity $(bone_right_happy_pupil1) { transformation: [-0.993062429503894f,-0.05277733717004987f,0.10507884558303072f,-0.46155707053335115f,-0.030263427118808188f,0.9782269695890827f,0.2053195581224162f,2.9857456845533212f,-0.11362718022923977f,0.20071509322868214f,-0.9730376741233372f,3.6161330302949817f,0f,0f,0f,1f], start_interpolation: 0, interpolation_duration: 1 }
$data merge entity $(bone_eyelid_right1) { transformation: [-0.993062429503894f,-0.05277733717004987f,0.10507884558303072f,-0.011347627949258329f,-0.030263427118808188f,0.9782269695890827f,0.2053195581224162f,3.0742337674708624f,-0.11362718022923977f,0.20071509322868214f,-0.9730376741233372f,3.1816119026316736f,0f,0f,0f,1f], start_interpolation: 0, interpolation_duration: 1 }
$data merge entity $(bone_eyelid_expressions_right5) { transformation: [-0.993062429503894f,-0.05277733717004987f,0.10507884558303072f,-0.5552804776748148f,-0.030263427118808188f,0.9782269695890827f,0.2053195581224162f,3.1024979792069467f,-0.11362718022923977f,0.20071509322868214f,-0.9730376741233372f,3.6306475578380715f,0f,0f,0f,1f], start_interpolation: 0, interpolation_duration: 1 }
$data merge entity $(bone_eyelid_expressions_right7) { transformation: [-0.993062429503894f,-0.05277733717004987f,0.10507884558303072f,-0.26434421903109584f,-0.030263427118808188f,0.9782269695890827f,0.2053195581224162f,3.1113642176206597f,-0.11362718022923977f,0.20071509322868214f,-0.9730376741233372f,3.6639367707958566f,0f,0f,0f,1f], start_interpolation: 0, interpolation_duration: 1 }
$data merge entity $(bone_eyelid_expressions_right6) { transformation: [-0.993062429503894f,-0.05277733717004987f,0.10507884558303072f,-0.3613229719123355f,-0.030263427118808188f,0.9782269695890827f,0.2053195581224162f,3.1084088048160887f,-0.11362718022923977f,0.20071509322868214f,-0.9730376741233372f,3.6528403664765947f,0f,0f,0f,1f], start_interpolation: 0, interpolation_duration: 1 }
$data merge entity $(bone_right_eye1) { transformation: [-0.993062429503894f,-0.05277733717004987f,0.10507884558303072f,-0.02207166383877908f,-0.030263427118808188f,0.9782269695890827f,0.2053195581224162f,3.071933152380616f,-0.11362718022923977f,0.20071509322868214f,-0.9730376741233372f,3.1900045832361084f,0f,0f,0f,1f], start_interpolation: 0, interpolation_duration: 1 }
$data merge entity $(bone_tear_left1) { transformation: [-0.993062429503894f,-0.05277733717004987f,0.10507884558303072f,0.4590395536749629f,-0.030263427118808188f,0.9782269695890827f,0.2053195581224162f,2.9519041451451073f,-0.11362718022923977f,0.20071509322868214f,-0.9730376741233372f,3.6582267504984363f,0f,0f,0f,1f], start_interpolation: 0, interpolation_duration: 1 }
$data merge entity $(bone_left_sad_pupil1) { transformation: [-0.993062429503894f,-0.05277733717004987f,0.10507884558303072f,0.28873946124891164f,-0.030263427118808188f,0.9782269695890827f,0.2053195581224162f,3.0325323130102317f,-0.11362718022923977f,0.20071509322868214f,-0.9730376741233372f,3.707030336368078f,0f,0f,0f,1f], start_interpolation: 0, interpolation_duration: 1 }
$data merge entity $(bone_left_pupil1) { transformation: [-0.993062429503894f,-0.05277733717004987f,0.10507884558303072f,0.2877133006475148f,-0.030263427118808188f,0.9782269695890827f,0.2053195581224162f,3.0305272392004428f,-0.11362718022923977f,0.20071509322868214f,-0.9730376741233372f,3.7165326574044384f,0f,0f,0f,1f], start_interpolation: 0, interpolation_duration: 1 }
$data merge entity $(bone_eyelid_left1) { transformation: [-0.993062429503894f,-0.05277733717004987f,0.10507884558303072f,-0.03074337852550626f,-0.030263427118808188f,0.9782269695890827f,0.2053195581224162f,3.0736426849099483f,-0.11362718022923977f,0.20071509322868214f,-0.9730376741233372f,3.1793926217678217f,0f,0f,0f,1f], start_interpolation: 0, interpolation_duration: 1 }
$data merge entity $(bone_left_happy_pupil1) { transformation: [-0.993062429503894f,-0.05277733717004987f,0.10507884558303072f,0.31427295251656606f,-0.030263427118808188f,0.9782269695890827f,0.2053195581224162f,3.00938898698989f,-0.11362718022923977f,0.20071509322868214f,-0.9730376741233372f,3.704904264849075f,0f,0f,0f,1f], start_interpolation: 0, interpolation_duration: 1 }
$data merge entity $(bone_eyelid_expressions_left5) { transformation: [-0.993062429503894f,-0.05277733717004987f,0.10507884558303072f,0.3951113005613337f,-0.030263427118808188f,0.9782269695890827f,0.2053195581224162f,3.1314610246917436f,-0.11362718022923977f,0.20071509322868214f,-0.9730376741233372f,3.7393923201668358f,0f,0f,0f,1f], start_interpolation: 0, interpolation_duration: 1 }
$data merge entity $(bone_eyelid_expressions_left7) { transformation: [-0.993062429503894f,-0.05277733717004987f,0.10507884558303072f,0.1041750419176148f,-0.030263427118808188f,0.9782269695890827f,0.2053195581224162f,3.1225947862780306f,-0.11362718022923977f,0.20071509322868214f,-0.9730376741233372f,3.7061031072090507f,0f,0f,0f,1f], start_interpolation: 0, interpolation_duration: 1 }
$data merge entity $(bone_eyelid_expressions_left6) { transformation: [-0.993062429503894f,-0.05277733717004987f,0.10507884558303072f,0.20115379479885445f,-0.030263427118808188f,0.9782269695890827f,0.2053195581224162f,3.1255501990826016f,-0.11362718022923977f,0.20071509322868214f,-0.9730376741233372f,3.7171995115283125f,0f,0f,0f,1f], start_interpolation: 0, interpolation_duration: 1 }
$data merge entity $(bone_left_eye1) { transformation: [-0.993062429503894f,-0.05277733717004987f,0.10507884558303072f,-0.02207166383877908f,-0.030263427118808188f,0.9782269695890827f,0.2053195581224162f,3.071933152380616f,-0.11362718022923977f,0.20071509322868214f,-0.9730376741233372f,3.1900045832361084f,0f,0f,0f,1f], start_interpolation: 0, interpolation_duration: 1 }
$data merge entity $(bone_crest_middle5) { transformation: [-0.993062429503894f,-0.028783078774489438f,0.11401116385725163f,-0.1292283761095648f,-0.030263427118808188f,0.9994783703608116f,-0.011274402863157368f,4.165537977483614f,-0.11362718022923977f,-0.01464655444661711f,-0.9934154933138473f,3.835246988759853f,0f,0f,0f,1f], start_interpolation: 0, interpolation_duration: 1 }
$data merge entity $(bone_crest_middle4) { transformation: [-0.993062429503894f,-0.028783078774489438f,0.11401116385725163f,-0.11236329089013741f,-0.030263427118808188f,0.9994783703608116f,-0.011274402863157368f,3.579906119850326f,-0.11362718022923977f,-0.01464655444661711f,-0.9934154933138473f,3.8438289542559176f,0f,0f,0f,1f], start_interpolation: 0, interpolation_duration: 1 }
$data merge entity $(bone_crest_middle1) { transformation: [-0.993062429503894f,-0.028783078774489438f,0.11401116385725163f,-0.10806493964438162f,-0.030263427118808188f,0.9994783703608116f,-0.011274402863157368f,3.1415079920770648f,-0.11362718022923977f,-0.01464655444661711f,-0.9934154933138473f,3.9230256626470057f,0f,0f,0f,1f], start_interpolation: 0, interpolation_duration: 1 }
$data merge entity $(bone_crest_left5) { transformation: [-0.489060099734385f,-0.8447741851851029f,0.2172021981763507f,-1.0626031954504866f,-0.8412887857530625f,0.5225984036872189f,0.13828986741518046f,3.5733183573360834f,-0.23033323210933088f,-0.11509771721635514f,-0.96628107591821f,3.697810097389121f,0f,0f,0f,1f], start_interpolation: 0, interpolation_duration: 1 }
$data merge entity $(bone_crest_left4) { transformation: [-0.489060099734385f,-0.8447741851851029f,0.2172021981763507f,-0.650115800340573f,-0.8412887857530625f,0.5225984036872189f,0.13828986741518046f,3.3181433555356836f,-0.23033323210933088f,-0.11509771721635514f,-0.96628107591821f,3.754010154623669f,0f,0f,0f,1f], start_interpolation: 0, interpolation_duration: 1 }
$data merge entity $(bone_crest_left1) { transformation: [-0.489060099734385f,-0.8447741851851029f,0.2172021981763507f,-0.18577408963683847f,-0.8412887857530625f,0.5225984036872189f,0.13828986741518046f,3.044203288487626f,-0.23033323210933088f,-0.11509771721635514f,-0.96628107591821f,3.7686485244216033f,0f,0f,0f,1f], start_interpolation: 0, interpolation_duration: 1 }
$data merge entity $(bone_crest_center1) { transformation: [-0.993062429503894f,-0.05277733717004987f,0.10507884558303072f,-0.08750684404026353f,-0.030263427118808188f,0.9782269695890827f,0.2053195581224162f,3.0232765126133914f,-0.11362718022923977f,0.20071509322868214f,-0.9730376741233372f,3.774844720633553f,0f,0f,0f,1f], start_interpolation: 0, interpolation_duration: 1 }
$data merge entity $(bone_crest_right5) { transformation: [-0.5780840091383901f,0.8159759834795002f,-0.001439709397033223f,0.8449478381210772f,0.8087677306767259f,0.5732095135215101f,0.131626788399826f,3.6314506861452f,0.10822955323988188f,0.07492695104630948f,-0.9912982980982061f,3.9160739634346724f,0f,0f,0f,1f], start_interpolation: 0, interpolation_duration: 1 }
$data merge entity $(bone_crest_right4) { transformation: [-0.5780840091383901f,0.8159759834795002f,-0.001439709397033223f,0.4465220649377275f,0.8087677306767259f,0.5732095135215101f,0.131626788399826f,3.351563228371025f,0.10822955323988188f,0.07492695104630948f,-0.9912982980982061f,3.879488538119092f,0f,0f,0f,1f], start_interpolation: 0, interpolation_duration: 1 }
$data merge entity $(bone_crest_right1) { transformation: [-0.5780840091383901f,0.8159759834795002f,-0.001439709397033223f,0.008183416125640823f,0.8087677306767259f,0.5732095135215101f,0.131626788399826f,3.050114114096768f,0.10822955323988188f,0.07492695104630948f,-0.9912982980982061f,3.7908413330601265f,0f,0f,0f,1f], start_interpolation: 0, interpolation_duration: 1 }
$data merge entity $(bone_head1) { transformation: [-0.993062429503894f,-0.05277733717004987f,0.10507884558303072f,0.03694418765455041f,-0.030263427118808188f,0.9782269695890827f,0.2053195581224162f,3.1344472231695564f,-0.11362718022923977f,0.20071509322868214f,-0.9730376741233372f,2.6575763845747122f,0f,0f,0f,1f], start_interpolation: 0, interpolation_duration: 1 }
$data merge entity $(bone_neck10) { transformation: [-1.2991908721996672f,-0.052648928486648615f,-0.06893602009631583f,0.003621951881919959f,-0.05846641250209788f,1.2959280518167184f,0.11213014790012349f,2.8255615380033787f,0.06407622918560701f,0.1149764401439565f,-1.2954133170573867f,1.700101464128137f,0f,0f,0f,1f], start_interpolation: 0, interpolation_duration: 1 }
$data merge entity $(bone_neck9) { transformation: [-0.9977785898493445f,0.01738750837899704f,-0.0643083213171027f,-0.017644510152553174f,-0.044902204801611174f,0.5375632783353752f,0.8420270267570265f,2.262005656758212f,0.04921054401454619f,0.8430441247868907f,-0.535588392350038f,0.7546918364086779f,0f,0f,0f,1f], start_interpolation: 0, interpolation_duration: 1 }
$data merge entity $(bone_neck8) { transformation: [-0.9977785898493445f,0.033755092927831284f,-0.0574323892911212f,-0.05176458607637718f,-0.044902204801611174f,0.2960797269558552f,0.9541072200175934f,2.0339095829230724f,0.04921054401454619f,0.9545665974604286f,-0.2939063343492494f,-0.14524330451404632f,0f,0f,0f,1f], start_interpolation: 0, interpolation_duration: 1 }
$data merge entity $(bone_neck7) { transformation: [-0.9986832600478793f,-0.01378492582077209f,-0.04941378269527194f,-0.038975836535621824f,-0.05049479727164276f,0.09409375476598442f,0.9942819724618034f,1.9466155721538487f,-0.009056574884328341f,0.9954679006046125f,-0.0946659247945636f,-1.0687730951140284f,0f,0f,0f,1f], start_interpolation: 0, interpolation_duration: 1 }
$data merge entity $(bone_neck6) { transformation: [-0.9978681808212161f,-0.062244029477863755f,-0.019615669728957705f,0.01250664627636705f,-0.006899404592489791f,-0.19826927704573472f,0.9801233044857319f,2.1268962332033974f,-0.06489600851227949f,0.978169195269469f,0.19741715605553034f,-1.8795557903022113f,0f,0f,0f,1f], start_interpolation: 0, interpolation_duration: 1 }
$data merge entity $(bone_neck_spine6) { transformation: [-1.0931302081064789f,-0.16081211179098312f,0.06440101197785388f,0.5561350521341566f,0.04199329905373792f,0.15319193784548324f,1.095312955520517f,3.819699284697305f,-0.16806126405876723f,1.0842570601097468f,-0.1452023300174602f,-4.949615613379202f,0f,0f,0f,1f], start_interpolation: 0, interpolation_duration: 1 }
$data merge entity $(bone_neck_spine7) { transformation: [-0.9981493604084964f,0.0359473491020751f,0.04904734864029607f,0.8906477795719587f,0.05911249193130089f,0.38433407873244135f,0.9212996413884884f,3.3620047972841043f,0.014267712282671458f,0.922493958797248f,-0.3857477522537233f,-8.062138709907613f,0f,0f,0f,1f], start_interpolation: 0, interpolation_duration: 1 }
$data merge entity $(bone_tail6) { transformation: [-1.2828525495649281f,0.758446952503348f,0.1457457992436639f,-0.20295557040505052f,-0.025421913792072502f,-0.32388952754116557f,1.461726233578756f,3.7414770204930154f,0.7719050097375574f,1.2498192172756712f,0.29035988317003525f,-10.98222327974523f,0f,0f,0f,1f], start_interpolation: 0, interpolation_duration: 1 }
$data merge entity $(bone_tail5) { transformation: [-1.0597477583362451f,0.5961175211312011f,0.2273676504453879f,0.17353970609886638f,-0.0210007113934512f,-0.4731784902811764f,1.142706675058633f,3.442627447683851f,0.6376606602179823f,0.9751222877685545f,0.4155031468891038f,-10.36635657168088f,0f,0f,0f,1f], start_interpolation: 0, interpolation_duration: 1 }
$data merge entity $(bone_tail4) { transformation: [-0.8452857683338084f,0.4860779230745194f,0.2218563105973872f,0.36341389479985053f,-0.006370667679733814f,-0.4243557565926269f,0.9054731395463995f,3.2768634802648564f,0.5342765056088814f,0.7639701856396365f,0.3617985226726362f,-10.067930717915397f,0f,0f,0f,1f], start_interpolation: 0, interpolation_duration: 1 }
$data merge entity $(bone_segment18) { transformation: [-0.9015001318281157f,0.37158752638107395f,0.2218563105973872f,0.5448531166656093f,0.049073375320102336f,-0.4215568732622904f,0.9054731395463995f,3.0710251632422536f,0.4299875767374936f,0.827171392664976f,0.3617985226726362f,-9.664038436340702f,0f,0f,0f,1f], start_interpolation: 0, interpolation_duration: 1 }
$data merge entity $(bone_segment17) { transformation: [-0.949716760407489f,0.2807418197653993f,0.13864380850191557f,0.7230583733526303f,0.07936593220167197f,-0.21249015580134983f,0.973934793758431f,2.9361437166886626f,0.3028846708020453f,0.9359657922821378f,0.17952412615246577f,-9.06991952522411f,0f,0f,0f,1f], start_interpolation: 0, interpolation_duration: 1 }
$data merge entity $(bone_segment16) { transformation: [-0.9826925683892364f,0.1687441729411666f,0.07642460422512731f,0.8631292200323096f,0.07896594022823648f,0.008391327171851523f,0.9968419964629125f,2.9431091738137347f,0.16756997438812313f,0.9856241625116018f,-0.02157113712503668f,-8.251774468451785f,0f,0f,0f,1f], start_interpolation: 0, interpolation_duration: 1 }
$data merge entity $(bone_segment15) { transformation: [-0.9981493604084964f,0.02202808494443164f,0.05667995933123203f,0.8857166118210335f,0.05911249193130089f,0.1327883191332179f,0.9893800966258854f,3.0792690713624444f,0.014267712282671458f,0.9908996042866579f,-0.13384471080608065f,-7.235715303900037f,0f,0f,0f,1f], start_interpolation: 0, interpolation_duration: 1 }
$data merge entity $(bone_segment14) { transformation: [-0.9866755730754508f,-0.15236868662726594f,0.057053455913840645f,0.7294791890098722f,0.038168647097673786f,0.12410935647475803f,0.9915341759183868f,3.206529641966444f,-0.1581596278288609f,0.9805002044726473f,-0.1166399637951453f,-6.230319586423201f,0f,0f,0f,1f], start_interpolation: 0, interpolation_duration: 1 }
$data merge entity $(bone_segment13) { transformation: [-0.9876752939126773f,-0.15319533884827397f,0.03207338382006001f,0.5641308520322159f,0.0379421807920832f,-0.03553986916465343f,0.9986477400047026f,3.1439713118746866f,-0.15184829505545083f,0.9875566342518902f,0.04091441596590273f,-5.170466607545716f,0f,0f,0f,1f], start_interpolation: 0, interpolation_duration: 1 }
$data merge entity $(bone_segment12) { transformation: [-0.9757820476231671f,-0.2186861026652687f,0.005077798481107478f,0.30785807547135413f,0.05103113627064315f,-0.20500652208376982f,0.977429357567105f,2.903729293807769f,-0.21270923503051353f,0.9540171457600709f,0.21120148420061202f,-4.052477764858133f,0f,0f,0f,1f], start_interpolation: 0, interpolation_duration: 1 }
$data merge entity $(bone_segment11) { transformation: [-1.016663594050008f,-0.1934555719809294f,-0.022771475949405446f,0.08428907775208853f,0.04225756381956629f,-0.3371705031707405f,0.9777928267305336f,2.5140746010919974f,-0.190152298822334f,0.9593953592628972f,0.3390444068134153f,-2.9437422723076008f,0f,0f,0f,1f], start_interpolation: 0, interpolation_duration: 1 }
$data merge entity $(bone_segment10) { transformation: [-0.9977327889677211f,-0.06355378540608358f,-0.022140419581623418f,0.009403997040368789f,6.938893903907228e-18f,-0.3289812715883237f,0.9443364458412741f,2.1429837624493127f,-0.06729993921760151f,0.9421954358330797f,0.3282354016199655f,-1.833558499496167f,0f,0f,0f,1f], start_interpolation: 0, interpolation_duration: 1 }