# This file was generated by Animated Java via MC-Build. It is not recommended to edit this file directly.
$data merge entity $(bone_neck_spine5) { transformation: [-1.5679457659380638f,-0.004898199965026192f,-0.1163669982024273f,0.039023248069287114f,-0.08050157463060958f,1.180823015925493f,1.0349858439124948f,3.2610517827388055f,0.08417105865755464f,1.038100288148678f,-1.1778294529288782f,0.46640957682563783f,0f,0f,0f,1f], start_interpolation: 0, interpolation_duration: 1 }
$data merge entity $(bone_neck_spine2) { transformation: [-1.4932816818457744f,-0.08166423232965411f,-0.07506699345179178f,-0.019690661873258717f,-0.07666816631486624f,1.4922033053377834f,-0.09821186026615249f,4.366423022853969f,0.08016291300719487f,-0.09409851423391627f,-1.4922847109989428f,2.5276489307591063f,0f,0f,0f,1f], start_interpolation: 0, interpolation_duration: 1 }
$data merge entity $(bone_scale_neck_left1) { transformation: [-1.6069006958152845f,0.36149412676184706f,-0.01572357919550992f,0.8117686473006456f,0.3433855100382761f,1.5460869236505967f,0.4525004937567037f,3.505841126796816f,0.11406851503276826f,0.43816926144013907f,-1.5836827816974253f,2.5085842763980994f,0f,0f,0f,1f], start_interpolation: 0, interpolation_duration: 1 }
$data merge entity $(bone_scale_neck_right1) { transformation: [-1.5663778575069756f,-0.46862832891446504f,-0.19975729695899877f,-0.7561771186374175f,-0.5063081862133368f,1.5034667219383322f,0.44305182251632913f,3.4253395521662062f,0.05628062653250122f,0.48273220961576135f,-1.573803413935256f,2.592755335055654f,0f,0f,0f,1f], start_interpolation: 0, interpolation_duration: 1 }
$data merge entity $(bone_blush_right1) { transformation: [-0.9925225931080951f,-0.05948214992797676f,0.10658694108533395f,-0.7009440844735401f,-0.03947931184085595f,0.9827276689592511f,0.180797435265242f,3.0668593709681122f,-0.11550015630532802f,0.17523756019148f,-0.9777277286604806f,3.828282135529564f,0f,0f,0f,1f], start_interpolation: 0, interpolation_duration: 1 }
$data merge entity $(bone_blush_left1) { transformation: [-0.9925225931080951f,-0.05948214992797676f,0.10658694108533395f,0.6143422034636524f,-0.03947931184085595f,0.9827276689592511f,0.180797435265242f,3.11917716996034f,-0.11550015630532802f,0.17523756019148f,-0.9777277286604806f,3.981342401258402f,0f,0f,0f,1f], start_interpolation: 0, interpolation_duration: 1 }
$data merge entity $(bone_left_head_scales) { transformation: [-0.9295946644961378f,-0.05948214992797676f,-0.36375215955408263f,0.6239636356281324f,-0.11850154229943678f,0.9827276689592511f,0.14213976619711924f,3.908057943717635f,0.3490145329538126f,0.17523756019148f,-0.920587124222998f,3.7262475938900415f,0f,0f,0f,1f], start_interpolation: 0, interpolation_duration: 1 }
$data merge entity $(bone_left_head_scales2) { transformation: [-0.874162668976792f,-0.05948214992797676f,-0.48197666126827887f,0.659449310038795f,-0.1360407076224062f,0.9827276689592511f,0.12545618570445982f,2.994681954434661f,0.46618939717347346f,0.17523756019148f,-0.8671558357418642f,3.7335127089464586f,0f,0f,0f,1f], start_interpolation: 0, interpolation_duration: 1 }
$data merge entity $(bone_left_head_scales1) { transformation: [-0.9925225931080951f,-0.05948214992797676f,0.10658694108533395f,0.630643759887622f,-0.03947931184085595f,0.9827276689592511f,0.180797435265242f,3.797693019957563f,-0.11550015630532802f,0.17523756019148f,-0.9777277286604806f,3.7065675944544747f,0f,0f,0f,1f], start_interpolation: 0, interpolation_duration: 1 }
$data merge entity $(bone_right_head_scales) { transformation: [-0.8311619200259034f,-0.05948214992797676f,0.5528397023901228f,-0.713615640240199f,0.04846438772091584f,0.9827276689592511f,0.1785988011850966f,3.8548534023696064f,-0.5539143127070203f,0.17523756019148f,-0.8139230502181684f,3.5705930863691893f,0f,0f,0f,1f], start_interpolation: 0, interpolation_duration: 1 }
$data merge entity $(bone_right_head_scales2) { transformation: [-0.7518911533182225f,-0.05948214992797676f,0.6565984826374022f,-0.6781299658295363f,0.07136158961928671f,0.9827276689592511f,0.17074499169499946f,2.9414774130866324f,-0.6554137754798885f,0.17523756019148f,-0.7346594996386665f,3.5778582014256064f,0f,0f,0f,1f], start_interpolation: 0, interpolation_duration: 1 }
$data merge entity $(bone_right_head_scales1) { transformation: [-0.9925225931080951f,-0.05948214992797676f,0.10658694108533395f,-0.7069355159807094f,-0.03947931184085595f,0.9827276689592511f,0.180797435265242f,3.7444884786095343f,-0.11550015630532802f,0.17523756019148f,-0.9777277286604806f,3.5509130869336225f,0f,0f,0f,1f], start_interpolation: 0, interpolation_duration: 1 }
$data merge entity $(bone_head_left_fin1) { transformation: [-0.6120393880998013f,0.09944830110707f,-0.8450994147711335f,0.6646718260122553f,0.08809049193260172f,1.0428058746716224f,0.05891664456330139f,3.3990531436521683f,0.8463587009481659f,-0.03662159448254168f,-0.617260889877257f,3.550415455647526f,0f,0f,0f,1f], start_interpolation: 0, interpolation_duration: 1 }
$data merge entity $(bone_head_right_fin1) { transformation: [-0.39285124007116223f,-0.16981145422416996f,0.9568213894003396f,-0.6729074498560761f,-0.12806176387239768f,1.0320955997411285f,0.13059117755064653f,3.3458486023041396f,-0.9632981292588573f,-0.06795543417892987f,-0.4075708173521663f,3.394760948126674f,0f,0f,0f,1f], start_interpolation: 0, interpolation_duration: 1 }
$data merge entity $(bone_right_whisker16) { transformation: [-0.16597544808718123f,-0.43337745004551725f,0.88579689343794f,-0.8157088235962973f,0.982084970213976f,0.00863244565364358f,0.1882407824087331f,1.7854282316859744f,-0.08922590381763909f,0.9011711639162024f,0.42418070608390857f,1.7042959004838871f,0f,0f,0f,1f], start_interpolation: 0, interpolation_duration: 1 }
$data merge entity $(bone_right_whisker15) { transformation: [0.48805880206311f,-0.27248638164720596f,0.8291862140349029f,-0.980142697338263f,0.26831117687900247f,0.9508554534632693f,0.15454131803814125f,1.6950304230695137f,-0.830546638118852f,0.1470546783886f,0.5371845152957211f,1.984118742428227f,0f,0f,0f,1f], start_interpolation: 0, interpolation_duration: 1 }
$data merge entity $(bone_right_whisker14) { transformation: [0.7353937738353484f,-0.17919871813960564f,0.65351650080264f,-1.227907201218336f,-0.31390784079216694f,0.7645988335037297f,0.5628947426419402f,1.8007903889614056f,-0.6005479705180966f,-0.6190932427525425f,0.5060293389564852f,2.186451798901609f,0f,0f,0f,1f], start_interpolation: 0, interpolation_duration: 1 }
$data merge entity $(bone_right_whisker13) { transformation: [0.28019259676999975f,-0.41495420985236453f,0.8656241172940393f,-1.322308027278541f,0.039220708893801824f,0.9059401905166361f,0.42158523124102604f,1.787576380593865f,-0.959142244252203f,-0.08417466918546031f,0.2701125327680415f,2.5096003089279857f,0f,0f,0f,1f], start_interpolation: 0, interpolation_duration: 1 }
$data merge entity $(bone_right_whisker12) { transformation: [-0.364443960521174f,-0.294097897691542f,0.8835649530244263f,-1.1585929668881698f,-0.49525752727715255f,0.8647196040310341f,0.08354632295758341f,2.010055347925398f,-0.7886067342566647f,-0.40714424099798796f,-0.46079603482149345f,2.863857240332347f,0f,0f,0f,1f], start_interpolation: 0, interpolation_duration: 1 }
$data merge entity $(bone_right_whisker11) { transformation: [-0.8503932485229171f,-0.20824644855559205f,0.48318189073124806f,-0.7765803747782655f,-0.2906827028061638f,0.951415667289153f,-0.10154700550011209f,2.1406354683266047f,-0.4385600177352513f,-0.22680750582976655f,-0.8696111005175458f,3.060866623299354f,0f,0f,0f,1f], start_interpolation: 0, interpolation_duration: 1 }
$data merge entity $(bone_right_whisker10) { transformation: [-0.38246199347736265f,-0.5481270889025361f,0.7438276130640442f,-0.6047712761458566f,-0.6372247229160697f,0.7394276228828363f,0.21723591559034855f,2.4268887618240575f,-0.6690795737801749f,-0.3909008633004922f,-0.6320830950287074f,3.361429713083417f,0f,0f,0f,1f], start_interpolation: 0, interpolation_duration: 1 }
$data merge entity $(bone_right_whisker1) { transformation: [0.15996727313826434f,-0.53467489305473f,0.8297790249588268f,-0.6766315746259363f,-0.8066635892026623f,0.41369486763368807f,0.4220786779123346f,2.789257171036191f,-0.5689501958690117f,-0.7368713016738125f,-0.36512512840142175f,3.6170128088839495f,0f,0f,0f,1f], start_interpolation: 0, interpolation_duration: 1 }
$data merge entity $(bone_left_whisker16) { transformation: [-0.10452258845203832f,0.21317300154964866f,-0.9714073810269303f,1.3130834383841137f,-0.9928444999325179f,0.03435011402372942f,0.11436725326904557f,1.8701046452393855f,0.05774796496011887f,0.9764104367922699f,0.20805727929129159f,1.952024104060943f,0f,0f,0f,1f], start_interpolation: 0, interpolation_duration: 1 }
$data merge entity $(bone_left_whisker15) { transformation: [0.3041208464734038f,0.15613436678545212f,-0.9397513342628498f,1.4155460282604069f,-0.2368008539949505f,0.967904588975483f,0.08417875140119196f,1.7903231075164774f,0.9227328249756607f,0.1969334053651323f,0.3313327142974716f,2.2629057687255942f,0f,0f,0f,1f], start_interpolation: 0, interpolation_duration: 1 }
$data merge entity $(bone_left_whisker14) { transformation: [0.5511908035449581f,0.2558801249627668f,-0.7941750812865527f,1.6012499610953779f,0.36508397934330306f,0.7819048509601269f,0.5053102928616049f,1.9133250341506955f,0.7502682094520083f,-0.5684629853333119f,0.33756102884014416f,2.515681679136671f,0f,0f,0f,1f], start_interpolation: 0, interpolation_duration: 1 }
$data merge entity $(bone_left_whisker13) { transformation: [0.05501168180451205f,0.35089154861276484f,-0.9347988211252596f,1.6197841702970934f,-0.02588737589350093f,0.9364030371363388f,0.3499702784683144f,1.9046032131709516f,0.9981500681933495f,0.004947034867135686f,0.060596767336513924f,2.8519724735963448f,0f,0f,0f,1f], start_interpolation: 0, interpolation_duration: 1 }
$data merge entity $(bone_left_whisker12) { transformation: [-0.5732030353937526f,0.31091508519473365f,-0.7581359310926638f,1.362290619241306f,0.4579609877269083f,0.8887850473619873f,0.018244815864929598f,2.110327875626399f,0.6794924679020239f,-0.3367386960004778f,-0.6518412664754474f,3.157213230661707f,0f,0f,0f,1f], start_interpolation: 0, interpolation_duration: 1 }
$data merge entity $(bone_left_whisker11) { transformation: [-0.9483836660796303f,0.17948125520111985f,-0.2614477021218416f,0.9362588942445969f,0.2191332234927067f,0.9668382108486053f,-0.1311659422440287f,2.2087666283672633f,0.22923580059636434f,-0.18168751491090113f,-0.9562638729192091f,3.2601902504608553f,0f,0f,0f,1f], start_interpolation: 0, interpolation_duration: 1 }
$data merge entity $(bone_left_whisker10) { transformation: [-0.5744055324915138f,0.5634695051417751f,-0.5937679690067695f,0.6782251589456748f,0.5991636533641755f,0.7836433101450093f,0.16403072563476467f,2.4779221757769516f,0.557728608492011f,-0.2615440292575161f,-0.7877395001073064f,3.510732398806876f,0f,0f,0f,1f], start_interpolation: 0, interpolation_duration: 1 }
$data merge entity $(bone_left_whisker1) { transformation: [-0.03846112323512691f,0.6552669411899661f,-0.7544176414845019f,0.6609477012423951f,0.8114967075779187f,0.4610268730437756f,0.3590645010602928f,2.8424617123842197f,0.5830899035223392f,-0.5983974081787324f,-0.5494785767391528f,3.7726673164048017f,0f,0f,0f,1f], start_interpolation: 0, interpolation_duration: 1 }
$data merge entity $(bone_upper_left_tooth1) { transformation: [-0.9925225931080951f,-0.049966138371855595f,0.11136555655222731f,0.17728694632650413f,-0.03947931184085595f,0.9947456282426799f,0.09445908653300138f,3.0623501927766617f,-0.11550015630532802f,0.08935614197290054f,-0.9892801391846315f,4.6936408494181645f,0f,0f,0f,1f], start_interpolation: 0, interpolation_duration: 1 }
$data merge entity $(bone_upper_right_tooth1) { transformation: [-0.9925225931080951f,-0.049966138371855595f,0.11136555655222731f,-0.49150269160766147f,-0.03947931184085595f,0.9947456282426799f,0.09445908653300138f,3.0357479221026473f,-0.11550015630532802f,0.08935614197290054f,-0.9892801391846315f,4.615813595657738f,0f,0f,0f,1f], start_interpolation: 0, interpolation_duration: 1 }
$data merge entity $(bone_top_lip1) { transformation: [-0.9925225931080951f,-0.008863547903664684f,0.12173881750921602f,-0.13541385574982442f,-0.03947931184085595f,0.9670620367331177f,-0.2514605357629047f,3.1730435561862467f,-0.11550015630532802f,-0.2543864277593325f,-0.9601808471664549f,4.669008691246358f,0f,0f,0f,1f], start_interpolation: 0, interpolation_duration: 1 }
$data merge entity $(bone_muzzle1) { transformation: [-0.9925225931080951f,-0.049966138371855595f,0.11136555655222731f,-0.0812966329486666f,-0.03947931184085595f,0.9947456282426799f,0.09445908653300138f,3.3936564425420457f,-0.11550015630532802f,0.08935614197290054f,-0.9892801391846315f,4.128557377241633f,0f,0f,0f,1f], start_interpolation: 0, interpolation_duration: 1 }
$data merge entity $(bone_jaw_right_tooth1) { transformation: [-0.9925225931080951f,0.03330811725374339f,0.11742858040099793f,-0.4946683105911641f,-0.03947931184085595f,0.8227364912779235f,-0.5670503062835466f,3.0703121926932546f,-0.11550015630532802f,-0.5674462399599652f,-0.8152695742199277f,4.631202100764186f,0f,0f,0f,1f], start_interpolation: 0, interpolation_duration: 1 }
$data merge entity $(bone_jaw_left_tooth1) { transformation: [-0.9925225931080951f,0.03330811725374339f,0.11742858040099793f,0.22985379717084856f,-0.03947931184085595f,0.8227364912779235f,-0.5670503062835466f,3.09913131925677f,-0.11550015630532802f,-0.5674462399599652f,-0.8152695742199277f,4.715514959004648f,0f,0f,0f,1f], start_interpolation: 0, interpolation_duration: 1 }
$data merge entity $(bone_tongue1) { transformation: [-0.9925225931080951f,-0.01944005648915028f,0.1205030554537162f,-0.03542292587344286f,-0.03947931184085595f,0.9852983034854765f,-0.16621864241177758f,2.9430986907676004f,-0.11550015630532802f,-0.16973313569347798f,-0.978698307212751f,3.8883587350525732f,0f,0f,0f,1f], start_interpolation: 0, interpolation_duration: 1 }
$data merge entity $(bone_jaw_lips1) { transformation: [-0.9925225931080951f,-0.01944005648915028f,0.1205030554537162f,-0.08544423602671825f,-0.03947931184085595f,0.9852983034854765f,-0.16621864241177758f,2.9674013015132115f,-0.11550015630532802f,-0.16973313569347798f,-0.978698307212751f,4.796064639698037f,0f,0f,0f,1f], start_interpolation: 0, interpolation_duration: 1 }
$data merge entity $(bone_jaw3) { transformation: [-0.9925225931080951f,0.012410833117078288f,0.12142847026674917f,0.022606304717299852f,-0.03947931184085595f,0.9087045276281724f,-0.4155688455654881f,2.517499506755941f,-0.11550015630532802f,-0.4172553806596149f,-0.9014198029797463f,4.0213402367590785f,0f,0f,0f,1f], start_interpolation: 0, interpolation_duration: 1 }
$data merge entity $(bone_jaw1) { transformation: [-0.9925225931080951f,-0.07708711049746678f,0.09463867901198803f,0.10763324289213286f,-0.03947931184085595f,0.936402682330021f,0.3486995848315775f,2.8307842900030615f,-0.11550015630532802f,0.3423559462318324f,-0.9324441645338082f,3.183597432685735f,0f,0f,0f,1f], start_interpolation: 0, interpolation_duration: 1 }
$data merge entity $(bone_tear_right1) { transformation: [-0.9925225931080951f,-0.05948214992797676f,0.10658694108533395f,-0.6793652413530588f,-0.03947931184085595f,0.9827276689592511f,0.180797435265242f,3.4370795004964276f,-0.11550015630532802f,0.17523756019148f,-0.9777277286604806f,4.002470804358652f,0f,0f,0f,1f], start_interpolation: 0, interpolation_duration: 1 }
$data merge entity $(bone_right_pupil1) { transformation: [-0.9925225931080951f,-0.05948214992797676f,0.10658694108533395f,-0.5093106997345613f,-0.03947931184085595f,0.9827276689592511f,0.180797435265242f,3.542577394823017f,-0.11550015630532802f,0.17523756019148f,-0.9777277286604806f,4.109435301286847f,0f,0f,0f,1f], start_interpolation: 0, interpolation_duration: 1 }
$data merge entity $(bone_right_sad_pupil1) { transformation: [-0.9925225931080951f,-0.05948214992797676f,0.10658694108533395f,-0.5081136784235445f,-0.03947931184085595f,0.9827276689592511f,0.180797435265242f,3.5446078347698435f,-0.11550015630532802f,0.17523756019148f,-0.9777277286604806f,4.098454960584117f,0f,0f,0f,1f], start_interpolation: 0, interpolation_duration: 1 }
$data merge entity $(bone_right_happy_pupil1) { transformation: [-0.9925225931080951f,-0.05948214992797676f,0.10658694108533395f,-0.5343095469611863f,-0.03947931184085595f,0.9827276689592511f,0.180797435265242f,3.515908543240709f,-0.11550015630532802f,0.17523756019148f,-0.9777277286604806f,4.090292262969076f,0f,0f,0f,1f], start_interpolation: 0, interpolation_duration: 1 }
$data merge entity $(bone_eyelid_right1) { transformation: [-0.9925225931080951f,-0.05948214992797676f,0.10658694108533395f,-0.01578217638072305f,-0.03947931184085595f,0.9827276689592511f,0.180797435265242f,3.608017174768167f,-0.11550015630532802f,0.17523756019148f,-0.9777277286604806f,3.5895371217339758f,0f,0f,0f,1f], start_interpolation: 0, interpolation_duration: 1 }
$data merge entity $(bone_eyelid_expressions_right5) { transformation: [-0.9925225931080951f,-0.05948214992797676f,0.10658694108533395f,-0.6429781265992756f,-0.03947931184085595f,0.9827276689592511f,0.180797435265242f,3.6498740041719406f,-0.11550015630532802f,0.17523756019148f,-0.9777277286604806f,4.103218111223471f,0f,0f,0f,1f], start_interpolation: 0, interpolation_duration: 1 }
$data merge entity $(bone_eyelid_expressions_right7) { transformation: [-0.9925225931080951f,-0.05948214992797676f,0.10658694108533395f,-0.30858330763219266f,-0.03947931184085595f,0.9827276689592511f,0.180797435265242f,3.663175139508948f,-0.11550015630532802f,0.17523756019148f,-0.9777277286604806f,4.142131738103684f,0f,0f,0f,1f], start_interpolation: 0, interpolation_duration: 1 }
$data merge entity $(bone_eyelid_expressions_right6) { transformation: [-0.9925225931080951f,-0.05948214992797676f,0.10658694108533395f,-0.420048247287887f,-0.03947931184085595f,0.9827276689592511f,0.180797435265242f,3.6587414277299453f,-0.11550015630532802f,0.17523756019148f,-0.9777277286604806f,4.129160529143613f,0f,0f,0f,1f], start_interpolation: 0, interpolation_duration: 1 }
$data merge entity $(bone_right_eye1) { transformation: [-0.9925225931080951f,-0.05948214992797676f,0.10658694108533395f,-0.02812569165730941f,-0.03947931184085595f,0.9827276689592511f,0.180797435265242f,3.60554336364344f,-0.11550015630532802f,0.17523756019148f,-0.9777277286604806f,3.5992203415406987f,0f,0f,0f,1f], start_interpolation: 0, interpolation_duration: 1 }
$data merge entity $(bone_tear_left1) { transformation: [-0.9925225931080951f,-0.05948214992797676f,0.10658694108533395f,0.5244561069284394f,-0.03947931184085595f,0.9827276689592511f,0.180797435265242f,3.484963587709653f,-0.11550015630532802f,0.17523756019148f,-0.9777277286604806f,4.1425598611274195f,0f,0f,0f,1f], start_interpolation: 0, interpolation_duration: 1 }
$data merge entity $(bone_left_sad_pupil1) { transformation: [-0.9925225931080951f,-0.05948214992797676f,0.10658694108533395f,0.32787336899416253f,-0.03947931184085595f,0.9827276689592511f,0.180797435265242f,3.5778606731123617f,-0.11550015630532802f,0.17523756019148f,-0.9777277286604806f,4.195739027784651f,0f,0f,0f,1f], start_interpolation: 0, interpolation_duration: 1 }
$data merge entity $(bone_left_pupil1) { transformation: [-0.9925225931080951f,-0.05948214992797676f,0.10658694108533395f,0.3266763476831457f,-0.03947931184085595f,0.9827276689592511f,0.180797435265242f,3.575830233165535f,-0.11550015630532802f,0.17523756019148f,-0.9777277286604806f,4.206719368487381f,0f,0f,0f,1f], start_interpolation: 0, interpolation_duration: 1 }
$data merge entity $(bone_eyelid_left1) { transformation: [-0.9925225931080951f,-0.05948214992797676f,0.10658694108533395f,-0.038075164311861906f,-0.03947931184085595f,0.9827276689592511f,0.180797435265242f,3.6071304324123665f,-0.11550015630532802f,0.17523756019148f,-0.9777277286604806f,3.5869428799419616f,0f,0f,0f,1f], start_interpolation: 0, interpolation_duration: 1 }
$data merge entity $(bone_left_happy_pupil1) { transformation: [-0.9925225931080951f,-0.05948214992797676f,0.10658694108533395f,0.35740997028436783f,-0.03947931184085595f,0.9827276689592511f,0.180797435265242f,3.551378237472728f,-0.11550015630532802f,0.17523756019148f,-0.9777277286604806f,4.1940619346496435f,0f,0f,0f,1f], start_interpolation: 0, interpolation_duration: 1 }
$data merge entity $(bone_eyelid_expressions_left5) { transformation: [-0.9925225931080951f,-0.05948214992797676f,0.10658694108533395f,0.44937828202652824f,-0.03947931184085595f,0.9827276689592511f,0.180797435265242f,3.693324379606164f,-0.11550015630532802f,0.17523756019148f,-0.9777277286604806f,4.230335959032168f,0f,0f,0f,1f], start_interpolation: 0, interpolation_duration: 1 }
$data merge entity $(bone_eyelid_expressions_left7) { transformation: [-0.9925225931080951f,-0.05948214992797676f,0.10658694108533395f,0.11498346305944547f,-0.03947931184085595f,0.9827276689592511f,0.180797435265242f,3.6800232442691563f,-0.11550015630532802f,0.17523756019148f,-0.9777277286604806f,4.191422332151954f,0f,0f,0f,1f], start_interpolation: 0, interpolation_duration: 1 }
$data merge entity $(bone_eyelid_expressions_left6) { transformation: [-0.9925225931080951f,-0.05948214992797676f,0.10658694108533395f,0.22644840271513977f,-0.03947931184085595f,0.9827276689592511f,0.180797435265242f,3.684456956048159f,-0.11550015630532802f,0.17523756019148f,-0.9777277286604806f,4.204393541112025f,0f,0f,0f,1f], start_interpolation: 0, interpolation_duration: 1 }
$data merge entity $(bone_left_eye1) { transformation: [-0.9925225931080951f,-0.05948214992797676f,0.10658694108533395f,-0.02812569165730941f,-0.03947931184085595f,0.9827276689592511f,0.180797435265242f,3.60554336364344f,-0.11550015630532802f,0.17523756019148f,-0.9777277286604806f,3.5992203415406987f,0f,0f,0f,1f], start_interpolation: 0, interpolation_duration: 1 }
$data merge entity $(bone_crest_middle5) { transformation: [-0.9925225931080951f,-0.03500254909023995f,0.11693469855935876f,-0.16136577640431884f,-0.03947931184085595f,0.9985648263810047f,-0.0361893831288517f,4.881116506264186f,-0.11550015630532802f,-0.040535281815471724f,-0.992480027416968f,4.308180806747634f,0f,0f,0f,1f], start_interpolation: 0, interpolation_duration: 1 }
$data merge entity $(bone_crest_middle4) { transformation: [-0.9925225931080951f,-0.03500254909023995f,0.11693469855935876f,-0.137780074380622f,-0.03947931184085595f,0.9985648263810047f,-0.0361893831288517f,4.2082554416129225f,-0.11550015630532802f,-0.040535281815471724f,-0.992480027416968f,4.3354946196897f,0f,0f,0f,1f], start_interpolation: 0, interpolation_duration: 1 }
$data merge entity $(bone_crest_middle1) { transformation: [-0.9925225931080951f,-0.03500254909023995f,0.11693469855935876f,-0.1299400759709683f,-0.03947931184085595f,0.9985648263810047f,-0.0361893831288517f,3.7066578341523626f,-0.11550015630532802f,-0.040535281815471724f,-0.992480027416968f,4.43957545556555f,0f,0f,0f,1f], start_interpolation: 0, interpolation_duration: 1 }
$data merge entity $(bone_crest_left5) { transformation: [-0.48311526412453826f,-0.8476976143610242f,0.2191081837278243f,-1.2299998368753902f,-0.8500363283537637f,0.5140890574488858f,0.11467642081164248f,4.189422243925137f,-0.2098520479974646f,-0.1308479866789883f,-0.968938038438643f,4.16486187231998f,0f,0f,0f,1f], start_interpolation: 0, interpolation_duration: 1 }
$data merge entity $(bone_crest_left4) { transformation: [-0.48311526412453826f,-0.8476976143610242f,0.2191081837278243f,-0.7539977584988384f,-0.8500363283537637f,0.5140890574488858f,0.11467642081164248f,3.900749189205304f,-0.2098520479974646f,-0.1308479866789883f,-0.968938038438643f,4.238336083589919f,0f,0f,0f,1f], start_interpolation: 0, interpolation_duration: 1 }
$data merge entity $(bone_crest_left1) { transformation: [-0.48311526412453826f,-0.8476976143610242f,0.2191081837278243f,-0.21809203423350934f,-0.8500363283537637f,0.5140890574488858f,0.11467642081164248f,3.589648178814923f,-0.2098520479974646f,-0.1308479866789883f,-0.968938038438643f,4.264749574179995f,0f,0f,0f,1f], start_interpolation: 0, interpolation_duration: 1 }
$data merge entity $(bone_crest_center1) { transformation: [-0.9925225931080951f,-0.05948214992797676f,0.10658694108533395f,-0.10495708488934032f,-0.03947931184085595f,0.9827276689592511f,0.180797435265242f,3.5664910128216634f,-0.11550015630532802f,0.17523756019148f,-0.9777277286604806f,4.272800846257173f,0f,0f,0f,1f], start_interpolation: 0, interpolation_duration: 1 }
$data merge entity $(bone_crest_right5) { transformation: [-0.5834487369801686f,0.8121497577031456f,0.0005851315817008568f,0.962491348359715f,0.8076118907739758f,0.5801123726509507f,0.10598428646629074f,4.276632392904384f,0.08573567050376524f,0.062308957301550616f,-0.9943676325400297f,4.420002738987514f,0f,0f,0f,1f], start_interpolation: 0, interpolation_duration: 1 }
$data merge entity $(bone_crest_right4) { transformation: [-0.5834487369801686f,0.8121497577031456f,0.0005851315817008568f,0.5064502246494526f,0.8076118907739758f,0.5801123726509507f,0.10598428646629074f,3.9508856992771406f,0.08573567050376524f,0.062308957301550616f,-0.9943676325400297f,4.385014799096506f,0f,0f,0f,1f], start_interpolation: 0, interpolation_duration: 1 }
$data merge entity $(bone_crest_right1) { transformation: [-0.5834487369801686f,0.8121497577031456f,0.0005851315817008568f,0.004837845077879183f,0.8076118907739758f,0.5801123726509507f,0.10598428646629074f,3.598515602372928f,0.08573567050376524f,0.062308957301550616f,-0.9943676325400297f,4.290691992100137f,0f,0f,0f,1f], start_interpolation: 0, interpolation_duration: 1 }
$data merge entity $(bone_head1) { transformation: [-1.0403394367864793f,-0.062347826421902695f,0.11172198902824712f,0.041050542578366725f,-0.041381309937355504f,1.0300726217606728f,0.18950772837046842f,3.662035098838859f,-0.12106461696066277f,0.18367999473195487f,-1.0248317989214668f,2.9854616031727654f,0f,0f,0f,1f], start_interpolation: 0, interpolation_duration: 1 }
$data merge entity $(bone_neck10) { transformation: [-1.4932816818457744f,-0.07116737468460264f,-0.08508410620312383f,0.0017783293140217933f,-0.07666816631486624f,1.492256519353549f,0.09739997127707624f,3.283755622567711f,0.08016291300719487f,0.10148875263476546f,-1.491800329183121f,1.892107242839362f,0f,0f,0f,1f], start_interpolation: 0, interpolation_duration: 1 }
$data merge entity $(bone_neck9) { transformation: [-1.1423604866120183f,0.01849602246986073f,-0.08281644932550714f,-0.02093307464244895f,-0.05865114723087271f,0.6358340482384155f,0.9510327305239227f,2.5887655958841607f,0.06132462845050411f,0.9526600173997436f,-0.6331400553525774f,0.8043456935264162f,0f,0f,0f,1f], start_interpolation: 0, interpolation_duration: 1 }
$data merge entity $(bone_neck8) { transformation: [-1.0602299941105f,0.03698192250468995f,-0.06953297342430402f,-0.06171773138611511f,-0.05443439808355504f,0.3342363366992725f,1.0077763169136547f,2.306579993047584f,0.056915668235108366f,1.0085675713776574f,-0.3314244982973399f,-0.22527798716757097f,0f,0f,0f,1f], start_interpolation: 0, interpolation_duration: 1 }
$data merge entity $(bone_neck7) { transformation: [-1.053959041222862f,-0.004294045507027787f,-0.059820677459995905f,-0.05737800454390618f,-0.059938438071603f,0.11197363828159398f,1.0479961358829162f,2.1934151458481006f,0.002082287234244999f,1.049699994454211f,-0.11203659481039134f,-1.2861450028393797f,0f,0f,0f,1f], start_interpolation: 0, interpolation_duration: 1 }
$data merge entity $(bone_neck6) { transformation: [-1.0485882550088197f,-0.03191790175057476f,-0.0355025522915159f,-0.028597757513744576f,-0.02877891214273144f,-0.2002148841983534f,1.030001109987331f,2.392595300096912f,-0.03809144112858045f,1.0299086172603342f,0.19913260511394723f,-2.228897918135038f,0f,0f,0f,1f], start_interpolation: 0, interpolation_duration: 1 }
$data merge entity $(bone_neck_spine6) { transformation: [-1.2509291233761657f,-0.2183740313280823f,0.0864550706874363f,0.5607276257410734f,0.06625721373415527f,0.12137170580827833f,1.2652526463809846f,4.416883804066061f,-0.2253257163180323f,1.2480252641623166f,-0.10791955381234303f,-5.674101719364331f,0f,0f,0f,1f], start_interpolation: 0, interpolation_duration: 1 }
$data merge entity $(bone_neck_spine7) { transformation: [-0.9970166811116389f,-0.004256360896025442f,0.07706893652474764f,1.0822950020963946f,0.06969919723068042f,0.37934334595524255f,0.9226270361228746f,3.9927569144988664f,-0.03316262188867933f,0.9252461884662935f,-0.377914978848503f,-9.269076289550654f,0f,0f,0f,1f], start_interpolation: 0, interpolation_duration: 1 }
$data merge entity $(bone_tail6) { transformation: [-1.4789538435105098f,0.8677785184547312f,0.15798072414421177f,-0.11970698611254577f,0.0019399273126642425f,-0.30522402693960227f,1.6947378757754605f,4.323514151880722f,0.882039513272869f,1.4557131152168725f,0.2611657725240346f,-12.679946225248779f,0f,0f,0f,1f], start_interpolation: 0, interpolation_duration: 1 }
$data merge entity $(bone_tail5) { transformation: [-1.2217444794217256f,0.6833076961883882f,0.2530046611272015f,0.31185576937485726f,0.0016025486495922002f,-0.49141858721121534f,1.3349477679673438f,4.013144517852585f,0.7286413370515005f,1.146812409983815f,0.4212878320895952f,-11.955643650522159f,0f,0f,0f,1f], start_interpolation: 0, interpolation_duration: 1 }
$data merge entity $(bone_tail4) { transformation: [-0.8883847902864254f,0.508178179458932f,0.22627991588897872f,0.5296464177143996f,0.013204187402217854f,-0.40698650365743805f,0.9658482454821328f,3.838721730570826f,0.5561234681686835f,0.8214573158647217f,0.33854063919939564f,-11.603590515151565f,0f,0f,0f,1f], start_interpolation: 0, interpolation_duration: 1 }
$data merge entity $(bone_segment18) { transformation: [-0.9035830996936849f,0.37004545028887215f,0.2158794725499822f,0.7374356109918424f,0.06317026331594242f,-0.38331422408031945f,0.9214552205345069f,3.6234818098226f,0.4237299845190886f,0.8462485275249869f,0.3229803862175601f,-11.12840213299642f,0f,0f,0f,1f], start_interpolation: 0, interpolation_duration: 1 }
$data merge entity $(bone_segment17) { transformation: [-0.9550497276501149f,0.2615659269232971f,0.13951087265227094f,0.9283736289363393f,0.09252398580837991f,-0.18409339964679192f,0.9785442924347457f,3.4890972236546536f,0.28163687572044327f,0.9474665619847715f,0.15161722908424544f,-10.436770047953825f,0f,0f,0f,1f], start_interpolation: 0, interpolation_duration: 1 }
$data merge entity $(bone_segment16) { transformation: [-0.9872879667387047f,0.13380588734659934f,0.08578143881017501f,1.0561033700313598f,0.08982845254514941f,0.024496305654390163f,0.9956559546965159f,3.51248114824173f,0.13112330016552529f,0.9907047569890213f,-0.03620448360390832f,-9.491053348777292f,0f,0f,0f,1f], start_interpolation: 0, interpolation_duration: 1 }
$data merge entity $(bone_segment15) { transformation: [-0.9970166811116389f,-0.02405823747387982f,0.0733412489311656f,1.0277339151976588f,0.06969919723068042f,0.12762408641398623f,0.9893705647897526f,3.6629753712347854f,-0.03316262188867933f,0.9915307830706244f,-0.12556650322766305f,-8.321841024013837f,0f,0f,0f,1f], start_interpolation: 0, interpolation_duration: 1 }
$data merge entity $(bone_segment14) { transformation: [-1.0250323798180927f,-0.20553589765049568f,0.07575495446922628f,0.7965060303408511f,0.05664258728831027f,0.10146472781279404f,1.0417157598598255f,3.7771231900241786f,-0.21160206911775636f,1.02280746077258f,-0.08811731134234457f,-7.171182630644685f,0f,0f,0f,1f], start_interpolation: 0, interpolation_duration: 1 }
$data merge entity $(bone_segment13) { transformation: [-1.0081017053090275f,-0.18540871192894726f,0.038054869820656034f,0.5721619325053036f,0.05339551930340749f,-0.08073411567925484f,1.0211388411508966f,3.6519381482232403f,-0.1815860184445319f,1.005584021317724f,0.08899947078002643f,-5.962513873170423f,0f,0f,0f,1f], start_interpolation: 0, interpolation_duration: 1 }
$data merge entity $(bone_segment12) { transformation: [-1.0865074154881595f,-0.25285120022859475f,0.0064643502283928365f,0.26670410672579314f,0.06990354172405532f,-0.27278049587013103f,1.0794341930469662f,3.3224046632794577f,-0.24308231555452467f,1.0517276039010675f,0.28152072081615237f,-4.69197045906175f,0f,0f,0f,1f], start_interpolation: 0, interpolation_duration: 1 }
$data merge entity $(bone_segment11) { transformation: [-1.1719042231252461f,-0.2079940892044763f,-0.022400704421084675f,0.026333516316744f,0.0528342168593255f,-0.41760966670061184f,1.1135230364426292f,2.839789592200832f,-0.20241511364377462f,1.0952001944921081f,0.4203421185586493f,-3.426290658385434f,0f,0f,0f,1f], start_interpolation: 0, interpolation_duration: 1 }
$data merge entity $(bone_segment10) { transformation: [-1.0470758333434975f,-0.04525623954753096f,-0.016101864339579722f,-0.031028443654207566f,-3.6365947868784625e-18f,-0.3513578314543229f,0.9875337322344433f,2.4110305675294246f,-0.04803537501876856f,0.9864961961826845f,0.35098868313533155f,-2.1759137847723373f,0f,0f,0f,1f], start_interpolation: 0, interpolation_duration: 1 }