# This file was generated by Animated Java via MC-Build. It is not recommended to edit this file directly.
$data merge entity $(bone_neck_spine5) { transformation: [-1.3634311008157074f,-0.00425930431741408f,-0.1011886940890672f,0.013547205265861173f,-0.07000136924400832f,1.0268026225439069f,0.899987690358691f,2.813078853228276f,0.07319222491961272f,0.9026959027379808f,-1.024199524285981f,0.39227306157198577f,0f,0f,0f,1f], start_interpolation: 0, interpolation_duration: 1 }
$data merge entity $(bone_neck_spine2) { transformation: [-1.2985058103006735f,-0.07101237593882967f,-0.06527564647981894f,-0.036032823651601945f,-0.06666797070857934f,1.2975680915980725f,-0.0854016176227413f,3.7970761400072757f,0.06970688087582162f,-0.08182479498601415f,-1.2976388791295155f,2.233952399048478f,0f,0f,0f,1f], start_interpolation: 0, interpolation_duration: 1 }
$data merge entity $(bone_scale_neck_left1) { transformation: [-1.3973049528828563f,0.3143427189233453f,-0.013672677561312975f,0.6869752712822279f,0.29859609568545753f,1.3444234118700842f,0.39347869022322063f,3.048744056479316f,0.09919001307197241f,0.38101674907838184f,-1.3771154623455872f,2.2173744387345593f,0f,0f,0f,1f], start_interpolation: 0, interpolation_duration: 1 }
$data merge entity $(bone_scale_neck_right1) { transformation: [-1.362067702179979f,-0.40750289470823053f,-0.17370199735565112f,-0.6764558295334793f,-0.4402679880115973f,1.3073623669028978f,0.3852624543620254f,2.9787426872353078f,0.048939675245653236f,0.4197671387963142f,-1.368524707769788f,2.2905666636541717f,0f,0f,0f,1f], start_interpolation: 0, interpolation_duration: 1 }
$data merge entity $(bone_blush_right1) { transformation: [-0.9925225931080951f,-0.05948214992797676f,0.10658694108533395f,-0.6284271041735856f,-0.03947931184085595f,0.9827276689592511f,0.180797435265242f,2.667020790541313f,-0.11550015630532802f,0.17523756019148f,-0.9777277286604806f,3.36493779450105f,0f,0f,0f,1f], start_interpolation: 0, interpolation_duration: 1 }
$data merge entity $(bone_blush_left1) { transformation: [-0.9925225931080951f,-0.05948214992797676f,0.10658694108533395f,0.5153001027283208f,-0.03947931184085595f,0.9827276689592511f,0.180797435265242f,2.712514528795424f,-0.11550015630532802f,0.17523756019148f,-0.9777277286604806f,3.4980336777435177f,0f,0f,0f,1f], start_interpolation: 0, interpolation_duration: 1 }
$data merge entity $(bone_left_head_scales) { transformation: [-0.9295946644961378f,-0.05948214992797676f,-0.36375215955408263f,0.5236665654800423f,-0.11850154229943678f,0.9827276689592511f,0.14213976619711924f,3.398497810323507f,0.3490145329538126f,0.17523756019148f,-0.920587124222998f,3.276212106118857f,0f,0f,0f,1f], start_interpolation: 0, interpolation_duration: 1 }
$data merge entity $(bone_left_head_scales2) { transformation: [-0.874162668976792f,-0.05948214992797676f,-0.48197666126827887f,0.5545236736632272f,-0.1360407076224062f,0.9827276689592511f,0.12545618570445982f,2.60425781964266f,0.46618939717347346f,0.17523756019148f,-0.8671558357418642f,3.282529597472263f,0f,0f,0f,1f], start_interpolation: 0, interpolation_duration: 1 }
$data merge entity $(bone_left_head_scales1) { transformation: [-0.9925225931080951f,-0.05948214992797676f,0.10658694108533395f,0.5294753691839463f,-0.03947931184085595f,0.9827276689592511f,0.180797435265242f,3.302528311401705f,-0.11550015630532802f,0.17523756019148f,-0.9777277286604806f,3.2590990631314076f,0f,0f,0f,1f], start_interpolation: 0, interpolation_duration: 1 }
$data merge entity $(bone_right_head_scales) { transformation: [-0.8311619200259034f,-0.05948214992797676f,0.5528397023901228f,-0.6394458483185066f,0.04846438772091584f,0.9827276689592511f,0.1785988011850966f,3.3522329917600038f,-0.5539143127070203f,0.17523756019148f,-0.8139230502181684f,3.1408603604485505f,0f,0f,0f,1f], start_interpolation: 0, interpolation_duration: 1 }
$data merge entity $(bone_right_head_scales2) { transformation: [-0.7518911533182225f,-0.05948214992797676f,0.6565984826374022f,-0.6085887401353217f,0.07136158961928671f,0.9827276689592511f,0.17074499169499946f,2.557993001079157f,-0.6554137754798885f,0.17523756019148f,-0.7346594996386665f,3.1471778518019566f,0f,0f,0f,1f], start_interpolation: 0, interpolation_duration: 1 }
$data merge entity $(bone_right_head_scales1) { transformation: [-0.9925225931080951f,-0.05948214992797676f,0.10658694108533395f,-0.6336370446146026f,-0.03947931184085595f,0.9827276689592511f,0.180797435265242f,3.256263492838202f,-0.11550015630532802f,0.17523756019148f,-0.9777277286604806f,3.1237473174611012f,0f,0f,0f,1f], start_interpolation: 0, interpolation_duration: 1 }
$data merge entity $(bone_head_left_fin1) { transformation: [-0.5839083851685061f,0.09487738540401212f,-0.8062563360797895f,0.5590649919010188f,0.0840416121791778f,0.9948756667674611f,0.05620867456473971f,2.955884940701362f,0.8074577420225981f,-0.03493836591626337f,-0.5888898924543272f,3.123314594603626f,0f,0f,0f,1f], start_interpolation: 0, interpolation_duration: 1 }
$data merge entity $(bone_head_right_fin1) { transformation: [-0.37479472344677345f,-0.1620064557070342f,0.9128432634279017f,-0.6040474218975301f,-0.12217569522236202f,0.9846576653430891f,0.12458885013527521f,2.909620122137859f,-0.9190223146221148f,-0.06483201670735173f,-0.3888377487285264f,2.9879628489333196f,0f,0f,0f,1f], start_interpolation: 0, interpolation_duration: 1 }
$data merge entity $(bone_right_whisker16) { transformation: [-0.16597544808718123f,-0.43337745004551725f,0.88579689343794f,-0.7282225294977218f,0.982084970213976f,0.00863244565364358f,0.1882407824087331f,1.5527328433394536f,-0.08922590381763909f,0.9011711639162024f,0.42418070608390857f,1.5179932422874172f,0f,0f,0f,1f], start_interpolation: 0, interpolation_duration: 1 }
$data merge entity $(bone_right_whisker15) { transformation: [0.48805880206311f,-0.27248638164720596f,0.8291862140349029f,-0.8712085066646486f,0.26831117687900247f,0.9508554534632693f,0.15454131803814125f,1.4741260532381832f,-0.830546638118852f,0.1470546783886f,0.5371845152957211f,1.7613174526737996f,0f,0f,0f,1f], start_interpolation: 0, interpolation_duration: 1 }
$data merge entity $(bone_right_whisker14) { transformation: [0.7353937738353484f,-0.17919871813960564f,0.65351650080264f,-1.0866559013429733f,-0.31390784079216694f,0.7645988335037297f,0.5628947426419402f,1.5660912409702634f,-0.6005479705180966f,-0.6190932427525425f,0.5060293389564852f,1.9372592409115232f,0f,0f,0f,1f], start_interpolation: 0, interpolation_duration: 1 }
$data merge entity $(bone_right_whisker13) { transformation: [0.28019259676999975f,-0.41495420985236453f,0.8656241172940393f,-1.1687435761779341f,0.039220708893801824f,0.9059401905166361f,0.42158523124102604f,1.5546007989115325f,-0.959142244252203f,-0.08417466918546031f,0.2701125327680415f,2.2182579452822857f,0f,0f,0f,1f], start_interpolation: 0, interpolation_duration: 1 }
$data merge entity $(bone_right_whisker12) { transformation: [-0.364443960521174f,-0.294097897691542f,0.8835649530244263f,-1.0263826540993506f,-0.49525752727715255f,0.8647196040310341f,0.08354632295758341f,1.7480607705041702f,-0.7886067342566647f,-0.40714424099798796f,-0.46079603482149345f,2.5263074508512955f,0f,0f,0f,1f], start_interpolation: 0, interpolation_duration: 1 }
$data merge entity $(bone_right_whisker11) { transformation: [-0.8503932485229171f,-0.20824644855559205f,0.48318189073124806f,-0.6941977913950861f,-0.2906827028061638f,0.951415667289153f,-0.10154700550011209f,1.861608701287828f,-0.4385600177352513f,-0.22680750582976655f,-0.8696111005175458f,2.697619957779128f,0f,0f,0f,1f], start_interpolation: 0, interpolation_duration: 1 }
$data merge entity $(bone_right_whisker10) { transformation: [-0.38246199347736265f,-0.5481270889025361f,0.7438276130640442f,-0.5447985751929912f,-0.6372247229160697f,0.7394276228828363f,0.21723591559034855f,2.1105246086769176f,-0.6690795737801749f,-0.3909008633004922f,-0.6320830950287074f,2.958979166287009f,0f,0f,0f,1f], start_interpolation: 0, interpolation_duration: 1 }
$data merge entity $(bone_right_whisker1) { transformation: [0.15996727313826434f,-0.53467489305473f,0.8297790249588268f,-0.6072857912626257f,-0.8066635892026623f,0.41369486763368807f,0.4220786779123346f,2.4256275732092076f,-0.5689501958690117f,-0.7368713016738125f,-0.36512512840142175f,3.1812253365483416f,0f,0f,0f,1f], start_interpolation: 0, interpolation_duration: 1 }
$data merge entity $(bone_left_whisker16) { transformation: [-0.10452258845203832f,0.21317300154964866f,-0.9714073810269303f,1.1229011765721997f,-0.9928444999325179f,0.03435011402372942f,0.11436725326904557f,1.6263645072989417f,0.05774796496011887f,0.9764104367922699f,0.20805727929129159f,1.7334090714848578f,0f,0f,0f,1f], start_interpolation: 0, interpolation_duration: 1 }
$data merge entity $(bone_left_whisker15) { transformation: [0.3041208464734038f,0.15613436678545212f,-0.9397513342628498f,1.2119990808124548f,-0.2368008539949505f,0.967904588975483f,0.08417875140119196f,1.5569892571051085f,0.9227328249756607f,0.1969334053651323f,0.3313327142974716f,2.003740953801946f,0f,0f,0f,1f], start_interpolation: 0, interpolation_duration: 1 }
$data merge entity $(bone_left_whisker14) { transformation: [0.5511908035449581f,0.2558801249627668f,-0.7941750812865527f,1.3734807615385167f,0.36508397934330306f,0.7819048509601269f,0.5053102928616049f,1.663947454178342f,0.7502682094520083f,-0.5684629853333119f,0.33756102884014416f,2.223546093289839f,0f,0f,0f,1f], start_interpolation: 0, interpolation_duration: 1 }
$data merge entity $(bone_left_whisker13) { transformation: [0.05501168180451205f,0.35089154861276484f,-0.9347988211252596f,1.3895974651921823f,-0.02588737589350093f,0.9364030371363388f,0.3499702784683144f,1.6563632620220428f,0.9981500681933495f,0.004947034867135686f,0.060596767336513924f,2.5159728710808595f,0f,0f,0f,1f], start_interpolation: 0, interpolation_duration: 1 }
$data merge entity $(bone_left_whisker12) { transformation: [-0.5732030353937526f,0.31091508519473365f,-0.7581359310926638f,1.1656900294914978f,0.4579609877269083f,0.8887850473619873f,0.018244815864929598f,1.8352542728528662f,0.6794924679020239f,-0.3367386960004778f,-0.6518412664754474f,2.781399616355088f,0f,0f,0f,1f], start_interpolation: 0, interpolation_duration: 1 }
$data merge entity $(bone_left_whisker11) { transformation: [-0.9483836660796303f,0.17948125520111985f,-0.2614477021218416f,0.7952276599291422f,0.2191332234927067f,0.9668382108486053f,-0.1311659422440287f,1.9208531882797049f,0.22923580059636434f,-0.18168751491090113f,-0.9562638729192091f,2.8709448509630424f,0f,0f,0f,1f], start_interpolation: 0, interpolation_duration: 1 }
$data merge entity $(bone_left_whisker10) { transformation: [-0.5744055324915138f,0.5634695051417751f,-0.5937679690067695f,0.5708504987996447f,0.5991636533641755f,0.7836433101450093f,0.16403072563476467f,2.154901490375086f,0.557728608492011f,-0.2615440292575161f,-0.7877395001073064f,3.0888075886552344f,0f,0f,0f,1f], start_interpolation: 0, interpolation_duration: 1 }
$data merge entity $(bone_left_whisker1) { transformation: [-0.03846112323512691f,0.6552669411899661f,-0.7544176414845019f,0.5558266225359232f,0.8114967075779187f,0.4610268730437756f,0.3590645010602928f,2.4718923917727107f,0.5830899035223392f,-0.5983974081787324f,-0.5494785767391528f,3.316577082218648f,0f,0f,0f,1f], start_interpolation: 0, interpolation_duration: 1 }
$data merge entity $(bone_upper_left_tooth1) { transformation: [-0.9925225931080951f,-0.049966138371855595f,0.11136555655222731f,0.13525205304384424f,-0.03947931184085595f,0.9947456282426799f,0.09445908653300138f,2.6630997660270084f,-0.11550015630532802f,0.08935614197290054f,-0.9892801391846315f,4.11742363266505f,0f,0f,0f,1f], start_interpolation: 0, interpolation_duration: 1 }
$data merge entity $(bone_upper_right_tooth1) { transformation: [-0.9925225931080951f,-0.049966138371855595f,0.11136555655222731f,-0.4463041538554303f,-0.03947931184085595f,0.9947456282426799f,0.09445908653300138f,2.639967356745257f,-0.11550015630532802f,0.08935614197290054f,-0.9892801391846315f,4.049747759829897f,0f,0f,0f,1f], start_interpolation: 0, interpolation_duration: 1 }
$data merge entity $(bone_top_lip1) { transformation: [-0.9925225931080951f,-0.008863547903664684f,0.12173881750921602f,-0.13666168789209376f,-0.03947931184085595f,0.9670620367331177f,-0.2514605357629047f,2.7593548646440387f,-0.11550015630532802f,-0.2543864277593325f,-0.9601808471664549f,4.096004364689565f,0f,0f,0f,1f], start_interpolation: 0, interpolation_duration: 1 }
$data merge entity $(bone_muzzle1) { transformation: [-0.9925225931080951f,-0.049966138371855595f,0.11136555655222731f,-0.08960323328239132f,-0.03947931184085595f,0.9947456282426799f,0.09445908653300138f,2.951192157127342f,-0.11550015630532802f,0.08935614197290054f,-0.9892801391846315f,3.6260467003376315f,0f,0f,0f,1f], start_interpolation: 0, interpolation_duration: 1 }
$data merge entity $(bone_jaw_right_tooth1) { transformation: [-0.9925225931080951f,0.03330811725374339f,0.11742858040099793f,-0.4490568660149979f,-0.03947931184085595f,0.8227364912779235f,-0.5670503062835466f,2.6700232442153506f,-0.11550015630532802f,-0.5674462399599652f,-0.8152695742199277f,4.063129068618113f,0f,0f,0f,1f], start_interpolation: 0, interpolation_duration: 1 }
$data merge entity $(bone_jaw_left_tooth1) { transformation: [-0.9925225931080951f,0.03330811725374339f,0.11742858040099793f,0.1809623581258828f,-0.03947931184085595f,0.8227364912779235f,-0.5670503062835466f,2.695083354270581f,-0.11550015630532802f,-0.5674462399599652f,-0.8152695742199277f,4.136444597522862f,0f,0f,0f,1f], start_interpolation: 0, interpolation_duration: 1 }
$data merge entity $(bone_tongue1) { transformation: [-0.9925225931080951f,-0.01944005648915028f,0.1205030554537162f,-0.04971305321697938f,-0.03947931184085595f,0.9852983034854765f,-0.16621864241177758f,2.5594028077582593f,-0.11550015630532802f,-0.16973313569347798f,-0.978698307212751f,3.417178315825406f,0f,0f,0f,1f], start_interpolation: 0, interpolation_duration: 1 }
$data merge entity $(bone_jaw_lips1) { transformation: [-0.9925225931080951f,-0.01944005648915028f,0.1205030554537162f,-0.09320984465461021f,-0.03947931184085595f,0.9852983034854765f,-0.16621864241177758f,2.580535512754443f,-0.11550015630532802f,-0.16973313569347798f,-0.978698307212751f,4.20648779812581f,0f,0f,0f,1f], start_interpolation: 0, interpolation_duration: 1 }
$data merge entity $(bone_jaw3) { transformation: [-0.9925225931080951f,0.012410833117078288f,0.12142847026674917f,0.0007471472967099518f,-0.03947931184085595f,0.9087045276281724f,-0.4155688455654881f,2.189316560791599f,-0.11550015630532802f,-0.4172553806596149f,-0.9014198029797463f,3.532814404265845f,0f,0f,0f,1f], start_interpolation: 0, interpolation_duration: 1 }
$data merge entity $(bone_jaw1) { transformation: [-0.9925225931080951f,-0.07708711049746678f,0.09463867901198803f,0.0746836152748256f,-0.03947931184085595f,0.936402682330021f,0.3486995848315775f,2.461738111441269f,-0.11550015630532802f,0.3423559462318324f,-0.9324441645338082f,2.804342400723807f,0f,0f,0f,1f], start_interpolation: 0, interpolation_duration: 1 }
$data merge entity $(bone_tear_right1) { transformation: [-0.9925225931080951f,-0.05948214992797676f,0.10658694108533395f,-0.6096628927644716f,-0.03947931184085595f,0.9827276689592511f,0.180797435265242f,2.9889513379572397f,-0.11550015630532802f,0.17523756019148f,-0.9777277286604806f,3.5164062021785183f,0f,0f,0f,1f], start_interpolation: 0, interpolation_duration: 1 }
$data merge entity $(bone_right_pupil1) { transformation: [-0.9925225931080951f,-0.05948214992797676f,0.10658694108533395f,-0.46178937831360417f,-0.03947931184085595f,0.9827276689592511f,0.180797435265242f,3.0806886373716655f,-0.11550015630532802f,0.17523756019148f,-0.9777277286604806f,3.609418808203036f,0f,0f,0f,1f], start_interpolation: 0, interpolation_duration: 1 }
$data merge entity $(bone_right_sad_pupil1) { transformation: [-0.9925225931080951f,-0.05948214992797676f,0.10658694108533395f,-0.4607484902170677f,-0.03947931184085595f,0.9827276689592511f,0.180797435265242f,3.0824542373254276f,-0.11550015630532802f,0.17523756019148f,-0.9777277286604806f,3.599870685852836f,0f,0f,0f,1f], start_interpolation: 0, interpolation_duration: 1 }
$data merge entity $(bone_right_happy_pupil1) { transformation: [-0.9925225931080951f,-0.05948214992797676f,0.10658694108533395f,-0.48352750633675634f,-0.03947931184085595f,0.9827276689592511f,0.180797435265242f,3.057498331647919f,-0.11550015630532802f,0.17523756019148f,-0.9777277286604806f,3.592772687926712f,0f,0f,0f,1f], start_interpolation: 0, interpolation_duration: 1 }
$data merge entity $(bone_eyelid_right1) { transformation: [-0.9925225931080951f,-0.05948214992797676f,0.10658694108533395f,-0.032634140614614386f,-0.03947931184085595f,0.9827276689592511f,0.180797435265242f,3.137592793845709f,-0.11550015630532802f,0.17523756019148f,-0.9777277286604806f,3.1573334346788f,0f,0f,0f,1f], start_interpolation: 0, interpolation_duration: 1 }
$data merge entity $(bone_eyelid_expressions_right5) { transformation: [-0.9925225931080951f,-0.05948214992797676f,0.10658694108533395f,-0.5780219234133556f,-0.03947931184085595f,0.9827276689592511f,0.180797435265242f,3.173990036805512f,-0.11550015630532802f,0.17523756019148f,-0.9777277286604806f,3.604012555974013f,0f,0f,0f,1f], start_interpolation: 0, interpolation_duration: 1 }
$data merge entity $(bone_eyelid_expressions_right7) { transformation: [-0.9925225931080951f,-0.05948214992797676f,0.10658694108533395f,-0.2872438199637184f,-0.03947931184085595f,0.9827276689592511f,0.180797435265242f,3.185556241446388f,-0.11550015630532802f,0.17523756019148f,-0.9777277286604806f,3.6378504923915895f,0f,0f,0f,1f], start_interpolation: 0, interpolation_duration: 1 }
$data merge entity $(bone_eyelid_expressions_right6) { transformation: [-0.9925225931080951f,-0.05948214992797676f,0.10658694108533395f,-0.3841698544469308f,-0.03947931184085595f,0.9827276689592511f,0.180797435265242f,3.1817008398994293f,-0.11550015630532802f,0.17523756019148f,-0.9777277286604806f,3.626571180252397f,0f,0f,0f,1f], start_interpolation: 0, interpolation_duration: 1 }
$data merge entity $(bone_right_eye1) { transformation: [-0.9925225931080951f,-0.05948214992797676f,0.10658694108533395f,-0.04336763215947209f,-0.03947931184085595f,0.9827276689592511f,0.180797435265242f,3.1354416537372507f,-0.11550015630532802f,0.17523756019148f,-0.9777277286604806f,3.1657536258150807f,0f,0f,0f,1f], start_interpolation: 0, interpolation_duration: 1 }
$data merge entity $(bone_tear_left1) { transformation: [-0.9925225931080951f,-0.05948214992797676f,0.10658694108533395f,0.4371382796542225f,-0.03947931184085595f,0.9827276689592511f,0.180797435265242f,3.0305896746643923f,-0.11550015630532802f,0.17523756019148f,-0.9777277286604806f,3.638222773281794f,0f,0f,0f,1f], start_interpolation: 0, interpolation_duration: 1 }
$data merge entity $(bone_left_sad_pupil1) { transformation: [-0.9925225931080951f,-0.05948214992797676f,0.10658694108533395f,0.2661967684070254f,-0.03947931184085595f,0.9827276689592511f,0.180797435265242f,3.111369748927617f,-0.11550015630532802f,0.17523756019148f,-0.9777277286604806f,3.684465526896777f,0f,0f,0f,1f], start_interpolation: 0, interpolation_duration: 1 }
$data merge entity $(bone_left_pupil1) { transformation: [-0.9925225931080951f,-0.05948214992797676f,0.10658694108533395f,0.2651558803104889f,-0.03947931184085595f,0.9827276689592511f,0.180797435265242f,3.109604148973855f,-0.11550015630532802f,0.17523756019148f,-0.9777277286604806f,3.6940136492469775f,0f,0f,0f,1f], start_interpolation: 0, interpolation_duration: 1 }
$data merge entity $(bone_eyelid_left1) { transformation: [-0.9925225931080951f,-0.05948214992797676f,0.10658694108533395f,-0.052019347511256864f,-0.03947931184085595f,0.9827276689592511f,0.180797435265242f,3.136821713536317f,-0.11550015630532802f,0.17523756019148f,-0.9777277286604806f,3.1550775722509616f,0f,0f,0f,1f], start_interpolation: 0, interpolation_duration: 1 }
$data merge entity $(bone_left_happy_pupil1) { transformation: [-0.9925225931080951f,-0.05948214992797676f,0.10658694108533395f,0.29188076952894293f,-0.03947931184085595f,0.9827276689592511f,0.180797435265242f,3.0883415440235877f,-0.11550015630532802f,0.17523756019148f,-0.9777277286604806f,3.6830071850402497f,0f,0f,0f,1f], start_interpolation: 0, interpolation_duration: 1 }
$data merge entity $(bone_eyelid_expressions_left5) { transformation: [-0.9925225931080951f,-0.05948214992797676f,0.10658694108533395f,0.371853214522126f,-0.03947931184085595f,0.9827276689592511f,0.180797435265242f,3.2117729719657064f,-0.11550015630532802f,0.17523756019148f,-0.9777277286604806f,3.7145498149380964f,0f,0f,0f,1f], start_interpolation: 0, interpolation_duration: 1 }
$data merge entity $(bone_eyelid_expressions_left7) { transformation: [-0.9925225931080951f,-0.05948214992797676f,0.10658694108533395f,0.08107511107248877f,-0.03947931184085595f,0.9827276689592511f,0.180797435265242f,3.2002067673248304f,-0.11550015630532802f,0.17523756019148f,-0.9777277286604806f,3.6807118785205195f,0f,0f,0f,1f], start_interpolation: 0, interpolation_duration: 1 }
$data merge entity $(bone_eyelid_expressions_left6) { transformation: [-0.9925225931080951f,-0.05948214992797676f,0.10658694108533395f,0.17800114555570118f,-0.03947931184085595f,0.9827276689592511f,0.180797435265242f,3.204062168871789f,-0.11550015630532802f,0.17523756019148f,-0.9777277286604806f,3.691991190659712f,0f,0f,0f,1f], start_interpolation: 0, interpolation_duration: 1 }
$data merge entity $(bone_left_eye1) { transformation: [-0.9925225931080951f,-0.05948214992797676f,0.10658694108533395f,-0.04336763215947209f,-0.03947931184085595f,0.9827276689592511f,0.180797435265242f,3.1354416537372507f,-0.11550015630532802f,0.17523756019148f,-0.9777277286604806f,3.1657536258150807f,0f,0f,0f,1f], start_interpolation: 0, interpolation_duration: 1 }
$data merge entity $(bone_crest_middle5) { transformation: [-0.9925225931080951f,-0.03500254909023995f,0.11693469855935876f,-0.15922857541774116f,-0.03947931184085595f,0.9985648263810047f,-0.0361893831288517f,4.244635690798768f,-0.11550015630532802f,-0.040535281815471724f,-0.992480027416968f,3.78224098686459f,0f,0f,0f,1f], start_interpolation: 0, interpolation_duration: 1 }
$data merge entity $(bone_crest_middle4) { transformation: [-0.9925225931080951f,-0.03500254909023995f,0.11693469855935876f,-0.1387192693101787f,-0.03947931184085595f,0.9985648263810047f,-0.0361893831288517f,3.659539112841148f,-0.11550015630532802f,-0.040535281815471724f,-0.992480027416968f,3.805992128553343f,0f,0f,0f,1f], start_interpolation: 0, interpolation_duration: 1 }
$data merge entity $(bone_crest_middle1) { transformation: [-0.9925225931080951f,-0.03500254909023995f,0.11693469855935876f,-0.13190187938874068f,-0.03947931184085595f,0.9985648263810047f,-0.0361893831288517f,3.223367280266748f,-0.11550015630532802f,-0.040535281815471724f,-0.992480027416968f,3.896497203227995f,0f,0f,0f,1f], start_interpolation: 0, interpolation_duration: 1 }
$data merge entity $(bone_crest_left5) { transformation: [-0.48311526412453826f,-0.8476976143610242f,0.2191081837278243f,-1.088475584523021f,-0.8500363283537637f,0.5140890574488858f,0.11467642081164248f,3.643162419199596f,-0.2098520479974646f,-0.1308479866789883f,-0.968938038438643f,3.6576158264927154f,0f,0f,0f,1f], start_interpolation: 0, interpolation_duration: 1 }
$data merge entity $(bone_crest_left4) { transformation: [-0.48311526412453826f,-0.8476976143610242f,0.2191081837278243f,-0.6745607337608022f,-0.8500363283537637f,0.5140890574488858f,0.11467642081164248f,3.3921423716171324f,-0.2098520479974646f,-0.1308479866789883f,-0.968938038438643f,3.7215064449883153f,0f,0f,0f,1f], start_interpolation: 0, interpolation_duration: 1 }
$data merge entity $(bone_crest_left1) { transformation: [-0.48311526412453826f,-0.8476976143610242f,0.2191081837278243f,-0.20855575613877636f,-0.8500363283537637f,0.5140890574488858f,0.11467642081164248f,3.1216197538863657f,-0.2098520479974646f,-0.1308479866789883f,-0.968938038438643f,3.7444746976753382f,0f,0f,0f,1f], start_interpolation: 0, interpolation_duration: 1 }
$data merge entity $(bone_crest_center1) { transformation: [-0.9925225931080951f,-0.05948214992797676f,0.10658694108533395f,-0.1101775393177598f,-0.03947931184085595f,0.9827276689592511f,0.180797435265242f,3.1014830878052706f,-0.11550015630532802f,0.17523756019148f,-0.9777277286604806f,3.751475803829406f,0f,0f,0f,1f], start_interpolation: 0, interpolation_duration: 1 }
$data merge entity $(bone_crest_right5) { transformation: [-0.5834487369801686f,0.8121497577031456f,0.0005851315817008568f,0.8180384895944628f,0.8076118907739758f,0.5801123726509507f,0.10598428646629074f,3.7189973313554625f,0.08573567050376524f,0.062308957301550616f,-0.9943676325400297f,3.8794774496818762f,0f,0f,0f,1f], start_interpolation: 0, interpolation_duration: 1 }
$data merge entity $(bone_crest_right4) { transformation: [-0.5834487369801686f,0.8121497577031456f,0.0005851315817008568f,0.42148099071597367f,0.8076118907739758f,0.5801123726509507f,0.10598428646629074f,3.4357393368969906f,0.08573567050376524f,0.062308957301550616f,-0.9943676325400297f,3.8490531541244786f,0f,0f,0f,1f], start_interpolation: 0, interpolation_duration: 1 }
$data merge entity $(bone_crest_right1) { transformation: [-0.5834487369801686f,0.8121497577031456f,0.0005851315817008568f,-0.014703687172351529f,0.8076118907739758f,0.5801123726509507f,0.10598428646629074f,3.129330556980283f,0.08573567050376524f,0.062308957301550616f,-0.9943676325400297f,3.7670333219537224f,0f,0f,0f,1f], start_interpolation: 0, interpolation_duration: 1 }
$data merge entity $(bone_head1) { transformation: [-0.9925225931080951f,-0.05948214992797676f,0.10658694108533395f,0.01678561500198544f,-0.03947931184085595f,0.9827276689592511f,0.180797435265242f,3.1845649017332667f,-0.11550015630532802f,0.17523756019148f,-0.9777277286604806f,2.6320503750603557f,0f,0f,0f,1f], start_interpolation: 0, interpolation_duration: 1 }
$data merge entity $(bone_neck10) { transformation: [-1.2985058103006735f,-0.06188467363878491f,-0.07398617930706419f,-0.017364135662662334f,-0.06666797070857934f,1.29761436465526f,0.0846956271974576f,2.855626226714877f,0.06970688087582162f,0.08825108924762215f,-1.29721767755054f,1.6813074530313092f,0f,0f,0f,1f], start_interpolation: 0, interpolation_duration: 1 }
$data merge entity $(bone_neck9) { transformation: [-0.9972524623109172f,0.016146570340270568f,-0.07229671279566859f,-0.037530270214459975f,-0.05120100150418894f,0.5550674044297844f,0.8302280614292381f,2.272418284332623f,0.05353488451263101f,0.8316486426405258f,-0.5527156152438525f,0.7478682847736116f,0f,0f,0f,1f], start_interpolation: 0, interpolation_duration: 1 }
$data merge entity $(bone_neck8) { transformation: [-0.9972524623109172f,0.03478520083723439f,-0.06540272331887996f,-0.07299518912199578f,-0.05120100150418894f,0.3143827392345882f,0.9479145271153542f,2.0270394992573384f,0.05353488451263101f,0.9486587811611034f,-0.3117379236893534f,-0.1474566549602907f,0f,0f,0f,1f], start_interpolation: 0, interpolation_duration: 1 }
$data merge entity $(bone_neck7) { transformation: [-0.9983848827124984f,-0.004067624976129929f,-0.056666395669783355f,-0.06922151360703149f,-0.05677794688743892f,0.10606938538422964f,0.9927363951379335f,1.928635284301266f,0.0019724904050572424f,0.9943504110278556f,-0.10612902228107376f,-1.0699497120662111f,0f,0f,0f,1f], start_interpolation: 0, interpolation_duration: 1 }
$data merge entity $(bone_neck6) { transformation: [-0.9989651799873146f,-0.03040742857339381f,-0.03382244019088782f,-0.04445005842980755f,-0.02741698756511536f,-0.1907399752705271f,0.9812576474232714f,2.1026690550915603f,-0.0362888132317184f,0.9811695317942526f,0.18970891363581405f,-1.8833492222913384f,0f,0f,0f,1f], start_interpolation: 0, interpolation_duration: 1 }
$data merge entity $(bone_neck_spine6) { transformation: [-1.0877644551097094f,-0.18989046202441945f,0.07517832233690114f,0.46900604788289124f,0.057614968464482864f,0.105540613746329f,1.1002196925052041f,3.868514661399893f,-0.19593540549394117f,1.085239360141145f,-0.09384309027160265f,-4.900960309845907f,0f,0f,0f,1f], start_interpolation: 0, interpolation_duration: 1 }
$data merge entity $(bone_neck_spine7) { transformation: [-0.9970166811116389f,-0.004256360896025442f,0.07706893652474764f,0.9225428968875184f,0.06969919723068042f,0.37934334595524255f,0.9226270361228746f,3.4997086704718967f,-0.03316262188867933f,0.9252461884662935f,-0.377914978848503f,-8.027025153486187f,0f,0f,0f,1f], start_interpolation: 0, interpolation_duration: 1 }
$data merge entity $(bone_tail6) { transformation: [-1.2860468204439215f,0.7545900160475922f,0.1373745427340972f,-0.122676223294169f,0.0016868933153602107f,-0.2654121973387845f,1.4736851093699654f,3.7873236594995965f,0.7669908811068425f,1.2658374914929325f,0.22710067176003007f,-10.99299901061499f,0f,0f,0f,1f], start_interpolation: 0, interpolation_duration: 1 }
$data merge entity $(bone_tail5) { transformation: [-1.0623865038449787f,0.5941806053812071f,0.22000405315408825f,0.25259573799922536f,0.001393520564862783f,-0.4273205106184481f,1.16082414605856f,3.5174370212142607f,0.6336011626534787f,0.9972281825946219f,0.36633724529530015f,-10.363170684765755f,0f,0f,0f,1f], start_interpolation: 0, interpolation_duration: 1 }
$data merge entity $(bone_tail4) { transformation: [-0.8475521974409624f,0.48482092152106804f,0.2158794725499822f,0.44197891046839255f,0.012597286863233928f,-0.38828029168809f,0.9214552205345069f,3.365765032273601f,0.5305625137311167f,0.7837008926510638f,0.3229803862175601f,-10.057037523573934f,0f,0f,0f,1f], start_interpolation: 0, interpolation_duration: 1 }
$data merge entity $(bone_segment18) { transformation: [-0.9035830996936849f,0.37004545028887215f,0.2158794725499822f,0.6226651654922559f,0.06317026331594242f,-0.38331422408031945f,0.9214552205345069f,3.1785998837968825f,0.4237299845190886f,0.8462485275249869f,0.3229803862175601f,-9.643830234743374f,0f,0f,0f,1f], start_interpolation: 0, interpolation_duration: 1 }
$data merge entity $(bone_segment17) { transformation: [-0.9550497276501149f,0.2615659269232971f,0.13951087265227094f,0.788698224574427f,0.09252398580837991f,-0.18409339964679192f,0.9785442924347457f,3.061743721911712f,0.28163687572044327f,0.9474665619847715f,0.15161722908424544f,-9.04241103035851f,0f,0f,0f,1f], start_interpolation: 0, interpolation_duration: 1 }
$data merge entity $(bone_segment16) { transformation: [-0.9872879667387047f,0.13380588734659934f,0.08578143881017501f,0.8997675646570533f,0.08982845254514941f,0.024496305654390163f,0.9956559546965159f,3.0820775693787352f,0.13112330016552529f,0.9907047569890213f,-0.03620448360390832f,-8.220048683248482f,0f,0f,0f,1f], start_interpolation: 0, interpolation_duration: 1 }
$data merge entity $(bone_segment15) { transformation: [-0.9970166811116389f,-0.02405823747387982f,0.0733412489311656f,0.8750984734973133f,0.06969919723068042f,0.12762408641398623f,0.9893705647897526f,3.2129421111118264f,-0.03316262188867933f,0.9915307830706244f,-0.12556650322766305f,-7.203342313888956f,0f,0f,0f,1f], start_interpolation: 0, interpolation_duration: 1 }
$data merge entity $(bone_segment14) { transformation: [-0.9779190903109264f,-0.1960889060814668f,0.07227304972964699f,0.6740307475348718f,0.05403913917692214f,0.0968011316276098f,0.9938356566116107f,3.3122010839721683f,-0.2018762597297354f,0.9757964346252694f,-0.08406719889555364f,-6.20276979791578f,0f,0f,0f,1f], start_interpolation: 0, interpolation_duration: 1 }
$data merge entity $(bone_segment13) { transformation: [-0.9828271782638315f,-0.18076025485424502f,0.037100780732800806f,0.4789489233300479f,0.05205681856555627f,-0.07870999789484953f,0.9955374547811978f,3.203344525884396f,-0.17703340166981976f,0.9803726161498092f,0.08676812892295818f,-5.151753487068595f,0f,0f,0f,1f], start_interpolation: 0, interpolation_duration: 1 }
$data merge entity $(bone_segment12) { transformation: [-0.9739570412546331f,-0.22665856057841946f,0.005794713715092735f,0.21333342265221258f,0.06266229360265481f,-0.24452339752350247f,0.9676165278786932f,2.9167936694115415f,-0.2179016263155822f,0.9427800406139717f,0.252358230040041f,-4.046933126974096f,0f,0f,0f,1f], start_interpolation: 0, interpolation_duration: 1 }
$data merge entity $(bone_segment11) { transformation: [-1.0190471505436924f,-0.1808644253951968f,-0.01947887340963885f,0.004315517948691672f,0.04594279726897871f,-0.36313884060922774f,0.9682809012544604f,2.497128390212737f,-0.1760131422989345f,0.9523479952105289f,0.36551488570317336f,-2.9463419959512134f,0f,0f,0f,1f], start_interpolation: 0, interpolation_duration: 1 }
$data merge entity $(bone_segment10) { transformation: [-0.9989493664693244f,-0.04317613909627799f,-0.01536177864943755f,-0.04656369855194929f,-3.469446951953614e-18f,-0.3352084652880994f,0.9421439830509969f,2.11869972242418f,-0.045827537906104665f,0.9411541349916792f,0.3348562840347014f,-1.8372760628455114f,0f,0f,0f,1f], start_interpolation: 0, interpolation_duration: 1 }