# This file was generated by Animated Java via MC-Build. It is not recommended to edit this file directly.
$data merge entity $(bone_neck_spine5) { transformation: [-1.5672468456106463f,-0.01106860255346485f,-0.12503602088052587f,0.010550968128273316f,-0.0890161295881068f,1.2022214840855467f,1.0093358348106645f,3.2758504939495543f,0.08850225507451917f,1.0131930639307105f,-1.1990105761026737f,0.44416409579098803f,0f,0f,0f,1f], start_interpolation: 0, interpolation_duration: 1 }
$data merge entity $(bone_neck_spine2) { transformation: [-1.4926160434387103f,-0.09165762112477743f,-0.07674965174608463f,-0.05223489537096394f,-0.0847772662743874f,1.489340168737381f,-0.12989595294841835f,4.423686494651594f,0.08428786197573251f,-0.1251360218285799f,-1.48977542403159f,2.48194009592828f,0f,0f,0f,1f], start_interpolation: 0, interpolation_duration: 1 }
$data merge entity $(bone_scale_neck_left1) { transformation: [-1.6089517004270695f,0.351966903069638f,-0.02118503420064951f,0.7848551243780946f,0.33513868833660665f,1.5572541500994432f,0.4191618451335384f,3.568371710978119f,0.10959729061675523f,0.40513441223784186f,-1.5927679123927114f,2.4794574873622954f,0f,0f,0f,1f], start_interpolation: 0, interpolation_duration: 1 }
$data merge entity $(bone_scale_neck_right1) { transformation: [-1.5629123467728132f,-0.4777855210206831f,-0.2051367179365149f,-0.7823917212325511f,-0.5152935004851619f,1.5101260607906455f,0.40871379927321816f,3.4793555813900126f,0.06951751937835116f,0.45199043934755334f,-1.5823801812698355f,2.5679597424368144f,0f,0f,0f,1f], start_interpolation: 0, interpolation_duration: 1 }
$data merge entity $(bone_blush_right1) { transformation: [-0.9920144571321943f,-0.0657331596518395f,0.10764045969292313f,-0.7263964103007502f,-0.048211447565187394f,0.9862662854940684f,0.15796984022718388f,3.150163245808026f,-0.11654601307804231f,0.15151886291785127f,-0.9815595045720327f,3.8095986998612528f,0f,0f,0f,1f], start_interpolation: 0, interpolation_duration: 1 }
$data merge entity $(bone_blush_left1) { transformation: [-0.9920144571321943f,-0.0657331596518395f,0.10764045969292313f,0.5882164982230659f,-0.048211447565187394f,0.9862662854940684f,0.15796984022718388f,3.214052830130252f,-0.11654601307804231f,0.15151886291785127f,-0.9815595045720327f,3.9640449300828378f,0f,0f,0f,1f], start_interpolation: 0, interpolation_duration: 1 }
$data merge entity $(bone_left_head_scales) { transformation: [-0.9296304031368577f,-0.0657331596518395f,-0.36258304605398917f,0.5936832115469642f,-0.11570643093138705f,0.9862662854940684f,0.1178593905416661f,3.996642030076792f,0.34985616387984875f,0.15151886291785127f,-0.9244688738812994f,3.6901415400352287f,0f,0f,0f,1f], start_interpolation: 0, interpolation_duration: 1 }
$data merge entity $(bone_left_head_scales2) { transformation: [-0.8743507018019265f,-0.0657331596518395f,-0.4808222145249367f,0.6346075548894087f,-0.13010028383960703f,0.9862662854940684f,0.10174836727233758f,3.0839322838915066f,0.4675304978323149f,0.15151886291785127f,-0.8708945216136964f,3.7193619117678973f,0f,0f,0f,1f], start_interpolation: 0, interpolation_duration: 1 }
$data merge entity $(bone_left_head_scales1) { transformation: [-0.9920144571321943f,-0.0657331596518395f,0.10764045969292313f,0.6010653535000516f,-0.048211447565187394f,0.9862662854940684f,0.15796984022718388f,3.885879703092595f,-0.11654601307804231f,0.15151886291785127f,-0.9815595045720327f,3.673125261484884f,0f,0f,0f,1f], start_interpolation: 0, interpolation_duration: 1 }
$data merge entity $(bone_right_head_scales) { transformation: [-0.8302247371544801f,-0.0657331596518395f,0.5535395537258022f,-0.7432112716975944f,0.03017827838433701f,0.9862662854940684f,0.16238252865222375f,3.93166957144402f,-0.5566113162077573f,0.15151886291785127f,-0.8168389540475831f,3.533077577098023f,0f,0f,0f,1f], start_interpolation: 0, interpolation_duration: 1 }
$data merge entity $(bone_right_head_scales2) { transformation: [-0.7508706392462161f,-0.0657331596518395f,0.6571700197362663f,-0.7022869283551499f,0.051115272177297465f,0.9862662854940684f,0.15705426784386858f,3.0189598252587344f,-0.6584683075655348f,0.15151886291785127f,-0.7371984279092446f,3.562297948830692f,0f,0f,0f,1f], start_interpolation: 0, interpolation_duration: 1 }
$data merge entity $(bone_right_head_scales1) { transformation: [-0.9920144571321943f,-0.0657331596518395f,0.10764045969292313f,-0.735829129744507f,-0.048211447565187394f,0.9862662854940684f,0.15796984022718388f,3.8209072444598227f,-0.11654601307804231f,0.15151886291785127f,-0.9815595045720327f,3.5160612985476787f,0f,0f,0f,1f], start_interpolation: 0, interpolation_duration: 1 }
$data merge entity $(bone_head_left_fin1) { transformation: [-0.6144017226736936f,0.09329798621125067f,-0.8440860187028907f,0.6378147196591126f,0.10464563144950063f,1.042209878600176f,0.03902638584233423f,3.4838268397267447f,0.8427544203499063f,-0.061394240302366794f,-0.6202184552748831f,3.5266393240534173f,0f,0f,0f,1f], start_interpolation: 0, interpolation_duration: 1 }
$data merge entity $(bone_head_right_fin1) { transformation: [-0.3899744375309335f,-0.17582391778089018f,0.9569122666335639f,-0.699079763585446f,-0.15345785211351556f,1.0291306775162834f,0.12655407636561883f,3.4188543810939724f,-0.9607527380769268f,-0.0930118086923767f,-0.4086296339555347f,3.369575361116212f,0f,0f,0f,1f], start_interpolation: 0, interpolation_duration: 1 }
$data merge entity $(bone_right_whisker16) { transformation: [-0.1716428363270524f,-0.4353885430915723f,0.8837282123380488f,-0.8288662007675114f,0.9786490214896326f,0.0276005771797065f,0.20367695224726054f,1.8175667353256524f,-0.11307002023078674f,0.8998194400455826f,0.421355130312975f,1.716696237006559f,0f,0f,0f,1f], start_interpolation: 0, interpolation_duration: 1 }
$data merge entity $(bone_right_whisker15) { transformation: [0.48826045326745043f,-0.2784811674019413f,0.8270731341166369f,-0.9933680136359395f,0.25127925840864695f,0.9524458956693509f,0.172352981164264f,1.7329072195532078f,-0.835739471407606f,0.12367317908528416f,0.5350182059577737f,1.998268617510098f,0f,0f,0f,1f], start_interpolation: 0, interpolation_duration: 1 }
$data merge entity $(bone_right_whisker14) { transformation: [0.7385654479768076f,-0.1824095624396245f,0.6490360780306459f,-1.2422010991359378f,-0.32376449362751175f,0.7484603819951718f,0.5787776855147084f,1.841988030394508f,-0.5913523752560219f,-0.6376000377307284f,0.49372923770507526f,2.1975035486266288f,0f,0f,0f,1f], start_interpolation: 0, interpolation_duration: 1 }
$data merge entity $(bone_right_whisker13) { transformation: [0.28204759626201104f,-0.4201728116099786f,0.8624986735216393f,-1.3372269006109316f,0.017927035210360334f,0.9011487698423529f,0.4331391416394746f,1.8359481601332048f,-0.9592329095956771f,-0.10670380965729279f,0.2616992971966717f,2.5206826050822038f,0f,0f,0f,1f], start_interpolation: 0, interpolation_duration: 1 }
$data merge entity $(bone_right_whisker12) { transformation: [-0.35975616209613365f,-0.2983673322717031f,0.8840545451876416f,-1.1756176871693091f,-0.5161870602198034f,0.8529342770581525f,0.07780769808267018f,2.0678290660913197f,-0.777255699686723f,-0.4283457179106077f,-0.46086171814563714f,2.869840438925849f,0f,0f,0f,1f], start_interpolation: 0, interpolation_duration: 1 }
$data merge entity $(bone_right_whisker11) { transformation: [-0.8476820292421361f,-0.2134293060236838f,0.48567798862022094f,-0.7948230255956932f,-0.3062187433972463f,0.9444396812043552f,-0.11943102511000844f,2.2053882672268013f,-0.43320348393352737f,-0.24996323709070634f,-0.8659405993548226f,3.064443566474113f,0f,0f,0f,1f], start_interpolation: 0, interpolation_duration: 1 }
$data merge entity $(bone_right_whisker10) { transformation: [-0.37718697945082547f,-0.5516785423247792f,0.7438956704210409f,-0.6253835621705177f,-0.6553570752183744f,0.7265394183574103f,0.20651289919541083f,2.499786953360055f,-0.654398262905687f,-0.409623314169595f,-0.6355876446208946f,3.358411536138777f,0f,0f,0f,1f], start_interpolation: 0, interpolation_duration: 1 }
$data merge entity $(bone_right_whisker1) { transformation: [0.16602461545640607f,-0.5355254847033663f,0.8280388169015857f,-0.6999649323950751f,-0.8190792134571077f,0.39270177362530656f,0.4182039682667111f,2.86773269378024f,-0.5491311948387548f,-0.7476615358735283f,-0.37343963184187934f,3.605091565070249f,0f,0f,0f,1f], start_interpolation: 0, interpolation_duration: 1 }
$data merge entity $(bone_left_whisker16) { transformation: [-0.0987167149174942f,0.21083089785761752f,-0.9725252401374728f,1.2988361959130634f,-0.9917883716622647f,0.05900654557959543f,0.1134638859473648f,1.9209720957963412f,0.08130704785817572f,0.9757400063988946f,0.2032747005440525f,1.9666676255955782f,0f,0f,0f,1f], start_interpolation: 0, interpolation_duration: 1 }
$data merge entity $(bone_left_whisker15) { transformation: [0.3035136276965032f,0.14992014257782055f,-0.940958781590328f,1.4010942052444049f,-0.2127994012720675f,0.9732660028204648f,0.08642744108282008f,1.8492769850162012f,0.9287604064670061f,0.1740035591685438f,0.3273024118088975f,2.2795800672275286f,0f,0f,0f,1f], start_interpolation: 0, interpolation_duration: 1 }
$data merge entity $(bone_left_whisker14) { transformation: [0.5473604442366867f,0.25244653589696747f,-0.7979143378826064f,1.5855076361639915f,0.38625990211620687f,0.7695941888995228f,0.5084565590384922f,1.9794133778190246f,0.7424283346574239f,-0.5865113220780197f,0.32373544287287725f,2.5297146135720703f,0f,0f,0f,1f], start_interpolation: 0, interpolation_duration: 1 }
$data merge entity $(bone_left_whisker13) { transformation: [0.052985069742265634f,0.3452808612899762f,-0.9370025129161925f,1.603359051262704f,-0.0016446013269016803f,0.938349467220575f,0.3456842094359219f,1.9788592885047853f,0.9985939503476291f,-0.01677510636970994f,0.05028636132593117f,2.8661549581716135f,0f,0f,0f,1f], start_interpolation: 0, interpolation_duration: 1 }
$data merge entity $(bone_left_whisker12) { transformation: [-0.5774107921808211f,0.3063359056630456f,-0.7568058469480257f,1.3439752969627259f,0.47064117613403444f,0.8823225770356246f,-0.001937364288633281f,2.190280129346246f,0.6671534009508528f,-0.35730264896137537f,-0.653636869098504f,3.1658527750050043f,0f,0f,0f,1f], start_interpolation: 0, interpolation_duration: 1 }
$data merge entity $(bone_left_whisker11) { transformation: [-0.9501739760841124f,0.17409989505258505f,-0.2585703805836778f,0.917139331143691f,0.21884376624104807f,0.9632734226113897f,-0.1556011544557831f,2.288588852462342f,0.22198383082995593f,-0.2044346835378426f,-0.9533780147542945f,3.2655720740106484f,0f,0f,0f,1f], start_interpolation: 0, interpolation_duration: 1 }
$data merge entity $(bone_left_whisker10) { transformation: [-0.579190664657938f,0.5593489541251346f,-0.5930151106778093f,0.656956024754383f,0.608877560419002f,0.7805348450404295f,0.1415396484943963f,2.562108069056815f,0.5420390118721168f,-0.27909515079418856f,-0.7926535222982792f,3.5090661613750758f,0f,0f,0f,1f], start_interpolation: 0, interpolation_duration: 1 }
$data merge entity $(bone_left_whisker1) { transformation: [-0.044580672344819515f,0.6538071419934032f,-0.7553467976576734f,0.6369295508494836f,0.8249813333842304f,0.45050279371862256f,0.341252153721106f,2.9327051524130123f,0.5633989378946868f,-0.6079337578471312f,-0.5594624052150463f,3.7621555280074546f,0f,0f,0f,1f], start_interpolation: 0, interpolation_duration: 1 }
$data merge entity $(bone_upper_left_tooth1) { transformation: [-0.9920144571321943f,-0.05610154091974468f,0.11295987759885473f,0.14995371461104512f,-0.048211447565187394f,0.9962812232725599f,0.0714099466335113f,3.1716687006001716f,-0.11654601307804231f,0.06539374022765453f,-0.9910301133541053f,4.67660720837329f,0f,0f,0f,1f], start_interpolation: 0, interpolation_duration: 1 }
$data merge entity $(bone_upper_right_tooth1) { transformation: [-0.9920144571321943f,-0.05610154091974468f,0.11295987759885473f,-0.5184935270112342f,-0.048211447565187394f,0.9962812232725599f,0.0714099466335113f,3.1391824712837857f,-0.11654601307804231f,0.06539374022765453f,-0.9910301133541053f,4.598075226904688f,0f,0f,0f,1f], start_interpolation: 0, interpolation_duration: 1 }
$data merge entity $(bone_top_lip1) { transformation: [-0.9920144571321943f,-0.01408365049059248f,0.1253354204906852f,-0.1633480939173571f,-0.048211447565187394f,0.9606217539192544f,-0.2736448468741273f,3.2798549527420673f,-0.11654601307804231f,-0.27750224627190717f,-0.9536296609007391f,4.648691851334032f,0f,0f,0f,1f], start_interpolation: 0, interpolation_duration: 1 }
$data merge entity $(bone_muzzle1) { transformation: [-0.9920144571321943f,-0.05610154091974468f,0.11295987759885473f,-0.10936917418035953f,-0.048211447565187394f,0.9962812232725599f,0.0714099466335113f,3.487783888610022f,-0.11654601307804231f,0.06539374022765453f,-0.9910301133541053f,4.103221250758505f,0f,0f,0f,1f], start_interpolation: 0, interpolation_duration: 1 }
$data merge entity $(bone_jaw_right_tooth1) { transformation: [-0.9920144571321943f,0.029632936040269522f,0.12259366191753684f,-0.5218991323908815f,-0.048211447565187394f,0.8090971237761202f,-0.5856940332809261f,3.174085656104997f,-0.11654601307804231f,-0.5869273663741046f,-0.8012073972678796f,4.6126246453038915f,0f,0f,0f,1f], start_interpolation: 0, interpolation_duration: 1 }
$data merge entity $(bone_jaw_left_tooth1) { transformation: [-0.9920144571321943f,0.029632936040269522f,0.12259366191753684f,0.20225204603325436f,-0.048211447565187394f,0.8090971237761202f,-0.5856940332809261f,3.2092790711977486f,-0.11654601307804231f,-0.5869273663741046f,-0.8012073972678796f,4.697700958561544f,0f,0f,0f,1f], start_interpolation: 0, interpolation_duration: 1 }
$data merge entity $(bone_tongue1) { transformation: [-0.9920144571321943f,-0.024953759613961138f,0.12363101035681408f,-0.06028074981156842f,-0.048211447565187394f,0.9808160180043385f,-0.18887984315374265f,3.0318875987181615f,-0.11654601307804231f,-0.19333196504262265f,-0.9741867265203168f,3.873981263299598f,0f,0f,0f,1f], start_interpolation: 0, interpolation_duration: 1 }
$data merge entity $(bone_jaw_lips1) { transformation: [-0.9920144571321943f,-0.024953759613961138f,0.12363101035681408f,-0.11242877004321378f,-0.048211447565187394f,0.9808160180043385f,-0.18887984315374265f,3.0776190992022068f,-0.11654601307804231f,-0.19333196504262265f,-0.9741867265203168f,4.780740311523623f,0f,0f,0f,1f], start_interpolation: 0, interpolation_duration: 1 }
$data merge entity $(bone_jaw3) { transformation: [-0.9920144571321943f,0.007894579171476276f,0.12587689406886127f,-0.0000011995504332201756f,-0.048211447565187394f,0.8985098219842287f,-0.43629778376876815f,2.609952337615273f,-0.11654601307804231f,-0.43888241639142345f,-0.8909541241938541f,4.017240287758138f,0f,0f,0f,1f], start_interpolation: 0, interpolation_duration: 1 }
$data merge entity $(bone_jaw1) { transformation: [-0.9920144571321943f,-0.08342609492402756f,0.09459071585755745f,0.08498264672784107f,-0.048211447565187394f,0.9438515096073238f,0.3268332665682079f,2.903591600547647f,-0.11654601307804231f,0.3196629701696823f,-0.9403364357175092f,3.172406771293188f,0f,0f,0f,1f], start_interpolation: 0, interpolation_duration: 1 }
$data merge entity $(bone_tear_right1) { transformation: [-0.9920144571321943f,-0.0657331596518395f,0.10764045969292313f,-0.7074096457040526f,-0.048211447565187394f,0.9862662854940684f,0.15796984022718388f,3.524571897842056f,-0.11654601307804231f,0.15151886291785127f,-0.9815595045720327f,3.9749103666577645f,0f,0f,0f,1f], start_interpolation: 0, interpolation_duration: 1 }
$data merge entity $(bone_right_pupil1) { transformation: [-0.9920144571321943f,-0.0657331596518395f,0.10764045969292313f,-0.5382222696291108f,-0.048211447565187394f,0.9862662854940684f,0.15796984022718388f,3.6336234684375874f,-0.11654601307804231f,0.15151886291785127f,-0.9815595045720327f,4.079663138282422f,0f,0f,0f,1f], start_interpolation: 0, interpolation_duration: 1 }
$data merge entity $(bone_right_sad_pupil1) { transformation: [-0.9920144571321943f,-0.0657331596518395f,0.10764045969292313f,-0.5370134168102938f,-0.048211447565187394f,0.9862662854940684f,0.15796984022718388f,3.635397543791701f,-0.11654601307804231f,0.15151886291785127f,-0.9815595045720327f,4.068639764940061f,0f,0f,0f,1f], start_interpolation: 0, interpolation_duration: 1 }
$data merge entity $(bone_right_happy_pupil1) { transformation: [-0.9920144571321943f,-0.0657331596518395f,0.10764045969292313f,-0.5630195168406089f,-0.048211447565187394f,0.9862662854940684f,0.15796984022718388f,3.6063537409229043f,-0.11654601307804231f,0.15151886291785127f,-0.9815595045720327f,4.061113625743764f,0f,0f,0f,1f], start_interpolation: 0, interpolation_duration: 1 }
$data merge entity $(bone_eyelid_right1) { transformation: [-0.9920144571321943f,-0.0657331596518395f,0.10764045969292313f,-0.04395903501340821f,-0.048211447565187394f,0.9862662854940684f,0.15796984022718388f,3.6895654958093f,-0.11654601307804231f,0.15151886291785127f,-0.9815595045720327f,3.5593543552062132f,0f,0f,0f,1f], start_interpolation: 0, interpolation_duration: 1 }
$data merge entity $(bone_eyelid_expressions_right5) { transformation: [-0.9920144571321943f,-0.0657331596518395f,0.10764045969292313f,-0.6725142569024559f,-0.048211447565187394f,0.9862662854940684f,0.15796984022718388f,3.7399333608162464f,-0.11654601307804231f,0.15151886291785127f,-0.9815595045720327f,4.070604122259313f,0f,0f,0f,1f], start_interpolation: 0, interpolation_duration: 1 }
$data merge entity $(bone_eyelid_expressions_right7) { transformation: [-0.9920144571321943f,-0.0657331596518395f,0.10764045969292313f,-0.3382906360913162f,-0.048211447565187394f,0.9862662854940684f,0.15796984022718388f,3.7561764754744393f,-0.11654601307804231f,0.15151886291785127f,-0.9815595045720327f,4.109870112993614f,0f,0f,0f,1f], start_interpolation: 0, interpolation_duration: 1 }
$data merge entity $(bone_eyelid_expressions_right6) { transformation: [-0.9920144571321943f,-0.0657331596518395f,0.10764045969292313f,-0.44969850969502945f,-0.048211447565187394f,0.9862662854940684f,0.15796984022718388f,3.7507621039217085f,-0.11654601307804231f,0.15151886291785127f,-0.9815595045720327f,4.096781449415514f,0f,0f,0f,1f], start_interpolation: 0, interpolation_duration: 1 }
$data merge entity $(bone_right_eye1) { transformation: [-0.9920144571321943f,-0.0657331596518395f,0.10764045969292313f,-0.05630867519259654f,-0.048211447565187394f,0.9862662854940684f,0.15796984022718388f,3.687249983299913f,-0.11654601307804231f,0.15151886291785127f,-0.9815595045720327f,3.5690688621907647f,0f,0f,0f,1f], start_interpolation: 0, interpolation_duration: 1 }
$data merge entity $(bone_tear_left1) { transformation: [-0.9920144571321943f,-0.0657331596518395f,0.10764045969292313f,0.49579538921605026f,-0.048211447565187394f,0.9862662854940684f,0.15796984022718388f,3.583047110611551f,-0.11654601307804231f,0.15151886291785127f,-0.9815595045720327f,4.116267933301249f,0f,0f,0f,1f], start_interpolation: 0, interpolation_duration: 1 }
$data merge entity $(bone_left_sad_pupil1) { transformation: [-0.9920144571321943f,-0.0657331596518395f,0.10764045969292313f,0.29854563521755534f,-0.048211447565187394f,0.9862662854940684f,0.15796984022718388f,3.676005330437184f,-0.11654601307804231f,0.15151886291785127f,-0.9815595045720327f,4.166804741775814f,0f,0f,0f,1f], start_interpolation: 0, interpolation_duration: 1 }
$data merge entity $(bone_left_pupil1) { transformation: [-0.9920144571321943f,-0.0657331596518395f,0.10764045969292313f,0.29733678239873834f,-0.048211447565187394f,0.9862662854940684f,0.15796984022718388f,3.6742312550830696f,-0.11654601307804231f,0.15151886291785127f,-0.9815595045720327f,4.177828115118175f,0f,0f,0f,1f], start_interpolation: 0, interpolation_duration: 1 }
$data merge entity $(bone_eyelid_left1) { transformation: [-0.9920144571321943f,-0.0657331596518395f,0.10764045969292313f,-0.06624060973415086f,-0.048211447565187394f,0.9862662854940684f,0.15796984022718388f,3.688482621498754f,-0.11654601307804231f,0.15151886291785127f,-0.9815595045720327f,3.5567366224905927f,0f,0f,0f,1f], start_interpolation: 0, interpolation_duration: 1 }
$data merge entity $(bone_left_happy_pupil1) { transformation: [-0.9920144571321943f,-0.0657331596518395f,0.10764045969292313f,0.32824347198909676f,-0.048211447565187394f,0.9862662854940684f,0.15796984022718388f,3.6496687133447523f,-0.11654601307804231f,0.15151886291785127f,-0.9815595045720327f,4.165822934368568f,0f,0f,0f,1f], start_interpolation: 0, interpolation_duration: 1 }
$data merge entity $(bone_eyelid_expressions_left5) { transformation: [-0.9920144571321943f,-0.0657331596518395f,0.10764045969292313f,0.4192829044139337f,-0.048211447565187394f,0.9862662854940684f,0.15796984022718388f,3.7929942020330105f,-0.11654601307804231f,0.15151886291785127f,-0.9815595045720327f,4.198873025324698f,0f,0f,0f,1f], start_interpolation: 0, interpolation_duration: 1 }
$data merge entity $(bone_eyelid_expressions_left7) { transformation: [-0.9920144571321943f,-0.0657331596518395f,0.10764045969292313f,0.08505928360279398f,-0.048211447565187394f,0.9862662854940684f,0.15796984022718388f,3.7767510873748176f,-0.11654601307804231f,0.15151886291785127f,-0.9815595045720327f,4.159607034590396f,0f,0f,0f,1f], start_interpolation: 0, interpolation_duration: 1 }
$data merge entity $(bone_eyelid_expressions_left6) { transformation: [-0.9920144571321943f,-0.0657331596518395f,0.10764045969292313f,0.19646715720650723f,-0.048211447565187394f,0.9862662854940684f,0.15796984022718388f,3.7821654589275484f,-0.11654601307804231f,0.15151886291785127f,-0.9815595045720327f,4.172695698168496f,0f,0f,0f,1f], start_interpolation: 0, interpolation_duration: 1 }
$data merge entity $(bone_left_eye1) { transformation: [-0.9920144571321943f,-0.0657331596518395f,0.10764045969292313f,-0.05630867519259654f,-0.048211447565187394f,0.9862662854940684f,0.15796984022718388f,3.687249983299913f,-0.11654601307804231f,0.15151886291785127f,-0.9815595045720327f,3.5690688621907647f,0f,0f,0f,1f], start_interpolation: 0, interpolation_duration: 1 }
$data merge entity $(bone_crest_middle5) { transformation: [-0.9920144571321943f,-0.04087736176341181f,0.1193162107007308f,-0.1987130691168117f,-0.048211447565187394f,0.9970787677175027f,-0.05924176981332946f,4.978609689810441f,-0.11654601307804231f,-0.06452109935679554f,-0.9910873092585756f,4.246989064410251f,0f,0f,0f,1f], start_interpolation: 0, interpolation_duration: 1 }
$data merge entity $(bone_crest_middle4) { transformation: [-0.9920144571321943f,-0.04087736176341181f,0.1193162107007308f,-0.1711687530848252f,-0.048211447565187394f,0.9970787677175027f,-0.05924176981332946f,4.306749973282046f,-0.11654601307804231f,-0.06452109935679554f,-0.9910873092585756f,4.290465195812779f,0f,0f,0f,1f], start_interpolation: 0, interpolation_duration: 1 }
$data merge entity $(bone_crest_middle1) { transformation: [-0.9920144571321943f,-0.04087736176341181f,0.1193162107007308f,-0.16056038625742086f,-0.048211447565187394f,0.9970787677175027f,-0.05924176981332946f,3.8078450535101354f,-0.11654601307804231f,-0.06452109935679554f,-0.9910873092585756f,4.406550463450301f,0f,0f,0f,1f], start_interpolation: 0, interpolation_duration: 1 }
$data merge entity $(bone_crest_left5) { transformation: [-0.47757019473490087f,-0.8504651426535585f,0.22053514511780475f,-1.2628812569472117f,-0.8577125403739552f,0.505692886481185f,0.09275722423392985f,4.277257538610113f,-0.19040984004542694f,-0.1448576739202644f,-0.9709584682777556f,4.118104415465699f,0f,0f,0f,1f], start_interpolation: 0, interpolation_duration: 1 }
$data merge entity $(bone_crest_left4) { transformation: [-0.47757019473490087f,-0.8504651426535585f,0.22053514511780475f,-0.7853251465704576f,-0.8577125403739552f,0.505692886481185f,0.09275722423392985f,3.9932991306739f,-0.19040984004542694f,-0.1448576739202644f,-0.9709584682777556f,4.19944539447366f,0f,0f,0f,1f], start_interpolation: 0, interpolation_duration: 1 }
$data merge entity $(bone_crest_left1) { transformation: [-0.47757019473490087f,-0.8504651426535585f,0.22053514511780475f,-0.24762985987841774f,-0.8577125403739552f,0.505692886481185f,0.09275722423392985f,3.6861534174845465f,-0.19040984004542694f,-0.1448576739202644f,-0.9709584682777556f,4.23439887770471f,0f,0f,0f,1f], start_interpolation: 0, interpolation_duration: 1 }
$data merge entity $(bone_crest_center1) { transformation: [-0.9920144571321943f,-0.0657331596518395f,0.10764045969292313f,-0.1343764744092869f,-0.048211447565187394f,0.9862662854940684f,0.15796984022718388f,3.6638775617306747f,-0.11654601307804231f,0.15151886291785127f,-0.9815595045720327f,4.243233526097316f,0f,0f,0f,1f], start_interpolation: 0, interpolation_duration: 1 }
$data merge entity $(bone_crest_right5) { transformation: [-0.5884477638481291f,0.808532447078091f,0.0021239689381632315f,0.9284874514235886f,0.805904556584738f,0.5863194083358573f,0.0821425412599775f,4.383757052624284f,0.06516958568299507f,0.05004831096654663f,-0.9966183279828355f,4.375555588992864f,0f,0f,0f,1f], start_interpolation: 0, interpolation_duration: 1 }
$data merge entity $(bone_crest_right4) { transformation: [-0.5884477638481291f,0.808532447078091f,0.0021239689381632315f,0.4744775324100121f,0.805904556584738f,0.5863194083358573f,0.0821425412599775f,4.054524962982567f,0.06516958568299507f,0.05004831096654663f,-0.9966183279828355f,4.347452289377859f,0f,0f,0f,1f], start_interpolation: 0, interpolation_duration: 1 }
$data merge entity $(bone_crest_right1) { transformation: [-0.5884477638481291f,0.808532447078091f,0.0021239689381632315f,-0.02481411267099129f,0.805904556584738f,0.5863194083358573f,0.0821425412599775f,3.6969821605900086f,0.06516958568299507f,0.05004831096654663f,-0.9966183279828355f,4.260576204860912f,0f,0f,0f,1f], start_interpolation: 0, interpolation_duration: 1 }
$data merge entity $(bone_head1) { transformation: [-1.0398068203013229f,-0.06889999156214945f,0.11282626308958733f,0.013869300818882588f,-0.05053413449215603f,1.0337817185191727f,0.1655803663839622f,3.729442964284078f,-0.12216086006227085f,0.15881859980321641f,-1.0288481786204244f,2.954275189085699f,0f,0f,0f,1f], start_interpolation: 0, interpolation_duration: 1 }
$data merge entity $(bone_neck10) { transformation: [-1.4926160434387103f,-0.08085563767327675f,-0.08805676810925046f,-0.02461445515697535f,-0.0847772662743874f,1.4935534812554325f,0.06561322608169583f,3.3281263434906565f,0.08428786197573251f,0.07038924754714965f,-1.4933637171959593f,1.869136766319433f,0f,0f,0f,1f], start_interpolation: 0, interpolation_duration: 1 }
$data merge entity $(bone_neck9) { transformation: [-1.141851273230614f,0.015788328249716894f,-0.09008078047642487f,-0.04443882710754296f,-0.0648546086999064f,0.6557299087951693f,0.9370167100646591f,2.610401014298876f,0.06448021441143541f,0.9391257444565635f,-0.6527428946736206f,0.7961831422814265f,0f,0f,0f,1f], start_interpolation: 0, interpolation_duration: 1 }
$data merge entity $(bone_neck8) { transformation: [-1.0597573908414843f,0.036434768108299036f,-0.07666105678023667f,-0.08505088613067244f,-0.06019185905481506f,0.35441136538037493f,1.0005296905088135f,2.307586599595444f,0.05984438200277009f,1.0016762097399694f,-0.35121725211127325f,-0.2275703033437857f,0f,0f,0f,1f], start_interpolation: 0, interpolation_duration: 1 }
$data merge entity $(bone_neck7) { transformation: [-1.053552591971809f,0.005501362607184502f,-0.06650777257547781f,-0.09061077387197593f,-0.06537500744247987f,0.12622628479862769f,1.0460495429384953f,2.1800174819798097f,0.013403626575778132f,1.0480759862192264f,-0.12563312763446224f,-1.286796034097259f,0f,0f,0f,1f], start_interpolation: 0, interpolation_duration: 1 }
$data merge entity $(bone_neck6) { transformation: [-1.0484771763366745f,0.001951607989033812f,-0.05008307240120425f,-0.09314835953555806f,-0.04960892410326955f,-0.1899697895637116f,1.0311483627084164f,2.3698071204801368f,-0.007146856945760683f,1.0323391799661528f,0.18984533746294785f,-2.231919068173286f,0f,0f,0f,1f], start_interpolation: 0, interpolation_duration: 1 }
$data merge entity $(bone_neck_spine6) { transformation: [-1.2448740187574556f,-0.24684778335019322f,0.09664480221133856f,0.4485383483232602f,0.08547274058290523f,0.06548346270083515f,1.268223834836211f,4.467667822010259f,-0.2509351640496406f,1.2469015424180507f,-0.04747057483932066f,-5.618034915661081f,0f,0f,0f,1f], start_interpolation: 0, interpolation_duration: 1 }
$data merge entity $(bone_neck_spine7) { transformation: [-0.9934688871301736f,-0.04296857962344372f,0.1057036965743326f,1.095152720460768f,0.08233736353049823f,0.3713790925974011f,0.9248232956345647f,4.154017716810593f,-0.07899448633405609f,0.9274865339974886f,-0.36541565426530914f,-9.221235886585282f,0f,0f,0f,1f], start_interpolation: 0, interpolation_duration: 1 }
$data merge entity $(bone_tail6) { transformation: [-1.4905895640016293f,0.8492474875848073f,0.14907512886948568f,-0.029636562075211703f,0.03792550486191933f,-0.23286028663674774f,1.7057665961424928f,4.375038564345281f,0.8613979018418426f,1.4798164512078762f,0.1828629622535026f,-12.6922681410911f,0f,0f,0f,1f], start_interpolation: 0, interpolation_duration: 1 }
$data merge entity $(bone_tail5) { transformation: [-1.2313565963491722f,0.6695095141384415f,0.24310138281245228f,0.39321155211748815f,0.031329764885933364f,-0.4341300719687755f,1.3543005078875265f,4.100851150470264f,0.7115895710867396f,1.1776537820218342f,0.3610431985650685f,-11.94848680507731f,0f,0f,0f,1f], start_interpolation: 0, interpolation_duration: 1 }
$data merge entity $(bone_tail4) { transformation: [-0.8957634478010931f,0.49846823155212777f,0.21866061772062845f,0.6068407942112573f,0.03604782799626431f,-0.36581780360768856f,0.9816073994655763f,3.9440720917812553f,0.5431239248140556f,0.8463934987475474f,0.2954820563039909f,-11.585746734185504f,0f,0f,0f,1f], start_interpolation: 0, interpolation_duration: 1 }
$data merge entity $(bone_segment18) { transformation: [-0.9093532406803496f,0.35994220896268675f,0.20861037814837596f,0.8089567806893284f,0.07965089116077075f,-0.3415291190314049f,0.936490040732376f,3.752295486856394f,0.4083288126025908f,0.868216255929762f,0.2819008934676584f,-11.098222957662443f,0f,0f,0f,1f], start_interpolation: 0, interpolation_duration: 1 }
$data merge entity $(bone_segment17) { transformation: [-0.9612620267260662f,0.23648876238621647f,0.14159230642775725f,0.9815889583101263f,0.10655182241640031f,-0.15494253882288822f,0.982160637982841f,3.6391904597371467f,0.2542086251767238f,0.9592006437279706f,0.12374207028172124f,-10.398025222128597f,0f,0f,0f,1f], start_interpolation: 0, interpolation_duration: 1 }
$data merge entity $(bone_segment16) { transformation: [-0.9905564125352654f,0.0964052165021281f,0.0974886035208395f,1.0736163988675778f,0.10159150126856081f,0.03859662097502986f,0.9940771940444613f,3.6760344021229785f,0.09207149643220544f,0.9945935527040618f,-0.048026081083580835f,-9.448596318058069f,0f,0f,0f,1f], start_interpolation: 0, interpolation_duration: 1 }
$data merge entity $(bone_segment15) { transformation: [-0.9934688871301736f,-0.06886259058841786f,0.09098084370781984f,0.9924136858446143f,0.08233736353049823f,0.1193627746189248f,0.989430688124296f,3.816786892701447f,-0.07899448633405609f,0.9904597274259683f,-0.11291323871050259f,-8.28064698127403f,0f,0f,0f,1f], start_interpolation: 0, interpolation_duration: 1 }
$data merge entity $(bone_segment14) { transformation: [-1.0148405445033075f,-0.2461637966769195f,0.09042816189112277f,0.7154794145830798f,0.07593536803522496f,0.07011795775073494f,1.0430687848399034f,3.895669595171024f,-0.25101332064007637f,1.0164457955206674f,-0.05005452681598156f,-7.137145461313279f,0f,0f,0f,1f], start_interpolation: 0, interpolation_duration: 1 }
$data merge entity $(bone_segment13) { transformation: [-1.0032220033515966f,-0.20943254844689138f,0.04215722317038834f,0.4620892097868804f,0.06888097329328245f,-0.12550500374279533f,1.015675891895086f,3.7167129421803304f,-0.20222422044000452f,0.9962329614652132f,0.13681689581652928f,-5.941047783578541f,0f,0f,0f,1f], start_interpolation: 0, interpolation_duration: 1 }
$data merge entity $(bone_segment12) { transformation: [-1.0857633626176473f,-0.2559950091056277f,0.007639168927697538f,0.15283349408880662f,0.08181751620981373f,-0.31517657878953736f,1.066978678050998f,3.3359627127701508f,-0.24268847444852668f,1.0390400188092892f,0.3255334466292438f,-4.685831653473359f,0f,0f,0f,1f], start_interpolation: 0, interpolation_duration: 1 }
$data merge entity $(bone_segment11) { transformation: [-1.1752376965987115f,-0.18881833553216754f,-0.01693616076814505f,-0.06537643180626196f,0.05551635958864575f,-0.4444724694503391f,1.1029437875975767f,2.8223033568193436f,-0.18126536126002352f,1.088078444299365f,0.44760586316501033f,-3.4283821794622042f,0f,0f,0f,1f], start_interpolation: 0, interpolation_duration: 1 }
$data merge entity $(bone_segment10) { transformation: [-1.0478948276848732f,-0.02288102314417232f,-0.00825147964544879f,-0.09437961319633473f,0f,-0.35558389524659484f,0.9860199244774073f,2.3881876744229347f,-0.02432340717217481f,0.9857544066583258f,0.35548814275922347f,-2.17887451180982f,0f,0f,0f,1f], start_interpolation: 0, interpolation_duration: 1 }