# This file was generated by Animated Java via MC-Build. It is not recommended to edit this file directly.
$data merge entity $(bone_neck_spine5) { transformation: [-1.3623704504292735f,-0.015872379195749818f,-0.11356268547395121f,-0.03696280408798898f,-0.08367496369468534f,1.0634167468669278f,0.8551871041414879f,2.8339228145177504f,0.07840227295227055f,0.8591242926479717f,-1.0606414066659338f,0.3556287715307281f,0f,0f,0f,1f], start_interpolation: 0, interpolation_duration: 1 }
$data merge entity $(bone_neck_spine2) { transformation: [-1.2974956670754982f,-0.08716610662025227f,-0.06578807431000662f,-0.09648328960947244f,-0.07969044161398602f,1.292055041389214f,-0.14022913563353373f,3.8931669549366124f,0.0746688313831148f,-0.13570868366404165f,-1.2928374707373305f,2.1547815678588593f,0f,0f,0f,1f], start_interpolation: 0, interpolation_duration: 1 }
$data merge entity $(bone_scale_neck_left1) { transformation: [-1.4007722523475525f,0.2981408491356592f,-0.020212608258481667f,0.6357108493230451f,0.28524077949027343f,1.3629098739683265f,0.3355201805528226f,3.1537554975274005f,0.08907420037094867f,0.3241112894039417f,-1.3922920230009104f,2.168156204682602f,0f,0f,0f,1f], start_interpolation: 0, interpolation_duration: 1 }
$data merge entity $(bone_scale_neck_right1) { transformation: [-1.356453811170498f,-0.42314322102768714f,-0.18011743686307136f,-0.7266596011062282f,-0.4545859019495999f,1.3186095749083637f,0.32569904069774286f,3.0700805338327153f,0.06959981546295473f,0.3656200512295177f,-1.3830897520512633f,2.246558477634873f,0f,0f,0f,1f], start_interpolation: 0, interpolation_duration: 1 }
$data merge entity $(bone_blush_right1) { transformation: [-0.991553827675659f,-0.07147967979496242f,0.10822043336708206f,-0.6775943929830394f,-0.056322607028447214f,0.9889473464602182f,0.13715287042862795f,2.8074686878718627f,-0.11682795367234895f,0.12989919670922734f,-0.9846204486679266f,3.331645928713184f,0f,0f,0f,1f], start_interpolation: 0, interpolation_duration: 1 }
$data merge entity $(bone_blush_left1) { transformation: [-0.991553827675659f,-0.07147967979496242f,0.10822043336708206f,0.4650164631275834f,-0.056322607028447214f,0.9889473464602182f,0.13715287042862795f,2.8723716920647995f,-0.11682795367234895f,0.12989919670922734f,-0.9846204486679266f,3.466271890952805f,0f,0f,0f,1f], start_interpolation: 0, interpolation_duration: 1 }
$data merge entity $(bone_left_head_scales) { transformation: [-0.9294896218585857f,-0.07147967979496242f,-0.3618559081092817f,0.46631616829214373f,-0.11328891030869578f,0.9889473464602182f,0.09564919618251469f,3.547549920501759f,0.3510194662098551f,0.12989919670922734f,-0.927314150132546f,3.213328141308222f,0f,0f,0f,1f], start_interpolation: 0, interpolation_duration: 1 }
$data merge entity $(bone_left_head_scales2) { transformation: [-0.8743060354741475f,-0.07147967979496242f,-0.4800829217019579f,0.5063070655879519f,-0.12480443334280725f,0.9889473464602182f,0.08004373396633667f,2.75484405357552f,0.46905523102451313f,0.12989919670922734f,-0.8735636147086475f,3.2560759049144794f,0f,0f,0f,1f], start_interpolation: 0, interpolation_duration: 1 }
$data merge entity $(bone_left_head_scales1) { transformation: [-0.991553827675659f,-0.07147967979496242f,0.10822043336708206f,0.4732966057721205f,-0.056322607028447214f,0.9889473464602182f,0.13715287042862795f,3.4509730311990032f,-0.11682795367234895f,0.12989919670922734f,-0.9846204486679266f,3.200642672879587f,0f,0f,0f,1f], start_interpolation: 0, interpolation_duration: 1 }
$data merge entity $(bone_right_head_scales) { transformation: [-0.8295483517966966f,-0.07147967979496242f,0.553841301644969f,-0.6956609735152692f,0.013371385134550724f,0.9889473464602182f,0.14766296756084923f,3.4815468653902975f,-0.5582747872606889f,0.12989919670922734f,-0.8194238589419581f,3.0764203830984385f,0f,0f,0f,1f], start_interpolation: 0, interpolation_duration: 1 }
$data merge entity $(bone_right_head_scales2) { transformation: [-0.750160654452034f,-0.07147967979496242f,0.6573809001549297f,-0.655670076219461f,0.0325308759687311f,0.9889473464602182f,0.14465437441709095f,2.6888409984640584f,-0.6604549451861217f,0.12989919670922734f,-0.7395440920415054f,3.1191681467046957f,0f,0f,0f,1f], start_interpolation: 0, interpolation_duration: 1 }
$data merge entity $(bone_right_head_scales1) { transformation: [-0.991553827675659f,-0.07147967979496242f,0.10822043336708206f,-0.6886805360352924f,-0.056322607028447214f,0.9889473464602182f,0.13715287042862795f,3.384969976087542f,-0.11682795367234895f,0.12989919670922734f,-0.9846204486679266f,3.063734914669803f,0f,0f,0f,1f], start_interpolation: 0, interpolation_duration: 1 }
$data merge entity $(bone_head_left_fin1) { transformation: [-0.5879121399041222f,0.08352943129113974f,-0.8046006151262467f,0.5073994914377512f,0.11402608820517274f,0.993280435824229f,0.019799672155252142f,3.09885533875154f,0.8008479050119206f,-0.08010499308412733f,-0.5934861608504531f,3.0809567590419222f,0f,0f,0f,1f], start_interpolation: 0, interpolation_duration: 1 }
$data merge entity $(bone_head_right_fin1) { transformation: [-0.3698552132552668f,-0.17310367478662086f,0.9128210333922356f,-0.6545776503696618f,-0.16842954341962585f,0.9787030672733049f,0.11735329144630197f,3.0328522836400786f,-0.9136950312502294f,-0.11034230324400585f,-0.391134204568522f,2.9440490008321385f,0f,0f,0f,1f], start_interpolation: 0, interpolation_duration: 1 }
$data merge entity $(bone_right_whisker16) { transformation: [-0.17694972752501928f,-0.4368797808574418f,0.8819437912966878f,-0.7574916450277361f,0.9749718264433035f,0.044744862274745445f,0.21777932624981472f,1.6088346559784399f,-0.13460583780293733f,0.8984063414613509f,0.41802788669106894f,1.53729539945498f,0f,0f,0f,1f], start_interpolation: 0, interpolation_duration: 1 }
$data merge entity $(bone_right_whisker15) { transformation: [0.48809386741870064f,-0.28399319130108214f,0.8252952464923587f,-0.9004878952480586f,0.23575796837772203f,0.9533312656176882f,0.18862046109101138f,1.5397649386802792f,-0.8403466885367407f,0.10250544029661987f,0.5322688021807507f,1.7834907183622284f,0f,0f,0f,1f], start_interpolation: 0, interpolation_duration: 1 }
$data merge entity $(bone_right_whisker14) { transformation: [0.7412488303295632f,-0.18564415911996676f,0.6450476088783642f,-1.1176506385086729f,-0.3324072488285524f,0.7333541494391219f,0.5930405655827051f,1.637149874860519f,-0.5831428576783635f,-0.654009126606856f,0.4818884412949225f,1.9543333524476865f,0f,0f,0f,1f], start_interpolation: 0, interpolation_duration: 1 }
$data merge entity $(bone_right_whisker13) { transformation: [0.2833752798679956f,-0.4250511791115005f,0.8596685093078951f,-1.2006707400324996f,-0.0013862956023209597f,0.8962308048289835f,0.4435858684179369f,1.6375560161502616f,-0.9590080963913907f,-0.1268930242823279f,0.2533804085643682f,2.2352927556873516f,0f,0f,0f,1f], start_interpolation: 0, interpolation_duration: 1 }
$data merge entity $(bone_right_whisker12) { transformation: [-0.3556994479673655f,-0.3024974038552879f,0.8842924987675302f,-1.0617256431702475f,-0.535013836695867f,0.8417073543538779f,0.07272499000043542f,1.8465457961095846f,-0.7663146202831312f,-0.44724048373040454f,-0.4612351379209031f,2.5346344042354496f,0f,0f,0f,1f], start_interpolation: 0, interpolation_duration: 1 }
$data merge entity $(bone_right_whisker11) { transformation: [-0.8453064674719348f,-0.21833951227540851f,0.48763186260688063f,-0.731527804314023f,-0.32035035132824496f,0.9375537430346541f,-0.13553092387193297f,1.9716826520971802f,-0.4275893221936076f,-0.270778204996352f,-0.8624653820559786f,2.7016614832173276f,0f,0f,0f,1f], start_interpolation: 0, interpolation_duration: 1 }
$data merge entity $(bone_right_whisker10) { transformation: [-0.3725343811748968f,-0.555124744804884f,0.7436764434537034f,-0.5860065616675789f,-0.6715703380159118f,0.7143263638005962f,0.19680225373865026f,2.2340148153846457f,-0.640477490580138f,-0.42611543469432156f,-0.6389164424049822f,2.951848002975194f,0f,0f,0f,1f], start_interpolation: 0, interpolation_duration: 1 }
$data merge entity $(bone_right_whisker1) { transformation: [0.1714274088097896f,-0.536598154963971f,0.8262415286089315f,-0.6529703932339029f,-0.8298998639080525f,0.37330012231156084f,0.4146242088537154f,2.558194449723729f,-0.5309226491629051f,-0.756775685901335f,-0.38132886310166325f,3.159239662804454f,0f,0f,0f,1f], start_interpolation: 0, interpolation_duration: 1 }
$data merge entity $(bone_left_whisker16) { transformation: [-0.09328428565678695f,0.2090395962088616f,-0.9734477331969803f,1.0918252460940363f,-0.9903217587468656f,0.08143461348254856f,0.11238869106570941f,1.7138802375923832f,0.10276602649717727f,0.9745105699497493f,0.19941989081883832f,1.7551876631437031f,0f,0f,0f,1f], start_interpolation: 0, interpolation_duration: 1 }
$data merge entity $(bone_left_whisker15) { transformation: [0.30331256319299166f,0.14420919590978648f,-0.9419157057955614f,1.1806863485919832f,-0.19080420777794074f,0.9776541758928223f,0.08823869136359064f,1.6579805673449395f,0.933592653839741f,0.15295757638763638f,0.32405051538624463f,2.0287011359483147f,0f,0f,0f,1f], start_interpolation: 0, interpolation_duration: 1 }
$data merge entity $(bone_left_whisker14) { transformation: [0.5440799583431348f,0.24901001924781052f,-0.8012309337784818f,1.3400847738878234f,0.40541696977982133f,0.7580435367403313f,0.5108885172136456f,1.7767550702101216f,0.734584290292054f,-0.6027968204299149f,0.3114834084437f,2.2439113772448147f,0f,0f,0f,1f], start_interpolation: 0, interpolation_duration: 1 }
$data merge entity $(bone_left_whisker13) { transformation: [0.05150181792479641f,0.3400470649871745f,-0.938997101350185f,1.3551731971079786f,0.02040810829202988f,0.939690198094137f,0.3414173995591645f,1.7827340081863021f,0.9984643568332234f,-0.03674677127871012f,0.041456036161315046f,2.5364302317857983f,0f,0f,0f,1f], start_interpolation: 0, interpolation_duration: 1 }
$data merge entity $(bone_left_whisker12) { transformation: [-0.5810323446022898f,0.30192504772412865f,-0.7558059804491816f,1.1282074374977091f,0.4818052511694226f,0.876039981861634f,-0.020436490046911893f,1.9709391844243578f,0.6559459691708882f,-0.37602555197306814f,-0.6544766380794764f,2.7926591259931763f,0f,0f,0f,1f], start_interpolation: 0, interpolation_duration: 1 }
$data merge entity $(bone_left_whisker11) { transformation: [-0.9517147259937524f,0.169009744482509f,-0.25627092421223635f,0.7564438726563996f,0.2182752892626621f,0.9595560986932252f,-0.17778636493819955f,2.056202969292585f,0.21585870013492164f,-0.22513951170461946f,-0.9501143204085852f,2.87697893073338f,0f,0f,0f,1f], start_interpolation: 0, interpolation_duration: 1 }
$data merge entity $(bone_left_whisker10) { transformation: [-0.5833991809839707f,0.5553868599781231f,-0.5926135599114088f,0.528553567584536f,0.6172710464756959f,0.777406054454751f,0.12089781503358935f,2.297324471822154f,0.5278464272968338f,-0.29527150600885527f,-0.7963622837184288f,3.0831689413962056f,0f,0f,0f,1f], start_interpolation: 0, interpolation_duration: 1 }
$data merge entity $(bone_left_whisker1) { transformation: [-0.0500398566682265f,0.6521822200619319f,-0.756408860722634f,0.50900674857351f,0.8367949645133731f,0.44082566458359906f,0.3247259164426065f,2.62419750483519f,0.5452249078221629f,-0.6167098874507512f,-0.5678016507644162f,3.296147421014238f,0f,0f,0f,1f], start_interpolation: 0, interpolation_duration: 1 }
$data merge entity $(bone_upper_left_tooth1) { transformation: [-0.991553827675659f,-0.06177564578245575f,0.11403848652937291f,0.08320560636991112f,-0.056322607028447214f,0.9971377635277503f,0.05043852182999736f,2.8468780931432787f,-0.11682795367234895f,0.04358956451992339f,-0.9921951315672211f,4.086024100454419f,0f,0f,0f,1f], start_interpolation: 0, interpolation_duration: 1 }
$data merge entity $(bone_upper_right_tooth1) { transformation: [-0.991553827675659f,-0.06177564578245575f,0.11403848652937291f,-0.4977829645337954f,-0.056322607028447214f,0.9971377635277503f,0.05043852182999736f,2.813876565587548f,-0.11682795367234895f,0.04358956451992339f,-0.9921951315672211f,4.017570221349527f,0f,0f,0f,1f], start_interpolation: 0, interpolation_duration: 1 }
$data merge entity $(bone_top_lip1) { transformation: [-0.991553827675659f,-0.019046658978639337f,0.1282896395017962f,-0.18971656779967044f,-0.056322607028447214f,0.9542539887594217f,-0.2936444940302004f,2.938866818805841f,-0.11682795367234895f,-0.29838992898300837f,-0.947266952618029f,4.0593319151245755f,0f,0f,0f,1f], start_interpolation: 0, interpolation_duration: 1 }
$data merge entity $(bone_muzzle1) { transformation: [-0.991553827675659f,-0.06177564578245575f,0.11403848652937291f,-0.14308287991166452f,-0.056322607028447214f,0.9971377635277503f,0.05043852182999736f,3.1095601053724047f,-0.11682795367234895f,0.04358956451992339f,-0.9921951315672211f,3.581246826154242f,0f,0f,0f,1f], start_interpolation: 0, interpolation_duration: 1 }
$data merge entity $(bone_jaw_right_tooth1) { transformation: [-0.991553827675659f,0.02597963599674967f,0.12706716859687162f,-0.5009331165669217f,-0.056322607028447214f,0.7962730996577448f,-0.6023096501791795f,2.844478418704418f,-0.11682795367234895f,-0.6043791932842519f,-0.7880843990118116f,4.029553390743123f,0f,0f,0f,1f], start_interpolation: 0, interpolation_duration: 1 }
$data merge entity $(bone_jaw_left_tooth1) { transformation: [-0.991553827675659f,0.02597963599674967f,0.12706716859687162f,0.1284711685787602f,-0.056322607028447214f,0.7962730996577448f,-0.6023096501791795f,2.8802300735564597f,-0.11682795367234895f,-0.6043791932842519f,-0.7880843990118116f,4.1037117597734225f,0f,0f,0f,1f], start_interpolation: 0, interpolation_duration: 1 }
$data merge entity $(bone_tongue1) { transformation: [-0.991553827675659f,-0.03015535950849038f,0.12614143298164607f,-0.09788096474449494f,-0.056322607028447214f,0.9762155682159982f,-0.2093583729164762f,2.7091266722476295f,-0.11682795367234895f,-0.21469471038111054f,-0.96966871176454f,3.390653082042392f,0f,0f,0f,1f], start_interpolation: 0, interpolation_duration: 1 }
$data merge entity $(bone_jaw_lips1) { transformation: [-0.991553827675659f,-0.03015535950849038f,0.12614143298164607f,-0.14462666621692905f,-0.056322607028447214f,0.9762155682159982f,-0.2093583729164762f,2.7658047491311697f,-0.11682795367234895f,-0.21469471038111054f,-0.96966871176454f,4.178022408299003f,0f,0f,0f,1f], start_interpolation: 0, interpolation_duration: 1 }
$data merge entity $(bone_jaw3) { transformation: [-0.991553827675659f,0.0035199646818907665f,0.1296480492347943f,-0.04359693876545942f,-0.056322607028447214f,0.8887658952028306f,-0.4548878405297615f,2.3453281876379f,-0.11682795367234895f,-0.45834789556945604f,-0.8810609717084185f,3.523264069893047f,0f,0f,0f,1f], start_interpolation: 0, interpolation_duration: 1 }
$data merge entity $(bone_jaw1) { transformation: [-0.991553827675659f,-0.08918602388542833f,0.09416400567763254f,0.029968690670191006f,-0.056322607028447214f,0.9501066681031531f,0.30679811466735485f,2.585014214721771f,-0.11682795367234895f,0.2989032826340858f,-0.9471050928335775f,2.7833382161168148f,0f,0f,0f,1f], start_interpolation: 0, interpolation_duration: 1 }
$data merge entity $(bone_tear_right1) { transformation: [-0.991553827675659f,-0.07147967979496242f,0.10822043336708206f,-0.6631217714473863f,-0.056322607028447214f,0.9889473464602182f,0.13715287042862795f,3.136183476225302f,-0.11682795367234895f,0.12989919670922734f,-0.9846204486679266f,3.468288464760021f,0f,0f,0f,1f], start_interpolation: 0, interpolation_duration: 1 }
$data merge entity $(bone_right_pupil1) { transformation: [-0.991553827675659f,-0.07147967979496242f,0.10822043336708206f,-0.5166717028070174f,-0.056322607028447214f,0.9889473464602182f,0.13715287042862795f,3.2337994670033914f,-0.11682795367234895f,0.12989919670922734f,-0.9846204486679266f,3.5574913178479024f,0f,0f,0f,1f], start_interpolation: 0, interpolation_duration: 1 }
$data merge entity $(bone_right_sad_pupil1) { transformation: [-0.991553827675659f,-0.07147967979496242f,0.10822043336708206f,-0.515614862637417f,-0.056322607028447214f,0.9889473464602182f,0.13715287042862795f,3.235138850503671f,-0.11682795367234895f,0.12989919670922734f,-0.9846204486679266f,3.5478758837788797f,0f,0f,0f,1f], start_interpolation: 0, interpolation_duration: 1 }
$data merge entity $(bone_right_happy_pupil1) { transformation: [-0.991553827675659f,-0.07147967979496242f,0.10822043336708206f,-0.5380773228652393f,-0.056322607028447214f,0.9889473464602182f,0.13715287042862795f,3.209619891176687f,-0.11682795367234895f,0.12989919670922734f,-0.9846204486679266f,3.5418523488112514f,0f,0f,0f,1f], start_interpolation: 0, interpolation_duration: 1 }
$data merge entity $(bone_eyelid_right1) { transformation: [-0.991553827675659f,-0.07147967979496242f,0.10822043336708206f,-0.08648132589362527f,-0.056322607028447214f,0.9889473464602182f,0.13715287042862795f,3.27499557864868f,-0.11682795367234895f,0.12989919670922734f,-0.9846204486679266f,3.1046860550478f,0f,0f,0f,1f], start_interpolation: 0, interpolation_duration: 1 }
$data merge entity $(bone_eyelid_expressions_right5) { transformation: [-0.991553827675659f,-0.07147967979496242f,0.10822043336708206f,-0.6339511330133664f,-0.056322607028447214f,0.9889473464602182f,0.13715287042862795f,3.3253904646257264f,-0.11682795367234895f,0.12989919670922734f,-0.9846204486679266f,3.547441061887813f,0f,0f,0f,1f], start_interpolation: 0, interpolation_duration: 1 }
$data merge entity $(bone_eyelid_expressions_right7) { transformation: [-0.991553827675659f,-0.07147967979496242f,0.10822043336708206f,-0.3434568475615132f,-0.056322607028447214f,0.9889473464602182f,0.13715287042862795f,3.341891228403592f,-0.11682795367234895f,0.12989919670922734f,-0.9846204486679266f,3.581668001440259f,0f,0f,0f,1f], start_interpolation: 0, interpolation_duration: 1 }
$data merge entity $(bone_eyelid_expressions_right6) { transformation: [-0.991553827675659f,-0.07147967979496242f,0.10822043336708206f,-0.4402882760454643f,-0.056322607028447214f,0.9889473464602182f,0.13715287042862795f,3.3363909738109703f,-0.11682795367234895f,0.12989919670922734f,-0.9846204486679266f,3.5702590215894436f,0f,0f,0f,1f], start_interpolation: 0, interpolation_duration: 1 }
$data merge entity $(bone_right_eye1) { transformation: [-0.991553827675659f,-0.07147967979496242f,0.10822043336708206f,-0.09722130891162079f,-0.056322607028447214f,0.9889473464602182f,0.13715287042862795f,3.2731061696891386f,-0.11682795367234895f,0.12989919670922734f,-0.9846204486679266f,3.1131605911317415f,0f,0f,0f,1f], start_interpolation: 0, interpolation_duration: 1 }
$data merge entity $(bone_tear_left1) { transformation: [-0.991553827675659f,-0.07147967979496242f,0.10822043336708206f,0.38265765617928543f,-0.056322607028447214f,0.9889473464602182f,0.13715287042862795f,3.1955862258256174f,-0.11682795367234895f,0.12989919670922734f,-0.9846204486679266f,3.591505447148826f,0f,0f,0f,1f], start_interpolation: 0, interpolation_duration: 1 }
$data merge entity $(bone_left_sad_pupil1) { transformation: [-0.991553827675659f,-0.07147967979496242f,0.10822043336708206f,0.2106208509922161f,-0.056322607028447214f,0.9889473464602182f,0.13715287042862795f,3.2763907599483346f,-0.11682795367234895f,0.12989919670922734f,-0.9846204486679266f,3.6334432326599946f,0f,0f,0f,1f], start_interpolation: 0, interpolation_duration: 1 }
$data merge entity $(bone_left_pupil1) { transformation: [-0.991553827675659f,-0.07147967979496242f,0.10822043336708206f,0.20956401082261572f,-0.056322607028447214f,0.9889473464602182f,0.13715287042862795f,3.275051376448055f,-0.11682795367234895f,0.12989919670922734f,-0.9846204486679266f,3.6430586667290172f,0f,0f,0f,1f], start_interpolation: 0, interpolation_duration: 1 }
$data merge entity $(bone_eyelid_left1) { transformation: [-0.991553827675659f,-0.07147967979496242f,0.10822043336708206f,-0.10584761159041547f,-0.056322607028447214f,0.9889473464602182f,0.13715287042862795f,3.273895527730156f,-0.11682795367234895f,0.12989919670922734f,-0.9846204486679266f,3.102404259077637f,0f,0f,0f,1f], start_interpolation: 0, interpolation_duration: 1 }
$data merge entity $(bone_left_happy_pupil1) { transformation: [-0.991553827675659f,-0.07147967979496242f,0.10822043336708206f,0.23657410500636922f,-0.056322607028447214f,0.9889473464602182f,0.13715287042862795f,3.2536219279176617f,-0.11682795367234895f,0.12989919670922734f,-0.9846204486679266f,3.6331241876177742f,0f,0f,0f,1f], start_interpolation: 0, interpolation_duration: 1 }
$data merge entity $(bone_eyelid_expressions_left5) { transformation: [-0.991553827675659f,-0.07147967979496242f,0.10822043336708206f,0.3149968661293542f,-0.056322607028447214f,0.9889473464602182f,0.13715287042862795f,3.3792929596334202f,-0.11682795367234895f,0.12989919670922734f,-0.9846204486679266f,3.6592490644258033f,0f,0f,0f,1f], start_interpolation: 0, interpolation_duration: 1 }
$data merge entity $(bone_eyelid_expressions_left7) { transformation: [-0.991553827675659f,-0.07147967979496242f,0.10822043336708206f,0.024502580677500982f,-0.056322607028447214f,0.9889473464602182f,0.13715287042862795f,3.3627921958555547f,-0.11682795367234895f,0.12989919670922734f,-0.9846204486679266f,3.625022124873357f,0f,0f,0f,1f], start_interpolation: 0, interpolation_duration: 1 }
$data merge entity $(bone_eyelid_expressions_left6) { transformation: [-0.991553827675659f,-0.07147967979496242f,0.10822043336708206f,0.12133400916145205f,-0.056322607028447214f,0.9889473464602182f,0.13715287042862795f,3.3682924504481764f,-0.11682795367234895f,0.12989919670922734f,-0.9846204486679266f,3.6364311047241724f,0f,0f,0f,1f], start_interpolation: 0, interpolation_duration: 1 }
$data merge entity $(bone_left_eye1) { transformation: [-0.991553827675659f,-0.07147967979496242f,0.10822043336708206f,-0.09722130891162079f,-0.056322607028447214f,0.9889473464602182f,0.13715287042862795f,3.2731061696891386f,-0.11682795367234895f,0.12989919670922734f,-0.9846204486679266f,3.1131605911317415f,0f,0f,0f,1f], start_interpolation: 0, interpolation_duration: 1 }
$data merge entity $(bone_crest_middle5) { transformation: [-0.991553827675659f,-0.04636213715584775f,0.1211262112843119f,-0.22821597595846296f,-0.056322607028447214f,0.9951906599270393f,-0.08014558210845385f,4.407888243015015f,-0.11682795367234895f,-0.08629080270994224f,-0.989396344549749f,3.6778745714995233f,0f,0f,0f,1f], start_interpolation: 0, interpolation_duration: 1 }
$data merge entity $(bone_crest_middle4) { transformation: [-0.991553827675659f,-0.04636213715584775f,0.1211262112843119f,-0.20105066121870843f,-0.056322607028447214f,0.9951906599270393f,-0.08014558210845385f,3.8247687157140158f,-0.11682795367234895f,-0.08629080270994224f,-0.989396344549749f,3.7284355887123803f,0f,0f,0f,1f], start_interpolation: 0, interpolation_duration: 1 }
$data merge entity $(bone_crest_middle1) { transformation: [-0.991553827675659f,-0.04636213715584775f,0.1211262112843119f,-0.18954826169388375f,-0.056322607028447214f,0.9951906599270393f,-0.08014558210845385f,3.3932991330358444f,-0.11682795367234895f,-0.08629080270994224f,-0.989396344549749f,3.838822213387708f,0f,0f,0f,1f], start_interpolation: 0, interpolation_duration: 1 }
$data merge entity $(bone_crest_left5) { transformation: [-0.4724761327764101f,-0.8530654616992057f,0.22146246185881907f,-1.1499825087596856f,-0.864331847061357f,0.49762157791854966f,0.07282323355465342f,3.7905204732269757f,-0.17232748507464166f,-0.15700981894701244f,-0.9724459648957754f,3.5778494405993877f,0f,0f,0f,1f], start_interpolation: 0, interpolation_duration: 1 }
$data merge entity $(bone_crest_left4) { transformation: [-0.4724761327764101f,-0.8530654616992057f,0.22146246185881907f,-0.7334466387893702f,-0.864331847061357f,0.49762157791854966f,0.07282323355465342f,3.547541187133934f,-0.17232748507464166f,-0.15700981894701244f,-0.9724459648957754f,3.6545143912571088f,0f,0f,0f,1f], start_interpolation: 0, interpolation_duration: 1 }
$data merge entity $(bone_crest_left1) { transformation: [-0.4724761327764101f,-0.8530654616992057f,0.22146246185881907f,-0.2644435850515733f,-0.864331847061357f,0.49762157791854966f,0.07282323355465342f,3.2838197943824987f,-0.17232748507464166f,-0.15700981894701244f,-0.9724459648957754f,3.691363123850925f,0f,0f,0f,1f], start_interpolation: 0, interpolation_duration: 1 }
$data merge entity $(bone_crest_center1) { transformation: [-0.991553827675659f,-0.07147967979496242f,0.10822043336708206f,-0.16586706953502797f,-0.056322607028447214f,0.9889473464602182f,0.13715287042862795f,3.2651761356954774f,-0.11682795367234895f,0.12989919670922734f,-0.9846204486679266f,3.6996007771880803f,0f,0f,0f,1f], start_interpolation: 0, interpolation_duration: 1 }
$data merge entity $(bone_crest_right5) { transformation: [-0.593046833753441f,0.8051617933335318f,0.0031527021662675486f,0.7546706858732575f,0.8038076176664435f,0.5918128153907524f,0.06042272189059042f,3.8987092880069616f,0.04678425757041374f,0.03836766992145868f,-0.9981678992776633f,3.8022615995500306f,0f,0f,0f,1f], start_interpolation: 0, interpolation_duration: 1 }
$data merge entity $(bone_crest_right4) { transformation: [-0.593046833753441f,0.8051617933335318f,0.0031527021662675486f,0.36152527897211895f,0.8038076176664435f,0.5918128153907524f,0.06042272189059042f,3.6097381867419456f,0.04678425757041374f,0.03836766992145868f,-0.9981678992776633f,3.7835273857211935f,0f,0f,0f,1f], start_interpolation: 0, interpolation_duration: 1 }
$data merge entity $(bone_crest_right1) { transformation: [-0.593046833753441f,0.8051617933335318f,0.0031527021662675486f,-0.07078072808367117f,0.8038076176664435f,0.5918128153907524f,0.06042272189059042f,3.294820303567742f,0.04678425757041374f,0.03836766992145868f,-0.9981678992776633f,3.7141810835525555f,0f,0f,0f,1f], start_interpolation: 0, interpolation_duration: 1 }
$data merge entity $(bone_head1) { transformation: [-0.991553827675659f,-0.07147967979496242f,0.10822043336708206f,-0.0356048808436098f,-0.056322607028447214f,0.9889473464602182f,0.13715287042862795f,3.2984838175531372f,-0.11682795367234895f,0.12989919670922734f,-0.9846204486679266f,2.577968983121174f,0f,0f,0f,1f], start_interpolation: 0, interpolation_duration: 1 }
$data merge entity $(bone_neck10) { transformation: [-1.2974956670754982f,-0.07783332166143583f,-0.076602708202123f,-0.06683431393919169f,-0.07969044161398602f,1.2993049065100166f,0.02961756875249715f,2.9297948633362862f,0.0746688313831148f,0.03420147515222802f,-1.299490604683903f,1.6418214847382249f,0f,0f,0f,1f], start_interpolation: 0, interpolation_duration: 1 }
$data merge entity $(bone_neck9) { transformation: [-0.9964766723139827f,0.010284357356849658f,-0.08323745267491178f,-0.08091313786524543f,-0.061202259159541264f,0.5894165871390574f,0.8055075234155881f,2.3079707404321885f,0.057345662502232164f,0.8077637766074328f,-0.5867104534547494f,0.7335355139286263f,0f,0f,0f,1f], start_interpolation: 0, interpolation_duration: 1 }
$data merge entity $(bone_neck8) { transformation: [-0.9964766723139827f,0.03215456162247466f,-0.07746176928600358f,-0.1145263429488891f,-0.061202259159541264f,0.3527172505170895f,0.9337263114325488f,2.0263349275224156f,0.057345662502232164f,0.9351773229471143f,-0.3495065802494267f,-0.1511263862786295f,0f,0f,0f,1f], start_interpolation: 0, interpolation_duration: 1 }
$data merge entity $(bone_neck7) { transformation: [-0.9975640502598243f,0.013744865256680887f,-0.0683889194847419f,-0.12727792692725515f,-0.06593210095934589f,0.1343766583599434f,0.9887344799040346f,1.9016690823642652f,0.022779896670122257f,0.9908349975485782f,-0.13314309573014976f,-1.070358073457486f,0f,0f,0f,1f], start_interpolation: 0, interpolation_duration: 1 }
$data merge entity $(bone_neck6) { transformation: [-0.9975640502598243f,0.03367365569193956f,-0.06109051105986529f,-0.15624999999999964f,-0.06593210095934585f,-0.16916089541420287f,0.9833806737605493f,2.0577815566543722f,0.02277989667012221f,0.9850130336066655f,0.17096900284172195f,-1.8872483084061302f,0f,0f,0f,1f], start_interpolation: 0, interpolation_duration: 1 }
$data merge entity $(bone_neck_spine6) { transformation: [-1.0778072887593233f,-0.23452501574480006f,0.09094582345847112f,0.26271886922134224f,0.091322969559198f,0.008023578194810818f,1.1029675493599995f,3.9421398590495604f,-0.23437841420559172f,1.081607746227908f,0.011537754184374435f,-4.804068807376042f,0f,0f,0f,1f], start_interpolation: 0, interpolation_duration: 1 }
$data merge entity $(bone_neck_spine7) { transformation: [-0.9878172495026494f,-0.07944992653963881f,0.13380878430755958f,0.9208553776631925f,0.09665654061535643f,0.3606426993469766f,0.9276822497838353f,3.771353822551155f,-0.1219614477664682f,0.9293140225890127f,-0.34856972427067573f,-7.938820406990087f,0f,0f,0f,1f], start_interpolation: 0, interpolation_duration: 1 }
$data merge entity $(bone_tail6) { transformation: [-1.3122399534285978f,0.7105532160853412f,0.12383340995272404f,0.027297666137441945f,0.06744752382042013f,-0.13507136046454501f,1.4897653643432505f,3.8643052186453644f,0.7181026513251669f,1.3111308616522848f,0.08636392456766742f,-11.013395199142993f,0f,0f,0f,1f], start_interpolation: 0, interpolation_duration: 1 }
$data merge entity $(bone_tail5) { transformation: [-1.0840243093540591f,0.5602975014332426f,0.20267083012728607f,0.38116977230580606f,0.05571751967773838f,-0.3235901265057924f,1.1926032227007803f,3.6599325071680218f,0.5932152337033989f,1.0542644823207277f,0.2583399825551411f,-10.347543947150953f,0f,0f,0f,1f], start_interpolation: 0, interpolation_duration: 1 }
$data merge entity $(bone_tail4) { transformation: [-0.8657398979959651f,0.45837616215511845f,0.20096199388412023f,0.5602229606476492f,0.05833193758855966f,-0.3063809668405434f,0.950120038845102f,3.5402524419959347f,0.49708330697690983f,0.8342793279986017f,0.2385082572975212f,-10.0216535846515f,0f,0f,0f,1f], start_interpolation: 0, interpolation_duration: 1 }
$data merge entity $(bone_segment18) { transformation: [-0.9181634682049349f,0.34145295820655147f,0.20096199388412023f,0.726948037896942f,0.09782364074654931f,-0.29614598949854415f,0.950120038845102f,3.3956499080610985f,0.38393538644539665f,0.8920243439704565f,0.2385082572975212f,-9.586094822947175f,0f,0f,0f,1f], start_interpolation: 0, interpolation_duration: 1 }
$data merge entity $(bone_segment17) { transformation: [-0.9676924320645299f,0.20621207519964405f,0.1450790714296589f,0.857844374693591f,0.12099176755817415f,-0.12503357081886068f,0.9847474794846817f,3.3162828953342824f,0.2212065756440898f,0.9704860566799202f,0.09604407676517179f,-8.97006363462496f,0f,0f,0f,1f], start_interpolation: 0, interpolation_duration: 1 }
$data merge entity $(bone_segment16) { transformation: [-0.9921501512615255f,0.05752062811859097f,0.11103807766966804f,0.9055909898310932f,0.11398591883018053f,0.05078139594327617f,0.992183682658857f,3.35843542126376f,0.051432360048630485f,0.9970519681375162f,-0.05693931131417966f,-8.14243260638581f,0f,0f,0f,1f], start_interpolation: 0, interpolation_duration: 1 }
$data merge entity $(bone_segment15) { transformation: [-0.9878172495026494f,-0.11137499772221812f,0.10868620642656047f,0.7913881113073344f,0.09665654061535643f,0.10825226331423808f,0.9894134427243328f,3.4694362772012113f,-0.1219614477664682f,0.9878648983386952f,-0.09616833100863449f,-7.129485200862733f,0f,0f,0f,1f], start_interpolation: 0, interpolation_duration: 1 }
$data merge entity $(bone_segment14) { transformation: [-0.958403419347448f,-0.26791282461239857f,0.09841546723623457f,0.5166728126325117f,0.0924877742353645f,0.034688734170057994f,0.9951093926492038f,3.505005780012306f,-0.27001647616415636f,0.9628184720547718f,-0.008467140603908019f,-6.142220166040946f,0f,0f,0f,1f], start_interpolation: 0, interpolation_duration: 1 }
$data merge entity $(bone_segment13) { transformation: [-0.9738305856084238f,-0.22295006595683792f,0.04412775343699355f,0.2760983475274673f,0.0825129889664283f,-0.16591205462646172f,0.9826824496150586f,3.302788976427247f,-0.21176779071752283f,0.9606073382082129f,0.17996650964874497f,-5.11471140932503f,0f,0f,0f,1f], start_interpolation: 0, interpolation_duration: 1 }
$data merge entity $(bone_segment12) { transformation: [-0.9738305856084238f,-0.22711773066445656f,0.008457360781110349f,0.00994475690505725f,0.08251298896642831f,-0.3186345709262153f,0.9442794167313471f,2.9293890886230884f,-0.21176779071752289f,0.9202660194902854f,0.32903625360456157f,-4.036274667734851f,0f,0f,0f,1f], start_interpolation: 0, interpolation_duration: 1 }
$data merge entity $(bone_segment11) { transformation: [-1.0250821805332662f,-0.14380930310235357f,-0.008594731435146193f,-0.15624999999999947f,0.04913092087361795f,-0.407015575710696f,0.9505119334637855f,2.4590171919338557f,-0.13542945647582433f,0.9408536907427046f,0.4098800517816849f,-2.9489670524207057f,0f,0f,0f,1f], start_interpolation: 0, interpolation_duration: 1 }
$data merge entity $(bone_segment10) { transformation: [-1f,-1.6635978159097755e-16f,-6.035178371521955e-17f,-0.15624999999999967f,0f,-0.3410308689934843f,0.9400520977017972f,2.073727024972852f,-1.7696868290351937e-16f,0.9400520977017972f,0.3410308689934843f,-1.8410971672380076f,0f,0f,0f,1f], start_interpolation: 0, interpolation_duration: 1 }