# This file was generated by Animated Java via MC-Build. It is not recommended to edit this file directly.
$data merge entity $(bone_neck_spine5) { transformation: [-1.3620031097073078f,-0.030618926544574092f,-0.11494203165566405f,-0.08479355518519188f,-0.09307899812063544f,1.0969287603759514f,0.8107313087115783f,2.8719650004837143f,0.07406408990011584f,0.8154823334405152f,-1.0948537503200735f,0.3204103797788532f,0f,0f,0f,1f], start_interpolation: 0, interpolation_duration: 1 }
$data merge entity $(bone_neck_spine2) { transformation: [-1.2971458187688643f,-0.09802584820895231f,-0.05678613279500736f,-0.16464143579773236f,-0.08864666487679564f,1.2846851152862757f,-0.192735389362083f,4.0021411228997055f,0.0705372284763008f,-0.18813849842402808f,-1.2864872373071088f,2.075066434402146f,0f,0f,0f,1f], start_interpolation: 0, interpolation_duration: 1 }
$data merge entity $(bone_scale_neck_left1) { transformation: [-1.4038003807549047f,0.2838685658571783f,-0.014917999643065212f,0.5741118315109282f,0.27559553430975847f,1.3775518746664326f,0.2790293039705561f,3.270686075916974f,0.06964919858606046f,0.27060836706200175f,-1.4047702727546354f,2.122327048337863f,0f,0f,0f,1f], start_interpolation: 0, interpolation_duration: 1 }
$data merge entity $(bone_scale_neck_right1) { transformation: [-1.3526822422308906f,-0.43722102195300727f,-0.17477971254798091f,-0.7878912781963794f,-0.46397296095131413f,1.3282727680988877f,0.26810438906471873f,3.1776070777963388f,0.08024500895418514f,0.3098203509972573f,-1.3960771852045486f,2.1963911382379786f,0f,0f,0f,1f], start_interpolation: 0, interpolation_duration: 1 }
$data merge entity $(bone_blush_right1) { transformation: [-0.9908587092620236f,-0.08115854152240988f,0.1077604260271452f,-0.7387994662888621f,-0.07013804320899104f,0.992268059683433f,0.102395081067836f,2.9559945848143347f,-0.11523746428314996f,0.09390095244474518f,-0.9888897501519363f,3.292852958409267f,0f,0f,0f,1f], start_interpolation: 0, interpolation_duration: 1 }
$data merge entity $(bone_blush_left1) { transformation: [-0.9908587092620236f,-0.08115854152240988f,0.1077604260271452f,0.4030103744622978f,-0.07013804320899104f,0.992268059683433f,0.102395081067836f,3.036817720543446f,-0.11523746428314996f,0.09390095244474518f,-0.9888897501519363f,3.425646130141803f,0f,0f,0f,1f], start_interpolation: 0, interpolation_duration: 1 }
$data merge entity $(bone_left_head_scales) { transformation: [-0.9286606365440556f,-0.08115854152240988f,-0.36194296963961686f,0.3980022535761208f,-0.1094939908294594f,0.992268059683433f,0.05843940198456226f,3.7023586361685084f,0.35440159156785334f,0.09390095244474518f,-0.9303666605291387f,3.1483771664491647f,0f,0f,0f,1f], start_interpolation: 0, interpolation_duration: 1 }
$data merge entity $(bone_left_head_scales2) { transformation: [-0.8734727784338588f,-0.08115854152240988f,-0.4800610341123201f,0.44562214548418344f,-0.11618512717584048f,0.992268059683433f,0.04364761110540614f,2.91214993508753f,0.472806854390002f,0.09390095244474518f,-0.876148554511049f,3.2198739443466198f,0f,0f,0f,1f], start_interpolation: 0, interpolation_duration: 1 }
$data merge entity $(bone_left_head_scales1) { transformation: [-0.9908587092620236f,-0.08115854152240988f,0.1077604260271452f,0.40592789239666865f,-0.07013804320899104f,0.992268059683433f,0.102395081067836f,3.605457458465048f,-0.11523746428314996f,0.09390095244474518f,-0.9888897501519363f,3.1392071515619824f,0f,0f,0f,1f], start_interpolation: 0, interpolation_duration: 1 }
$data merge entity $(bone_right_head_scales) { transformation: [-0.8291441819847541f,-0.08115854152240988f,0.5531123001875733f,-0.7631602963403131f,-0.014932417459135115f,0.992268059683433f,0.12321169035810325f,3.620165616782972f,-0.5588353499821381f,0.09390095244474518f,-0.8239451818782062f,3.013333262992348f,0f,0f,0f,1f], start_interpolation: 0, interpolation_duration: 1 }
$data merge entity $(bone_right_head_scales2) { transformation: [-0.7498550961532179f,-0.08115854152240988f,0.6566053806594974f,-0.7155404044322504f,0.0012776842216911874f,0.992268059683433f,0.12410666885830368f,2.8299569157019935f,-0.6616008632824459f,0.09390095244474518f,-0.7439535663157288f,3.0848300408898033f,0f,0f,0f,1f], start_interpolation: 0, interpolation_duration: 1 }
$data merge entity $(bone_right_head_scales1) { transformation: [-0.9908587092620236f,-0.08115854152240988f,0.1077604260271452f,-0.7552346575197653f,-0.07013804320899104f,0.992268059683433f,0.102395081067836f,3.5232644390795116f,-0.11523746428314996f,0.09390095244474518f,-0.9888897501519363f,3.004163248105166f,0f,0f,0f,1f], start_interpolation: 0, interpolation_duration: 1 }
$data merge entity $(bone_head_left_fin1) { transformation: [-0.5896966938503517f,0.07398730604130334f,-0.8042286290643446f,0.44354158826470574f,0.13728866769530845f,0.990485102738722f,-0.00954374010073613f,3.2495779598890264f,0.7958703606646069f,-0.11603938899103922f,-0.5942434090658258f,3.032391485609688f,0f,0f,0f,1f], start_interpolation: 0, interpolation_duration: 1 }
$data merge entity $(bone_head_right_fin1) { transformation: [-0.3673992265490825f,-0.18246589008845043f,0.911989039016021f,-0.7176209616517282f,-0.20503680816441844f,0.9723320349167426f,0.11193891714865703f,3.16738494050349f,-0.9071811922812791f,-0.1458650500596216f,-0.394646261279922f,2.8973475821528716f,0f,0f,0f,1f], start_interpolation: 0, interpolation_duration: 1 }
$data merge entity $(bone_right_whisker16) { transformation: [-0.1862541781982803f,-0.43808761945390606f,0.8794251638342476f,-0.8055082180481264f,0.9676861134998985f,0.07305959060328195f,0.24134183632421385f,1.692351981792515f,-0.1699793129858629f,0.8959584442942041f,0.41032365183445496f,1.5431220506941599f,0f,0f,0f,1f], start_interpolation: 0, interpolation_duration: 1 }
$data merge entity $(bone_right_whisker15) { transformation: [0.48653425448695425f,-0.29329321192390634f,0.8229602123129541f,-0.9480475504173513f,0.2098479998588771f,0.9536221984613109f,0.21579740396271152f,1.6308730755838596f,-0.8480850406451301f,0.06770372546009262f,0.525516859285001f,1.791584464945663f,0f,0f,0f,1f], start_interpolation: 0, interpolation_duration: 1 }
$data merge entity $(bone_right_whisker14) { transformation: [0.7449460063776399f,-0.1921508003358479f,0.6388532832445166f,-1.1662934507233005f,-0.3461326610355484f,0.7073164025825824f,0.6163567859625503f,1.732279128621618f,-0.5703048557977178f,-0.6802805131472802f,0.46040286150893595f,1.9586659656676506f,0f,0f,0f,1f], start_interpolation: 0, interpolation_duration: 1 }
$data merge entity $(bone_right_whisker13) { transformation: [0.28422457176264776f,-0.4335890019528119f,0.855112255900887f,-1.2495623682318886f,-0.033418509076640464f,0.8868737824581778f,0.46080158120325476f,1.742069707452665f,-0.9581751385093611f,-0.15954770877041596f,0.23758142302940344f,2.239381338277815f,0f,0f,0f,1f], start_interpolation: 0, interpolation_duration: 1 }
$data merge entity $(bone_right_whisker12) { transformation: [-0.34982825945415696f,-0.3102298582864435f,0.8839556685235115f,-1.1129107043826085f,-0.5658800670294686f,0.8219589687102611f,0.06452289125177757f,1.9631166086360512f,-0.746592217094445f,-0.4776409622136037f,-0.46309736836831944f,2.5310189230803326f,0f,0f,0f,1f], start_interpolation: 0, interpolation_duration: 1 }
$data merge entity $(bone_right_whisker11) { transformation: [-0.8417888165726023f,-0.22715943473305397f,0.489683754585607f,-0.7840869479089356f,-0.3438319512906526f,0.9249541502898188f,-0.16198583003862435f,2.0974259646089624f,-0.4161384115471195f,-0.3047267810242462f,-0.8567207312547306f,2.693572990090926f,0f,0f,0f,1f], start_interpolation: 0, interpolation_duration: 1 }
$data merge entity $(bone_right_whisker10) { transformation: [-0.3654527687953246f,-0.5616316858550652f,0.7423032555656942f,-0.641331960098262f,-0.6979396543690493f,0.6929835024864137f,0.1807044663002964f,2.3700586420968723f,-0.6158932639987573f,-0.4520439300834155f,-0.6452377644215319f,2.934156296340441f,0f,0f,0f,1f], start_interpolation: 0, interpolation_duration: 1 }
$data merge entity $(bone_right_whisker1) { transformation: [0.17991803624558791f,-0.5395140219516815f,0.8225291000025786f,-0.7116124430066948f,-0.8469077903235344f,0.34038479968137086f,0.40851607414541424f,2.700881997692003f,-0.5003765531305797f,-0.7701057123949887f,-0.395677263453141f,3.1296158874070734f,0f,0f,0f,1f], start_interpolation: 0, interpolation_duration: 1 }
$data merge entity $(bone_left_whisker16) { transformation: [-0.08379039026221027f,0.20737894260610024f,-0.9746656578864787f,1.0425122288587323f,-0.9868012481139359f,0.11874901251232613f,0.11009981266163163f,1.8231643133032198f,0.13857296713459466f,0.9710265939668816f,0.19469177329458792f,1.7580479409894267f,0f,0f,0f,1f], start_interpolation: 0, interpolation_duration: 1 }
$data merge entity $(bone_left_whisker15) { transformation: [0.3043173689451044f,0.1346089884934617f,-0.9430118552675233f,1.1316677080418684f,-0.15386748031791167f,0.9839113029941338f,0.09079287604764547f,1.7780859499288317f,0.9400615604623698f,0.11746900892215487f,0.3201332448901558f,2.0334566012811366f,0f,0f,0f,1f], start_interpolation: 0, interpolation_duration: 1 }
$data merge entity $(bone_left_whisker14) { transformation: [0.5394817160254874f,0.24219866827789077f,-0.8064113610054187f,1.2897189920337104f,0.43705101927436524f,0.7380618777070045f,0.5140535684409253f,1.9061282407318685f,0.71968457300781f,-0.6297654085133817f,0.2923177134806222f,2.2443016910295186f,0f,0f,0f,1f], start_interpolation: 0, interpolation_duration: 1 }
$data merge entity $(bone_left_whisker13) { transformation: [0.05041776395219799f,0.33097287804452125f,-0.9422924190913281f,1.304489821316581f,0.05710620378278725f,0.940993379605524f,0.3335720926997535f,1.9228585738713568f,0.9970942435735846f,-0.07062870193838161f,0.028542177473346253f,2.5364191452014673f,0f,0f,0f,1f], start_interpolation: 0, interpolation_duration: 1 }
$data merge entity $(bone_left_whisker12) { transformation: [-0.58624684711472f,0.2937688692711593f,-0.7549930368521254f,1.0754871466623934f,0.4996198871898147f,0.8647130853725268f,-0.05149027393558943f,2.1180225923048783f,0.6377261187786547f,-0.40739554665296673f,-0.6537080892836213f,2.7855309103493795f,0f,0f,0f,1f], start_interpolation: 0, interpolation_duration: 1 }
$data merge entity $(bone_left_whisker11) { transformation: [-0.9539725940286495f,0.15991827489008864f,-0.25369752698524234f,0.7028416021199523f,0.21671878143861995f,0.9523534887313259f,-0.21460615618623813f,2.2026783663043394f,0.20729027862880905f,-0.25970941041373585f,-0.9431764217412031f,2.866503675438758f,0f,0f,0f,1f], start_interpolation: 0, interpolation_duration: 1 }
$data merge entity $(bone_left_whisker10) { transformation: [-0.5898106461635402f,0.5481014064120355f,-0.5930499557046575f,0.4724468184623194f,0.6303212280000121f,0.7715360820301178f,0.08618134170556918f,2.448897595991844f,0.504795553867805f,-0.32298130350650955f,-0.8005401466388374f,3.0636894386683693f,0f,0f,0f,1f], start_interpolation: 0, interpolation_duration: 1 }
$data merge entity $(bone_left_whisker1) { transformation: [-0.05861558157460543f,0.6484329710576485f,-0.7590117888689357f,0.4495501069097391f,0.8554941979793812f,0.42447375883048616f,0.2965665275919278f,2.7830750170775396f,0.5144841016205323f,-0.631946762084963f,-0.5796114207553577f,3.26465979086389f,0f,0f,0f,1f], start_interpolation: 0, interpolation_duration: 1 }
$data merge entity $(bone_upper_left_tooth1) { transformation: [-0.9908587092620236f,-0.0714577688002836f,0.11442379803905207f,0.02091533932111489f,-0.07013804320899104f,0.9974164994865936f,0.01552357712396546f,3.0301161299783597f,-0.11523746428314996f,0.0073562103011821645f,-0.9933107333536642f,4.045711229877699f,0f,0f,0f,1f], start_interpolation: 0, interpolation_duration: 1 }
$data merge entity $(bone_upper_right_tooth1) { transformation: [-0.9908587092620236f,-0.0714577688002836f,0.11442379803905207f,-0.5596659356371021f,-0.07013804320899104f,0.9974164994865936f,0.01552357712396546f,2.989019620285591f,-0.11523746428314996f,0.0073562103011821645f,-0.9933107333536642f,3.9781892781492907f,0f,0f,0f,1f], start_interpolation: 0, interpolation_duration: 1 }
$data merge entity $(bone_top_lip1) { transformation: [-0.9908587092620236f,-0.02801309423426806f,0.13196319498639983f,-0.25286022956589754f,-0.07013804320899104f,0.9425743004905296f,-0.32654914323820017f,3.1184246021514324f,-0.11523746428314996f,-0.33281970285157514f,-0.9359227383814214f,4.015553922584f,0f,0f,0f,1f], start_interpolation: 0, interpolation_duration: 1 }
$data merge entity $(bone_muzzle1) { transformation: [-0.9908587092620236f,-0.0714577688002836f,0.11442379803905207f,-0.2074566810312457f,-0.07013804320899104f,0.9974164994865936f,0.01552357712396546f,3.272110406335975f,-0.11523746428314996f,0.0073562103011821645f,-0.9933107333536642f,3.531616485931994f,0f,0f,0f,1f], start_interpolation: 0, interpolation_duration: 1 }
$data merge entity $(bone_jaw_right_tooth1) { transformation: [-0.9908587092620236f,0.01881037292563969f,0.1335858830490517f,-0.5631225969619841f,-0.07013804320899104f,0.7740437299401863f,-0.6292352175737602f,3.020003956018002f,-0.11523746428314996f,-0.63285264794475f,-0.7656486484118595f,3.989052779078562f,0f,0f,0f,1f], start_interpolation: 0, interpolation_duration: 1 }
$data merge entity $(bone_jaw_left_tooth1) { transformation: [-0.9908587092620236f,0.01881037292563969f,0.1335858830490517f,0.0658404509094176f,-0.07013804320899104f,0.7740437299401863f,-0.6292352175737602f,3.064525174851834f,-0.11523746428314996f,-0.63285264794475f,-0.7656486484118595f,4.062201560117671f,0f,0f,0f,1f], start_interpolation: 0, interpolation_duration: 1 }
$data merge entity $(bone_tongue1) { transformation: [-0.9908587092620236f,-0.03940784622771597f,0.12901953315405096f,-0.15821427415355221f,-0.07013804320899104f,0.967448153828738f,-0.2431557619061907f,2.8654851599348956f,-0.11523746428314996f,-0.24998218198315458f,-0.9613684182021637f,3.3556982744028865f,0f,0f,0f,1f], start_interpolation: 0, interpolation_duration: 1 }
$data merge entity $(bone_jaw_lips1) { transformation: [-0.9908587092620236f,-0.03940784622771597f,0.12901953315405096f,-0.20620333797627f,-0.07013804320899104f,0.967448153828738f,-0.2431557619061907f,2.9502266478045307f,-0.11523746428314996f,-0.24998218198315458f,-0.9613684182021637f,4.1404682731427815f,0f,0f,0f,1f], start_interpolation: 0, interpolation_duration: 1 }
$data merge entity $(bone_jaw3) { transformation: [-0.9908587092620236f,-0.004672344059274608f,0.13482280029946092f,-0.10053081108255478f,-0.07013804320899104f,0.8715498152711212f,-0.48526443759633575f,2.5072793185873983f,-0.11523746428314996f,-0.4902847016804276f,-0.8639104340866148f,3.5014479237754426f,0f,0f,0f,1f], start_interpolation: 0, interpolation_duration: 1 }
$data merge entity $(bone_jaw1) { transformation: [-0.9908587092620236f,-0.09863796251865826f,0.09203027018195874f,-0.028632162502899516f,-0.07013804320899104f,0.9594125590131378f,0.27314501002704744f,2.720673857671029f,-0.11523746428314996f,0.26419328901020545f,-0.9575605635507131f,2.7533537335014477f,0f,0f,0f,1f], start_interpolation: 0, interpolation_duration: 1 }
$data merge entity $(bone_tear_right1) { transformation: [-0.9908587092620236f,-0.08115854152240988f,0.1077604260271452f,-0.7276285604413869f,-0.07013804320899104f,0.992268059683433f,0.102395081067836f,3.2895738482455323f,-0.11523746428314996f,0.09390095244474518f,-0.9888897501519363f,3.4174889780220528f,0f,0f,0f,1f], start_interpolation: 0, interpolation_duration: 1 }
$data merge entity $(bone_right_pupil1) { transformation: [-0.9908587092620236f,-0.08115854152240988f,0.1077604260271452f,-0.5822087457542997f,-0.07013804320899104f,0.992268059683433f,0.102395081067836f,3.391776832415047f,-0.11523746428314996f,0.09390095244474518f,-0.9888897501519363f,3.5031702524208046f,0f,0f,0f,1f], start_interpolation: 0, interpolation_duration: 1 }
$data merge entity $(bone_right_sad_pupil1) { transformation: [-0.9908587092620236f,-0.08115854152240988f,0.1077604260271452f,-0.5811563978438783f,-0.07013804320899104f,0.992268059683433f,0.102395081067836f,3.3927767843786f,-0.11523746428314996f,0.09390095244474518f,-0.9888897501519363f,3.493513125954477f,0f,0f,0f,1f], start_interpolation: 0, interpolation_duration: 1 }
$data merge entity $(bone_right_happy_pupil1) { transformation: [-0.9908587092620236f,-0.08115854152240988f,0.1077604260271452f,-0.6033655903140314f,-0.07013804320899104f,0.992268059683433f,0.102395081067836f,3.3668394673841098f,-0.11523746428314996f,0.09390095244474518f,-0.9888897501519363f,3.4884072729330864f,0f,0f,0f,1f], start_interpolation: 0, interpolation_duration: 1 }
$data merge entity $(bone_eyelid_right1) { transformation: [-0.9908587092620236f,-0.08115854152240988f,0.1077604260271452f,-0.15203622183766827f,-0.07013804320899104f,0.992268059683433f,0.102395081067836f,3.4206940760088553f,-0.11523746428314996f,0.09390095244474518f,-0.9888897501519363f,3.049398416898614f,0f,0f,0f,1f], start_interpolation: 0, interpolation_duration: 1 }
$data merge entity $(bone_eyelid_expressions_right5) { transformation: [-0.9908587092620236f,-0.08115854152240988f,0.1077604260271452f,-0.7003598047214046f,-0.07013804320899104f,0.992268059683433f,0.102395081067836f,3.481801152975751f,-0.11523746428314996f,0.09390095244474518f,-0.9888897501519363f,3.489741469438755f,0f,0f,0f,1f], start_interpolation: 0, interpolation_duration: 1 }
$data merge entity $(bone_eyelid_expressions_right7) { transformation: [-0.9908587092620236f,-0.08115854152240988f,0.1077604260271452f,-0.41006916724229603f,-0.07013804320899104f,0.992268059683433f,0.102395081067836f,3.5023494078221353f,-0.11523746428314996f,0.09390095244474518f,-0.9888897501519363f,3.523502445302959f,0f,0f,0f,1f], start_interpolation: 0, interpolation_duration: 1 }
$data merge entity $(bone_eyelid_expressions_right6) { transformation: [-0.9908587092620236f,-0.08115854152240988f,0.1077604260271452f,-0.5068327130686655f,-0.07013804320899104f,0.992268059683433f,0.102395081067836f,3.4954999895400074f,-0.11523746428314996f,0.09390095244474518f,-0.9888897501519363f,3.5122487866815577f,0f,0f,0f,1f], start_interpolation: 0, interpolation_duration: 1 }
$data merge entity $(bone_right_eye1) { transformation: [-0.9908587092620236f,-0.08115854152240988f,0.1077604260271452f,-0.16276492433072656f,-0.07013804320899104f,0.992268059683433f,0.102395081067836f,3.4190091822170894f,-0.11523746428314996f,0.09390095244474518f,-0.9888897501519363f,3.057930177502801f,0f,0f,0f,1f], start_interpolation: 0, interpolation_duration: 1 }
$data merge entity $(bone_tear_left1) { transformation: [-0.9908587092620236f,-0.08115854152240988f,0.1077604260271452f,0.3174177344834036f,-0.07013804320899104f,0.992268059683433f,0.102395081067836f,3.3635475656925147f,-0.11523746428314996f,0.09390095244474518f,-0.9888897501519363f,3.5390284911331875f,0f,0f,0f,1f], start_interpolation: 0, interpolation_duration: 1 }
$data merge entity $(bone_left_sad_pupil1) { transformation: [-0.9908587092620236f,-0.08115854152240988f,0.1077604260271452f,0.14457019585389283f,-0.07013804320899104f,0.992268059683433f,0.102395081067836f,3.4441474214945598f,-0.11523746428314996f,0.09390095244474518f,-0.9888897501519363f,3.5779155656149872f,0f,0f,0f,1f], start_interpolation: 0, interpolation_duration: 1 }
$data merge entity $(bone_left_pupil1) { transformation: [-0.9908587092620236f,-0.08115854152240988f,0.1077604260271452f,0.14351784794347147f,-0.07013804320899104f,0.992268059683433f,0.102395081067836f,3.4431474695310067f,-0.11523746428314996f,0.09390095244474518f,-0.9888897501519363f,3.5875726920813147f,0f,0f,0f,1f], start_interpolation: 0, interpolation_duration: 1 }
$data merge entity $(bone_eyelid_left1) { transformation: [-0.9908587092620236f,-0.08115854152240988f,0.1077604260271452f,-0.17138893100294217f,-0.07013804320899104f,0.992268059683433f,0.102395081067836f,3.4193241923524296f,-0.11523746428314996f,0.09390095244474518f,-0.9888897501519363f,3.0471476851743335f,0f,0f,0f,1f], start_interpolation: 0, interpolation_duration: 1 }
$data merge entity $(bone_left_happy_pupil1) { transformation: [-0.9908587092620236f,-0.08115854152240988f,0.1077604260271452f,0.17074277629692455f,-0.07013804320899104f,0.992268059683433f,0.102395081067836f,3.421634813641134f,-0.11523746428314996f,0.09390095244474518f,-0.9888897501519363f,3.5784365419042974f,0f,0f,0f,1f], start_interpolation: 0, interpolation_duration: 1 }
$data merge entity $(bone_eyelid_expressions_left5) { transformation: [-0.9908587092620236f,-0.08115854152240988f,0.1077604260271452f,0.24792294437701654f,-0.07013804320899104f,0.992268059683433f,0.102395081067836f,3.5489254521406055f,-0.11523746428314996f,0.09390095244474518f,-0.9888897501519363f,3.600027323928489f,0f,0f,0f,1f], start_interpolation: 0, interpolation_duration: 1 }
$data merge entity $(bone_eyelid_expressions_left7) { transformation: [-0.9908587092620236f,-0.08115854152240988f,0.1077604260271452f,-0.042367693102091916f,-0.07013804320899104f,0.992268059683433f,0.102395081067836f,3.5283771972942217f,-0.11523746428314996f,0.09390095244474518f,-0.9888897501519363f,3.5662663480642847f,0f,0f,0f,1f], start_interpolation: 0, interpolation_duration: 1 }
$data merge entity $(bone_eyelid_expressions_left6) { transformation: [-0.9908587092620236f,-0.08115854152240988f,0.1077604260271452f,0.05439585272427758f,-0.07013804320899104f,0.992268059683433f,0.102395081067836f,3.5352266155763497f,-0.11523746428314996f,0.09390095244474518f,-0.9888897501519363f,3.577520006685686f,0f,0f,0f,1f], start_interpolation: 0, interpolation_duration: 1 }
$data merge entity $(bone_left_eye1) { transformation: [-0.9908587092620236f,-0.08115854152240988f,0.1077604260271452f,-0.16276492433072656f,-0.07013804320899104f,0.992268059683433f,0.102395081067836f,3.4190091822170894f,-0.11523746428314996f,0.09390095244474518f,-0.9888897501519363f,3.057930177502801f,0f,0f,0f,1f], start_interpolation: 0, interpolation_duration: 1 }
$data merge entity $(bone_crest_middle5) { transformation: [-0.9908587092620236f,-0.05591113502488528f,0.12277199705073467f,-0.3052315199133218f,-0.07013804320899104f,0.9909096964770626f,-0.1147982069657425f,4.572201998093069f,-0.11523746428314996f,-0.12235979081366863f,-0.9857730004507247f,3.5810376568169904f,0f,0f,0f,1f], start_interpolation: 0, interpolation_duration: 1 }
$data merge entity $(bone_crest_middle4) { transformation: [-0.9908587092620236f,-0.05591113502488528f,0.12277199705073467f,-0.2724710892346781f,-0.07013804320899104f,0.9909096964770626f,-0.1147982069657425f,3.9915908478135407f,-0.11523746428314996f,-0.12235979081366863f,-0.9857730004507247f,3.6527328467468743f,0f,0f,0f,1f], start_interpolation: 0, interpolation_duration: 1 }
$data merge entity $(bone_crest_middle1) { transformation: [-0.9908587092620236f,-0.05591113502488528f,0.12277199705073467f,-0.25689289421968375f,-0.07013804320899104f,0.9909096964770626f,-0.1147982069657425f,3.564540592777582f,-0.11523746428314996f,-0.12235979081366863f,-0.9857730004507247f,3.7787047181797995f,0f,0f,0f,1f], start_interpolation: 0, interpolation_duration: 1 }
$data merge entity $(bone_crest_left5) { transformation: [-0.46393957673887426f,-0.8577002213476257f,0.22160866281711106f,-1.2208934851223212f,-0.8745555366367608f,0.48330159195241584f,0.039650782517471936f,3.942700671895708f,-0.14111230447179823f,-0.17541351577485237f,-0.9743292133617689f,3.5029814157955887f,0f,0f,0f,1f], start_interpolation: 0, interpolation_duration: 1 }
$data merge entity $(bone_crest_left4) { transformation: [-0.46393957673887426f,-0.8577002213476257f,0.22160866281711106f,-0.8020945489174259f,-0.8745555366367608f,0.48330159195241584f,0.039650782517471936f,3.7067135664501922f,-0.14111230447179823f,-0.17541351577485237f,-0.9743292133617689f,3.5886325465450284f,0f,0f,0f,1f], start_interpolation: 0, interpolation_duration: 1 }
$data merge entity $(bone_crest_left1) { transformation: [-0.46393957673887426f,-0.8577002213476257f,0.22160866281711106f,-0.3305949836029243f,-0.8745555366367608f,0.48330159195241584f,0.039650782517471936f,3.4490638238252362f,-0.14111230447179823f,-0.17541351577485237f,-0.9743292133617689f,3.635274121748232f,0f,0f,0f,1f], start_interpolation: 0, interpolation_duration: 1 }
$data merge entity $(bone_crest_center1) { transformation: [-0.9908587092620236f,-0.08115854152240988f,0.1077604260271452f,-0.23185005343346207f,-0.07013804320899104f,0.992268059683433f,0.102395081067836f,3.431688257765268f,-0.11523746428314996f,0.09390095244474518f,-0.9888897501519363f,3.6442353059918853f,0f,0f,0f,1f], start_interpolation: 0, interpolation_duration: 1 }
$data merge entity $(bone_crest_right5) { transformation: [-0.6008364160881751f,0.7993645508558465f,0.003451946892434804f,0.6824244723603782f,0.7991852503439538f,0.6005971049317238f,0.024208535277951235f,4.0774272438020045f,0.017278215619363102f,0.017304114616552985f,-0.9997009707319221f,3.7243384398542934f,0f,0f,0f,1f], start_interpolation: 0, interpolation_duration: 1 }
$data merge entity $(bone_crest_right4) { transformation: [-0.6008364160881751f,0.7993645508558465f,0.003451946892434804f,0.2921097502627969f,0.7991852503439538f,0.6005971049317238f,0.024208535277951235f,3.7841669386595616f,0.017278215619363102f,0.017304114616552985f,-0.9997009707319221f,3.7158891651391794f,0f,0f,0f,1f], start_interpolation: 0, interpolation_duration: 1 }
$data merge entity $(bone_crest_right1) { transformation: [-0.6008364160881751f,0.7993645508558465f,0.003451946892434804f,-0.13706789195018532f,0.7991852503439538f,0.6005971049317238f,0.024208535277951235f,3.4627626603894925f,0.017278215619363102f,0.017304114616552985f,-0.9997009707319221f,3.6577814389910346f,0f,0f,0f,1f], start_interpolation: 0, interpolation_duration: 1 }
$data merge entity $(bone_head1) { transformation: [-0.9908587092620236f,-0.08115854152240988f,0.1077604260271452f,-0.10092296984727896f,-0.07013804320899104f,0.992268059683433f,0.102395081067836f,3.425555951360779f,-0.11523746428314996f,0.09390095244474518f,-0.9888897501519363f,2.5222032144111974f,0f,0f,0f,1f], start_interpolation: 0, interpolation_duration: 1 }
$data merge entity $(bone_neck10) { transformation: [-1.2971458187688643f,-0.08977514580394043f,-0.06909526026275617f,-0.1232207990433106f,-0.08864666487679564f,1.298851472513481f,-0.023401455087822248f,3.0192269728566616f,0.0705372284763008f,-0.01860866706369656f,-1.3000381624604096f,1.6015086237772644f,0f,0f,0f,1f], start_interpolation: 0, interpolation_duration: 1 }
$data merge entity $(bone_neck9) { transformation: [-0.9962079888144878f,0.00012695767962379867f,-0.08700360282161182f,-0.12624803632095652f,-0.06808063862537905f,0.621508839197942f,0.7804433287838313f,2.3612586521478214f,0.05417259146979901f,0.7834071397942287f,-0.6191434273679013f,0.7189467944099509f,0f,0f,0f,1f], start_interpolation: 0, interpolation_duration: 1 }
$data merge entity $(bone_neck8) { transformation: [-0.9962079888144878f,0.023251775502122738f,-0.08383911949795322f,-0.15191321474079467f,-0.06808063862537905f,0.3916683221648136f,0.9175843024251016f,2.0426984070938f,0.05417259146979901f,0.9198126332838652f,-0.38860011578079534f,-0.15336961907511915f,0f,0f,0f,1f], start_interpolation: 0, interpolation_duration: 1 }
$data merge entity $(bone_neck7) { transformation: [-0.9967135602926954f,0.027598488558832908f,-0.07616037130901554f,-0.17751728127486816f,-0.0705144515962811f,0.1671701316598694f,0.9834032027591214f,1.8876089294796636f,0.039872181339059926f,0.9855417142415077f,-0.16467464481569472f,-1.0676905453733927f,0f,0f,0f,1f], start_interpolation: 0, interpolation_duration: 1 }
$data merge entity $(bone_neck6) { transformation: [-0.9920306443807184f,0.09262161570923844f,-0.08541918351861337f,-0.2559160347129238f,-0.0979297171250986f,-0.14023618294875567f,0.9852632051872035f,2.0196845536547956f,0.07927780971605211f,0.9857763688055081f,0.14818899956222176f,-1.885571836612941f,0f,0f,0f,1f], start_interpolation: 0, interpolation_duration: 1 }
$data merge entity $(bone_neck_spine6) { transformation: [-1.0717329006170613f,-0.25785028727813786f,0.09921439715526961f,0.031425750321902875f,0.12280160268166376f,-0.08855998884736474f,1.096366075848542f,3.9823634042629035f,-0.24748744136039827f,1.0726658544221952f,0.11436611667337046f,-4.712528747654666f,0f,0f,0f,1f], start_interpolation: 0, interpolation_duration: 1 }
$data merge entity $(bone_neck_spine7) { transformation: [-0.9723974240791233f,-0.1433475889206818f,0.1841051829659143f,0.8340558131670305f,0.12815057464965512f,0.33127076127058164f,0.9347925507534667f,4.028903003147032f,-0.19498892240650167f,0.932583053394086f,-0.30375675903741584f,-7.837565570868011f,0f,0f,0f,1f], start_interpolation: 0, interpolation_duration: 1 }
$data merge entity $(bone_tail6) { transformation: [-1.3564713958637715f,0.6221094624695513f,0.1231237206766587f,0.1548477470347311f,0.14118696760357594f,0.012826181998484927f,1.4906696518404996f,3.912095577329345f,0.6182603610666988f,1.361987366844941f,-0.07027673991078136f,-11.025278034269002f,0f,0f,0f,1f], start_interpolation: 0, interpolation_duration: 1 }
$data merge entity $(bone_tail5) { transformation: [-1.1205633270178983f,0.4884470535062937f,0.18940634844418303f,0.4633406229334432f,0.11663271236817142f,-0.20339974592891685f,1.214554573713778f,3.7836325799005555f,0.5107368200116208f,1.1181079903320759f,0.13820232055701978f,-10.319104566690848f,0f,0f,0f,1f], start_interpolation: 0, interpolation_duration: 1 }
$data merge entity $(bone_tail4) { transformation: [-0.8964095614018057f,0.40130810256505595f,0.18815340826850946f,0.6201016004979182f,0.10946512476544748f,-0.21090694159977422f,0.9713576315884458f,3.701247055838144f,0.4294965479343308f,0.8913305048076521f,0.14512975749938098f,-9.97092858825036f,0f,0f,0f,1f], start_interpolation: 0, interpolation_duration: 1 }
$data merge entity $(bone_segment18) { transformation: [-0.9411218718730422f,0.28086992939637456f,0.18815340826850946f,0.7572451207109917f,0.13605751544814126f,-0.19481453756063577f,0.9713576315884458f,3.606122769919865f,0.30948016862516353f,0.9397655977507962f,0.14512975749938098f,-9.512058667473603f,0f,0f,0f,1f], start_interpolation: 0, interpolation_duration: 1 }
$data merge entity $(bone_segment17) { transformation: [-0.9786370929159027f,0.13336099248726638f,0.1564745540077426f,0.8418980944577916f,0.14915798895662669f,-0.06325453421020961f,0.9867881019916407f,3.5659709659778374f,0.14149676568574107f,0.9890468692557803f,0.04201137602856855f,-8.884245713356165f,0f,0f,0f,1f], start_interpolation: 0, interpolation_duration: 1 }
$data merge entity $(bone_segment16) { transformation: [-0.9897833312739212f,-0.020934794728159407f,0.1410343628410784f,0.8245205793025812f,0.13928381570220805f,0.06948283448168618f,0.9878118011017201f,3.623647146944081f,-0.030479104575634658f,0.9973634593677875f,-0.06585707328895735f,-8.056356123060638f,0f,0f,0f,1f], start_interpolation: 0, interpolation_duration: 1 }
$data merge entity $(bone_segment15) { transformation: [-0.9723974240791233f,-0.1861130659284181f,0.14073086489825132f,0.6336819863095744f,0.12815057464965512f,0.07804086845073333f,0.9886794490978452f,3.7036695218203213f,-0.19498892240650167f,0.9794240907503652f,-0.052036243105854904f,-7.0520638425060636f,0f,0f,0f,1f], start_interpolation: 0, interpolation_duration: 1 }
$data merge entity $(bone_segment14) { transformation: [-0.9421400384452113f,-0.3147520691481184f,0.11533985835535762f,0.31093816540574226f,0.13323879819479328f,-0.03587920632565403f,0.9904343013087988f,3.666879320021555f,-0.3076029431167117f,0.9484955548237531f,0.07574042424965508f,-6.079485392735614f,0f,0f,0f,1f], start_interpolation: 0, interpolation_duration: 1 }
$data merge entity $(bone_segment13) { transformation: [-0.9683421972634153f,-0.24500226526172242f,0.047825505911445465f,0.04658453832418086f,0.11095485983472678f,-0.2508166337510421f,0.9616548420888089f,3.373969788333257f,-0.22361218231151275f,0.936517435102209f,0.27006052223800225f,-5.080053994321701f,0f,0f,0f,1f], start_interpolation: 0, interpolation_duration: 1 }
$data merge entity $(bone_segment12) { transformation: [-0.9781912551744198f,-0.20723256875017096f,0.01401894252427183f,-0.19626612817992578f,0.09448562581072897f,-0.3838584941292311f,0.9185451121202453f,2.9241356155255644f,-0.18497117293094095f,0.8998373847168413f,0.39506752112836f,-4.025557059106652f,0f,0f,0f,1f], start_interpolation: 0, interpolation_duration: 1 }
$data merge entity $(bone_segment11) { transformation: [-1.0308764774399413f,-0.0937687971891538f,0.0070400886912171225f,-0.30463104003155644f,0.04630250361091988f,-0.43873391638988996f,0.9364385140961538f,2.4171080797024813f,-0.08184270483336682f,0.9328817852209093f,0.4411142804111764f,-2.9474622615427037f,0f,0f,0f,1f], start_interpolation: 0, interpolation_duration: 1 }
$data merge entity $(bone_segment10) { transformation: [-0.9989493664693244f,0.04313315746369001f,0.015482052762729816f,-0.25380035530940315f,-3.469446951953614e-18f,-0.33783295961591653f,0.9412060833829914f,2.0355866157786133f,0.045827537906104304f,0.9402172207125133f,0.3374780209807766f,-1.8394542248806822f,0f,0f,0f,1f], start_interpolation: 0, interpolation_duration: 1 }