# This file was generated by Animated Java via MC-Build. It is not recommended to edit this file directly.
$data merge entity $(bone_neck_spine5) { transformation: [-1.566387515202373f,-0.04458008152689639f,-0.12830418584688713f,-0.10093995142990868f,-0.1107434702426651f,1.2790886485501458f,0.9075722056703893f,3.3808504348500694f,0.07864624322489429f,0.9132163166730314f,-1.2774466419171462f,0.35884236076181697f,0f,0f,0f,1f], start_interpolation: 0, interpolation_duration: 1 }
$data merge entity $(bone_neck_spine2) { transformation: [-1.491797633526069f,-0.11642632173378137f,-0.05638274467946222f,-0.208681974905139f,-0.10546997165968101f,1.4725740173090558f,-0.2501921867453146f,4.6868316030825525f,0.07490118402370882f,-0.24528545989894798f,-1.4752691745840942f,2.2970903893944055f,0f,0f,0f,1f], start_interpolation: 0, interpolation_duration: 1 }
$data merge entity $(bone_scale_neck_left1) { transformation: [-1.6158303226020299f,0.31947037050730004f,-0.00928072009168407f,0.643353521839319f,0.3128901253088439f,1.5909670130208629f,0.28979098295385597f,3.8497649342331903f,0.06517069035776547f,0.2825203119867213f,-1.6214160894942697f,2.3722179333981197f,0f,0f,0f,1f], start_interpolation: 0, interpolation_duration: 1 }
$data merge entity $(bone_scale_neck_right1) { transformation: [-1.5542945734014084f,-0.5098270955836757f,-0.19313154206736782f,-0.9230339933630533f,-0.5370176982617804f,1.5323357494497292f,0.2767927447561242f,3.7390214639905253f,0.09399708339212162f,0.32415823976064956f,-1.6121851831432776f,2.450864176623014f,0f,0f,0f,1f], start_interpolation: 0, interpolation_duration: 1 }
$data merge entity $(bone_blush_right1) { transformation: [-0.9906750620620104f,-0.0848950415702496f,0.10656337703553342f,-0.866812516908025f,-0.07557271785199791f,0.9931900679383872f,0.08866934794507171f,3.5039079058114724f,-0.11336527565746919f,0.07978922775241934f,-0.9903443812178561f,3.7188259621398903f,0f,0f,0f,1f], start_interpolation: 0, interpolation_duration: 1 }
$data merge entity $(bone_blush_left1) { transformation: [-0.9906750620620104f,-0.0848950415702496f,0.10656337703553342f,0.4460254315471979f,-0.07557271785199791f,0.9931900679383872f,0.08866934794507171f,3.6040565172618253f,-0.11336527565746919f,0.07978922775241934f,-0.9903443812178561f,3.869057094041439f,0f,0f,0f,1f], start_interpolation: 0, interpolation_duration: 1 }
$data merge entity $(bone_left_head_scales) { transformation: [-0.92794500377631f,-0.0848950415702496f,-0.362919966223091f,0.4370659382823089f,-0.10797676787753491f,0.9931900679383872f,0.04375507453156517f,4.364767527600823f,0.3567339170380423f,0.07978922775241934f,-0.9307924535412646f,3.539303710227774f,0f,0f,0f,1f], start_interpolation: 0, interpolation_duration: 1 }
$data merge entity $(bone_left_head_scales2) { transformation: [-0.8726357443597937f,-0.0848950415702496f,-0.48093626353438346f,0.49538747705769964f,-0.11276419492884446f,0.9931900679383872f,0.02928694744406537f,3.457511350819728f,0.4751748036330188f,0.07978922775241934f,-0.8762662752422885f,3.634448550294038f,0f,0f,0f,1f], start_interpolation: 0, interpolation_duration: 1 }
$data merge entity $(bone_left_head_scales1) { transformation: [-0.9906750620620104f,-0.0848950415702496f,0.10656337703553342f,0.4466000493961553f,-0.07557271785199791f,0.9931900679383872f,0.08866934794507171f,4.253227627392898f,-0.11336527565746919f,0.07978922775241934f,-0.9903443812178561f,3.530343005939172f,0f,0f,0f,1f], start_interpolation: 0, interpolation_duration: 1 }
$data merge entity $(bone_right_head_scales) { transformation: [-0.8295340206407107f,-0.0848950415702496f,0.5519657059242379f,-0.8980235008246974f,-0.02609087097735177f,0.9931900679383872f,0.11354626986469023f,4.262921482058092f,-0.5578463722668634f,0.07978922775241934f,-0.8260999358935772f,3.3865262879550126f,0f,0f,0f,1f], start_interpolation: 0, interpolation_duration: 1 }
$data merge entity $(bone_right_head_scales2) { transformation: [-0.7503912602686454f,-0.0848950415702496f,0.6555194798243751f,-0.8397019620493067f,-0.011046897713034097f,0.9931900679383872f,0.11598040782588945f,3.3556653052769967f,-0.6609015982454207f,0.07978922775241934f,-0.7462189736071583f,3.4816711280212767f,0f,0f,0f,1f], start_interpolation: 0, interpolation_duration: 1 }
$data merge entity $(bone_right_head_scales1) { transformation: [-0.9906750620620104f,-0.0848950415702496f,0.10656337703553342f,-0.888489389710851f,-0.07557271785199791f,0.9931900679383872f,0.08866934794507171f,4.151381581850167f,-0.11336527565746919f,0.07978922775241934f,-0.9903443812178561f,3.377565583666411f,0f,0f,0f,1f], start_interpolation: 0, interpolation_duration: 1 }
$data merge entity $(bone_head_left_fin1) { transformation: [-0.6179776680161573f,0.07346258861186501f,-0.8434346731863288f,0.4913285723354003f,0.15343672606905565f,1.0366497079582355f,-0.022130343614317597f,3.842421814234166f,0.8326079335147454f,-0.13651310958923357f,-0.6219352040074241f,3.413325512248642f,0f,0f,0f,1f], start_interpolation: 0, interpolation_duration: 1 }
$data merge entity $(bone_head_right_fin1) { transformation: [-0.38504240663153405f,-0.19529595318439852f,0.9551319457490505f,-0.843760866771606f,-0.2299511716264782f,1.0161477146939577f,0.11507162384806445f,3.7405757686914347f,-0.9473858779759066f,-0.16726778116905153f,-0.4161209987729242f,3.260548089975881f,0f,0f,0f,1f], start_interpolation: 0, interpolation_duration: 1 }
$data merge entity $(bone_right_whisker16) { transformation: [-0.1901095959324261f,-0.4376377402403774f,0.8788239583965073f,-0.9395756403351372f,0.9644383636773761f,0.0841729971292755f,0.2505465011162205f,2.0218376366415938f,-0.18362185110088375f,0.89520283448589f,0.4060725316082261f,1.7276636177181215f,0f,0f,0f,1f], start_interpolation: 0, interpolation_duration: 1 }
$data merge entity $(bone_right_whisker15) { transformation: [0.48503563014058126f,-0.2969008220638996f,0.8225511165586672f,-1.1029909649430478f,0.19957317241369987f,0.9533614743779204f,0.2264342024180302f,1.954598628357681f,-0.8514170460748723f,0.05433047974883509f,0.521667722428176f,2.0145179935929565f,0f,0f,0f,1f], start_interpolation: 0, interpolation_duration: 1 }
$data merge entity $(bone_right_whisker14) { transformation: [0.7458075381809963f,-0.19541978009047858f,0.6368533783703991f,-1.354264012474731f,-0.3513882811432342f,0.6967843343156963f,0.6253142148771571f,2.07298628167254f,-0.5659482236632652f,-0.6901468691529513f,0.4509987883916915f,2.2051939087920056f,0f,0f,0f,1f], start_interpolation: 0, interpolation_duration: 1 }
$data merge entity $(bone_right_whisker13) { transformation: [0.28357303343288587f,-0.43712347731850887f,0.8535276212792685f,-1.4498037551840528f,-0.04601454628860722f,0.8828363413582515f,0.4674212831130291f,2.088489229396729f,-0.9578460190654472f,-0.17182275738141306f,0.23023454086284034f,2.527905702324798f,0f,0f,0f,1f], start_interpolation: 0, interpolation_duration: 1 }
$data merge entity $(bone_right_whisker12) { transformation: [-0.3482568765092909f,-0.31377401799441584f,0.8833249762095672f,-1.2933602364396448f,-0.5778242686569977f,0.8138569172208912f,0.06128648172895382f,2.34805872508249f,-0.7381302476629703f,-0.4890631696655838f,-0.4647375103880191f,2.8594876495171477f,0f,0f,0f,1f], start_interpolation: 0, interpolation_duration: 1 }
$data merge entity $(bone_right_whisker11) { transformation: [-0.8407987455617236f,-0.23095969328775745f,0.4896070766831877f,-0.9156576749568391f,-0.3529642871352157f,0.919629349067663f,-0.17233128659798075f,2.506616900944013f,-0.41045545613252693f,-0.3177097423904583f,-0.8547437265761169f,3.0438719364516813f,0f,0f,0f,1f], start_interpolation: 0, interpolation_duration: 1 }
$data merge entity $(bone_right_whisker10) { transformation: [-0.36326766043267f,-0.5646574677305789f,0.741079314931853f,-0.7524710306218507f,-0.7080620912465752f,0.6842981020294757f,0.17431059204300786f,2.824691668496185f,-0.6055449461627938f,-0.46140876855013f,-0.6483959180020733f,3.315894080235749f,0f,0f,0f,1f], start_interpolation: 0, interpolation_duration: 1 }
$data merge entity $(bone_right_whisker1) { transformation: [0.18276519927535503f,-0.5414430945524452f,0.8206316209453007f,-0.8345725849838266f,-0.8532742925983737f,0.3272788446933702f,0.4059698749992636f,3.207998479624361f,-0.48838495423649625f,-0.7744210309499896f,-0.40218429021752017f,3.535285758896675f,0f,0f,0f,1f], start_interpolation: 0, interpolation_duration: 1 }
$data merge entity $(bone_left_whisker16) { transformation: [-0.07988492207343073f,0.20770919010451488f,-0.9749232234240028f,1.185253981578454f,-0.9850346422274523f,0.13340268237248273f,0.1091351361737477f,2.1839282712500907f,0.1527257438585843f,0.9690514004334101f,0.1939438848762419f,1.9708128651737047f,0f,0f,0f,1f], start_interpolation: 0, interpolation_duration: 1 }
$data merge entity $(bone_left_whisker15) { transformation: [0.30566941569679934f,0.13092207033482617f,-0.9430936431801563f,1.288238306202864f,-0.139254979676676f,0.9859975424248731f,0.0917436481036139f,2.137011310323867f,0.9418992828019489f,0.10328725880453057f,0.3196208429151954f,2.2881519790083455f,0f,0f,0f,1f], start_interpolation: 0, interpolation_duration: 1 }
$data merge entity $(bone_left_whisker14) { transformation: [0.5383821265125567f,0.23884918555851606f,-0.8081433984200148f,1.469626815623598f,0.44935148513903955f,0.7299121350141017f,0.5150839911727948f,2.288404144672469f,0.7129010651241565f,-0.6404524507855283f,0.2856444111612429f,2.528338373019902f,0f,0f,0f,1f], start_interpolation: 0, interpolation_duration: 1 }
$data merge entity $(bone_left_whisker13) { transformation: [0.05100727918281828f,0.3272966976635827f,-0.9435439201059372f,1.486811885270153f,0.07153769159874646f,0.9411494173774f,0.33033336623917287f,2.312506198970875f,0.9961328305758667f,-0.08434836020157244f,0.024591420866170055f,2.8639495317588413f,0f,0f,0f,1f], start_interpolation: 0, interpolation_duration: 1 }
$data merge entity $(bone_left_whisker12) { transformation: [-0.5876447365324902f,0.2901127635570706f,-0.7553199640198446f,1.2228308512809485f,0.5064298919857808f,0.8599238539031885f,-0.06371601048055531f,2.5400040020113623f,0.631032826506617f,-0.419958985985021f,-0.6522515020768463f,3.1474213092911105f,0f,0f,0f,1f], start_interpolation: 0, interpolation_duration: 1 }
$data merge entity $(bone_left_whisker11) { transformation: [-0.9546298359975407f,0.1560462747874779f,-0.25363642551545984f,0.793993229641428f,0.21600170191057821f,0.9491517363290459f,-0.22902891999765285f,2.6370360165415048f,0.20500034389005833f,-0.2734237399139081f,-0.9397948273194788f,3.2395113075229727f,0f,0f,0f,1f], start_interpolation: 0, interpolation_duration: 1 }
$data merge entity $(bone_left_whisker10) { transformation: [-0.5918187046100035f,0.5448699449847836f,-0.5940264000244571f,0.5281371709299032f,0.6352042237643489f,0.7689373599670566f,0.0724633049123789f,2.9223816639356457f,0.49625216874656397f,-0.33444293907806205f,-0.8011752027585222f,3.462437086452093f,0f,0f,0f,1f], start_interpolation: 0, interpolation_duration: 1 }
$data merge entity $(bone_left_whisker1) { transformation: [-0.06148522697844548f,0.6462837226265762f,-0.7606161428285255f,0.5005168541231797f,0.862526021523916f,0.4178834708490888f,0.2853458725568744f,3.3098445251670925f,0.5022633065012156f,-0.6385066598392326f,-0.5831301881084636f,3.688063181169436f,0f,0f,0f,1f], start_interpolation: 0, interpolation_duration: 1 }
$data merge entity $(bone_upper_left_tooth1) { transformation: [-0.9906750620620104f,-0.07528438003133033f,0.11355696161719848f,0.007227969651423194f,-0.07557271785199791f,0.997138722756705f,0.001769716245365427f,3.6048541746058023f,-0.11336527565746919f,-0.0068285944692172695f,-0.9935299112622029f,4.582549794462716f,0f,0f,0f,1f], start_interpolation: 0, interpolation_duration: 1 }
$data merge entity $(bone_upper_right_tooth1) { transformation: [-0.9906750620620104f,-0.07528438003133033f,0.11355696161719848f,-0.6603167499020799f,-0.07557271785199791f,0.997138722756705f,0.001769716245365427f,3.5539311518344365f,-0.11336527565746919f,-0.0068285944692172695f,-0.9935299112622029f,4.506161083326336f,0f,0f,0f,1f], start_interpolation: 0, interpolation_duration: 1 }
$data merge entity $(bone_top_lip1) { transformation: [-0.9906750620620104f,-0.03190540808794143f,0.13245741331904975f,-0.30802993843710336f,-0.07557271785199791f,0.9376091782782471f,-0.3393785395761676f,3.704696170913213f,-0.11336527565746919f,-0.34622402248130046f,-0.931277209284096f,4.546694771114465f,0f,0f,0f,1f], start_interpolation: 0, interpolation_duration: 1 }
$data merge entity $(bone_muzzle1) { transformation: [-0.9906750620620104f,-0.07528438003133033f,0.11355696161719848f,-0.2569472261573332f,-0.07557271785199791f,0.997138722756705f,0.001769716245365427f,3.873664937042722f,-0.11336527565746919f,-0.0068285944692172695f,-0.9935299112622029f,3.987654115331549f,0f,0f,0f,1f], start_interpolation: 0, interpolation_duration: 1 }
$data merge entity $(bone_jaw_right_tooth1) { transformation: [-0.9906750620620104f,0.015321826944527162f,0.1353815461114018f,-0.6644186747931178f,-0.07557271785199791f,0.764990129261711f,-0.6395927348310118f,3.5897224875027063f,-0.11336527565746919f,-0.6438597236597677f,-0.7566987316785149f,4.518147347869141f,0f,0f,0f,1f], start_interpolation: 0, interpolation_duration: 1 }
$data merge entity $(bone_jaw_left_tooth1) { transformation: [-0.9906750620620104f,0.015321826944527162f,0.1353815461114018f,0.05875477138984375f,-0.07557271785199791f,0.764990129261711f,-0.6395927348310118f,3.644889095505019f,-0.11336527565746919f,-0.6438597236597677f,-0.7566987316785149f,4.600901784933554f,0f,0f,0f,1f], start_interpolation: 0, interpolation_duration: 1 }
$data merge entity $(bone_tongue1) { transformation: [-0.9906750620620104f,-0.04332842261791605f,0.12917263333181264f,-0.1986860229351076f,-0.07557271785199791f,0.9636200809723244f,-0.25636907743203596f,3.4034238445507152f,-0.11336527565746919f,-0.2637403786687472f,-0.9579088301789327f,3.7919987562805986f,0f,0f,0f,1f], start_interpolation: 0, interpolation_duration: 1 }
$data merge entity $(bone_jaw_lips1) { transformation: [-0.9906750620620104f,-0.04332842261791605f,0.12917263333181264f,-0.25351496692958225f,-0.07557271785199791f,0.9636200809723244f,-0.25636907743203596f,3.5135474592163036f,-0.11336527565746919f,-0.2637403786687472f,-0.9579088301789327f,4.69304777496947f,0f,0f,0f,1f], start_interpolation: 0, interpolation_duration: 1 }
$data merge entity $(bone_jaw3) { transformation: [-0.9906750620620104f,-0.008419704806694725f,0.13598540355273347f,-0.13063139866147339f,-0.07557271785199791f,0.8644323231271576f,-0.49703674215237614f,2.9941808490981416f,-0.11336527565746919f,-0.5026786919135855f,-0.857007845338158f,3.9654198496298223f,0f,0f,0f,1f], start_interpolation: 0, interpolation_duration: 1 }
$data merge entity $(bone_jaw1) { transformation: [-0.9906750620620104f,-0.1021098313589299f,0.09020257063012427f,-0.04959002661097109f,-0.07557271785199791f,0.9627040084348686f,0.2597879066852394f,3.2275840465106613f,-0.11336527565746919f,0.25054854715860386f,-0.9614435707787631f,3.1016228915082773f,0f,0f,0f,1f], start_interpolation: 0, interpolation_duration: 1 }
$data merge entity $(bone_tear_right1) { transformation: [-0.9906750620620104f,-0.0848950415702496f,0.10656337703553342f,-0.8553239892582569f,-0.07557271785199791f,0.9931900679383872f,0.08866934794507171f,3.8895789566995345f,-0.11336527565746919f,0.07978922775241934f,-0.9903443812178561f,3.856652437703075f,0f,0f,0f,1f], start_interpolation: 0, interpolation_duration: 1 }
$data merge entity $(bone_right_pupil1) { transformation: [-0.9906750620620104f,-0.0848950415702496f,0.10656337703553342f,-0.6884641985728925f,-0.07557271785199791f,0.9931900679383872f,0.08866934794507171f,4.009147870963559f,-0.11336527565746919f,0.07978922775241934f,-0.9903443812178561f,3.9533521865635675f,0f,0f,0f,1f], start_interpolation: 0, interpolation_duration: 1 }
$data merge entity $(bone_right_sad_pupil1) { transformation: [-0.9906750620620104f,-0.0848950415702496f,0.10656337703553342f,-0.6872674418972006f,-0.07557271785199791f,0.9931900679383872f,0.08866934794507171f,4.010143669304739f,-0.11336527565746919f,0.07978922775241934f,-0.9903443812178561f,3.942230154938562f,0f,0f,0f,1f], start_interpolation: 0, interpolation_duration: 1 }
$data merge entity $(bone_right_happy_pupil1) { transformation: [-0.9906750620620104f,-0.0848950415702496f,0.10656337703553342f,-0.7126979519187734f,-0.07557271785199791f,0.9931900679383872f,0.08866934794507171f,3.9801372857239103f,-0.11336527565746919f,0.07978922775241934f,-0.9903443812178561f,3.9368071853172957f,0f,0f,0f,1f], start_interpolation: 0, interpolation_duration: 1 }
$data merge entity $(bone_eyelid_right1) { transformation: [-0.9906750620620104f,-0.0848950415702496f,0.10656337703553342f,-0.19432100148499448f,-0.07557271785199791f,0.9931900679383872f,0.08866934794507171f,4.0368392696970155f,-0.11336527565746919f,0.07978922775241934f,-0.9903443812178561f,3.43066435193049f,0f,0f,0f,1f], start_interpolation: 0, interpolation_duration: 1 }
$data merge entity $(bone_eyelid_expressions_right5) { transformation: [-0.9906750620620104f,-0.0848950415702496f,0.10656337703553342f,-0.8247472682349514f,-0.07557271785199791f,0.9931900679383872f,0.08866934794507171f,4.1119233506404305f,-0.11336527565746919f,0.07978922775241934f,-0.9903443812178561f,3.936549730333337f,0f,0f,0f,1f], start_interpolation: 0, interpolation_duration: 1 }
$data merge entity $(bone_eyelid_expressions_right7) { transformation: [-0.9906750620620104f,-0.0848950415702496f,0.10656337703553342f,-0.4909749084581998f,-0.07557271785199791f,0.9931900679383872f,0.08866934794507171f,4.137384862026113f,-0.11336527565746919f,0.07978922775241934f,-0.9903443812178561f,3.974744085901527f,0f,0f,0f,1f], start_interpolation: 0, interpolation_duration: 1 }
$data merge entity $(bone_eyelid_expressions_right6) { transformation: [-0.9906750620620104f,-0.0848950415702496f,0.10656337703553342f,-0.602232361717117f,-0.07557271785199791f,0.9931900679383872f,0.08866934794507171f,4.128897691564219f,-0.11336527565746919f,0.07978922775241934f,-0.9903443812178561f,3.9620126340454638f,0f,0f,0f,1f], start_interpolation: 0, interpolation_duration: 1 }
$data merge entity $(bone_right_eye1) { transformation: [-0.9906750620620104f,-0.0848950415702496f,0.10656337703553342f,-0.20664350348657823f,-0.07557271785199791f,0.9931900679383872f,0.08866934794507171f,4.034994754309646f,-0.11336527565746919f,0.07978922775241934f,-0.9903443812178561f,3.440513238369889f,0f,0f,0f,1f], start_interpolation: 0, interpolation_duration: 1 }
$data merge entity $(bone_tear_left1) { transformation: [-0.9906750620620104f,-0.0848950415702496f,0.10656337703553342f,0.3462565059380487f,-0.07557271785199791f,0.9931900679383872f,0.08866934794507171f,3.981240397687993f,-0.11336527565746919f,0.07978922775241934f,-0.9903443812178561f,3.9941521177485604f,0f,0f,0f,1f], start_interpolation: 0, interpolation_duration: 1 }
$data merge entity $(bone_left_sad_pupil1) { transformation: [-0.9906750620620104f,-0.0848950415702496f,0.10656337703553342f,0.14716345754467824f,-0.07557271785199791f,0.9931900679383872f,0.08866934794507171f,4.073797447768946f,-0.11336527565746919f,0.07978922775241934f,-0.9903443812178561f,4.037716043859038f,0f,0f,0f,1f], start_interpolation: 0, interpolation_duration: 1 }
$data merge entity $(bone_left_pupil1) { transformation: [-0.9906750620620104f,-0.0848950415702496f,0.10656337703553342f,0.14596670086898622f,-0.07557271785199791f,0.9931900679383872f,0.08866934794507171f,4.072801649427766f,-0.11336527565746919f,0.07978922775241934f,-0.9903443812178561f,4.048838075484043f,0f,0f,0f,1f], start_interpolation: 0, interpolation_duration: 1 }
$data merge entity $(bone_eyelid_left1) { transformation: [-0.9906750620620104f,-0.0848950415702496f,0.10656337703553342f,-0.21657249213677793f,-0.07557271785199791f,0.9931900679383872f,0.08866934794507171f,4.0351418356046365f,-0.11336527565746919f,0.07978922775241934f,-0.9903443812178561f,3.4281180615592772f,0f,0f,0f,1f], start_interpolation: 0, interpolation_duration: 1 }
$data merge entity $(bone_left_happy_pupil1) { transformation: [-0.9906750620620104f,-0.0848950415702496f,0.10656337703553342f,0.177361674152564f,-0.07557271785199791f,0.9931900679383872f,0.08866934794507171f,4.048034649419065f,-0.11336527565746919f,0.07978922775241934f,-0.9903443812178561f,4.038658800165803f,0f,0f,0f,1f], start_interpolation: 0, interpolation_duration: 1 }
$data merge entity $(bone_eyelid_expressions_left5) { transformation: [-0.9906750620620104f,-0.0848950415702496f,0.10656337703553342f,0.265575773702437f,-0.07557271785199791f,0.9931900679383872f,0.08866934794507171f,4.195097621166994f,-0.11336527565746919f,0.07978922775241934f,-0.9903443812178561f,4.061317958522759f,0f,0f,0f,1f], start_interpolation: 0, interpolation_duration: 1 }
$data merge entity $(bone_eyelid_expressions_left7) { transformation: [-0.9906750620620104f,-0.0848950415702496f,0.10656337703553342f,-0.06819658607431449f,-0.07557271785199791f,0.9931900679383872f,0.08866934794507171f,4.169636109781312f,-0.11336527565746919f,0.07978922775241934f,-0.9903443812178561f,4.023123602954568f,0f,0f,0f,1f], start_interpolation: 0, interpolation_duration: 1 }
$data merge entity $(bone_eyelid_expressions_left6) { transformation: [-0.9906750620620104f,-0.0848950415702496f,0.10656337703553342f,0.043060867184602725f,-0.07557271785199791f,0.9931900679383872f,0.08866934794507171f,4.178123280243206f,-0.11336527565746919f,0.07978922775241934f,-0.9903443812178561f,4.035855054810631f,0f,0f,0f,1f], start_interpolation: 0, interpolation_duration: 1 }
$data merge entity $(bone_left_eye1) { transformation: [-0.9906750620620104f,-0.0848950415702496f,0.10656337703553342f,-0.20664350348657823f,-0.07557271785199791f,0.9931900679383872f,0.08866934794507171f,4.034994754309646f,-0.11336527565746919f,0.07978922775241934f,-0.9903443812178561f,3.440513238369889f,0f,0f,0f,1f], start_interpolation: 0, interpolation_duration: 1 }
$data merge entity $(bone_crest_middle5) { transformation: [-0.9906750620620104f,-0.05981815392380409f,0.12241204952773131f,-0.3750870724416256f,-0.07557271785199791f,0.9888390570767973f,-0.12839814451904108f,5.368987887413578f,-0.11336527565746919f,-0.1364518510706922f,-0.9841388147078071f,4.023225679025164f,0f,0f,0f,1f], start_interpolation: 0, interpolation_duration: 1 }
$data merge entity $(bone_crest_middle4) { transformation: [-0.9906750620620104f,-0.05981815392380409f,0.12241204952773131f,-0.3347799179421873f,-0.07557271785199791f,0.9888390570767973f,-0.12839814451904108f,4.702680319656752f,-0.11336527565746919f,-0.1364518510706922f,-0.9841388147078071f,4.115170773984908f,0f,0f,0f,1f], start_interpolation: 0, interpolation_duration: 1 }
$data merge entity $(bone_crest_middle1) { transformation: [-0.9906750620620104f,-0.05981815392380409f,0.12241204952773131f,-0.3148601812857737f,-0.07557271785199791f,0.9888390570767973f,-0.12839814451904108f,4.213764475104059f,-0.11336527565746919f,-0.1364518510706922f,-0.9841388147078071f,4.267022500411388f,0f,0f,0f,1f], start_interpolation: 0, interpolation_duration: 1 }
$data merge entity $(bone_crest_left5) { transformation: [-0.46068957099260566f,-0.8596933507369279f,0.22066368499905464f,-1.4253809790476262f,-0.878253199069138f,0.4774568356469375f,0.026576087350063497f,4.639824001574181f,-0.12820467036529448f,-0.1815552609888416f,-0.9749878202848482f,3.9447224176214446f,0f,0f,0f,1f], start_interpolation: 0, interpolation_duration: 1 }
$data merge entity $(bone_crest_left4) { transformation: [-0.46068957099260566f,-0.8596933507369279f,0.22066368499905464f,-0.9426430135459334f,-0.878253199069138f,0.4774568356469375f,0.026576087350063497f,4.37172079796384f,-0.12820467036529448f,-0.1815552609888416f,-0.9749878202848482f,4.046669951868108f,0f,0f,0f,1f], start_interpolation: 0, interpolation_duration: 1 }
$data merge entity $(bone_crest_left1) { transformation: [-0.46068957099260566f,-0.8596933507369279f,0.22066368499905464f,-0.39924046840086336f,-0.878253199069138f,0.4774568356469375f,0.026576087350063497f,4.078299583584876f,-0.12820467036529448f,-0.1815552609888416f,-0.9749878202848482f,4.10406438830274f,0f,0f,0f,1f], start_interpolation: 0, interpolation_duration: 1 }
$data merge entity $(bone_crest_center1) { transformation: [-0.9906750620620104f,-0.0848950415702496f,0.10656337703553342f,-0.28559951787264015f,-0.07557271785199791f,0.9931900679383872f,0.08866934794507171f,4.0589021359224695f,-0.11336527565746919f,0.07978922775241934f,-0.9903443812178561f,4.1145556927609075f,0f,0f,0f,1f], start_interpolation: 0, interpolation_duration: 1 }
$data merge entity $(bone_crest_right5) { transformation: [-0.6038890746971614f,0.7970642986620403f,0.0025474025586573745f,0.7630289937686214f,0.7970428156619711f,0.6038410388856483f,0.009937291338094192f,4.806764803612649f,0.006382433943518666f,0.008031410579134535f,-0.9999473791060536f,4.195147314058718f,0f,0f,0f,1f], start_interpolation: 0, interpolation_duration: 1 }
$data merge entity $(bone_crest_right4) { transformation: [-0.6038890746971614f,0.7970642986620403f,0.0025474025586573745f,0.31545870887538596f,0.7970428156619711f,0.6038410388856483f,0.009937291338094192f,4.4676939077540085f,0.006382433943518666f,0.008031410579134535f,-0.9999473791060536f,4.1906374887823485f,0f,0f,0f,1f], start_interpolation: 0, interpolation_duration: 1 }
$data merge entity $(bone_crest_right1) { transformation: [-0.6038890746971614f,0.7970642986620403f,0.0025474025586573745f,-0.17672556188302904f,0.7970428156619711f,0.6038410388856483f,0.009937291338094192f,4.095273924508665f,0.006382433943518666f,0.008031410579134535f,-0.9999473791060536f,4.129527292014868f,0f,0f,0f,1f], start_interpolation: 0, interpolation_duration: 1 }
$data merge entity $(bone_head1) { transformation: [-1.0384028970832264f,-0.08898503706256627f,0.11169728973125569f,-0.13605483076659364f,-0.07921359097768006f,1.0410390686072932f,0.09294117851013371f,4.0339937129705845f,-0.11882688398992533f,0.08363324002694991f,-1.0380562850004866f,2.824321146850301f,0f,0f,0f,1f], start_interpolation: 0, interpolation_duration: 1 }
$data merge entity $(bone_neck10) { transformation: [-1.491797633526069f,-0.10807085344168596f,-0.07109706693270149f,-0.15429023492363766f,-0.10546997165968101f,1.492632575912726f,-0.05584227866298358f,3.5464163166493905f,0.07490118402370882f,-0.05062574092844349f,-1.494664219372137f,1.7745606128261866f,0f,0f,0f,1f], start_interpolation: 0, interpolation_duration: 1 }
$data merge entity $(bone_neck9) { transformation: [-1.1412251896474435f,-0.007178967804129161f,-0.09869993634223014f,-0.14842946523333755f,-0.08068452831965603f,0.7290142456263288f,0.8798956671459668f,2.7448238004371093f,0.05729940577813728f,0.8835580572852462f,-0.7267943904587668f,0.762549139297316f,0f,0f,0f,1f], start_interpolation: 0, interpolation_duration: 1 }
$data merge entity $(bone_neck8) { transformation: [-1.0591763198035091f,0.017768027275000365f,-0.09011081051221181f,-0.17101942977931742f,-0.07488367987837354f,0.43688714671027296f,0.9663395846823973f,2.3574373812744622f,0.05317984065683327f,0.96907381330992f,-0.4340022883598686f,-0.23285956182495537f,0f,0f,0f,1f], start_interpolation: 0, interpolation_duration: 1 }
$data merge entity $(bone_neck7) { transformation: [-1.0518500116267433f,0.03439196929553038f,-0.08279709139093527f,-0.20577727108863003f,-0.07506988853914363f,0.19515871796111872f,1.0347483749648978f,2.160202506739289f,0.04901711669961979f,1.036897719211375f,-0.19200795561306322f,-1.2807881078364514f,0f,0f,0f,1f], start_interpolation: 0, interpolation_duration: 1 }
$data merge entity $(bone_neck6) { transformation: [-1.0374352598224486f,0.12415792911406705f,-0.10064493295267024f,-0.3212838718727523f,-0.11595525512868687f,-0.1297855179671598f,1.0351456952274156f,2.2947872341695676f,0.10999533035080318f,1.0341939084030203f,0.14198767318649652f,-2.2283266411331057f,0f,0f,0f,1f], start_interpolation: 0, interpolation_duration: 1 }
$data merge entity $(bone_neck_spine6) { transformation: [-1.231523073049396f,-0.2997766775006114f,0.11606133158970755f,-0.07639833909045886f,0.15599784750726717f,-0.1555251887039906f,1.2535796567304358f,4.572401222587411f,-0.28107109534205216f,1.227163896071748f,0.18722494507393095f,-5.409089490502559f,0f,0f,0f,1f], start_interpolation: 0, interpolation_duration: 1 }
$data merge entity $(bone_neck_spine7) { transformation: [-0.9640372833849553f,-0.1698320131103145f,0.20442407775664057f,0.8986279749371513f,0.14401532925811586f,0.31263766958545963f,0.9388915126333017f,4.756594721736385f,-0.22336450295969473f,0.9345666240986089f,-0.2769359563843191f,-8.99236567061847f,0f,0f,0f,1f], start_interpolation: 0, interpolation_duration: 1 }
$data merge entity $(bone_tail6) { transformation: [-1.5882906575096343f,0.6482062305499187f,0.14987797526990224f,0.2619770665158206f,0.20443028578137193f,0.10633228918875938f,1.7065179870304181f,4.496620309727759f,0.6331216178982413f,1.591799002537465f,-0.17502825485552315f,-12.716867236734481f,0f,0f,0f,1f], start_interpolation: 0, interpolation_duration: 1 }
$data merge entity $(bone_tail5) { transformation: [-1.3120661953340458f,0.5058398781847248f,0.21491546226258212f,0.5814548843166993f,0.1688771926020029f,-0.1582922017602537f,1.40356845643545f,4.396646287563389f,0.5230135104376775f,1.3200946692263356f,0.08594923734218678f,-11.883123235117848f,0f,0f,0f,1f], start_interpolation: 0, interpolation_duration: 1 }
$data merge entity $(bone_tail4) { transformation: [-0.9575547052882456f,0.37988430848218424f,0.1935254416724763f,0.7442624450947783f,0.14133361666537791f,-0.16604158924828927f,1.0252464081699382f,4.325485606456979f,0.40223002524152573f,0.9627010443715576f,0.10046344601538726f,-11.470537073244323f,0f,0f,0f,1f], start_interpolation: 0, interpolation_duration: 1 }
$data merge entity $(bone_segment18) { transformation: [-0.953033185133083f,0.2400819289401592f,0.18463048348380348f,0.8790740751148873f,0.1543606199273834f,-0.13945481535780935f,0.9781232813347983f,4.247178459161335f,0.26057733410779343f,0.9606836221513777f,0.09584587147803406f,-10.93109070338393f,0f,0f,0f,1f], start_interpolation: 0, interpolation_duration: 1 }
$data merge entity $(bone_segment17) { transformation: [-0.9820686181168826f,0.09262473379699557f,0.1642007551719302f,0.9466883217098622f,0.1619025926718579f,-0.03185448741766487f,0.9862924729092726f,4.223925305504396f,0.09658560863879728f,0.9951914139101046f,0.01628710789181355f,-10.204620408561855f,0f,0f,0f,1f], start_interpolation: 0, interpolation_duration: 1 }
$data merge entity $(bone_segment16) { transformation: [-0.9860066156751963f,-0.05877318363024621f,0.15600213694277026f,0.8905840375315753f,0.15141278184187773f,0.07580643518365744f,0.9855595131090004f,4.296289358621609f,-0.06975043612515539f,0.995388917594882f,-0.06584663537068007f,-9.254432257244474f,0f,0f,0f,1f], start_interpolation: 0, interpolation_duration: 1 }
$data merge entity $(bone_segment15) { transformation: [-0.9640372833849553f,-0.21695397219485357f,0.1535027367594134f,0.6347520830146948f,0.14401532925811586f,0.05898179456881136f,0.9878161432413012f,4.365840644697624f,-0.22336450295969473f,0.9743983383905767f,-0.02561595126578843f,-8.105422497863009f,0f,0f,0f,1f], start_interpolation: 0, interpolation_duration: 1 }
$data merge entity $(bone_segment14) { transformation: [-0.9823109856792551f,-0.34352551379423235f,0.12542147667537143f,0.2482858799961834f,0.15903260268409772f,-0.0775548982414042f,1.0331355511584428f,4.278591384176044f,-0.3293158919981602f,0.987243970433016f,0.12480218005420386f,-6.994773031125865f,0f,0f,0f,1f], start_interpolation: 0, interpolation_duration: 1 }
$data merge entity $(bone_segment13) { transformation: [-0.9924627118103957f,-0.25415614224535277f,0.05016007224978113f,-0.059187560396053274f,0.1257159124029153f,-0.29885682433473854f,0.9731257471367437f,3.8920180202566375f,-0.22651023565800674f,0.9477251002958098f,0.32031837167830224f,-5.8621200163061795f,0f,0f,0f,1f], start_interpolation: 0, interpolation_duration: 1 }
$data merge entity $(bone_segment12) { transformation: [-1.0950275624664234f,-0.21207998479228427f,0.020263234712746634f,-0.31539156886995373f,0.10780116136629836f,-0.4600543350051919f,1.0105457929469026f,3.336247682666473f,-0.18375915824414485f,0.9939044069150268f,0.47208101303480543f,-4.661430128757825f,0f,0f,0f,1f], start_interpolation: 0, interpolation_duration: 1 }
$data merge entity $(bone_segment11) { transformation: [-1.1879255153919177f,-0.07496053303169456f,0.01835018391727743f,-0.4020205093899504f,0.04917220302991142f,-0.5170311681332284f,1.0711599817531094f,2.7387350917106437f,-0.0594802926302388f,1.0696646813594157f,0.519039887794982f,-3.4252607165333133f,0f,0f,0f,1f], start_interpolation: 0, interpolation_duration: 1 }
$data merge entity $(bone_segment10) { transformation: [-1.045800644686218f,0.06651915650413416f,0.023482151030999685f,-0.31771071074576823f,-7.273189573756925e-18f,-0.3489178638791139f,0.9883984633189237f,2.313068657913731f,0.07054225399761603f,0.9861575554185993f,0.348126793448768f,-2.1753539333104435f,0f,0f,0f,1f], start_interpolation: 0, interpolation_duration: 1 }