# This file was generated by Animated Java via MC-Build. It is not recommended to edit this file directly.
$data merge entity $(bone_neck_spine5) { transformation: [-1.3622847806535565f,-0.04709801048015359f,-0.10565800473581405f,-0.12513464288429843f,-0.09853877578838999f,1.1265848570660064f,0.7683087463070704f,2.925983192492346f,0.06059658589448228f,0.7731688026521941f,-1.125939481739385f,0.2871993469121689f,0f,0f,0f,1f], start_interpolation: 0, interpolation_duration: 1 }
$data merge entity $(bone_neck_spine2) { transformation: [-1.2974140768129105f,-0.10287125164404393f,-0.039436351470878823f,-0.23351382488207256f,-0.09384645313179997f,1.2760877300686801f,-0.24127568329027255f,4.1207758445103755f,0.05771103418522121f,-0.23756813274889146f,-1.2789260439055579f,1.9969408751371094f,0f,0f,0f,1f], start_interpolation: 0, interpolation_duration: 1 }
$data merge entity $(bone_scale_neck_left1) { transformation: [-1.4060978331123537f,0.27266590821969017f,0.0012667336941630245f,0.5086894040649044f,0.26944772261166405f,1.388452380743426f,0.22595869000788088f,3.396133685879465f,0.04178787980872268f,0.22206464668069334f,-1.4143551478318475f,2.0808726940184363f,0f,0f,0f,1f], start_interpolation: 0, interpolation_duration: 1 }
$data merge entity $(bone_scale_neck_right1) { transformation: [-1.3509548480937208f,-0.4485728055249965f,-0.1586280396344932f,-0.8535953765886519f,-0.46887489074005484f,1.3362826869225064f,0.2143929473360667f,3.297594910091075f,0.08085019263026154f,0.25414648763533465f,-1.4072427749244438f,2.1414692799129185f,0f,0f,0f,1f], start_interpolation: 0, interpolation_duration: 1 }
$data merge entity $(bone_blush_right1) { transformation: [-0.9906380127144842f,-0.0877377906621031f,0.10458684360296161f,-0.8049178035275794f,-0.07984595602863122f,0.9937975901219867f,0.07740137707822407f,3.1080857711804883f,-0.11072917895013604f,0.06832590985464072f,-0.9914991774941437f,3.2505044513408157f,0f,0f,0f,1f], start_interpolation: 0, interpolation_duration: 1 }
$data merge entity $(bone_blush_left1) { transformation: [-0.9906380127144842f,-0.0877377906621031f,0.10458684360296161f,0.33663771893637706f,-0.07984595602863122f,0.9937975901219867f,0.07740137707822407f,3.2000957595728563f,-0.11072917895013604f,0.06832590985464072f,-0.9914991774941437f,3.3781025286466364f,0f,0f,0f,1f], start_interpolation: 0, interpolation_duration: 1 }
$data merge entity $(bone_left_head_scales) { transformation: [-0.9269994790321893f,-0.0877377906621031f,-0.3646560653050796f,0.32636644106314877f,-0.10656420651121974f,0.9937975901219867f,0.03178710050265129f,3.8581596024605087f,0.35960538895389704f,0.06832590985464072f,-0.9305995563494812f,3.083663486724827f,0f,0f,0f,1f], start_interpolation: 0, interpolation_duration: 1 }
$data merge entity $(bone_left_head_scales2) { transformation: [-0.8714717023084448f,-0.0877377906621031f,-0.48253409430355704f,0.37959125159951423f,-0.10980158414225352f,0.9937975901219867f,0.017605737348465746f,3.0704171428322637f,0.47799653157263866f,0.06832590985464072f,-0.875700226017478f,3.175523006979133f,0f,0f,0f,1f], start_interpolation: 0, interpolation_duration: 1 }
$data merge entity $(bone_left_head_scales1) { transformation: [-0.9906380127144842f,-0.0877377906621031f,0.10458684360296161f,0.33493458468249476f,-0.07984595602863122f,0.9937975901219867f,0.07740137707822407f,3.7611090565501586f,-0.11072917895013604f,0.06832590985464072f,-0.9914991774941437f,3.076991034590585f,0f,0f,0f,1f], start_interpolation: 0, interpolation_duration: 1 }
$data merge entity $(bone_right_head_scales) { transformation: [-0.8304138190395954f,-0.0877377906621031f,0.5501953918725663f,-0.8345374800866373f,-0.03508424945451592f,0.9937975901219867f,0.1055246194399432f,3.7645901227394565f,-0.5560413515092982f,0.06832590985464072f,-0.8283414666997228f,2.9539027301426364f,0f,0f,0f,1f], start_interpolation: 0, interpolation_duration: 1 }
$data merge entity $(bone_right_head_scales2) { transformation: [-0.7514946042224631f,-0.0877377906621031f,0.6538791477897552f,-0.7813126695502719f,-0.0210103720758709f,0.9937975901219867f,0.10920125518035498f,2.9768476631112115f,-0.6594045981715297f,0.06832590985464072f,-0.7486769302928855f,3.045762250396942f,0f,0f,0f,1f], start_interpolation: 0, interpolation_duration: 1 }
$data merge entity $(bone_right_head_scales1) { transformation: [-0.9906380127144842f,-0.0877377906621031f,0.10458684360296161f,-0.8259693364672913f,-0.07984595602863122f,0.9937975901219867f,0.07740137707822407f,3.6675395768291064f,-0.11072917895013604f,0.06832590985464072f,-0.9914991774941437f,2.9472302780083943f,0f,0f,0f,1f], start_interpolation: 0, interpolation_duration: 1 }
$data merge entity $(bone_head_left_fin1) { transformation: [-0.5886381872408794f,0.066892340134542f,-0.8056242916850858f,0.3747252323627955f,0.15390361936291505f,0.987616626993595f,-0.030447890448914695f,3.402838841932883f,0.7936112149338402f,-0.14191128537617764f,-0.5916438342568225f,2.9793501016183948f,0f,0f,0f,1f], start_interpolation: 0, interpolation_duration: 1 }
$data merge entity $(bone_head_right_fin1) { transformation: [-0.36824455668513667f,-0.18950373550521432f,0.9102111187528621f,-0.7861786887869906f,-0.23102888259273735f,0.9669509655524909f,0.10784936543650311f,3.3092693622118308f,-0.9005673777567771f,-0.17057011592502086f,-0.3998552659070611f,2.849589345036204f,0f,0f,0f,1f], start_interpolation: 0, interpolation_duration: 1 }
$data merge entity $(bone_right_whisker16) { transformation: [-0.19332017779492686f,-0.4363422544718245f,0.8787677428193319f,-0.8673107849421868f,0.9616545038630092f,0.09332902941236235f,0.25789592371523823f,1.7989900129535636f,-0.19454542928922158f,0.8949274435569577f,0.40156810967914336f,1.5343528418351056f,0f,0f,0f,1f], start_interpolation: 0, interpolation_duration: 1 }
$data merge entity $(bone_right_whisker15) { transformation: [0.48296380386903204f,-0.29966670949766133f,0.8227671768922235f,-1.0088040868569423f,0.1910497269391717f,0.9530422279021593f,0.2349691760034836f,1.7430184132643531f,-0.8545443031164754f,0.043707837445157854f,0.5175361426577323f,1.7847076181387604f,0f,0f,0f,1f], start_interpolation: 0, interpolation_duration: 1 }
$data merge entity $(bone_right_whisker14) { transformation: [0.7458806721803695f,-0.19870145939622968f,0.6357513294532451f,-1.227323815034785f,-0.35575651538248565f,0.6880817971610188f,0.6324403072058052f,1.8472439548803157f,-0.563115729340489f,-0.6978976790686946f,0.4425375745853203f,1.949682929468982f,0f,0f,0f,1f], start_interpolation: 0, interpolation_duration: 1 }
$data merge entity $(bone_right_whisker13) { transformation: [0.2820557916777012f,-0.44006728390916733f,0.8525170473450214f,-1.3099573477528614f,-0.05636506212803004f,0.8794600143571917f,0.47262359538870996f,1.863757156675637f,-0.957740836631898f,-0.1813583987017312f,0.22325237080034654f,2.2302710652009834f,0f,0f,0f,1f], start_interpolation: 0, interpolation_duration: 1 }
$data merge entity $(bone_right_whisker12) { transformation: [-0.3477948079955342f,-0.31705921856858155f,0.8823333969945997f,-1.1741000008796059f,-0.5874506587770806f,0.8071441232061272f,0.058481517389564086f,2.093230070260434f,-0.7307123202969299f,-0.4979877672137062f,-0.4669771821746582f,2.5157055653169715f,0f,0f,0f,1f], start_interpolation: 0, interpolation_duration: 1 }
$data merge entity $(bone_right_whisker11) { transformation: [-0.8404429230747812f,-0.23426703141930938f,0.4886457316333599f,-0.8458019840535194f,-0.36024414388505116f,0.915159207966509f,-0.1808529260770702f,2.233950438965532f,-0.40482076262222993f,-0.32802832509418467f,-0.8535324059963156f,2.67383867571628f,0f,0f,0f,1f], start_interpolation: 0, interpolation_duration: 1 }
$data merge entity $(bone_right_whisker10) { transformation: [-0.36218570091505464f,-0.56750455697021f,0.7394322794351869f,-0.7043231946335762f,-0.7161735500940926f,0.6771701781407498f,0.16892600741877822f,2.513705731971037f,-0.5965877673890861f,-0.46837925621751314f,-0.6516931088686102f,2.906880772352642f,0f,0f,0f,1f], start_interpolation: 0, interpolation_duration: 1 }
$data merge entity $(bone_right_whisker1) { transformation: [0.18448200067666568f,-0.5437591413204593f,0.8187138618936237f,-0.7763864761478987f,-0.8583775782491947f,0.3165863496232124f,0.403684302879486f,2.8490094734746285f,-0.4787006628211224f,-0.7772381098882669f,-0.4083461717121048f,3.093873218767143f,0f,0f,0f,1f], start_interpolation: 0, interpolation_duration: 1 }
$data merge entity $(bone_left_whisker16) { transformation: [-0.07666424293371871f,0.2089805411354398f,-0.9749101124114665f,0.9802980475451768f,-0.9834153932183908f,0.145342393427278f,0.10848849272594885f,1.9479082774492495f,0.16436775303117626f,0.9670587997115633f,0.1943721164774233f,1.7408704662514725f,0f,0f,0f,1f], start_interpolation: 0, interpolation_duration: 1 }
$data merge entity $(bone_left_whisker15) { transformation: [0.30771167111595116f,0.12814018314531472f,-0.9428115511185222f,1.070447951192428f,-0.1273208588780954f,0.9875236932813417f,0.0926625819979256f,1.9106072445748075f,0.9429225452568056f,0.09152621849209912f,0.32018748410105535f,2.017117305682177f,0f,0f,0f,1f], start_interpolation: 0, interpolation_duration: 1 }
$data merge entity $(bone_left_whisker14) { transformation: [0.538260966282385f,0.23555126542623736f,-0.8091914072287542f,1.2281415936579705f,0.4592590213263832f,0.7230828000767846f,0.5159771463577132f,2.0451557859790213f,0.7066514582926195f,-0.6493588111277266f,0.28102820303965753f,2.224144100103843f,0f,0f,0f,1f], start_interpolation: 0, interpolation_duration: 1 }
$data merge entity $(bone_left_whisker13) { transformation: [0.052512008275928f,0.32432430322429096f,-0.9444872870107395f,1.2435259710825588f,0.0833314065452947f,0.9410703869368522f,0.3277840806288579f,2.069569283990338f,0.9951373602021035f,-0.09591805444545456f,0.022391095582555698f,2.515688248600553f,0f,0f,0f,1f], start_interpolation: 0, interpolation_duration: 1 }
$data merge entity $(bone_left_whisker12) { transformation: [-0.5880718041206764f,0.28680497877533473f,-0.7562502610564393f,1.0138104225979196f,0.5120193070616967f,0.8558159019280726f,-0.07358920575124618f,2.2695768258113134f,0.6261052486557768f,-0.4304904716212884f,-0.650130887936397f,2.7602606113567156f,0f,0f,0f,1f], start_interpolation: 0, interpolation_duration: 1 }
$data merge entity $(bone_left_whisker11) { transformation: [-0.9549185128985851f,0.15272446337487244f,-0.2545699746836065f,0.6407953784969098f,0.21553704761744005f,0.9463509303516828f,-0.24075651128653064f,2.353770985036876f,0.20414312339119334f,-0.2847721104837364f,-0.9366058030263992f,2.8400040189314004f,0f,0f,0f,1f], start_interpolation: 0, interpolation_duration: 1 }
$data merge entity $(bone_left_whisker10) { transformation: [-0.5928649457291135f,0.5419813615476323f,-0.5956235051276856f,0.4092075090714749f,0.639195954889451f,0.7665953392261982f,0.061319793946430695f,2.603456904915568f,0.4898363883773618f,-0.3443657788045218f,-0.800919798113255f,3.0313463581413074f,0f,0f,0f,1f], start_interpolation: 0, interpolation_duration: 1 }
$data merge entity $(bone_left_whisker1) { transformation: [-0.0632065640181442f,0.6439232571532761f,-0.7624747662461601f,0.38451744500188734f,0.8681524435970887f,0.41231418900286776f,0.27623964998405104f,2.9425789531956807f,0.4922563000525474f,-0.644484172376656f,-0.585084512369412f,3.2236339753493337f,0f,0f,0f,1f], start_interpolation: 0, interpolation_duration: 1 }
$data merge entity $(bone_upper_left_tooth1) { transformation: [-0.9906380127144842f,-0.0782885778440213f,0.1118357113996151f,-0.043853960954896215f,-0.07984595602863122f,0.996761864764821f,-0.00950832563758773f,3.206905961482112f,-0.11072917895013604f,-0.018348938108706636f,-0.9936812192042833f,3.9991516070531685f,0f,0f,0f,1f], start_interpolation: 0, interpolation_duration: 1 }
$data merge entity $(bone_upper_right_tooth1) { transformation: [-0.9906380127144842f,-0.0782885778440213f,0.1118357113996151f,-0.6243059215297893f,-0.07984595602863122f,0.996761864764821f,-0.00950832563758773f,3.160121221621586f,-0.11072917895013604f,-0.018348938108706636f,-0.9936812192042833f,3.934271228762073f,0f,0f,0f,1f], start_interpolation: 0, interpolation_duration: 1 }
$data merge entity $(bone_top_lip1) { transformation: [-0.9906380127144842f,-0.035317132850025496f,0.13186746335753574f,-0.3183040391337648f,-0.07984595602863122f,0.9333977301029489f,-0.3498475392860955f,3.2925370091060993f,-0.11072917895013604f,-0.35710135475228316f,-0.9274792026579961f,3.9674437242700553f,0f,0f,0f,1f], start_interpolation: 0, interpolation_duration: 1 }
$data merge entity $(bone_muzzle1) { transformation: [-0.9906380127144842f,-0.0782885778440213f,0.1118357113996151f,-0.2751648115720418f,-0.07984595602863122f,0.996761864764821f,-0.00950832563758773f,3.43390431076228f,-0.11072917895013604f,-0.018348938108706636f,-0.9936812192042833f,3.4795599837246964f,0f,0f,0f,1f], start_interpolation: 0, interpolation_duration: 1 }
$data merge entity $(bone_jaw_right_tooth1) { transformation: [-0.9906380127144842f,0.011914079591052205f,0.1359940530780499f,-0.6279482108455636f,-0.07984595602863122f,0.7574520537072951f,-0.6479899764969167f,3.191353088068862f,-0.11072917895013604f,-0.6527820777580362f,-0.7494095061359505f,3.9443358930631645f,0f,0f,0f,1f], start_interpolation: 0, interpolation_duration: 1 }
$data merge entity $(bone_jaw_left_tooth1) { transformation: [-0.9906380127144842f,0.011914079591052205f,0.1359940530780499f,0.0008747464439038677f,-0.07984595602863122f,0.7574520537072951f,-0.6479899764969167f,3.242036556251098f,-0.11072917895013604f,-0.6527820777580362f,-0.7494095061359505f,4.014622969545185f,0f,0f,0f,1f], start_interpolation: 0, interpolation_duration: 1 }
$data merge entity $(bone_tongue1) { transformation: [-0.9906380127144842f,-0.04667574721017283f,0.12828757690232298f,-0.22356961740945255f,-0.07984595602863122f,0.9603370920743479f,-0.2671652913311515f,3.023190573390755f,-0.11072917895013604f,-0.2749073374949408f,-0.9550732980878854f,3.3141263575567206f,0f,0f,0f,1f], start_interpolation: 0, interpolation_duration: 1 }
$data merge entity $(bone_jaw_lips1) { transformation: [-0.9906380127144842f,-0.04667574721017283f,0.12828757690232298f,-0.2701813995317215f,-0.07984595602863122f,0.9603370920743479f,-0.2671652913311515f,3.1279621286502004f,-0.11072917895013604f,-0.2749073374949408f,-0.9550732980878854f,4.096557366599089f,0f,0f,0f,1f], start_interpolation: 0, interpolation_duration: 1 }
$data merge entity $(bone_jaw3) { transformation: [-0.9906380127144842f,-0.011882041539270437f,0.13599685604438227f,-0.16306358531960782f,-0.07984595602863122f,0.8584669335910902f,-0.5066153839320164f,2.6692925955697673f,-0.11072917895013604f,-0.5127312561367501f,-0.8513787100400494f,3.468971468407896f,0f,0f,0f,1f], start_interpolation: 0, interpolation_duration: 1 }
$data merge entity $(bone_jaw1) { transformation: [-0.9906380127144842f,-0.10456617127579178f,0.08776242698227503f,-0.09449918923970546f,-0.07984595602863122f,0.9652589635984364f,0.24879661673492642f,2.8636649523939286f,-0.11072917895013604f,0.23945991108658177f,-0.9645714073677668f,2.715400056401828f,0f,0f,0f,1f], start_interpolation: 0, interpolation_duration: 1 }
$data merge entity $(bone_tear_right1) { transformation: [-0.9906380127144842f,-0.0877377906621031f,0.10458684360296161f,-0.7957275125317576f,-0.07984595602863122f,0.9937975901219867f,0.07740137707822407f,3.444858554781159f,-0.11072917895013604f,0.06832590985464072f,-0.9914991774941437f,3.3664082143985348f,0f,0f,0f,1f], start_interpolation: 0, interpolation_duration: 1 }
$data merge entity $(bone_right_pupil1) { transformation: [-0.9906380127144842f,-0.0877377906621031f,0.10458684360296161f,-0.6507998119347479f,-0.07984595602863122f,0.9937975901219867f,0.07740137707822407f,3.5502396422631155f,-0.11072917895013604f,0.06832590985464072f,-0.9914991774941437f,3.4490183908912573f,0f,0f,0f,1f], start_interpolation: 0, interpolation_duration: 1 }
$data merge entity $(bone_right_sad_pupil1) { transformation: [-0.9906380127144842f,-0.0877377906621031f,0.10458684360296161f,-0.6497784560401878f,-0.07984595602863122f,0.9937975901219867f,0.07740137707822407f,3.550995515086145f,-0.11072917895013604f,0.06832590985464072f,-0.9914991774941437f,3.439335781736041f,0f,0f,0f,1f], start_interpolation: 0, interpolation_duration: 1 }
$data merge entity $(bone_right_happy_pupil1) { transformation: [-0.9906380127144842f,-0.0877377906621031f,0.10458684360296161f,-0.6718216363363191f,-0.07984595602863122f,0.9937975901219867f,0.07740137707822407f,3.5247838499613104f,-0.11072917895013604f,0.06832590985464072f,-0.9914991774941437f,3.434964375561733f,0f,0f,0f,1f], start_interpolation: 0, interpolation_duration: 1 }
$data merge entity $(bone_eyelid_right1) { transformation: [-0.9906380127144842f,-0.0877377906621031f,0.10458684360296161f,-0.22196960522590414f,-0.07984595602863122f,0.9937975901219867f,0.07740137707822407f,3.5702841163114787f,-0.11072917895013604f,0.06832590985464072f,-0.9914991774941437f,2.993500708581095f,0f,0f,0f,1f], start_interpolation: 0, interpolation_duration: 1 }
$data merge entity $(bone_eyelid_expressions_right5) { transformation: [-0.9906380127144842f,-0.0877377906621031f,0.10458684360296161f,-0.7695995825286761f,-0.07984595602863122f,0.9937975901219867f,0.07740137707822407f,3.6390790108084223f,-0.11072917895013604f,0.06832590985464072f,-0.9914991774941437f,3.4335728626340254f,0f,0f,0f,1f], start_interpolation: 0, interpolation_duration: 1 }
$data merge entity $(bone_eyelid_expressions_right7) { transformation: [-0.9906380127144842f,-0.0877377906621031f,0.10458684360296161f,-0.47937360224122944f,-0.07984595602863122f,0.9937975901219867f,0.07740137707822407f,3.6624713807386855f,-0.11072917895013604f,0.06832590985464072f,-0.9914991774941437f,3.466013051779573f,0f,0f,0f,1f], start_interpolation: 0, interpolation_duration: 1 }
$data merge entity $(bone_eyelid_expressions_right6) { transformation: [-0.9906380127144842f,-0.0877377906621031f,0.10458684360296161f,-0.5761155956703783f,-0.07984595602863122f,0.9937975901219867f,0.07740137707822407f,3.6546739240952646f,-0.11072917895013604f,0.06832590985464072f,-0.9914991774941437f,3.4551996553977236f,0f,0f,0f,1f], start_interpolation: 0, interpolation_duration: 1 }
$data merge entity $(bone_right_eye1) { transformation: [-0.9906380127144842f,-0.0877377906621031f,0.10458684360296161f,-0.2326651604633792f,-0.07984595602863122f,0.9937975901219867f,0.07740137707822407f,3.568748497824107f,-0.11072917895013604f,0.06832590985464072f,-0.9914991774941437f,3.0021019780981266f,0f,0f,0f,1f], start_interpolation: 0, interpolation_duration: 1 }
$data merge entity $(bone_tear_left1) { transformation: [-0.9906380127144842f,-0.0877377906621031f,0.10458684360296161f,0.24908601650305f,-0.07984595602863122f,0.9937975901219867f,0.07740137707822407f,3.529071086530106f,-0.11072917895013604f,0.06832590985464072f,-0.9914991774941437f,3.483192895322506f,0f,0f,0f,1f], start_interpolation: 0, interpolation_duration: 1 }
$data merge entity $(bone_left_sad_pupil1) { transformation: [-0.9906380127144842f,-0.0877377906621031f,0.10458684360296161f,0.07578649467842857f,-0.07984595602863122f,0.9937975901219867f,0.07740137707822407f,3.609476439911803f,-0.11072917895013604f,0.06832590985464072f,-0.9914991774941437f,3.52043625459991f,0f,0f,0f,1f], start_interpolation: 0, interpolation_duration: 1 }
$data merge entity $(bone_left_pupil1) { transformation: [-0.9906380127144842f,-0.0877377906621031f,0.10458684360296161f,0.07476513878386842f,-0.07984595602863122f,0.9937975901219867f,0.07740137707822407f,3.608720567088773f,-0.11072917895013604f,0.06832590985464072f,-0.9914991774941437f,3.5301188637551264f,0f,0f,0f,1f], start_interpolation: 0, interpolation_duration: 1 }
$data merge entity $(bone_eyelid_left1) { transformation: [-0.9906380127144842f,-0.0877377906621031f,0.10458684360296161f,-0.2413180039117339f,-0.07984595602863122f,0.9937975901219867f,0.07740137707822407f,3.5687246249827944f,-0.11072917895013604f,0.06832590985464072f,-0.9914991774941437f,2.9913380293047256f,0f,0f,0f,1f], start_interpolation: 0, interpolation_duration: 1 }
$data merge entity $(bone_left_happy_pupil1) { transformation: [-0.9906380127144842f,-0.0877377906621031f,0.10458684360296161f,0.10211431109687163f,-0.07984595602863122f,0.9937975901219867f,0.07740137707822407f,3.5871635031086786f,-0.11072917895013604f,0.06832590985464072f,-0.9914991774941437f,3.521471546616527f,0f,0f,0f,1f], start_interpolation: 0, interpolation_duration: 1 }
$data merge entity $(bone_eyelid_expressions_left5) { transformation: [-0.9906380127144842f,-0.0877377906621031f,0.10458684360296161f,0.17847195307698277f,-0.07984595602863122f,0.9937975901219867f,0.07740137707822407f,3.715494085913948f,-0.11072917895013604f,0.06832590985464072f,-0.9914991774941437f,3.539544147176147f,0f,0f,0f,1f], start_interpolation: 0, interpolation_duration: 1 }
$data merge entity $(bone_eyelid_expressions_left7) { transformation: [-0.9906380127144842f,-0.0877377906621031f,0.10458684360296161f,-0.1117540272104638f,-0.07984595602863122f,0.9937975901219867f,0.07740137707822407f,3.6921017159836853f,-0.11072917895013604f,0.06832590985464072f,-0.9914991774941437f,3.507103958030599f,0f,0f,0f,1f], start_interpolation: 0, interpolation_duration: 1 }
$data merge entity $(bone_eyelid_expressions_left6) { transformation: [-0.9906380127144842f,-0.0877377906621031f,0.10458684360296161f,-0.015012033781314965f,-0.07984595602863122f,0.9937975901219867f,0.07740137707822407f,3.699899172627106f,-0.11072917895013604f,0.06832590985464072f,-0.9914991774941437f,3.5179173544124485f,0f,0f,0f,1f], start_interpolation: 0, interpolation_duration: 1 }
$data merge entity $(bone_left_eye1) { transformation: [-0.9906380127144842f,-0.0877377906621031f,0.10458684360296161f,-0.2326651604633792f,-0.07984595602863122f,0.9937975901219867f,0.07740137707822407f,3.568748497824107f,-0.11072917895013604f,0.06832590985464072f,-0.9914991774941437f,3.0021019780981266f,0f,0f,0f,1f], start_interpolation: 0, interpolation_duration: 1 }
$data merge entity $(bone_crest_middle5) { transformation: [-0.9906380127144842f,-0.06302131864450608f,0.12109765134553604f,-0.3817438206485072f,-0.07984595602863122f,0.9869933432945961f,-0.1395305113515653f,4.7341458905005895f,-0.11072917895013604f,-0.14789338622285678f,-0.9827851216011387f,3.495474359347396f,0f,0f,0f,1f], start_interpolation: 0, interpolation_duration: 1 }
$data merge entity $(bone_crest_middle4) { transformation: [-0.9906380127144842f,-0.06302131864450608f,0.12109765134553604f,-0.34481726675524194f,-0.07984595602863122f,0.9869933432945961f,-0.1395305113515653f,4.155829478413912f,-0.11072917895013604f,-0.14789338622285678f,-0.9827851216011387f,3.5821306403373514f,0f,0f,0f,1f], start_interpolation: 0, interpolation_duration: 1 }
$data merge entity $(bone_crest_middle1) { transformation: [-0.9906380127144842f,-0.06302131864450608f,0.12109765134553604f,-0.3259918460639684f,-0.07984595602863122f,0.9869933432945961f,-0.1395305113515653f,3.7323117328265707f,-0.11072917895013604f,-0.14789338622285678f,-0.9827851216011387f,3.7191044903486894f,0f,0f,0f,1f], start_interpolation: 0, interpolation_duration: 1 }
$data merge entity $(bone_crest_left5) { transformation: [-0.4582721141260287f,-0.8614347011269241f,0.2188993492654256f,-1.29325216255906f,-0.8810615872806051f,0.47273651946901674f,0.015832327021013004f,4.0966157500251015f,-0.11712023238125979f,-0.1856082941430332f,-0.9756189893151281f,3.4362342243896387f,0f,0f,0f,1f], start_interpolation: 0, interpolation_duration: 1 }
$data merge entity $(bone_crest_left4) { transformation: [-0.4582721141260287f,-0.8614347011269241f,0.2188993492654256f,-0.8726297498994292f,-0.8810615872806051f,0.47273651946901674f,0.015832327021013004f,3.8657873713781203f,-0.11712023238125979f,-0.1856082941430332f,-0.9756189893151281f,3.5268632742641666f,0f,0f,0f,1f], start_interpolation: 0, interpolation_duration: 1 }
$data merge entity $(bone_crest_left1) { transformation: [-0.4582721141260287f,-0.8614347011269241f,0.2188993492654256f,-0.39925665118548437f,-0.8810615872806051f,0.47273651946901674f,0.015832327021013004f,3.612649217709264f,-0.11712023238125979f,-0.1856082941430332f,-0.9756189893151281f,3.5789175831634945f,0f,0f,0f,1f], start_interpolation: 0, interpolation_duration: 1 }
$data merge entity $(bone_crest_center1) { transformation: [-0.9906380127144842f,-0.0877377906621031f,0.10458684360296161f,-0.30037264926955864f,-0.07984595602863122f,0.9937975901219867f,0.07740137707822407f,3.5961843484368448f,-0.11072917895013604f,0.06832590985464072f,-0.9914991774941437f,3.58806288786363f,0f,0f,0f,1f], start_interpolation: 0, interpolation_duration: 1 }
$data merge entity $(bone_crest_right5) { transformation: [-0.6062667183639076f,0.7952609887130828f,0.0007912239557149869f,0.6096418639452266f,0.7952591854760827f,0.6062670821024063f,-0.0017473050539229262f,4.249990030859605f,-0.001869256583687126f,-0.000430104782471602f,-0.9999981604431578f,3.648931385693367f,0f,0f,0f,1f], start_interpolation: 0, interpolation_duration: 1 }
$data merge entity $(bone_crest_right4) { transformation: [-0.6062667183639076f,0.7952609887130828f,0.0007912239557149869f,0.22133083430016662f,0.7952591854760827f,0.6062670821024063f,-0.0017473050539229262f,3.9539611821767893f,-0.001869256583687126f,-0.000430104782471602f,-0.9999981604431578f,3.6491413977941836f,0f,0f,0f,1f], start_interpolation: 0, interpolation_duration: 1 }
$data merge entity $(bone_crest_right1) { transformation: [-0.6062667183639076f,0.7952609887130828f,0.0007912239557149869f,-0.2057726643271867f,0.7952591854760827f,0.6062670821024063f,-0.0017473050539229262f,3.628244130996106f,-0.001869256583687126f,-0.000430104782471602f,-0.9999981604431578f,3.6005443759271927f,0f,0f,0f,1f], start_interpolation: 0, interpolation_duration: 1 }
$data merge entity $(bone_head1) { transformation: [-0.9906380127144842f,-0.0877377906621031f,0.10458684360296161f,-0.17220651445289675f,-0.07984595602863122f,0.9937975901219867f,0.07740137707822407f,3.561796230135556f,-0.11072917895013604f,0.06832590985464072f,-0.9914991774941437f,2.4662222484941116f,0f,0f,0f,1f], start_interpolation: 0, interpolation_duration: 1 }
$data merge entity $(bone_neck10) { transformation: [-1.2974140768129105f,-0.09684369703303405f,-0.052526360783142094f,-0.1805784374009753f,-0.09384645313179997f,1.2966634188539334f,-0.07264866402800181f,3.121035031359425f,0.05771103418522121f,-0.06860235779801271f,-1.298993518067842f,1.5612700742101782f,0f,0f,0f,1f], start_interpolation: 0, interpolation_duration: 1 }
$data merge entity $(bone_neck9) { transformation: [-0.9964140109923154f,-0.013273147096833861f,-0.08356400100732146f,-0.16874686405431072f,-0.07207407600522238f,0.6504919573087986f,0.7560856704399056f,2.43036706246402f,0.04432207425424989f,0.7593971536967422f,-0.6491159501129877f,0.7041326123686343f,0f,0f,0f,1f], start_interpolation: 0, interpolation_duration: 1 }
$data merge entity $(bone_neck8) { transformation: [-0.9964140109923154f,0.009061157681641396f,-0.08412499105304108f,-0.18126087709162653f,-0.07207407600522238f,0.4299218354405089f,0.8999847459704289f,2.075458364837104f,0.04432207425424989f,0.9028206415633905f,-0.4277270658970137f,-0.1543302419087793f,0f,0f,0f,1f], start_interpolation: 0, interpolation_duration: 1 }
$data merge entity $(bone_neck7) { transformation: [-0.9961767889409863f,0.03614255363460408f,-0.07953314398409872f,-0.2147915664987299f,-0.07059251210022022f,0.20328388310431106f,0.976571738330274f,1.886864918597753f,0.051463602775222377f,0.9784525428894353f,-0.1999552922595238f,-1.06207430025347f,0f,0f,0f,1f], start_interpolation: 0, interpolation_duration: 1 }
$data merge entity $(bone_neck6) { transformation: [-0.9844990743910939f,0.14058895545096908f,-0.1048633307132908f,-0.3334044603811892f,-0.12027345939220699f,-0.10599771543048608f,0.9870657421313683f,1.9904812324853274f,0.12765526815964434f,0.9843775850397667f,0.12126377275330891f,-1.8792124663568182f,0f,0f,0f,1f], start_interpolation: 0, interpolation_duration: 1 }
$data merge entity $(bone_neck_spine6) { transformation: [-1.0716491075961354f,-0.2573739942200585f,0.10133358182251907f,-0.20210953261379125f,0.14562096678414316f,-0.1802314267303982f,1.0822443552030834f,3.989310721053607f,-0.2351688791881685f,1.061233686534356f,0.2083754744288354f,-4.631889431965494f,0f,0f,0f,1f], start_interpolation: 0, interpolation_duration: 1 }
$data merge entity $(bone_neck_spine7) { transformation: [-0.9562566106784873f,-0.19217407200557696f,0.22055026769987712f,0.6712587029331072f,0.15903424510403077f,0.29126772415440166f,0.9433298584006057f,4.265350743259156f,-0.24552271466787592f,0.9371404584771222f,-0.24796442822995007f,-7.73696838545634f,0f,0f,0f,1f], start_interpolation: 0, interpolation_duration: 1 }
$data merge entity $(bone_tail6) { transformation: [-1.4049933214458026f,0.4975858298541631f,0.14351442542498047f,0.25208763265536266f,0.2122314119326275f,0.17472007392556282f,1.4719459926371474f,3.929015109186628f,0.47238318785261774f,1.4014547867768754f,-0.23446297391786297f,-11.019357545031088f,0f,0f,0f,1f], start_interpolation: 0, interpolation_duration: 1 }
$data merge entity $(bone_tail5) { transformation: [-1.1606466568465328f,0.38421747509231075f,0.18813221029908003f,0.4947513011347171f,0.17532160116173579f,-0.06900722003911308f,1.222545622263611f,3.885431601793504f,0.390229589965206f,1.1737684585059887f,0.010292312637305023f,-10.278030097553621f,0f,0f,0f,1f], start_interpolation: 0, interpolation_duration: 1 }
$data merge entity $(bone_tail4) { transformation: [-0.9301927176004084f,0.3176927077472419f,0.18388271144235438f,0.6188500150984835f,0.15878021670397824f,-0.1034177042197385f,0.9818826921976762f,3.8450340610826688f,0.33095369903750016f,0.9425370665910939f,0.0457550783547731f,-9.909851555916475f,0f,0f,0f,1f], start_interpolation: 0, interpolation_duration: 1 }
$data merge entity $(bone_segment18) { transformation: [-0.9637020093905901f,0.1935602891327316f,0.18388271144235438f,0.7133618750265751f,0.17092054907892132f,-0.08180797433749146f,0.9818826921976762f,3.8050887611131907f,0.20509656993499148f,0.977671657462591f,0.0457550783547731f,-9.43247281692107f,0f,0f,0f,1f], start_interpolation: 0, interpolation_duration: 1 }
$data merge entity $(bone_segment17) { transformation: [-0.9836407714265352f,0.05031716186883205f,0.17297114212745615f,0.7453014797284705f,0.17315581996520923f,-0.0006985557155943373f,0.9848941943336292f,3.804645341957784f,0.04967791057992409f,0.9987330450332451f,-0.00802558153874814f,-8.798511411382389f,0f,0f,0f,1f], start_interpolation: 0, interpolation_duration: 1 }
$data merge entity $(bone_segment16) { transformation: [-0.9808964721163079f,-0.09466050834924422f,0.16994557702053895f,0.666725862446383f,0.16268548772894348f,0.07980657302807453f,0.9834451397937308f,3.8708910324596038f,-0.10665619096975604f,0.9923055472285627f,-0.06288209496546428f,-7.9748202833118045f,0f,0f,0f,1f], start_interpolation: 0, interpolation_duration: 1 }
$data merge entity $(bone_segment15) { transformation: [-0.9562566106784873f,-0.24270850897650934f,0.16329688975633253f,0.4178548327341419f,0.15903424510403077f,0.03719128395723596f,0.9865723071735815f,3.9090266263610665f,-0.24552271466787592f,0.9693860882372988f,0.0030345533616763787f,-6.980820876427855f,0f,0f,0f,1f], start_interpolation: 0, interpolation_duration: 1 }
$data merge entity $(bone_segment14) { transformation: [-0.9349639796564365f,-0.33339501597722454f,0.12120280552258264f,0.0759947089293708f,0.167528257135653f,-0.11380434881614679f,0.9792766990241437f,3.79233271400076f,-0.3126925643600905f,0.9358933344735815f,0.16225605283573144f,-6.021164625258656f,0f,0f,0f,1f], start_interpolation: 0, interpolation_duration: 1 }
$data merge entity $(bone_segment13) { transformation: [-0.9682664878045082f,-0.24491095047671813f,0.04978589088600079f,-0.18830868644665935f,0.13157282645908464f,-0.33017048827652695f,0.9347063924082296f,3.414837696609803f,-0.21248199907825105f,0.9115953460871936f,0.35191664504521497f,-5.050503417072026f,0f,0f,0f,1f], start_interpolation: 0, interpolation_duration: 1 }
$data merge entity $(bone_segment12) { transformation: [-0.9854066956294376f,-0.16862347614001838f,0.02323289700252176f,-0.3859143225482434f,0.09600146876037241f,-0.4378540319844484f,0.89390579183201f,2.9017275028780274f,-0.14056088433317565f,0.8830911447689974f,0.4476523962027426f,-4.015630981795857f,0f,0f,0f,1f], start_interpolation: 0, interpolation_duration: 1 }
$data merge entity $(bone_segment11) { transformation: [-1.0342585049347912f,-0.03503101876719003f,0.02511243931293619f,-0.4263982934913885f,0.038010555303585054f,-0.4569234451951976f,0.9280757645960415f,2.3736790438406508f,-0.020322513860894013f,0.9281930051821908f,0.45781350184904956f,-2.9429548229562856f,0f,0f,0f,1f], start_interpolation: 0, interpolation_duration: 1 }
$data merge entity $(bone_segment10) { transformation: [-0.9962005148288524f,0.08233874168711691f,0.028370158126306787f,-0.3293839136595028f,0f,-0.325759656116119f,0.9454526145963678f,2.0063841210683586f,0.08708923156584523f,0.9418603814071862f,0.3245219371333476f,-1.8332220420296819f,0f,0f,0f,1f], start_interpolation: 0, interpolation_duration: 1 }