# This file was generated by Animated Java via MC-Build. It is not recommended to edit this file directly.
$data merge entity $(bone_neck_spine5) { transformation: [-1.5669788238103355f,-0.0636063982659782f,-0.11203029673373757f,-0.1451232548638166f,-0.11472708802856901f,1.310944203902349f,0.8603965278195658f,3.4576587771916047f,0.05860253031315712f,0.8656781826470562f,-1.3111774186152034f,0.319299691690348f,0f,0f,0f,1f], start_interpolation: 0, interpolation_duration: 1 }
$data merge entity $(bone_neck_spine2) { transformation: [-1.4923607845812714f,-0.11827990291380223f,-0.032610349502896686f,-0.28783113666236376f,-0.10926389336054189f,1.4622569101591671f,-0.30341458762473894f,4.832121626643508f,0.05581193363157819f,-0.3000147912061932f,-1.465970816491869f,2.2072845729454036f,0f,0f,0f,1f], start_interpolation: 0, interpolation_duration: 1 }
$data merge entity $(bone_scale_neck_left1) { transformation: [-1.6178352869349044f,0.3089480152842684f,0.01466932301914994f,0.5661522468968617f,0.30792464634177574f,1.6015006846770692f,0.2311558997556519f,4.002059832230857f,0.029094283995678587f,0.22978633916850671f,-1.630768788580401f,2.325602119152046f,0f,0f,0f,1f], start_interpolation: 0, interpolation_duration: 1 }
$data merge entity $(bone_scale_neck_right1) { transformation: [-1.5534863257948424f,-0.5206625091817914f,-0.16925090232738565f,-1.000826576913473f,-0.5401144425930282f,1.5407603618190973f,0.21769009437083056f,3.887332744202288f,0.08950812984604156f,0.2608124610084411f,-1.623890462965978f,2.384204649465203f,0f,0f,0f,1f], start_interpolation: 0, interpolation_duration: 1 }
$data merge entity $(bone_blush_right1) { transformation: [-0.9907748922514191f,-0.08954777522750337f,0.10171680704777049f,-0.9449499590488852f,-0.08282120671745268f,0.9942046818696586f,0.06853975683000736f,3.6840823638307754f,-0.10726490853048729f,0.05948316148504647f,-0.9924494913584724f,3.6674348685083684f,0f,0f,0f,1f], start_interpolation: 0, interpolation_duration: 1 }
$data merge entity $(bone_blush_left1) { transformation: [-0.9907748922514191f,-0.08954777522750337f,0.10171680704777049f,0.3680202839053879f,-0.08282120671745268f,0.9942046818696586f,0.06853975683000736f,3.793836638748337f,-0.10726490853048729f,0.05948316148504647f,-0.9924494913584724f,3.8095818224887115f,0f,0f,0f,1f], start_interpolation: 0, interpolation_duration: 1 }
$data merge entity $(bone_left_head_scales) { transformation: [-0.9257956572649976f,-0.08954777522750337f,-0.3672650227575116f,0.35376048323650144f,-0.10511144524299577f,0.9942046818696586f,0.022552929463381693f,4.547457435329292f,0.36311704045417614f,0.05948316148504647f,-0.9298428729799162f,3.4641094488426054f,0f,0f,0f,1f], start_interpolation: 0, interpolation_duration: 1 }
$data merge entity $(bone_left_head_scales2) { transformation: [-0.8699376421214227f,-0.08954777522750337f,-0.48496360149193046f,0.417078651198965f,-0.10715595026400543f,0.9942046818696586f,0.008640189319081094f,3.642680662503841f,0.4813793734085805f,0.05948316148504647f,-0.8744916536803006f,3.5778526409257045f,0f,0f,0f,1f], start_interpolation: 0, interpolation_duration: 1 }
$data merge entity $(bone_left_head_scales1) { transformation: [-0.9907748922514191f,-0.08954777522750337f,0.10171680704777049f,0.36381711814974643f,-0.08282120671745268f,0.9942046818696586f,0.06853975683000736f,4.435803589220884f,-0.10726490853048729f,0.05948316148504647f,-0.9924494913584724f,3.457429210980515f,0f,0f,0f,1f], start_interpolation: 0, interpolation_duration: 1 }
$data merge entity $(bone_right_head_scales) { transformation: [-0.8318604680709906f,-0.08954777522750337f,0.5477128422928542f,-0.9814634926492002f,-0.04181516990755109f,0.9942046818696586f,0.09903808415985339f,4.435842918463975f,-0.5534073122270027f,0.05948316148504647f,-0.8307840274544456f,3.3195532244558157f,0f,0f,0f,1f], start_interpolation: 0, interpolation_duration: 1 }
$data merge entity $(bone_right_head_scales2) { transformation: [-0.7532529147144884f,-0.08954777522750337f,0.6516066623553907f,-0.9181453246867366f,-0.028530371322159652f,0.9942046818696586f,0.10364877452566074f,3.531066145638524f,-0.6571119116150212f,0.05948316148504647f,-0.751442405719425f,3.433296416538915f,0f,0f,0f,1f], start_interpolation: 0, interpolation_duration: 1 }
$data merge entity $(bone_right_head_scales1) { transformation: [-0.9907748922514191f,-0.08954777522750337f,0.10171680704777049f,-0.9714068577359551f,-0.08282120671745268f,0.9942046818696586f,0.06853975683000736f,4.3241890723555665f,-0.10726490853048729f,0.05948316148504647f,-0.9924494913584724f,3.3128729865937254f,0f,0f,0f,1f], start_interpolation: 0, interpolation_duration: 1 }
$data merge entity $(bone_head_left_fin1) { transformation: [-0.6150408808005859f,0.06762675207883265f,-0.8460653257121942f,0.4100968860104541f,0.16769254451346002f,1.0339308845946644f,-0.03925983215794573f,4.022875000954272f,0.832033126434167f,-0.15839427486414048f,-0.6175008730614253f,3.348786149546064f,0f,0f,0f,1f], start_interpolation: 0, interpolation_duration: 1 }
$data merge entity $(bone_head_right_fin1) { transformation: [-0.38808026804173035f,-0.201158872478631f,0.952682534533387f,-0.9251270898752475f,-0.2515458038972634f,1.0114624611936964f,0.11110173789299495f,3.911260484088955f,-0.9406346857965171f,-0.18749398828839833f,-0.4227618599842844f,3.2042299251592743f,0f,0f,0f,1f], start_interpolation: 0, interpolation_duration: 1 }
$data merge entity $(bone_right_whisker16) { transformation: [-0.19578445895158741f,-0.4340777977394777f,0.8793434545970533f,-1.0190774614044786f,0.9594498577378404f,0.10064167624335149f,0.2633006332878207f,2.160500244165617f,-0.20279155830525336f,0.8952361244457103f,0.3967718051570109f,1.707905109927884f,0f,0f,0f,1f], start_interpolation: 0, interpolation_duration: 1 }
$data merge entity $(bone_right_whisker15) { transformation: [0.48023801823679063f,-0.30146093766300663f,0.8237067129162791f,-1.180876403095585f,0.1841864150103907f,0.9528053556354658f,0.2413240949387247f,2.0984452508271554f,-0.85758195548042f,0.035822581365882844f,0.5130983651295962f,1.9968365304754863f,0f,0f,0f,1f], start_interpolation: 0, interpolation_duration: 1 }
$data merge entity $(bone_right_whisker14) { transformation: [0.7450501137079142f,-0.20199357438313015f,0.6356877566634043f,-1.431894263671005f,-0.3594093439844814f,0.6812760179583728f,0.6377208721779681f,2.219535313009427f,-0.5618943419544905f,-0.7036061279314656f,0.43498639658823907f,2.1861466359191377f,0f,0f,0f,1f], start_interpolation: 0, interpolation_duration: 1 }
$data merge entity $(bone_right_whisker13) { transformation: [0.27954599973765604f,-0.4423288389926986f,0.8521732407357356f,-1.5260772420982427f,-0.06455990306270581f,0.8768897814467697f,0.4763363623646333f,2.241286452224889f,-0.9579593169582983f,-0.1881741464431503f,0.21657432364706375f,2.5088966011052833f,0f,0f,0f,1f], start_interpolation: 0, interpolation_duration: 1 }
$data merge entity $(bone_right_whisker12) { transformation: [-0.3486120943239513f,-0.3200427845300682f,0.8809325875237611f,-1.3694741528511551f,-0.5947965772964445f,0.8019260939969494f,0.05596044498778838f,2.508480227182276f,-0.7243525656249888f,-0.50446719996154f,-0.4699214879482106f,2.8342893551946338f,0f,0f,0f,1f], start_interpolation: 0, interpolation_duration: 1 }
$data merge entity $(bone_right_whisker11) { transformation: [-0.8408220415128306f,-0.23700298173672904f,0.48667019751993823f,-0.9917611263903132f,-0.3655980443667923f,0.9116548152058624f,-0.18767942846018726f,2.6727137236751712f,-0.3991946448305301f,-0.3357306726527454f,-0.8531872895084422f,3.0136150745520984f,0f,0f,0f,1f], start_interpolation: 0, interpolation_duration: 1 }
$data merge entity $(bone_right_whisker10) { transformation: [-0.3623770587454074f,-0.5701443924099044f,0.7373047125161813f,-0.8289745570320248f,-0.7223160233587494f,0.6717314637353713f,0.1644275008237329f,2.997191624793359f,-0.5890181913101078f,-0.4729822538229913f,-0.6552445023609836f,3.278213090179686f,0f,0f,0f,1f], start_interpolation: 0, interpolation_duration: 1 }
$data merge entity $(bone_right_whisker1) { transformation: [0.18489598909150207f,-0.5465197354097949f,0.8167800511921697f,-0.9120333021317231f,-0.8623508555987311f,0.3083864839175545f,0.4015579390139171f,3.3845757982068516f,-0.47134326670274196f,-0.7785974282930659f,-0.41427233746584186f,3.4899493232688084f,0f,0f,0f,1f], start_interpolation: 0, interpolation_duration: 1 }
$data merge entity $(bone_left_whisker16) { transformation: [-0.07423726636462152f,0.2113341641266045f,-0.9745905290713724f,1.1059662792971385f,-0.9820216097124976f,0.1545931822107261f,0.10832592520554339f,2.338137655356307f,0.1735580200981331f,0.965110780732902f,0.19605814079692097f,1.9379701067826907f,0f,0f,0f,1f], start_interpolation: 0, interpolation_duration: 1 }
$data merge entity $(bone_left_whisker15) { transformation: [0.310546706839036f,0.12640506638959736f,-0.9421159706015344f,1.2105938318942746f,-0.11808285738421574f,0.9885716826247236f,0.09371481795587172f,2.2983538801633827f,0.9431951980705846f,0.08214491769771749f,0.3219239519405577f,2.2557458326951436f,0f,0f,0f,1f], start_interpolation: 0, interpolation_duration: 1 }
$data merge entity $(bone_left_whisker14) { transformation: [0.5392689586010847f,0.23231915248965532f,-0.8094546322529693f,1.3922811275167102f,0.4667686000685348f,0.7175812416914987f,0.5169180162874452f,2.45561478545991f,0.7009394155555545f,-0.6565858458411782f,0.27853000334194283f,2.491902178756341f,0f,0f,0f,1f], start_interpolation: 0, interpolation_duration: 1 }
$data merge entity $(bone_left_whisker13) { transformation: [0.05506802849001824f,0.3221683665050268f,-0.9450793913009135f,1.410834320709148f,0.09253107776559799f,0.940795903399015f,0.32609978196124023f,2.4867898067774212f,0.9941858537948324f,-0.10540688673475904f,0.02199718943697687f,2.826857373638389f,0f,0f,0f,1f], start_interpolation: 0, interpolation_duration: 1 }
$data merge entity $(bone_left_whisker12) { transformation: [-0.5873838293943329f,0.2839048506091305f,-0.7578774787303396f,1.1469704910984126f,0.5165544735741655f,0.8524114992363943f,-0.08103154817772958f,2.718835761703316f,0.6230182283020024f,-0.4390816231296525f,-0.6473450512927894f,3.1067288433834293f,0f,0f,0f,1f], start_interpolation: 0, interpolation_duration: 1 }
$data merge entity $(bone_left_whisker11) { transformation: [-0.9547874651370418f,0.15004198487654835f,-0.2566482012239469f,0.7180620594938818f,0.21549881668437068f,0.9440088155338131f,-0.2498151640755292f,2.8156418707607482f,0.2047954013761487f,-0.29382777092840145f,-0.9336616542444213f,3.198726777595371f,0f,0f,0f,1f], start_interpolation: 0, interpolation_duration: 1 }
$data merge entity $(bone_left_whisker10) { transformation: [-0.5928055502185832f,0.5394948272298545f,-0.5979355408589393f,0.4517626912316278f,0.642470059428279f,0.7644888195286148f,0.05281162328473854f,3.1042514677695454f,0.4856066333651825f,-0.35284865907067675f,-0.7998024890082294f,3.4168703824273865f,0f,0f,0f,1f], start_interpolation: 0, interpolation_duration: 1 }
$data merge entity $(bone_left_whisker1) { transformation: [-0.06360379542850636f,0.6413267688368286f,-0.7646270547007881f,0.4231906737539785f,0.8724899557345338f,0.4076813708249718f,0.26936439450050487f,3.4961903150721683f,0.48447480259497555f,-0.6499968272657838f,-0.5854812466637807f,3.634505547655598f,0f,0f,0f,1f], start_interpolation: 0, interpolation_duration: 1 }
$data merge entity $(bone_upper_left_tooth1) { transformation: [-0.9907748922514191f,-0.08034181503938155f,0.10913434674916346f,-0.0676034931224051f,-0.08282120671745268f,0.9963950663108077f,-0.018371705128998467f,3.8073299006648376f,-0.10726490853048729f,-0.027240862461744814f,-0.993857220535368f,4.5248898254837515f,0f,0f,0f,1f], start_interpolation: 0, interpolation_duration: 1 }
$data merge entity $(bone_upper_right_tooth1) { transformation: [-0.9907748922514191f,-0.08034181503938155f,0.10913434674916346f,-0.7352154810652558f,-0.08282120671745268f,0.9963950663108077f,-0.018371705128998467f,3.751522642232179f,-0.10726490853048729f,-0.027240862461744814f,-0.993857220535368f,4.452611713290357f,0f,0f,0f,1f], start_interpolation: 0, interpolation_duration: 1 }
$data merge entity $(bone_top_lip1) { transformation: [-0.9907748922514191f,-0.03817046581615106f,0.13003125940929314f,-0.38351700354411666f,-0.08282120671745268f,0.9300215979783948f,-0.3580509391295861f,3.9048414238505087f,-0.10726490853048729f,-0.3655172264519027f,-0.9246033725683976f,4.488397191742842f,0f,0f,0f,1f], start_interpolation: 0, interpolation_duration: 1 }
$data merge entity $(bone_muzzle1) { transformation: [-0.9907748922514191f,-0.08034181503938155f,0.10913434674916346f,-0.3357696536549803f,-0.08282120671745268f,0.9963950663108077f,-0.018371705128998467f,4.062375035656602f,-0.10726490853048729f,-0.027240862461744814f,-0.993857220535368f,3.9257341540646316f,0f,0f,0f,1f], start_interpolation: 0, interpolation_duration: 1 }
$data merge entity $(bone_jaw_right_tooth1) { transformation: [-0.9907748922514191f,0.008604804920585756f,0.1352444831276585f,-0.7394446006459301f,-0.08282120671745268f,0.7514737992728249f,-0.6545439456020746f,3.787535233361108f,-0.10726490853048729f,-0.6597068184722249f,-0.7438287121772064f,4.463868882658077f,0f,0f,0f,1f], start_interpolation: 0, interpolation_duration: 1 }
$data merge entity $(bone_jaw_left_tooth1) { transformation: [-0.9907748922514191f,0.008604804920585756f,0.1352444831276585f,-0.016198280374508434f,-0.08282120671745268f,0.7514737992728249f,-0.6545439456020746f,3.8479930966631546f,-0.10726490853048729f,-0.6597068184722249f,-0.7438287121772064f,4.542170170867588f,0f,0f,0f,1f], start_interpolation: 0, interpolation_duration: 1 }
$data merge entity $(bone_tongue1) { transformation: [-0.9907748922514191f,-0.04935818666397224f,0.1262096759104995f,-0.2760069047521654f,-0.08282120671745268f,0.9576887805582254f,-0.2756317240644931f,3.588453135392779f,-0.10726490853048729f,-0.2835418293693971f,-0.952941902948864f,3.7396467587681204f,0f,0f,0f,1f], start_interpolation: 0, interpolation_duration: 1 }
$data merge entity $(bone_jaw_lips1) { transformation: [-0.9907748922514191f,-0.04935818666397224f,0.1262096759104995f,-0.32738946677433844f,-0.08282120671745268f,0.9576887805582254f,-0.2756317240644931f,3.717056081414491f,-0.10726490853048729f,-0.2835418293693971f,-0.952941902948864f,4.638448111838596f,0f,0f,0f,1f], start_interpolation: 0, interpolation_duration: 1 }
$data merge entity $(bone_jaw3) { transformation: [-0.9907748922514191f,-0.015010879435673356f,0.134684024229886f,-0.20511993926767297f,-0.08282120671745268f,0.8537175870661404f,-0.5141078965079534f,3.1832545962193315f,-0.10726490853048729f,-0.5205198891805529f,-0.8470851694873494f,3.9212378345581085f,0f,0f,0f,1f], start_interpolation: 0, interpolation_duration: 1 }
$data merge entity $(bone_jaw1) { transformation: [-0.9907748922514191f,-0.105850281490984f,0.08462169220990733f,-0.12909263767283435f,-0.08282120671745268f,0.9671986749150103f,0.2401403151503591f,3.3990056606122323f,-0.10726490853048729f,0.23091652420502157f,-0.9670428109690998f,3.0524103090780574f,0f,0f,0f,1f], start_interpolation: 0, interpolation_duration: 1 }
$data merge entity $(bone_tear_right1) { transformation: [-0.9907748922514191f,-0.08954777522750337f,0.10171680704777049f,-0.9347947957227699f,-0.08282120671745268f,0.9942046818696586f,0.06853975683000736f,4.0725938277046865f,-0.10726490853048729f,0.05948316148504647f,-0.9924494913584724f,3.797149934029693f,0f,0f,0f,1f], start_interpolation: 0, interpolation_duration: 1 }
$data merge entity $(bone_right_pupil1) { transformation: [-0.9907748922514191f,-0.08954777522750337f,0.10171680704777049f,-0.7681124545488565f,-0.08282120671745268f,0.9942046818696586f,0.06853975683000736f,4.194976238534934f,-0.10726490853048729f,0.05948316148504647f,-0.9924494913584724f,3.890580652188569f,0f,0f,0f,1f], start_interpolation: 0, interpolation_duration: 1 }
$data merge entity $(bone_right_sad_pupil1) { transformation: [-0.9907748922514191f,-0.08954777522750337f,0.10171680704777049f,-0.7669701271259566f,-0.08282120671745268f,0.9942046818696586f,0.06853975683000736f,4.195745972132145f,-0.10726490853048729f,0.05948316148504647f,-0.9924494913584724f,3.879434979189914f,0f,0f,0f,1f], start_interpolation: 0, interpolation_duration: 1 }
$data merge entity $(bone_right_happy_pupil1) { transformation: [-0.9907748922514191f,-0.08954777522750337f,0.10171680704777049f,-0.7922728106834357f,-0.08282120671745268f,0.9942046818696586f,0.06853975683000736f,4.1655075952265275f,-0.10726490853048729f,0.05948316148504647f,-0.9924494913584724f,3.8747533916414207f,0f,0f,0f,1f], start_interpolation: 0, interpolation_duration: 1 }
$data merge entity $(bone_eyelid_right1) { transformation: [-0.9907748922514191f,-0.08954777522750337f,0.10171680704777049f,-0.27644072353462296f,-0.08282120671745268f,0.9942046818696586f,0.06853975683000736f,4.214215416196701f,-0.10726490853048729f,0.05948316148504647f,-0.9924494913584724f,3.3651897041985537f,0f,0f,0f,1f], start_interpolation: 0, interpolation_duration: 1 }
$data merge entity $(bone_eyelid_expressions_right5) { transformation: [-0.9907748922514191f,-0.08954777522750337f,0.10171680704777049f,-0.9049853703351878f,-0.08282120671745268f,0.9942046818696586f,0.06853975683000736f,4.296703456804833f,-0.10726490853048729f,0.05948316148504647f,-0.9924494913584724f,3.872261950763263f,0f,0f,0f,1f], start_interpolation: 0, interpolation_duration: 1 }
$data merge entity $(bone_eyelid_expressions_right7) { transformation: [-0.9907748922514191f,-0.08954777522750337f,0.10171680704777049f,-0.5711793763637624f,-0.08282120671745268f,0.9942046818696586f,0.06853975683000736f,4.324607086021162f,-0.10726490853048729f,0.05948316148504647f,-0.9924494913584724f,3.9084010068599606f,0f,0f,0f,1f], start_interpolation: 0, interpolation_duration: 1 }
$data merge entity $(bone_eyelid_expressions_right6) { transformation: [-0.9907748922514191f,-0.08954777522750337f,0.10171680704777049f,-0.6824480410209042f,-0.08282120671745268f,0.9942046818696586f,0.06853975683000736f,4.315305876282386f,-0.10726490853048729f,0.05948316148504647f,-0.9924494913584724f,3.896354654827728f,0f,0f,0f,1f], start_interpolation: 0, interpolation_duration: 1 }
$data merge entity $(bone_right_eye1) { transformation: [-0.9907748922514191f,-0.08954777522750337f,0.10171680704777049f,-0.28870991742323693f,-0.08282120671745268f,0.9942046818696586f,0.06853975683000736f,4.212515561625612f,-0.10726490853048729f,0.05948316148504647f,-0.9924494913584724f,3.3751307419939853f,0f,0f,0f,1f], start_interpolation: 0, interpolation_duration: 1 }
$data merge entity $(bone_tear_left1) { transformation: [-0.9907748922514191f,-0.08954777522750337f,0.10171680704777049f,0.2669067825743615f,-0.08282120671745268f,0.9942046818696586f,0.06853975683000736f,4.173046892883472f,-0.10726490853048729f,0.05948316148504647f,-0.9924494913584724f,3.9272505359778034f,0f,0f,0f,1f], start_interpolation: 0, interpolation_duration: 1 }
$data merge entity $(bone_left_sad_pupil1) { transformation: [-0.9907748922514191f,-0.08954777522750337f,0.10171680704777049f,0.06754485780260677f,-0.08282120671745268f,0.9942046818696586f,0.06853975683000736f,4.265505045172969f,-0.10726490853048729f,0.05948316148504647f,-0.9924494913584724f,3.9697826194316574f,0f,0f,0f,1f], start_interpolation: 0, interpolation_duration: 1 }
$data merge entity $(bone_left_pupil1) { transformation: [-0.9907748922514191f,-0.08954777522750337f,0.10171680704777049f,0.066402530379707f,-0.08282120671745268f,0.9942046818696586f,0.06853975683000736f,4.264735311575756f,-0.10726490853048729f,0.05948316148504647f,-0.9924494913584724f,3.980928292430312f,0f,0f,0f,1f], start_interpolation: 0, interpolation_duration: 1 }
$data merge entity $(bone_eyelid_left1) { transformation: [-0.9907748922514191f,-0.08954777522750337f,0.10171680704777049f,-0.29869445646605136f,-0.08282120671745268f,0.9942046818696586f,0.06853975683000736f,4.212355174248946f,-0.10726490853048729f,0.05948316148504647f,-0.9924494913584724f,3.3627804337921074f,0f,0f,0f,1f], start_interpolation: 0, interpolation_duration: 1 }
$data merge entity $(bone_left_happy_pupil1) { transformation: [-0.9907748922514191f,-0.08954777522750337f,0.10171680704777049f,0.09787650657369867f,-0.08282120671745268f,0.9942046818696586f,0.06853975683000736f,4.239917273136739f,-0.10726490853048729f,0.05948316148504647f,-0.9924494913584724f,3.9711242078992806f,0f,0f,0f,1f], start_interpolation: 0, interpolation_duration: 1 }
$data merge entity $(bone_eyelid_expressions_left5) { transformation: [-0.9907748922514191f,-0.08954777522750337f,0.10171680704777049f,0.1854475433048018f,-0.08282120671745268f,0.9942046818696586f,0.06853975683000736f,4.387855312244842f,-0.10726490853048729f,0.05948316148504647f,-0.9924494913584724f,3.9903162006791417f,0f,0f,0f,1f], start_interpolation: 0, interpolation_duration: 1 }
$data merge entity $(bone_eyelid_expressions_left7) { transformation: [-0.9907748922514191f,-0.08954777522750337f,0.10171680704777049f,-0.14835845066662365f,-0.08282120671745268f,0.9942046818696586f,0.06853975683000736f,4.3599516830285125f,-0.10726490853048729f,0.05948316148504647f,-0.9924494913584724f,3.9541771445824443f,0f,0f,0f,1f], start_interpolation: 0, interpolation_duration: 1 }
$data merge entity $(bone_eyelid_expressions_left6) { transformation: [-0.9907748922514191f,-0.08954777522750337f,0.10171680704777049f,-0.03708978600948182f,-0.08282120671745268f,0.9942046818696586f,0.06853975683000736f,4.369252892767289f,-0.10726490853048729f,0.05948316148504647f,-0.9924494913584724f,3.9662234966146768f,0f,0f,0f,1f], start_interpolation: 0, interpolation_duration: 1 }
$data merge entity $(bone_left_eye1) { transformation: [-0.9907748922514191f,-0.08954777522750337f,0.10171680704777049f,-0.28870991742323693f,-0.08282120671745268f,0.9942046818696586f,0.06853975683000736f,4.212515561625612f,-0.10726490853048729f,0.05948316148504647f,-0.9924494913584724f,3.3751307419939853f,0f,0f,0f,1f], start_interpolation: 0, interpolation_duration: 1 }
$data merge entity $(bone_crest_middle5) { transformation: [-0.9907748922514191f,-0.06540958895264887f,0.11868739847698387f,-0.46129018301530966f,-0.08282120671745268f,0.9854727796769895f,-0.1482701865972159f,5.557511463113867f,-0.10726490853048729f,-0.15673221171397328f,-0.9817989881891267f,3.9307086217670664f,0f,0f,0f,1f], start_interpolation: 0, interpolation_duration: 1 }
$data merge entity $(bone_crest_middle4) { transformation: [-0.9907748922514191f,-0.06540958895264887f,0.11868739847698387f,-0.41721536233432555f,-0.08282120671745268f,0.9854727796769895f,-0.1482701865972159f,4.893472187745584f,-0.10726490853048729f,-0.15673221171397328f,-0.9817989881891267f,4.036319194113396f,0f,0f,0f,1f], start_interpolation: 0, interpolation_duration: 1 }
$data merge entity $(bone_crest_middle1) { transformation: [-0.9907748922514191f,-0.06540958895264887f,0.11868739847698387f,-0.39415615287398054f,-0.08282120671745268f,0.9854727796769895f,-0.1482701865972159f,4.407931362232494f,-0.10726490853048729f,-0.15673221171397328f,-0.9817989881891267f,4.198222947624452f,0f,0f,0f,1f], start_interpolation: 0, interpolation_duration: 1 }
$data merge entity $(bone_crest_left5) { transformation: [-0.45681913394810264f,-0.8628879555610185f,0.21619587185381461f,-1.508231570347613f,-0.8830035260080902f,0.4693088713278452f,0.007345498639634171f,4.821680369620136f,-0.1078009829091834f,-0.18754615282833675f,-0.9763223794644393f,3.8721735207108883f,0f,0f,0f,1f], start_interpolation: 0, interpolation_duration: 1 }
$data merge entity $(bone_crest_left4) { transformation: [-0.45681913394810264f,-0.8628879555610185f,0.21619587185381461f,-1.0236997593636428f,-0.8830035260080902f,0.4693088713278452f,0.007345498639634171f,4.558152438942879f,-0.1078009829091834f,-0.18754615282833675f,-0.9763223794644393f,3.9774850811369564f,0f,0f,0f,1f], start_interpolation: 0, interpolation_duration: 1 }
$data merge entity $(bone_crest_left1) { transformation: [-0.45681913394810264f,-0.8628879555610185f,0.21619587185381461f,-0.4785748623676097f,-0.8830035260080902f,0.4693088713278452f,0.007345498639634171f,4.2686841821625245f,-0.1078009829091834f,-0.18754615282833675f,-0.9763223794644393f,4.038505007743126f,0f,0f,0f,1f], start_interpolation: 0, interpolation_duration: 1 }
$data merge entity $(bone_crest_center1) { transformation: [-0.9907748922514191f,-0.08954777522750337f,0.10171680704777049f,-0.3647920711633884f,-0.08282120671745268f,0.9942046818696586f,0.06853975683000736f,4.250072287666506f,-0.10726490853048729f,0.05948316148504647f,-0.9924494913584724f,4.048881321686597f,0f,0f,0f,1f], start_interpolation: 0, interpolation_duration: 1 }
$data merge entity $(bone_crest_right5) { transformation: [-0.6078667891850054f,0.7940366450778442f,-0.0019423901342900812f,0.6803989282398553f,0.7940039221438928f,0.6078151010859575f,-0.010889192439434994f,5.004633147662109f,-0.007465803776393998f,-0.008161443829936901f,-0.9999388244330668f,4.109122652217995f,0f,0f,0f,1f], start_interpolation: 0, interpolation_duration: 1 }
$data merge entity $(bone_crest_right4) { transformation: [-0.6078667891850054f,0.7940366450778442f,-0.0019423901342900812f,0.23452874179477678f,0.7940039221438928f,0.6078151010859575f,-0.010889192439434994f,4.663330722735912f,-0.007465803776393998f,-0.008161443829936901f,-0.9999388244330668f,4.113705494212344f,0f,0f,0f,1f], start_interpolation: 0, interpolation_duration: 1 }
$data merge entity $(bone_crest_right1) { transformation: [-0.6078667891850054f,0.7940366450778442f,-0.0019423901342900812f,-0.25603753305332616f,0.7940039221438928f,0.6078151010859575f,-0.010889192439434994f,4.287286601640077f,-0.007465803776393998f,-0.008161443829936901f,-0.9999388244330668f,4.062597711807592f,0f,0f,0f,1f], start_interpolation: 0, interpolation_duration: 1 }
$data merge entity $(bone_head1) { transformation: [-1.0385075367999896f,-0.09386192585695335f,0.10661722613731146f,-0.22085359170712732f,-0.08681129089524657f,1.0421025636784829f,0.07184180240645299f,4.199023986418067f,-0.1124326189675029f,0.062348886712841646f,-1.0402628132077734f,2.758778608136931f,0f,0f,0f,1f], start_interpolation: 0, interpolation_duration: 1 }
$data merge entity $(bone_neck10) { transformation: [-1.4923607845812714f,-0.11301149720010426f,-0.04776998878574689f,-0.2209862595569407f,-0.10926389336054189f,1.4893506503723262f,-0.10995600723586703f,3.673875136150814f,0.05581193363157819f,-0.10610053449511322f,-1.492589021240671f,1.727139090851487f,0f,0f,0f,1f], start_interpolation: 0, interpolation_duration: 1 }
$data merge entity $(bone_neck9) { transformation: [-1.1416560002046734f,-0.023637398676244092f,-0.09083501020544803f,-0.19640239998955145f,-0.0835868784208146f,0.7603282948186616f,0.8527029179922793f,2.836383681835005f,0.04269612922815734f,0.8564638381043908f,-0.7594964667903107f,0.7449192422331957f,0f,0f,0f,1f], start_interpolation: 0, interpolation_duration: 1 }
$data merge entity $(bone_neck8) { transformation: [-1.059576157052703f,0.0006206214172152682f,-0.08710981363429195f,-0.20162607713187797f,-0.07757736428598475f,0.47688292250383296f,0.9470240589190763f,2.407840470462448f,0.03962647287842052f,0.9501959958083274f,-0.47523409978026193f,-0.23372290671777995f,0f,0f,0f,1f], start_interpolation: 0, interpolation_duration: 1 }
$data merge entity $(bone_neck7) { transformation: [-1.0515557542996394f,0.04041700904018035f,-0.08380676484369358f,-0.24247305435333683f,-0.07280241438144273f,0.23469758067120544f,1.0266661906098398f,2.1706461070181446f,0.057938906734187466f,1.0284503507031018f,-0.23099690924148336f,-1.2731142185985744f,0f,0f,0f,1f], start_interpolation: 0, interpolation_duration: 1 }
$data merge entity $(bone_neck6) { transformation: [-1.0296061804193426f,0.16698266663451786f,-0.1176622900496591f,-0.39755693012930626f,-0.13342695531251367f,-0.09192822224022215f,1.037093516403221f,2.270497237341488f,0.15467667261787443f,1.0322221191261067f,0.11139630132318179f,-2.2192975195564886f,0f,0f,0f,1f], start_interpolation: 0, interpolation_duration: 1 }
$data merge entity $(bone_neck_spine6) { transformation: [-1.2350240438787023f,-0.28510499717366095f,0.11582797652041307f,-0.33886489716995966f,0.1749845829786811f,-0.2565407998447441f,1.2343227220834532f,4.565665826586607f,-0.25314299373670934f,1.2136256948162953f,0.2881261288401153f,-5.324979904069595f,0f,0f,0f,1f], start_interpolation: 0, interpolation_duration: 1 }
$data merge entity $(bone_neck_spine7) { transformation: [-0.9497667038254504f,-0.21004669264926074f,0.23199912760966668f,0.6712638142930578f,0.17253541397751312f,0.26704902170381806f,0.9481119928208068f,5.017922711971044f,-0.2611029284174109f,0.9405132678033528f,-0.21739377603259868f,-8.882149012281161f,0f,0f,0f,1f], start_interpolation: 0, interpolation_duration: 1 }
$data merge entity $(bone_tail6) { transformation: [-1.6403072128817946f,0.4894913152040947f,0.187329755337619f,0.35047555433904143f,0.27967410122008f,0.29694048887539837f,1.672994525006076f,4.505801567227393f,0.44325679013617736f,1.6240463466087824f,-0.36235178982856947f,-12.696416672259643f,0f,0f,0f,1f], start_interpolation: 0, interpolation_duration: 1 }
$data merge entity $(bone_tail5) { transformation: [-1.355036393250178f,0.37134704611092806f,0.22261644937441735f,0.5850105308301539f,0.2310351270948487f,0.001583480746075863f,1.4036383443953178f,4.5068016603301775f,0.36616865272119f,1.3732003506965949f,-0.0618195262917267f,-11.82913224024074f,0f,0f,0f,1f], start_interpolation: 0, interpolation_duration: 1 }
$data merge entity $(bone_tail4) { transformation: [-0.9907152831994251f,0.2811276485387618f,0.1952579598565014f,0.7054938087753375f,0.18903663206952342f,-0.04908530945175023f,1.029820849544721f,4.48576509913657f,0.2853481687273783f,1.0085797319241878f,-0.004306388375345206f,-11.396883783701803f,0f,0f,0f,1f], start_interpolation: 0, interpolation_duration: 1 }
$data merge entity $(bone_segment18) { transformation: [-0.9721011022906301f,0.1425410566776466f,0.1862833703972585f,0.7855339529058519f,0.18491752881777263f,-0.02288844741238617f,0.982487468882417f,4.472912699466529f,0.14430853911418587f,0.9895242120010359f,-0.004108454996602631f,-10.841242746689502f,0f,0f,0f,1f], start_interpolation: 0, interpolation_duration: 1 }
$data merge entity $(bone_segment17) { transformation: [-0.9831914562937466f,0.007433720191142501f,0.18242614964719814f,0.7909604234555385f,0.18256753599292752f,0.029566233807765012f,0.9827486619781761f,4.494495472680693f,0.0019118243782459965f,0.9995351807828202f,-0.03042642445313552f,-10.111601586889542f,0f,0f,0f,1f], start_interpolation: 0, interpolation_duration: 1 }
$data merge entity $(bone_segment16) { transformation: [-0.9749104275727529f,-0.12792957711510242f,0.1821638864019524f,0.6688401484262292f,0.17276930225899725f,0.08113941211833539f,0.9816145699805143f,4.571950331416702f,-0.14035820747947603f,0.9884586076817999f,-0.057001355184823216f,-9.168029039029228f,0f,0f,0f,1f], start_interpolation: 0, interpolation_duration: 1 }
$data merge entity $(bone_segment15) { transformation: [-0.9497667038254504f,-0.2629353178290749f,0.16972986461628595f,0.3587870270604011f,0.17253541397751312f,0.012560106316818531f,0.9849232328729576f,4.586761198972912f,-0.2611029284174109f,0.9647317048627737f,0.03343648313472661f,-8.03041816635169f,0f,0f,0f,1f], start_interpolation: 0, interpolation_duration: 1 }
$data merge entity $(bone_segment14) { transformation: [-0.980830917265189f,-0.34752738374456765f,0.1259786779957464f,-0.03218127965223749f,0.18838089520883125f,-0.16256719816835238f,1.0182139963805166f,4.403873101033516f,-0.3180543162452277f,0.9754341708452292f,0.21458058693747925f,-6.933054724150807f,0f,0f,0f,1f], start_interpolation: 0, interpolation_duration: 1 }
$data merge entity $(bone_segment13) { transformation: [-0.9952840824198954f,-0.24247946605772056f,0.05202802749612108f,-0.32564269939887275f,0.1410169874592901f,-0.37633195658318536f,0.9437065643118976f,3.9247955305628577f,-0.20400347142311284f,0.92286054137005f,0.3985029694402352f,-5.832488137882195f,0f,0f,0f,1f], start_interpolation: 0, interpolation_duration: 1 }
$data merge entity $(bone_segment12) { transformation: [-1.1035834345568794f,-0.15975200247347834f,0.032508181570677495f,-0.518631695675558f,0.10329512354567574f,-0.513102827965372f,0.9851545495897066f,3.3049397652355625f,-0.12612534089151928f,0.9775881887744593f,0.5223864591902689f,-4.651509117886204f,0f,0f,0f,1f], start_interpolation: 0, interpolation_duration: 1 }
$data merge entity $(bone_segment11) { transformation: [-1.1897751800600616f,-0.004578140529171177f,0.03920334709804783f,-0.5239224726691804f,0.0371446440743257f,-0.5297036495134173f,1.0654375439180401f,2.692782085840181f,0.013346805272667916f,1.0660750091821911f,0.5295552647907031f,-3.419488148648291f,0f,0f,0f,1f], start_interpolation: 0, interpolation_duration: 1 }
$data merge entity $(bone_segment10) { transformation: [-1.0424151403024295f,0.10410960531015835f,0.03474281761173648f,-0.39199855847968657f,0f,-0.3318031856994038f,0.9942745314976648f,2.2888052058227286f,0.10975369375761045f,0.988808896636283f,0.329979227626029f,-2.166505394165359f,0f,0f,0f,1f], start_interpolation: 0, interpolation_duration: 1 }