# This file was generated by Animated Java via MC-Build. It is not recommended to edit this file directly.
$data merge entity $(bone_neck_spine5) { transformation: [-1.3640554339844593f,-0.0796703492665467f,-0.046979448926795044f,-0.15802649490047527f,-0.09248140973788532f,1.1844383128653044f,0.6765757400512783f,3.121166480900793f,0.0012735880857872232f,0.6782036409669208f,-1.187114088665807f,0.20586375883399416f,0f,0f,0f,1f], start_interpolation: 0, interpolation_duration: 1 }
$data merge entity $(bone_neck_spine2) { transformation: [-1.2991004133185324f,-0.08529041060801874f,0.022015197441268588f,-0.3443679289486539f,-0.08807753308370028f,1.2532720540007385f,-0.34201244680728043f,4.447987639747679f,0.0012129410340830696f,-0.3427181224614898f,-1.2561703006579013f,1.8081477861327788f,0f,0f,0f,1f], start_interpolation: 0, interpolation_duration: 1 }
$data merge entity $(bone_scale_neck_left1) { transformation: [-1.4052107321990615f,0.267843521127588f,0.07142873865140105f,0.3895188150269987f,0.27288070476569454f,1.4015112024893281f,0.1129685295393008f,3.7317853226386135f,-0.048768201544989384f,0.12444121459415805f,-1.4260418875443925f,1.9855764459646463f,0f,0f,0f,1f], start_interpolation: 0, interpolation_duration: 1 }
$data merge entity $(bone_scale_neck_right1) { transformation: [-1.3554254761687201f,-0.45433263517610273f,-0.08867386068912071f,-0.9745366189574604f,-0.4600487053927216f,1.3525484790177735f,0.10211375507719486f,3.6393039129007283f,0.05134574590027992f,0.12511549433792282f,-1.4258924033240716f,1.9868500340504336f,0f,0f,0f,1f], start_interpolation: 0, interpolation_duration: 1 }
$data merge entity $(bone_blush_right1) { transformation: [-0.9933836910115554f,-0.08314487994197205f,0.07921976629411126f,-0.9221996256025088f,-0.0788783434310196f,0.9953353772201057f,0.05554902151872382f,3.4935107871012923f,-0.08346885269270615f,0.048932768096078105f,-0.9953082612118811f,3.132661395268827f,0f,0f,0f,1f], start_interpolation: 0, interpolation_duration: 1 }
$data merge entity $(bone_blush_left1) { transformation: [-0.9933836910115554f,-0.08314487994197205f,0.07921976629411126f,0.22251986208658836f,-0.0788783434310196f,0.9953353772201057f,0.05554902151872382f,3.5844057531643814f,-0.08346885269270615f,0.048932768096078105f,-0.9953082612118811f,3.228846205988938f,0f,0f,0f,1f], start_interpolation: 0, interpolation_duration: 1 }
$data merge entity $(bone_left_head_scales) { transformation: [-0.9177217126569263f,-0.08314487994197205f,-0.3884247508301615f,0.20652043156976477f,-0.09561562877930038f,0.9953353772201057f,0.012850618166008139f,4.235967214257088f,0.38554443278457146f,0.048932768096078105f,-0.9213908370258942f,2.9205289172830975f,0f,0f,0f,1f], start_interpolation: 0, interpolation_duration: 1 }
$data merge entity $(bone_left_head_scales2) { transformation: [-0.8591708724949989f,-0.08314487994197205f,-0.5048884439117391f,0.2598729110711915f,-0.09647496607714605f,0.9953353772201057f,0.00026033540487765267f,3.4502243871048486f,0.5025116842189798f,0.048932768096078105f,-0.8631845639432271f,3.0280973007839957f,0f,0f,0f,1f], start_interpolation: 0, interpolation_duration: 1 }
$data merge entity $(bone_left_head_scales1) { transformation: [-0.9933836910115554f,-0.08314487994197205f,0.07921976629411126f,0.21464004875159798f,-0.0788783434310196f,0.9953353772201057f,0.05554902151872382f,4.138766493825437f,-0.08346885269270615f,0.048932768096078105f,-0.9953082612118811f,2.915750326648715f,0f,0f,0f,1f], start_interpolation: 0, interpolation_duration: 1 }
$data merge entity $(bone_right_head_scales) { transformation: [-0.8445624782027076f,-0.08314487994197205f,0.5289623326396088f,-0.9576010813344016f,-0.04431626147363282f,0.9953353772201057f,0.08569454955310823f,4.143531655548862f,-0.5336199859273465f,0.048932768096078105f,-0.8443075830675414f,2.8227138555338325f,0f,0f,0f,1f], start_interpolation: 0, interpolation_duration: 1 }
$data merge entity $(bone_right_head_scales2) { transformation: [-0.7682936900159207f,-0.08314487994197205f,0.634674510927574f,-0.904248601832975f,-0.032751746466151685f,0.9953353772201057f,0.09074585366575397f,3.357788828396622f,-0.6392590468543538f,0.048932768096078105f,-0.7674330297956414f,2.9302822390347307f,0f,0f,0f,1f], start_interpolation: 0, interpolation_duration: 1 }
$data merge entity $(bone_right_head_scales1) { transformation: [-0.9933836910115554f,-0.08314487994197205f,0.07921976629411126f,-0.9494814641525684f,-0.0788783434310196f,0.9953353772201057f,0.05554902151872382f,4.0463309351172105f,-0.08346885269270615f,0.048932768096078105f,-0.9953082612118811f,2.81793526489945f,0f,0f,0f,1f], start_interpolation: 0, interpolation_duration: 1 }
$data merge entity $(bone_head_left_fin1) { transformation: [-0.5675555407398594f,0.06599819339412391f,-0.8206856564143167f,0.25089079142113985f,0.17304880109965057f,0.984078725419893f,-0.0405360902645005f,3.7783326177394985f,0.8049439860098708f,-0.16502515155172562f,-0.5699402413778749f,2.824932383807122f,0f,0f,0f,1f], start_interpolation: 0, interpolation_duration: 1 }
$data merge entity $(bone_head_right_fin1) { transformation: [-0.3919793244949691f,-0.19110851633326378f,0.8999054084476693f,-0.9132307214830266f,-0.24923942242639982f,0.9636635006363603f,0.0960852114002444f,3.6858970590312725f,-0.8855686983385433f,-0.18662848798126647f,-0.42536794425156654f,2.727117322057857f,0f,0f,0f,1f], start_interpolation: 0, interpolation_duration: 1 }
$data merge entity $(bone_right_whisker16) { transformation: [-0.19555643970017042f,-0.4128707756233627f,0.8895478635396508f,-1.0324875493152563f,0.957861794170626f,0.11416914203339085f,0.26356439493146405f,2.147760973869582f,-0.21037695254001337f,0.9036056272752637f,0.37314663095953865f,1.4475516216289845f,0f,0f,0f,1f], start_interpolation: 0, interpolation_duration: 1 }
$data merge entity $(bone_right_whisker15) { transformation: [0.4613193089957919f,-0.29575190626638814f,0.8364898714792924f,-1.1676396906226172f,0.17085859562282046f,0.9547725705086616f,0.24334477373898955f,2.097704744683209f,-0.870627265510013f,0.03066184182465781f,0.4909867778326385f,1.7026182033213713f,0f,0f,0f,1f], start_interpolation: 0, interpolation_duration: 1 }
$data merge entity $(bone_right_whisker14) { transformation: [0.7301156176042678f,-0.21467846880525085f,0.648725165198462f,-1.3815407504676176f,-0.37039090854699164f,0.6734681559840272f,0.6397274558288143f,2.2062177061715857f,-0.5742314514166504f,-0.7073569098460171f,0.4121946655368314f,1.8708500738535931f,0f,0f,0f,1f], start_interpolation: 0, interpolation_duration: 1 }
$data merge entity $(bone_right_whisker13) { transformation: [0.25712175281501587f,-0.4421126090304369f,0.8593164988324349f,-1.4568693889876418f,-0.0780535579727269f,0.876806500841929f,0.47446601792871324f,2.229084959483908f,-0.9632217015397503f,-0.18906824433952946f,0.19093756221664654f,2.153043931726567f,0f,0f,0f,1f], start_interpolation: 0, interpolation_duration: 1 }
$data merge entity $(bone_right_whisker12) { transformation: [-0.36816458962486226f,-0.3275091379390738f,0.8701681443909342f,-1.3130550961654301f,-0.6019647803196492f,0.7972327345448201f,0.04536926520128287f,2.4642274517962712f,-0.7085853782015776f,-0.5071072189750334f,-0.49066182882137277f,2.429835095086558f,0f,0f,0f,1f], start_interpolation: 0, interpolation_duration: 1 }
$data merge entity $(bone_right_whisker11) { transformation: [-0.8516083850827831f,-0.2400604169175533f,0.46597656023244866f,-0.9803955707424679f,-0.3660879738471793f,0.9086241906075956f,-0.20095192372096932f,2.6072305665803257f,-0.3751569722944798f,-0.3417207580350683f,-0.8616752112407415f,2.576380787389089f,0f,0f,0f,1f], start_interpolation: 0, interpolation_duration: 1 }
$data merge entity $(bone_right_whisker10) { transformation: [-0.3794573788155394f,-0.5774738750465414f,0.7228665307656539f,-0.8321700321426477f,-0.7277023548138235f,0.6687777320894772f,0.1522682759463413f,2.8914892989294754f,-0.5713679904062321f,-0.4682523557869054f,-0.6740017439437056f,2.7995714086415235f,0f,0f,0f,1f], start_interpolation: 0, interpolation_duration: 1 }
$data merge entity $(bone_right_whisker1) { transformation: [0.16966342960999606f,-0.5627124303758513f,0.8090544118620682f,-0.8984448093340525f,-0.8691653876276186f,0.30150907934491733f,0.3919742389784198f,3.231007028471514f,-0.464506027520747f,-0.7697057852017761f,-0.4379351032102948f,2.9810190756418153f,0f,0f,0f,1f], start_interpolation: 0, interpolation_duration: 1 }
$data merge entity $(bone_left_whisker16) { transformation: [-0.07517627692973078f,0.23424061356880707f,-0.9692676938503074f,0.8202421642686613f,-0.9793589743574688f,0.16555218250071257f,0.11596755673350173f,2.294874573534294f,0.1876286937876814f,0.9579790236869281f,0.21696005033961588f,1.603226840521557f,0f,0f,0f,1f], start_interpolation: 0, interpolation_duration: 1 }
$data merge entity $(bone_left_whisker15) { transformation: [0.33154762287236145f,0.13324070718014264f,-0.9339823808390723f,0.9173752569070484f,-0.10790202535407473f,0.9888361725176185f,0.10276272108695528f,2.263262652043842f,0.9372477402971825f,0.0667078546412816f,0.3422232245727671f,1.8778111394367472f,0f,0f,0f,1f], start_interpolation: 0, interpolation_duration: 1 }
$data merge entity $(bone_left_whisker14) { transformation: [0.5575851815022739f,0.22077784225829122f,-0.8002224126684089f,1.0807302905502927f,0.4726391201769757f,0.7080449995179678f,0.524675652890369f,2.4017311442831906f,0.6824302363226668f,-0.6707677862161937f,0.2904471544484736f,2.0777418727344035f,0f,0f,0f,1f], start_interpolation: 0, interpolation_duration: 1 }
$data merge entity $(bone_left_whisker13) { transformation: [0.07837334402752905f,0.3243975858732858f,-0.9426684598656765f,1.1036912311833578f,0.1046931109547394f,0.9376702486002867f,0.3313817397028613f,2.4324029541332117f,0.9914116054719961f,-0.12466238875242372f,0.0395261605266472f,2.3681944915250273f,0f,0f,0f,1f], start_interpolation: 0, interpolation_duration: 1 }
$data merge entity $(bone_left_whisker12) { transformation: [-0.5702958949380555f,0.27802874525148413f,-0.7729570551011793f,0.8809193972231799f,0.5274475428538152f,0.8453146846945754f,-0.08510095990753042f,2.6384371505604833f,0.6297314362125133f,-0.45622702753519045f,-0.6287250731377979f,2.6141833337955402f,0f,0f,0f,1f], start_interpolation: 0, interpolation_duration: 1 }
$data merge entity $(bone_left_whisker11) { transformation: [-0.9487291217326895f,0.1480036736530575f,-0.2792990622281407f,0.510322084046348f,0.22313450940109905f,0.9394379163474507f,-0.26012956779860846f,2.7255990682952875f,0.2238839973974251f,-0.30911375562074095f,-0.92429683640884f,2.7016380202789096f,0f,0f,0f,1f], start_interpolation: 0, interpolation_duration: 1 }
$data merge entity $(bone_left_whisker10) { transformation: [-0.5782403112485652f,0.535087123741069f,-0.6158895294236397f,0.2844469624648772f,0.6516576119984396f,0.7571191950552776f,0.04596608753569881f,2.980152822982178f,0.4908976463293068f,-0.3747696552355303f,-0.7864904362692453f,2.8933949133762953f,0f,0f,0f,1f], start_interpolation: 0, interpolation_duration: 1 }
$data merge entity $(bone_left_whisker1) { transformation: [-0.048051862770593756f,0.6282617797823231f,-0.7765166801486134f,0.265676703570114f,0.8788217963457594f,0.3960768416469975f,0.2660740231186645f,3.32344258717974f,0.47472441347784955f,-0.6696344312949318f,-0.5711623759251166f,3.0788341373910804f,0f,0f,0f,1f], start_interpolation: 0, interpolation_duration: 1 }
$data merge entity $(bone_upper_left_tooth1) { transformation: [-0.9933836910115554f,-0.07592403100000811f,0.08616486493326825f,-0.14182075694149898f,-0.0788783434310196f,0.9963892418391869f,-0.03141155336350189f,3.6059547085549517f,-0.08346885269270615f,-0.03800026662853574f,-0.9957855845343027f,3.8591745418218877f,0f,0f,0f,1f], start_interpolation: 0, interpolation_duration: 1 }
$data merge entity $(bone_upper_right_tooth1) { transformation: [-0.9933836910115554f,-0.07592403100000811f,0.08616486493326825f,-0.7238815133935823f,-0.0788783434310196f,0.9963892418391869f,-0.03141155336350189f,3.5597369292008385f,-0.08346885269270615f,-0.03800026662853574f,-0.9957855845343027f,3.810267010947255f,0f,0f,0f,1f], start_interpolation: 0, interpolation_duration: 1 }
$data merge entity $(bone_top_lip1) { transformation: [-0.9933836910115554f,-0.041875132216914884f,0.10693603571329194f,-0.4167541949838794f,-0.0788783434310196f,0.925556234003283f,-0.3703023962050985f,3.6918055849219926f,-0.08346885269270615f,-0.37628729848278897f,-0.9227355090331613f,3.8326765563632934f,0f,0f,0f,1f], start_interpolation: 0, interpolation_duration: 1 }
$data merge entity $(bone_muzzle1) { transformation: [-0.9933836910115554f,-0.07592403100000811f,0.08616486493326825f,-0.3858031912566988f,-0.0788783434310196f,0.9963892418391869f,-0.03141155336350189f,3.8224233677287573f,-0.08346885269270615f,-0.03800026662853574f,-0.9957855845343027f,3.3408866811079894f,0f,0f,0f,1f], start_interpolation: 0, interpolation_duration: 1 }
$data merge entity $(bone_jaw_right_tooth1) { transformation: [-0.9933836910115554f,-0.0027754744773302274f,0.11480914237848935f,-0.7271751391815537f,-0.0788783434310196f,0.7430874845913741f,-0.66452930498304f,3.5911916403121196f,-0.08346885269270615f,-0.669188528730947f,-0.738389913016878f,3.8197404685424847f,0f,0f,0f,1f], start_interpolation: 0, interpolation_duration: 1 }
$data merge entity $(bone_jaw_left_tooth1) { transformation: [-0.9933836910115554f,-0.0027754744773302274f,0.11480914237848935f,-0.09660931969179681f,-0.0788783434310196f,0.7430874845913741f,-0.66452930498304f,3.6412609012790753f,-0.08346885269270615f,-0.669188528730947f,-0.738389913016878f,3.872723626990003f,0f,0f,0f,1f], start_interpolation: 0, interpolation_duration: 1 }
$data merge entity $(bone_tongue1) { transformation: [-0.9933836910115554f,-0.0510358743154635f,0.10287945356150938f,-0.33964673954986935f,-0.0788783434310196f,0.9543081934823264f,-0.28822574276090684f,3.4080499939169213f,-0.08346885269270615f,-0.29443371305839705f,-0.9520198208256001f,3.1831514224145745f,0f,0f,0f,1f], start_interpolation: 0, interpolation_duration: 1 }
$data merge entity $(bone_jaw_lips1) { transformation: [-0.9933836910115554f,-0.0510358743154635f,0.10287945356150938f,-0.36578469763954824f,-0.0788783434310196f,0.9543081934823264f,-0.28822574276090684f,3.529904851835311f,-0.08346885269270615f,-0.29443371305839705f,-0.9520198208256001f,3.964058729131413f,0f,0f,0f,1f], start_interpolation: 0, interpolation_duration: 1 }
$data merge entity $(bone_jaw3) { transformation: [-0.9933836910115554f,-0.022669707137090135f,0.1125829774458693f,-0.2761688604849746f,-0.0788783434310196f,0.8471926188085015f,-0.5253978241047167f,3.057387296370419f,-0.08346885269270615f,-0.5308019885180453f,-0.8433754796147747f,3.3440489003264036f,0f,0f,0f,1f], start_interpolation: 0, interpolation_duration: 1 }
$data merge entity $(bone_jaw1) { transformation: [-0.9933836910115554f,-0.09563809044229583f,0.06357828315399681f,-0.22649832677091458f,-0.0788783434310196f,0.9705680099757833f,0.22754328148557923f,3.235155485031028f,-0.08346885269270615f,0.22102283517365034f,-0.9716902062704779f,2.5849159266775925f,0f,0f,0f,1f], start_interpolation: 0, interpolation_duration: 1 }
$data merge entity $(bone_tear_right1) { transformation: [-0.9933836910115554f,-0.08314487994197205f,0.07921976629411126f,-0.9090758974731947f,-0.0788783434310196f,0.9953353772201057f,0.05554902151872382f,3.832682552005494f,-0.08346885269270615f,0.048932768096078105f,-0.9953082612118811f,3.240940355207628f,0f,0f,0f,1f], start_interpolation: 0, interpolation_duration: 1 }
$data merge entity $(bone_right_pupil1) { transformation: [-0.9933836910115554f,-0.08314487994197205f,0.07921976629411126f,-0.7617709002444042f,-0.0788783434310196f,0.9953353772201057f,0.05554902151872382f,3.939338311630431f,-0.08346885269270615f,0.048932768096078105f,-0.9953082612118811f,3.3174873341789017f,0f,0f,0f,1f], start_interpolation: 0, interpolation_duration: 1 }
$data merge entity $(bone_right_sad_pupil1) { transformation: [-0.9933836910115554f,-0.08314487994197205f,0.07921976629411126f,-0.7609972697141882f,-0.0788783434310196f,0.9953353772201057f,0.05554902151872382f,3.9398807825436997f,-0.08346885269270615f,0.048932768096078105f,-0.9953082612118811f,3.3077675269405047f,0f,0f,0f,1f], start_interpolation: 0, interpolation_duration: 1 }
$data merge entity $(bone_right_happy_pupil1) { transformation: [-0.9933836910115554f,-0.08314487994197205f,0.07921976629411126f,-0.7832196124879383f,-0.0788783434310196f,0.9953353772201057f,0.05554902151872382f,3.9136551973211535f,-0.08346885269270615f,0.048932768096078105f,-0.9953082612118811f,3.3045351068709725f,0f,0f,0f,1f], start_interpolation: 0, interpolation_duration: 1 }
$data merge entity $(bone_eyelid_right1) { transformation: [-0.9933836910115554f,-0.08314487994197205f,0.07921976629411126f,-0.34476663878998487f,-0.0788783434310196f,0.9953353772201057f,0.05554902151872382f,3.9480604010596854f,-0.08346885269270615f,0.048932768096078105f,-0.9953082612118811f,2.8507702280986886f,0f,0f,0f,1f], start_interpolation: 0, interpolation_duration: 1 }
$data merge entity $(bone_eyelid_expressions_right5) { transformation: [-0.9933836910115554f,-0.08314487994197205f,0.07921976629411126f,-0.8806782214502672f,-0.0788783434310196f,0.9953353772201057f,0.05554902151872382f,4.028223119915294f,-0.08346885269270615f,0.048932768096078105f,-0.9953082612118811f,3.303172200241266f,0f,0f,0f,1f], start_interpolation: 0, interpolation_duration: 1 }
$data merge entity $(bone_eyelid_expressions_right7) { transformation: [-0.9933836910115554f,-0.08314487994197205f,0.07921976629411126f,-0.5896478432242257f,-0.0788783434310196f,0.9953353772201057f,0.05554902151872382f,4.05133200959235f,-0.08346885269270615f,0.048932768096078105f,-0.9953082612118811f,3.327625965678582f,0f,0f,0f,1f], start_interpolation: 0, interpolation_duration: 1 }
$data merge entity $(bone_eyelid_expressions_right6) { transformation: [-0.9933836910115554f,-0.08314487994197205f,0.07921976629411126f,-0.6866579692995729f,-0.0788783434310196f,0.9953353772201057f,0.05554902151872382f,4.043629046366665f,-0.08346885269270615f,0.048932768096078105f,-0.9953082612118811f,3.31947471053281f,0f,0f,0f,1f], start_interpolation: 0, interpolation_duration: 1 }
$data merge entity $(bone_right_eye1) { transformation: [-0.9933836910115554f,-0.08314487994197205f,0.07921976629411126f,-0.3552412819277355f,-0.0788783434310196f,0.9953353772201057f,0.05554902151872382f,3.946747633823848f,-0.08346885269270615f,0.048932768096078105f,-0.9953082612118811f,2.8596749098225085f,0f,0f,0f,1f], start_interpolation: 0, interpolation_duration: 1 }
$data merge entity $(bone_tear_left1) { transformation: [-0.9933836910115554f,-0.08314487994197205f,0.07921976629411126f,0.13863346414055505f,-0.0788783434310196f,0.9953353772201057f,0.05554902151872382f,3.9158745548428975f,-0.08346885269270615f,0.048932768096078105f,-0.9953082612118811f,3.3289739107819667f,0f,0f,0f,1f], start_interpolation: 0, interpolation_duration: 1 }
$data merge entity $(bone_left_sad_pupil1) { transformation: [-0.9933836910115554f,-0.08314487994197205f,0.07921976629411126f,-0.03342132414908411f,-0.0788783434310196f,0.9953353772201057f,0.05554902151872382f,3.997653006736341f,-0.08346885269270615f,0.048932768096078105f,-0.9953082612118811f,3.368901940533795f,0f,0f,0f,1f], start_interpolation: 0, interpolation_duration: 1 }
$data merge entity $(bone_left_pupil1) { transformation: [-0.9933836910115554f,-0.08314487994197205f,0.07921976629411126f,-0.03419495467930006f,-0.0788783434310196f,0.9953353772201057f,0.05554902151872382f,3.9971105358230723f,-0.08346885269270615f,0.048932768096078105f,-0.9953082612118811f,3.3786217477721925f,0f,0f,0f,1f], start_interpolation: 0, interpolation_duration: 1 }
$data merge entity $(bone_eyelid_left1) { transformation: [-0.9933836910115554f,-0.08314487994197205f,0.07921976629411126f,-0.3641686640050543f,-0.0788783434310196f,0.9953353772201057f,0.05554902151872382f,3.946519808414548f,-0.08346885269270615f,0.048932768096078105f,-0.9953082612118811f,2.849139977069534f,0f,0f,0f,1f], start_interpolation: 0, interpolation_duration: 1 }
$data merge entity $(bone_left_happy_pupil1) { transformation: [-0.9933836910115554f,-0.08314487994197205f,0.07921976629411126f,-0.007138603885160522f,-0.0788783434310196f,0.9953353772201057f,0.05554902151872382f,3.9752789031266373f,-0.08346885269270615f,0.048932768096078105f,-0.9953082612118811f,3.369745148037149f,0f,0f,0f,1f], start_interpolation: 0, interpolation_duration: 1 }
$data merge entity $(bone_eyelid_expressions_left5) { transformation: [-0.9933836910115554f,-0.08314487994197205f,0.07921976629411126f,0.07002101408813538f,-0.0788783434310196f,0.9953353772201057f,0.05554902151872382f,4.103712159527013f,-0.08346885269270615f,0.048932768096078105f,-0.9953082612118811f,3.3830545006698323f,0f,0f,0f,1f], start_interpolation: 0, interpolation_duration: 1 }
$data merge entity $(bone_eyelid_expressions_left7) { transformation: [-0.9933836910115554f,-0.08314487994197205f,0.07921976629411126f,-0.22100936413790623f,-0.0788783434310196f,0.9953353772201057f,0.05554902151872382f,4.080603269849957f,-0.08346885269270615f,0.048932768096078105f,-0.9953082612118811f,3.358600735232516f,0f,0f,0f,1f], start_interpolation: 0, interpolation_duration: 1 }
$data merge entity $(bone_eyelid_expressions_left6) { transformation: [-0.9933836910115554f,-0.08314487994197205f,0.07921976629411126f,-0.12399923806255903f,-0.0788783434310196f,0.9953353772201057f,0.05554902151872382f,4.088306233075642f,-0.08346885269270615f,0.048932768096078105f,-0.9953082612118811f,3.366751990378288f,0f,0f,0f,1f], start_interpolation: 0, interpolation_duration: 1 }
$data merge entity $(bone_left_eye1) { transformation: [-0.9933836910115554f,-0.08314487994197205f,0.07921976629411126f,-0.3552412819277355f,-0.0788783434310196f,0.9953353772201057f,0.05554902151872382f,3.946747633823848f,-0.08346885269270615f,0.048932768096078105f,-0.9953082612118811f,2.8596749098225085f,0f,0f,0f,1f], start_interpolation: 0, interpolation_duration: 1 }
$data merge entity $(bone_crest_middle5) { transformation: [-0.9933836910115554f,-0.06402771866684938f,0.09533778723348543f,-0.4882693293461434f,-0.0788783434310196f,0.9837649632973537f,-0.16119771687630635f,5.123057254056575f,-0.08346885269270615f,-0.1676512696965773f,-0.982306470710281f,3.331258467961779f,0f,0f,0f,1f], start_interpolation: 0, interpolation_duration: 1 }
$data merge entity $(bone_crest_middle4) { transformation: [-0.9933836910115554f,-0.06402771866684938f,0.09533778723348543f,-0.45075308793978636f,-0.0788783434310196f,0.9837649632973537f,-0.16119771687630635f,4.546632470874532f,-0.08346885269270615f,-0.1676512696965773f,-0.982306470710281f,3.4294916337996173f,0f,0f,0f,1f], start_interpolation: 0, interpolation_duration: 1 }
$data merge entity $(bone_crest_middle1) { transformation: [-0.9933836910115554f,-0.06402771866684938f,0.09533778723348543f,-0.4295986847664671f,-0.0788783434310196f,0.9837649632973537f,-0.16119771687630635f,4.1261204072663125f,-0.08346885269270615f,-0.1676512696965773f,-0.982306470710281f,3.575113089858994f,0f,0f,0f,1f], start_interpolation: 0, interpolation_duration: 1 }
$data merge entity $(bone_crest_left5) { transformation: [-0.46362098761243237f,-0.8645949827234142f,0.1937294394117009f,-1.4027958919882721f,-0.881838645894912f,0.47151249295123815f,-0.006047445505014924f,4.4874769115013144f,-0.08611725989312771f,-0.1736418291783621f,-0.9810363564660034f,3.3093421417106783f,0f,0f,0f,1f], start_interpolation: 0, interpolation_duration: 1 }
$data merge entity $(bone_crest_left4) { transformation: [-0.46362098761243237f,-0.8645949827234142f,0.1937294394117009f,-0.9806303730803551f,-0.881838645894912f,0.47151249295123815f,-0.006047445505014924f,4.2572462020524675f,-0.08611725989312771f,-0.1736418291783621f,-0.9810363564660034f,3.3941281911141754f,0f,0f,0f,1f], start_interpolation: 0, interpolation_duration: 1 }
$data merge entity $(bone_crest_left1) { transformation: [-0.46362098761243237f,-0.8645949827234142f,0.1937294394117009f,-0.5067888569978718f,-0.881838645894912f,0.47151249295123815f,-0.006047445505014924f,4.003697136233686f,-0.08611725989312771f,-0.1736418291783621f,-0.9810363564660034f,3.4394906796149556f,0f,0f,0f,1f], start_interpolation: 0, interpolation_duration: 1 }
$data merge entity $(bone_crest_center1) { transformation: [-0.9933836910115554f,-0.08314487994197205f,0.07921976629411126f,-0.40774885260984123f,-0.0788783434310196f,0.9953353772201057f,0.05554902151872382f,3.987100230393765f,-0.08346885269270615f,0.048932768096078105f,-0.9953082612118811f,3.446447302393622f,0f,0f,0f,1f], start_interpolation: 0, interpolation_duration: 1 }
$data merge entity $(bone_crest_right5) { transformation: [-0.6038683486248295f,0.7966924483399899f,-0.02498320009834494f,0.505372245506247f,0.7970760398298459f,0.6034248664990853f,-0.023414038945270527f,4.63899252730547f,-0.0035783038287717853f,-0.034052507229183376f,-0.9994136393371439f,3.4696755623442095f,0f,0f,0f,1f], start_interpolation: 0, interpolation_duration: 1 }
$data merge entity $(bone_crest_right4) { transformation: [-0.6038683486248295f,0.7966924483399899f,-0.02498320009834494f,0.11636226096523644f,0.7970760398298459f,0.6034248664990853f,-0.023414038945270527f,4.344351479210214f,-0.0035783038287717853f,-0.034052507229183376f,-0.9994136393371439f,3.486302763139709f,0f,0f,0f,1f], start_interpolation: 0, interpolation_duration: 1 }
$data merge entity $(bone_crest_right1) { transformation: [-0.6038683486248295f,0.7966924483399899f,-0.02498320009834494f,-0.31276860484717733f,0.7970760398298459f,0.6034248664990853f,-0.023414038945270527f,4.0191030626850575f,-0.0035783038287717853f,-0.034052507229183376f,-0.9994136393371439f,3.4557931899064998f,0f,0f,0f,1f], start_interpolation: 0, interpolation_duration: 1 }
$data merge entity $(bone_head1) { transformation: [-0.9933836910115554f,-0.08314487994197205f,0.07921976629411126f,-0.30863179417494274f,-0.0788783434310196f,0.9953353772201057f,0.05554902151872382f,3.9279831738378057f,-0.08346885269270615f,0.048932768096078105f,-0.9953082612118811f,2.322696216393467f,0f,0f,0f,1f], start_interpolation: 0, interpolation_duration: 1 }
$data merge entity $(bone_neck10) { transformation: [-1.2991004133185324f,-0.08743429921476394f,0.010694221845726217f,-0.27478187134543364f,-0.08807753308370028f,1.2871917202160503f,-0.17550165388844266f,3.4167807293774755f,0.0012129410340830696f,-0.17582299528933115f,-1.2901572811273743f,1.456206052177012f,0f,0f,0f,1f], start_interpolation: 0, interpolation_duration: 1 }
$data merge entity $(bone_neck9) { transformation: [-0.9977091174286329f,-0.04739399082814322f,-0.048273456818008875f,-0.2242345624100517f,-0.06764354540828182f,0.7087315156576883f,0.7022278757484306f,2.6602420447643347f,0.0009315387141757975f,0.703884541915034f,-0.7103137925513527f,0.6581201882993618f,0f,0f,0f,1f], start_interpolation: 0, interpolation_duration: 1 }
$data merge entity $(bone_neck8) { transformation: [-0.9977091174286329f,-0.03434251214247076f,-0.058284722350908896f,-0.19521976708016717f,-0.06764354540828182f,0.5183028757167355f,0.8525177298967802f,2.2210214925806824f,0.0009315387141757975f,0.854507297150531f,-0.5194385539716103f,-0.15999881559867035f,0f,0f,0f,1f], start_interpolation: 0, interpolation_duration: 1 }
$data merge entity $(bone_neck7) { transformation: [-0.9972926421207513f,0.034740726748231324f,-0.06481101663155481f,-0.22744993349698334f,-0.05132103149828801f,0.30238817653578054f,0.9518022601450981f,1.9404855866148703f,0.05266438737669586f,0.9525515590225916f,-0.2997865735917254f,-1.0437136408637697f,0f,0f,0f,1f], start_interpolation: 0, interpolation_duration: 1 }
$data merge entity $(bone_neck6) { transformation: [-0.974636750872785f,0.18994887354952109f,-0.11833270589912467f,-0.38734228072215715f,-0.12272172694011828f,-0.011469957125734953f,0.9923748373575221f,1.9655348062133533f,0.1871432114317154f,0.9817269811514816f,0.0344898955380038f,-1.8600022635321822f,0f,0f,0f,1f], start_interpolation: 0, interpolation_duration: 1 }
$data merge entity $(bone_neck_spine6) { transformation: [-1.0922250294063203f,-0.15271798882141124f,0.09307727190924514f,-0.6518371361785416f,0.1390661511911849f,-0.3630226031513572f,1.0362513559515587f,3.872523610565422f,-0.11245785098691294f,1.0343275511214602f,0.3774406261385354f,-4.513879428097498f,0f,0f,0f,1f], start_interpolation: 0, interpolation_duration: 1 }
$data merge entity $(bone_neck_spine7) { transformation: [-0.945854667295312f,-0.23025665382471447f,0.22878116558213518f,0.039050287187048505f,0.2000996104284032f,0.14133983199558642f,0.969527306370409f,4.722088730965883f,-0.2555760048636725f,0.9628109499070444f,-0.08761267303888773f,-7.550693780148837f,0f,0f,0f,1f], start_interpolation: 0, interpolation_duration: 1 }
$data merge entity $(bone_tail6) { transformation: [-1.4641573966208732f,0.11986529523134995f,0.28994777219960777f,0.30832434874459436f,0.3137428833458793f,0.5667485478838393f,1.3500206547699185f,3.915881893668581f,-0.0016741428338854442f,1.3808050826074938f,-0.5792830074972951f,-10.901593989043775f,0f,0f,0f,1f], start_interpolation: 0, interpolation_duration: 1 }
$data merge entity $(bone_tail5) { transformation: [-1.20952132764333f,0.05592226200859864f,0.2530776903544023f,0.34364367211844615f,0.25917890363355245f,0.2674123918072679f,1.1795907626743212f,4.0847739305994875f,-0.0013829875584271062f,1.2064330781635255f,-0.2731936566350972f,-10.13963625546681f,0f,0f,0f,1f], start_interpolation: 0, interpolation_duration: 1 }
$data merge entity $(bone_tail4) { transformation: [-0.9730509241793742f,0.050795852817690446f,0.22492594401311064f,0.36348580212535647f,0.23034116748547648f,0.16878502611851198f,0.9583603505569295f,4.150705581427031f,0.01071659997821632f,0.9843431293480422f,-0.17593680169370524f,-9.75512722056523f,0f,0f,0f,1f], start_interpolation: 0, interpolation_duration: 1 }
$data merge entity $(bone_segment18) { transformation: [-0.9713565278815411f,-0.07664734471413626f,0.22492594401311064f,0.32606034083915714f,0.20633970010330854f,0.1974066023254435f,0.9583603505569295f,4.247095523968752f,-0.11785764253196843f,0.9773207344094347f,-0.17593680169370524f,-9.277919830716874f,0f,0f,0f,1f], start_interpolation: 0, interpolation_duration: 1 }
$data merge entity $(bone_segment17) { transformation: [-0.9643477070112977f,-0.1508182048517334f,0.21745659122535896f,0.23032612877506858f,0.19954342834667868f,0.12534076066683913f,0.9718395515305559f,4.326657530251413f,-0.1738272711219564f,0.9805832768310699f,-0.09077729349091168f,-8.655479274134652f,0f,0f,0f,1f], start_interpolation: 0, interpolation_duration: 1 }
$data merge entity $(bone_segment16) { transformation: [-0.9531903532547591f,-0.22354923598221885f,0.20360228278148984f,0.044762798125765835f,0.1969017340105749f,0.05211114351937045f,0.9790373516187891f,4.369913850555578f,-0.22947299973133284f,0.9732986015673041f,-0.005654607098100173f,-7.847565395880542f,0f,0f,0f,1f], start_interpolation: 0, interpolation_duration: 1 }
$data merge entity $(bone_segment15) { transformation: [-0.945854667295312f,-0.2816237714176032f,0.16139082913288577f,-0.24401157686298747f,0.2000996104284032f,-0.11440833762771338f,0.9730729048677003f,4.252600613730286f,-0.2555760048636725f,0.9526797907239288f,0.16456646707071054f,-6.870696469845264f,0f,0f,0f,1f], start_interpolation: 0, interpolation_duration: 1 }
$data merge entity $(bone_segment14) { transformation: [-0.9633175068795853f,-0.24924143516200498f,0.09948913477201585f,-0.4995814078396526f,0.1801009405913451f,-0.32558103645721664f,0.9282029087961087f,3.918752871269273f,-0.19895484949458508f,0.9120721987309056f,0.358526529234251f,-5.935466187943456f,0f,0f,0f,1f], start_interpolation: 0, interpolation_duration: 1 }
$data merge entity $(bone_segment13) { transformation: [-0.986857438334181f,-0.15049236305167715f,0.05885953676015735f,-0.6626801079771497f,0.12565035778215292f,-0.4856024548906203f,0.8651024467618964f,3.3759892143201062f,-0.10160897595052838f,0.8611285063608829f,0.49812981394307204f,-5.022587016996255f,0f,0f,0f,1f], start_interpolation: 0, interpolation_duration: 1 }
$data merge entity $(bone_segment12) { transformation: [-0.9982792632240793f,-0.014141281034775598f,0.056908143419768104f,-0.6792519216897773f,0.0561687483729871f,-0.5093080790702842f,0.8587492953708602f,2.7791438091596166f,0.016839962084323493f,0.8604680730651384f,0.5092259919844684f,-4.014225993873046f,0f,0f,0f,1f], start_interpolation: 0, interpolation_duration: 1 }
$data merge entity $(bone_segment11) { transformation: [-1.0270055284134545f,0.11487796526230255f,0.06009292487021019f,-0.5464919743244288f,0.005910618342652908f,-0.4378236108234181f,0.9379893455207334f,2.273168277685803f,0.12951127793775727f,0.9309468302845225f,0.4337202900305584f,-2.9383673476451917f,0f,0f,0f,1f], start_interpolation: 0, interpolation_duration: 1 }
$data merge entity $(bone_segment10) { transformation: [-0.9892841832029036f,0.14092498594677802f,0.03817005633299992f,-0.38061152127031456f,0f,-0.26143380635240326f,0.9652214071890934f,1.9816268956004586f,0.14600275635947416f,0.9548782714210196f,0.25863232957896337f,-1.8143960432615385f,0f,0f,0f,1f], start_interpolation: 0, interpolation_duration: 1 }