# This file was generated by Animated Java via MC-Build. It is not recommended to edit this file directly.
$data merge entity $(bone_neck_spine5) { transformation: [-1.569355772919839f,0.038185459621510966f,0.0876557142079717f,0.26875310639322836f,0.08509592404795341f,1.2150307709602897f,0.9942223618923031f,3.2714185179947277f,-0.04359285801872365f,0.997126517473976f,-1.2148487833622015f,0.4434622546176317f,0f,0f,0f,1f], start_interpolation: 0, interpolation_duration: 1 }
$data merge entity $(bone_neck_spine2) { transformation: [-1.4946245456379417f,0.08474585463552596f,0.03331500236677264f,0.16459795789308623f,0.08104373718852702f,1.4877884491406592f,-0.1487001175190346f,4.457350493338054f,-0.041517007636879655f,-0.1466218005951094f,-1.489621652417537f,2.4575917516454977f,0f,0f,0f,1f], start_interpolation: 0, interpolation_duration: 1 }
$data merge entity $(bone_scale_neck_left1) { transformation: [-1.5653832971275539f,0.4875837367403122f,0.1577729811409246f,0.8989922675361479f,0.5115873407735314f,1.5166008751326268f,0.3889154910065775f,3.5154901704939885f,-0.030143103224570516f,0.41861553488968223f,-1.5927672485691966f,2.534099097012695f,0f,0f,0f,1f], start_interpolation: 0, interpolation_duration: 1 }
$data merge entity $(bone_scale_neck_right1) { transformation: [-1.6107488911944001f,-0.34328522336469874f,-0.02642623267004608f,-0.6703635053836905f,-0.3393664153928909f,1.5616534776991893f,0.39890341253375805f,3.6005860945419417f,-0.05808206657017506f,0.3955360310352861f,-1.5978838513901634f,2.4905062389939716f,0f,0f,0f,1f], start_interpolation: 0, interpolation_duration: 1 }
$data merge entity $(bone_blush_right1) { transformation: [-0.9778991931280292f,0.03175581990393835f,0.206651242391082f,-0.7554424883728352f,0.05872145958937194f,0.9903295732448011f,0.1256945764162601f,3.2916538392036627f,-0.20066130235609164f,0.1350514874371917f,-0.9703072387021333f,3.735105360881483f,0f,0f,0f,1f], start_interpolation: 0, interpolation_duration: 1 }
$data merge entity $(bone_blush_left1) { transformation: [-0.9778991931280292f,0.03175581990393835f,0.206651242391082f,0.5404649384579612f,0.05872145958937194f,0.9903295732448011f,0.1256945764162601f,3.213836436212669f,-0.20066130235609164f,0.1350514874371917f,-0.9703072387021333f,4.00102077816392f,0f,0f,0f,1f], start_interpolation: 0, interpolation_duration: 1 }
$data merge entity $(bone_left_head_scales) { transformation: [-0.9628281026581829f,0.03175581990393835f,-0.2682417056198978f,0.6558559942798136f,-0.005952725555563032f,0.9903295732448011f,0.13860700348550012f,3.9855045282270787f,0.2700492728931212f,0.1350514874371917f,-0.9533281103329001f,3.720464067479142f,0f,0f,0f,1f], start_interpolation: 0, interpolation_duration: 1 }
$data merge entity $(bone_left_head_scales2) { transformation: [-0.9195784063375737f,0.03175581990393835f,-0.3916211466454236f,0.5925135200375432f,-0.023993643543225265f,0.9903295732448011f,0.1366442147560223f,3.074581167077643f,0.3921732521057095f,0.1350514874371917f,-0.909923752890226f,3.7625838235669367f,0f,0f,0f,1f], start_interpolation: 0, interpolation_duration: 1 }
$data merge entity $(bone_left_head_scales1) { transformation: [-0.9778991931280292f,0.03175581990393835f,0.206651242391082f,0.6522896668491955f,0.05872145958937194f,0.9903295732448011f,0.1256945764162601f,3.8742858749818128f,-0.20066130235609164f,0.1350514874371917f,-0.9703072387021333f,3.7052971523860982f,0f,0f,0f,1f], start_interpolation: 0, interpolation_duration: 1 }
$data merge entity $(bone_right_head_scales) { transformation: [-0.771986253463425f,0.03175581990393835f,0.6348454870011544f,-0.6620159652091321f,0.11012586714718318f,0.9903295732448011f,0.08437789842044097f,4.064640870251818f,-0.626026770872129f,0.1350514874371917f,-0.7680179541471777f,3.4500416092258153f,0f,0f,0f,1f], start_interpolation: 0, interpolation_duration: 1 }
$data merge entity $(bone_right_head_scales2) { transformation: [-0.6825178399811876f,0.03175581990393835f,0.7301787219644531f,-0.7253584394514024f,0.12019725087576015f,0.9903295732448011f,0.06928172369881444f,3.153717509102383f,-0.7209174841750774f,0.1350514874371917f,-0.6797345634522924f,3.49216136531361f,0f,0f,0f,1f], start_interpolation: 0, interpolation_duration: 1 }
$data merge entity $(bone_right_head_scales1) { transformation: [-0.9778991931280292f,0.03175581990393835f,0.206651242391082f,-0.6655822926397501f,0.05872145958937194f,0.9903295732448011f,0.1256945764162601f,3.9534222170065525f,-0.20066130235609164f,0.1350514874371917f,-0.9703072387021333f,3.4348746941327715f,0f,0f,0f,1f], start_interpolation: 0, interpolation_duration: 1 }
$data merge entity $(bone_head_left_fin1) { transformation: [-0.6676228940159068f,0.21334899060786677f,-0.7793824976336093f,0.6563218035299982f,0.18818017174214818f,1.024236147486756f,0.11917942427179376f,3.467803303633923f,0.7858391008177782f,-0.06401343931757625f,-0.6906767588661239f,3.5666940796094027f,0f,0f,0f,1f], start_interpolation: 0, interpolation_duration: 1 }
$data merge entity $(bone_head_right_fin1) { transformation: [-0.32246210887861204f,-0.05194360757442297f,0.9959895822722675f,-0.6615501559589474f,-0.12872697155947666f,1.04016659174215f,0.012570848890094747f,3.5469396456586626f,-0.9890008863271341f,-0.11845050055126931f,-0.3263769657749607f,3.296271621356076f,0f,0f,0f,1f], start_interpolation: 0, interpolation_duration: 1 }
$data merge entity $(bone_right_whisker16) { transformation: [-0.051726270998626034f,-0.5037129788486832f,0.86232107003596f,-0.8290515360401366f,0.9891432807811861f,0.09308888845474898f,0.113710285074355f,1.9371256920578312f,-0.13754985632129318f,0.8588409013231992f,0.4934291673992792f,1.655107898521846f,0f,0f,0f,1f], start_interpolation: 0, interpolation_duration: 1 }
$data merge entity $(bone_right_whisker15) { transformation: [0.5816691626070233f,-0.1803343291273899f,0.7931837838800151f,-1.025024056645042f,0.17951344890594534f,0.9795322024530961f,0.09105814636417142f,1.8766450867135431f,-0.7933699685102381f,0.08942144091637452f,0.6021361133253034f,1.9224053976781272f,0f,0f,0f,1f], start_interpolation: 0, interpolation_duration: 1 }
$data merge entity $(bone_right_whisker14) { transformation: [0.7450967474102186f,-0.04387303770643329f,0.6655118282653756f,-1.2760576287705547f,-0.41457991526834786f,0.75117181746796f,0.5136773252713915f,2.016322890197508f,-0.5224503142450986f,-0.658647141650437f,0.5415067976867014f,2.0984262555048447f,0f,0f,0f,1f], start_interpolation: 0, interpolation_duration: 1 }
$data merge entity $(bone_right_whisker13) { transformation: [0.3619204042793549f,-0.30697848487209695f,0.8802146504074446f,-1.3979937024779545f,-0.03218408279147486f,0.9395470039396004f,0.3409041099825456f,2.02716616027862f,-0.9316532647831699f,-0.15170905448835853f,0.3301614105329518f,2.4123133417843308f,0f,0f,0f,1f], start_interpolation: 0, interpolation_duration: 1 }
$data merge entity $(bone_right_whisker12) { transformation: [-0.3482660186771158f,-0.16468135068861844f,0.9228167927439135f,-1.241546076900344f,-0.4888696714211225f,0.8718778033452562f,-0.02890571567102379f,2.2467755829873273f,-0.7998232458483526f,-0.46120402076437095f,-0.3841531291443333f,2.77160894050527f,0f,0f,0f,1f], start_interpolation: 0, interpolation_duration: 1 }
$data merge entity $(bone_right_whisker11) { transformation: [-0.8370239461052036f,-0.08539914044019076f,0.5404608223160581f,-0.8655392261108967f,-0.2198051461265074f,0.957021601237959f,-0.1891965974858882f,2.3455161759738443f,-0.5010754547797944f,-0.27715815264214916f,-0.8198211677196514f,2.996701429957131f,0f,0f,0f,1f], start_interpolation: 0, interpolation_duration: 1 }
$data merge entity $(bone_right_whisker10) { transformation: [-0.391317278607645f,-0.4311395056815627f,0.8130126162020884f,-0.6897521673613688f,-0.6228194651161134f,0.7744624743933237f,0.1109224487155249f,2.625298357568973f,-0.6774708121650593f,-0.46295421198778125f,-0.5715826241823548f,3.3010340213594036f,0f,0f,0f,1f], start_interpolation: 0, interpolation_duration: 1 }
$data merge entity $(bone_right_whisker1) { transformation: [0.11955642331245897f,-0.4238217606279898f,0.8978203477661457f,-0.7434591543962624f,-0.8430867571931636f,0.4342318256051887f,0.31724980926251145f,3.0040287367768395f,-0.5243195413965107f,-0.794869698032184f,-0.3054033098379533f,3.5365681903461175f,0f,0f,0f,1f], start_interpolation: 0, interpolation_duration: 1 }
$data merge entity $(bone_left_whisker16) { transformation: [-0.21478636409018562f,0.13331147714031663f,-0.9675199573464027f,1.268376018539585f,-0.9731395750399381f,0.05483647336670189f,0.22358964349851151f,1.811178142194414f,0.08286244802084158f,0.9895559667100038f,0.11795254747831165f,2.085492285437295f,0f,0f,0f,1f], start_interpolation: 0, interpolation_duration: 1 }
$data merge entity $(bone_left_whisker15) { transformation: [0.19883885252078293f,0.24197130598935046f,-0.9496910012240962f,1.3353676241252002f,-0.22638184821702628f,0.9541733480219472f,0.19571530528405523f,1.7349069140353572f,0.9535273302459983f,0.17607699736875326f,0.2445046450919542f,2.4067490519752535f,0f,0f,0f,1f], start_interpolation: 0, interpolation_duration: 1 }
$data merge entity $(bone_left_whisker14) { transformation: [0.5225318474928534f,0.38479554129743965f,-0.7608500901973501f,1.5114159516496477f,0.338460616026644f,0.725430877280975f,0.5993283354608048f,1.8489390551771463f,0.7825630196697068f,-0.5706859326152735f,0.2488226005821518f,2.6704055380944416f,0f,0f,0f,1f], start_interpolation: 0, interpolation_duration: 1 }
$data merge entity $(bone_left_whisker13) { transformation: [-0.031654881028562676f,0.4475836323672926f,-0.8936816326544748f,1.5007509770843606f,0.012352106537052064f,0.8942366189975578f,0.44742406585689276f,1.8531006535709773f,0.999422530249926f,0.003124304837261227f,-0.0338355544969936f,3.007125042914973f,0f,0f,0f,1f], start_interpolation: 0, interpolation_duration: 1 }
$data merge entity $(bone_left_whisker12) { transformation: [-0.575566090648244f,0.43141763174737696f,-0.6946959783339628f,1.2421958973009697f,0.5443444793116845f,0.8360829048993196f,0.06822363210798303f,2.097630400136773f,0.6102563093805649f,-0.33888671138390636f,-0.7160607751501353f,3.2812636193945237f,0f,0f,0f,1f], start_interpolation: 0, interpolation_duration: 1 }
$data merge entity $(bone_left_whisker11) { transformation: [-0.9352505649452292f,0.29661595049061895f,-0.19319771914848283f,0.8220638075794797f,0.3262277168917299f,0.9340821368409503f,-0.14514144262150805f,2.24417800733423f,0.13741127137625442f,-0.19877006703523012f,-0.970365190507971f,3.3429913389580754f,0f,0f,0f,1f], start_interpolation: 0, interpolation_duration: 1 }
$data merge entity $(bone_left_whisker10) { transformation: [-0.5514521737684069f,0.6640793033893251f,-0.5048754092407822f,0.5743411513944533f,0.6794314335979674f,0.7086961382614192f,0.19005975547801127f,2.549391346645817f,0.48401800285227936f,-0.23821935778458386f,-0.8420083791100839f,3.5604213011768726f,0f,0f,0f,1f], start_interpolation: 0, interpolation_duration: 1 }
$data merge entity $(bone_left_whisker1) { transformation: [0.0001595073630160787f,0.7485879836511952f,-0.6630354479893508f,0.5744128050926832f,0.8358979853496392f,0.36383028329420886f,0.4109769860302026f,2.9248923947521f,0.5488848081754631f,-0.5542955490449958f,-0.625685153781909f,3.806990648599444f,0f,0f,0f,1f], start_interpolation: 0, interpolation_duration: 1 }
$data merge entity $(bone_upper_left_tooth1) { transformation: [-0.9778991931280292f,0.04964582194218081f,0.20309716995377947f,0.041870311986017955f,0.05872145958937194f,0.9975160743968432f,0.0389033610836441f,3.233979521970136f,-0.20066130235609164f,0.049969727671820646f,-0.9783854394118714f,4.673786217917874f,0f,0f,0f,1f], start_interpolation: 0, interpolation_duration: 1 }
$data merge entity $(bone_upper_right_tooth1) { transformation: [-0.9778991931280292f,0.04964582194218081f,0.20309716995377947f,-0.6170656677584547f,0.05872145958937194f,0.9975160743968432f,0.0389033610836441f,3.273547692982506f,-0.20066130235609164f,0.049969727671820646f,-0.9783854394118714f,4.53857498879121f,0f,0f,0f,1f], start_interpolation: 0, interpolation_duration: 1 }
$data merge entity $(bone_top_lip1) { transformation: [-0.9778991931280292f,0.11611513570854778f,0.17386904077188275f,-0.2540086562602225f,0.05872145958937194f,0.950664227359719f,-0.30461338940079663f,3.375343216693615f,-0.20066130235609164f,-0.28767134385950427f,-0.9364722311199748f,4.617987494796517f,0f,0f,0f,1f], start_interpolation: 0, interpolation_duration: 1 }
$data merge entity $(bone_muzzle1) { transformation: [-0.9778991931280292f,0.04964582194218081f,0.20309716995377947f,-0.13160164746290864f,0.05872145958937194f,0.9975160743968432f,0.0389033610836441f,3.565226962256653f,-0.20066130235609164f,0.049969727671820646f,-0.9783854394118714f,4.077018891633981f,0f,0f,0f,1f], start_interpolation: 0, interpolation_duration: 1 }
$data merge entity $(bone_jaw_right_tooth1) { transformation: [-0.9778991931280292f,0.16857925043157254f,0.12366973923914545f,-0.6177829585561436f,0.05872145958937194f,0.7891482441932867f,-0.6113892695086703f,3.308895422808494f,-0.20066130235609164f,-0.5906150057445044f,-0.7816066508968404f,4.55241476929818f,0f,0f,0f,1f], start_interpolation: 0, interpolation_duration: 1 }
$data merge entity $(bone_jaw_left_tooth1) { transformation: [-0.9778991931280292f,0.16857925043157254f,0.12366973923914545f,0.0960643528337019f,0.05872145958937194f,0.7891482441932867f,-0.6113892695086703f,3.26602990421176f,-0.20066130235609164f,-0.5906150057445044f,-0.7816066508968404f,4.698893600852065f,0f,0f,0f,1f], start_interpolation: 0, interpolation_duration: 1 }
$data merge entity $(bone_tongue1) { transformation: [-0.9778991931280292f,0.10051959717176252f,0.18332751747617074f,-0.11437716495902508f,0.05872145958937194f,0.9735954691653458f,-0.22059839664966518f,3.1022409416620964f,-0.20066130235609164f,-0.2049577346799477f,-0.9579808811931586f,3.857589325871241f,0f,0f,0f,1f], start_interpolation: 0, interpolation_duration: 1 }
$data merge entity $(bone_jaw_lips1) { transformation: [-0.9778991931280292f,0.10051959717176252f,0.18332751747617074f,-0.2371562589121199f,0.05872145958937194f,0.9735954691653458f,-0.22059839664966518f,3.171397580800103f,-0.20066130235609164f,-0.2049577346799477f,-0.9579808811931586f,4.756013174084285f,0f,0f,0f,1f], start_interpolation: 0, interpolation_duration: 1 }
$data merge entity $(bone_jaw3) { transformation: [-0.9778991931280292f,0.1445431279705772f,0.1510643976456082f,-0.11360904421033666f,0.05872145958937194f,0.8833259416528163f,-0.465066738207387f,2.679162632868172f,-0.20066130235609164f,-0.44591766612194883f,-0.8722915090593917f,4.009872914773816f,0f,0f,0f,1f], start_interpolation: 0, interpolation_duration: 1 }
$data merge entity $(bone_jaw1) { transformation: [-0.9778991931280292f,-0.0046112340091606155f,0.20902608593298075f,0.07418782987007577f,0.05872145958937194f,0.9534576076314512f,0.2957539190499469f,2.9448790445146087f,-0.20066130235609164f,0.30149183566163384f,-0.9321146467930514f,3.172426161795684f,0f,0f,0f,1f], start_interpolation: 0, interpolation_duration: 1 }
$data merge entity $(bone_tear_right1) { transformation: [-0.9778991931280292f,0.03175581990393835f,0.206651242391082f,-0.7089361235986947f,0.05872145958937194f,0.9903295732448011f,0.1256945764162601f,3.664917296865343f,-0.20066130235609164f,0.1350514874371917f,-0.9703072387021333f,3.897530212233647f,0f,0f,0f,1f], start_interpolation: 0, interpolation_duration: 1 }
$data merge entity $(bone_right_pupil1) { transformation: [-0.9778991931280292f,0.03175581990393835f,0.206651242391082f,-0.5380874950897996f,0.05872145958937194f,0.9903295732448011f,0.1256945764162601f,3.7567850701103076f,-0.20066130235609164f,0.1350514874371917f,-0.9703072387021333f,4.015262173956726f,0f,0f,0f,1f], start_interpolation: 0, interpolation_duration: 1 }
$data merge entity $(bone_right_sad_pupil1) { transformation: [-0.9778991931280292f,0.03175581990393835f,0.206651242391082f,-0.5357667047699779f,0.05872145958937194f,0.9903295732448011f,0.1256945764162601f,3.7581966791227948f,-0.20066130235609164f,0.1350514874371917f,-0.9703072387021333f,4.004365168834584f,0f,0f,0f,1f], start_interpolation: 0, interpolation_duration: 1 }
$data merge entity $(bone_right_happy_pupil1) { transformation: [-0.9778991931280292f,0.03175581990393835f,0.206651242391082f,-0.5641135896055484f,0.05872145958937194f,0.9903295732448011f,0.1256945764162601f,3.7320410244003264f,-0.20066130235609164f,0.1350514874371917f,-0.9703072387021333f,3.9949397594944953f,0f,0f,0f,1f], start_interpolation: 0, interpolation_duration: 1 }
$data merge entity $(bone_eyelid_right1) { transformation: [-0.9778991931280292f,0.03175581990393835f,0.206651242391082f,0.0013072526076918951f,0.05872145958937194f,0.9903295732448011f,0.1256945764162601f,3.7477782056218985f,-0.20066130235609164f,0.1350514874371917f,-0.9703072387021333f,3.5386920659831707f,0f,0f,0f,1f], start_interpolation: 0, interpolation_duration: 1 }
$data merge entity $(bone_eyelid_expressions_right5) { transformation: [-0.9778991931280292f,0.03175581990393835f,0.206651242391082f,-0.6584960886911946f,0.05872145958937194f,0.9903295732448011f,0.1256945764162601f,3.876999210709074f,-0.20066130235609164f,0.1350514874371917f,-0.9703072387021333f,3.9936166704576723f,0f,0f,0f,1f], start_interpolation: 0, interpolation_duration: 1 }
$data merge entity $(bone_eyelid_expressions_right7) { transformation: [-0.9778991931280292f,0.03175581990393835f,0.206651242391082f,-0.3290280988189581f,0.05872145958937194f,0.9903295732448011f,0.1256945764162601f,3.857215125202889f,-0.20066130235609164f,0.1350514874371917f,-0.9703072387021333f,4.061222285021004f,0f,0f,0f,1f], start_interpolation: 0, interpolation_duration: 1 }
$data merge entity $(bone_eyelid_expressions_right6) { transformation: [-0.9778991931280292f,0.03175581990393835f,0.206651242391082f,-0.4388507621097036f,0.05872145958937194f,0.9903295732448011f,0.1256945764162601f,3.863809820371617f,-0.20066130235609164f,0.1350514874371917f,-0.9703072387021333f,4.03868708016656f,0f,0f,0f,1f], start_interpolation: 0, interpolation_duration: 1 }
$data merge entity $(bone_right_eye1) { transformation: [-0.9778991931280292f,0.03175581990393835f,0.206651242391082f,-0.011995804041204372f,0.05872145958937194f,0.9903295732448011f,0.1256945764162601f,3.747026066126284f,-0.20066130235609164f,0.1350514874371917f,-0.9703072387021333f,3.547335550619869f,0f,0f,0f,1f], start_interpolation: 0, interpolation_duration: 1 }
$data merge entity $(bone_tear_left1) { transformation: [-0.9778991931280292f,0.03175581990393835f,0.206651242391082f,0.4771486399413563f,0.05872145958937194f,0.9903295732448011f,0.1256945764162601f,3.593694589043077f,-0.20066130235609164f,0.1350514874371917f,-0.9703072387021333f,4.140910424661641f,0f,0f,0f,1f], start_interpolation: 0, interpolation_duration: 1 }
$data merge entity $(bone_left_sad_pupil1) { transformation: [-0.9778991931280292f,0.03175581990393835f,0.206651242391082f,0.2879032699106131f,0.05872145958937194f,0.9903295732448011f,0.1256945764162601f,3.7087364653573327f,-0.20066130235609164f,0.1350514874371917f,-0.9703072387021333f,4.173379205242912f,0f,0f,0f,1f], start_interpolation: 0, interpolation_duration: 1 }
$data merge entity $(bone_left_pupil1) { transformation: [-0.9778991931280292f,0.03175581990393835f,0.206651242391082f,0.28558247959079136f,0.05872145958937194f,0.9903295732448011f,0.1256945764162601f,3.7073248563448455f,-0.20066130235609164f,0.1350514874371917f,-0.9703072387021333f,4.184276210365056f,0f,0f,0f,1f], start_interpolation: 0, interpolation_duration: 1 }
$data merge entity $(bone_eyelid_left1) { transformation: [-0.9778991931280292f,0.03175581990393835f,0.206651242391082f,-0.020657280050457198f,0.05872145958937194f,0.9903295732448011f,0.1256945764162601f,3.7490971446556443f,-0.20066130235609164f,0.1350514874371917f,-0.9703072387021333f,3.5341850250122815f,0f,0f,0f,1f], start_interpolation: 0, interpolation_duration: 1 }
$data merge entity $(bone_left_happy_pupil1) { transformation: [-0.9778991931280292f,0.03175581990393835f,0.206651242391082f,0.3144677167204153f,0.05872145958937194f,0.9903295732448011f,0.1256945764162601f,3.6792834630505f,-0.20066130235609164f,0.1350514874371917f,-0.9703072387021333f,4.175221398330046f,0f,0f,0f,1f], start_interpolation: 0, interpolation_duration: 1 }
$data merge entity $(bone_eyelid_expressions_left5) { transformation: [-0.9778991931280292f,0.03175581990393835f,0.206651242391082f,0.4177660115581111f,0.05872145958937194f,0.9903295732448011f,0.1256945764162601f,3.812371198055536f,-0.20066130235609164f,0.1350514874371917f,-0.9703072387021333f,4.214461678031222f,0f,0f,0f,1f], start_interpolation: 0, interpolation_duration: 1 }
$data merge entity $(bone_eyelid_expressions_left7) { transformation: [-0.9778991931280292f,0.03175581990393835f,0.206651242391082f,0.08829802168587458f,0.05872145958937194f,0.9903295732448011f,0.1256945764162601f,3.832155283561721f,-0.20066130235609164f,0.1350514874371917f,-0.9703072387021333f,4.146856063467891f,0f,0f,0f,1f], start_interpolation: 0, interpolation_duration: 1 }
$data merge entity $(bone_eyelid_expressions_left6) { transformation: [-0.9778991931280292f,0.03175581990393835f,0.206651242391082f,0.19812068497662008f,0.05872145958937194f,0.9903295732448011f,0.1256945764162601f,3.825560588392993f,-0.20066130235609164f,0.1350514874371917f,-0.9703072387021333f,4.169391268322335f,0f,0f,0f,1f], start_interpolation: 0, interpolation_duration: 1 }
$data merge entity $(bone_left_eye1) { transformation: [-0.9778991931280292f,0.03175581990393835f,0.206651242391082f,-0.011995804041204372f,0.05872145958937194f,0.9903295732448011f,0.1256945764162601f,3.747026066126284f,-0.20066130235609164f,0.1350514874371917f,-0.9703072387021333f,3.547335550619869f,0f,0f,0f,1f], start_interpolation: 0, interpolation_duration: 1 }
$data merge entity $(bone_crest_middle5) { transformation: [-0.9778991931280292f,0.07573059529798984f,0.19487956541249055f,-0.06651298299638603f,0.05872145958937194f,0.9940600936853357f,-0.09163143743276483f,5.0594035662257095f,-0.20066130235609164f,-0.07816269620549826f,-0.9765375746271332f,4.1970723265658965f,0f,0f,0f,1f], start_interpolation: 0, interpolation_duration: 1 }
$data merge entity $(bone_crest_middle4) { transformation: [-0.9778991931280292f,0.07573059529798984f,0.19487956541249055f,-0.11754238803116435f,0.05872145958937194f,0.9940600936853357f,-0.09163143743276483f,4.389577917160396f,-0.20066130235609164f,-0.07816269620549826f,-0.9765375746271332f,4.249740549594992f,0f,0f,0f,1f], start_interpolation: 0, interpolation_duration: 1 }
$data merge entity $(bone_crest_middle1) { transformation: [-0.9778991931280292f,0.07573059529798984f,0.19487956541249055f,-0.17222892836243106f,0.05872145958937194f,0.9940600936853357f,-0.09163143743276483f,3.8949266932510045f,-0.20066130235609164f,-0.07816269620549826f,-0.9765375746271332f,4.371494378172885f,0f,0f,0f,1f], start_interpolation: 0, interpolation_duration: 1 }
$data merge entity $(bone_crest_left5) { transformation: [-0.5522074403321212f,-0.7738061299718525f,0.3103079374747457f,-1.1873956609908394f,-0.8036844733712675f,0.5930593873849879f,0.04870144039441045f,4.476743340045624f,-0.22171650841512552f,-0.22249637357163043f,-0.9493877783306874f,3.984730367177555f,0f,0f,0f,1f], start_interpolation: 0, interpolation_duration: 1 }
$data merge entity $(bone_crest_left4) { transformation: [-0.5522074403321212f,-0.7738061299718525f,0.3103079374747457f,-0.7528853829304729f,-0.8036844733712675f,0.5930593873849879f,0.04870144039441045f,4.143726594199561f,-0.22171650841512552f,-0.22249637357163043f,-0.9493877783306874f,4.109667295696781f,0f,0f,0f,1f], start_interpolation: 0, interpolation_duration: 1 }
$data merge entity $(bone_crest_left1) { transformation: [-0.5522074403321212f,-0.7738061299718525f,0.3103079374747457f,-0.25749955909063516f,-0.8036844733712675f,0.5930593873849879f,0.04870144039441045f,3.7801428737910396f,-0.22171650841512552f,-0.22249637357163043f,-0.9493877783306874f,4.193787568187056f,0f,0f,0f,1f], start_interpolation: 0, interpolation_duration: 1 }
$data merge entity $(bone_crest_center1) { transformation: [-0.9778991931280292f,0.03175581990393835f,0.206651242391082f,-0.14856846624529643f,0.05872145958937194f,0.9903295732448011f,0.1256945764162601f,3.7457438712106854f,-0.20066130235609164f,0.1350514874371917f,-0.9703072387021333f,4.212531092802367f,0f,0f,0f,1f], start_interpolation: 0, interpolation_duration: 1 }
$data merge entity $(bone_crest_right5) { transformation: [-0.4986422666086089f,0.8615857665231962f,0.09500450976698457f,0.9727923043708919f,0.8667865078491143f,0.4948564234827082f,0.061630105862630444f,4.347027116528064f,0.006086030082542257f,0.1130800029295122f,-0.9935672464283911f,4.427992958566859f,0f,0f,0f,1f], start_interpolation: 0, interpolation_duration: 1 }
$data merge entity $(bone_crest_right4) { transformation: [-0.4986422666086089f,0.8615857665231962f,0.09500450976698457f,0.48899170305171435f,0.8667865078491143f,0.4948564234827082f,0.061630105862630444f,4.069153636545098f,0.006086030082542257f,0.1130800029295122f,-0.9935672464283911f,4.36449588660937f,0f,0f,0f,1f], start_interpolation: 0, interpolation_duration: 1 }
$data merge entity $(bone_crest_right1) { transformation: [-0.4986422666086089f,0.8615857665231962f,0.09500450976698457f,-0.03785423250914424f,0.8667865078491143f,0.4948564234827082f,0.061630105862630444f,3.7669534834535834f,0.006086030082542257f,0.1130800029295122f,-0.9935672464283911f,4.238857977895943f,0f,0f,0f,1f], start_interpolation: 0, interpolation_duration: 1 }
$data merge entity $(bone_head1) { transformation: [-1.0250115240469573f,0.0332857226857687f,0.21660709651669394f,0.11386449983368124f,0.061550488241464044f,1.0380407636224798f,0.13175017449881424f,3.7690552351904523f,-0.21032857864147617f,0.14155787420174384f,-1.017053811400022f,2.940416811355477f,0f,0f,0f,1f], start_interpolation: 0, interpolation_duration: 1 }
$data merge entity $(bone_neck10) { transformation: [-1.4946245456379417f,0.07967236169838729f,0.044091541615202276f,0.12137801472499668f,0.08104373718852702f,1.4944694728342511f,0.04676739369537753f,3.3540361613481333f,-0.041517007636879655f,0.04906721137320557f,-1.4960157180086588f,1.8597854488623462f,0f,0f,0f,1f], start_interpolation: 0, interpolation_duration: 1 }
$data merge entity $(bone_neck9) { transformation: [-1.143387777413026f,0.010343786039864376f,0.06888791658482894f,0.1112779711050372f,0.06199845894922321f,0.6675943124739725f,0.9287960882448103f,2.62275630187827f,-0.03176051084221296f,0.9308055589333906f,-0.6669186081586539f,0.7958870094069692f,0f,0f,0f,1f], start_interpolation: 0, interpolation_duration: 1 }
$data merge entity $(bone_neck8) { transformation: [-1.0611834274029386f,-0.007832382575524675f,0.0641757320601875f,0.1225274958054856f,0.057541053403854195f,0.36673827938077647f,0.9962340081561764f,2.3073446839163734f,-0.02947707542218456f,0.9978636307717283f,-0.3656356298345891f,-0.22480196671085206f,0f,0f,0f,1f], start_interpolation: 0, interpolation_duration: 1 }
$data merge entity $(bone_neck7) { transformation: [-1.0521182256673485f,-0.06188633243838317f,0.06036500583881225f,0.18507219348257498f,0.05202192995801633f,0.13551666207663193f,1.0456364406221959f,2.170386355221905f,-0.06904759862614451f,1.0450990044062511f,-0.13201179101515503f,-1.2810190456320634f,0f,0f,0f,1f], start_interpolation: 0, interpolation_duration: 1 }
$data merge entity $(bone_neck6) { transformation: [-1.0241439974857869f,-0.20546051948855454f,0.10359324089504443f,0.3752790637203013f,0.13789987467658005f,-0.1697482676515288f,1.0266380386520368f,2.341540373199786f,-0.18419883059300055f,1.0152773083126652f,0.19261176040775094f,-2.210433777820313f,0f,0f,0f,1f], start_interpolation: 0, interpolation_duration: 1 }
$data merge entity $(bone_neck_spine6) { transformation: [-1.2458107304922583f,0.21561338149476472f,-0.14646454187771474f,0.4878704595988987f,-0.14837199043621654f,0.0014080168264697186f,1.2641080406592313f,4.5278713034918345f,0.21430526069383135f,1.2543899934732097f,0.023756431338471145f,-5.5539464974441675f,0f,0f,0f,1f], start_interpolation: 0, interpolation_duration: 1 }
$data merge entity $(bone_neck_spine7) { transformation: [-0.9461799738788846f,0.22222326816583401f,-0.23528764548154452f,-0.37747300274337503f,-0.13618245740854737f,0.38613413836300403f,0.9123347880492279f,4.30591877143425f,0.29359461051715885f,0.8952749556847639f,-0.33508947819787094f,-9.136397340338283f,0f,0f,0f,1f], start_interpolation: 0, interpolation_duration: 1 }
$data merge entity $(bone_tail6) { transformation: [-1.6780503900172896f,0.2044596579769049f,-0.32809308793376984f,-0.9029057533006437f,-0.329764475163504f,0.005659766392513402f,1.6901258223847255f,4.1580955781056925f,0.20175286121908645f,1.709814654525886f,0.033638782462547756f,-12.868443812554155f,0f,0f,0f,1f], start_interpolation: 0, interpolation_duration: 1 }
$data merge entity $(bone_tail5) { transformation: [-1.3862155395795002f,0.21339992349544398f,-0.237586383659269f,-0.7681268542508896f,-0.2724141316568076f,-0.23784157643328455f,1.3757915047757894f,4.007879845621513f,0.1666654070940279f,1.3861717773752658f,0.2726367269945724f,-11.992966900527671f,0f,0f,0f,1f], start_interpolation: 0, interpolation_duration: 1 }
$data merge entity $(bone_tail4) { transformation: [-1.021748917049358f,0.18085238771593715f,-0.14831305536291037f,-0.6906186880869165f,-0.1850571142842052f,-0.21863643044557027f,1.0082793133650985f,3.9141785182876974f,0.143032209611821f,1.0090419828553403f,0.24505358980046857f,-11.56052033644681f,0f,0f,0f,1f], start_interpolation: 0, interpolation_duration: 1 }
$data merge entity $(bone_segment18) { transformation: [-0.9889680889117966f,0.04382863893059024f,-0.1414961820108263f,-0.6660078800936652f,-0.14781485565242525f,-0.22984738912528352f,0.9619360405768891f,3.785113822245668f,0.009637819390381538f,0.9722392854240062f,0.23379025710156506f,-11.014585190822979f,0f,0f,0f,1f], start_interpolation: 0, interpolation_duration: 1 }
$data merge entity $(bone_segment17) { transformation: [-0.9811847292301292f,0.12581543341568266f,-0.14644795608004224f,-0.5741650710329006f,-0.15579843487332268f,-0.06795778611955464f,0.9854484192471726f,3.7355059656789034f,0.11403234109944874f,0.9897233027569637f,0.08628098958186625f,-10.292106510343652f,0f,0f,0f,1f], start_interpolation: 0, interpolation_duration: 1 }
$data merge entity $(bone_segment16) { transformation: [-0.9650218555768868f,0.20488982279972448f,-0.16356337845630275f,-0.37857932710054626f,-0.14658710870993147f,0.09556344941347833f,0.984570894702997f,3.826729863922727f,0.21735923679246955f,0.9741087144920195f,-0.06218661055002112f,-9.3622322247812f,0f,0f,0f,1f], start_interpolation: 0, interpolation_duration: 1 }
$data merge entity $(bone_segment15) { transformation: [-0.9461799738788846f,0.2755481176516942f,-0.1697547993111277f,-0.053653202037635406f,-0.13618245740854737f,0.13684731799999025f,0.9811866029713097f,3.988100114396348f,0.29359461051715885f,0.9514967400967895f,-0.09195737197451906f,-8.240228012215894f,0f,0f,0f,1f], start_interpolation: 0, interpolation_duration: 1 }
$data merge entity $(bone_segment14) { transformation: [-0.9945044652602295f,0.29546159159194585f,-0.14946074567120055f,0.27874108850330365f,-0.14314208060658057f,0.04300071546333534f,1.0374663759633043f,4.0364759192926005f,0.2985739629677313f,1.0047529967055422f,-0.0004497489836065041f,-7.10988089092216f,0f,0f,0f,1f], start_interpolation: 0, interpolation_duration: 1 }
$data merge entity $(bone_segment13) { transformation: [-1.003976882808467f,0.19161547755210648f,-0.08606706322316254f,0.511874673554146f,-0.11957036876330392f,-0.17578182440828777f,1.003442718317637f,3.79730173640349f,0.17270482773561702f,0.992208582301806f,0.1943933731037113f,-5.920206071494853f,0f,0f,0f,1f], start_interpolation: 0, interpolation_duration: 1 }
$data merge entity $(bone_segment12) { transformation: [-1.1108214521534472f,0.08316552429292769f,-0.060275021331111366f,0.6123430921630519f,-0.08467268781682946f,-0.37091147490482634f,1.0486796912849394f,3.3492207600083974f,0.05813878709826346f,1.048800292975114f,0.3756483835739665f,-4.6531990061557895f,0f,0f,0f,1f], start_interpolation: 0, interpolation_duration: 1 }
$data merge entity $(bone_segment11) { transformation: [-1.1870176815273221f,-0.06874560204339007f,-0.05818854545819154f,0.5328965030104618f,-0.025724153980833633f,-0.47828439437436027f,1.0898188596648841f,2.7964862919333053f,-0.08631415020040774f,1.0879526281869951f,0.47542800419994f,-3.395894932878515f,0f,0f,0f,1f], start_interpolation: 0, interpolation_duration: 1 }
$data merge entity $(bone_segment10) { transformation: [-1.039033286297929f,-0.12986211438466447f,-0.04712599322713362f,0.36828345869524415f,-7.273189573756925e-18f,-0.35755987454192867f,0.9853050969840426f,2.3598658941986166f,-0.13814857216091492f,0.9767097651760618f,0.3544406927044296f,-2.1578189272639063f,0f,0f,0f,1f], start_interpolation: 0, interpolation_duration: 1 }