# This file was generated by Animated Java via MC-Build. It is not recommended to edit this file directly.
$data merge entity $(bone_neck_spine5) { transformation: [-1.5690316535554607f,-0.0939715027250073f,-0.03644478526844651f,-0.16941425435566299f,-0.0998618659164607f,1.372356499099612f,0.7607131145651307f,3.7034333210560435f,-0.013655527574651116f,0.7614631912386202f,-1.3755022829904708f,0.21958273757899827f,0f,0f,0f,1f], start_interpolation: 0, interpolation_duration: 1 }
$data merge entity $(bone_neck_spine2) { transformation: [-1.4943158605290097f,-0.08782689677842749f,0.0387405066789873f,-0.393632713016772f,-0.09510653896805776f,1.4364837986336267f,-0.41190208083068824f,5.216040766908304f,-0.013005264356810582f,-0.4135154339917733f,-1.4391074076084913f,1.9903863329690896f,0f,0f,0f,1f], start_interpolation: 0, interpolation_duration: 1 }
$data merge entity $(bone_scale_neck_left1) { transformation: [-1.6139682286391888f,0.31336173227859493f,0.09983016840770523f,0.4446467362579997f,0.31972373735140036f,1.6121572045783463f,0.10854013238363622f,4.391621126966032f,-0.07706081724849105f,0.125732467195879f,-1.6405206667322128f,2.213789703311196f,0f,0f,0f,1f], start_interpolation: 0, interpolation_duration: 1 }
$data merge entity $(bone_scale_neck_right1) { transformation: [-1.5615079924611674f,-0.5173356282924683f,-0.08433100270247725f,-1.1243849172974603f,-0.5218286342754727f,1.559287022991807f,0.09681909531293742f,4.291759261049571f,0.04942415166457899f,0.11850277830607031f,-1.6421234501716524f,2.200134175736545f,0f,0f,0f,1f], start_interpolation: 0, interpolation_duration: 1 }
$data merge entity $(bone_blush_right1) { transformation: [-0.9945170237134937f,-0.07722012664392146f,0.07051908667269627f,-1.0611559219174684f,-0.07321794322321298f,0.9956466574054835f,0.057678994334594114f,4.127338373394211f,-0.074666072176169f,0.05219947929227392f,-0.9958414492414938f,3.5266552712791306f,0f,0f,0f,1f], start_interpolation: 0, interpolation_duration: 1 }
$data merge entity $(bone_blush_left1) { transformation: [-0.9945170237134937f,-0.07722012664392146f,0.07051908667269627f,0.25677337610910467f,-0.07321794322321298f,0.9956466574054835f,0.057678994334594114f,4.224366448544504f,-0.074666072176169f,0.05219947929227392f,-0.9958414492414938f,3.625602400129776f,0f,0f,0f,1f], start_interpolation: 0, interpolation_duration: 1 }
$data merge entity $(bone_left_head_scales) { transformation: [-0.9147094642917499f,-0.07722012664392146f,-0.39666566271382353f,0.23929176819126688f,-0.0915783044688081f,0.9956466574054835f,0.01735360907437021f,4.97466300906925f,0.39359879329809727f,0.05219947929227392f,-0.9177991088881581f,3.2731137158341705f,0f,0f,0f,1f], start_interpolation: 0, interpolation_duration: 1 }
$data merge entity $(bone_left_head_scales2) { transformation: [-0.8551087394835678f,-0.07722012664392146f,-0.5126656763427028f,0.2967897897355712f,-0.09305993989267891f,0.9956466574054835f,0.005251779170792219f,4.0704202831554195f,0.5100283239644589f,0.05219947929227392f,-0.8585722585290189f,3.3939722402924377f,0f,0f,0f,1f], start_interpolation: 0, interpolation_duration: 1 }
$data merge entity $(bone_left_head_scales1) { transformation: [-0.9945170237134937f,-0.07722012664392146f,0.07051908667269627f,0.2479639503827229f,-0.07321794322321298f,0.9956466574054835f,0.057678994334594114f,4.862847222348908f,-0.074666072176169f,0.05219947929227392f,-0.9958414492414938f,3.267251469624589f,0f,0f,0f,1f], start_interpolation: 0, interpolation_duration: 1 }
$data merge entity $(bone_right_head_scales) { transformation: [-0.8495852833363127f,-0.07722012664392146f,0.5217680503628546f,-1.100975314547621f,-0.038311913175227676f,0.9956466574054835f,0.0849701765688503f,4.875990390272341f,-0.5260580230803551f,0.05219947929227392f,-0.8488451983220522f,3.1724895170030054f,0f,0f,0f,1f], start_interpolation: 0, interpolation_duration: 1 }
$data merge entity $(bone_right_head_scales2) { transformation: [-0.7742125666266565f,-0.07722012664392146f,0.6281973843613663f,-1.043477293003317f,-0.026893315847181583f,0.9956466574054835f,0.08924395307263966f,3.971747664358511f,-0.6323540552887353f,0.05219947929227392f,-0.7729188593387449f,3.2933480414612726f,0f,0f,0f,1f], start_interpolation: 0, interpolation_duration: 1 }
$data merge entity $(bone_right_head_scales1) { transformation: [-0.9945170237134937f,-0.07722012664392146f,0.07051908667269627f,-1.0923031323561652f,-0.07321794322321298f,0.9956466574054835f,0.057678994334594114f,4.764174603551999f,-0.074666072176169f,0.05219947929227392f,-0.9958414492414938f,3.1666272707934238f,0f,0f,0f,1f], start_interpolation: 0, interpolation_duration: 1 }
$data merge entity $(bone_head_left_fin1) { transformation: [-0.5862362173645274f,0.07328594815167648f,-0.8658126040193769f,0.28642429850057516f,0.18246810519748047f,1.0315365482496555f,-0.036234489592112666f,4.448396575305298f,0.849533805131347f,-0.17098747747677145f,-0.5896870309836894f,3.161390175910907f,0f,0f,0f,1f], start_interpolation: 0, interpolation_duration: 1 }
$data merge entity $(bone_head_right_fin1) { transformation: [-0.42067369443566444f,-0.1965148728445304f,0.9397290809514842f,-1.053842784238313f,-0.2565984327787966f,1.011673377763629f,0.09669239393544894f,4.34972395650839f,-0.9251303071084032f,-0.19124350838760676f,-0.4541310751251059f,3.060765977079742f,0f,0f,0f,1f], start_interpolation: 0, interpolation_duration: 1 }
$data merge entity $(bone_right_whisker16) { transformation: [-0.1921769041734131f,-0.4040467967218567f,0.8943233327835803f,-1.2140236138124827f,0.9594580843561598f,0.11410083361481071f,0.2577230764444945f,2.5854438365197905f,-0.20617522127048196f,0.9075941746327004f,0.3657384206052949f,1.5861020144312663f,0f,0f,0f,1f], start_interpolation: 0, interpolation_duration: 1 }
$data merge entity $(bone_right_whisker15) { transformation: [0.4543594473530427f,-0.29020371169585774f,0.8422228317488111f,-1.3671037010554512f,0.17057118264235593f,0.9562967892216665f,0.2374908894596176f,2.527976006430325f,-0.8743357274256988f,0.03575271517353473f,0.48400287096740896f,1.8806780163471513f,0f,0f,0f,1f], start_interpolation: 0, interpolation_duration: 1 }
$data merge entity $(bone_right_whisker14) { transformation: [0.7228428020359834f,-0.2173578070632861f,0.6559373958339381f,-1.6106396060382773f,-0.3729053015945538f,0.6764552757242259f,0.6350983356831734f,2.6536130465183336f,-0.5817558934703144f,-0.7036787929542146f,0.4079169483596575f,2.076679757799552f,0f,0f,0f,1f], start_interpolation: 0, interpolation_duration: 1 }
$data merge entity $(bone_right_whisker13) { transformation: [0.2479660641022235f,-0.438972594836344f,0.863606329316952f,-1.6941828600570927f,-0.07697874898273344f,0.8797005113574222f,0.4692560948166188f,2.679548269564274f,-0.9657054950960491f,-0.18283892173204572f,0.18434431220180725f,2.402039519330936f,0f,0f,0f,1f], start_interpolation: 0, interpolation_duration: 1 }
$data merge entity $(bone_right_whisker12) { transformation: [-0.37786539618965487f,-0.32768991924330104f,0.8659313247531553f,-1.524438639112521f,-0.5981099885894637f,0.8003198210956677f,0.04186437042295327f,2.948230491000947f,-0.7067405350706488f,-0.5021030778512686f,-0.498407780136241f,2.7195206190697037f,0f,0f,0f,1f], start_interpolation: 0, interpolation_duration: 1 }
$data merge entity $(bone_right_whisker11) { transformation: [-0.8569683704241428f,-0.23813727354393338f,0.45705125647092537f,-1.1394723789610506f,-0.36044750624668054f,0.9108037708720593f,-0.20128111239206375f,3.1101502691976983f,-0.3683514725545954f,-0.33723453250564217f,-0.866366009693687f,2.8849910071313385f,0f,0f,0f,1f], start_interpolation: 0, interpolation_duration: 1 }
$data merge entity $(bone_right_whisker10) { transformation: [-0.3886084662714019f,-0.5779961426904968f,0.7175680587770724f,-0.9649021695031944f,-0.7241370105814569f,0.6731368671971185f,0.15004115410846375f,3.435446191919837f,-0.5697447234054389f,-0.46131032619588674f,-0.6801350844477179f,3.1409310195986255f,0f,0f,0f,1f], start_interpolation: 0, interpolation_duration: 1 }
$data merge entity $(bone_right_whisker1) { transformation: [0.16066956714434869f,-0.5679831339458892f,0.8072053330761971f,-1.0370779516188198f,-0.8688820896464258f,0.3065709651637203f,0.3886620094764157f,3.8257643181281926f,-0.4682191842345937f,-0.7638124134050134f,-0.44425374803494944f,3.3512638562665096f,0f,0f,0f,1f], start_interpolation: 0, interpolation_duration: 1 }
$data merge entity $(bone_left_whisker16) { transformation: [-0.07886468630253327f,0.24380286963935044f,-0.966612912188753f,0.9190463628207847f,-0.9794126022873818f,0.16179656828579153f,0.1207179562931713f,2.7424838797933666f,0.1858260362141476f,0.9562332514855147f,0.2260235673959221f,1.7462480481687463f,0f,0f,0f,1f], start_interpolation: 0, interpolation_duration: 1 }
$data merge entity $(bone_left_whisker15) { transformation: [0.33941205143150166f,0.1392783313256783f,-0.9302693189427431f,1.0333990559300308f,-0.11213244791542315f,0.9879159481616736f,0.10699716581440805f,2.704704881228112f,0.9339302829802418f,0.0679972484072392f,0.35092819884057436f,2.060902293899394f,0f,0f,0f,1f], start_interpolation: 0, interpolation_duration: 1 }
$data merge entity $(bone_left_whisker14) { transformation: [0.5663271106055847f,0.21859530788586373f,-0.7946632589741487f,1.224202623468045f,0.4678160645259053f,0.7085508453899343f,0.5283027818104908f,2.8623186920302963f,0.678543833193276f,-0.6709484263842439f,0.2990091563278327f,2.2895132533248628f,0f,0f,0f,1f], start_interpolation: 0, interpolation_duration: 1 }
$data merge entity $(bone_left_whisker13) { transformation: [0.08791179276349459f,0.3284120970800779f,-0.9404344800062228f,1.253821342709652f,0.10170661715144697f,0.9361966069127312f,0.3364397081687857f,2.8965850815979226f,0.9909224393062847f,-0.12522542751595736f,0.048901038667171604f,2.6233689579739528f,0f,0f,0f,1f], start_interpolation: 0, interpolation_duration: 1 }
$data merge entity $(bone_left_whisker12) { transformation: [-0.561665760225696f,0.27853881068804015f,-0.779068485263384f,1.0015105519832652f,0.5289401933757053f,0.8449513554686584f,-0.07924316199741202f,3.134194934090915f,0.6362026765282921f,-0.456588806074096f,-0.6219106178110072f,2.9091631290706466f,0f,0f,0f,1f], start_interpolation: 0, interpolation_duration: 1 }
$data merge entity $(bone_left_whisker11) { transformation: [-0.9454231074696375f,0.15036955202250146f,-0.28907463687948676f,0.5768087654246388f,0.22775254603205514f,0.9394062683838048f,-0.25621210099667674f,3.2365056481287526f,0.23303202706574794f,-0.3080663252381971f,-0.9223834417506971f,3.013845484979088f,0f,0f,0f,1f], start_interpolation: 0, interpolation_duration: 1 }
$data merge entity $(bone_left_whisker10) { transformation: [-0.57018184300977f,0.5358341559398996f,-0.6227153629308964f,0.32067239063509373f,0.6535493255503965f,0.7551388456659244f,0.05136733241036642f,3.5300922592158446f,0.49776093154706724f,-0.377686485189119f,-0.780760509971454f,3.237449028447497f,0f,0f,0f,1f], start_interpolation: 0, interpolation_duration: 1 }
$data merge entity $(bone_left_whisker1) { transformation: [-0.03891925596388246f,0.6243498362077939f,-0.7801747070640775f,0.3031891311200684f,0.8778455434223442f,0.3943524366018877f,0.2717965372106188f,3.9244369369251006f,0.47735992019517853f,-0.674294770685236f,-0.5634306246715717f,3.4518880550976747f,0f,0f,0f,1f], start_interpolation: 0, interpolation_duration: 1 }
$data merge entity $(bone_upper_left_tooth1) { transformation: [-0.9945170237134937f,-0.07078013737180237f,0.0769809177503315f,-0.15550241549044863f,-0.07321794322321298f,0.9968849768722808f,-0.029316815593011594f,4.24957524179307f,-0.074666072176169f,-0.03479245665343359f,-0.9966014562631353f,4.354305954932257f,0f,0f,0f,1f], start_interpolation: 0, interpolation_duration: 1 }
$data merge entity $(bone_upper_right_tooth1) { transformation: [-0.9945170237134937f,-0.07078013737180237f,0.0769809177503315f,-0.8256359568598926f,-0.07321794322321298f,0.9968849768722808f,-0.029316815593011594f,4.200238932394615f,-0.074666072176169f,-0.03479245665343359f,-0.9966014562631353f,4.303993855516675f,0f,0f,0f,1f], start_interpolation: 0, interpolation_duration: 1 }
$data merge entity $(bone_top_lip1) { transformation: [-0.9945170237134937f,-0.040182548264185707f,0.09654663307982783f,-0.4713904332098438f,-0.07321794322321298f,0.9267385150682392f,-0.36850353794675766f,4.350113134346005f,-0.074666072176169f,-0.3735519876859328f,-0.924599313303699f,4.326948177964232f,0f,0f,0f,1f], start_interpolation: 0, interpolation_duration: 1 }
$data merge entity $(bone_muzzle1) { transformation: [-0.9945170237134937f,-0.07078013737180237f,0.0769809177503315f,-0.4400872554658939f,-0.07321794322321298f,0.9968849768722808f,-0.029316815593011594f,4.501583338979293f,-0.074666072176169f,-0.03479245665343359f,-0.9966014562631353f,3.7614720684681178f,0f,0f,0f,1f], start_interpolation: 0, interpolation_duration: 1 }
$data merge entity $(bone_jaw_right_tooth1) { transformation: [-0.9945170237134937f,-0.004738350804655435f,0.10446739958334626f,-0.8291258138357827f,-0.07321794322321298f,0.7448137111431485f,-0.6632432950911248f,4.236403866255539f,-0.074666072176169f,-0.6672556359633255f,-0.7410768475272728f,4.315013587434622f,0f,0f,0f,1f], start_interpolation: 0, interpolation_duration: 1 }
$data merge entity $(bone_jaw_left_tooth1) { transformation: [-0.9945170237134937f,-0.004738350804655435f,0.10446739958334626f,-0.10314781068555165f,-0.07321794322321298f,0.7448137111431485f,-0.6632432950911248f,4.2898515347705315f,-0.074666072176169f,-0.6672556359633255f,-0.7410768475272728f,4.369518361801503f,0f,0f,0f,1f], start_interpolation: 0, interpolation_duration: 1 }
$data merge entity $(bone_tongue1) { transformation: [-0.9945170237134937f,-0.048444235052455466f,0.09267710415327489f,-0.39127335484407644f,-0.07321794322321298f,0.9553291947832866f,-0.2863306871169763f,4.0252393094853725f,-0.074666072176169f,-0.2915463696994008f,-0.953638134714045f,3.5783992931411643f,0f,0f,0f,1f], start_interpolation: 0, interpolation_duration: 1 }
$data merge entity $(bone_jaw_lips1) { transformation: [-0.9945170237134937f,-0.048444235052455466f,0.09267710415327489f,-0.4124369043550903f,-0.07321794322321298f,0.9553291947832866f,-0.2863306871169763f,4.16322009994827f,-0.074666072176169f,-0.2915463696994008f,-0.953638134714045f,4.4770294525071135f,0f,0f,0f,1f], start_interpolation: 0, interpolation_duration: 1 }
$data merge entity $(bone_jaw3) { transformation: [-0.9945170237134937f,-0.022806938172167425f,0.10205749906432868f,-0.3188236172950464f,-0.07321794322321298f,0.8486693068259519f,-0.5238315954977523f,3.621107689907279f,-0.074666072176169f,-0.52843187945351f,-0.8456859502457243f,3.7617427043037264f,0f,0f,0f,1f], start_interpolation: 0, interpolation_duration: 1 }
$data merge entity $(bone_jaw1) { transformation: [-0.9945170237134937f,-0.08829249029896845f,0.05603860901968462f,-0.2684764295039235f,-0.07321794322321298f,0.9705046952177465f,0.2296949484652882f,3.8274742451690615f,-0.074666072176169f,0.22433250481621186f,-0.9716480355296702f,2.8887776723825382f,0f,0f,0f,1f], start_interpolation: 0, interpolation_duration: 1 }
$data merge entity $(bone_tear_right1) { transformation: [-0.9945170237134937f,-0.07722012664392146f,0.07051908667269627f,-1.042791759399184f,-0.07321794322321298f,0.9956466574054835f,0.057678994334594114f,4.516975126741292f,-0.074666072176169f,0.05219947929227392f,-0.9958414492414938f,3.6520197044449163f,0f,0f,0f,1f], start_interpolation: 0, interpolation_duration: 1 }
$data merge entity $(bone_right_pupil1) { transformation: [-0.9945170237134937f,-0.07722012664392146f,0.07051908667269627f,-0.8719293495135358f,-0.07321794322321298f,0.9956466574054835f,0.057678994334594114f,4.638471799373074f,-0.074666072176169f,0.05219947929227392f,-0.9958414492414938f,3.7388203488146314f,0f,0f,0f,1f], start_interpolation: 0, interpolation_duration: 1 }
$data merge entity $(bone_right_sad_pupil1) { transformation: [-0.9945170237134937f,-0.07722012664392146f,0.07051908667269627f,-0.8711373871143795f,-0.07321794322321298f,0.9956466574054835f,0.057678994334594114f,4.63911956151648f,-0.074666072176169f,0.05219947929227392f,-0.9958414492414938f,3.7276365825389703f,0f,0f,0f,1f], start_interpolation: 0, interpolation_duration: 1 }
$data merge entity $(bone_right_happy_pupil1) { transformation: [-0.9945170237134937f,-0.07722012664392146f,0.07051908667269627f,-0.8968912428033367f,-0.07321794322321298f,0.9956466574054835f,0.057678994334594114f,4.609110319401342f,-0.074666072176169f,0.05219947929227392f,-0.9958414492414938f,3.7240747291032332f,0f,0f,0f,1f], start_interpolation: 0, interpolation_duration: 1 }
$data merge entity $(bone_eyelid_right1) { transformation: [-0.9945170237134937f,-0.07722012664392146f,0.07051908667269627f,-0.39720046294422334f,-0.07321794322321298f,0.9956466574054835f,0.057678994334594114f,4.647257266836653f,-0.074666072176169f,0.05219947929227392f,-0.9958414492414938f,3.1978007696092323f,0f,0f,0f,1f], start_interpolation: 0, interpolation_duration: 1 }
$data merge entity $(bone_eyelid_expressions_right5) { transformation: [-0.9945170237134937f,-0.07722012664392146f,0.07051908667269627f,-1.0082514739970903f,-0.07321794322321298f,0.9956466574054835f,0.057678994334594114f,4.741479248581484f,-0.074666072176169f,0.05219947929227392f,-0.9958414492414938f,3.723855703193685f,0f,0f,0f,1f], start_interpolation: 0, interpolation_duration: 1 }
$data merge entity $(bone_eyelid_expressions_right7) { transformation: [-0.9945170237134937f,-0.07722012664392146f,0.07051908667269627f,-0.6731847033123682f,-0.07321794322321298f,0.9956466574054835f,0.057678994334594114f,4.766147403280711f,-0.074666072176169f,0.05219947929227392f,-0.9958414492414938f,3.7490117529014766f,0f,0f,0f,1f], start_interpolation: 0, interpolation_duration: 1 }
$data merge entity $(bone_eyelid_expressions_right6) { transformation: [-0.9945170237134937f,-0.07722012664392146f,0.07051908667269627f,-0.7848736268739422f,-0.07321794322321298f,0.9956466574054835f,0.057678994334594114f,4.7579246850476355f,-0.074666072176169f,0.05219947929227392f,-0.9958414492414938f,3.7406264029988794f,0f,0f,0f,1f], start_interpolation: 0, interpolation_duration: 1 }
$data merge entity $(bone_right_eye1) { transformation: [-0.9945170237134937f,-0.07722012664392146f,0.07051908667269627f,-0.409161317699537f,-0.07321794322321298f,0.9956466574054835f,0.057678994334594114f,4.64578723286994f,-0.074666072176169f,0.05219947929227392f,-0.9958414492414938f,3.208146000894634f,0f,0f,0f,1f], start_interpolation: 0, interpolation_duration: 1 }
$data merge entity $(bone_tear_left1) { transformation: [-0.9945170237134937f,-0.07722012664392146f,0.07051908667269627f,0.1634486150658152f,-0.07321794322321298f,0.9956466574054835f,0.057678994334594114f,4.605780483658509f,-0.074666072176169f,0.05219947929227392f,-0.9958414492414938f,3.742581483392965f,0f,0f,0f,1f], start_interpolation: 0, interpolation_duration: 1 }
$data merge entity $(bone_left_sad_pupil1) { transformation: [-0.9945170237134937f,-0.07722012664392146f,0.07051908667269627f,-0.033470460402574564f,-0.07321794322321298f,0.9956466574054835f,0.057678994334594114f,4.700789948264548f,-0.074666072176169f,0.05219947929227392f,-0.9958414492414938f,3.7905267068084485f,0f,0f,0f,1f], start_interpolation: 0, interpolation_duration: 1 }
$data merge entity $(bone_left_pupil1) { transformation: [-0.9945170237134937f,-0.07722012664392146f,0.07051908667269627f,-0.03426242280173081f,-0.07321794322321298f,0.9956466574054835f,0.057678994334594114f,4.700142186121142f,-0.074666072176169f,0.05219947929227392f,-0.9958414492414938f,3.8017104730841096f,0f,0f,0f,1f], start_interpolation: 0, interpolation_duration: 1 }
$data merge entity $(bone_eyelid_left1) { transformation: [-0.9945170237134937f,-0.07722012664392146f,0.07051908667269627f,-0.41953824765653813f,-0.07321794322321298f,0.9956466574054835f,0.057678994334594114f,4.645612723190038f,-0.074666072176169f,0.05219947929227392f,-0.9958414492414938f,3.196123699628713f,0f,0f,0f,1f], start_interpolation: 0, interpolation_duration: 1 }
$data merge entity $(bone_left_happy_pupil1) { transformation: [-0.9945170237134937f,-0.07722012664392146f,0.07051908667269627f,-0.0033798543107446677f,-0.07321794322321298f,0.9956466574054835f,0.057678994334594114f,4.674892065265947f,-0.074666072176169f,0.05219947929227392f,-0.9958414492414938f,3.79115752832401f,0f,0f,0f,1f], start_interpolation: 0, interpolation_duration: 1 }
$data merge entity $(bone_eyelid_expressions_left5) { transformation: [-0.9945170237134937f,-0.07722012664392146f,0.07051908667269627f,0.0862999769063349f,-0.07321794322321298f,0.9956466574054835f,0.057678994334594114f,4.822061887265626f,-0.074666072176169f,0.05219947929227392f,-0.9958414492414938f,3.806032132239136f,0f,0f,0f,1f], start_interpolation: 0, interpolation_duration: 1 }
$data merge entity $(bone_eyelid_expressions_left7) { transformation: [-0.9945170237134937f,-0.07722012664392146f,0.07051908667269627f,-0.2487667937783871f,-0.07321794322321298f,0.9956466574054835f,0.057678994334594114f,4.797393732566399f,-0.074666072176169f,0.05219947929227392f,-0.9958414492414938f,3.780876082531345f,0f,0f,0f,1f], start_interpolation: 0, interpolation_duration: 1 }
$data merge entity $(bone_eyelid_expressions_left6) { transformation: [-0.9945170237134937f,-0.07722012664392146f,0.07051908667269627f,-0.13707787021681306f,-0.07321794322321298f,0.9956466574054835f,0.057678994334594114f,4.805616450799475f,-0.074666072176169f,0.05219947929227392f,-0.9958414492414938f,3.789261432433942f,0f,0f,0f,1f], start_interpolation: 0, interpolation_duration: 1 }
$data merge entity $(bone_left_eye1) { transformation: [-0.9945170237134937f,-0.07722012664392146f,0.07051908667269627f,-0.409161317699537f,-0.07321794322321298f,0.9956466574054835f,0.057678994334594114f,4.64578723286994f,-0.074666072176169f,0.05219947929227392f,-0.9958414492414938f,3.208146000894634f,0f,0f,0f,1f], start_interpolation: 0, interpolation_duration: 1 }
$data merge entity $(bone_crest_middle5) { transformation: [-0.9945170237134937f,-0.0601265774170501f,0.08556099714335966f,-0.549785561245955f,-0.07321794322321298f,0.9845298753933993f,-0.15918560628404796f,5.99795917004233f,-0.074666072176169f,-0.16457739561060308f,-0.9835340657647879f,3.755247982279869f,0f,0f,0f,1f], start_interpolation: 0, interpolation_duration: 1 }
$data merge entity $(bone_crest_middle4) { transformation: [-0.9945170237134937f,-0.0601265774170501f,0.08556099714335966f,-0.5092705823223568f,-0.07321794322321298f,0.9845298753933993f,-0.15918560628404796f,5.334555250099513f,-0.074666072176169f,-0.16457739561060308f,-0.9835340657647879f,3.866144860181545f,0f,0f,0f,1f], start_interpolation: 0, interpolation_duration: 1 }
$data merge entity $(bone_crest_middle1) { transformation: [-0.9945170237134937f,-0.0601265774170501f,0.08556099714335966f,-0.4860910546629215f,-0.07321794322321298f,0.9845298753933993f,-0.15918560628404796f,4.850410334675898f,-0.074666072176169f,-0.16457739561060308f,-0.9835340657647879f,4.032159486491346f,0f,0f,0f,1f], start_interpolation: 0, interpolation_duration: 1 }
$data merge entity $(bone_crest_left5) { transformation: [-0.46922681307943803f,-0.863522181564671f,0.18481244501684896f,-1.6056825012181615f,-0.8790598461257699f,0.4766894215165557f,-0.004580648813135253f,5.2728835803583065f,-0.08414264564804197f,-0.164610562723062f,-0.9827631341393229f,3.7377246801132835f,0f,0f,0f,1f], start_interpolation: 0, interpolation_duration: 1 }
$data merge entity $(bone_crest_left4) { transformation: [-0.46922681307943803f,-0.863522181564671f,0.18481244501684896f,-1.1207945574684683f,-0.8790598461257699f,0.4766894215165557f,-0.004580648813135253f,5.005211297768444f,-0.08414264564804197f,-0.164610562723062f,-0.9827631341393229f,3.8301573691423467f,0f,0f,0f,1f], start_interpolation: 0, interpolation_duration: 1 }
$data merge entity $(bone_crest_left1) { transformation: [-0.46922681307943803f,-0.863522181564671f,0.18481244501684896f,-0.5770401674019425f,-0.8790598461257699f,0.4766894215165557f,-0.004580648813135253f,4.7105145727528415f,-0.08414264564804197f,-0.164610562723062f,-0.9827631341393229f,3.8766488737412974f,0f,0f,0f,1f], start_interpolation: 0, interpolation_duration: 1 }
$data merge entity $(bone_crest_center1) { transformation: [-0.9945170237134937f,-0.07722012664392146f,0.07051908667269627f,-0.4631832260434875f,-0.07321794322321298f,0.9956466574054835f,0.057678994334594114f,4.690783702116349f,-0.074666072176169f,0.05219947929227392f,-0.9958414492414938f,3.883568680850687f,0f,0f,0f,1f], start_interpolation: 0, interpolation_duration: 1 }
$data merge entity $(bone_crest_right5) { transformation: [-0.5994804015915801f,0.7996605809703277f,-0.0341497196151883f,0.5912143988613845f,0.8003799016901854f,0.599135612153304f,-0.020700995630525583f,5.434622664418084f,0.003906542973939414f,-0.0397425904022847f,-0.9992023145640271f,3.9026626938362106f,0f,0f,0f,1f], start_interpolation: 0, interpolation_duration: 1 }
$data merge entity $(bone_crest_right4) { transformation: [-0.5994804015915801f,0.7996605809703277f,-0.0341497196151883f,0.142186240601679f,0.8003799016901854f,0.599135612153304f,-0.020700995630525583f,5.098193975953094f,0.003906542973939414f,-0.0397425904022847f,-0.9992023145640271f,3.924979089814056f,0f,0f,0f,1f], start_interpolation: 0, interpolation_duration: 1 }
$data merge entity $(bone_crest_right1) { transformation: [-0.5994804015915801f,0.7996605809703277f,-0.0341497196151883f,-0.3536623202787945f,0.8003799016901854f,0.599135612153304f,-0.020700995630525583f,4.726960009218993f,0.003906542973939414f,-0.0397425904022847f,-0.9992023145640271f,3.8934195735464914f,0f,0f,0f,1f], start_interpolation: 0, interpolation_duration: 1 }
$data merge entity $(bone_head1) { transformation: [-1.0424299532413568f,-0.08094036712025618f,0.07391649058791727f,-0.3612672946502149f,-0.07674537017537295f,1.0436140093898618f,0.06045780005123468f,4.625506257397103f,-0.07826326575757293f,0.05471429795609438f,-1.0438181857283881f,2.5901077326284714f,0f,0f,0f,1f], start_interpolation: 0, interpolation_duration: 1 }
$data merge entity $(bone_neck10) { transformation: [-1.4943158605290097f,-0.09213217632286369f,0.026945365862908088f,-0.31442906857603375f,-0.09510653896805776f,1.4779584907803864f,-0.22087944100732312f,4.0247421084452695f,-0.013005264356810582f,-0.22213654201909877f,-1.4807702392615927f,1.6016998997603162f,0f,0f,0f,1f], start_interpolation: 0, interpolation_duration: 1 }
$data merge entity $(bone_neck9) { transformation: [-1.1431516333046932f,-0.05925973916645361f,-0.04336790386072638f,-0.2486338731147299f,-0.07275650231056424f,0.822344067368714f,0.7941315223145028f,3.1160482383636143f,-0.009949027232960102f,0.7952525804270874f,-0.824416459491023f,0.6869876084067952f,0f,0f,0f,1f], start_interpolation: 0, interpolation_duration: 1 }
$data merge entity $(bone_neck8) { transformation: [-1.0609642609755972f,-0.04394898339838062f,-0.05209089351962506f,-0.20728141936210984f,-0.06752564266732103f,0.5677613883000889f,0.8963132437573594f,2.593628178472189f,-0.009233737693335515f,0.897778163139828f,-0.5693849710647498f,-0.2440248953284938f,0f,0f,0f,1f], start_interpolation: 0, interpolation_duration: 1 }
$data merge entity $(bone_neck7) { transformation: [-1.0533896985203435f,0.033558028998848334f,-0.06058559725657899f,-0.24119644866945655f,-0.046564069106743315f,0.3404509677258503f,0.9981741024975345f,2.2495553919407443f,0.05126932195227839f,0.9986959547921723f,-0.3382372826320437f,-1.2533452751716467f,0f,0f,0f,1f], start_interpolation: 0, interpolation_duration: 1 }
$data merge entity $(bone_neck6) { transformation: [-1.0243710802871433f,0.19591289067031836f,-0.11873727870539885f,-0.42286160361973624f,-0.11948388397048237f,0.007281524739092201f,1.0428264923191275f,2.2583921707284595f,0.19545844457708136f,1.0312039715209047f,0.015194662774610814f,-2.2000256745576845f,0f,0f,0f,1f], start_interpolation: 0, interpolation_duration: 1 }
$data merge entity $(bone_neck_spine6) { transformation: [-1.2613508650994696f,-0.1344731809864533f,0.10438547420457897f,-0.7969901507361387f,0.14543195596910155f,-0.4455659644769512f,1.1833452099871091f,4.393112406736143f,-0.0884811268719582f,1.1846405798434474f,0.45692795415947113f,-5.223673230133417f,0f,0f,0f,1f], start_interpolation: 0, interpolation_duration: 1 }
$data merge entity $(bone_neck_spine7) { transformation: [-0.9508660259690338f,-0.22083406182682855f,0.21699335887284998f,-0.11190802539184763f,0.1983315359046099f,0.10370752545954876f,0.9746329314304824f,5.48714175973708f,-0.23773599332784137f,0.9697819684342052f,-0.054813603934635f,-8.695576209204074f,0f,0f,0f,1f], start_interpolation: 0, interpolation_duration: 1 }
$data merge entity $(bone_tail6) { transformation: [-1.6794616386283128f,0.056460547250655524f,0.3761950936777168f,0.3305369606128279f,0.36479725846517136f,0.7218771393603853f,1.5202362623659154f,4.496086086428029f,-0.10785871369214735f,1.5623724075264995f,-0.7160034187122656f,-12.535958964952282f,0f,0f,0f,1f], start_interpolation: 0, interpolation_duration: 1 }
$data merge entity $(bone_tail5) { transformation: [-1.3873813536494757f,-0.008031884698249645f,0.31414774803231926f,0.3254641913297229f,0.30135425699296764f,0.3691980431585107f,1.3403203930180194f,4.729263797896563f,-0.08910067652829563f,1.3737571229937102f,-0.35837518843535954f,-11.668322887272044f,0f,0f,0f,1f], start_interpolation: 0, interpolation_duration: 1 }
$data merge entity $(bone_tail4) { transformation: [-1.017857834157941f,-0.0008236748791481183f,0.2502797415456797f,0.32511118781008796f,0.24438941380949192f,0.2228194000890632f,0.9946358767845529f,4.824757826506161f,-0.053985571093873856f,1.0242197198496117f,-0.21618214914748357f,-11.229371578765068f,0f,0f,0f,1f], start_interpolation: 0, interpolation_duration: 1 }
$data merge entity $(bone_segment18) { transformation: [-0.9626640614298532f,-0.1275297253353983f,0.23877620062991556f,0.25350025805632426f,0.20341492295476174f,0.24119242144864073f,0.9489196936279959f,4.9601930240969505f,-0.17860647790796438f,0.9620615286932636f,-0.20624582676430733f,-10.689151482086722f,0f,0f,0f,1f], start_interpolation: 0, interpolation_duration: 1 }
$data merge entity $(bone_segment17) { transformation: [-0.9575674216767139f,-0.18270279300553313f,0.2228998034350586f,0.12013078757621079f,0.19929662614387986f,0.13892564879393626f,0.9700415037073673f,5.061606034324946f,-0.2081957918668796f,0.9733033204172075f,-0.09661862508730779f,-9.978659068012636f,0f,0f,0f,1f], start_interpolation: 0, interpolation_duration: 1 }
$data merge entity $(bone_segment16) { transformation: [-0.9508660259690338f,-0.23555878467195526f,0.2009125671075067f,-0.10473123587773109f,0.1983315359046099f,0.03485402008437827f,0.9795150836764466f,5.094877327911352f,-0.23773599332784132f,0.9712349130091181f,0.01357723199313457f,-9.051528084158717f,0f,0f,0f,1f], start_interpolation: 0, interpolation_duration: 1 }
$data merge entity $(bone_segment15) { transformation: [-0.9508660259690338f,-0.2694713375799102f,0.15244342846036715f,-0.42249162662747874f,0.1983315359046099f,-0.1520797874163988f,0.9682646023299113f,4.915544961402269f,-0.23773599332784137f,0.9509242538090388f,0.19805216735533987f,-7.930198946976671f,0f,0f,0f,1f], start_interpolation: 0, interpolation_duration: 1 }
$data merge entity $(bone_segment14) { transformation: [-1.0198566035881655f,-0.22143995288165172f,0.09763223550936323f,-0.6716115736193369f,0.17513164789884142f,-0.3834670060627297f,0.9596651286728589f,4.484144579581698f,-0.16702278900503412f,0.9500487358837074f,0.4101048468671416f,-6.8613941191075005f,0f,0f,0f,1f], start_interpolation: 0, interpolation_duration: 1 }
$data merge entity $(bone_segment13) { transformation: [-1.016500403050749f,-0.12133088979537017f,0.06402622589468157f,-0.8194925377805216f,0.11720104686921715f,-0.5192159418339825f,0.8767966310276278f,3.8348119103647456f,-0.07130537871446042f,0.8762346904511954f,0.5284145361735171f,-5.820538682773965f,0f,0f,0f,1f], start_interpolation: 0, interpolation_duration: 1 }
$data merge entity $(bone_segment12) { transformation: [-1.113068675777688f,0.02371555094304766f,0.07063693677990385f,-0.7908428789231485f,0.04864864884106473f,-0.5697338631871964f,0.9578676919571973f,3.1465428138969913f,0.05643857865077039f,0.9588090419749582f,0.5674273425370161f,-4.6622458803881095f,0f,0f,0f,1f], start_interpolation: 0, interpolation_duration: 1 }
$data merge entity $(bone_segment11) { transformation: [-1.1773538451544692f,0.16060647708810147f,0.07187714308931953f,-0.6052362885203211f,1.986283709384508e-17f,-0.4862825887743523f,1.086578153993656f,2.5845651470488686f,0.17595671110058117f,1.0746430310822335f,0.4809411943745341f,-3.420323185141405f,0f,0f,0f,1f], start_interpolation: 0, interpolation_duration: 1 }
$data merge entity $(bone_segment10) { transformation: [-1.0366637630290925f,0.15024968230190133f,0.03779515069043665f,-0.41502937154734154f,0f,-0.2557019231833284f,1.0165095791508907f,2.2769739050601494f,0.15493043744705268f,1.0053440990395768f,0.2528932583204621f,-2.1476189860665302f,0f,0f,0f,1f], start_interpolation: 0, interpolation_duration: 1 }