# This file was generated by Animated Java via MC-Build. It is not recommended to edit this file directly.
$data merge entity $(bone_neck_spine5) { transformation: [-1.5702125476812663f,-0.061871931739110306f,0.051221233134510845f,-0.021953158623778335f,-0.03216561150847527f,1.4030770099364303f,0.7087732170312121f,3.9685447587217624f,-0.07360111478255531f,0.7067998046175162f,-1.4025106443988393f,0.130169569981279f,0f,0f,0f,1f], start_interpolation: 0, interpolation_duration: 1 }
$data merge entity $(bone_neck_spine2) { transformation: [-1.4954405216012054f,-0.007172553531129883f,0.0761608988457007f,-0.24680163643866604f,-0.03063391572235739f,1.4221939203230183f,-0.4675684953969715f,5.5556328799330466f,-0.0700962997929098f,-0.4685160500517727f,-1.420483544882958f,1.8344568208380416f,0f,0f,0f,1f], start_interpolation: 0, interpolation_duration: 1 }
$data merge entity $(bone_scale_neck_left1) { transformation: [-1.5937878564682812f,0.3802178623765417f,0.16831436819751058f,0.5443411912621972f,0.3862621655091775f,1.6006614751052473f,0.041706863316811095f,4.704715512610047f,-0.15393793849494963f,0.07982668777657911f,-1.6379822623728921f,2.1213747600554287f,0f,0f,0f,1f], start_interpolation: 0, interpolation_duration: 1 }
$data merge entity $(bone_scale_neck_right1) { transformation: [-1.5840783108180776f,-0.45110470268367087f,-0.015985407410976753f,-1.0258713564190685f,-0.45136036429367055f,1.5836319342921625f,0.0379315050112901f,4.672549901101572f,0.004980720640949835f,0.04085981821316947f,-1.6466210093750038f,2.047773645272873f,0f,0f,0f,1f], start_interpolation: 0, interpolation_duration: 1 }
$data merge entity $(bone_blush_right1) { transformation: [-0.9998107248166419f,-0.015452031286214172f,0.011821559573542417f,-0.9326437013360147f,-0.014127456611536296f,0.9943795682446647f,0.10492706622813461f,4.481188092703958f,-0.013376453614845504f,0.10474019756847919f,-0.9944096547711139f,3.411060531087835f,0f,0f,0f,1f], start_interpolation: 0, interpolation_duration: 1 }
$data merge entity $(bone_blush_left1) { transformation: [-0.9998107248166419f,-0.015452031286214172f,0.011821559573542417f,0.39230078457822654f,-0.014127456611536296f,0.9943795682446647f,0.10492706622813461f,4.499909731983112f,-0.013376453614845504f,0.10474019756847919f,-0.9944096547711139f,3.428786944716102f,0f,0f,0f,1f], start_interpolation: 0, interpolation_duration: 1 }
$data merge entity $(bone_left_head_scales) { transformation: [-0.8923015327794899f,-0.015452031286214172f,-0.45117536427480465f,0.3968961045755871f,-0.0609811343813497f,0.9943795682446647f,0.08654811093904913f,5.2671893581264175f,0.4473022198122167f,0.10474019756847919f,-0.8882286953056512f,3.11452643773723f,0f,0f,0f,1f], start_interpolation: 0, interpolation_duration: 1 }
$data merge entity $(bone_left_head_scales2) { transformation: [-0.825777567147915f,-0.015452031286214172f,-0.5637842178745345f,0.4087873641037912f,-0.07175622768784763f,0.9943795682446647f,0.07784804458407389f,4.3561257627070376f,0.5594125967327519f,0.10474019756847919f,-0.8222451201618867f,3.1879392147733787f,0f,0f,0f,1f], start_interpolation: 0, interpolation_duration: 1 }
$data merge entity $(bone_left_head_scales1) { transformation: [-0.9998107248166419f,-0.015452031286214172f,0.011821559573542417f,0.3986314401204256f,-0.014127456611536296f,0.9943795682446647f,0.10492706622813461f,5.155515871458316f,-0.013376453614845504f,0.10474019756847919f,-0.9944096547711139f,3.1027636225806137f,0f,0f,0f,1f], start_interpolation: 0, interpolation_duration: 1 }
$data merge entity $(bone_right_head_scales) { transformation: [-0.8813843553007727f,-0.015452031286214172f,0.4721470670883924f,-0.9505050675405905f,0.03591872026197373f,0.9943795682446647f,0.09959477793687913f,5.248150402927277f,-0.4710323383439646f,0.10474019756847919f,-0.8758755774923358f,3.0964995764203485f,0f,0f,0f,1f], start_interpolation: 0, interpolation_duration: 1 }
$data merge entity $(bone_right_head_scales2) { transformation: [-0.8122164311233068f,-0.015452031286214172f,0.5831515272572372f,-0.9386138080123864f,0.04861115775995965f,0.9943795682446647f,0.09405439701997191f,4.337086807507898f,-0.581327295380627f,0.10474019756847919f,-0.8069002829710504f,3.169912353456497f,0f,0f,0f,1f], start_interpolation: 0, interpolation_duration: 1 }
$data merge entity $(bone_right_head_scales1) { transformation: [-0.9998107248166419f,-0.015452031286214172f,0.011821559573542417f,-0.948769731995752f,-0.014127456611536296f,0.9943795682446647f,0.10492706622813461f,5.136476916259175f,-0.013376453614845504f,0.10474019756847919f,-0.9944096547711139f,3.084736761263732f,0f,0f,0f,1f], start_interpolation: 0, interpolation_duration: 1 }
$data merge entity $(bone_head_left_fin1) { transformation: [-0.5206920906795769f,0.12275127259513516f,-0.9013806464558574f,0.4061346510273752f,0.1706098476399794f,1.0333389695522968f,0.04216695291378926f,4.745578467137207f,0.8935587415593716f,-0.12576922161660037f,-0.5333011122264423f,2.9748958116057413f,0f,0f,0f,1f], start_interpolation: 0, interpolation_duration: 1 }
$data merge entity $(bone_head_right_fin1) { transformation: [-0.49157748815875607f,-0.14848566751183856f,0.913771731727495f,-0.9412665210888024f,-0.18491334949213187f,1.0295063560308626f,0.06781529397435855f,4.726539511938067f,-0.9071018820068132f,-0.12939809682059353f,-0.5090162141072518f,2.9568689502888597f,0f,0f,0f,1f], start_interpolation: 0, interpolation_duration: 1 }
$data merge entity $(bone_right_whisker16) { transformation: [-0.14814501960434628f,-0.3395622212263139f,0.9288436634236572f,-1.2956128044854047f,0.9779699252465571f,0.0893646899046626f,0.1886498807619224f,3.0521632400177796f,-0.14706419849736332f,0.936328708368005f,0.3188427063713902f,1.4128874561777773f,0f,0f,0f,1f], start_interpolation: 0, interpolation_duration: 1 }
$data merge entity $(bone_right_whisker15) { transformation: [0.4084096125349138f,-0.2309823402454071f,0.8830904522662653f,-1.4332117462085934f,0.1899944174938962f,0.9677756718387056f,0.16526454646504574f,2.98815144896759f,-0.8928066474384234f,0.10028662668520316f,0.4391342423426646f,1.7136865707932618f,0f,0f,0f,1f], start_interpolation: 0, interpolation_duration: 1 }
$data merge entity $(bone_right_whisker14) { transformation: [0.6622817972124674f,-0.22067166737355282f,0.7160215334049671f,-1.6563437970272465f,-0.38185975734725186f,0.7228069884690547f,0.5759628313867082f,3.1168053711207167f,-0.6446440465867366f,-0.6548695080997984f,0.39443628200433845f,1.9308762153952381f,0f,0f,0f,1f], start_interpolation: 0, interpolation_duration: 1 }
$data merge entity $(bone_right_whisker13) { transformation: [0.1826148474337611f,-0.3972586567513894f,0.899353866469048f,-1.7178693071489728f,-0.04071741397336054f,0.910895044302769f,0.4106242935628359f,3.1305236404769756f,-0.9823410353314508f,-0.11160545641113573f,0.15016761436207177f,2.2618407243692134f,0f,0f,0f,1f], start_interpolation: 0, interpolation_duration: 1 }
$data merge entity $(bone_right_whisker12) { transformation: [-0.4553479288365053f,-0.31084306802585915f,0.8342870314014094f,-1.513318479741949f,-0.5390696641686953f,0.8420351983982567f,0.019509531810329633f,3.3726838411777567f,-0.7085634487308494f,-0.44085520493545194f,-0.550985051887949f,2.5801407111037746f,0f,0f,0f,1f], start_interpolation: 0, interpolation_duration: 1 }
$data merge entity $(bone_right_whisker11) { transformation: [-0.8977965359313738f,-0.2049194658793474f,0.3898325186196614f,-1.110011442116527f,-0.2930126799522551f,0.9387516570029363f,-0.18135295934017315f,3.5043106310000587f,-0.32879317124420787f,-0.277043929689795f,-0.9028519876287657f,2.7278407684986337f,0f,0f,0f,1f], start_interpolation: 0, interpolation_duration: 1 }
$data merge entity $(bone_right_whisker10) { transformation: [-0.46492084190972094f,-0.5651453113979354f,0.6815125734444574f,-0.9011602826648946f,-0.6712007694473421f,0.7269654419234655f,0.14495093425817018f,3.8058266016502316f,-0.5773544300092035f,-0.39004105329304883f,-0.717307353158182f,2.9871992038543302f,0f,0f,0f,1f], start_interpolation: 0, interpolation_duration: 1 }
$data merge entity $(bone_right_whisker1) { transformation: [0.08018965692544597f,-0.595390528235754f,0.7994246292236243f,-0.9371829801118723f,-0.8511583225433991f,0.3764827377012383f,0.36577350666510483f,4.188182879355274f,-0.5187476543438884f,-0.7097681784217509f,-0.47658158169675763f,3.220230376704124f,0f,0f,0f,1f], start_interpolation: 0, interpolation_duration: 1 }
$data merge entity $(bone_left_whisker16) { transformation: [-0.12433929445730965f,0.31173587528914515f,-0.9419981337091755f,0.8488112612374917f,-0.9818201643254949f,0.0985676173901482f,0.16221464091100973f,3.0824642331890515f,0.14341863469478755f,0.9450424164341729f,0.293812740299911f,1.441577675570014f,0f,0f,0f,1f], start_interpolation: 0, interpolation_duration: 1 }
$data merge entity $(bone_left_whisker15) { transformation: [0.38958704173573094f,0.2007857868860174f,-0.8988364727224665f,0.9800686141660339f,-0.17871862015592782f,0.9738766120775814f,0.14008568541379685f,3.0222514168279235f,0.903483033443995f,0.10606324638089726f,0.415293867094112f,1.7459738147674537f,0f,0f,0f,1f], start_interpolation: 0, interpolation_duration: 1 }
$data merge entity $(bone_left_whisker14) { transformation: [0.6337502203764986f,0.21760197646600227f,-0.7423005038465413f,1.19358797552335f,0.40017285965869975f,0.7289998525118551f,0.5553565498220688f,3.157075280677778f,0.6619836407082264f,-0.649005851187632f,0.3749254119940378f,1.9690054124670022f,0f,0f,0f,1f], start_interpolation: 0, interpolation_duration: 1 }
$data merge entity $(bone_left_whisker13) { transformation: [0.1550508490958511f,0.3742107366766951f,-0.9142896470761008f,1.2458267869863078f,0.04548867453150391f,0.921796007967449f,0.3849972729574086f,3.1724010548119277f,0.9868586599326281f,-0.10128397825500154f,0.12590290332163828f,2.30149197269821f,0f,0f,0f,1f], start_interpolation: 0, interpolation_duration: 1 }
$data merge entity $(bone_left_whisker12) { transformation: [-0.4891842451588032f,0.2986125485448021f,-0.8194689256707604f,1.0260760518563767f,0.525723300726989f,0.8506468861567954f,-0.003858256661724957f,3.40856581881038f,0.695926566069389f,-0.43270130681952645f,-0.5731106295607701f,2.6141152347996934f,0f,0f,0f,1f], start_interpolation: 0, interpolation_duration: 1 }
$data merge entity $(bone_left_whisker11) { transformation: [-0.9141888669806071f,0.18565533737076953f,-0.360264918073436f,0.6154052717674319f,0.26740908866744384f,0.9442705301751434f,-0.1919519344544377f,3.528690995360208f,0.3045506440425974f,-0.27181843489450697f,-0.9128875306765558f,2.750925094428204f,0f,0f,0f,1f], start_interpolation: 0, interpolation_duration: 1 }
$data merge entity $(bone_left_whisker10) { transformation: [-0.49897299923355787f,0.5546137793395713f,-0.6659050246112767f,0.3912572447679822f,0.6575808231106232f,0.7427877846700575f,0.1259117469583501f,3.824088630741933f,0.5644585078754887f,-0.37505981217883816f,-0.7353344342374777f,3.004490439762896f,0f,0f,0f,1f], start_interpolation: 0, interpolation_duration: 1 }
$data merge entity $(bone_left_whisker1) { transformation: [0.04220871732607569f,0.6032890948247384f,-0.7964048544849757f,0.41021819200430526f,0.85288782761735f,0.39342023791561676f,0.3432242268555306f,4.207221834554415f,0.5203852204702252f,-0.6937310606164085f,-0.4979321618977709f,3.238257238021005f,0f,0f,0f,1f], start_interpolation: 0, interpolation_duration: 1 }
$data merge entity $(bone_upper_left_tooth1) { transformation: [-0.9998107248166419f,-0.014362914837006555f,0.01312330823404872f,0.028234999896909918f,-0.014127456611536296f,0.9997406501675399f,0.017861897219329737f,4.5103104257940645f,-0.013376453614845504f,0.017673117437782118f,-0.999754335528844f,4.183083711493268f,0f,0f,0f,1f], start_interpolation: 0, interpolation_duration: 1 }
$data merge entity $(bone_upper_right_tooth1) { transformation: [-0.9998107248166419f,-0.014362914837006555f,0.01312330823404872f,-0.6454655861611789f,-0.014127456611536296f,0.9997406501675399f,0.017861897219329737f,4.500790948194494f,-0.013376453614845504f,0.017673117437782118f,-0.999754335528844f,4.174070280834827f,0f,0f,0f,1f], start_interpolation: 0, interpolation_duration: 1 }
$data merge entity $(bone_top_lip1) { transformation: [-0.9998107248166419f,-0.009008289322195228f,0.017244282098961887f,-0.2823184010013299f,-0.014127456611536296f,0.9455580403091671f,-0.32514674744855865f,4.629450454399239f,-0.013376453614845504f,-0.32532882308546723f,-0.9455063338542555f,4.1811358119060795f,0f,0f,0f,1f], start_interpolation: 0, interpolation_duration: 1 }
$data merge entity $(bone_muzzle1) { transformation: [-0.9998107248166419f,-0.014362914837006555f,0.01312330823404872f,-0.2773688898439135f,-0.014127456611536296f,0.9997406501675399f,0.017861897219329737f,4.807893670273278f,-0.013376453614845504f,0.017673117437782118f,-0.999754335528844f,3.6227274816608963f,0f,0f,0f,1f], start_interpolation: 0, interpolation_duration: 1 }
$data merge entity $(bone_jaw_right_tooth1) { transformation: [-0.9998107248166419f,-0.0025671311669361353f,0.019285341044241323f,-0.646143006336337f,-0.014127456611536296f,0.7773271758390774f,-0.6289378957192298f,4.536477620757453f,-0.013376453614845504f,-0.629091306202538f,-0.7772163141295186f,4.1870131760948155f,0f,0f,0f,1f], start_interpolation: 0, interpolation_duration: 1 }
$data merge entity $(bone_jaw_left_tooth1) { transformation: [-0.9998107248166419f,-0.0025671311669361353f,0.019285341044241323f,0.08369929522659239f,-0.014127456611536296f,0.7773271758390774f,-0.6289378957192298f,4.546790388156987f,-0.013376453614845504f,-0.629091306202538f,-0.7772163141295186f,4.196777725974792f,0f,0f,0f,1f], start_interpolation: 0, interpolation_duration: 1 }
$data merge entity $(bone_tongue1) { transformation: [-0.9998107248166419f,-0.010476948276132535f,0.016393538252622505f,-0.2679634388948031f,-0.014127456611536296f,0.9702983127698774f,-0.24149865259586456f,4.339645833040103f,-0.013376453614845504f,-0.2416845418944872f,-0.9702626720110086f,3.4142626817227963f,0f,0f,0f,1f], start_interpolation: 0, interpolation_duration: 1 }
$data merge entity $(bone_jaw_lips1) { transformation: [-0.9998107248166419f,-0.010476948276132535f,0.016393538252622505f,-0.22519719471653576f,-0.014127456611536296f,0.9702983127698774f,-0.24149865259586456f,4.432096511115612f,-0.013376453614845504f,-0.2416845418944872f,-0.9702626720110086f,4.317947736467538f,0f,0f,0f,1f], start_interpolation: 0, interpolation_duration: 1 }
$data merge entity $(bone_jaw3) { transformation: [-0.9998107248166419f,-0.005876995004215744f,0.018546575730882968f,-0.20803924290573492f,-0.014127456611536296f,0.8747317488507256f,-0.4844014683320438f,3.9232143957785626f,-0.013376453614845504f,-0.484571799099237f,-0.8746492108305013f,3.5729450236068647f,0f,0f,0f,1f], start_interpolation: 0, interpolation_duration: 1 }
$data merge entity $(bone_jaw1) { transformation: [-0.9998107248166419f,-0.01727007248757761f,0.008958746446616778f,-0.19999036914510265f,-0.014127456611536296f,0.961052314405825f,0.2760051882572074f,4.171187807103397f,-0.013376453614845504f,0.275826383022874f,-0.9611143932525456f,2.7094438109190304f,0f,0f,0f,1f], start_interpolation: 0, interpolation_duration: 1 }
$data merge entity $(bone_tear_right1) { transformation: [-0.9998107248166419f,-0.015452031286214172f,0.011821559573542417f,-0.883770515136411f,-0.014127456611536296f,0.9943795682446647f,0.10492706622813461f,4.862233164597541f,-0.013376453614845504f,0.10474019756847919f,-0.9944096547711139f,3.553490682330976f,0f,0f,0f,1f], start_interpolation: 0, interpolation_duration: 1 }
$data merge entity $(bone_right_pupil1) { transformation: [-0.9998107248166419f,-0.015452031286214172f,0.011821559573542417f,-0.7010351187544559f,-0.014127456611536296f,0.9943795682446647f,0.10492706622813461f,4.969454221698644f,-0.013376453614845504f,0.10474019756847919f,-0.9944096547711139f,3.6347383054271325f,0f,0f,0f,1f], start_interpolation: 0, interpolation_duration: 1 }
$data merge entity $(bone_right_sad_pupil1) { transformation: [-0.9998107248166419f,-0.015452031286214172f,0.011821559573542417f,-0.700902357099089f,-0.014127456611536296f,0.9943795682446647f,0.10492706622813461f,4.970632601836948f,-0.013376453614845504f,0.10474019756847919f,-0.9944096547711139f,3.623570618874527f,0f,0f,0f,1f], start_interpolation: 0, interpolation_duration: 1 }
$data merge entity $(bone_right_happy_pupil1) { transformation: [-0.9998107248166419f,-0.015452031286214172f,0.011821559573542417f,-0.7285390272113943f,-0.014127456611536296f,0.9943795682446647f,0.10492706622813461f,4.942317947702152f,-0.013376453614845504f,0.10474019756847919f,-0.9944096547711139f,3.6202543979227766f,0f,0f,0f,1f], start_interpolation: 0, interpolation_duration: 1 }
$data merge entity $(bone_eyelid_right1) { transformation: [-0.9998107248166419f,-0.015452031286214172f,0.011821559573542417f,-0.26110503786407036f,-0.014127456611536296f,0.9943795682446647f,0.10492706622813461f,4.979823201954889f,-0.013376453614845504f,0.10474019756847919f,-0.9944096547711139f,3.0650885064789506f,0f,0f,0f,1f], start_interpolation: 0, interpolation_duration: 1 }
$data merge entity $(bone_eyelid_expressions_right5) { transformation: [-0.9998107248166419f,-0.015452031286214172f,0.011821559573542417f,-0.831763278998082f,-0.014127456611536296f,0.9943795682446647f,0.10492706622813461f,5.080481527042187f,-0.013376453614845504f,0.10474019756847919f,-0.9944096547711139f,3.633605864628772f,0f,0f,0f,1f], start_interpolation: 0, interpolation_duration: 1 }
$data merge entity $(bone_eyelid_expressions_right7) { transformation: [-0.9998107248166419f,-0.015452031286214172f,0.011821559573542417f,-0.49491298596903754f,-0.014127456611536296f,0.9943795682446647f,0.10492706622813461f,5.085241265841972f,-0.013376453614845504f,0.10474019756847919f,-0.9944096547711139f,3.6381125799579923f,0f,0f,0f,1f], start_interpolation: 0, interpolation_duration: 1 }
$data merge entity $(bone_eyelid_expressions_right6) { transformation: [-0.9998107248166419f,-0.015452031286214172f,0.011821559573542417f,-0.6071964169787191f,-0.014127456611536296f,0.9943795682446647f,0.10492706622813461f,5.083654686242044f,-0.013376453614845504f,0.10474019756847919f,-0.9944096547711139f,3.6366103415149187f,0f,0f,0f,1f], start_interpolation: 0, interpolation_duration: 1 }
$data merge entity $(bone_right_eye1) { transformation: [-0.9998107248166419f,-0.015452031286214172f,0.011821559573542417f,-0.2724661426204054f,-0.014127456611536296f,0.9943795682446647f,0.10492706622813461f,4.978486163856592f,-0.013376453614845504f,0.10474019756847919f,-0.9944096547711139f,3.0761059691872483f,0f,0f,0f,1f], start_interpolation: 0, interpolation_duration: 1 }
$data merge entity $(bone_tear_left1) { transformation: [-0.9998107248166419f,-0.015452031286214172f,0.011821559573542417f,0.3288905397681487f,-0.014127456611536296f,0.9943795682446647f,0.10492706622813461f,4.879368224276767f,-0.013376453614845504f,0.10474019756847919f,-0.9944096547711139f,3.5697148575161695f,0f,0f,0f,1f], start_interpolation: 0, interpolation_duration: 1 }
$data merge entity $(bone_left_sad_pupil1) { transformation: [-0.9998107248166419f,-0.015452031286214172f,0.011821559573542417f,0.14122337547352193f,-0.014127456611536296f,0.9943795682446647f,0.10492706622813461f,4.982531948836411f,-0.013376453614845504f,0.10474019756847919f,-0.9944096547711139f,3.6348374071975784f,0f,0f,0f,1f], start_interpolation: 0, interpolation_duration: 1 }
$data merge entity $(bone_left_pupil1) { transformation: [-0.9998107248166419f,-0.015452031286214172f,0.011821559573542417f,0.14109061381815496f,-0.014127456611536296f,0.9943795682446647f,0.10492706622813461f,4.981353568698107f,-0.013376453614845504f,0.10474019756847919f,-0.9944096547711139f,3.6460050937501833f,0f,0f,0f,1f], start_interpolation: 0, interpolation_duration: 1 }
$data merge entity $(bone_eyelid_left1) { transformation: [-0.9998107248166419f,-0.015452031286214172f,0.011821559573542417f,-0.28356172406600666f,-0.014127456611536296f,0.9943795682446647f,0.10492706622813461f,4.979505886034903f,-0.013376453614845504f,0.10474019756847919f,-0.9944096547711139f,3.064788058790336f,0f,0f,0f,1f], start_interpolation: 0, interpolation_duration: 1 }
$data merge entity $(bone_left_happy_pupil1) { transformation: [-0.9998107248166419f,-0.015452031286214172f,0.011821559573542417f,0.16972842086605738f,-0.014127456611536296f,0.9943795682446647f,0.10492706622813461f,4.95501058450158f,-0.013376453614845504f,0.10474019756847919f,-0.9944096547711139f,3.6322723054673642f,0f,0f,0f,1f], start_interpolation: 0, interpolation_duration: 1 }
$data merge entity $(bone_eyelid_expressions_left5) { transformation: [-0.9998107248166419f,-0.015452031286214172f,0.011821559573542417f,0.26861434489679636f,-0.014127456611536296f,0.9943795682446647f,0.10492706622813461f,5.0960300071214855f,-0.013376453614845504f,0.10474019756847919f,-0.9944096547711139f,3.6483278013708924f,0f,0f,0f,1f], start_interpolation: 0, interpolation_duration: 1 }
$data merge entity $(bone_eyelid_expressions_left7) { transformation: [-0.9998107248166419f,-0.015452031286214172f,0.011821559573542417f,-0.06823594813224806f,-0.014127456611536296f,0.9943795682446647f,0.10492706622813461f,5.0912702683217f,-0.013376453614845504f,0.10474019756847919f,-0.9944096547711139f,3.6438210860416715f,0f,0f,0f,1f], start_interpolation: 0, interpolation_duration: 1 }
$data merge entity $(bone_eyelid_expressions_left6) { transformation: [-0.9998107248166419f,-0.015452031286214172f,0.011821559573542417f,0.04404748287743343f,-0.014127456611536296f,0.9943795682446647f,0.10492706622813461f,5.092856847921628f,-0.013376453614845504f,0.10474019756847919f,-0.9944096547711139f,3.645323324484745f,0f,0f,0f,1f], start_interpolation: 0, interpolation_duration: 1 }
$data merge entity $(bone_left_eye1) { transformation: [-0.9998107248166419f,-0.015452031286214172f,0.011821559573542417f,-0.2724661426204054f,-0.014127456611536296f,0.9943795682446647f,0.10492706622813461f,4.978486163856592f,-0.013376453614845504f,0.10474019756847919f,-0.9944096547711139f,3.0761059691872483f,0f,0f,0f,1f], start_interpolation: 0, interpolation_duration: 1 }
$data merge entity $(bone_crest_middle5) { transformation: [-0.9998107248166419f,-0.012527102656379378f,0.014885773095727566f,-0.29951401515608655f,-0.014127456611536296f,0.9935191757449846f,-0.11278325406147602f,6.306376697722948f,-0.013376453614845504f,-0.11297220510392286f,-0.9935081033200721f,3.6953311675154525f,0f,0f,0f,1f], start_interpolation: 0, interpolation_duration: 1 }
$data merge entity $(bone_crest_middle4) { transformation: [-0.9998107248166419f,-0.012527102656379378f,0.014885773095727566f,-0.29107290106145595f,-0.014127456611536296f,0.9935191757449846f,-0.11278325406147602f,5.63691553437916f,-0.013376453614845504f,-0.11297220510392286f,-0.9935081033200721f,3.7714550166577445f,0f,0f,0f,1f], start_interpolation: 0, interpolation_duration: 1 }
$data merge entity $(bone_crest_middle1) { transformation: [-0.9998107248166419f,-0.012527102656379378f,0.014885773095727566f,-0.28599587741184135f,-0.014127456611536296f,0.9935191757449846f,-0.11278325406147602f,5.144319268479756f,-0.013376453614845504f,-0.11297220510392286f,-0.9935081033200721f,3.9122299733604966f,0f,0f,0f,1f], start_interpolation: 0, interpolation_duration: 1 }
$data merge entity $(bone_crest_left5) { transformation: [-0.5241657998577096f,-0.842706166961981f,0.12286793895794423f,-1.395068384958536f,-0.846241898652976f,0.531591603847789f,0.035847115403357346f,5.642709767031308f,-0.0955241499503329f,-0.08518616602935628f,-0.9917754049649977f,3.711666792089374f,0f,0f,0f,1f], start_interpolation: 0, interpolation_duration: 1 }
$data merge entity $(bone_crest_left4) { transformation: [-0.5241657998577096f,-0.842706166961981f,0.12286793895794423f,-0.9218691212835954f,-0.846241898652976f,0.531591603847789f,0.035847115403357346f,5.344208622292559f,-0.0955241499503329f,-0.08518616602935628f,-0.9917754049649977f,3.7595008208656235f,0f,0f,0f,1f], start_interpolation: 0, interpolation_duration: 1 }
$data merge entity $(bone_crest_left1) { transformation: [-0.5241657998577096f,-0.842706166961981f,0.12286793895794423f,-0.3944506084969413f,-0.846241898652976f,0.531591603847789f,0.035847115403357346f,5.017870262626511f,-0.0955241499503329f,-0.08518616602935628f,-0.9917754049649977f,3.7564277390571084f,0f,0f,0f,1f], start_interpolation: 0, interpolation_duration: 1 }
$data merge entity $(bone_crest_center1) { transformation: [-0.9998107248166419f,-0.015452031286214172f,0.011821559573542417f,-0.28173334915412396f,-0.014127456611536296f,0.9943795682446647f,0.10492706622813461f,4.991538827914571f,-0.013376453614845504f,0.10474019756847919f,-0.9944096547711139f,3.7549893113520363f,0f,0f,0f,1f], start_interpolation: 0, interpolation_duration: 1 }
$data merge entity $(bone_crest_right5) { transformation: [-0.5502300218721619f,0.8293295284186449f,-0.09725973639419336f,0.8135223476710339f,0.8310605448443456f,0.5552176874185186f,0.03273668249306226f,5.6739174436178805f,0.08114982337368101f,-0.06281602399499608f,-0.994720490035206f,3.741215496415f,0f,0f,0f,1f], start_interpolation: 0, interpolation_duration: 1 }
$data merge entity $(bone_crest_right4) { transformation: [-0.5502300218721619f,0.8293295284186449f,-0.09725973639419336f,0.3478343800531425f,0.8310605448443456f,0.5552176874185186f,0.03273668249306226f,5.3621496992178335f,0.08114982337368101f,-0.06281602399499608f,-0.994720490035206f,3.776488166138753f,0f,0f,0f,1f], start_interpolation: 0, interpolation_duration: 1 }
$data merge entity $(bone_crest_right1) { transformation: [-0.5502300218721619f,0.8293295284186449f,-0.09725973639419336f,-0.1698837464775784f,0.8310605448443456f,0.5552176874185186f,0.03273668249306226f,5.021043421826367f,0.08114982337368101f,-0.06281602399499608f,-0.994720490035206f,3.7594322159432556f,0f,0f,0f,1f], start_interpolation: 0, interpolation_duration: 1 }
$data merge entity $(bone_head1) { transformation: [-1.047978689423693f,-0.016196465085159376f,0.012391087834246929f,-0.26429658380280496f,-0.014808076265998324f,1.0422858755689515f,0.10998214624172958f,4.987460328129274f,-0.014020892135352377f,0.10978627479508556f,-1.0423174115764926f,2.45600180121565f,0f,0f,0f,1f], start_interpolation: 0, interpolation_duration: 1 }
$data merge entity $(bone_neck10) { transformation: [-1.4954405216012054f,-0.017052183463753135f,0.07457312569726766f,-0.20604757670437582f,-0.03063391572235739f,1.4710567894875561f,-0.2779348250833405f,4.348114728411128f,-0.0700962997929098f,-0.2790975220701718f,-1.4694847272475002f,1.4927231896728577f,0f,0f,0f,1f], start_interpolation: 0, interpolation_duration: 1 }
$data merge entity $(bone_neck9) { transformation: [-1.144011999024923f,-0.053200815704864034f,0.024379659428989415f,-0.14554995157424755f,-0.023434945527603418f,0.8537577137161841f,0.7633719395529084f,3.4033291573820588f,-0.05362366934157602f,0.7618763600329046f,-0.8537312590082982f,0.6149576199722306f,0f,0f,0f,1f], start_interpolation: 0, interpolation_duration: 1 }
$data merge entity $(bone_neck8) { transformation: [-1.061762770336856f,-0.05298361039626405f,0.011945457416950321f,-0.09174885712287606f,-0.02175008016287375f,0.6290338303285354f,0.8568159147168304f,2.8173347808930442f,-0.04976837285296596f,0.8554526957865684f,-0.6292963782924386f,-0.2767447179628342f,0f,0f,0f,1f], start_interpolation: 0, interpolation_duration: 1 }
$data merge entity $(bone_neck7) { transformation: [-1.055523269674907f,0.01723465640556597f,0.00045458484231742746f,-0.10916686093701188f,0.007449331036359955f,0.4308090174091368f,0.9637295838771832f,2.3819426888306188f,0.015548231279071753f,0.9636042600526215f,-0.4308731778221247f,-1.2506000871649516f,0f,0f,0f,1f], start_interpolation: 0, interpolation_duration: 1 }
$data merge entity $(bone_neck6) { transformation: [-1.0418744590183453f,0.11928606800653695f,-0.04566133855443523f,-0.2193813965749108f,-0.03567200009458875f,0.08856932699054505f,1.0453226750336502f,2.3161738217409367f,0.12264433239369266f,1.0391067416342723f,-0.08385737555947996f,-2.2060116780617873f,0f,0f,0f,1f], start_interpolation: 0, interpolation_duration: 1 }
$data merge entity $(bone_neck_spine6) { transformation: [-1.2653805253881993f,0.10435851172980512f,0.08892016371180571f,-0.7759857296085969f,0.04247748209113071f,-0.4864550519092811f,1.175390366858537f,4.059140037354815f,0.13035780759199597f,1.1715187373739222f,0.4801417066849426f,-5.320589741471412f,0f,0f,0f,1f], start_interpolation: 0, interpolation_duration: 1 }
$data merge entity $(bone_neck_spine7) { transformation: [-0.9884093291405721f,-0.08204432494794218f,0.12773302944705037f,-0.8392245705967994f,0.13489975998966264f,-0.08872172844055265f,0.9868791768282744f,5.527437815783616f,-0.06963514071656639f,0.9926717401267943f,0.09876114383211002f,-8.64577359515665f,0f,0f,0f,1f], start_interpolation: 0, interpolation_duration: 1 }
$data merge entity $(bone_tail6) { transformation: [-1.6268951484455727f,-0.22520031279546393f,0.5174929300079468f,-0.05687213262360702f,0.3328803727442643f,0.8921658886628054f,1.4347587330541929f,4.5483687769429055f,-0.45574638883157864f,1.4555503370720162f,-0.7993562302525975f,-12.431584552178283f,0f,0f,0f,1f], start_interpolation: 0, interpolation_duration: 1 }
$data merge entity $(bone_tail5) { transformation: [-1.3439568617593862f,-0.25744233248651316f,0.3886949168610272f,-0.21946728998351006f,0.27498813400613137f,0.519995836960438f,1.2952089387120036f,4.87678720028634f,-0.3764861472956519f,1.2988102687488858f,-0.44150923649087964f,-11.611283329810565f,0f,0f,0f,1f], start_interpolation: 0, interpolation_duration: 1 }
$data merge entity $(bone_tail4) { transformation: [-0.9878578812410063f,-0.18740542311851624f,0.29612701984279177f,-0.2997838998914456f,0.22616869073903026f,0.33563247628753184f,0.9668887020829573f,5.020629690123854f,-0.26769334661996413f,0.9751437054465577f,-0.27588081471630915f,-11.193364598904898f,0f,0f,0f,1f], start_interpolation: 0, interpolation_duration: 1 }
$data merge entity $(bone_segment18) { transformation: [-0.9110534078899373f,-0.30027700132163815f,0.2825162127195827f,-0.4683964738757639f,0.17213213300550517f,0.3456305596520952f,0.9224478549064736f,5.214709350084747f,-0.3746361124599533f,0.8890293801173642f,-0.26320057851195705f,-10.694153765342902f,0f,0f,0f,1f], start_interpolation: 0, interpolation_duration: 1 }
$data merge entity $(bone_segment17) { transformation: [-0.9418185250529878f,-0.2606520742318744f,0.2122224353494141f,-0.6586673972042076f,0.18542463542159365f,0.12371469488907327f,0.9748396682774418f,5.305018661051136f,-0.28034901541789653f,0.957473326243152f,-0.06818547563147984f,-9.995216937836304f,0f,0f,0f,1f], start_interpolation: 0, interpolation_duration: 1 }
$data merge entity $(bone_segment16) { transformation: [-0.9670664958614974f,-0.20418313933946736f,0.15195933071596623f,-0.8535785482826544f,0.17586595500923558f,-0.1044535283129126f,0.9788567955996799f,5.2053083837797764f,-0.1839933652359626f,0.973344084089724f,0.13692237040265737f,-9.066072560690106f,0f,0f,0f,1f], start_interpolation: 0, interpolation_duration: 1 }
$data merge entity $(bone_segment15) { transformation: [-0.9884093291405721f,-0.11230847307720762f,0.10214599817394071f,-0.9860126119943031f,0.13489975998966264f,-0.34112173503199084f,0.9302892112904975f,4.8030579003314084f,-0.06963514071656639f,0.9332860058759216f,0.3523182913411589f,-7.965542431690912f,0f,0f,0f,1f], start_interpolation: 0, interpolation_duration: 1 }
$data merge entity $(bone_segment14) { transformation: [-1.04383095607261f,0.0416918687072288f,0.08575500716233497f,-0.9391092596986708f,0.05275112809296974f,-0.5327874066517505f,0.901127125228951f,4.203672067848189f,0.07943205684502963f,0.9017064740935232f,0.5284800667464826f,-6.951122648335698f,0f,0f,0f,1f], start_interpolation: 0, interpolation_duration: 1 }
$data merge entity $(bone_segment13) { transformation: [-1.0197478351657843f,0.07037951674668264f,0.08517445697148714f,-0.8566769959181343f,0.0342318532146171f,-0.5505539232672461f,0.8647613367997694f,3.5169260032967253f,0.10505305670649087f,0.8625721494580815f,0.5450016092444829f,-5.92717611705107f,0f,0f,0f,1f], start_interpolation: 0, interpolation_duration: 1 }
$data merge entity $(bone_segment12) { transformation: [-1.095222211044611f,0.1945842366603026f,0.08425653962486723f,-0.6216087905566948f,-0.012108185194746907f,-0.4999419523126778f,0.9971887069962007f,2.9129692823820807f,0.2116969094661497f,0.978094525264707f,0.4929395493986716f,-4.745585415389008f,0f,0f,0f,1f], start_interpolation: 0, interpolation_duration: 1 }
$data merge entity $(bone_segment11) { transformation: [-1.1659653413904347f,0.2340425512941123f,0.053588690424164656f,-0.3511350167558419f,-0.01713407432254985f,-0.3461264167459315f,1.1388703912250413f,2.5129645925007416f,0.23948713338036234f,1.1146943207425577f,0.34238184112317044f,-3.4573770195288036f,0f,0f,0f,1f], start_interpolation: 0, interpolation_duration: 1 }
$data merge entity $(bone_segment10) { transformation: [-1.0424151403024295f,0.1085773248906799f,0.016026160270727872f,-0.21385100169044624f,0f,-0.1530541101122557f,1.036942446523875f,2.3352388904451975f,0.10975369375761031f,1.0312422615091486f,0.15221275508061555f,-2.1534852695005524f,0f,0f,0f,1f], start_interpolation: 0, interpolation_duration: 1 }