# This file was generated by Animated Java via MC-Build. It is not recommended to edit this file directly.
$data merge entity $(bone_neck_spine5) { transformation: [-1.5694238180469313f,-0.010954147143887573f,0.09385138019221843f,0.12892463081391042f,0.03339024114050648f,1.396610608106999f,0.7213758359386727f,4.090866070360071f,-0.08839211899379434f,0.7220651020095006f,-1.3938536570660633f,0.11876413158926502f,0f,0f,0f,1f], start_interpolation: 0, interpolation_duration: 1 }
$data merge entity $(bone_neck_spine2) { transformation: [-1.4946893505208865f,0.05582590060007266f,0.07057971341446916f,-0.046922698028600635f,0.03180022965762521f,1.4263262638532153f,-0.45472674885064485f,5.667114546606866f,-0.08418297047028031f,-0.4524059455276266f,-1.4249338123639574f,1.838798734138629f,0f,0f,0f,1f], start_interpolation: 0, interpolation_duration: 1 }
$data merge entity $(bone_scale_neck_left1) { transformation: [-1.575000044174423f,0.4449156929247639f,0.18568782371904435f,0.7057616885285908f,0.4532888002242398f,1.5826592660539196f,0.05266870040745621f,4.781220257359761f,-0.16419258594561142f,0.10146307013203516f,-1.6357876148686137f,2.123310185914414f,0f,0f,0f,1f], start_interpolation: 0, interpolation_duration: 1 }
$data merge entity $(bone_scale_neck_right1) { transformation: [-1.6012698569097643f,-0.3859892925257822f,0.0014806232812486118f,-0.8636621295183399f,-0.38571214138614757f,1.600337166382697f,0.05658779655708006f,4.814610498500268f,-0.014699325738530765f,0.054665352713753126f,-1.6461624190441195f,2.03491806692062f,0f,0f,0f,1f], start_interpolation: 0, interpolation_duration: 1 }
$data merge entity $(bone_blush_right1) { transformation: [-0.9987436994206251f,0.04233007412550921f,-0.026817674994915032f,-0.7450579573425626f,0.03724477570383085f,0.9851067561934919f,0.16786156672897926f,4.561174742235481f,0.0335238653853539f,0.16665186385535913f,-0.9854457401212711f,3.4064133863206267f,0f,0f,0f,1f], start_interpolation: 0, interpolation_duration: 1 }
$data merge entity $(bone_blush_left1) { transformation: [-0.9987436994206251f,0.04233007412550921f,-0.026817674994915032f,0.5784725115185587f,0.03724477570383085f,0.9851067561934919f,0.16786156672897926f,4.511818140057651f,0.0335238653853539f,0.16665186385535913f,-0.9854457401212711f,3.361987717055075f,0f,0f,0f,1f], start_interpolation: 0, interpolation_duration: 1 }
$data merge entity $(bone_left_head_scales) { transformation: [-0.8735134567154983f,0.04233007412550921f,-0.48495608642584354f,0.6100478716422911f,-0.04447332612397528f,0.9851067561934919f,0.16609275169436732f,5.2964892982045795f,0.4847642356861859f,0.16665186385535913f,-0.8586214486449328f,3.095918218403842f,0f,0f,0f,1f], start_interpolation: 0, interpolation_duration: 1 }
$data merge entity $(bone_left_head_scales2) { transformation: [-0.8027409566463515f,0.04233007412550921f,-0.5948236052369049f,0.5765345715848247f,-0.06577230508783322f,0.9851067561934919f,0.15886687126449367f,4.383154985744851f,0.5926895986989593f,0.16665186385535913f,-0.7880013933157742f,3.1121971983100813f,0f,0f,0f,1f], start_interpolation: 0, interpolation_duration: 1 }
$data merge entity $(bone_left_head_scales1) { transformation: [-0.9987436994206251f,0.04233007412550921f,-0.026817674994915032f,0.605294005895774f,0.03724477570383085f,0.9851067561934919f,0.16786156672897926f,5.1858571917961305f,0.0335238653853539f,0.16665186385535913f,-0.9854457401212711f,3.0772024329122734f,0f,0f,0f,1f], start_interpolation: 0, interpolation_duration: 1 }
$data merge entity $(bone_right_head_scales) { transformation: [-0.898279505193678f,0.04233007412550921f,0.4373809499435588f,-0.7359153170300358f,0.11054636518115726f,0.9851067561934919f,0.1316973046313798f,5.346682452961695f,-0.4252921721525512f,0.16665186385535913f,-0.889580645348863f,3.1410968651145725f,0f,0f,0f,1f], start_interpolation: 0, interpolation_duration: 1 }
$data merge entity $(bone_right_head_scales2) { transformation: [-0.8335049295559593f,0.04233007412550921f,0.5508880986465801f,-0.7694286170875022f,0.12679057340158925f,0.9851067561934919f,0.11614141982269904f,4.433348140501967f,-0.5377673129731961f,0.16665186385535913f,-0.8264583917966611f,3.1573758450208116f,0f,0f,0f,1f], start_interpolation: 0, interpolation_duration: 1 }
$data merge entity $(bone_right_head_scales1) { transformation: [-0.9987436994206251f,0.04233007412550921f,-0.026817674994915032f,-0.7406691827765529f,0.03724477570383085f,0.9851067561934919f,0.16786156672897926f,5.236050346553246f,0.0335238653853539f,0.16665186385535913f,-0.9854457401212711f,3.122381079623004f,0f,0f,0f,1f], start_interpolation: 0, interpolation_duration: 1 }
$data merge entity $(bone_head_left_fin1) { transformation: [-0.47059677839071895f,0.17203068585457512f,-0.9206624317945502f,0.5852082212389716f,0.13891838418734268f,1.0317682504011367f,0.1217832419675567f,4.785125817058007f,0.9262373090780939f,-0.06734180435476245f,-0.48602955330225595f,2.9240160194345735f,0f,0f,0f,1f], start_interpolation: 0, interpolation_duration: 1 }
$data merge entity $(bone_head_right_fin1) { transformation: [-0.5405924786212666f,-0.09891678275919664f,0.8925527660434754f,-0.7607549674333552f,-0.10120949341448242f,1.0418723218479902f,0.05416550041341167f,4.835318971815123f,-0.892295695678329f,-0.058247172298931005f,-0.5468919970325763f,2.969194666145304f,0f,0f,0f,1f], start_interpolation: 0, interpolation_duration: 1 }
$data merge entity $(bone_right_whisker16) { transformation: [-0.10211383706516833f,-0.2923405160157573f,0.950846878827222f,-1.2722835994531694f,0.9916258686284509f,0.046054659531786675f,0.12065282840564513f,3.283612775267951f,-0.07906263938611621f,0.9552046854109614f,0.2851896001298937f,1.3433034087405527f,0f,0f,0f,1f], start_interpolation: 0, interpolation_duration: 1 }
$data merge entity $(bone_right_whisker15) { transformation: [0.37787099356742404f,-0.1742977550443257f,0.9093040222097759f,-1.3995936509968816f,0.22609957906856742f,0.9697568410738678f,0.09192741449344649f,3.20743664755442f,-0.8978265381271515f,0.1708565532162631f,0.40585163010350694f,1.6457937951212824f,0f,0f,0f,1f], start_interpolation: 0, interpolation_duration: 1 }
$data merge entity $(bone_right_whisker14) { transformation: [0.611633148955997f,-0.2106654231729469f,0.7625778455853113f,-1.605661459971314f,-0.37259942780484057f,0.7735986877800494f,0.5125570569843821f,3.332970634461324f,-0.6979072699848297f,-0.5976329557047108f,0.39466478530263394f,1.8809285687001553f,0f,0f,0f,1f], start_interpolation: 0, interpolation_duration: 1 }
$data merge entity $(bone_right_whisker13) { transformation: [0.13632382001081622f,-0.3526299617493296f,0.9257796315399931f,-1.6515908719866768f,0.013307830923619507f,0.9350713764111532f,0.3542095744790925f,3.328487039081784f,-0.9905749430173205f,-0.035967083468330246f,0.1321652419247023f,2.214667196962827f,0f,0f,0f,1f], start_interpolation: 0, interpolation_duration: 1 }
$data merge entity $(bone_right_whisker12) { transformation: [-0.5145309226391387f,-0.2847382734828851f,0.808815210825132f,-1.420453934082376f,-0.46876491237054246f,0.8832312383968108f,0.012729353882804356f,3.5390650270607384f,-0.7179953945384011f,-0.3725945452284851f,-0.5879250958137647f,2.5372041906031244f,0f,0f,0f,1f], start_interpolation: 0, interpolation_duration: 1 }
$data merge entity $(bone_right_whisker11) { transformation: [-0.9258889013366074f,-0.16662391155586942f,0.33906668146474117f,-1.0045272791850717f,-0.22559463351149306f,0.9637544473611841f,-0.14242340580941695f,3.6404063663334796f,-0.30304587724056786f,-0.20835987447049506f,-0.9299190066872138f,2.6733380807697857f,0f,0f,0f,1f], start_interpolation: 0, interpolation_duration: 1 }
$data merge entity $(bone_right_whisker10) { transformation: [-0.5253012220333131f,-0.5423100974695965f,0.6557121199984222f,-0.7685521208497944f,-0.6084001289615094f,0.7781177616540393f,0.15614746900967227f,3.9137111117654073f,-0.594901596240863f,-0.3169108820804747f,-0.7386877443203244f,2.9405790322061107f,0f,0f,0f,1f], start_interpolation: 0, interpolation_duration: 1 }
$data merge entity $(bone_right_whisker1) { transformation: [0.011490195658976205f,-0.6054091962260938f,0.7958314397713839f,-0.7737137321809752f,-0.8190356450823469f,0.4508729469675472f,0.35481572368955605f,4.281637280454743f,-0.573627568626424f,-0.6558912187380422f,-0.4906710931918275f,3.198263291550012f,0f,0f,0f,1f], start_interpolation: 0, interpolation_duration: 1 }
$data merge entity $(bone_left_whisker16) { transformation: [-0.17007967427162865f,0.35826249732834803f,-0.9179983046867313f,0.8698518781588367f,-0.9814753302233944f,0.021792615807961848f,0.19034510253517384f,3.203729061921713f,0.08819909615486998f,0.9333665222753079f,0.34791932187385355f,1.2714004155799303f,0f,0f,0f,1f], start_interpolation: 0, interpolation_duration: 1 }
$data merge entity $(bone_left_whisker15) { transformation: [0.4192740168121241f,0.2570095773132438f,-0.8707211815475117f,1.0111111904637027f,-0.25582641202104284f,0.9536726896920926f,0.158307447228136f,3.1175375461529047f,0.8710695412759343f,0.1563792764554092f,0.46560001735031836f,1.5648759934512169f,0f,0f,0f,1f], start_interpolation: 0, interpolation_duration: 1 }
$data merge entity $(bone_left_whisker14) { transformation: [0.6830157077581229f,0.227140483027099f,-0.6941878304363214f,1.2412287873158043f,0.32431986788219924f,0.7572721940182441f,0.5668822165703098f,3.2268054703905595f,0.6544510419065306f,-0.6123283638188018f,0.44356263211687014f,1.7853697526873036f,0f,0f,0f,1f], start_interpolation: 0, interpolation_duration: 1 }
$data merge entity $(bone_left_whisker13) { transformation: [0.20098151043687934f,0.41801609840716164f,-0.8859283119615068f,1.3089422844844796f,-0.02588649488266996f,0.9063327323784349f,0.4217711080694477f,3.218083946235754f,0.9792529406875428f,-0.0618346156444298f,0.19297709310409267f,2.115293839149415f,0f,0f,0f,1f], start_interpolation: 0, interpolation_duration: 1 }
$data merge entity $(bone_left_whisker12) { transformation: [-0.4289932207439826f,0.3240669153573223f,-0.8431758125838851f,1.1162304861033936f,0.5039504610872345f,0.860527903478317f,0.0743347839519037f,3.444467942427285f,0.7496657584054836f,-0.3930297211484171f,-0.5324743082706704f,2.4520577540581283f,0f,0f,0f,1f], start_interpolation: 0, interpolation_duration: 1 }
$data merge entity $(bone_left_whisker11) { transformation: [-0.8841627011128175f,0.22353405956415762f,-0.41023023069448994f,0.7190480227128699f,0.2930943994521405f,0.949204822535659f,-0.11448090620202739f,3.5761314421811763f,0.3638021316192032f,-0.22145593035594205f,-0.9047680807474965f,2.6154844928714422f,0f,0f,0f,1f], start_interpolation: 0, interpolation_duration: 1 }
$data merge entity $(bone_left_whisker10) { transformation: [-0.43756392519617254f,0.5762539556897162f,-0.6902674770832486f,0.522486103191152f,0.644306935144519f,0.7364046902279526f,0.20634123566303936f,3.865566198203128f,0.6272211609086507f,-0.35445664158289936f,-0.6935085468443607f,2.897243998748375f,0f,0f,0f,1f], start_interpolation: 0, interpolation_duration: 1 }
$data merge entity $(bone_left_whisker1) { transformation: [0.11077755169435781f,0.5919911631020277f,-0.798294930993372f,0.5722494564913517f,0.8144760820747111f,0.40621994156012065f,0.4142632868202548f,4.231444125697627f,0.5695235252110598f,-0.6960832004063888f,-0.4371625925707353f,3.153084644839281f,0f,0f,0f,1f], start_interpolation: 0, interpolation_duration: 1 }
$data merge entity $(bone_upper_left_tooth1) { transformation: [-0.9987436994206251f,0.039831681030715736f,-0.03040493469605412f,0.24937858249430844f,0.03724477570383085f,0.9959882271013641f,0.08136509176700288f,4.492103527422358f,0.0335238653853539f,0.08013044778203106f,-0.9962204885405018f,4.132003432677738f,0f,0f,0f,1f], start_interpolation: 0, interpolation_duration: 1 }
$data merge entity $(bone_upper_right_tooth1) { transformation: [-0.9987436994206251f,0.039831681030715736f,-0.03040493469605412f,-0.42360301184185495f,0.03724477570383085f,0.9959882271013641f,0.08136509176700288f,4.517200104800916f,0.0335238653853539f,0.08013044778203106f,-0.9962204885405018f,4.154592756033103f,0f,0f,0f,1f], start_interpolation: 0, interpolation_duration: 1 }
$data merge entity $(bone_top_lip1) { transformation: [-0.9987436994206251f,0.0270304366155096f,-0.04219453002438721f,-0.0541503430464198f,0.03724477570383085f,0.963751287744648f,-0.2641898598608663f,4.626645673260818f,0.0335238653853539f,-0.265429483793545f,-0.9635472689924025f,4.152255787888444f,0f,0f,0f,1f], start_interpolation: 0, interpolation_duration: 1 }
$data merge entity $(bone_muzzle1) { transformation: [-0.9987436994206251f,0.039831681030715736f,-0.03040493469605412f,-0.06451349975777981f,0.03724477570383085f,0.9959882271013641f,0.08136509176700288f,4.840115299179774f,0.0335238653853539f,0.08013044778203106f,-0.9962204885405018f,3.6063531720013455f,0f,0f,0f,1f], start_interpolation: 0, interpolation_duration: 1 }
$data merge entity $(bone_jaw_right_tooth1) { transformation: [-0.9987436994206251f,0.010968922617715444f,-0.0488948423068381f,-0.4217981011959919f,0.03724477570383085f,0.8152717196317603f,-0.5778796153624416f,4.551970206880777f,0.0335238653853539f,-0.5789747023016453f,-0.8146560283606487f,4.16973535598612f,0f,0f,0f,1f], start_interpolation: 0, interpolation_duration: 1 }
$data merge entity $(bone_jaw_left_tooth1) { transformation: [-0.9987436994206251f,0.010968922617715444f,-0.0488948423068381f,0.3072652926681851f,0.03724477570383085f,0.8152717196317603f,-0.5778796153624416f,4.524782248054006f,0.0335238653853539f,-0.5789747023016453f,-0.8146560283606487f,4.145263589017808f,0f,0f,0f,1f], start_interpolation: 0, interpolation_duration: 1 }
$data merge entity $(bone_tongue1) { transformation: [-0.9987436994206251f,0.030605073247639468f,-0.039678109318749266f,-0.08939814452141305f,0.03724477570383085f,0.9831095865928839f,-0.17918807837559958f,4.386350041065021f,0.0335238653853539f,-0.18044076657084812f,-0.9830143845381661f,3.369119284503432f,0f,0f,0f,1f], start_interpolation: 0, interpolation_duration: 1 }
$data merge entity $(bone_jaw_lips1) { transformation: [-0.9987436994206251f,0.030605073247639468f,-0.039678109318749266f,-0.0016206898186768431f,0.03724477570383085f,0.9831095865928839f,-0.17918807837559958f,4.418279314951739f,0.0335238653853539f,-0.18044076657084812f,-0.9830143845381661f,4.273717757640392f,0f,0f,0f,1f], start_interpolation: 0, interpolation_duration: 1 }
$data merge entity $(bone_jaw3) { transformation: [-0.9987436994206251f,0.019292780300011497f,-0.046247286362547615f,-0.044795995340320305f,0.03724477570383085f,0.9032336524235074f,-0.4275298770992055f,3.958092086589649f,0.0335238653853539f,-0.4287152408743896f,-0.9028174747376343f,3.4987028851150033f,0f,0f,0f,1f], start_interpolation: 0, interpolation_duration: 1 }
$data merge entity $(bone_jaw1) { transformation: [-0.9987436994206251f,0.046343825576513925f,-0.019059714020353197f,-0.06191995715548139f,0.03724477570383085f,0.9409919158812546f,0.3363733653678558f,4.260302532037332f,0.0335238653853539f,0.3352409045403908f,-0.9415358125810008f,2.65279180349926f,0f,0f,0f,1f], start_interpolation: 0, interpolation_duration: 1 }
$data merge entity $(bone_tear_right1) { transformation: [-0.9987436994206251f,0.04233007412550921f,-0.026817674994915032f,-0.6696270521529366f,0.03724477570383085f,0.9851067561934919f,0.16786156672897926f,4.929329256501556f,0.0335238653853539f,0.16665186385535913f,-0.9854457401212711f,3.5696393502314434f,0f,0f,0f,1f], start_interpolation: 0, interpolation_duration: 1 }
$data merge entity $(bone_right_pupil1) { transformation: [-0.9987436994206251f,0.04233007412550921f,-0.026817674994915032f,-0.4779965565216232f,0.03724477570383085f,0.9851067561934919f,0.16786156672897926f,5.021748833038888f,0.0335238653853539f,0.16665186385535913f,-0.9854457401212711f,3.648545189383441f,0f,0f,0f,1f], start_interpolation: 0, interpolation_duration: 1 }
$data merge entity $(bone_right_sad_pupil1) { transformation: [-0.9987436994206251f,0.04233007412550921f,-0.026817674994915032f,-0.47829773158260125f,0.03724477570383085f,0.9851067561934919f,0.16786156672897926f,5.023633997118364f,0.0335238653853539f,0.16665186385535913f,-0.9854457401212711f,3.6374781717941884f,0f,0f,0f,1f], start_interpolation: 0, interpolation_duration: 1 }
$data merge entity $(bone_right_happy_pupil1) { transformation: [-0.9987436994206251f,0.04233007412550921f,-0.026817674994915032f,-0.50752672364735f,0.03724477570383085f,0.9851067561934919f,0.16786156672897926f,4.997022001878257f,0.0335238653853539f,0.16665186385535913f,-0.9854457401212711f,3.6337404950706444f,0f,0f,0f,1f], start_interpolation: 0, interpolation_duration: 1 }
$data merge entity $(bone_eyelid_right1) { transformation: [-0.9987436994206251f,0.04233007412550921f,-0.026817674994915032f,-0.06390320221554048f,0.03724477570383085f,0.9851067561934919f,0.16786156672897926f,5.046472497351849f,0.0335238653853539f,0.16665186385535913f,-0.9854457401212711f,3.060274571718444f,0f,0f,0f,1f], start_interpolation: 0, interpolation_duration: 1 }
$data merge entity $(bone_eyelid_expressions_right5) { transformation: [-0.9987436994206251f,0.04233007412550921f,-0.026817674994915032f,-0.6025316458269985f,0.03724477570383085f,0.9851067561934919f,0.16786156672897926f,5.139076267472862f,0.0335238653853539f,0.16665186385535913f,-0.9854457401212711f,3.6605235655478965f,0f,0f,0f,1f], start_interpolation: 0, interpolation_duration: 1 }
$data merge entity $(bone_eyelid_expressions_right7) { transformation: [-0.9987436994206251f,0.04233007412550921f,-0.026817674994915032f,-0.26604084865891664f,0.03724477570383085f,0.9851067561934919f,0.16786156672897926f,5.126527978783583f,0.0335238653853539f,0.16665186385535913f,-0.9854457401212711f,3.6492289038702137f,0f,0f,0f,1f], start_interpolation: 0, interpolation_duration: 1 }
$data merge entity $(bone_eyelid_expressions_right6) { transformation: [-0.9987436994206251f,0.04233007412550921f,-0.026817674994915032f,-0.37820444771494394f,0.03724477570383085f,0.9851067561934919f,0.16786156672897926f,5.1307107416800095f,0.0335238653853539f,0.16665186385535913f,-0.9854457401212711f,3.652993791096108f,0f,0f,0f,1f], start_interpolation: 0, interpolation_duration: 1 }
$data merge entity $(bone_right_eye1) { transformation: [-0.9987436994206251f,0.04233007412550921f,-0.026817674994915032f,-0.07481838706016515f,0.03724477570383085f,0.9851067561934919f,0.16786156672897926f,5.045005609562016f,0.0335238653853539f,0.16665186385535913f,-0.9854457401212711f,3.071718078030286f,0f,0f,0f,1f], start_interpolation: 0, interpolation_duration: 1 }
$data merge entity $(bone_tear_left1) { transformation: [-0.9987436994206251f,0.04233007412550921f,-0.026817674994915032f,0.5417398176521575f,0.03724477570383085f,0.9851067561934919f,0.16786156672897926f,4.8841554172201525f,0.0335238653853539f,0.16665186385535913f,-0.9854457401212711f,3.5289785681917856f,0f,0f,0f,1f], start_interpolation: 0, interpolation_duration: 1 }
$data merge entity $(bone_left_sad_pupil1) { transformation: [-0.9987436994206251f,0.04233007412550921f,-0.026817674994915032f,0.362929261337603f,0.03724477570383085f,0.9851067561934919f,0.16786156672897926f,4.992263275395167f,0.0335238653853539f,0.16665186385535913f,-0.9854457401212711f,3.6092415175999815f,0f,0f,0f,1f], start_interpolation: 0, interpolation_duration: 1 }
$data merge entity $(bone_left_pupil1) { transformation: [-0.9987436994206251f,0.04233007412550921f,-0.026817674994915032f,0.36323043639858105f,0.03724477570383085f,0.9851067561934919f,0.16786156672897926f,4.990378111315691f,0.0335238653853539f,0.16665186385535913f,-0.9854457401212711f,3.6203085351892343f,0f,0f,0f,1f], start_interpolation: 0, interpolation_duration: 1 }
$data merge entity $(bone_eyelid_left1) { transformation: [-0.9987436994206251f,0.04233007412550921f,-0.026817674994915032f,-0.08633592202674592f,0.03724477570383085f,0.9851067561934919f,0.16786156672897926f,5.047309049931134f,0.0335238653853539f,0.16665186385535913f,-0.9854457401212711f,3.0610275491636227f,0f,0f,0f,1f], start_interpolation: 0, interpolation_duration: 1 }
$data merge entity $(bone_left_happy_pupil1) { transformation: [-0.9987436994206251f,0.04233007412550921f,-0.026817674994915032f,0.38978206880086785f,0.03724477570383085f,0.9851067561934919f,0.16786156672897926f,4.963559898706847f,0.0335238653853539f,0.16665186385535913f,-0.9854457401212711f,3.6036213972634905f,0f,0f,0f,1f], start_interpolation: 0, interpolation_duration: 1 }
$data merge entity $(bone_eyelid_expressions_left5) { transformation: [-0.9987436994206251f,0.04233007412550921f,-0.026817674994915032f,0.4966716249220684f,0.03724477570383085f,0.9851067561934919f,0.16786156672897926f,5.0980851910878835f,0.0335238653853539f,0.16665186385535913f,-0.9854457401212711f,3.6236276707341326f,0f,0f,0f,1f], start_interpolation: 0, interpolation_duration: 1 }
$data merge entity $(bone_eyelid_expressions_left7) { transformation: [-0.9987436994206251f,0.04233007412550921f,-0.026817674994915032f,0.16018082775398676f,0.03724477570383085f,0.9851067561934919f,0.16786156672897926f,5.110633479777163f,0.0335238653853539f,0.16665186385535913f,-0.9854457401212711f,3.6349223324118154f,0f,0f,0f,1f], start_interpolation: 0, interpolation_duration: 1 }
$data merge entity $(bone_eyelid_expressions_left6) { transformation: [-0.9987436994206251f,0.04233007412550921f,-0.026817674994915032f,0.27234442681001403f,0.03724477570383085f,0.9851067561934919f,0.16786156672897926f,5.106450716880737f,0.0335238653853539f,0.16665186385535913f,-0.9854457401212711f,3.631157445185921f,0f,0f,0f,1f], start_interpolation: 0, interpolation_duration: 1 }
$data merge entity $(bone_left_eye1) { transformation: [-0.9987436994206251f,0.04233007412550921f,-0.026817674994915032f,-0.07481838706016515f,0.03724477570383085f,0.9851067561934919f,0.16786156672897926f,5.045005609562016f,0.0335238653853539f,0.16665186385535913f,-0.9854457401212711f,3.071718078030286f,0f,0f,0f,1f], start_interpolation: 0, interpolation_duration: 1 }
$data merge entity $(bone_crest_middle5) { transformation: [-0.9987436994206251f,0.03552227512720852f,-0.03534389391947211f,-0.003376109704350247f,0.03724477570383085f,0.9980876853564412f,-0.04933354865193754f,6.330042656430118f,0.0335238653853539f,-0.050587946287714125f,-0.9981568063886637f,3.7724608930258534f,0f,0f,0f,1f], start_interpolation: 0, interpolation_duration: 1 }
$data merge entity $(bone_crest_middle4) { transformation: [-0.9987436994206251f,0.03552227512720852f,-0.03534389391947211f,-0.0273120177490513f,0.03724477570383085f,0.9980876853564412f,-0.04933354865193754f,5.657503102820797f,0.0335238653853539f,-0.050587946287714125f,-0.9981568063886637f,3.8065484740205044f,0f,0f,0f,1f], start_interpolation: 0, interpolation_duration: 1 }
$data merge entity $(bone_crest_middle1) { transformation: [-0.9987436994206251f,0.03552227512720852f,-0.03534389391947211f,-0.04228697235962062f,0.03724477570383085f,0.9980876853564412f,-0.04933354865193754f,5.157253746916517f,0.0335238653853539f,-0.050587946287714125f,-0.9981568063886637f,3.9161877846422026f,0f,0f,0f,1f], start_interpolation: 0, interpolation_duration: 1 }
$data merge entity $(bone_crest_left5) { transformation: [-0.5723254209556395f,-0.8160766807856294f,0.0803894495929626f,-1.1309886571409162f,-0.8108190079874374f,0.5778227839957935f,0.09323822489525777f,5.722843264707172f,-0.12254039666256124f,-0.011818687459286978f,-0.9923931528444369f,3.800008420537928f,0f,0f,0f,1f], start_interpolation: 0, interpolation_duration: 1 }
$data merge entity $(bone_crest_left4) { transformation: [-0.5723254209556395f,-0.8160766807856294f,0.0803894495929626f,-0.6727424740825795f,-0.8108190079874374f,0.5778227839957935f,0.09323822489525777f,5.398382228772034f,-0.12254039666256124f,-0.011818687459286978f,-0.9923931528444369f,3.806644890546805f,0f,0f,0f,1f], start_interpolation: 0, interpolation_duration: 1 }
$data merge entity $(bone_crest_left1) { transformation: [-0.5723254209556395f,-0.8160766807856294f,0.0803894495929626f,-0.16415761671099224f,-0.8108190079874374f,0.5778227839957935f,0.09323822489525777f,5.046710634098341f,-0.12254039666256124f,-0.011818687459286978f,-0.9923931528444369f,3.7582198061029026f,0f,0f,0f,1f], start_interpolation: 0, interpolation_duration: 1 }
$data merge entity $(bone_crest_center1) { transformation: [-0.9987436994206251f,0.04233007412550921f,-0.026817674994915032f,-0.05318246887922391f,0.03724477570383085f,0.9851067561934919f,0.16786156672897926f,5.014870198622543f,0.0335238653853539f,0.16665186385535913f,-0.9854457401212711f,3.74977603239463f,0f,0f,0f,1f], start_interpolation: 0, interpolation_duration: 1 }
$data merge entity $(bone_crest_right5) { transformation: [-0.5009237761194799f,0.854174572294335f,-0.13950329947349233f,1.0752450069529513f,0.8508422147847047f,0.5155364002858458f,0.10143838287635926f,5.640569225815026f,0.15856511614620583f,-0.06788239849992063f,-0.9850122252619194f,3.7259539054439914f,0f,0f,0f,1f], start_interpolation: 0, interpolation_duration: 1 }
$data merge entity $(bone_crest_right4) { transformation: [-0.5009237761194799f,0.854174572294335f,-0.13950329947349233f,0.5956059648931441f,0.8508422147847047f,0.5155364002858458f,0.10143838287635926f,5.351083454170142f,0.15856511614620583f,-0.06788239849992063f,-0.9850122252619194f,3.7640714631954117f,0f,0f,0f,1f], start_interpolation: 0, interpolation_duration: 1 }
$data merge entity $(bone_crest_right1) { transformation: [-0.5009237761194799f,0.854174572294335f,-0.13950329947349233f,0.06016958140106221f,0.8508422147847047f,0.5155364002858458f,0.10143838287635926f,5.038345108305488f,0.15856511614620583f,-0.06788239849992063f,-0.9850122252619194f,3.7506900316511143f,0f,0f,0f,1f], start_interpolation: 0, interpolation_duration: 1 }
$data merge entity $(bone_head1) { transformation: [-1.0468602578562536f,0.04436941363416002f,-0.02810967235795129f,-0.09375994828721645f,0.0390391203666456f,1.032566326478855f,0.1759486474177451f,5.093373580728962f,0.03513894744167953f,0.174680664587974f,-1.0329216416635714f,2.4536742178756112f,0f,0f,0f,1f], start_interpolation: 0, interpolation_duration: 1 }
$data merge entity $(bone_neck10) { transformation: [-1.4946893505208865f,0.04613580104153401f,0.07726263641459422f,-0.05255106015427828f,0.03180022965762521f,1.4734775959678545f,-0.2646635623929783f,4.462757513733609f,-0.08418297047028031f,-0.2625443652548566f,-1.4717941314734722f,1.483784208777219f,0f,0f,0f,1f], start_interpolation: 0, interpolation_duration: 1 }
$data merge entity $(bone_neck9) { transformation: [-1.143437353148479f,-0.025406318999170254f,0.06398192618427251f,-0.022478338841944268f,0.0243271756880833f,0.8468305568818535f,0.7710216241797294f,3.5259502478812665f,-0.06439997240976447f,0.7709868192029091f,-0.8447603900914976f,0.5959554464012158f,0f,0f,0f,1f], start_interpolation: 0, interpolation_duration: 1 }
$data merge entity $(bone_neck8) { transformation: [-1.0612294388698296f,-0.034413707513544375f,0.05383225992021304f,0.014899796862856213f,0.022578163056913902f,0.6359702016602687f,0.8516585387055609f,2.932722679597488f,-0.059769909033899025f,0.85126243704999f,-0.6340898663744043f,-0.2917950555525275f,0f,0f,0f,1f], start_interpolation: 0, interpolation_duration: 1 }
$data merge entity $(bone_neck7) { transformation: [-1.0546037927521912f,0.01101474925456907f,0.046001396343550056f,0.0037678694247278988f,0.046224391069638875f,0.45784684013516513f,0.9500874641329026f,2.470005128397055f,-0.010037870139551548f,0.9511474959916089f,-0.45786929891177236f,-1.253061141927026f,0f,0f,0f,1f], start_interpolation: 0, interpolation_duration: 1 }
$data merge entity $(bone_neck6) { transformation: [-1.0486119632020494f,0.040564330446855895f,0.024166049299680685f,-0.033120740662338916f,0.02859385515856991f,0.1180276926763028f,1.042625708211001f,2.37714587018816f,0.03757464957291076f,1.0422286270635246f,-0.11901322133513759f,-2.2118627295221334f,0f,0f,0f,1f], start_interpolation: 0, interpolation_duration: 1 }
$data merge entity $(bone_neck_spine6) { transformation: [-1.2500510987020992f,0.22825005896080766f,0.07252261533323519f,-0.523493637955768f,-0.008125268896616583f,-0.4256163858251085f,1.1994874074533837f,3.8272700703045737f,0.23935663591332135f,1.1775983913110066f,0.4194708549383347f,-5.4523838094018515f,0f,0f,0f,1f], start_interpolation: 0, interpolation_duration: 1 }
$data merge entity $(bone_neck_spine7) { transformation: [-0.9952794500016003f,0.05271781220938512f,0.08148403942102947f,-1.0397928920882742f,0.07116525870308679f,-0.1744321208904407f,0.9820941610433214f,5.296302570413616f,0.06598728936874598f,0.9832569691985502f,0.16985702859830892f,-8.668922797799311f,0f,0f,0f,1f], start_interpolation: 0, interpolation_duration: 1 }
$data merge entity $(bone_tail6) { transformation: [-1.6302379046488007f,-0.26200476916150267f,0.4888556154019729f,-0.37125107967006954f,0.3047832476418071f,0.8448822870693709f,1.4692117037651404f,4.560341519076195f,-0.46339344377140973f,1.4774401373525035f,-0.7534846344396259f,-12.4997887572331f,0f,0f,0f,1f], start_interpolation: 0, interpolation_duration: 1 }
$data merge entity $(bone_tail5) { transformation: [-1.3467182690577049f,-0.28327613392657314f,0.36011786258622047f,-0.5501623221500105f,0.25177746544323193f,0.4765866583797539f,1.316454938146094f,4.861343619105513f,-0.3828032796372515f,1.3100382163211384f,-0.40105094451569384f,-11.67239619955659f,0f,0f,0f,1f], start_interpolation: 0, interpolation_duration: 1 }
$data merge entity $(bone_tail4) { transformation: [-0.9905848630498456f,-0.2054173781684818f,0.2742636101783807f,-0.6381983413650741f,0.20883624072475704f,0.30322702646537814f,0.9813847324093079f,4.991298059019247f,-0.27166937935962354f,0.982106037652007f,-0.24563932329943655f,-11.251493611991444f,0f,0f,0f,1f], start_interpolation: 0, interpolation_duration: 1 }
$data merge entity $(bone_segment18) { transformation: [-0.9113898206964466f,-0.3176536479960945f,0.2616577051142812f,-0.8165683097222561f,0.15977314449565402f,0.3128206881564102f,0.9362776080625448f,5.16695420715395f,-0.37926394111340145f,0.8951197556618463f,-0.2343490686881581f,-10.748862889818044f,0f,0f,0f,1f], start_interpolation: 0, interpolation_duration: 1 }
$data merge entity $(bone_segment17) { transformation: [-0.95754226993943f,-0.22675212908375147f,0.17803447204187534f,-0.9820929352008737f,0.1701076645812389f,0.05419531496057825f,0.9839340680589528f,5.206515728572927f,-0.23275777909655404f,0.972443489253905f,-0.0133220297901738f,-10.038998135699591f,0f,0f,0f,1f], start_interpolation: 0, interpolation_duration: 1 }
$data merge entity $(bone_segment16) { transformation: [-0.9865285886905779f,-0.1126785671739996f,0.11859546448237784f,-1.089654751033476f,0.14002516615541855f,-0.20679515970882417f,0.9683123022889615f,5.009111169378224f,-0.0845830747805014f,0.9718741186082775f,0.21978717214628288f,-9.111256972672646f,0f,0f,0f,1f], start_interpolation: 0, interpolation_duration: 1 }
$data merge entity $(bone_segment15) { transformation: [-0.9952794500016003f,0.02983187504445525f,0.09235191192305597f,-1.0544770272872068f,0.07116525870308679f,-0.4226731634644472f,0.9034837590353682f,4.510695305234357f,0.06598728936874598f,0.9057910664818287f,0.4185549205581949f,-8.043148854726544f,0f,0f,0f,1f], start_interpolation: 0, interpolation_duration: 1 }
$data merge entity $(bone_segment14) { transformation: [-1.0246835231044416f,0.19684125615579262f,0.09976169294098242f,-0.8330306141119401f,-0.019813000555939406f,-0.5539953463642499f,0.8895908043819343f,3.887450540574576f,0.21978698895160195f,0.8677660249784712f,0.5452990036721358f,-7.066912076625765f,0f,0f,0f,1f], start_interpolation: 0, interpolation_duration: 1 }
$data merge entity $(bone_segment13) { transformation: [-1.0073941207187505f,0.17099937679178948f,0.08949810333913755f,-0.6295321938270316f,-0.006548010816685128f,-0.5056421135537581f,0.8923994556130235f,3.2540388335691377f,0.1928932889419119f,0.8758874801941721f,0.4977016304408335f,-6.025634142263987f,0f,0f,0f,1f], start_interpolation: 0, interpolation_duration: 1 }
$data merge entity $(bone_segment12) { transformation: [-1.0860673844926212f,0.2452018988835745f,0.06933647176574988f,-0.33331513477304897f,-0.02451324240716231f,-0.402676776735921f,1.040059803865111f,2.767583667042522f,0.25363481322507964f,1.011039723973858f,0.397419097753015f,-4.804243871691542f,0f,0f,0f,1f], start_interpolation: 0, interpolation_duration: 1 }
$data merge entity $(bone_segment11) { transformation: [-1.1715148954611398f,0.2095389697069272f,0.027732846377196602f,-0.09115918671318463f,-0.014006080529920953f,-0.23280880050234304f,1.1673588706983797f,2.4985356905197045f,0.21090168397196626f,1.1484843592597014f,0.23157503560394685f,-3.4769856569668907f,0f,0f,0f,1f], start_interpolation: 0, interpolation_duration: 1 }
$data merge entity $(bone_segment10) { transformation: [-1.0470758333434975f,0.047845344334487463f,0.004268521841110793f,-0.03070568455835425f,0f,-0.09314316317530563f,1.0440304349868694f,2.396534592002371f,0.048035375018768325f,1.0429335416048264f,0.09304530384492055f,-2.1592192999316913f,0f,0f,0f,1f], start_interpolation: 0, interpolation_duration: 1 }