# This file was generated by Animated Java via MC-Build. It is not recommended to edit this file directly.
$data merge entity $(bone_neck_spine5) { transformation: [-1.3624947096944435f,0.03888664359664263f,0.10629042835877886f,0.25090602464297557f,0.08640203420062262f,1.1867092905983427f,0.6733924622757694f,3.5961933906467975f,-0.0731061878153925f,0.6777983097600764f,-1.1850934970481166f,0.13808759906164775f,0f,0f,0f,1f], start_interpolation: 0, interpolation_duration: 1 }
$data merge entity $(bone_neck_spine2) { transformation: [-1.297614009232803f,0.09776732576427229f,0.04539206979328095f,0.15257854008205382f,0.08228765161964058f,1.2526576791945412f,-0.3456855335276784f,4.940735155750183f,-0.06962494077656428f,-0.3416303495187361f,-1.2545365992485076f,1.733402856124131f,0f,0f,0f,1f], start_interpolation: 0, interpolation_duration: 1 }
$data merge entity $(bone_scale_neck_left1) { transformation: [-1.3528292611438495f,0.4413255878330888f,0.1629237064381432f,0.7759729684640752f,0.4538599283884137f,1.3549093768301588f,0.09844371175322944f,4.135378282739269f,-0.12378842433373036f,0.14460886730856945f,-1.4195858973304443f,1.9474031717819567f,0f,0f,0f,1f], start_interpolation: 0, interpolation_duration: 1 }
$data merge entity $(bone_scale_neck_right1) { transformation: [-1.4046482838155754f,-0.2800242693036237f,0.0030042932126867895f,-0.5865217412303682f,-0.27899563904341945f,1.400653477400588f,0.10858493469709547f,4.221780316939891f,-0.02416713825611628f,0.10590402848518082f,-1.4281665535160446f,1.8742969839665642f,0f,0f,0f,1f], start_interpolation: 0, interpolation_duration: 1 }
$data merge entity $(bone_blush_right1) { transformation: [-0.9932828211868417f,0.09941918395817274f,-0.0592035724952453f,-0.46211825257646344f,0.0814111504813736f,0.9640325324459925f,0.2530088950275584f,3.9170775830983917f,0.08222810780024008f,0.24648955808889322f,-0.965650783689805f,3.058812029771571f,0f,0f,0f,1f], start_interpolation: 0, interpolation_duration: 1 }
$data merge entity $(bone_blush_left1) { transformation: [-0.9932828211868417f,0.09941918395817274f,-0.0592035724952453f,0.6824849984005613f,0.0814111504813736f,0.9640325324459925f,0.2530088950275584f,3.8232639526608714f,0.08222810780024008f,0.24648955808889322f,-0.965650783689805f,2.964056983673638f,0f,0f,0f,1f], start_interpolation: 0, interpolation_duration: 1 }
$data merge entity $(bone_left_head_scales) { transformation: [-0.8537154553043158f,0.09941918395817274f,-0.5111611753993411f,0.7350573103257028f,-0.044613933996622585f,0.9640325324459925f,0.26201311661653875f,4.520881284540487f,0.5188251326486507f,0.24648955808889322f,-0.8185739914541948f,2.789660652998195f,0f,0f,0f,1f], start_interpolation: 0, interpolation_duration: 1 }
$data merge entity $(bone_left_head_scales2) { transformation: [-0.7796918794012649f,0.09941918395817274f,-0.6182203483037537f,0.6660584711731135f,-0.07843183003028693f,0.9640325324459925f,0.25394827115746843f,3.7306690187095035f,0.6212318578709753f,0.24648955808889322f,-0.7438507084888194f,2.7385434372583086f,0f,0f,0f,1f], start_interpolation: 0, interpolation_duration: 1 }
$data merge entity $(bone_left_head_scales1) { transformation: [-0.9932828211868417f,0.09941918395817274f,-0.0592035724952453f,0.7253484056422874f,0.0814111504813736f,0.9640325324459925f,0.2530088950275584f,4.426737482543809f,0.08222810780024008f,0.24648955808889322f,-0.965650783689805f,2.7655894070910767f,0f,0f,0f,1f], start_interpolation: 0, interpolation_duration: 1 }
$data merge entity $(bone_right_head_scales) { transformation: [-0.9083897903007945f,0.09941918395817274f,0.4061327550670716f,-0.42894599575262743f,0.18903907883358415f,0.9640325324459925f,0.1868301449432529f,4.616284976510847f,-0.3729506878275316f,0.24648955808889322f,-0.8945114209455983f,2.8860217168266016f,0f,0f,0f,1f], start_interpolation: 0, interpolation_duration: 1 }
$data merge entity $(bone_right_head_scales2) { transformation: [-0.8476074276634121f,0.09941918395817274f,0.5212268934263703f,-0.4979448349052167f,0.21180805071975878f,0.9640325324459925f,0.16055723601277838f,3.826072710679863f,-0.4865172126658109f,0.24648955808889322f,-0.8381789185687222f,2.834904501086715f,0f,0f,0f,1f], start_interpolation: 0, interpolation_duration: 1 }
$data merge entity $(bone_right_head_scales1) { transformation: [-0.9932828211868417f,0.09941918395817274f,-0.0592035724952453f,-0.4386549004360427f,0.0814111504813736f,0.9640325324459925f,0.2530088950275584f,4.522141174514168f,0.08222810780024008f,0.24648955808889322f,-0.965650783689805f,2.861950470919483f,0f,0f,0f,1f], start_interpolation: 0, interpolation_duration: 1 }
$data merge entity $(bone_head_left_fin1) { transformation: [-0.404462380784262f,0.21130174037393096f,-0.8898099555777484f,0.6846038634917249f,0.07718249336587948f,0.977358925062306f,0.19700861483417437f,4.092229372179925f,0.9112919648763249f,0.011004822397566616f,-0.411613712886057f,2.6045962379747087f,0f,0f,0f,1f], start_interpolation: 0, interpolation_duration: 1 }
$data merge entity $(bone_head_right_fin1) { transformation: [-0.554975051691665f,-0.04577886231246387f,0.8306063976187582f,-0.4793994425866053f,0.001454631455659855f,0.9984296887810791f,0.05600036256888065f,4.187633064150284f,-0.8318657199615586f,0.032287030304664954f,-0.5540369767686483f,2.700957301803115f,0f,0f,0f,1f], start_interpolation: 0, interpolation_duration: 1 }
$data merge entity $(bone_right_whisker16) { transformation: [-0.05460350591088194f,-0.24960977852063906f,0.9668057796730005f,-1.0508962474061856f,0.9984670239952398f,-0.02243351669575965f,0.050599795678945195f,2.98736648958034f,0.009058649807240039f,0.968086615853943f,0.2504520813811117f,1.20091572197064f,0f,0f,0f,1f], start_interpolation: 0, interpolation_duration: 1 }
$data merge entity $(bone_right_whisker15) { transformation: [0.3512238197476313f,-0.11734676987030768f,0.928908802866508f,-1.1537938508478744f,0.28429983150627375f,0.9586388458063754f,0.013607685935723868f,2.9040755233187365f,-0.8920848806292978f,0.25930927270737164f,0.37005846408450926f,1.4622687143425044f,0f,0f,0f,1f], start_interpolation: 0, interpolation_duration: 1 }
$data merge entity $(bone_right_whisker14) { transformation: [0.5622607418889889f,-0.19561887877496248f,0.803489957869587f,-1.318518677573164f,-0.33974672851415f,0.8311899545187148f,0.44010841842790255f,3.0036106976881163f,-0.7539462968901545f,-0.5204387704370262f,0.4008846063789675f,1.6831514185095418f,0f,0f,0f,1f], start_interpolation: 0, interpolation_duration: 1 }
$data merge entity $(bone_right_whisker13) { transformation: [0.09548749384053512f,-0.3056676192823779f,0.9473380838129001f,-1.3464935292842584f,0.09192690837511674f,0.9503276607016673f,0.2973664083616203f,2.9766789862500938f,-0.9911768671819612f,0.05869108814411486f,0.11884348587875149f,1.973535266316757f,0f,0f,0f,1f], start_interpolation: 0, interpolation_duration: 1 }
$data merge entity $(bone_right_whisker12) { transformation: [-0.5672016807294271f,-0.2545749502104328f,0.7832457137470137f,-1.1249303727493258f,-0.38046983630609127f,0.9244567602952367f,0.024947986003922715f,3.1253000160571607f,-0.7304279273404934f,-0.2838508289045346f,-0.6212115178353341f,2.258858675434137f,0f,0f,0f,1f], start_interpolation: 0, interpolation_duration: 1 }
$data merge entity $(bone_right_whisker11) { transformation: [-0.9479976148135888f,-0.12577553814219794f,0.2923714013250736f,-0.7546188044627677f,-0.1546811400333153f,0.9848922009957598f,-0.07785304962377665f,3.1857223363826743f,-0.27816230374682427f,-0.1190288470194045f,-0.9531305610206248f,2.36751582533524f,0f,0f,0f,1f], start_interpolation: 0, interpolation_duration: 1 }
$data merge entity $(bone_right_whisker10) { transformation: [-0.579948708970535f,-0.5146324432803551f,0.6315163840207966f,-0.5280763400211526f,-0.5295010029030878f,0.8272444078062972f,0.18787064080859833f,3.392558665641693f,-0.6191027240192327f,-0.22543322309832947f,-0.7522577211537711f,2.609352826905253f,0f,0f,0f,1f], start_interpolation: 0, interpolation_duration: 1 }
$data merge entity $(bone_right_whisker1) { transformation: [-0.054179956608063025f,-0.6083916260364702f,0.7917854265333814f,-0.506912294471128f,-0.7663319653905223f,0.5336932400400907f,0.35764066373415915f,3.691907089622366f,-0.6401561146491128f,-0.5873935264405032f,-0.49514542709505244f,2.859413809190063f,0f,0f,0f,1f], start_interpolation: 0, interpolation_duration: 1 }
$data merge entity $(bone_left_whisker16) { transformation: [-0.21610172007072492f,0.3974359019096609f,-0.8918210305076516f,0.8016453369350819f,-0.9762795629635974f,-0.07546648186361789f,0.20293601221748714f,2.8355290285079713f,0.013351461421208292f,0.9145214672102475f,0.4043169851608203f,1.047554578646298f,0f,0f,0f,1f], start_interpolation: 0, interpolation_duration: 1 }
$data merge entity $(bone_left_whisker15) { transformation: [0.441562603099524f,0.3116022829559778f,-0.8413836727680161f,0.9310093808118955f,-0.34927795595715344f,0.923481451413148f,0.1587038700796513f,2.733201502348649f,0.8264547035539006f,0.22379907540579558f,0.5166106820625622f,1.289679980078105f,0f,0f,0f,1f], start_interpolation: 0, interpolation_duration: 1 }
$data merge entity $(bone_left_whisker14) { transformation: [0.7253093019463874f,0.2397932153337766f,-0.6453104914612299f,1.1435023403665012f,0.23421529642037697f,0.7955028382625999f,0.5588545689523021f,2.8018192649718063f,0.6473558615110857f,-0.5564840053371143f,0.52082236930762f,1.4793350176301807f,0f,0f,0f,1f], start_interpolation: 0, interpolation_duration: 1 }
$data merge entity $(bone_left_whisker13) { transformation: [0.23997353627440282f,0.4607647429070565f,-0.8544638983489897f,1.2138070873218927f,-0.11942186532070406f,0.8875095599139748f,0.44504516528620663f,2.7668323903661314f,0.9634059995512183f,-0.004757389525520267f,0.26800419264187053f,1.7615828690612017f,0f,0f,0f,1f], start_interpolation: 0, interpolation_duration: 1 }
$data merge entity $(bone_left_whisker12) { transformation: [-0.3711635110020953f,0.3509014456608873f,-0.8597126400918491f,1.068821340836699f,0.457379844413609f,0.8748308844361318f,0.15960764881696302f,2.9454963920901975f,0.8081097240008812f,-0.3339746982479294f,-0.4852005512212699f,2.077250729999046f,0f,0f,0f,1f], start_interpolation: 0, interpolation_duration: 1 }
$data merge entity $(bone_left_whisker11) { transformation: [-0.8521570827506538f,0.26224914775814523f,-0.4528285446148711f,0.735947480387225f,0.3022248827087832f,0.9530890373645041f,-0.016775193807103517f,3.063552986898316f,0.427186641398766f,-0.15115115400065648f,-0.8914397916038481f,2.244120511795439f,0f,0f,0f,1f], start_interpolation: 0, interpolation_duration: 1 }
$data merge entity $(bone_left_whisker10) { transformation: [-0.37765173488447684f,0.5978155842213901f,-0.70710373666159f,0.5884272714479762f,0.6079875650109067f,0.7360662742094252f,0.29758622408230606f,3.3010481294807015f,0.6983768953300601f,-0.31752632526058977f,-0.6414411468214778f,2.516923986533744f,0f,0f,0f,1f], start_interpolation: 0, interpolation_duration: 1 }
$data merge entity $(bone_left_whisker1) { transformation: [0.1757791748076183f,0.5824616506285291f,-0.7936246639634145f,0.6570910116072022f,0.7563654865185403f,0.43608887878478364f,0.4875835729429393f,3.596503397652006f,0.6300896225994561f,-0.6859773431734609f,-0.3638985465004705f,2.7630527453616565f,0f,0f,0f,1f], start_interpolation: 0, interpolation_duration: 1 }
$data merge entity $(bone_upper_left_tooth1) { transformation: [-0.9932828211868417f,0.09388093261360167f,-0.06764323784909428f,0.4239249017036779f,0.0814111504813736f,0.9824152757785476f,0.16802514839826835f,3.762192095269571f,0.08222810780024008f,0.1613895796157896f,-0.9834591714347022f,3.6422451284660737f,0f,0f,0f,1f], start_interpolation: 0, interpolation_duration: 1 }
$data merge entity $(bone_upper_right_tooth1) { transformation: [-0.9932828211868417f,0.09388093261360167f,-0.06764323784909428f,-0.15807675133548715f,0.0814111504813736f,0.9824152757785476f,0.16802514839826835f,3.809893941254751f,0.08222810780024008f,0.1613895796157896f,-0.9834591714347022f,3.690425660380277f,0f,0f,0f,1f], start_interpolation: 0, interpolation_duration: 1 }
$data merge entity $(bone_top_lip1) { transformation: [-0.9932828211868417f,0.06508386970534111f,-0.09567302148091145f,0.1672593202697106f,0.0814111504813736f,0.9806363705339469f,-0.1781138213707952f,3.8895883068579007f,0.08222810780024008f,-0.18470624973234281f,-0.9793478133928751f,3.68166461781159f,0f,0f,0f,1f], start_interpolation: 0, interpolation_duration: 1 }
$data merge entity $(bone_muzzle1) { transformation: [-0.9932828211868417f,0.09388093261360167f,-0.06764323784909428f,0.14798248527702812f,0.0814111504813736f,0.9824152757785476f,0.16802514839826835f,4.115540324012116f,0.08222810780024008f,0.1613895796157896f,-0.9834591714347022f,3.225100995961021f,0f,0f,0f,1f], start_interpolation: 0, interpolation_duration: 1 }
$data merge entity $(bone_jaw_right_tooth1) { transformation: [-0.9932828211868417f,0.028436731574999433f,-0.11216322673871408f,-0.15442059067900554f,0.0814111504813736f,0.8605782463515035f,-0.5027696356024999f,3.8387771851187f,0.08222810780024008f,-0.5085237793888334f,-0.8571126554214968f,3.7059943447782473f,0f,0f,0f,1f], start_interpolation: 0, interpolation_duration: 1 }
$data merge entity $(bone_jaw_left_tooth1) { transformation: [-0.9932828211868417f,0.028436731574999433f,-0.11216322673871408f,0.47608120011342325f,0.0814111504813736f,0.8605782463515035f,-0.5027696356024999f,3.787100185301422f,0.08222810780024008f,-0.5085237793888334f,-0.8571126554214968f,3.6537987685378606f,0f,0f,0f,1f], start_interpolation: 0, interpolation_duration: 1 }
$data merge entity $(bone_tongue1) { transformation: [-0.9932828211868417f,0.07317465917983625f,-0.08963652374464084f,0.09768068671674479f,0.0814111504813736f,0.9924283954770456f,-0.09196795326719276f,3.7416163769776802f,0.08222810780024008f,-0.09864760060321917f,-0.9917193096752832f,2.9876842027697297f,0f,0f,0f,1f], start_interpolation: 0, interpolation_duration: 1 }
$data merge entity $(bone_jaw_lips1) { transformation: [-0.9932828211868417f,0.07317465917983625f,-0.08963652374464084f,0.20799152428047968f,0.0814111504813736f,0.9924283954770456f,-0.09196795326719276f,3.698037135949274f,0.08222810780024008f,-0.09864760060321917f,-0.9917193096752832f,3.769528426258355f,0f,0f,0f,1f], start_interpolation: 0, interpolation_duration: 1 }
$data merge entity $(bone_jaw3) { transformation: [-0.9932828211868417f,0.047481653649806915f,-0.10552122867834952f,0.12207538935807316f,0.0814111504813736f,0.9348091600892514f,-0.3456935909017233f,3.3594962581494654f,0.08222810780024008f,-0.3519621098639863f,-0.9323954158551423f,3.0668730924532386f,0f,0f,0f,1f], start_interpolation: 0, interpolation_duration: 1 }
$data merge entity $(bone_jaw1) { transformation: [-0.9932828211868417f,0.1081893756353268f,-0.04104017707986787f,0.09001275101442639f,0.0814111504813736f,0.9054521785537473f,0.4165676138750739f,3.684939706489367f,0.08222810780024008f,0.4104283266928728f,-0.9081779159039713f,2.357359095653261f,0f,0f,0f,1f], start_interpolation: 0, interpolation_duration: 1 }
$data merge entity $(bone_tear_right1) { transformation: [-0.9932828211868417f,0.09941918395817274f,-0.0592035724952453f,-0.37443350944240605f,0.0814111504813736f,0.9640325324459925f,0.2530088950275584f,4.2203686263401385f,0.08222810780024008f,0.24648955808889322f,-0.965650783689805f,3.2239179970305387f,0f,0f,0f,1f], start_interpolation: 0, interpolation_duration: 1 }
$data merge entity $(bone_right_pupil1) { transformation: [-0.9932828211868417f,0.09941918395817274f,-0.0592035724952453f,-0.20120550124820863f,0.0814111504813736f,0.9640325324459925f,0.2530088950275584f,4.286569706188856f,0.08222810780024008f,0.24648955808889322f,-0.965650783689805f,3.2913207229643597f,0f,0f,0f,1f], start_interpolation: 0, interpolation_duration: 1 }
$data merge entity $(bone_right_sad_pupil1) { transformation: [-0.9932828211868417f,0.09941918395817274f,-0.0592035724952453f,-0.20178366113585755f,0.0814111504813736f,0.9640325324459925f,0.2530088950275584f,4.28904049617936f,0.08222810780024008f,0.24648955808889322f,-0.965650783689805f,3.281890539529889f,0f,0f,0f,1f], start_interpolation: 0, interpolation_duration: 1 }
$data merge entity $(bone_right_happy_pupil1) { transformation: [-0.9932828211868417f,0.09941918395817274f,-0.0592035724952453f,-0.22846061471396667f,0.0814111504813736f,0.9640325324459925f,0.2530088950275584f,4.267492398415421f,0.08222810780024008f,0.24648955808889322f,-0.965650783689805f,3.277880301547904f,0f,0f,0f,1f], start_interpolation: 0, interpolation_duration: 1 }
$data merge entity $(bone_eyelid_right1) { transformation: [-0.9932828211868417f,0.09941918395817274f,-0.0592035724952453f,0.13790526324100333f,0.0814111504813736f,0.9640325324459925f,0.2530088950275584f,4.334899384758054f,0.08222810780024008f,0.24648955808889322f,-0.965650783689805f,2.7674298778448945f,0f,0f,0f,1f], start_interpolation: 0, interpolation_duration: 1 }
$data merge entity $(bone_eyelid_expressions_right5) { transformation: [-0.9932828211868417f,0.09941918395817274f,-0.0592035724952453f,-0.30362476288406726f,0.0814111504813736f,0.9640325324459925f,0.2530088950275584f,4.39232712654888f,0.08222810780024008f,0.24648955808889322f,-0.965650783689805f,3.315196361690946f,0f,0f,0f,1f], start_interpolation: 0, interpolation_duration: 1 }
$data merge entity $(bone_eyelid_expressions_right7) { transformation: [-0.9932828211868417f,0.09941918395817274f,-0.0592035724952453f,-0.01262393636448475f,0.0814111504813736f,0.9640325324459925f,0.2530088950275584f,4.36847620355629f,0.08222810780024008f,0.24648955808889322f,-0.965650783689805f,3.2911060957338445f,0f,0f,0f,1f], start_interpolation: 0, interpolation_duration: 1 }
$data merge entity $(bone_eyelid_expressions_right6) { transformation: [-0.9932828211868417f,0.09941918395817274f,-0.0592035724952453f,-0.10962421187101226f,0.0814111504813736f,0.9640325324459925f,0.2530088950275584f,4.376426511220487f,0.08222810780024008f,0.24648955808889322f,-0.965650783689805f,3.2991361843862115f,0f,0f,0f,1f], start_interpolation: 0, interpolation_duration: 1 }
$data merge entity $(bone_right_eye1) { transformation: [-0.9932828211868417f,0.09941918395817274f,-0.0592035724952453f,0.12878339557799945f,0.0814111504813736f,0.9640325324459925f,0.2530088950275584f,4.33322362553397f,0.08222810780024008f,0.24648955808889322f,-0.965650783689805f,2.777663070144602f,0f,0f,0f,1f], start_interpolation: 0, interpolation_duration: 1 }
$data merge entity $(bone_tear_left1) { transformation: [-0.9932828211868417f,0.09941918395817274f,-0.0592035724952453f,0.6731694660280911f,0.0814111504813736f,0.9640325324459925f,0.2530088950275584f,4.134505303566814f,0.08222810780024008f,0.24648955808889322f,-0.965650783689805f,3.137193039584973f,0f,0f,0f,1f], start_interpolation: 0, interpolation_duration: 1 }
$data merge entity $(bone_left_sad_pupil1) { transformation: [-0.9932828211868417f,0.09941918395817274f,-0.0592035724952453f,0.5257184051630988f,0.0814111504813736f,0.9640325324459925f,0.2530088950275584f,4.229413188697885f,0.08222810780024008f,0.24648955808889322f,-0.965650783689805f,3.221664874637135f,0f,0f,0f,1f], start_interpolation: 0, interpolation_duration: 1 }
$data merge entity $(bone_left_pupil1) { transformation: [-0.9932828211868417f,0.09941918395817274f,-0.0592035724952453f,0.5262965650507476f,0.0814111504813736f,0.9640325324459925f,0.2530088950275584f,4.226942398707381f,0.08222810780024008f,0.24648955808889322f,-0.965650783689805f,3.2310950580716056f,0f,0f,0f,1f], start_interpolation: 0, interpolation_duration: 1 }
$data merge entity $(bone_eyelid_left1) { transformation: [-0.9932828211868417f,0.09941918395817274f,-0.0592035724952453f,0.11850520813969782f,0.0814111504813736f,0.9640325324459925f,0.2530088950275584f,4.3364894462908925f,0.08222810780024008f,0.24648955808889322f,-0.965650783689805f,2.7690358955753682f,0f,0f,0f,1f], start_interpolation: 0, interpolation_duration: 1 }
$data merge entity $(bone_left_happy_pupil1) { transformation: [-0.9932828211868417f,0.09941918395817274f,-0.0592035724952453f,0.5475415893382534f,0.0814111504813736f,0.9640325324459925f,0.2530088950275584f,4.203889937101848f,0.08222810780024008f,0.24648955808889322f,-0.965650783689805f,3.213639592328967f,0f,0f,0f,1f], start_interpolation: 0, interpolation_duration: 1 }
$data merge entity $(bone_eyelid_expressions_left5) { transformation: [-0.9932828211868417f,0.09941918395817274f,-0.0592035724952453f,0.6469779370799024f,0.0814111504813736f,0.9640325324459925f,0.2530088950275584f,4.314414111439753f,0.08222810780024008f,0.24648955808889322f,-0.965650783689805f,3.236501492897747f,0f,0f,0f,1f], start_interpolation: 0, interpolation_duration: 1 }
$data merge entity $(bone_eyelid_expressions_left7) { transformation: [-0.9932828211868417f,0.09941918395817274f,-0.0592035724952453f,0.3559771105603198f,0.0814111504813736f,0.9640325324459925f,0.2530088950275584f,4.338265034432343f,0.08222810780024008f,0.24648955808889322f,-0.965650783689805f,3.2605917588548485f,0f,0f,0f,1f], start_interpolation: 0, interpolation_duration: 1 }
$data merge entity $(bone_eyelid_expressions_left6) { transformation: [-0.9932828211868417f,0.09941918395817274f,-0.0592035724952453f,0.4529773860668473f,0.0814111504813736f,0.9640325324459925f,0.2530088950275584f,4.3303147267681465f,0.08222810780024008f,0.24648955808889322f,-0.965650783689805f,3.2525616702024815f,0f,0f,0f,1f], start_interpolation: 0, interpolation_duration: 1 }
$data merge entity $(bone_left_eye1) { transformation: [-0.9932828211868417f,0.09941918395817274f,-0.0592035724952453f,0.12878339557799945f,0.0814111504813736f,0.9640325324459925f,0.2530088950275584f,4.33322362553397f,0.08222810780024008f,0.24648955808889322f,-0.965650783689805f,2.777663070144602f,0f,0f,0f,1f], start_interpolation: 0, interpolation_duration: 1 }
$data merge entity $(bone_crest_middle5) { transformation: [-0.9932828211868417f,0.0842485539548588f,-0.07931846122829164f,0.2731232675384448f,0.0814111504813736f,0.9959422597234108f,0.03835674483484938f,5.389954327955147f,0.08222810780024008f,0.03164168853809546f,-0.9961111091811247f,3.474999474100539f,0f,0f,0f,1f], start_interpolation: 0, interpolation_duration: 1 }
$data merge entity $(bone_crest_middle4) { transformation: [-0.9932828211868417f,0.0842485539548588f,-0.07931846122829164f,0.22375888045551973f,0.0814111504813736f,0.9959422597234108f,0.03835674483484938f,4.806394410148461f,0.08222810780024008f,0.03164168853809546f,-0.9961111091811247f,3.456459422222749f,0f,0f,0f,1f], start_interpolation: 0, interpolation_duration: 1 }
$data merge entity $(bone_crest_middle1) { transformation: [-0.9932828211868417f,0.0842485539548588f,-0.07931846122829164f,0.19254507253983907f,0.0814111504813736f,0.9959422597234108f,0.03835674483484938f,4.36591512790988f,0.08222810780024008f,0.03164168853809546f,-0.9961111091811247f,3.5155120512286047f,0f,0f,0f,1f], start_interpolation: 0, interpolation_duration: 1 }
$data merge entity $(bone_crest_left5) { transformation: [-0.6175397601013388f,-0.7853260963164015f,0.04367570421210305f,-0.7312170014615966f,-0.7693146120815769f,0.6146413073566954f,0.17427303557528806f,4.908808344500734f,-0.16370605465820154f,0.07402017113797166f,-0.9837282866386183f,3.4995086080641307f,0f,0f,0f,1f], start_interpolation: 0, interpolation_duration: 1 }
$data merge entity $(bone_crest_left4) { transformation: [-0.6175397601013388f,-0.7853260963164015f,0.04367570421210305f,-0.34775699349460376f,-0.7693146120815769f,0.6146413073566954f,0.17427303557528806f,4.608690518642973f,-0.16370605465820154f,0.07402017113797166f,-0.9837282866386183f,3.463365946375668f,0f,0f,0f,1f], start_interpolation: 0, interpolation_duration: 1 }
$data merge entity $(bone_crest_left1) { transformation: [-0.6175397601013388f,-0.7853260963164015f,0.04367570421210305f,0.07618161801382003f,-0.7693146120815769f,0.6146413073566954f,0.17427303557528806f,4.287070335764636f,-0.16370605465820154f,0.07402017113797166f,-0.9837282866386183f,3.3755754107723326f,0f,0f,0f,1f], start_interpolation: 0, interpolation_duration: 1 }
$data merge entity $(bone_crest_center1) { transformation: [-0.9932828211868417f,0.09941918395817274f,-0.0592035724952453f,0.1707546984179887f,0.0814111504813736f,0.9640325324459925f,0.2530088950275584f,4.255584378861435f,0.08222810780024008f,0.24648955808889322f,-0.965650783689805f,3.3615275876711728f,0f,0f,0f,1f], start_interpolation: 0, interpolation_duration: 1 }
$data merge entity $(bone_crest_right5) { transformation: [-0.4498411815012977f,0.8757926448706872f,-0.17501472685440816f,1.17675737748092f,0.8567989706189897f,0.47849318828963483f,0.19219727549229276f,4.7524275172423955f,0.2520683148905403f,-0.06349418832323722f,-0.9656241777614192f,3.3415585060737234f,0f,0f,0f,1f], start_interpolation: 0, interpolation_duration: 1 }
$data merge entity $(bone_crest_right4) { transformation: [-0.4498411815012977f,0.8757926448706872f,-0.17501472685440816f,0.7491242501026547f,0.8567989706189897f,0.47849318828963483f,0.19219727549229276f,4.5187882651478475f,0.2520683148905403f,-0.06349418832323722f,-0.9656241777614192f,3.372561527715929f,0f,0f,0f,1f], start_interpolation: 0, interpolation_duration: 1 }
$data merge entity $(bone_crest_right1) { transformation: [-0.4498411815012977f,0.8757926448706872f,-0.17501472685440816f,0.2701821690268751f,0.8567989706189897f,0.47849318828963483f,0.19219727549229276f,4.271169720436242f,0.2520683148905403f,-0.06349418832323722f,-0.9656241777614192f,3.359515233467598f,0f,0f,0f,1f], start_interpolation: 0, interpolation_duration: 1 }
$data merge entity $(bone_head1) { transformation: [-0.9932828211868417f,0.09941918395817274f,-0.0592035724952453f,0.09213014941560341f,0.0814111504813736f,0.9640325324459925f,0.2530088950275584f,4.422045174013323f,0.08222810780024008f,0.24648955808889322f,-0.965650783689805f,2.2469673582951515f,0f,0f,0f,1f], start_interpolation: 0, interpolation_duration: 1 }
$data merge entity $(bone_neck10) { transformation: [-1.297614009232803f,0.0910060587121433f,0.05776493109921756f,0.10598584521015293f,0.08228765161964058f,1.2870620354947957f,-0.17922350884681051f,3.9082298133115314f,-0.06962494077656428f,-0.1749577692190892f,-1.288395573399794f,1.381472843013525f,0f,0f,0f,1f], start_interpolation: 0, interpolation_duration: 1 }
$data merge entity $(bone_neck9) { transformation: [-0.9965675590907928f,0.007352046574693308f,0.08245633740946108f,0.10063272624041136f,0.06319691644388396f,0.7109385932951173f,0.7004087851501755f,3.149202222306576f,-0.05347195451640137f,0.703215659648392f,-0.7089629652566294f,0.5841678084824267f,0f,0f,0f,1f], start_interpolation: 0, interpolation_duration: 1 }
$data merge entity $(bone_neck8) { transformation: [-0.9965675590907928f,-0.007285384137871779f,0.0824622540668335f,0.11141810478955186f,0.06319691644388396f,0.5764667570329205f,0.8146730803137738f,2.654173154762059f,-0.05347195451640137f,0.8170881232853108f,-0.57402765514066f,-0.20190162499225917f,0f,0f,0f,1f], start_interpolation: 0, interpolation_duration: 1 }
$data merge entity $(bone_neck7) { transformation: [-0.9967769520433525f,0.004099436743537934f,0.08011805348078546f,0.10761491640443366f,0.07402497985336232f,0.4319161254587686f,0.8988708266076915f,2.2534697180571466f,-0.030919415144429373f,0.9019044601215092f,-0.43082749979551616f,-1.0386293956127997f,0f,0f,0f,1f], start_interpolation: 0, interpolation_duration: 1 }
$data merge entity $(bone_neck6) { transformation: [-0.9951596513583666f,-0.043600630469167526f,0.08806959368014294f,0.14526809087573544f,0.08218516427394076f,0.12209003014737821f,0.9891105212825702f,2.167341849556126f,-0.053878261679082995f,0.9915608955385965f,-0.11791574685824138f,-1.8654814805235576f,0f,0f,0f,1f], start_interpolation: 0, interpolation_duration: 1 }
$data merge entity $(bone_neck_spine6) { transformation: [-1.0746359194756825f,0.26140266154054076f,0.0420471952636247f,-0.1192816369801972f,-0.023537129334399828f,-0.2693928569216907f,1.0732265230134905f,3.168247900263552f,0.2637144698963477f,1.0411713666330114f,0.2671301952011369f,-4.834804899231314f,0f,0f,0f,1f], start_interpolation: 0, interpolation_duration: 1 }
$data merge entity $(bone_neck_spine7) { transformation: [-0.9811476220061061f,0.1845353961592337f,0.057411073810879835f,-0.8420376344788607f,0.015974160149789564f,-0.21861320920090405f,0.9756808345818782f,4.3089520574881615f,0.1925984684240052f,0.958204024374369f,0.2115440323750383f,-7.560656559715816f,0f,0f,0f,1f], start_interpolation: 0, interpolation_duration: 1 }
$data merge entity $(bone_tail6) { transformation: [-1.453455083238179f,-0.1578962941860049f,0.3236222535232287f,-0.5553557001699783f,0.2347040387878756f,0.6052018621062435f,1.3493846753108696f,3.9815190096328483f,-0.2730871964589069f,1.3605123108849442f,-0.5626934482866778f,-10.959564980148244f,0f,0f,0f,1f], start_interpolation: 0, interpolation_duration: 1 }
$data merge entity $(bone_tail5) { transformation: [-1.2006802861532784f,-0.17487757721730057f,0.24062863960229297f,-0.6658046963072208f,0.1938859450856364f,0.2987868098219365f,1.1845894399926247f,4.170226468467756f,-0.22559377098779268f,1.187544413498038f,-0.2626084066218562f,-10.209536929517903f,0f,0f,0f,1f], start_interpolation: 0, interpolation_duration: 1 }
$data merge entity $(bone_tail4) { transformation: [-0.9691223299878061f,-0.135214128551334f,0.2062014766171894f,-0.7186227152725857f,0.1780586143572787f,0.19474584305278142f,0.964556471372634f,4.246299063410248f,-0.17057854311774334f,0.9714891641463456f,-0.1646565048033734f,-9.830048974773236f,0f,0f,0f,1f], start_interpolation: 0, interpolation_duration: 1 }
$data merge entity $(bone_segment18) { transformation: [-0.9431823687748665f,-0.26055320046609054f,0.2062014766171894f,-0.8458459576876689f,0.15111586488350162f,0.21632107829262492f,0.964556471372634f,4.351924589920319f,-0.2959240014137807f,0.9409129719656296f,-0.1646565048033734f,-9.370618812680643f,0f,0f,0f,1f], start_interpolation: 0, interpolation_duration: 1 }
$data merge entity $(bone_segment17) { transformation: [-0.9812902325686012f,-0.1336489014238042f,0.13859094708411215f,-0.9306816861305134f,0.1456275701337857f,-0.04434940639961013f,0.9883449503938042f,4.323773111248691f,-0.12594479061235594f,0.9900359090963382f,0.06298260408555159f,-8.742178050070663f,0f,0f,0f,1f], start_interpolation: 0, interpolation_duration: 1 }
$data merge entity $(bone_segment16) { transformation: [-0.9946319365540545f,0.01016230222464113f,0.10297591174748917f,-0.9222461813542f,0.09527471992386599f,-0.29834841070408863f,0.9496899249617072f,4.076120621894711f,0.04037373564782565f,0.9544029303411844f,0.295778647008198f,-7.949949055158548f,0f,0f,0f,1f], start_interpolation: 0, interpolation_duration: 1 }
$data merge entity $(bone_segment15) { transformation: [-0.9811476220061061f,0.1633884257126461f,0.10321611393046504f,-0.7547092213949438f,0.015974160149789564f,-0.4636889266664004f,0.8858540542857328f,3.6006583435746715f,0.1925984684240052f,0.8708023895408789f,0.45233729487034696f,-7.057036448695733f,0f,0f,0f,1f], start_interpolation: 0, interpolation_duration: 1 }
$data merge entity $(bone_segment14) { transformation: [-0.9507375640117127f,0.28946669815766013f,0.11093743748066674f,-0.4578927828543745f,-0.05254929259531059f,-0.5031783577739131f,0.8625833942962733f,3.0847039728104053f,0.3055104846397374f,0.8142607511882479f,0.49360183635146976f,-6.222101108121847f,0f,0f,0f,1f], start_interpolation: 0, interpolation_duration: 1 }
$data merge entity $(bone_segment13) { transformation: [-0.9709651601850872f,0.22599976560304189f,0.07842680443648248f,-0.217034289544793f,-0.021266488622140076f,-0.40809171189250826f,0.912693207571047f,2.6240419403795374f,0.23827377985928824f,0.8845254437448434f,0.40104905585171935f,-5.281718402986366f,0f,0f,0f,1f], start_interpolation: 0, interpolation_duration: 1 }
$data merge entity $(bone_segment12) { transformation: [-0.9758880703160876f,0.21474313987814955f,0.039087825342636204f,0.03461782749991357f,-0.01584696722924775f,-0.24831244293590488f,0.9685503623007107f,2.3330507963140237f,0.217695539330456f,0.9445773205823208f,0.24572817827254884f,-4.174791855428959f,0f,0f,0f,1f], start_interpolation: 0, interpolation_duration: 1 }
$data merge entity $(bone_segment11) { transformation: [-1.0283515218064614f,0.11837114462038845f,0.0054664095763965895f,0.1714147048949533f,-0.005973778307072894f,-0.09947903620383443f,1.0303478525443515f,2.2180867857640343f,0.11834662430815586f,1.0235431868716034f,0.09950820588096726f,-2.99192324085204f,0f,0f,0f,1f], start_interpolation: 0, interpolation_duration: 1 }
$data merge entity $(bone_segment10) { transformation: [-0.9997307175925251f,-0.0231849810333161f,-0.000974143941993212f,0.1442069499097086f,3.469446951953614e-18f,-0.0419791252367534f,0.999118487990467f,2.1844627426310526f,-0.023205436904633996f,0.9988494429586683f,0.041967820996846095f,-1.8197656759130865f,0f,0f,0f,1f], start_interpolation: 0, interpolation_duration: 1 }