# This file was generated by Animated Java via MC-Build. It is not recommended to edit this file directly.
$data merge entity $(bone_neck_spine5) { transformation: [-1.3616741243480408f,0.05263918493889369f,0.11078969016210943f,0.283642712271434f,0.10191797011816217f,1.172660443177907f,0.695472409610215f,3.609022742952158f,-0.06824929746334872f,0.7009267161201763f,-1.1718555509024977f,0.15945076116138074f,0f,0f,0f,1f], start_interpolation: 0, interpolation_duration: 1 }
$data merge entity $(bone_neck_spine2) { transformation: [-1.296832499379086f,0.11005872935772244f,0.039160587212151994f,0.20264414561553926f,0.0970647334458687f,1.2580661032036677f,-0.3213551375588466f,4.922821129687142f,-0.06499933091747497f,-0.31713997383891307f,-1.2611971816168077f,1.781136505365845f,0f,0f,0f,1f], start_interpolation: 0, interpolation_duration: 1 }
$data merge entity $(bone_scale_neck_left1) { transformation: [-1.348297888200982f,0.4556822457191392f,0.16095314228654353f,0.8180857874938359f,0.4701833200865508f,1.3471588919195958f,0.12469957432618585f,4.106997857086537f,-0.11171333218527883f,0.17022346859674142f,-1.41774592947881f,1.9778098758833038f,0f,0f,0f,1f], start_interpolation: 0, interpolation_duration: 1 }
$data merge entity $(bone_scale_neck_right1) { transformation: [-1.4075189195457931f,-0.26523316633812877f,0.0011300432164114953f,-0.5435883368542047f,-0.2639171878006472f,1.4011176432169772f,0.1366619414916931f,4.208915827204699f,-0.02641263914905805f,0.1340900285000027f,-1.4257565202911853f,1.9095605784199554f,0f,0f,0f,1f], start_interpolation: 0, interpolation_duration: 1 }
$data merge entity $(bone_blush_right1) { transformation: [-0.9910163231755418f,0.11505312394951862f,-0.06818669862287627f,-0.4125012253696877f,0.09130243759196396f,0.9545625167102944f,0.28367986636607595f,3.871779158615279f,0.09772672147061823f,0.27490576632942054f,-0.9564916662205891f,3.0875452112178463f,0f,0f,0f,1f], start_interpolation: 0, interpolation_duration: 1 }
$data merge entity $(bone_blush_left1) { transformation: [-0.9910163231755418f,0.11505312394951862f,-0.06818669862287627f,0.7294902407896281f,0.09130243759196396f,0.9545625167102944f,0.28367986636607595f,3.7665673652964147f,0.09772672147061823f,0.27490576632942054f,-0.9564916662205891f,2.9749304345231886f,0f,0f,0f,1f], start_interpolation: 0, interpolation_duration: 1 }
$data merge entity $(bone_left_head_scales) { transformation: [-0.8475571009829668f,0.11505312394951862f,-0.5180827532767385f,0.7888939021967921f,-0.050002533657584766f,0.9545625167102944f,0.29378588856432725f,4.468560104274831f,0.5283433610836531f,0.27490576632942054f,-0.8032932916672859f,2.8215509401112855f,0f,0f,0f,1f], start_interpolation: 0, interpolation_duration: 1 }
$data merge entity $(bone_left_head_scales2) { transformation: [-0.7726827634503531f,0.11505312394951862f,-0.6242788845829903f,0.7089969350423161f,-0.08792150841276944f,0.9545625167102944f,0.2847458692415616f,3.681253470170195f,0.6286741249845976f,0.27490576632942054f,-0.7274583590925912f,2.7468918940854574f,0f,0f,0f,1f], start_interpolation: 0, interpolation_duration: 1 }
$data merge entity $(bone_left_head_scales1) { transformation: [-0.9910163231755418f,0.11505312394951862f,-0.06818669862287627f,0.777658245561097f,0.09130243759196396f,0.9545625167102944f,0.28367986636607595f,4.375341108502341f,0.09772672147061823f,0.27490576632942054f,-0.9564916662205891f,2.794704673868178f,0f,0f,0f,1f], start_interpolation: 0, interpolation_duration: 1 }
$data merge entity $(bone_right_head_scales) { transformation: [-0.9105273280433435f,0.11505312394951862f,0.39711807256243886f,-0.3724533515245459f,0.21197503613688584f,0.9545625167102944f,0.20946834067819203f,4.575555148327913f,-0.3549740398127949f,0.27490576632942054f,-0.8935436478974146f,2.9360744418346663f,0f,0f,0f,1f], start_interpolation: 0, interpolation_duration: 1 }
$data merge entity $(bone_right_head_scales2) { transformation: [-0.8509033306556574f,0.11505312394951862f,0.5125683374424974f,-0.452350318679022f,0.2375026652168202f,0.9545625167102944f,0.18000801567323665f,3.7882485142232776f,-0.46856803763596194f,0.27490576632942054f,-0.839565848367368f,2.861415395808838f,0f,0f,0f,1f], start_interpolation: 0, interpolation_duration: 1 }
$data merge entity $(bone_right_head_scales1) { transformation: [-0.9910163231755418f,0.11505312394951862f,-0.06818669862287627f,-0.3836890081602411f,0.09130243759196396f,0.9545625167102944f,0.28367986636607595f,4.4823361525554235f,0.09772672147061823f,0.27490576632942054f,-0.9564916662205891f,2.9092281755915588f,0f,0f,0f,1f], start_interpolation: 0, interpolation_duration: 1 }
$data merge entity $(bone_head_left_fin1) { transformation: [-0.39180685297535583f,0.22409614751024592f,-0.8923386726084521f,0.7305304474741419f,0.05385182884602599f,0.9738062753128873f,0.22091020504082526f,4.046547417968692f,0.9184701249858304f,0.03850006275718598f,-0.39361195951877087f,2.623976018308707f,0f,0f,0f,1f], start_interpolation: 0, interpolation_duration: 1 }
$data merge entity $(bone_head_right_fin1) { transformation: [-0.5654413107582859f,-0.03239784211660125f,0.8241519907845516f,-0.4308168062471962f,0.03433954468176567f,0.9974370934265371f,0.06276974054328106f,4.1535424620217745f,-0.8240733703736586f,0.06379360848086268f,-0.5628796103590802f,2.7384995200320876f,0f,0f,0f,1f], start_interpolation: 0, interpolation_duration: 1 }
$data merge entity $(bone_right_whisker16) { transformation: [-0.0415158818645647f,-0.23755105136512208f,0.9704874700625112f,-1.0368750356794787f,0.9983087346209564f,-0.04942486206488462f,0.030608060856142594f,3.007852491878934f,0.04069523230691421f,0.9701168388422056f,0.2392012062308504f,1.2096237552864126f,0f,0f,0f,1f], start_interpolation: 0, interpolation_duration: 1 }
$data merge entity $(bone_right_whisker15) { transformation: [0.3435145380251447f,-0.10158406732370612f,0.9336372097508459f,-1.1375140604915328f,0.3074983587549831f,0.9515000755500378f,-0.009610701913236985f,2.9177650820874352f,-0.8873795814240737f,0.29039332549879004f,0.35809104286115634f,1.4695982420317468f,0f,0f,0f,1f], start_interpolation: 0, interpolation_duration: 1 }
$data merge entity $(bone_right_whisker14) { transformation: [0.5481707752303955f,-0.19141209719107555f,0.8141684163809244f,-1.2981109672973128f,-0.3231528819292f,0.849387993221151f,0.4172676022321876f,3.0124387779651305f,-0.7714149441669904f,-0.49183477512337487f,0.4037543038720196f,1.6955987139556699f,0f,0f,0f,1f], start_interpolation: 0, interpolation_duration: 1 }
$data merge entity $(bone_right_whisker13) { transformation: [0.08406289051204113f,-0.2925324938526318f,0.9525535000613463f,-1.3227387672520123f,0.12153723826576124f,0.9518099877165934f,0.28157849171708843f,2.9768321651919583f,-0.9890207935900504f,0.09210041977808148f,0.11556549019153145f,1.985350899577755f,0f,0f,0f,1f], start_interpolation: 0, interpolation_duration: 1 }
$data merge entity $(bone_right_whisker12) { transformation: [-0.5813348394151759f,-0.2461394134903378f,0.7755418709578257f,-1.0956548456054591f,-0.3503742437446667f,0.9359770198609121f,0.034422487019957905f,3.113697104154719f,-0.7343620999224325f,-0.25171890556515364f,-0.6303569613945713f,2.272211094859955f,0f,0f,0f,1f], start_interpolation: 0, interpolation_duration: 1 }
$data merge entity $(bone_right_whisker11) { transformation: [-0.9533860564173178f,-0.11448098118409822f,0.2791937183680207f,-0.7232384173174444f,-0.13400448814519958f,0.9896255038487985f,-0.05180887268562476f,3.166042607336437f,-0.27036609363227937f,-0.08680706814043618f,-0.9588361217303423f,2.3778228501850642f,0f,0f,0f,1f], start_interpolation: 0, interpolation_duration: 1 }
$data merge entity $(bone_right_whisker10) { transformation: [-0.5945992359563356f,-0.5066733518209885f,0.6242866834673212f,-0.4909730907720008f,-0.5026274393443952f,0.8402725670486659f,0.20324288495182802f,3.3623814508303416f,-0.627548727843694f,-0.1929355530220661f,-0.7542933557720308f,2.622959071999007f,0f,0f,0f,1f], start_interpolation: 0, interpolation_duration: 1 }
$data merge entity $(bone_right_whisker1) { transformation: [-0.0722598417272218f,-0.608830482482517f,0.7900025056122688f,-0.4627465900973048f,-0.7452845500487509f,0.5593375424970406f,0.36289454806045596f,3.653508228193135f,-0.6628193228415934f,-0.5625539593261052f,-0.49416959448587594f,2.8818728699840044f,0f,0f,0f,1f], start_interpolation: 0, interpolation_duration: 1 }
$data merge entity $(bone_left_whisker16) { transformation: [-0.22857164204543826f,0.40801818377020826f,-0.8838982781777062f,0.8114393721444872f,-0.9734255427708528f,-0.10890122327492574f,0.2014528139552693f,2.8375670920078937f,-0.014061192478726538f,0.9064555616697856f,0.42206705342159867f,1.0273566189139793f,0f,0f,0f,1f], start_interpolation: 0, interpolation_duration: 1 }
$data merge entity $(bone_left_whisker15) { transformation: [0.4474628845932321f,0.3263861986410307f,-0.8326157674751075f,0.9425320141151607f,-0.380371191498904f,0.9120711301475508f,0.15311436976676607f,2.726130219498449f,0.8093792211251833f,0.24819005396676952f,0.5322658861159189f,1.264479437602998f,0f,0f,0f,1f], start_interpolation: 0, interpolation_duration: 1 }
$data merge entity $(bone_left_whisker14) { transformation: [0.7364612585221373f,0.2430064625240916f,-0.6313261232259579f,1.1582921484478181f,0.20479959818661486f,0.8093649658404413f,0.5504411654779309f,2.786130101779684f,0.6447340066093858f,-0.5346739298316581f,0.5462983154648933f,1.4533663536018415f,0f,0f,0f,1f], start_interpolation: 0, interpolation_duration: 1 }
$data merge entity $(bone_left_whisker13) { transformation: [0.2506326760899815f,0.47215100347410166f,-0.8451370844983515f,1.231719690271055f,-0.15237277585213377f,0.8813596170621921f,0.4471999134515814f,2.741489640104254f,0.9560155850482199f,0.016692972485015403f,0.2928404784426578f,1.7334490445339372f,0f,0f,0f,1f], start_interpolation: 0, interpolation_duration: 1 }
$data merge entity $(bone_left_whisker12) { transformation: [-0.35488916674908644f,0.3579553909370756f,-0.8636675387110626f,1.0930911095096931f,0.4366286594348206f,0.88032170229346f,0.185443021522237f,2.912047710195981f,0.8266856071592702f,-0.3112902802373224f,-0.4687102178803857f,2.056373109830527f,0f,0f,0f,1f], start_interpolation: 0, interpolation_duration: 1 }
$data merge entity $(bone_left_whisker11) { transformation: [-0.842661002360636f,0.2726583001162968f,-0.46430581137679067f,0.7639266554625698f,0.29947449167737916f,0.9539583213375514f,0.01668981681795445f,3.029029933507457f,0.44747900949110886f,-0.12498388907588434f,-0.8855176810975169f,2.2311695979129915f,0f,0f,0f,1f], start_interpolation: 0, interpolation_duration: 1 }
$data merge entity $(bone_left_whisker10) { transformation: [-0.3608161308437605f,0.6032362634700287f,-0.7112789397681171f,0.6229828543517258f,0.5906499570988455f,0.7380164780085678f,0.3262886856251095f,3.2597525729991936f,0.721764745538372f,-0.3023866541740024f,-0.6225897232330309f,2.5131089516389182f,0f,0f,0f,1f], start_interpolation: 0, interpolation_duration: 1 }
$data merge entity $(bone_left_whisker1) { transformation: [0.19358159173710712f,0.5793054748795206f,-0.7917899558059205f,0.6986006636240333f,0.7341071645205982f,0.44987445237334694f,0.5086252531100957f,3.546513184140052f,0.6508554665515655f,-0.6797191654473154f,-0.3381848869827714f,2.7673493682606236f,0f,0f,0f,1f], start_interpolation: 0, interpolation_duration: 1 }
$data merge entity $(bone_upper_left_tooth1) { transformation: [-0.9910163231755418f,0.10867244971341539f,-0.07795476812174773f,0.4788027702702471f,0.09130243759196396f,0.9756544475996003f,0.19940477368630016f,3.6876655380477614f,0.09772672147061823f,0.19049592529081644f,-0.9768115429079453f,3.654233422068179f,0f,0f,0f,1f], start_interpolation: 0, interpolation_duration: 1 }
$data merge entity $(bone_upper_right_tooth1) { transformation: [-0.9910163231755418f,0.10867244971341539f,-0.07795476812174773f,-0.10187085659042194f,0.09130243759196396f,0.9756544475996003f,0.19940477368630016f,3.7411630600743027f,0.09772672147061823f,0.19049592529081644f,-0.9768115429079453f,3.7114951729298697f,0f,0f,0f,1f], start_interpolation: 0, interpolation_duration: 1 }
$data merge entity $(bone_top_lip1) { transformation: [-0.9910163231755418f,0.07545659811250473f,-0.11042168718561676f,0.22433479929409975f,0.09130243759196396f,0.985015734122307f,-0.146314279621841f,3.816991837224486f,0.09772672147061823f,-0.15508160862197906f,-0.9830560424400149f,3.7009417901481196f,0f,0f,0f,1f], start_interpolation: 0, interpolation_duration: 1 }
$data merge entity $(bone_muzzle1) { transformation: [-0.9910163231755418f,0.10867244971341539f,-0.07795476812174773f,0.20218976354814122f,0.09130243759196396f,0.9756544475996003f,0.19940477368630016f,4.0572755813485974f,0.09772672147061823f,0.19049592529081644f,-0.9768115429079453f,3.2518877055188717f,0f,0f,0f,1f], start_interpolation: 0, interpolation_duration: 1 }
$data merge entity $(bone_jaw_right_tooth1) { transformation: [-0.9910163231755418f,0.033139567158441754f,-0.12957012112436023f,-0.09764235026567836f,0.09130243759196396f,0.8755695858258921f,-0.4743856714388004f,3.769499224655296f,0.09772672147061823f,-0.4819540117741807f,-0.870729474891816f,3.727901718325973f,0f,0f,0f,1f], start_interpolation: 0, interpolation_duration: 1 }
$data merge entity $(bone_jaw_left_tooth1) { transformation: [-0.9910163231755418f,0.033139567158441754f,-0.12957012112436023f,0.5314207455000464f,0.09130243759196396f,0.8755695858258921f,-0.4743856714388004f,3.7115435757932094f,0.09772672147061823f,-0.4819540117741807f,-0.870729474891816f,3.6658681548924754f,0f,0f,0f,1f], start_interpolation: 0, interpolation_duration: 1 }
$data merge entity $(bone_tongue1) { transformation: [-0.9910163231755418f,0.0847933471378288f,-0.10342502347494979f,0.14402284734425028f,0.09130243759196396f,0.9940195815846209f,-0.0599077316888319f,3.691588247007987f,0.09772672147061823f,-0.06881249673932202f,-0.9928314701917469f,3.003683140380284f,0f,0f,0f,1f], start_interpolation: 0, interpolation_duration: 1 }
$data merge entity $(bone_jaw_lips1) { transformation: [-0.9910163231755418f,0.0847933471378288f,-0.10342502347494979f,0.26369045198463864f,0.09130243759196396f,0.9940195815846209f,-0.0599077316888319f,3.6223002877067194f,0.09772672147061823f,-0.06881249673932202f,-0.9928314701917469f,3.7822888583342777f,0f,0f,0f,1f], start_interpolation: 0, interpolation_duration: 1 }
$data merge entity $(bone_jaw3) { transformation: [-0.9910163231755418f,0.055135718082430785f,-0.12184703439626657f,0.16445917853090297f,0.09130243759196396f,0.9446439237796773f,-0.31513762415157753f,3.3069109362508664f,0.09772672147061823f,-0.32343146083470314f,-0.941191573513562f,3.0706718702969935f,0f,0f,0f,1f], start_interpolation: 0, interpolation_duration: 1 }
$data merge entity $(bone_jaw1) { transformation: [-0.9910163231755418f,0.12514570443074716f,-0.047172024147394034f,0.12760603466575138f,0.09130243759196396f,0.8908000753558759f,0.44512817326668f,3.6546673216154604f,0.09772672147061823f,0.4368223648217868f,-0.8942235232323664f,2.3720597427717074f,0f,0f,0f,1f], start_interpolation: 0, interpolation_duration: 1 }
$data merge entity $(bone_tear_right1) { transformation: [-0.9910163231755418f,0.11505312394951862f,-0.06818669862287627f,-0.31879398668104747f,0.09130243759196396f,0.9545625167102944f,0.28367986636607595f,4.168654716228617f,0.09772672147061823f,0.27490576632942054f,-0.9564916662205891f,3.260801980848334f,0f,0f,0f,1f], start_interpolation: 0, interpolation_duration: 1 }
$data merge entity $(bone_right_pupil1) { transformation: [-0.9910163231755418f,0.11505312394951862f,-0.06818669862287627f,-0.14387807797883512f,0.09130243759196396f,0.9545625167102944f,0.28367986636607595f,4.230540054805932f,0.09772672147061823f,0.27490576632942054f,-0.9564916662205891f,3.32794572971169f,0f,0f,0f,1f], start_interpolation: 0, interpolation_duration: 1 }
$data merge entity $(bone_right_sad_pupil1) { transformation: [-0.9910163231755418f,0.11505312394951862f,-0.06818669862287627f,-0.14454396370757416f,0.09130243759196396f,0.9545625167102944f,0.28367986636607595f,4.2333103660009135f,0.09772672147061823f,0.27490576632942054f,-0.9564916662205891f,3.3186049907837543f,0f,0f,0f,1f], start_interpolation: 0, interpolation_duration: 1 }
$data merge entity $(bone_right_happy_pupil1) { transformation: [-0.9910163231755418f,0.11505312394951862f,-0.06818669862287627f,-0.17154726667232356f,0.09130243759196396f,0.9545625167102944f,0.28367986636607595f,4.212234950244338f,0.09772672147061823f,0.27490576632942054f,-0.9564916662205891f,3.3142793858773327f,0f,0f,0f,1f], start_interpolation: 0, interpolation_duration: 1 }
$data merge entity $(bone_eyelid_right1) { transformation: [-0.9910163231755418f,0.11505312394951862f,-0.06818669862287627f,0.18914314179915723f,0.09130243759196396f,0.9545625167102944f,0.28367986636607595f,4.29088882269802f,0.09772672147061823f,0.27490576632942054f,-0.9564916662205891f,2.80140192392291f,0f,0f,0f,1f], start_interpolation: 0, interpolation_duration: 1 }
$data merge entity $(bone_eyelid_expressions_right5) { transformation: [-0.9910163231755418f,0.11505312394951862f,-0.06818669862287627f,-0.24460377586090626f,0.09130243759196396f,0.9545625167102944f,0.28367986636607595f,4.336783024963145f,0.09772672147061823f,0.27490576632942054f,-0.9564916662205891f,3.3564263954024183f,0f,0f,0f,1f], start_interpolation: 0, interpolation_duration: 1 }
$data merge entity $(bone_eyelid_expressions_right7) { transformation: [-0.9910163231755418f,0.11505312394951862f,-0.06818669862287627f,0.0457330375694283f,0.09130243759196396f,0.9545625167102944f,0.28367986636607595f,4.310034263949874f,0.09772672147061823f,0.27490576632942054f,-0.9564916662205891f,3.3277955199715734f,0f,0f,0f,1f], start_interpolation: 0, interpolation_duration: 1 }
$data merge entity $(bone_eyelid_expressions_right6) { transformation: [-0.9910163231755418f,0.11505312394951862f,-0.06818669862287627f,-0.0510459002406832f,0.09130243759196396f,0.9545625167102944f,0.28367986636607595f,4.318950517620965f,0.09772672147061823f,0.27490576632942054f,-0.9564916662205891f,3.3373391451151884f,0f,0f,0f,1f], start_interpolation: 0, interpolation_duration: 1 }
$data merge entity $(bone_right_eye1) { transformation: [-0.9910163231755418f,0.11505312394951862f,-0.06818669862287627f,0.1801311337468851f,0.09130243759196396f,0.9545625167102944f,0.28367986636607595f,4.289010136870147f,0.09772672147061823f,0.27490576632942054f,-0.9564916662205891f,2.811697025365207f,0f,0f,0f,1f], start_interpolation: 0, interpolation_duration: 1 }
$data merge entity $(bone_tear_left1) { transformation: [-0.9910163231755418f,0.11505312394951862f,-0.06818669862287627f,0.7264185416681568f,0.09130243759196396f,0.9545625167102944f,0.28367986636607595f,4.072359176580842f,0.09772672147061823f,0.27490576632942054f,-0.9564916662205891f,3.157730829297291f,0f,0f,0f,1f], start_interpolation: 0, interpolation_duration: 1 }
$data merge entity $(bone_left_sad_pupil1) { transformation: [-0.9910163231755418f,0.11505312394951862f,-0.06818669862287627f,0.5812980698682622f,0.09130243759196396f,0.9545625167102944f,0.28367986636607595f,4.1664384634677365f,0.09772672147061823f,0.27490576632942054f,-0.9564916662205891f,3.2470278022066412f,0f,0f,0f,1f], start_interpolation: 0, interpolation_duration: 1 }
$data merge entity $(bone_left_pupil1) { transformation: [-0.9910163231755418f,0.11505312394951862f,-0.06818669862287627f,0.5819639555970011f,0.09130243759196396f,0.9545625167102944f,0.28367986636607595f,4.163668152272755f,0.09772672147061823f,0.27490576632942054f,-0.9564916662205891f,3.2563685411345764f,0f,0f,0f,1f], start_interpolation: 0, interpolation_duration: 1 }
$data merge entity $(bone_eyelid_left1) { transformation: [-0.9910163231755418f,0.11505312394951862f,-0.06818669862287627f,0.16978735423713492f,0.09130243759196396f,0.9545625167102944f,0.28367986636607595f,4.292672073432238f,0.09772672147061823f,0.27490576632942054f,-0.9564916662205891f,2.803310648951633f,0f,0f,0f,1f], start_interpolation: 0, interpolation_duration: 1 }
$data merge entity $(bone_left_happy_pupil1) { transformation: [-0.9910163231755418f,0.11505312394951862f,-0.06818669862287627f,0.6026842358085684f,0.09130243759196396f,0.9545625167102944f,0.28367986636607595f,4.140904920875617f,0.09772672147061823f,0.27490576632942054f,-0.9564916662205891f,3.237930384728412f,0f,0f,0f,1f], start_interpolation: 0, interpolation_duration: 1 }
$data merge entity $(bone_eyelid_expressions_left5) { transformation: [-0.9910163231755418f,0.11505312394951862f,-0.06818669862287627f,0.7038298146781866f,0.09130243759196396f,0.9545625167102944f,0.28367986636607595f,4.2494037389864605f,0.09772672147061823f,0.27490576632942054f,-0.9564916662205891f,3.262898868994991f,0f,0f,0f,1f], start_interpolation: 0, interpolation_duration: 1 }
$data merge entity $(bone_eyelid_expressions_left7) { transformation: [-0.9910163231755418f,0.11505312394951862f,-0.06818669862287627f,0.41349300124785204f,0.09130243759196396f,0.9545625167102944f,0.28367986636607595f,4.276152499999731f,0.09772672147061823f,0.27490576632942054f,-0.9564916662205891f,3.2915297444258362f,0f,0f,0f,1f], start_interpolation: 0, interpolation_duration: 1 }
$data merge entity $(bone_eyelid_expressions_left6) { transformation: [-0.9910163231755418f,0.11505312394951862f,-0.06818669862287627f,0.5102719390579635f,0.09130243759196396f,0.9545625167102944f,0.28367986636607595f,4.267236246328641f,0.09772672147061823f,0.27490576632942054f,-0.9564916662205891f,3.2819861192822213f,0f,0f,0f,1f], start_interpolation: 0, interpolation_duration: 1 }
$data merge entity $(bone_left_eye1) { transformation: [-0.9910163231755418f,0.11505312394951862f,-0.06818669862287627f,0.1801311337468851f,0.09130243759196396f,0.9545625167102944f,0.28367986636607595f,4.289010136870147f,0.09772672147061823f,0.27490576632942054f,-0.9564916662205891f,2.811697025365207f,0f,0f,0f,1f], start_interpolation: 0, interpolation_duration: 1 }
$data merge entity $(bone_crest_middle5) { transformation: [-0.9910163231755418f,0.0975676027929407f,-0.09147245533421086f,0.34703336767101245f,0.09130243759196396f,0.9933351343689012f,0.07035037823695622f,5.321614697215947f,0.09772672147061823f,0.0613667150298616f,-0.9933194925083513f,3.5394767328478403f,0f,0f,0f,1f], start_interpolation: 0, interpolation_duration: 1 }
$data merge entity $(bone_crest_middle4) { transformation: [-0.9910163231755418f,0.0975676027929407f,-0.09147245533421086f,0.28986485040952376f,0.09130243759196396f,0.9933351343689012f,0.07035037823695622f,4.739582391921669f,0.09772672147061823f,0.0613667150298616f,-0.9933194925083513f,3.5035196732600307f,0f,0f,0f,1f], start_interpolation: 0, interpolation_duration: 1 }
$data merge entity $(bone_crest_middle1) { transformation: [-0.9910163231755418f,0.0975676027929407f,-0.09147245533421086f,0.2536881337732232f,0.09130243759196396f,0.9933351343689012f,0.07035037823695622f,4.29790552537294f,0.09772672147061823f,0.0613667150298616f,-0.9933194925083513f,3.5493050814992166f,0f,0f,0f,1f], start_interpolation: 0, interpolation_duration: 1 }
$data merge entity $(bone_crest_left5) { transformation: [-0.6295075028606016f,-0.7762751923319927f,0.03342348892825908f,-0.6630763146358121f,-0.7560130971278094f,0.6218708253027946f,0.20425688142248383f,4.8526137483031455f,-0.179344642555687f,0.10331264398489172f,-0.9783465627166196f,3.5622378972717743f,0f,0f,0f,1f], start_interpolation: 0, interpolation_duration: 1 }
$data merge entity $(bone_crest_left4) { transformation: [-0.6295075028606016f,-0.7762751923319927f,0.03342348892825908f,-0.28403569337995627f,-0.7560130971278094f,0.6218708253027946f,0.20425688142248383f,4.548965884385765f,-0.179344642555687f,0.10331264398489172f,-0.9783465627166196f,3.5117922703260263f,0f,0f,0f,1f], start_interpolation: 0, interpolation_duration: 1 }
$data merge entity $(bone_crest_left1) { transformation: [-0.6295075028606016f,-0.7762751923319927f,0.03342348892825908f,0.13454099629681032f,-0.7560130971278094f,0.6218708253027946f,0.20425688142248383f,4.224926714614854f,-0.179344642555687f,0.10331264398489172f,-0.9783465627166196f,3.408531252428056f,0f,0f,0f,1f], start_interpolation: 0, interpolation_duration: 1 }
$data merge entity $(bone_crest_center1) { transformation: [-0.9910163231755418f,0.11505312394951862f,-0.06818669862287627f,0.22851105590209927f,0.09130243759196396f,0.9545625167102944f,0.28367986636607595f,4.192706010301428f,0.09772672147061823f,0.27490576632942054f,-0.9564916662205891f,3.3922761466317164f,0f,0f,0f,1f], start_interpolation: 0, interpolation_duration: 1 }
$data merge entity $(bone_crest_right5) { transformation: [-0.4354378617544543f,0.8810531658512551f,-0.18476792874898365f,1.240544399828427f,0.8541266250463546f,0.46918099017722864f,0.22435887957297224f,4.677232972611972f,0.28436170089805163f,-0.060120856612294576f,-0.9568301341735489f,3.3745168607988028f,0f,0f,0f,1f], start_interpolation: 0, interpolation_duration: 1 }
$data merge entity $(bone_crest_right4) { transformation: [-0.4354378617544543f,0.8810531658512551f,-0.18476792874898365f,0.8103426586901188f,0.8541266250463546f,0.46918099017722864f,0.22435887957297224f,4.4481406922519975f,0.28436170089805163f,-0.060120856612294576f,-0.9568301341735489f,3.4038727478165245f,0f,0f,0f,1f], start_interpolation: 0, interpolation_duration: 1 }
$data merge entity $(bone_crest_right1) { transformation: [-0.4354378617544543f,0.8810531658512551f,-0.18476792874898365f,0.32809887191703335f,0.8541266250463546f,0.46918099017722864f,0.22435887957297224f,4.207094207272674f,0.28436170089805163f,-0.060120856612294576f,-0.9568301341735489f,3.389444002140826f,0f,0f,0f,1f], start_interpolation: 0, interpolation_duration: 1 }
$data merge entity $(bone_head1) { transformation: [-0.9910163231755418f,0.11505312394951862f,-0.06818669862287627f,0.13788959034839107f,0.09130243759196396f,0.9545625167102944f,0.28367986636607595f,4.394767754707869f,0.09772672147061823f,0.27490576632942054f,-0.9564916662205891f,2.284533251207204f,0f,0f,0f,1f], start_interpolation: 0, interpolation_duration: 1 }
$data merge entity $(bone_neck10) { transformation: [-1.296832499379086f,0.1040056793371414f,0.05319110982350976f,0.14458655229649936f,0.0970647334458687f,1.2892484357457574f,-0.15439532179649926f,3.897986557204136f,-0.06499933091747497f,-0.14980753164371224f,-1.2918025380790765f,1.4090662023189755f,0f,0f,0f,1f], start_interpolation: 0, interpolation_duration: 1 }
$data merge entity $(bone_neck9) { transformation: [-0.9959673595231382f,0.016216551418384576f,0.08823855293806068f,0.1296713796533064f,0.07454571528642717f,0.6968330990318883f,0.7133488406285171f,3.1549092523911715f,-0.04991948614462077f,0.7170499672642833f,-0.695231896096078f,0.5969944600602941f,0f,0f,0f,1f], start_interpolation: 0, interpolation_duration: 1 }
$data merge entity $(bone_neck8) { transformation: [-0.9959673595231382f,0.0007384134647722279f,0.08971328502548043f,0.13336685959445915f,0.07454571528642717f,0.5632071190792624f,0.8229463392900368f,2.672585574499768f,-0.04991948614462077f,0.8263154335748503f,-0.5609909528139153f,-0.19699890862799063f,0f,0f,0f,1f], start_interpolation: 0, interpolation_duration: 1 }
$data merge entity $(bone_neck7) { transformation: [-0.996057046035977f,0.0010498853607704972f,0.08870884275433227f,0.1323928448554631f,0.08072820087175062f,0.4253675098072233f,0.9014130236381166f,2.2779575136434573f,-0.03678747920276533f,0.9050200988603132f,-0.42377506065455905f,-1.0366171644066013f,0f,0f,0f,1f], start_interpolation: 0, interpolation_duration: 1 }
$data merge entity $(bone_neck6) { transformation: [-0.9919046908353877f,-0.07006797581500221f,0.1059035554830066f,0.19234633341221113f,0.09693943905543613f,0.12087998727815114f,0.9879224533490729f,2.1928178750620124f,-0.0820233470078573f,0.9901911469210489f,-0.11310907613806395f,-1.8622544714329126f,0f,0f,0f,1f], start_interpolation: 0, interpolation_duration: 1 }
$data merge entity $(bone_neck_spine6) { transformation: [-1.0728808143798652f,0.2696209074308288f,0.034249115742383235f,-0.0005215728031486289f,-0.0226112343796114f,-0.2275317835674225f,1.0828941301271415f,3.110664483671498f,0.2708452837558538f,1.0490355243080025f,0.22607294956364618f,-4.8738600043921805f,0f,0f,0f,1f], start_interpolation: 0, interpolation_duration: 1 }
$data merge entity $(bone_neck_spine7) { transformation: [-0.9737271345964412f,0.22126844599052276f,0.05381210049369214f,-0.7767893967818708f,0.002945783488400265f,-0.2240510540759461f,0.9745729564927894f,4.181790501738597f,0.22769890142520133f,0.9491266511780166f,0.21751278195398052f,-7.587051037007767f,0f,0f,0f,1f], start_interpolation: 0, interpolation_duration: 1 }
$data merge entity $(bone_tail6) { transformation: [-1.4670228855917733f,-0.11130289101460299f,0.27865713930528385f,-0.6220254366220532f,0.22034092479345815f,0.5443463617437908f,1.3774364584261183f,3.973817069758013f,-0.2036860616124151f,1.3905009840313367f,-0.5169267679243685f,-11.002981666515993f,0f,0f,0f,1f], start_interpolation: 0, interpolation_duration: 1 }
$data merge entity $(bone_tail5) { transformation: [-1.2118884707062478f,-0.13052194931842742f,0.21073161623911713f,-0.70446035198106f,0.18202076395981326f,0.2452546323356591f,1.198680969054213f,4.128714732285798f,-0.16826239872329946f,1.2053761424681424f,-0.22107369611028543f,-10.241691471272954f,0f,0f,0f,1f], start_interpolation: 0, interpolation_duration: 1 }
$data merge entity $(bone_tail4) { transformation: [-0.9780376941122323f,-0.09814581404706851f,0.18387405494159725f,-0.7427985605931962f,0.16797328318887908f,0.15114350809194257f,0.9741358304140183f,4.187755165134213f,-0.12339872377936453f,0.9836274900320237f,-0.13133817351754573f,-9.857461982979196f,0f,0f,0f,1f], start_interpolation: 0, interpolation_duration: 1 }
$data merge entity $(bone_segment18) { transformation: [-0.9568598466675623f,-0.22496569906246486f,0.18387405494159725f,-0.8526450933385403f,0.1468080618756802f,0.1717753674771122f,0.9741358304140183f,4.271629856285147f,-0.250732181427984f,0.9591056549585344f,-0.13133817351754573f,-9.389148674893974f,0f,0f,0f,1f], start_interpolation: 0, interpolation_duration: 1 }
$data merge entity $(bone_segment17) { transformation: [-0.9875203278329117f,-0.0927325234118684f,0.12729603771699213f,-0.9115085115199021f,0.1348995630940782f,-0.08093219399239526f,0.9875485243027826f,4.220256881582943f,-0.08127551903128907f,0.9923964223420216f,0.09243176363647942f,-8.759209539618277f,0f,0f,0f,1f], start_interpolation: 0, interpolation_duration: 1 }
$data merge entity $(bone_segment16) { transformation: [-0.9933564664577065f,0.052121472661332796f,0.10259767362992897f,-0.8682436172209442f,0.08034086918010364f,-0.3242076364045866f,0.942568169012903f,3.9511392146455413f,0.08239099032081695f,0.9445489720414527f,0.3178662676809066f,-7.97516009993543f,0f,0f,0f,1f], start_interpolation: 0, interpolation_duration: 1 }
$data merge entity $(bone_segment15) { transformation: [-0.9737271345964412f,0.19980131006035548f,0.10924698553630574f,-0.6633692270223375f,0.002945783488400265f,-0.4686547415214492f,0.8833765084091282f,3.470585036327649f,0.22769890142520133f,0.86048949426918f,0.4557532671765801f,-7.092822239600822f,0f,0f,0f,1f], start_interpolation: 0, interpolation_duration: 1 }
$data merge entity $(bone_segment14) { transformation: [-0.9441219028885085f,0.30927100190974616f,0.11395297215923525f,-0.3462456410797269f,-0.05410678830541184f,-0.4864744094082765f,0.8720178349381057f,2.9717587376179906f,0.3251250343259574f,0.8171255083330897f,0.4760248057464387f,-6.2549494039077125f,0f,0f,0f,1f], start_interpolation: 0, interpolation_duration: 1 }
$data merge entity $(bone_segment13) { transformation: [-0.969379371110278f,0.2345358728824757f,0.07277746352475467f,-0.09607957968188244f,-0.02042991529828418f,-0.3723604240414303f,0.9278633159946515f,2.549109565323871f,0.2447166799111714f,0.8979647203197582f,0.3657500617010363f,-5.299268195070576f,0f,0f,0f,1f], start_interpolation: 0, interpolation_duration: 1 }
$data merge entity $(bone_segment12) { transformation: [-0.978983457820099f,0.20153610673287192f,0.031218375959664264f,0.1400955453957019f,-0.011496096833343693f,-0.20736810949013695f,0.9781954339108747f,2.3061000620151164f,0.20361539497837794f,0.9572782588408885f,0.2053268274686873f,-4.1774577354914095f,0f,0f,0f,1f], start_interpolation: 0, interpolation_duration: 1 }
$data merge entity $(bone_segment11) { transformation: [-1.0312429855466947f,0.08990780601605347f,0.001718456336886067f,0.24399846156566737f,-0.004074881961628649f,-0.06648341313215726f,1.033011042065553f,2.2292677956362628f,0.08983185410421445f,1.0290991225871982f,0.06658600297750658f,-2.988168344471563f,0f,0f,0f,1f], start_interpolation: 0, interpolation_duration: 1 }
$data merge entity $(bone_segment10) { transformation: [-0.9989493664693244f,-0.045807278920884f,-0.0013625081283283446f,0.1902520480347048f,3.469446951953614e-18f,-0.029731209455763796f,0.9995579298791527f,2.21001560211642f,-0.045827537906104276f,0.9985077608021691f,0.029699972850201983f,-1.8166032070042542f,0f,0f,0f,1f], start_interpolation: 0, interpolation_duration: 1 }