# This file was generated by Animated Java via MC-Build. It is not recommended to edit this file directly.
$data merge entity $(bone_neck_spine5) { transformation: [-1.565925243000247f,0.060535062679727754f,0.12740814368642586f,0.3144435591261233f,0.11720566563588651f,1.3485595096545935f,0.7997932710517474f,4.168361972085765f,-0.07848669208285104f,0.8060657235382028f,-1.3476338835378725f,0.1876616330146229f,0f,0f,0f,1f], start_interpolation: 0, interpolation_duration: 1 }
$data merge entity $(bone_neck_spine2) { transformation: [-1.491357374285949f,0.1265675387613808f,0.04503467529397479f,0.22114861916690354f,0.11162444346274901f,1.4467760186842178f,-0.36955840819267355f,5.643121132153613f,-0.0747492305550962f,-0.36471096991475f,-1.450376758859329f,2.001602660135548f,0f,0f,0f,1f], start_interpolation: 0, interpolation_duration: 1 }
$data merge entity $(bone_scale_neck_left1) { transformation: [-1.550542571431129f,0.52403458257701f,0.18509611362952505f,0.9289065073269446f,0.5407108180995334f,1.5492327257075351f,0.1434045104751137f,4.704924368662919f,-0.12847033201307065f,0.19575698888625262f,-1.6304078189006312f,2.2277770362306257f,0f,0f,0f,1f], start_interpolation: 0, interpolation_duration: 1 }
$data merge entity $(bone_scale_neck_right1) { transformation: [-1.618646757477662f,-0.305018141288848f,0.0012995496988732194f,-0.6370187356733018f,-0.3035047659707443f,1.6112852896995236f,0.15716123271544705f,4.822130034298805f,-0.03037453502141675f,0.1542035327750031f,-1.639619998334863f,2.149290344147775f,0f,0f,0f,1f], start_interpolation: 0, interpolation_duration: 1 }
$data merge entity $(bone_blush_right1) { transformation: [-0.9910163231755418f,0.11505312394951862f,-0.06818669862287627f,-0.4862685574661072f,0.09130243759196396f,0.9545625167102944f,0.28367986636607595f,4.434422865420972f,0.09772672147061823f,0.27490576632942054f,-0.9564916662205891f,3.5039726718653497f,0f,0f,0f,1f], start_interpolation: 0, interpolation_duration: 1 }
$data merge entity $(bone_blush_left1) { transformation: [-0.9910163231755418f,0.11505312394951862f,-0.06818669862287627f,0.8270216286171059f,0.09130243759196396f,0.9545625167102944f,0.28367986636607595f,4.313429303104277f,0.09772672147061823f,0.27490576632942054f,-0.9564916662205891f,3.374465678666493f,0f,0f,0f,1f], start_interpolation: 0, interpolation_duration: 1 }
$data merge entity $(bone_left_head_scales) { transformation: [-0.8475571009829668f,0.11505312394951862f,-0.5180827532767385f,0.8953358392353443f,-0.050002533657584766f,0.9545625167102944f,0.29378588856432725f,5.120720952929456f,0.5283433610836531f,0.27490576632942054f,-0.8032932916672859f,3.198079260092804f,0f,0f,0f,1f], start_interpolation: 0, interpolation_duration: 1 }
$data merge entity $(bone_left_head_scales2) { transformation: [-0.7726827634503531f,0.11505312394951862f,-0.6242788845829903f,0.8034543270076969f,-0.08792150841276944f,0.9545625167102944f,0.2847458692415616f,4.215318323709125f,0.6286741249845976f,0.27490576632942054f,-0.7274583590925912f,3.1122213571631017f,0f,0f,0f,1f], start_interpolation: 0, interpolation_duration: 1 }
$data merge entity $(bone_left_head_scales1) { transformation: [-0.9910163231755418f,0.11505312394951862f,-0.06818669862287627f,0.8824148341042949f,0.09130243759196396f,0.9545625167102944f,0.28367986636607595f,5.013519107791093f,0.09772672147061823f,0.27490576632942054f,-0.9564916662205891f,3.1672060539132305f,0f,0f,0f,1f], start_interpolation: 0, interpolation_duration: 1 }
$data merge entity $(bone_right_head_scales) { transformation: [-0.9105273280433435f,0.11505312394951862f,0.39711807256243886f,-0.44021350254419445f,0.21197503613688584f,0.9545625167102944f,0.20946834067819203f,5.243765253590501f,-0.3549740398127949f,0.27490576632942054f,-0.8935436478974146f,3.329781287074692f,0f,0f,0f,1f], start_interpolation: 0, interpolation_duration: 1 }
$data merge entity $(bone_right_head_scales2) { transformation: [-0.8509033306556574f,0.11505312394951862f,0.5125683374424974f,-0.5320950147718418f,0.2375026652168202f,0.9545625167102944f,0.18000801567323665f,4.338362624370171f,-0.46856803763596194f,0.27490576632942054f,-0.839565848367368f,3.2439233841449897f,0f,0f,0f,1f], start_interpolation: 0, interpolation_duration: 1 }
$data merge entity $(bone_right_head_scales1) { transformation: [-0.9910163231755418f,0.11505312394951862f,-0.06818669862287627f,-0.4531345076752439f,0.09130243759196396f,0.9545625167102944f,0.28367986636607595f,5.1365634084521385f,0.09772672147061823f,0.27490576632942054f,-0.9564916662205891f,3.2989080808951186f,0f,0f,0f,1f], start_interpolation: 0, interpolation_duration: 1 }
$data merge entity $(bone_head_left_fin1) { transformation: [-0.4106829643817206f,0.23489244628352599f,-0.9353289472002655f,0.8282178663042966f,0.056446252891993384f,1.0207214213891591f,0.23155301439826084f,4.635406363677397f,0.9627193367364497f,0.04035488348897749f,-0.4125750356935033f,2.970868100019839f,0f,0f,0f,1f], start_interpolation: 0, interpolation_duration: 1 }
$data merge entity $(bone_head_right_fin1) { transformation: [-0.5926826239067969f,-0.033958675656072926f,0.8638572299239115f,-0.5073314754752422f,0.03599392378752782f,1.045490703396305f,0.06579380356424643f,4.758450664338443f,-0.8637748218109311f,0.06686699847277924f,-0.5899975082539838f,3.102570127001727f,0f,0f,0f,1f], start_interpolation: 0, interpolation_duration: 1 }
$data merge entity $(bone_right_whisker16) { transformation: [-0.0415158818645647f,-0.23755105136512208f,0.9704874700625112f,-1.2042984393223672f,0.9983087346209564f,-0.04942486206488462f,0.030608060856142594f,3.4409071986741755f,0.04069523230691421f,0.9701168388422056f,0.2392012062308504f,1.344362997544201f,0f,0f,0f,1f], start_interpolation: 0, interpolation_duration: 1 }
$data merge entity $(bone_right_whisker15) { transformation: [0.3435145380251447f,-0.10158406732370612f,0.9336372097508459f,-1.3200333178562296f,0.3074983587549831f,0.9515000755500378f,-0.009610701913236985f,3.3373066774139515f,-0.8873795814240737f,0.29039332549879004f,0.35809104286115634f,1.6433336573013353f,0f,0f,0f,1f], start_interpolation: 0, interpolation_duration: 1 }
$data merge entity $(bone_right_whisker14) { transformation: [0.5481707752303955f,-0.19141209719107555f,0.8141684163809244f,-1.5047197606828762f,-0.3231528819292f,0.849387993221151f,0.4172676022321876f,3.446181427673301f,-0.7714149441669904f,-0.49183477512337487f,0.4037543038720196f,1.9032342000138462f,0f,0f,0f,1f], start_interpolation: 0, interpolation_duration: 1 }
$data merge entity $(bone_right_whisker13) { transformation: [0.08406289051204113f,-0.2925324938526318f,0.9525535000613463f,-1.5330417306307806f,0.12153723826576124f,0.9518099877165934f,0.28157849171708843f,3.405233822984153f,-0.9890207935900504f,0.09210041977808148f,0.11556549019153145f,2.236449213479244f,0f,0f,0f,1f], start_interpolation: 0, interpolation_duration: 1 }
$data merge entity $(bone_right_whisker12) { transformation: [-0.5813348394151759f,-0.2461394134903378f,0.7755418709578257f,-1.2718952207372447f,-0.3503742437446667f,0.9359770198609121f,0.034422487019957905f,3.5626285027913274f,-0.7343620999224325f,-0.25171890556515364f,-0.6303569613945713f,2.566338438053774f,0f,0f,0f,1f], start_interpolation: 0, interpolation_duration: 1 }
$data merge entity $(bone_right_whisker11) { transformation: [-0.9533860564173178f,-0.11448098118409822f,0.2791937183680207f,-0.8436163282060274f,-0.13400448814519958f,0.9896255038487985f,-0.05180887268562476f,3.622825831450304f,-0.27036609363227937f,-0.08680706814043618f,-0.9588361217303423f,2.68779195667765f,0f,0f,0f,1f], start_interpolation: 0, interpolation_duration: 1 }
$data merge entity $(bone_right_whisker10) { transformation: [-0.5945992359563356f,-0.5066733518209885f,0.6242866834673212f,-0.5765112026787674f,-0.5026274393443952f,0.8402725670486659f,0.20324288495182802f,3.8486155014682937f,-0.627548727843694f,-0.1929355530220661f,-0.7542933557720308f,2.969698611763684f,0f,0f,0f,1f], start_interpolation: 0, interpolation_duration: 1 }
$data merge entity $(bone_right_whisker1) { transformation: [-0.0722598417272218f,-0.608830482482517f,0.7900025056122688f,-0.544050726902867f,-0.7452845500487509f,0.5593375424970406f,0.36289454806045596f,4.183411295435506f,-0.6628193228415934f,-0.5625539593261052f,-0.49416959448587594f,3.267449479446431f,0f,0f,0f,1f], start_interpolation: 0, interpolation_duration: 1 }
$data merge entity $(bone_left_whisker16) { transformation: [-0.22857164204543826f,0.40801818377020826f,-0.8838982781777062f,0.9212631296751946f,-0.9734255427708528f,-0.10890122327492574f,0.2014528139552693f,3.245078988822479f,-0.014061192478726538f,0.9064555616697856f,0.42206705342159867f,1.1347557907159032f,0f,0f,0f,1f], start_interpolation: 0, interpolation_duration: 1 }
$data merge entity $(bone_left_whisker15) { transformation: [0.4474628845932321f,0.3263861986410307f,-0.8326157674751075f,1.072019667941469f,-0.380371191498904f,0.9120711301475508f,0.15311436976676607f,3.1169265854366177f,0.8093792211251833f,0.24819005396676952f,0.5322658861159189f,1.4074470322082746f,0f,0f,0f,1f], start_interpolation: 0, interpolation_duration: 1 }
$data merge entity $(bone_left_whisker14) { transformation: [0.7364612585221373f,0.2430064625240916f,-0.6313261232259579f,1.3201438224240247f,0.20479959818661486f,0.8093649658404413f,0.5504411654779309f,3.1859264500600375f,0.6447340066093858f,-0.5346739298316581f,0.5462983154648933f,1.6246669856069444f,0f,0f,0f,1f], start_interpolation: 0, interpolation_duration: 1 }
$data merge entity $(bone_left_whisker13) { transformation: [0.2506326760899815f,0.47215100347410166f,-0.8451370844983515f,1.404585495520747f,-0.15237277585213377f,0.8813596170621921f,0.4471999134515814f,3.134589919133293f,0.9560155850482199f,0.016692972485015403f,0.2928404784426578f,1.9467620801788545f,0f,0f,0f,1f], start_interpolation: 0, interpolation_duration: 1 }
$data merge entity $(bone_left_whisker12) { transformation: [-0.35488916674908644f,0.3579553909370756f,-0.8636675387110626f,1.2451626276451808f,0.4366286594348206f,0.88032170229346f,0.185443021522237f,3.330731699738779f,0.8266856071592702f,-0.3112902802373224f,-0.4687102178803857f,2.318124755269933f,0f,0f,0f,1f], start_interpolation: 0, interpolation_duration: 1 }
$data merge entity $(bone_left_whisker11) { transformation: [-0.842661002360636f,0.2726583001162968f,-0.46430581137679067f,0.8666235054909887f,0.29947449167737916f,0.9539583213375514f,0.01668981681795445f,3.465261256546977f,0.44747900949110886f,-0.12498388907588434f,-0.8855176810975169f,2.5191407165647672f,0f,0f,0f,1f], start_interpolation: 0, interpolation_duration: 1 }
$data merge entity $(bone_left_whisker10) { transformation: [-0.3608161308437605f,0.6032362634700287f,-0.7112789397681171f,0.7045381342135182f,0.5906499570988455f,0.7380164780085678f,0.3262886856251095f,3.730592291962474f,0.721764745538372f,-0.3023866541740024f,-0.6225897232330309f,2.8433709733495824f,0f,0f,0f,1f], start_interpolation: 0, interpolation_duration: 1 }
$data merge entity $(bone_left_whisker1) { transformation: [0.19358159173710712f,0.5793054748795206f,-0.7917899558059205f,0.7914986148766717f,0.7341071645205982f,0.44987445237334694f,0.5086252531100957f,4.060366994774461f,0.6508554665515655f,-0.6797191654473154f,-0.3381848869827714f,3.1357474524645434f,0f,0f,0f,1f], start_interpolation: 0, interpolation_duration: 1 }
$data merge entity $(bone_upper_left_tooth1) { transformation: [-0.9910163231755418f,0.10867244971341539f,-0.07795476812174773f,0.5387310375198177f,0.09130243759196396f,0.9756544475996003f,0.19940477368630016f,4.222692201768327f,0.09772672147061823f,0.19049592529081644f,-0.9768115429079453f,4.155664114343233f,0f,0f,0f,1f], start_interpolation: 0, interpolation_duration: 1 }
$data merge entity $(bone_upper_right_tooth1) { transformation: [-0.9910163231755418f,0.10867244971341539f,-0.07795476812174773f,-0.1290436333699517f,0.09130243759196396f,0.9756544475996003f,0.19940477368630016f,4.284214352098849f,0.09772672147061823f,0.19049592529081644f,-0.9768115429079453f,4.221515127834177f,0f,0f,0f,1f], start_interpolation: 0, interpolation_duration: 1 }
$data merge entity $(bone_top_lip1) { transformation: [-0.9910163231755418f,0.07545659811250473f,-0.11042168718561676f,0.2460928708972482f,0.09130243759196396f,0.985015734122307f,-0.146314279621841f,4.37141744582156f,0.09772672147061823f,-0.15508160862197906f,-0.9830560424400149f,4.209378737635165f,0f,0f,0f,1f], start_interpolation: 0, interpolation_duration: 1 }
$data merge entity $(bone_muzzle1) { transformation: [-0.9910163231755418f,0.10867244971341539f,-0.07795476812174773f,0.22062607978939588f,0.09130243759196396f,0.9756544475996003f,0.19940477368630016f,4.647743751564288f,0.09772672147061823f,0.19049592529081644f,-0.9768115429079453f,3.692966540311529f,0f,0f,0f,1f], start_interpolation: 0, interpolation_duration: 1 }
$data merge entity $(bone_jaw_right_tooth1) { transformation: [-0.9910163231755418f,0.033139567158441754f,-0.12957012112436023f,-0.12418085109649674f,0.09130243759196396f,0.8755695858258921f,-0.4743856714388004f,4.316800941366991f,0.09772672147061823f,-0.4819540117741807f,-0.870729474891816f,4.240382655039696f,0f,0f,0f,1f], start_interpolation: 0, interpolation_duration: 1 }
$data merge entity $(bone_jaw_left_tooth1) { transformation: [-0.9910163231755418f,0.033139567158441754f,-0.12957012112436023f,0.5992417090340867f,0.09130243759196396f,0.8755695858258921f,-0.4743856714388004f,4.250151945175592f,0.09772672147061823f,-0.4819540117741807f,-0.870729474891816f,4.169044057091173f,0f,0f,0f,1f], start_interpolation: 0, interpolation_duration: 1 }
$data merge entity $(bone_tongue1) { transformation: [-0.9910163231755418f,0.0847933471378288f,-0.10342502347494979f,0.1537341261549213f,0.09130243759196396f,0.9940195815846209f,-0.0599077316888319f,4.227203317072586f,0.09772672147061823f,-0.06881249673932202f,-0.9928314701917469f,3.407531290402154f,0f,0f,0f,1f], start_interpolation: 0, interpolation_duration: 1 }
$data merge entity $(bone_jaw_lips1) { transformation: [-0.9910163231755418f,0.0847933471378288f,-0.10342502347494979f,0.2913518714913678f,0.09130243759196396f,0.9940195815846209f,-0.0599077316888319f,4.147522163876128f,0.09772672147061823f,-0.06881249673932202f,-0.9928314701917469f,4.302927866049246f,0f,0f,0f,1f], start_interpolation: 0, interpolation_duration: 1 }
$data merge entity $(bone_jaw3) { transformation: [-0.9910163231755418f,0.055135718082430785f,-0.12184703439626657f,0.17723590701957187f,0.09130243759196396f,0.9446439237796773f,-0.31513762415157753f,3.7848244097018973f,0.09772672147061823f,-0.32343146083470314f,-0.941191573513562f,3.4845683298063697f,0f,0f,0f,1f], start_interpolation: 0, interpolation_duration: 1 }
$data merge entity $(bone_jaw1) { transformation: [-0.9910163231755418f,0.12514570443074716f,-0.047172024147394034f,0.13485479157464753f,0.09130243759196396f,0.8908000753558759f,0.44512817326668f,4.18474425287118f,0.09772672147061823f,0.4368223648217868f,-0.8942235232323664f,2.68116438315229f,0f,0f,0f,1f], start_interpolation: 0, interpolation_duration: 1 }
$data merge entity $(bone_tear_right1) { transformation: [-0.9910163231755418f,0.11505312394951862f,-0.06818669862287627f,-0.37850523297417127f,0.09130243759196396f,0.9545625167102944f,0.28367986636607595f,4.775829756676311f,0.09772672147061823f,0.27490576632942054f,-0.9564916662205891f,3.70321795694041f,0f,0f,0f,1f], start_interpolation: 0, interpolation_duration: 1 }
$data merge entity $(bone_right_pupil1) { transformation: [-0.9910163231755418f,0.11505312394951862f,-0.06818669862287627f,-0.17735193796662688f,0.09130243759196396f,0.9545625167102944f,0.28367986636607595f,4.846997896040223f,0.09772672147061823f,0.27490576632942054f,-0.9564916662205891f,3.7804332681332697f,0f,0f,0f,1f], start_interpolation: 0, interpolation_duration: 1 }
$data merge entity $(bone_right_sad_pupil1) { transformation: [-0.9910163231755418f,0.11505312394951862f,-0.06818669862287627f,-0.17811770655467676f,0.09130243759196396f,0.9545625167102944f,0.28367986636607595f,4.850183753914451f,0.09772672147061823f,0.27490576632942054f,-0.9564916662205891f,3.769691418366144f,0f,0f,0f,1f], start_interpolation: 0, interpolation_duration: 1 }
$data merge entity $(bone_right_happy_pupil1) { transformation: [-0.9910163231755418f,0.11505312394951862f,-0.06818669862287627f,-0.20917150496413858f,0.09130243759196396f,0.9545625167102944f,0.28367986636607595f,4.82594702579439f,0.09772672147061823f,0.27490576632942054f,-0.9564916662205891f,3.764716972723759f,0f,0f,0f,1f], start_interpolation: 0, interpolation_duration: 1 }
$data merge entity $(bone_eyelid_right1) { transformation: [-0.9910163231755418f,0.11505312394951862f,-0.06818669862287627f,0.20562246477806426f,0.09130243759196396f,0.9545625167102944f,0.28367986636607595f,4.916398979116124f,0.09772672147061823f,0.27490576632942054f,-0.9564916662205891f,3.1749078914761726f,0f,0f,0f,1f], start_interpolation: 0, interpolation_duration: 1 }
$data merge entity $(bone_eyelid_expressions_right5) { transformation: [-0.9910163231755418f,0.11505312394951862f,-0.06818669862287627f,-0.2931864905310087f,0.09130243759196396f,0.9545625167102944f,0.28367986636607595f,4.969177311721018f,0.09772672147061823f,0.27490576632942054f,-0.9564916662205891f,3.813186033677608f,0f,0f,0f,1f], start_interpolation: 0, interpolation_duration: 1 }
$data merge entity $(bone_eyelid_expressions_right7) { transformation: [-0.9910163231755418f,0.11505312394951862f,-0.06818669862287627f,0.040700844913876044f,0.09130243759196396f,0.9545625167102944f,0.28367986636607595f,4.9384162365557565f,0.09772672147061823f,0.27490576632942054f,-0.9564916662205891f,3.780260526932136f,0f,0f,0f,1f], start_interpolation: 0, interpolation_duration: 1 }
$data merge entity $(bone_eyelid_expressions_right6) { transformation: [-0.9910163231755418f,0.11505312394951862f,-0.06818669862287627f,-0.0705949335677522f,0.09130243759196396f,0.9545625167102944f,0.28367986636607595f,4.948669928277511f,0.09772672147061823f,0.27490576632942054f,-0.9564916662205891f,3.791235695847293f,0f,0f,0f,1f], start_interpolation: 0, interpolation_duration: 1 }
$data merge entity $(bone_right_eye1) { transformation: [-0.9910163231755418f,0.11505312394951862f,-0.06818669862287627f,0.19525865551795132f,0.09130243759196396f,0.9545625167102944f,0.28367986636607595f,4.914238490414071f,0.09772672147061823f,0.27490576632942054f,-0.9564916662205891f,3.186747258134814f,0f,0f,0f,1f], start_interpolation: 0, interpolation_duration: 1 }
$data merge entity $(bone_tear_left1) { transformation: [-0.9910163231755418f,0.11505312394951862f,-0.06818669862287627f,0.8234891746274137f,0.09130243759196396f,0.9545625167102944f,0.28367986636607595f,4.66508988608137f,0.09772672147061823f,0.27490576632942054f,-0.9564916662205891f,3.584686132656711f,0f,0f,0f,1f], start_interpolation: 0, interpolation_duration: 1 }
$data merge entity $(bone_left_sad_pupil1) { transformation: [-0.9910163231755418f,0.11505312394951862f,-0.06818669862287627f,0.6566006320575348f,0.09130243759196396f,0.9545625167102944f,0.28367986636607595f,4.7732810660012985f,0.09772672147061823f,0.27490576632942054f,-0.9564916662205891f,3.687377651502464f,0f,0f,0f,1f], start_interpolation: 0, interpolation_duration: 1 }
$data merge entity $(bone_left_pupil1) { transformation: [-0.9910163231755418f,0.11505312394951862f,-0.06818669862287627f,0.6573664006455847f,0.09130243759196396f,0.9545625167102944f,0.28367986636607595f,4.77009520812707f,0.09772672147061823f,0.27490576632942054f,-0.9564916662205891f,3.6981195012695895f,0f,0f,0f,1f], start_interpolation: 0, interpolation_duration: 1 }
$data merge entity $(bone_eyelid_left1) { transformation: [-0.9910163231755418f,0.11505312394951862f,-0.06818669862287627f,0.18336330908173862f,0.09130243759196396f,0.9545625167102944f,0.28367986636607595f,4.918449717460475f,0.09772672147061823f,0.27490576632942054f,-0.9564916662205891f,3.177102925259204f,0f,0f,0f,1f], start_interpolation: 0, interpolation_duration: 1 }
$data merge entity $(bone_left_happy_pupil1) { transformation: [-0.9910163231755418f,0.11505312394951862f,-0.06818669862287627f,0.681194722888887f,0.09130243759196396f,0.9545625167102944f,0.28367986636607595f,4.74391749202036f,0.09772672147061823f,0.27490576632942054f,-0.9564916662205891f,3.6769156214025003f,0f,0f,0f,1f], start_interpolation: 0, interpolation_duration: 1 }
$data merge entity $(bone_eyelid_expressions_left5) { transformation: [-0.9910163231755418f,0.11505312394951862f,-0.06818669862287627f,0.797512138588948f,0.09130243759196396f,0.9545625167102944f,0.28367986636607595f,4.868691132847831f,0.09772672147061823f,0.27490576632942054f,-0.9564916662205891f,3.705629378309066f,0f,0f,0f,1f], start_interpolation: 0, interpolation_duration: 1 }
$data merge entity $(bone_eyelid_expressions_left7) { transformation: [-0.9910163231755418f,0.11505312394951862f,-0.06818669862287627f,0.46362480314406324f,0.09130243759196396f,0.9545625167102944f,0.28367986636607595f,4.899452208013092f,0.09772672147061823f,0.27490576632942054f,-0.9564916662205891f,3.738554885054538f,0f,0f,0f,1f], start_interpolation: 0, interpolation_duration: 1 }
$data merge entity $(bone_eyelid_expressions_left6) { transformation: [-0.9910163231755418f,0.11505312394951862f,-0.06818669862287627f,0.5749205816256915f,0.09130243759196396f,0.9545625167102944f,0.28367986636607595f,4.889198516291338f,0.09772672147061823f,0.27490576632942054f,-0.9564916662205891f,3.7275797161393807f,0f,0f,0f,1f], start_interpolation: 0, interpolation_duration: 1 }
$data merge entity $(bone_left_eye1) { transformation: [-0.9910163231755418f,0.11505312394951862f,-0.06818669862287627f,0.19525865551795132f,0.09130243759196396f,0.9545625167102944f,0.28367986636607595f,4.914238490414071f,0.09772672147061823f,0.27490576632942054f,-0.9564916662205891f,3.186747258134814f,0f,0f,0f,1f], start_interpolation: 0, interpolation_duration: 1 }
$data merge entity $(bone_crest_middle5) { transformation: [-0.9910163231755418f,0.0975676027929407f,-0.09147245533421086f,0.3871962245306978f,0.09130243759196396f,0.9933351343689012f,0.07035037823695622f,6.10173373481174f,0.09772672147061823f,0.0613667150298616f,-0.9933194925083513f,4.0236939217398415f,0f,0f,0f,1f], start_interpolation: 0, interpolation_duration: 1 }
$data merge entity $(bone_crest_middle4) { transformation: [-0.9910163231755418f,0.0975676027929407f,-0.09147245533421086f,0.3214524296799858f,0.09130243759196396f,0.9933351343689012f,0.07035037823695622f,5.43239658372332f,0.09772672147061823f,0.0613667150298616f,-0.9933194925083513f,3.982343303213861f,0f,0f,0f,1f], start_interpolation: 0, interpolation_duration: 1 }
$data merge entity $(bone_crest_middle1) { transformation: [-0.9910163231755418f,0.0975676027929407f,-0.09147245533421086f,0.2798492055482401f,0.09130243759196396f,0.9933351343689012f,0.07035037823695622f,4.924468187192282f,0.09772672147061823f,0.0613667150298616f,-0.9933194925083513f,4.034996522688925f,0f,0f,0f,1f], start_interpolation: 0, interpolation_duration: 1 }
$data merge entity $(bone_crest_left5) { transformation: [-0.6295075028606016f,-0.7762751923319927f,0.03342348892825908f,-0.7744299101221497f,-0.7560130971278094f,0.6218708253027946f,0.20425688142248383f,5.562382643562019f,-0.179344642555687f,0.10331264398489172f,-0.9783465627166196f,4.049869260827366f,0f,0f,0f,1f], start_interpolation: 0, interpolation_duration: 1 }
$data merge entity $(bone_crest_left4) { transformation: [-0.6295075028606016f,-0.7762751923319927f,0.03342348892825908f,-0.3385331956779155f,-0.7560130971278094f,0.6218708253027946f,0.20425688142248383f,5.213187600057032f,-0.179344642555687f,0.10331264398489172f,-0.9783465627166196f,3.991856789839756f,0f,0f,0f,1f], start_interpolation: 0, interpolation_duration: 1 }
$data merge entity $(bone_crest_left1) { transformation: [-0.6295075028606016f,-0.7762751923319927f,0.03342348892825908f,0.14282999745036537f,-0.7560130971278094f,0.6218708253027946f,0.20425688142248383f,4.840542554820485f,-0.179344642555687f,0.10331264398489172f,-0.9783465627166196f,3.8731066192570904f,0f,0f,0f,1f], start_interpolation: 0, interpolation_duration: 1 }
$data merge entity $(bone_crest_center1) { transformation: [-0.9910163231755418f,0.11505312394951862f,-0.06818669862287627f,0.25089556599644763f,0.09130243759196396f,0.9545625167102944f,0.28367986636607595f,4.8034887448600445f,0.09772672147061823f,0.27490576632942054f,-0.9564916662205891f,3.8544132475912996f,0f,0f,0f,1f], start_interpolation: 0, interpolation_duration: 1 }
$data merge entity $(bone_crest_right5) { transformation: [-0.4354378617544543f,0.8810531658512551f,-0.18476792874898365f,1.4147339115117237f,0.8541266250463546f,0.46918099017722864f,0.22435887957297224f,5.360694751517169f,0.28436170089805163f,-0.060120856612294576f,-0.9568301341735489f,3.833990068883449f,0f,0f,0f,1f], start_interpolation: 0, interpolation_duration: 1 }
$data merge entity $(bone_crest_right4) { transformation: [-0.4354378617544543f,0.8810531658512551f,-0.18476792874898365f,0.9200019092026693f,0.8541266250463546f,0.46918099017722864f,0.22435887957297224f,5.097238629103198f,0.28436170089805163f,-0.060120856612294576f,-0.9568301341735489f,3.8677493389538293f,0f,0f,0f,1f], start_interpolation: 0, interpolation_duration: 1 }
$data merge entity $(bone_crest_right1) { transformation: [-0.4354378617544543f,0.8810531658512551f,-0.18476792874898365f,0.3654215544136218f,0.8541266250463546f,0.46918099017722864f,0.22435887957297224f,4.8200351713769765f,0.28436170089805163f,-0.060120856612294576f,-0.9568301341735489f,3.8511562814267757f,0f,0f,0f,1f], start_interpolation: 0, interpolation_duration: 1 }
$data merge entity $(bone_head1) { transformation: [-1.038760599161863f,0.12059604788979485f,-0.07147173488465543f,0.1466808806096832f,0.09570112273636842f,1.0005505546247222f,0.2973467349279831f,5.035859750927451f,0.10243490987480161f,0.28814992434268677f,-1.0025726449317367f,2.580508917853111f,0f,0f,0f,1f], start_interpolation: 0, interpolation_duration: 1 }
$data merge entity $(bone_neck10) { transformation: [-1.491357374285949f,0.11960653123771262f,0.061169776297036224f,0.1543823868500077f,0.11162444346274901f,1.482635701107621f,-0.17755462006597414f,4.464561373798158f,-0.0747492305550962f,-0.1722786613902691f,-1.4855729187909381f,1.573721811631648f,0f,0f,0f,1f], start_interpolation: 0, interpolation_duration: 1 }
$data merge entity $(bone_neck9) { transformation: [-1.1408883913287517f,0.018576186341567498f,0.1010779517542434f,0.13573282292398228f,0.08539269924900306f,0.7982277589496147f,0.8171466699777843f,3.5835616367430725f,-0.057183161374648635f,0.8213863394541062f,-0.7963935684772461f,0.6301944986739285f,0f,0f,0f,1f], start_interpolation: 0, interpolation_duration: 1 }
$data merge entity $(bone_neck8) { transformation: [-1.058863735743024f,0.0007850450442532866f,0.0953787724261781f,0.13998262485630794f,0.07925335485855181f,0.5987742353232002f,0.8749162578519728f,3.0288894071679584f,-0.05307195369411831f,0.8784981139503454f,-0.59641811584969f,-0.28289787531759847f,0f,0f,0f,1f], start_interpolation: 0, interpolation_duration: 1 }
$data merge entity $(bone_neck7) { transformation: [-1.051501627700089f,0.0011083262451102613f,0.0936467373217121f,0.13886250790646246f,0.0852218604905883f,0.44904519345860194f,0.9515893345242227f,2.575067137183201f,-0.03883521974432551f,0.9553971942070298f,-0.44736410211677574f,-1.248458869463001f,0f,0f,0f,1f], start_interpolation: 0, interpolation_duration: 1 }
$data merge entity $(bone_neck6) { transformation: [-1.041177039735609f,-0.07354856601987503f,0.11116425944352314f,0.20805347374350863f,0.10175485520122374f,0.12688463768786656f,1.0369969866762436f,2.473991172153953f,-0.08609781404997936f,1.0393783764197961f,-0.11872771058424511f,-2.204638954647849f,0f,0f,0f,1f], start_interpolation: 0, interpolation_duration: 1 }
$data merge entity $(bone_neck_spine6) { transformation: [-1.2338129365368447f,0.310064043545453f,0.03938648310374071f,-0.01492878069225978f,-0.026002919536553103f,-0.2616615511025358f,1.2453282496462126f,3.531090978209234f,0.3114720763192318f,1.2063908529542027f,0.25998389199819305f,-5.642172930031458f,0f,0f,0f,1f], start_interpolation: 0, interpolation_duration: 1 }
$data merge entity $(bone_neck_spine7) { transformation: [-0.9737271345964412f,0.22126844599052276f,0.05381210049369214f,-0.9076367782677902f,0.002945783488400265f,-0.2240510540759461f,0.9745729564927894f,4.762885898986397f,0.22769890142520133f,0.9491266511780166f,0.21751278195398052f,-8.762342617539382f,0f,0f,0f,1f], start_interpolation: 0, interpolation_duration: 1 }
$data merge entity $(bone_tail6) { transformation: [-1.6870763184305397f,-0.12799832466679345f,0.32045571020107644f,-0.7296582240839998f,0.2533920635124769f,0.6259983160053595f,1.5840519271900362f,4.523716452208725f,-0.2342389708542774f,1.5990761316360376f,-0.5944657831130239f,-12.690662841473841f,0f,0f,0f,1f], start_interpolation: 0, interpolation_duration: 1 }
$data merge entity $(bone_tail5) { transformation: [-1.3936717413121849f,-0.15010024171619155f,0.24234135867498469f,-0.8244583767468576f,0.20932387855378526f,0.282042827186008f,1.3784831144123448f,4.701848764115677f,-0.19350175853179435f,1.3861825638383638f,-0.25423475052682826f,-11.815179116944348f,0f,0f,0f,1f], start_interpolation: 0, interpolation_duration: 1 }
$data merge entity $(bone_tail4) { transformation: [-1.0251566976046185f,-0.10287419310923196f,0.19273257060935647f,-0.8685473166508142f,0.1760657460508433f,0.15842516147658042f,1.0210668534938603f,4.769745261891355f,-0.12934371437810996f,1.0310157935882538f,-0.13766566364794833f,-11.373315205406525f,0f,0f,0f,1f], start_interpolation: 0, interpolation_duration: 1 }
$data merge entity $(bone_segment18) { transformation: [-0.9568598466675623f,-0.22496569906246486f,0.18387405494159725f,-0.99487082930796f,0.1468080618756802f,0.1717753674771122f,0.9741358304140183f,4.866201156714929f,-0.250732181427984f,0.9591056549585344f,-0.13133817351754573f,-10.83475490110852f,0f,0f,0f,1f], start_interpolation: 0, interpolation_duration: 1 }
$data merge entity $(bone_segment17) { transformation: [-0.9875203278329117f,-0.0927325234118684f,0.12729603771699213f,-1.062563760216526f,0.1348995630940782f,-0.08093219399239526f,0.9875485243027826f,4.807122235807395f,-0.08127551903128907f,0.9923964223420216f,0.09243176363647942f,-10.110324895541467f,0f,0f,0f,1f], start_interpolation: 0, interpolation_duration: 1 }
$data merge entity $(bone_segment16) { transformation: [-0.9933564664577065f,0.052121472661332796f,0.10259767362992897f,-1.0128091317727246f,0.08034086918010364f,-0.3242076364045866f,0.942568169012903f,4.497636918829383f,0.08239099032081695f,0.9445489720414527f,0.3178662676809066f,-9.208668039906193f,0f,0f,0f,1f], start_interpolation: 0, interpolation_duration: 1 }
$data merge entity $(bone_segment15) { transformation: [-0.9737271345964412f,0.19980131006035548f,0.10924698553630574f,-0.7772035830443269f,0.002945783488400265f,-0.4686547415214492f,0.8833765084091282f,3.9449996137638075f,0.22769890142520133f,0.86048949426918f,0.4557532671765801f,-8.193979500521394f,0f,0f,0f,1f], start_interpolation: 0, interpolation_duration: 1 }
$data merge entity $(bone_segment14) { transformation: [-0.9896069424807927f,0.32417077674133526f,0.11944289399503165f,-0.4125114592103248f,-0.05671349555450065f,-0.5099113275698728f,0.9140291108400711f,3.3713493702477004f,0.34078861019843165f,0.8564922320418448f,0.4989582924816183f,-7.230425739474319f,0f,0f,0f,1f], start_interpolation: 0, interpolation_duration: 1 }
$data merge entity $(bone_segment13) { transformation: [-0.9943080723855748f,0.24056723159266957f,0.07464901939013735f,-0.12482048860280365f,-0.0209552939794575f,-0.38193609900864156f,0.9517243843421702f,2.885302822109463f,0.2510098497396162f,0.9210569120206894f,0.3751557436262908f,-6.1313923493116125f,0f,0f,0f,1f], start_interpolation: 0, interpolation_duration: 1 }
$data merge entity $(bone_segment12) { transformation: [-1.0921146842283456f,0.22482559823357803f,0.03482596823364889f,0.14678090523641818f,-0.012824584585894798f,-0.23133154662197233f,1.0912355963582572f,2.6058418933043956f,0.22714516881214222f,1.0679012347160557f,0.22905437426275752f,-4.841310320795572f,0f,0f,0f,1f], start_interpolation: 0, interpolation_duration: 1 }
$data merge entity $(bone_segment11) { transformation: [-1.1859294333786987f,0.10339397691846147f,0.0019762247874189763f,0.2662692588318785f,-0.004686114255872945f,-0.07645592510198083f,1.1879626983753857f,2.517484786968714f,0.1033066322198466f,1.1834639909752778f,0.07657390342413256f,-3.473627521122749f,0f,0f,0f,1f], start_interpolation: 0, interpolation_duration: 1 }
$data merge entity $(bone_segment10) { transformation: [-1.0470758333434975f,-0.048014140014728666f,-0.0014281497959691633f,0.20564504555937635f,3.6365947868784625e-18f,-0.031163572411314913f,1.0477137155634346f,2.493768558266522f,-0.04803537501876815f,1.0466129524033152f,0.031130830917203898f,-2.1521400005548923f,0f,0f,0f,1f], start_interpolation: 0, interpolation_duration: 1 }