# This file was generated by Animated Java via MC-Build. It is not recommended to edit this file directly.
$data merge entity $(bone_neck_spine5) { transformation: [-1.5648324396787745f,0.09572853292950712f,0.11897343934165193f,0.387325006337499f,0.1474446713359744f,1.2659158289563532f,0.920726006176114f,4.140582093722587f,-0.039732860207188f,0.9275302461578028f,-1.2689082464224284f,0.3219987514728395f,0f,0f,0f,1f], start_interpolation: 0, interpolation_duration: 1 }
$data merge entity $(bone_neck_spine2) { transformation: [-1.49031660921788f,0.14458782907339296f,0.015653934240070725f,0.34751496775630575f,0.14042349651045175f,1.472561209188918f,-0.23246291855665685f,5.439851470604118f,-0.03784081924494093f,-0.22989590374763788f,-1.479158621488228f,2.2673302972574074f,0f,0f,0f,1f], start_interpolation: 0, interpolation_duration: 1 }
$data merge entity $(bone_scale_neck_left1) { transformation: [-1.5432584211653355f,0.5526317620250324f,0.16126581144513197f,1.043212033539954f,0.5734940104748939f,1.516022096595876f,0.29297901532386156f,4.4740981806920495f,-0.0501312905217011f,0.3306512045522061f,-1.612827242911179f,2.392291968833984f,0f,0f,0f,1f], start_interpolation: 0, interpolation_duration: 1 }
$data merge entity $(bone_scale_neck_right1) { transformation: [-1.623719243655091f,-0.27584239554312634f,-0.02240248742533485f,-0.5216204061388198f,-0.27508891030092586f,1.5940841924315559f,0.3102849653253535f,4.621542852028024f,-0.030281843590873558f,0.3096153114730207f,-1.6174907881307619f,2.352559108626796f,0f,0f,0f,1f], start_interpolation: 0, interpolation_duration: 1 }
$data merge entity $(bone_blush_right1) { transformation: [-0.9842209490744402f,0.1470423476065875f,-0.09842596920199338f,-0.3381375519385078f,0.09678660188606523f,0.913045875415407f,0.3962064904595349f,4.086909081768491f,0.14812655770778088f,0.38042841297313273f,-0.912870607208046f,3.6593815713073843f,0f,0f,0f,1f], start_interpolation: 0, interpolation_duration: 1 }
$data merge entity $(bone_blush_left1) { transformation: [-0.9842209490744402f,0.1470423476065875f,-0.09842596920199338f,0.9661474362392416f,0.09678660188606523f,0.913045875415407f,0.3962064904595349f,3.9586479306362734f,0.14812655770778088f,0.38042841297313273f,-0.912870607208046f,3.4630849513762723f,0f,0f,0f,1f], start_interpolation: 0, interpolation_duration: 1 }
$data merge entity $(bone_left_head_scales) { transformation: [-0.8275665892846448f,0.1470423476065875f,-0.5417675593002259f,1.0458507986869738f,-0.09709703314496236f,0.913045875415407f,0.3961305284137531f,4.779802089192221f,0.5529065983095393f,0.38042841297313273f,-0.741328885278671f,3.380307962980314f,0f,0f,0f,1f], start_interpolation: 0, interpolation_duration: 1 }
$data merge entity $(bone_left_head_scales2) { transformation: [-0.7497717858071022f,0.1470423476065875f,-0.6451517784351f,0.9303229860788521f,-0.1479717640621796f,0.913045875415407f,0.38006787081683163f,3.8927436663538963f,0.6449392422918266f,0.38042841297313273f,-0.6628179209668276f,3.192296283105417f,0f,0f,0f,1f], start_interpolation: 0, interpolation_duration: 1 }
$data merge entity $(bone_left_head_scales1) { transformation: [-0.9842209490744402f,0.1470423476065875f,-0.09842596920199338f,1.0293372537897496f,0.09678660188606523f,0.913045875415407f,0.3962064904595349f,4.67726275748053f,0.14812655770778088f,0.38042841297313273f,-0.912870607208046f,3.337584068945245f,0f,0f,0f,1f], start_interpolation: 0, interpolation_duration: 1 }
$data merge entity $(bone_right_head_scales) { transformation: [-0.9184626988553141f,0.1470423476065875f,0.3671577574037576f,-0.2805407147141273f,0.2687985619038575f,0.913045875415407f,0.30674837001250926f,4.910237158140238f,-0.290126875573138f,0.38042841297313273f,-0.8781233504883652f,3.5799316442661904f,0f,0f,0f,1f], start_interpolation: 0, interpolation_duration: 1 }
$data merge entity $(bone_right_head_scales2) { transformation: [-0.8626814191256567f,0.1470423476065875f,0.48390011066922356f,-0.39606852732224895f,0.3065376496516899f,0.913045875415407f,0.26903884242415815f,4.023178735301913f,-0.40226289717218655f,0.38042841297313273f,-0.8327417271647807f,3.3919199643912936f,0f,0f,0f,1f], start_interpolation: 0, interpolation_duration: 1 }
$data merge entity $(bone_right_head_scales1) { transformation: [-0.9842209490744402f,0.1470423476065875f,-0.09842596920199338f,-0.29705425961135146f,0.09678660188606523f,0.913045875415407f,0.3962064904595349f,4.807697826428547f,0.14812655770778088f,0.38042841297313273f,-0.912870607208046f,3.5372077502311217f,0f,0f,0f,1f], start_interpolation: 0, interpolation_duration: 1 }
$data merge entity $(bone_head_left_fin1) { transformation: [-0.37205032479146805f,0.2592540560232325f,-0.9450085122808364f,0.9591212753554995f,-0.0507057549862623f,1.0043808162165833f,0.29550516146517086f,4.326112333873239f,0.9786126303389966f,0.1506044769480183f,-0.3439633836462501f,3.100480194890247f,0f,0f,0f,1f], start_interpolation: 0, interpolation_duration: 1 }
$data merge entity $(bone_head_right_fin1) { transformation: [-0.6244352107944416f,-0.007753560508477392f,0.8418406902999619f,-0.36727023804560155f,0.1486984352971966f,1.0306378877675437f,0.11978947225610027f,4.456547402821256f,-0.8286402361009513f,0.19078947723255288f,-0.6128865576247062f,3.3001038761761237f,0f,0f,0f,1f], start_interpolation: 0, interpolation_duration: 1 }
$data merge entity $(bone_right_whisker16) { transformation: [-0.017373056427202327f,-0.20119656608243175f,0.9793968137108755f,-1.1607761951385442f,0.9870327244954312f,-0.15978676585431456f,-0.01531633875784652f,3.3693271450120155f,0.15957624411391522f,0.9664306137816913f,0.20136357927897441f,1.42893406834163f,0f,0f,0f,1f], start_interpolation: 0, interpolation_duration: 1 }
$data merge entity $(bone_right_whisker15) { transformation: [0.31605729198085586f,-0.0688546545198705f,0.94623824945765f,-1.2672603413625632f,0.4042999626364273f,0.9120445207197646f,-0.06867555924226942f,3.2331128021315787f,-0.8582827788077259f,0.40426950018026864f,0.3160962556343938f,1.71810160612353f,0f,0f,0f,1f], start_interpolation: 0, interpolation_duration: 1 }
$data merge entity $(bone_right_whisker14) { transformation: [0.5107226773923854f,-0.19092231482293015f,0.8382786031504131f,-1.4393299934137085f,-0.23920843711579043f,0.9049752563739822f,0.3518509755044971f,3.313705488464535f,-0.8257975965148933f,-0.3802215867799975f,0.4165211573698581f,1.9963244291680982f,0f,0f,0f,1f], start_interpolation: 0, interpolation_duration: 1 }
$data merge entity $(bone_right_whisker13) { transformation: [0.04876323582901032f,-0.26721749567831865f,0.962401660864575f,-1.455759013297506f,0.2363646612601204f,0.9392664788585205f,0.24881766135084749f,3.2340709102079517f,-0.9704400515945705f,0.2153445882675581f,0.10896244566364527f,2.3232793293635345f,0f,0f,0f,1f], start_interpolation: 0, interpolation_duration: 1 }
$data merge entity $(bone_right_whisker12) { transformation: [-0.6168549721407243f,-0.23442428749378638f,0.7513555728004533f,-1.178656193781165f,-0.250424189892772f,0.9634632634113972f,0.09500665857301628f,3.3465661517613454f,-0.7461753603958086f,-0.12955228091273197f,-0.6530226167970702f,2.6584752920413393f,0f,0f,0f,1f], start_interpolation: 0, interpolation_duration: 1 }
$data merge entity $(bone_right_whisker11) { transformation: [-0.9658429975614422f,-0.09535558473245687f,0.24094525627590102f,-0.7447814097203607f,-0.0839473688859718f,0.994827056191397f,0.057201114732860436f,3.3842768838780906f,-0.2451533057469364f,0.035020575807523685f,-0.9688515964539968f,2.768602753607346f,0f,0f,0f,1f], start_interpolation: 0, interpolation_duration: 1 }
$data merge entity $(bone_right_whisker10) { transformation: [-0.6294440836505023f,-0.4946043860081018f,0.5993051367199588f,-0.4620233252679867f,-0.4140009617947421f,0.8661418248477077f,0.2800027551337869f,3.5702538784343223f,-0.6575738355427533f,-0.07186682538578992f,-0.749954538767891f,3.0639972500425667f,0f,0f,0f,1f], start_interpolation: 0, interpolation_duration: 1 }
$data merge entity $(bone_right_whisker1) { transformation: [-0.11445525253568592f,-0.617189688859103f,0.7784451702804742f,-0.41060787979297153f,-0.6600708513589938f,0.6328615205120438f,0.40471319108894555f,3.8667700811932453f,-0.7424328025843182f,-0.4675074157927207f,-0.47982324852554453f,3.397511985578491f,0f,0f,0f,1f], start_interpolation: 0, interpolation_duration: 1 }
$data merge entity $(bone_left_whisker16) { transformation: [-0.2508624840975746f,0.43994601698035785f,-0.8622734579096781f,0.9502104514299099f,-0.9606549010027702f,-0.22283562901604378f,0.16579036045676104f,3.1617363348993486f,-0.11920643964045244f,0.8699378050091531f,0.47853739682923835f,1.111227779304262f,0f,0f,0f,1f], start_interpolation: 0, interpolation_duration: 1 }
$data merge entity $(bone_left_whisker15) { transformation: [0.46949641826617083f,0.356181030052645f,-0.8079035753515849f,1.1083903970371647f,-0.4815499686287809f,0.8702472397039756f,0.10382374247363685f,2.9994953786718783f,0.7400559039348698f,0.34030106614327377f,0.5800969258950559f,1.3605630203760688f,0f,0f,0f,1f], start_interpolation: 0, interpolation_duration: 1 }
$data merge entity $(bone_left_whisker14) { transformation: [0.7651006666872717f,0.24051744771131153f,-0.5973042166108734f,1.3661635708722315f,0.11374615530141835f,0.8625482093034146f,0.493023730444711f,3.0378180579482352f,0.633784491754759f,-0.4451538430407064f,0.6325782750278828f,1.574093928242662f,0f,0f,0f,1f], start_interpolation: 0, interpolation_duration: 1 }
$data merge entity $(bone_left_whisker13) { transformation: [0.2836373316576062f,0.49222258606407476f,-0.8229622043924909f,1.4617249765576554f,-0.2690523635715615f,0.8645844423533594f,0.42438728503230083f,2.9471705331121134f,0.9204133254938833f,0.10104784910588419f,0.37766207440563154f,1.884194120913941f,0f,0f,0f,1f], start_interpolation: 0, interpolation_duration: 1 }
$data merge entity $(bone_left_whisker12) { transformation: [-0.3129493694675273f,0.36552825399343425f,-0.8766138190117634f,1.3211422519921647f,0.34185955583148914f,0.9044649583681414f,0.2550983793966822f,3.10074025545829f,0.8861121465348354f,-0.21984593381872705f,-0.4080110649808383f,2.2822523117401365f,0f,0f,0f,1f], start_interpolation: 0, interpolation_duration: 1 }
$data merge entity $(bone_left_whisker11) { transformation: [-0.8178886115289916f,0.2891290922146637f,-0.4974561158195795f,0.9537313522818753f,0.25935647929251016f,0.9570174917902651f,0.1298142405765415f,3.2172480488904727f,0.5136072777718126f,-0.022844877819655343f,-0.8577212109871323f,2.512974331051693f,0f,0f,0f,1f], start_interpolation: 0, interpolation_duration: 1 }
$data merge entity $(bone_left_whisker10) { transformation: [-0.31942002391448454f,0.6076946068562894f,-0.7271025464955065f,0.8102418884140405f,0.5073106324629317f,0.7577436304360714f,0.4104394141936457f,3.4451414970671803f,0.8003791417275503f,-0.2377642852308623f,-0.5503284239035148f,2.872519648624616f,0f,0f,0f,1f], start_interpolation: 0, interpolation_duration: 1 }
$data merge entity $(bone_left_whisker1) { transformation: [0.23494510234510257f,0.5627992500084519f,-0.792500979856791f,0.9157836336081295f,0.6482220859615669f,0.5168234299150749f,0.5591973440230674f,3.736335012245228f,0.7242989204435445f,-0.6450973155119637f,-0.24339377018233976f,3.1978883042926145f,0f,0f,0f,1f], start_interpolation: 0, interpolation_duration: 1 }
$data merge entity $(bone_upper_left_tooth1) { transformation: [-0.9842209490744402f,0.13790441862918806f,-0.11086701369457871f,0.7060779053020803f,0.09678660188606523f,0.9441031311608087f,0.3151216137108108f,3.781142486753406f,0.14812655770778088f,0.2994188522035689f,-0.9425533798394341f,4.2392752236986775f,0f,0f,0f,1f], start_interpolation: 0, interpolation_duration: 1 }
$data merge entity $(bone_upper_right_tooth1) { transformation: [-0.9842209490744402f,0.13790441862918806f,-0.11086701369457871f,0.042882148601529835f,0.09678660188606523f,0.9441031311608087f,0.3151216137108108f,3.846360021227415f,0.14812655770778088f,0.2994188522035689f,-0.9425533798394341f,4.339087064341616f,0f,0f,0f,1f], start_interpolation: 0, interpolation_duration: 1 }
$data merge entity $(bone_top_lip1) { transformation: [-0.9842209490744402f,0.09166901264571012f,-0.15134700368216378f,0.4191495810883204f,0.09678660188606523f,0.9949446850990701f,-0.02678483317963587f,3.92766374976204f,0.14812655770778088f,-0.0410105561248964f,-0.9881177344770055f,4.322011018784873f,0f,0f,0f,1f], start_interpolation: 0, interpolation_duration: 1 }
$data merge entity $(bone_muzzle1) { transformation: [-0.9842209490744402f,0.13790441862918806f,-0.11086701369457871f,0.3801261234117112f,0.09678660188606523f,0.9441031311608087f,0.3151216137108108f,4.263652732192661f,0.14812655770778088f,0.2994188522035689f,-0.9425533798394341f,3.8431844158526864f,0f,0f,0f,1f], start_interpolation: 0, interpolation_duration: 1 }
$data merge entity $(bone_jaw_right_tooth1) { transformation: [-0.9842209490744402f,0.03437697084661971f,-0.17357231138179535f,0.0492000113852622f,0.09678660188606523f,0.925781226194702f,-0.3654606338865817f,3.8763888067912453f,0.14812655770778088f,-0.37649348613335204f,-0.9145005072720289f,4.3614448970144855f,0f,0f,0f,1f], start_interpolation: 0, interpolation_duration: 1 }
$data merge entity $(bone_jaw_left_tooth1) { transformation: [-0.9842209490744402f,0.03437697084661971f,-0.17357231138179535f,0.7676620811441919f,0.09678660188606523f,0.925781226194702f,-0.3654606338865817f,3.805736477777736f,0.14812655770778088f,-0.37649348613335204f,-0.9145005072720289f,4.253315402984636f,0f,0f,0f,1f], start_interpolation: 0, interpolation_duration: 1 }
$data merge entity $(bone_tongue1) { transformation: [-0.9842209490744402f,0.1045109448955131f,-0.14278160175616217f,0.29285011717119186f,0.09678660188606523f,0.9934930722203981f,0.0600322342198191f,3.8811662190065483f,0.14812655770778088f,0.04526563649306076f,-0.9879319536559799f,3.5132010248164582f,0f,0f,0f,1f], start_interpolation: 0, interpolation_duration: 1 }
$data merge entity $(bone_jaw_lips1) { transformation: [-0.9842209490744402f,0.1045109448955131f,-0.14278160175616217f,0.46289918375815037f,0.09678660188606523f,0.9934930722203981f,0.0600322342198191f,3.693486552711256f,0.14812655770778088f,0.04526563649306076f,-0.9879319536559799f,4.38663242767471f,0f,0f,0f,1f], start_interpolation: 0, interpolation_duration: 1 }
$data merge entity $(bone_jaw3) { transformation: [-0.9842209490744402f,0.0639952229797115f,-0.16496585961581647f,0.30929742362261015f,0.09678660188606523f,0.9751781022330974f,-0.19914824282529547f,3.432426148822176f,0.14812655770778088f,-0.21197235753944815f,-0.9659845974656176f,3.5366098340958407f,0f,0f,0f,1f], start_interpolation: 0, interpolation_duration: 1 }
$data merge entity $(bone_jaw1) { transformation: [-0.9842209490744402f,0.16189993413111103f,-0.07139702186611266f,0.24515166178977452f,0.09678660188606523f,0.8303741219168032f,0.5487359759905f,3.925431127251141f,0.14812655770778088f,0.5331671679494525f,-0.8329413508299388f,2.788264089209567f,0f,0f,0f,1f], start_interpolation: 0, interpolation_duration: 1 }
$data merge entity $(bone_tear_right1) { transformation: [-0.9842209490744402f,0.1470423476065875f,-0.09842596920199338f,-0.2151255037980409f,0.09678660188606523f,0.913045875415407f,0.3962064904595349f,4.400315686733033f,0.14812655770778088f,0.38042841297313273f,-0.912870607208046f,3.8928652304866045f,0f,0f,0f,1f], start_interpolation: 0, interpolation_duration: 1 }
$data merge entity $(bone_right_pupil1) { transformation: [-0.9842209490744402f,0.1470423476065875f,-0.09842596920199338f,-0.009601260884700147f,0.09678660188606523f,0.913045875415407f,0.3962064904595349f,4.458222723589139f,0.14812655770778088f,0.38042841297313273f,-0.912870607208046f,3.969652710540108f,0f,0f,0f,1f], start_interpolation: 0, interpolation_duration: 1 }
$data merge entity $(bone_right_sad_pupil1) { transformation: [-0.9842209490744402f,0.1470423476065875f,-0.09842596920199338f,-0.010706630656011573f,0.09678660188606523f,0.913045875415407f,0.3962064904595349f,4.462672308198791f,0.14812655770778088f,0.38042841297313273f,-0.912870607208046f,3.959400745713064f,0f,0f,0f,1f], start_interpolation: 0, interpolation_duration: 1 }
$data merge entity $(bone_right_happy_pupil1) { transformation: [-0.9842209490744402f,0.1470423476065875f,-0.09842596920199338f,-0.042467766861760015f,0.09678660188606523f,0.913045875415407f,0.3962064904595349f,4.4397551658837955f,0.14812655770778088f,0.38042841297313273f,-0.912870607208046f,3.9528786823812325f,0f,0f,0f,1f], start_interpolation: 0, interpolation_duration: 1 }
$data merge entity $(bone_eyelid_right1) { transformation: [-0.9842209490744402f,0.1470423476065875f,-0.09842596920199338f,0.3513190725837273f,0.09678660188606523f,0.913045875415407f,0.3962064904595349f,4.592033920088754f,0.14812655770778088f,0.38042841297313273f,-0.912870607208046f,3.361394573031155f,0f,0f,0f,1f], start_interpolation: 0, interpolation_duration: 1 }
$data merge entity $(bone_eyelid_expressions_right5) { transformation: [-0.9842209490744402f,0.1470423476065875f,-0.09842596920199338f,-0.12130525208865606f,0.09678660188606523f,0.913045875415407f,0.3962064904595349f,4.577711632568649f,0.14812655770778088f,0.38042841297313273f,-0.912870607208046f,4.021255189305048f,0f,0f,0f,1f], start_interpolation: 0, interpolation_duration: 1 }
$data merge entity $(bone_eyelid_expressions_right7) { transformation: [-0.9842209490744402f,0.1470423476065875f,-0.09842596920199338f,0.21029262626161932f,0.09678660188606523f,0.913045875415407f,0.3962064904595349f,4.545102865331645f,0.14812655770778088f,0.38042841297313273f,-0.912870607208046f,3.9713492689835785f,0f,0f,0f,1f], start_interpolation: 0, interpolation_duration: 1 }
$data merge entity $(bone_eyelid_expressions_right6) { transformation: [-0.9842209490744402f,0.1470423476065875f,-0.09842596920199338f,0.09976000014486086f,0.09678660188606523f,0.913045875415407f,0.3962064904595349f,4.555972454410647f,0.14812655770778088f,0.38042841297313273f,-0.912870607208046f,3.9879845757574017f,0f,0f,0f,1f], start_interpolation: 0, interpolation_duration: 1 }
$data merge entity $(bone_right_eye1) { transformation: [-0.9842209490744402f,0.1470423476065875f,-0.09842596920199338f,0.3413711797433629f,0.09678660188606523f,0.913045875415407f,0.3962064904595349f,4.588671294387002f,0.14812655770778088f,0.38042841297313273f,-0.912870607208046f,3.373310068535581f,0f,0f,0f,1f], start_interpolation: 0, interpolation_duration: 1 }
$data merge entity $(bone_tear_left1) { transformation: [-0.9842209490744402f,0.1470423476065875f,-0.09842596920199338f,0.97862685826295f,0.09678660188606523f,0.913045875415407f,0.3962064904595349f,4.282924124679817f,0.14812655770778088f,0.38042841297313273f,-0.912870607208046f,3.7132039173293157f,0f,0f,0f,1f], start_interpolation: 0, interpolation_duration: 1 }
$data merge entity $(bone_left_sad_pupil1) { transformation: [-0.9842209490744402f,0.1470423476065875f,-0.09842596920199338f,0.8182880652196766f,0.09678660188606523f,0.913045875415407f,0.3962064904595349f,4.3811503901062805f,0.14812655770778088f,0.38042841297313273f,-0.912870607208046f,3.8346359449093916f,0f,0f,0f,1f], start_interpolation: 0, interpolation_duration: 1 }
$data merge entity $(bone_left_pupil1) { transformation: [-0.9842209490744402f,0.1470423476065875f,-0.09842596920199338f,0.8193934349909879f,0.09678660188606523f,0.913045875415407f,0.3962064904595349f,4.376700805496627f,0.14812655770778088f,0.38042841297313273f,-0.912870607208046f,3.844887909736435f,0f,0f,0f,1f], start_interpolation: 0, interpolation_duration: 1 }
$data merge entity $(bone_eyelid_left1) { transformation: [-0.9842209490744402f,0.1470423476065875f,-0.09842596920199338f,0.3292125473603756f,0.09678660188606523f,0.913045875415407f,0.3962064904595349f,4.594207837904555f,0.14812655770778088f,0.38042841297313273f,-0.912870607208046f,3.3647216343859196f,0f,0f,0f,1f], start_interpolation: 0, interpolation_duration: 1 }
$data merge entity $(bone_left_happy_pupil1) { transformation: [-0.9842209490744402f,0.1470423476065875f,-0.09842596920199338f,0.8417932420723073f,0.09678660188606523f,0.913045875415407f,0.3962064904595349f,4.352798453251784f,0.14812655770778088f,0.38042841297313273f,-0.912870607208046f,3.819796228190648f,0f,0f,0f,1f], start_interpolation: 0, interpolation_duration: 1 }
$data merge entity $(bone_eyelid_expressions_left5) { transformation: [-0.9842209490744402f,0.1470423476065875f,-0.09842596920199338f,0.9619144838555764f,0.09678660188606523f,0.913045875415407f,0.3962064904595349f,4.471189659594435f,0.14812655770778088f,0.38042841297313273f,-0.912870607208046f,3.858229182921582f,0f,0f,0f,1f], start_interpolation: 0, interpolation_duration: 1 }
$data merge entity $(bone_eyelid_expressions_left7) { transformation: [-0.9842209490744402f,0.1470423476065875f,-0.09842596920199338f,0.6303166055053011f,0.09678660188606523f,0.913045875415407f,0.3962064904595349f,4.503798426831438f,0.14812655770778088f,0.38042841297313273f,-0.912870607208046f,3.908135103243051f,0f,0f,0f,1f], start_interpolation: 0, interpolation_duration: 1 }
$data merge entity $(bone_eyelid_expressions_left6) { transformation: [-0.9842209490744402f,0.1470423476065875f,-0.09842596920199338f,0.7408492316220596f,0.09678660188606523f,0.913045875415407f,0.3962064904595349f,4.492928837752437f,0.14812655770778088f,0.38042841297313273f,-0.912870607208046f,3.891499796469228f,0f,0f,0f,1f], start_interpolation: 0, interpolation_duration: 1 }
$data merge entity $(bone_left_eye1) { transformation: [-0.9842209490744402f,0.1470423476065875f,-0.09842596920199338f,0.3413711797433629f,0.09678660188606523f,0.913045875415407f,0.3962064904595349f,4.588671294387002f,0.14812655770778088f,0.38042841297313273f,-0.912870607208046f,3.373310068535581f,0f,0f,0f,1f], start_interpolation: 0, interpolation_duration: 1 }
$data merge entity $(bone_crest_middle5) { transformation: [-0.9842209490744402f,0.1222535780702896f,-0.1279186696773378f,0.5920529305088326f,0.09678660188606523f,0.9771578223202184f,0.189195517847958f,5.6649895585764485f,0.14812655770778088f,0.1738293787810915f,-0.9735717076693544f,4.335683362840115f,0f,0f,0f,1f], start_interpolation: 0, interpolation_duration: 1 }
$data merge entity $(bone_crest_middle4) { transformation: [-0.9842209490744402f,0.1222535780702896f,-0.1279186696773378f,0.5096750312231882f,0.09678660188606523f,0.9771578223202184f,0.189195517847958f,5.006553135333332f,0.14812655770778088f,0.1738293787810915f,-0.9735717076693544f,4.218552238466137f,0f,0f,0f,1f], start_interpolation: 0, interpolation_duration: 1 }
$data merge entity $(bone_crest_middle1) { transformation: [-0.9842209490744402f,0.1222535780702896f,-0.1279186696773378f,0.45866605239737374f,0.09678660188606523f,0.9771578223202184f,0.189195517847958f,4.496790092277619f,0.14812655770778088f,0.1738293787810915f,-0.9735717076693544f,4.212706744854473f,0f,0f,0f,1f], start_interpolation: 0, interpolation_duration: 1 }
$data merge entity $(bone_crest_left5) { transformation: [-0.6528357886080767f,-0.7574993263065171f,0.00045139521872200605f,-0.5795936758812688f,-0.7180516776734893f,0.6190281875642252f,0.3181287336774817f,5.1471990197482675f,-0.2412617278035581f,0.20736169763513024f,-0.9480474170900516f,4.345542995272841f,0f,0f,0f,1f], start_interpolation: 0, interpolation_duration: 1 }
$data merge entity $(bone_crest_left4) { transformation: [-0.6528357886080767f,-0.7574993263065171f,0.00045139521872200605f,-0.1542400502696991f,-0.7180516776734893f,0.6190281875642252f,0.3181287336774817f,4.799600183957809f,-0.2412617278035581f,0.20736169763513024f,-0.9480474170900516f,4.229104542010927f,0f,0f,0f,1f], start_interpolation: 0, interpolation_duration: 1 }
$data merge entity $(bone_crest_left1) { transformation: [-0.6528357886080767f,-0.7574993263065171f,0.00045139521872200605f,0.31367428480251563f,-0.7180516776734893f,0.6190281875642252f,0.3181287336774817f,4.435105138598515f,-0.2412617278035581f,0.20736169763513024f,-0.9480474170900516f,4.047787158967082f,0f,0f,0f,1f], start_interpolation: 0, interpolation_duration: 1 }
$data merge entity $(bone_crest_center1) { transformation: [-0.9842209490744402f,0.1470423476065875f,-0.09842596920199338f,0.4200785775383117f,0.09678660188606523f,0.913045875415407f,0.3962064904595349f,4.398601044717452f,0.14812655770778088f,0.38042841297313273f,-0.912870607208046f,4.020471015400952f,0f,0f,0f,1f], start_interpolation: 0, interpolation_duration: 1 }
$data merge entity $(bone_crest_right5) { transformation: [-0.40480727232079516f,0.8884647728440118f,-0.21624388937363317f,1.5945591042705318f,0.8220584842466949f,0.4571668980508791f,0.3394381767046303f,4.933396560280278f,0.40043841068786584f,-0.04035808149275348f,-0.9154344894660676f,4.018330119386036f,0f,0f,0f,1f], start_interpolation: 0, interpolation_duration: 1 }
$data merge entity $(bone_crest_right4) { transformation: [-0.40480727232079516f,0.8884647728440118f,-0.21624388937363317f,1.0956653109255057f,0.8220584842466949f,0.4571668980508791f,0.3394381767046303f,4.676686632175537f,0.40043841068786584f,-0.04035808149275348f,-0.9154344894660676f,4.040992128036752f,0f,0f,0f,1f], start_interpolation: 0, interpolation_duration: 1 }
$data merge entity $(bone_crest_right1) { transformation: [-0.40480727232079516f,0.8884647728440118f,-0.21624388937363317f,0.5347395370360325f,0.8220584842466949f,0.4571668980508791f,0.3394381767046303f,4.413365960440513f,0.40043841068786584f,-0.04035808149275348f,-0.9154344894660676f,4.014516545419435f,0f,0f,0f,1f], start_interpolation: 0, interpolation_duration: 1 }
$data merge entity $(bone_head1) { transformation: [-1.0316378437564115f,0.15412641904075894f,-0.10316784532240186f,0.2723190698726211f,0.10144949807068031f,0.9570337626424509f,0.41529456356761124f,4.7821287820620695f,0.15526286322234836f,0.3987563443273069f,-0.9568500505240581f,2.7880900560306547f,0f,0f,0f,1f], start_interpolation: 0, interpolation_duration: 1 }
$data merge entity $(bone_neck10) { transformation: [-1.49031660921788f,0.14130761172239076f,0.034392511432915315f,0.254431450751856f,0.14042349651045175f,1.4903057435003177f,-0.038266358616571745f,4.307772278497667f,-0.03784081924494093f,-0.034860169869164744f,-1.4965116513544394f,1.732283555401366f,0f,0f,0f,1f], start_interpolation: 0, interpolation_duration: 1 }
$data merge entity $(bone_neck9) { transformation: [-1.140092206051679f,0.04493396550895253f,0.10177843063436152f,0.2060975219503437f,0.10742397483049566f,0.717263539089334f,0.8866686267277066f,3.519573490703134f,-0.028948226722379834f,0.892021357779745f,-0.7180863777658967f,0.7109321783186232f,0f,0f,0f,1f], start_interpolation: 0, interpolation_duration: 1 }
$data merge entity $(bone_neck8) { transformation: [-1.0581247925446948f,0.02552476631005931f,0.1000527216220637f,0.18576735443613263f,0.09970068252242076f,0.520596037138688f,0.9215908405669926f,3.045819941491792f,-0.02686698166390807f,0.9266166358409657f,-0.5205284938175437f,-0.2464398942938354f,0f,0f,0f,1f], start_interpolation: 0, interpolation_duration: 1 }
$data merge entity $(bone_neck7) { transformation: [-1.0505998497279616f,-0.017501035770623688f,0.1017854722076971f,0.20345457143835868f,0.08775169182958853f,0.397377578531644f,0.9740725401710982f,2.644214941911939f,-0.054462915700809245f,0.9778606172053798f,-0.39401651867159604f,-1.2347032840226766f,0f,0f,0f,1f], start_interpolation: 0, interpolation_duration: 1 }
$data merge entity $(bone_neck6) { transformation: [-1.0258834690255823f,-0.1639625609632671f,0.14998632869770842f,0.35624638648199947f,0.1357228067905482f,0.09866000283480965f,1.0361766431315385f,2.569044133277207f,-0.17595152716230011f,1.0320847807505034f,-0.0752235179066501f,-2.18353841540696f,0f,0f,0f,1f], start_interpolation: 0, interpolation_duration: 1 }
$data merge entity $(bone_neck_spine6) { transformation: [-1.2437358196156514f,0.27019724615420776f,0.010001384522947722f,0.5065500991068507f,0.0016268829143767064f,-0.03960085096033005f,1.2721692082313225f,3.2948116801706515f,0.27037738953854173f,1.2431454417286056f,0.0383516160340539f,-5.78644292133412f,0f,0f,0f,1f], start_interpolation: 0, interpolation_duration: 1 }
$data merge entity $(bone_neck_spine7) { transformation: [-0.9503003386961245f,0.30752876522892136f,0.04853168893419656f,-0.3951553320363925f,-0.01646147415387526f,-0.20529650511459527f,0.9785613751096116f,4.110852561286363f,0.3108991575136735f,0.9291283030585755f,0.2001557151639195f,-8.92422010104776f,0f,0f,0f,1f], start_interpolation: 0, interpolation_duration: 1 }
$data merge entity $(bone_tail6) { transformation: [-1.7073536713168973f,0.19391495736456069f,0.11243828475274344f,-0.9082449595135511f,0.14218937794417022f,0.2691792148291307f,1.694882494048171f,4.459058358530227f,0.17328461953586136f,1.6897459800636903f,-0.2829008678283589f,-12.819568863111456f,0f,0f,0f,1f], start_interpolation: 0, interpolation_duration: 1 }
$data merge entity $(bone_tail5) { transformation: [-1.4104225980443934f,0.14162785885289106f,0.11928949552363644f,-0.8187957855011988f,0.11746079047561889f,-0.024141134609305365f,1.4174627005817304f,4.443811326145402f,0.14314816396440722f,1.415252307695118f,0.012241239197817127f,-11.925725300356644f,0f,0f,0f,1f], start_interpolation: 0, interpolation_duration: 1 }
$data merge entity $(bone_tail4) { transformation: [-1.0356520940500142f,0.11619531010711293f,0.11224343198648881f,-0.7689977954552932f,0.10525253546478859f,-0.06719790939495844f,1.040712036432919f,4.415012222118992f,0.12256362385808872f,1.0395471556919544f,0.05472720735351003f,-11.480205090774378f,0f,0f,0f,1f], start_interpolation: 0, interpolation_duration: 1 }
$data merge entity $(bone_segment18) { transformation: [-0.9940672189526076f,-0.019060215585045556f,0.1070844171001533f,-0.7797005532300991f,0.10792372249911782f,-0.05045407892413503f,0.9928780670564993f,4.386681074285615f,-0.013521624375844227f,0.9985444877929922f,0.05221179533850398f,-10.91949895749218f,0f,0f,0f,1f], start_interpolation: 0, interpolation_duration: 1 }
$data merge entity $(bone_segment17) { transformation: [-0.9908801076001312f,0.08773589435627789f,0.10226937568918673f,-0.7156550639417029f,0.0796600190989304f,-0.23072150560214202f,0.9697535089958883f,4.218258881475458f,0.10867793575289322f,0.9690562417600875f,0.22162830727663188f,-10.212106827887037f,0f,0f,0f,1f], start_interpolation: 0, interpolation_duration: 1 }
$data merge entity $(bone_segment16) { transformation: [-0.9744380760925686f,0.19255637770524703f,0.11572587120453f,-0.5318427014349849f,0.029869622037028747f,-0.3995043151510099f,0.9162445677083642f,3.8368961196980043f,0.22266171997085232f,0.8962802818207913f,0.38354063002355426f,-9.356526773707522f,0f,0f,0f,1f], start_interpolation: 0, interpolation_duration: 1 }
$data merge entity $(bone_segment15) { transformation: [-0.9503003386961245f,0.28448905127424146f,0.12647231309307455f,-0.19637343442947075f,-0.01646147415387526f,-0.4515715170171526f,0.8920830594106741f,3.3044033396216257f,0.3108991575136735f,0.8456649127898767f,0.43381167473153437f,-8.359319369221412f,0f,0f,0f,1f], start_interpolation: 0, interpolation_duration: 1 }
$data merge entity $(bone_segment14) { transformation: [-0.9903148203216334f,0.3252278223784213f,0.1103567769894194f,0.16950786574625315f,-0.024613152791827676f,-0.40314967136275737f,0.9672330294271999f,2.8508599593385235f,0.3425579474864779f,0.9112477182721848f,0.38853165454408045f,-7.334165686165203f,0f,0f,0f,1f], start_interpolation: 0, interpolation_duration: 1 }
$data merge entity $(bone_segment13) { transformation: [-1.0023047487490837f,0.21303952958962255f,0.0457488938713931f,0.42483608637557363f,0.0013110762309976986f,-0.2094561487944716f,1.0041015957733022f,2.5711110736570557f,0.21789236686341304f,0.9812420151968668f,0.20440312105797043f,-6.157972761969105f,0f,0f,0f,1f], start_interpolation: 0, interpolation_duration: 1 }
$data merge entity $(bone_segment12) { transformation: [-1.1098322377568146f,0.1123241555719426f,0.011382851243305256f,0.5605296971336251f,0.006718125694557948f,-0.04657021216856669f,1.1145671641123305f,2.514851756943351f,0.11269938781789944f,1.1089131528687453f,0.04565466648488379f,-4.818346134342432f,0f,0f,0f,1f], start_interpolation: 0, interpolation_duration: 1 }
$data merge entity $(bone_segment11) { transformation: [-1.18957254555605f,-0.04512994818261069f,0.0018131513122152249f,0.5083747905626048f,-0.00020061380103907124f,0.05306737927588268f,1.189246254521005f,2.5761796405230846f,-0.04516591075965308f,1.1883896591249739f,-0.05303677470799459f,-3.4449709336699943f,0f,0f,0f,1f], start_interpolation: 0, interpolation_duration: 1 }
$data merge entity $(bone_segment10) { transformation: [-1.0406367394963902f,-0.1255002305825692f,-0.00025799073090099407f,0.34996592188309067f,0f,-0.0021547322997380767f,1.048174868594878f,2.5890849278902177f,-0.1255004957579661f,1.0406345406902522f,0.0021392316532585494f,-2.1314614720988203f,0f,0f,0f,1f], start_interpolation: 0, interpolation_duration: 1 }