# This file was generated by Animated Java via MC-Build. It is not recommended to edit this file directly.
$data merge entity $(bone_neck_spine5) { transformation: [-1.3607238605902385f,0.08324220254739748f,0.10345516464491471f,0.3398019018303785f,0.12821275768345597f,1.1007963730055244f,0.8006313097183598f,3.604364118646165f,-0.03455031322364173f,0.8065480401372197f,-1.1033984751499377f,0.2713971387460675f,0f,0f,0f,1f], start_interpolation: 0, interpolation_duration: 1 }
$data merge entity $(bone_neck_spine2) { transformation: [-1.2959274862764174f,0.1257285470203417f,0.013612116730496284f,0.30654195838751536f,0.12210738826995805f,1.2804880079903633f,-0.20214166831013639f,4.761257530972286f,-0.03290506021299212f,-0.1999094815196851f,-1.286224888250633f,2.0100699171671073f,0f,0f,0f,1f], start_interpolation: 0, interpolation_duration: 1 }
$data merge entity $(bone_scale_neck_left1) { transformation: [-1.3419638444915962f,0.4805493582826369f,0.1402311403870713f,0.9114959286341662f,0.4986904438912121f,1.3182800839964142f,0.254764361151184f,3.92147206148353f,-0.04359242654060966f,0.28752278656713576f,-1.4024584720966775f,2.1187322402771738f,0f,0f,0f,1f], start_interpolation: 0, interpolation_duration: 1 }
$data merge entity $(bone_scale_neck_right1) { transformation: [-1.4119297770913835f,-0.23986295264619686f,-0.019480423848117264f,-0.44922793195607214f,-0.23920774808776166f,1.3861601673317878f,0.26981301332639435f,4.049684819166986f,-0.026332037905107446f,0.2692307056287137f,-1.4065137288093583f,2.084181927053532f,0f,0f,0f,1f], start_interpolation: 0, interpolation_duration: 1 }
$data merge entity $(bone_blush_right1) { transformation: [-0.9842209490744402f,0.1470423476065875f,-0.09842596920199338f,-0.2896776239558009f,0.09678660188606523f,0.913045875415407f,0.3962064904595349f,3.584785888506522f,0.14812655770778088f,0.38042841297313273f,-0.912870607208046f,3.220549285906218f,0f,0f,0f,1f], start_interpolation: 0, interpolation_duration: 1 }
$data merge entity $(bone_blush_left1) { transformation: [-0.9842209490744402f,0.1470423476065875f,-0.09842596920199338f,0.8444832353291986f,0.09678660188606523f,0.913045875415407f,0.3962064904595349f,3.4732544527393765f,0.14812655770778088f,0.38042841297313273f,-0.912870607208046f,3.0498565729226423f,0f,0f,0f,1f], start_interpolation: 0, interpolation_duration: 1 }
$data merge entity $(bone_left_head_scales) { transformation: [-0.8275665892846448f,0.1470423476065875f,-0.5417675593002259f,0.9137905070228788f,-0.09709703314496236f,0.913045875415407f,0.3961305284137531f,4.187301547135853f,0.5529065983095393f,0.38042841297313273f,-0.741328885278671f,2.977876583013113f,0f,0f,0f,1f], start_interpolation: 0, interpolation_duration: 1 }
$data merge entity $(bone_left_head_scales2) { transformation: [-0.7497717858071022f,0.1470423476065875f,-0.6451517784351f,0.8133315395375555f,-0.1479717640621796f,0.913045875415407f,0.38006787081683163f,3.4159463968416572f,0.6449392422918266f,0.38042841297313273f,-0.6628179209668276f,2.8143881657305942f,0f,0f,0f,1f], start_interpolation: 0, interpolation_duration: 1 }
$data merge entity $(bone_left_head_scales1) { transformation: [-0.9842209490744402f,0.1470423476065875f,-0.09842596920199338f,0.899430902764423f,0.09678660188606523f,0.913045875415407f,0.3962064904595349f,4.098136910864817f,0.14812655770778088f,0.38042841297313273f,-0.912870607208046f,2.9407253708087056f,0f,0f,0f,1f], start_interpolation: 0, interpolation_duration: 1 }
$data merge entity $(bone_right_head_scales) { transformation: [-0.9184626988553141f,0.1470423476065875f,0.3671577574037576f,-0.2395934176737308f,0.2687985619038575f,0.913045875415407f,0.30674837001250926f,4.300723346221085f,-0.290126875573138f,0.38042841297313273f,-0.8781233504883652f,3.151462392826919f,0f,0f,0f,1f], start_interpolation: 0, interpolation_duration: 1 }
$data merge entity $(bone_right_head_scales2) { transformation: [-0.8626814191256567f,0.1470423476065875f,0.48390011066922356f,-0.340052385159054f,0.3065376496516899f,0.913045875415407f,0.26903884242415815f,3.5293681959268897f,-0.40226289717218655f,0.38042841297313273f,-0.8327417271647807f,2.9879739755444f,0f,0f,0f,1f], start_interpolation: 0, interpolation_duration: 1 }
$data merge entity $(bone_right_head_scales1) { transformation: [-0.9842209490744402f,0.1470423476065875f,-0.09842596920199338f,-0.2539530219321866f,0.09678660188606523f,0.913045875415407f,0.3962064904595349f,4.211558709950049f,0.14812655770778088f,0.38042841297313273f,-0.912870607208046f,3.1143111806225114f,0f,0f,0f,1f], start_interpolation: 0, interpolation_duration: 1 }
$data merge entity $(bone_head_left_fin1) { transformation: [-0.35494987508055587f,0.24733803108800317f,-0.9015733384244502f,0.8383735302129012f,-0.04837517991235957f,0.9582167290115975f,0.281922936652486f,3.792788716423694f,0.933632919379316f,0.14368228359761248f,-0.32815388650971444f,2.734548089021751f,0f,0f,0f,1f], start_interpolation: 0, interpolation_duration: 1 }
$data merge entity $(bone_head_right_fin1) { transformation: [-0.5957344619753183f,-0.0073971856776529656f,0.8031473914911438f,-0.3150103944837084f,0.1418638488301205f,0.9832669537956193f,0.11428362073625468f,3.906210515508927f,-0.7905536662428951f,0.18202027144670885f,-0.5847166164668005f,2.908133898835557f,0f,0f,0f,1f], start_interpolation: 0, interpolation_duration: 1 }
$data merge entity $(bone_right_whisker16) { transformation: [-0.017373056427202327f,-0.20119656608243175f,0.9793968137108755f,-1.0050155745645284f,0.9870327244954312f,-0.15978676585431456f,-0.01531633875784652f,2.9608015956748046f,0.15957624411391522f,0.9664306137816913f,0.20136357927897441f,1.28102971810991f,0f,0f,0f,1f], start_interpolation: 0, interpolation_duration: 1 }
$data merge entity $(bone_right_whisker15) { transformation: [0.31605729198085586f,-0.0688546545198705f,0.94623824945765f,-1.0976104843245447f,0.4042999626364273f,0.9120445207197646f,-0.06867555924226942f,2.842354340996164f,-0.8582827788077259f,0.40426950018026864f,0.3160962556343938f,1.532479750963736f,0f,0f,0f,1f], start_interpolation: 0, interpolation_duration: 1 }
$data merge entity $(bone_right_whisker14) { transformation: [0.5107226773923854f,-0.19092231482293015f,0.8382786031504131f,-1.247236268716845f,-0.23920843711579043f,0.9049752563739822f,0.3518509755044971f,2.9124349378074306f,-0.8257975965148933f,-0.3802215867799975f,0.4165211573698581f,1.7744126405677085f,0f,0f,0f,1f], start_interpolation: 0, interpolation_duration: 1 }
$data merge entity $(bone_right_whisker13) { transformation: [0.04876323582901032f,-0.26721749567831865f,0.962401660864575f,-1.2615223729636253f,0.2363646612601204f,0.9392664788585205f,0.24881766135084749f,2.8431874784538795f,-0.9704400515945705f,0.2153445882675581f,0.10896244566364527f,2.0587212494333054f,0f,0f,0f,1f], start_interpolation: 0, interpolation_duration: 1 }
$data merge entity $(bone_right_whisker12) { transformation: [-0.6168549721407243f,-0.23442428749378638f,0.7513555728004533f,-1.020563399471155f,-0.250424189892772f,0.9634632634113972f,0.09500665857301628f,2.9410094276307435f,-0.7461753603958086f,-0.12955228091273197f,-0.6530226167970702f,2.350195999587918f,0f,0f,0f,1f], start_interpolation: 0, interpolation_duration: 1 }
$data merge entity $(bone_right_whisker11) { transformation: [-0.9658429975614422f,-0.09535558473245687f,0.24094525627590102f,-0.6432809785487165f,-0.0839473688859718f,0.994827056191397f,0.057201114732860436f,2.9738013686018263f,-0.2451533057469364f,0.035020575807523685f,-0.9688515964539968f,2.445959009645315f,0f,0f,0f,1f], start_interpolation: 0, interpolation_duration: 1 }
$data merge entity $(bone_right_whisker10) { transformation: [-0.6294440836505023f,-0.4946043860081018f,0.5993051367199588f,-0.39740438337273903f,-0.4140009617947421f,0.8661418248477077f,0.2800027551337869f,3.1355204943028974f,-0.6575738355427533f,-0.07186682538578992f,-0.749954538767891f,2.702823789154203f,0f,0f,0f,1f], start_interpolation: 0, interpolation_duration: 1 }
$data merge entity $(bone_right_whisker1) { transformation: [-0.11445525253568592f,-0.617189688859103f,0.7784451702804742f,-0.35269530035098673f,-0.6600708513589938f,0.6328615205120438f,0.40471319108894555f,3.3933606706150043f,-0.7424328025843182f,-0.4675074157927207f,-0.47982324852554453f,2.992836602663702f,0f,0f,0f,1f], start_interpolation: 0, interpolation_duration: 1 }
$data merge entity $(bone_left_whisker16) { transformation: [-0.2508624840975746f,0.43994601698035785f,-0.8622734579096781f,0.8306249876689096f,-0.9606549010027702f,-0.22283562901604378f,0.16579036045676104f,2.7802878477507464f,-0.11920643964045244f,0.8699378050091531f,0.47853739682923835f,1.0047633798165458f,0f,0f,0f,1f], start_interpolation: 0, interpolation_duration: 1 }
$data merge entity $(bone_left_whisker15) { transformation: [0.46949641826617083f,0.356181030052645f,-0.8079035753515849f,0.9681727664578268f,-0.4815499686287809f,0.8702472397039756f,0.10382374247363685f,2.639208755379033f,0.7400559039348698f,0.34030106614327377f,0.5800969258950559f,1.2215766329224647f,0f,0f,0f,1f], start_interpolation: 0, interpolation_duration: 1 }
$data merge entity $(bone_left_whisker14) { transformation: [0.7651006666872717f,0.24051744771131153f,-0.5973042166108734f,1.1923233524013634f,0.11374615530141835f,0.8625482093034146f,0.493023730444711f,2.6725328243149957f,0.633784491754759f,-0.4451538430407064f,0.6325782750278828f,1.4072556832412417f,0f,0f,0f,1f], start_interpolation: 0, interpolation_duration: 1 }
$data merge entity $(bone_left_whisker13) { transformation: [0.2836373316576062f,0.49222258606407476f,-0.8229622043924909f,1.2754202269104278f,-0.2690523635715615f,0.8645844423533594f,0.42438728503230083f,2.5937088896748897f,0.9204133254938833f,0.10104784910588419f,0.37766207440563154f,1.6769080246945278f,0f,0f,0f,1f], start_interpolation: 0, interpolation_duration: 1 }
$data merge entity $(bone_left_whisker12) { transformation: [-0.3129493694675273f,0.36552825399343425f,-0.8766138190117634f,1.153174379462175f,0.34185955583148914f,0.9044649583681414f,0.2550983793966822f,2.727247778671565f,0.8861121465348354f,-0.21984593381872705f,-0.4080110649808383f,2.023045581934698f,0f,0f,0f,1f], start_interpolation: 0, interpolation_duration: 1 }
$data merge entity $(bone_left_whisker11) { transformation: [-0.8178886115289916f,0.2891290922146637f,-0.4974561158195795f,0.8336866405836627f,0.25935647929251016f,0.9570174917902651f,0.1298142405765415f,2.828558903395202f,0.5136072777718126f,-0.022844877819655343f,-0.8577212109871323f,2.2236734248143124f,0f,0f,0f,1f], start_interpolation: 0, interpolation_duration: 1 }
$data merge entity $(bone_left_whisker10) { transformation: [-0.31942002391448454f,0.6076946068562894f,-0.7271025464955065f,0.7089131937420672f,0.5073106324629317f,0.7577436304360714f,0.4104394141936457f,3.0267271192010345f,0.8003791417275503f,-0.2377642852308623f,-0.5503284239035148f,2.5363215270516366f,0f,0f,0f,1f], start_interpolation: 0, interpolation_duration: 1 }
$data merge entity $(bone_left_whisker1) { transformation: [0.23494510234510257f,0.5627992500084519f,-0.792500979856791f,0.8006886243456228f,0.6482220859615669f,0.5168234299150749f,0.5591973440230674f,3.2799388715297715f,0.7242989204435445f,-0.6450973155119637f,-0.24339377018233976f,2.819250792849896f,0f,0f,0f,1f], start_interpolation: 0, interpolation_duration: 1 }
$data merge entity $(bone_upper_left_tooth1) { transformation: [-0.9842209490744402f,0.13790441862918806f,-0.11086701369457871f,0.6183358171229714f,0.09678660188606523f,0.9441031311608087f,0.3151216137108108f,3.3189018928412315f,0.14812655770778088f,0.2994188522035689f,-0.9425533798394341f,3.72480463581169f,0f,0f,0f,1f], start_interpolation: 0, interpolation_duration: 1 }
$data merge entity $(bone_upper_right_tooth1) { transformation: [-0.9842209490744402f,0.13790441862918806f,-0.11086701369457871f,0.04164385477466648f,0.09678660188606523f,0.9441031311608087f,0.3151216137108108f,3.3756127923838477f,0.14812655770778088f,0.2994188522035689f,-0.9425533798394341f,3.811597540718593f,0f,0f,0f,1f], start_interpolation: 0, interpolation_duration: 1 }
$data merge entity $(bone_top_lip1) { transformation: [-0.9842209490744402f,0.09166901264571012f,-0.15134700368216378f,0.3688329265023105f,0.09678660188606523f,0.9949446850990701f,-0.02678483317963587f,3.4463116867617827f,0.14812655770778088f,-0.0410105561248964f,-0.9881177344770055f,3.79674880545186f,0f,0f,0f,1f], start_interpolation: 0, interpolation_duration: 1 }
$data merge entity $(bone_muzzle1) { transformation: [-0.9842209490744402f,0.13790441862918806f,-0.11086701369457871f,0.3348994850443895f,0.09678660188606523f,0.9441031311608087f,0.3151216137108108f,3.7384760193101485f,0.14812655770778088f,0.2994188522035689f,-0.9425533798394341f,3.3803778463803935f,0f,0f,0f,1f], start_interpolation: 0, interpolation_duration: 1 }
$data merge entity $(bone_jaw_right_tooth1) { transformation: [-0.9842209490744402f,0.03437697084661971f,-0.17357231138179535f,0.0471376484996513f,0.09678660188606523f,0.925781226194702f,-0.3654606338865817f,3.4017247798306567f,0.14812655770778088f,-0.37649348613335204f,-0.9145005072720289f,3.8310391343471757f,0f,0f,0f,1f], start_interpolation: 0, interpolation_duration: 1 }
$data merge entity $(bone_jaw_left_tooth1) { transformation: [-0.9842209490744402f,0.03437697084661971f,-0.17357231138179535f,0.6718872743769815f,0.09678660188606523f,0.925781226194702f,-0.3654606338865817f,3.3402879719928222f,0.14812655770778088f,-0.37649348613335204f,-0.9145005072720289f,3.7370134873646976f,0f,0f,0f,1f], start_interpolation: 0, interpolation_duration: 1 }
$data merge entity $(bone_tongue1) { transformation: [-0.9842209490744402f,0.1045109448955131f,-0.14278160175616217f,0.2590073057048075f,0.09678660188606523f,0.9934930722203981f,0.0600322342198191f,3.4058790513222243f,0.14812655770778088f,0.04526563649306076f,-0.9879319536559799f,3.0934357672184563f,0f,0f,0f,1f], start_interpolation: 0, interpolation_duration: 1 }
$data merge entity $(bone_jaw_lips1) { transformation: [-0.9842209490744402f,0.1045109448955131f,-0.14278160175616217f,0.40687605925868453f,0.09678660188606523f,0.9934930722203981f,0.0600322342198191f,3.242679341500231f,0.14812655770778088f,0.04526563649306076f,-0.9879319536559799f,3.8529413349212844f,0f,0f,0f,1f], start_interpolation: 0, interpolation_duration: 1 }
$data merge entity $(bone_jaw3) { transformation: [-0.9842209490744402f,0.0639952229797115f,-0.16496585961581647f,0.2733093113147364f,0.09678660188606523f,0.9751781022330974f,-0.19914824282529547f,3.0156702946401612f,0.14812655770778088f,-0.21197235753944815f,-0.9659845974656176f,3.113791253548354f,0f,0f,0f,1f], start_interpolation: 0, interpolation_duration: 1 }
$data merge entity $(bone_jaw1) { transformation: [-0.9842209490744402f,0.16189993413111103f,-0.07139702186611266f,0.21753038798183588f,0.09678660188606523f,0.8303741219168032f,0.5487359759905f,3.4443702758827395f,0.14812655770778088f,0.5331671679494525f,-0.8329413508299388f,2.463055823212464f,0f,0f,0f,1f], start_interpolation: 0, interpolation_duration: 1 }
$data merge entity $(bone_tear_right1) { transformation: [-0.9842209490744402f,0.1470423476065875f,-0.09842596920199338f,-0.1827106255727861f,0.09678660188606523f,0.913045875415407f,0.3962064904595349f,3.857313371084384f,0.14812655770778088f,0.38042841297313273f,-0.912870607208046f,3.4235785547577136f,0f,0f,0f,1f], start_interpolation: 0, interpolation_duration: 1 }
$data merge entity $(bone_right_pupil1) { transformation: [-0.9842209490744402f,0.1470423476065875f,-0.09842596920199338f,-0.003993892604663818f,0.09678660188606523f,0.913045875415407f,0.3962064904595349f,3.90766731617665f,0.14812655770778088f,0.38042841297313273f,-0.912870607208046f,3.4903502765433685f,0f,0f,0f,1f], start_interpolation: 0, interpolation_duration: 1 }
$data merge entity $(bone_right_sad_pupil1) { transformation: [-0.9842209490744402f,0.1470423476065875f,-0.09842596920199338f,-0.004955083710152075f,0.09678660188606523f,0.913045875415407f,0.3962064904595349f,3.9115365201850443f,0.14812655770778088f,0.38042841297313273f,-0.912870607208046f,3.4814355245198523f,0f,0f,0f,1f], start_interpolation: 0, interpolation_duration: 1 }
$data merge entity $(bone_right_happy_pupil1) { transformation: [-0.9842209490744402f,0.1470423476065875f,-0.09842596920199338f,-0.03257346301949848f,0.09678660188606523f,0.913045875415407f,0.3962064904595349f,3.8916085703459173f,0.14812655770778088f,0.38042841297313273f,-0.912870607208046f,3.475764165100868f,0f,0f,0f,1f], start_interpolation: 0, interpolation_duration: 1 }
$data merge entity $(bone_eyelid_right1) { transformation: [-0.9842209490744402f,0.1470423476065875f,-0.09842596920199338f,0.3098498756287514f,0.09678660188606523f,0.913045875415407f,0.3962064904595349f,4.024024878350229f,0.14812655770778088f,0.38042841297313273f,-0.912870607208046f,2.9614301569703665f,0f,0f,0f,1f], start_interpolation: 0, interpolation_duration: 1 }
$data merge entity $(bone_eyelid_expressions_right5) { transformation: [-0.9842209490744402f,0.1470423476065875f,-0.09842596920199338f,-0.10112779799940813f,0.09678660188606523f,0.913045875415407f,0.3962064904595349f,4.011570715289268f,0.14812655770778088f,0.38042841297313273f,-0.912870607208046f,3.5352219972085335f,0f,0f,0f,1f], start_interpolation: 0, interpolation_duration: 1 }
$data merge entity $(bone_eyelid_expressions_right7) { transformation: [-0.9842209490744402f,0.1470423476065875f,-0.09842596920199338f,0.1872181831747443f,0.09678660188606523f,0.913045875415407f,0.3962064904595349f,3.9832152655179596f,0.14812655770778088f,0.38042841297313273f,-0.912870607208046f,3.491825544755082f,0f,0f,0f,1f], start_interpolation: 0, interpolation_duration: 1 }
$data merge entity $(bone_eyelid_expressions_right6) { transformation: [-0.9842209490744402f,0.1470423476065875f,-0.09842596920199338f,0.0911028561166935f,0.09678660188606523f,0.913045875415407f,0.3962064904595349f,3.9926670821083956f,0.14812655770778088f,0.38042841297313273f,-0.912870607208046f,3.5062910289062326f,0f,0f,0f,1f], start_interpolation: 0, interpolation_duration: 1 }
$data merge entity $(bone_right_eye1) { transformation: [-0.9842209490744402f,0.1470423476065875f,-0.09842596920199338f,0.3011995340284345f,0.09678660188606523f,0.913045875415407f,0.3962064904595349f,4.021100856000879f,0.14812655770778088f,0.38042841297313273f,-0.912870607208046f,2.9717914574089974f,0f,0f,0f,1f], start_interpolation: 0, interpolation_duration: 1 }
$data merge entity $(bone_tear_left1) { transformation: [-0.9842209490744402f,0.1470423476065875f,-0.09842596920199338f,0.8553349066541625f,0.09678660188606523f,0.913045875415407f,0.3962064904595349f,3.755233751907675f,0.14812655770778088f,0.38042841297313273f,-0.912870607208046f,3.267351325925288f,0f,0f,0f,1f], start_interpolation: 0, interpolation_duration: 1 }
$data merge entity $(bone_left_sad_pupil1) { transformation: [-0.9842209490744402f,0.1470423476065875f,-0.09842596920199338f,0.715909869225229f,0.09678660188606523f,0.913045875415407f,0.3962064904595349f,3.840647895756774f,0.14812655770778088f,0.38042841297313273f,-0.912870607208046f,3.372944393386224f,0f,0f,0f,1f], start_interpolation: 0, interpolation_duration: 1 }
$data merge entity $(bone_left_pupil1) { transformation: [-0.9842209490744402f,0.1470423476065875f,-0.09842596920199338f,0.7168710603307171f,0.09678660188606523f,0.913045875415407f,0.3962064904595349f,3.8367786917483797f,0.14812655770778088f,0.38042841297313273f,-0.912870607208046f,3.3818591454097398f,0f,0f,0f,1f], start_interpolation: 0, interpolation_duration: 1 }
$data merge entity $(bone_eyelid_left1) { transformation: [-0.9842209490744402f,0.1470423476065875f,-0.09842596920199338f,0.2906268102171412f,0.09678660188606523f,0.913045875415407f,0.3962064904595349f,4.025915241668316f,0.14812655770778088f,0.38042841297313273f,-0.912870607208046f,2.9643232538005964f,0f,0f,0f,1f], start_interpolation: 0, interpolation_duration: 1 }
$data merge entity $(bone_left_happy_pupil1) { transformation: [-0.9842209490744402f,0.1470423476065875f,-0.09842596920199338f,0.7363491534449079f,0.09678660188606523f,0.913045875415407f,0.3962064904595349f,3.8159940376224286f,0.14812655770778088f,0.38042841297313273f,-0.912870607208046f,3.3600402918916643f,0f,0f,0f,1f], start_interpolation: 0, interpolation_duration: 1 }
$data merge entity $(bone_eyelid_expressions_left5) { transformation: [-0.9842209490744402f,0.1470423476065875f,-0.09842596920199338f,0.8408024071694898f,0.09678660188606523f,0.913045875415407f,0.3962064904595349f,3.9189429127029953f,0.14812655770778088f,0.38042841297313273f,-0.912870607208046f,3.393460252527259f,0f,0f,0f,1f], start_interpolation: 0, interpolation_duration: 1 }
$data merge entity $(bone_eyelid_expressions_left7) { transformation: [-0.9842209490744402f,0.1470423476065875f,-0.09842596920199338f,0.5524564259953374f,0.09678660188606523f,0.913045875415407f,0.3962064904595349f,3.9472983624743034f,0.14812655770778088f,0.38042841297313273f,-0.912870607208046f,3.4368567049807104f,0f,0f,0f,1f], start_interpolation: 0, interpolation_duration: 1 }
$data merge entity $(bone_eyelid_expressions_left6) { transformation: [-0.9842209490744402f,0.1470423476065875f,-0.09842596920199338f,0.6485717530533882f,0.09678660188606523f,0.913045875415407f,0.3962064904595349f,3.9378465458838674f,0.14812655770778088f,0.38042841297313273f,-0.912870607208046f,3.4223912208295597f,0f,0f,0f,1f], start_interpolation: 0, interpolation_duration: 1 }
$data merge entity $(bone_left_eye1) { transformation: [-0.9842209490744402f,0.1470423476065875f,-0.09842596920199338f,0.3011995340284345f,0.09678660188606523f,0.913045875415407f,0.3962064904595349f,4.021100856000879f,0.14812655770778088f,0.38042841297313273f,-0.912870607208046f,2.9717914574089974f,0f,0f,0f,1f], start_interpolation: 0, interpolation_duration: 1 }
$data merge entity $(bone_crest_middle5) { transformation: [-0.9842209490744402f,0.1222535780702896f,-0.1279186696773378f,0.519183665128843f,0.09678660188606523f,0.9771578223202184f,0.189195517847958f,4.9570297813830075f,0.14812655770778088f,0.1738293787810915f,-0.9735717076693544f,3.808637800282506f,0f,0f,0f,1f], start_interpolation: 0, interpolation_duration: 1 }
$data merge entity $(bone_crest_middle4) { transformation: [-0.9842209490744402f,0.1222535780702896f,-0.1279186696773378f,0.4475507092282826f,0.09678660188606523f,0.9771578223202184f,0.189195517847958f,4.384476369867254f,0.14812655770778088f,0.1738293787810915f,-0.9735717076693544f,3.70678464865296f,0f,0f,0f,1f], start_interpolation: 0, interpolation_duration: 1 }
$data merge entity $(bone_crest_middle1) { transformation: [-0.9842209490744402f,0.1222535780702896f,-0.1279186696773378f,0.4031950754667048f,0.09678660188606523f,0.9771578223202184f,0.189195517847958f,3.94120415851446f,0.14812655770778088f,0.1738293787810915f,-0.9735717076693544f,3.7017016107297733f,0f,0f,0f,1f], start_interpolation: 0, interpolation_duration: 1 }
$data merge entity $(bone_crest_left5) { transformation: [-0.6528357886080767f,-0.7574993263065171f,0.00045139521872200605f,-0.4996394708625502f,-0.7180516776734893f,0.6190281875642252f,0.3181287336774817f,4.506777138923719f,-0.2412617278035581f,0.20736169763513024f,-0.9480474170900516f,3.817211393702267f,0f,0f,0f,1f], start_interpolation: 0, interpolation_duration: 1 }
$data merge entity $(bone_crest_left4) { transformation: [-0.6528357886080767f,-0.7574993263065171f,0.00045139521872200605f,-0.12976675293944612f,-0.7180516776734893f,0.6190281875642252f,0.3181287336774817f,4.204517281714625f,-0.2412617278035581f,0.20736169763513024f,-0.9480474170900516f,3.7159605647788636f,0f,0f,0f,1f], start_interpolation: 0, interpolation_duration: 1 }
$data merge entity $(bone_crest_left1) { transformation: [-0.6528357886080767f,-0.7574993263065171f,0.00045139521872200605f,0.2771152775581325f,-0.7180516776734893f,0.6190281875642252f,0.3181287336774817f,3.887565068358717f,-0.2412617278035581f,0.20736169763513024f,-0.9480474170900516f,3.5582932751755196f,0f,0f,0f,1f], start_interpolation: 0, interpolation_duration: 1 }
$data merge entity $(bone_crest_center1) { transformation: [-0.9842209490744402f,0.1470423476065875f,-0.09842596920199338f,0.36964074950230297f,0.09678660188606523f,0.913045875415407f,0.3962064904595349f,3.855822378027358f,0.14812655770778088f,0.38042841297313273f,-0.912870607208046f,3.5345401068571465f,0f,0f,0f,1f], start_interpolation: 0, interpolation_duration: 1 }
$data merge entity $(bone_crest_right5) { transformation: [-0.40480727232079516f,0.8884647728440118f,-0.21624388937363317f,1.3909281640520603f,0.8220584842466949f,0.4571668980508791f,0.3394381767046303f,4.320861956777641f,0.40043841068786584f,-0.04035808149275348f,-0.9154344894660676f,3.532678458148524f,0f,0f,0f,1f], start_interpolation: 0, interpolation_duration: 1 }
$data merge entity $(bone_crest_right4) { transformation: [-0.40480727232079516f,0.8884647728440118f,-0.21624388937363317f,0.9571074741868202f,0.8220584842466949f,0.4571668980508791f,0.3394381767046303f,4.0976359323387355f,0.40043841068786584f,-0.04035808149275348f,-0.9154344894660676f,3.552384552627408f,0f,0f,0f,1f], start_interpolation: 0, interpolation_duration: 1 }
$data merge entity $(bone_crest_right1) { transformation: [-0.40480727232079516f,0.8884647728440118f,-0.21624388937363317f,0.4693459316742341f,0.8220584842466949f,0.4571668980508791f,0.3394381767046303f,3.868661435177845f,0.40043841068786584f,-0.04035808149275348f,-0.9154344894660676f,3.529362306873219f,0f,0f,0f,1f], start_interpolation: 0, interpolation_duration: 1 }
$data merge entity $(bone_head1) { transformation: [-0.9842209490744402f,0.1470423476065875f,-0.09842596920199338f,0.24115422109735468f,0.09678660188606523f,0.913045875415407f,0.3962064904595349f,4.189324758327025f,0.14812655770778088f,0.38042841297313273f,-0.912870607208046f,2.4629044900134094f,0f,0f,0f,1f], start_interpolation: 0, interpolation_duration: 1 }
$data merge entity $(bone_neck10) { transformation: [-1.2959274862764174f,0.12287618410642676f,0.029906531680795927f,0.22559976968799375f,0.12210738826995805f,1.2959180378263633f,-0.03327509444919282f,3.7768408421840665f,-0.03290506021299212f,-0.030313191190578036f,-1.3013144794386429f,1.5448118807705495f,0f,0f,0f,1f], start_interpolation: 0, interpolation_duration: 1 }
$data merge entity $(bone_neck9) { transformation: [-0.9952723094602886f,0.0392262409899125f,0.08885005368251163f,0.1853864389291101f,0.09377847419132779f,0.6261533367668181f,0.7740397900845448f,3.113549475380905f,-0.025271086243577948f,0.778712591957765f,-0.626871654588472f,0.6671591541002589f,0f,0f,0f,1f], start_interpolation: 0, interpolation_duration: 1 }
$data merge entity $(bone_neck8) { transformation: [-0.9952723094602886f,0.02400859831736136f,0.09410960221156757f,0.1677080323950135f,0.09377847419132779f,0.4896726962921156f,0.866848457508206f,2.7015898673710423f,-0.025271086243577948f,0.8715757211584343f,-0.48960916503597496f,-0.16533830034535757f,0f,0f,0f,1f], start_interpolation: 0, interpolation_duration: 1 }
$data merge entity $(bone_neck7) { transformation: [-0.9952028178736658f,-0.016578224448768414f,0.09641843065743f,0.1830882210926014f,0.0831246368487499f,0.37642427420573865f,0.9227107133535658f,2.352368128605953f,-0.05159114308753808f,0.9262990490456141f,-0.3732404395186997f,-1.0246977696747845f,0f,0f,0f,1f], start_interpolation: 0, interpolation_duration: 1 }
$data merge entity $(bone_neck6) { transformation: [-0.9773348684632478f,-0.15620324607056896f,0.14288842081478642f,0.31528683474998553f,0.1292999015259456f,0.09399104655105603f,0.987140931495406f,2.289588717709885f,-0.16762485004111705f,0.9832427111783002f,-0.07166366278274178f,-1.843906176440835f,0f,0f,0f,1f], start_interpolation: 0, interpolation_duration: 1 }
$data merge entity $(bone_neck_spine6) { transformation: [-1.0815094083614363f,0.2349541270906155f,0.008696856106911064f,0.4486704238527191f,0.0014146807951101797f,-0.03443552257420005f,1.1062340941141937f,2.918698978779598f,0.23511077351177545f,1.0809960362857443f,0.033349231333959915f,-4.999127933712245f,0f,0f,0f,1f], start_interpolation: 0, interpolation_duration: 1 }
$data merge entity $(bone_neck_spine7) { transformation: [-0.9503003386961245f,0.30752876522892136f,0.04853168893419656f,-0.335421255402275f,-0.01646147415387526f,-0.20529650511459527f,0.9785613751096116f,3.628299744967173f,0.3108991575136735f,0.9291283030585755f,0.2001557151639195f,-7.7276298291154095f,0f,0f,0f,1f], start_interpolation: 0, interpolation_duration: 1 }
$data merge entity $(bone_tail6) { transformation: [-1.484655366362519f,0.1686217020561397f,0.09777242152412471f,-0.7815861488606736f,0.1236429373427567f,0.23406888246011362f,1.4738108643897136f,3.931087394744446f,0.15068227785727073f,1.4693443304901652f,-0.2460007546333555f,-11.114889622214273f,0f,0f,0f,1f], start_interpolation: 0, interpolation_duration: 1 }
$data merge entity $(bone_tail5) { transformation: [-1.2264544330820812f,0.12315465987207919f,0.10372999610750995f,-0.7038042584151498f,0.10213981780488599f,-0.02099229096461336f,1.2325762613754179f,3.917829105714164f,0.12447666431687583f,1.2306541806044504f,0.010644555824188806f,-10.337634350253566f,0f,0f,0f,1f], start_interpolation: 0, interpolation_duration: 1 }
$data merge entity $(bone_tail4) { transformation: [-0.9880506934539266f,0.11085465610218972f,0.1070844171001533f,-0.660501658375232f,0.10041484128814614f,-0.0641093098327057f,0.9928780670564993f,3.8927864065607634f,0.11693026474908341f,0.9917667274179144f,0.05221179533850398f,-9.950225472355944f,0f,0f,0f,1f], start_interpolation: 0, interpolation_duration: 1 }
$data merge entity $(bone_segment18) { transformation: [-0.9940672189526076f,-0.019060215585045556f,0.1070844171001533f,-0.6698084042663676f,0.10792372249911782f,-0.05045407892413503f,0.9928780670564993f,3.8681506258360883f,-0.013521624375844227f,0.9985444877929922f,0.05221179533850398f,-9.462654921675773f,0f,0f,0f,1f], start_interpolation: 0, interpolation_duration: 1 }
$data merge entity $(bone_segment17) { transformation: [-0.9908801076001312f,0.08773589435627789f,0.10226937568918673f,-0.6141166744503709f,0.0796600190989304f,-0.23072150560214202f,0.9697535089958883f,3.7216965451316035f,0.10867793575289322f,0.9690562417600875f,0.22162830727663188f,-8.84753133071478f,0f,0f,0f,1f], start_interpolation: 0, interpolation_duration: 1 }
$data merge entity $(bone_segment16) { transformation: [-0.9744380760925686f,0.19255637770524703f,0.11572587120453f,-0.4542798374880076f,0.029869622037028747f,-0.3995043151510099f,0.9162445677083642f,3.390076752281644f,0.22266171997085232f,0.8962802818207913f,0.38354063002355426f,-8.103548674906506f,0f,0f,0f,1f], start_interpolation: 0, interpolation_duration: 1 }
$data merge entity $(bone_segment15) { transformation: [-0.9503003386961245f,0.28448905127424146f,0.12647231309307455f,-0.16256743139625615f,-0.01646147415387526f,-0.4515715170171526f,0.8920830594106741f,2.927039552215228f,0.3108991575136735f,0.8456649127898767f,0.43381167473153437f,-7.236411801440324f,0f,0f,0f,1f], start_interpolation: 0, interpolation_duration: 1 }
$data merge entity $(bone_segment14) { transformation: [-0.9447972447292112f,0.3102794628405313f,0.10528447792282504f,0.1555902209304604f,-0.02348186502375611f,-0.3846198106914259f,0.9227763560249566f,2.532654004142965f,0.32681304803678907f,0.8693642827739607f,0.370673677875595f,-6.344973816174056f,0f,0f,0f,1f], start_interpolation: 0, interpolation_duration: 1 }
$data merge entity $(bone_segment13) { transformation: [-0.9771755595548034f,0.20769832906992083f,0.04460190478353526f,0.3776147606081304f,0.001278205706640727f,-0.20420478866918973f,0.9789273570979323f,2.2893941035503844f,0.21242949889063945f,0.9566408983448985f,0.19927844744210893f,-5.322197360351362f,0f,0f,0f,1f], start_interpolation: 0, interpolation_duration: 1 }
$data merge entity $(bone_segment12) { transformation: [-0.9948656651266228f,0.10068859233061214f,0.010203711415066753f,0.4956092047455665f,0.006022200797689532f,-0.041746043706401205f,0.9991101045092153f,2.2404729585819454f,0.10102495458902458f,0.9940417874563138f,0.040925338617322164f,-4.157304640675994f,0f,0f,0f,1f], start_interpolation: 0, interpolation_duration: 1 }
$data merge entity $(bone_segment11) { transformation: [-1.0344109091791742f,-0.039243433202270174f,0.0015766533149697611f,0.4502571120751141f,-0.0001744467835122359f,0.04614554719641973f,1.0341271778443524f,2.293801552999105f,-0.039274705008393994f,1.0333823122825863f,-0.04611893452869095f,-2.963065335743439f,0f,0f,0f,1f], start_interpolation: 0, interpolation_duration: 1 }
$data merge entity $(bone_segment10) { transformation: [-0.9928062309729538f,-0.1197318970029977f,-0.0002461327718409484f,0.309825561185717f,0f,-0.002055694914532724f,0.9999978870569768f,2.307015495634242f,-0.11973214999020866f,0.9928041332299549f,0.002040906720127411f,-1.7986218779120182f,0f,0f,0f,1f], start_interpolation: 0, interpolation_duration: 1 }