# This file was generated by Animated Java via MC-Build. It is not recommended to edit this file directly.
$data merge entity $(bone_neck_spine5) { transformation: [-1.3613186501838161f,0.0842300542190324f,0.0944377614316535f,0.33386733778358757f,0.1243028595878034f,1.081226173212561f,0.8274662661490599f,3.59048381474849f,-0.02370636868560593f,0.8325004026921731f,-1.0842429376100924f,0.3008579209314566f,0f,0f,0f,1f], start_interpolation: 0, interpolation_duration: 1 }
$data merge entity $(bone_neck_spine2) { transformation: [-1.296493952556015f,0.12032116573941709f,0.0068742276099154394f,0.3067807797557903f,0.11838367579790798f,1.2853803495924714f,-0.17089081055035205f,4.704817666934563f,-0.022577493986291358f,-0.16953224147957313f,-1.290802108306558f,2.0672151911319374f,0f,0f,0f,1f], start_interpolation: 0, interpolation_duration: 1 }
$data merge entity $(bone_scale_neck_left1) { transformation: [-1.3438416551742955f,0.47781634577946713f,0.13130332793628297f,0.9151366015331421f,0.49495355811349284f,1.3125866316226857f,0.2891309879604454f,3.8647455379600184f,-0.023874662971020234f,0.3166501106807737f,-1.3966467435528038f,2.152058891988817f,0f,0f,0f,1f], start_interpolation: 0, interpolation_duration: 1 }
$data merge entity $(bone_scale_neck_right1) { transformation: [-1.411255728108892f,-0.2429108664736073f,-0.02847804824174892f,-0.4461820486506738f,-0.24338388841218375f,1.378396685318568f,0.30372072561306773f,3.9890483975478217f,-0.02410334300431865f,0.3040991733869129f,-1.399429219362019f,2.128352523303211f,0f,0f,0f,1f], start_interpolation: 0, interpolation_duration: 1 }
$data merge entity $(bone_blush_right1) { transformation: [-0.9836046601271287f,0.14639732517351475f,-0.10530762440695102f,-0.27830538356768636f,0.0897598084206059f,0.9039036847631892f,0.4182120340973291f,3.4970617495390286f,0.1564130728823247f,0.4019029134673814f,-0.9022244725000199f,3.2521438824146722f,0f,0f,0f,1f], start_interpolation: 0, interpolation_duration: 1 }
$data merge entity $(bone_blush_left1) { transformation: [-0.9836046601271287f,0.14639732517351475f,-0.10530762440695102f,0.8551452990006847f,0.0897598084206059f,0.9039036847631892f,0.4182120340973291f,3.3936275953043458f,0.1564130728823247f,0.4019029134673814f,-0.9022244725000199f,3.0719022554604307f,0f,0f,0f,1f], start_interpolation: 0, interpolation_duration: 1 }
$data merge entity $(bone_left_head_scales) { transformation: [-0.8238423395643606f,0.14639732517351475f,-0.5475870914504474f,0.9216849859358633f,-0.11349090432956524f,0.9039036847631892f,0.4124050718722878f,4.109461588415608f,0.5553409891009109f,0.4019029134673814f,-0.7280593615707805f,3.0171114328529773f,0f,0f,0f,1f], start_interpolation: 0, interpolation_duration: 1 }
$data merge entity $(bone_left_head_scales2) { transformation: [-0.745319796187383f,0.14639732517351475f,-0.6504354115461716f,0.8227379971880419f,-0.1663496375939406f,0.9039036847631892f,0.3940633537185284f,3.3420253062621406f,0.6456207861303431f,0.4019029134673814f,-0.6493441681133884f,2.835286569670456f,0f,0f,0f,1f], start_interpolation: 0, interpolation_duration: 1 }
$data merge entity $(bone_left_head_scales1) { transformation: [-0.9836046601271287f,0.14639732517351475f,-0.10530762440695102f,0.9073883721493873f,0.0897598084206059f,0.9039036847631892f,0.4182120340973291f,4.021189744200453f,0.1564130728823247f,0.4019029134673814f,-0.9022244725000199f,2.9778631014596786f,0f,0f,0f,1f], start_interpolation: 0, interpolation_duration: 1 }
$data merge entity $(bone_right_head_scales) { transformation: [-0.9210936386303314f,0.14639732517351475f,0.36076908411998965f,-0.23097672515061562f,0.2727267492357236f,0.9039036847631892f,0.32951213774737365f,4.214648863908506f,-0.27786080890627746f,0.4019029134673814f,-0.872506400561268f,3.2004080026369515f,0f,0f,0f,1f], start_interpolation: 0, interpolation_duration: 1 }
$data merge entity $(bone_right_head_scales2) { transformation: [-0.8661237400432498f,0.14639732517351475f,0.4779094999218291f,-0.3299237138984371f,0.31340349871939577f,0.9039036847631892f,0.29109513163564094f,3.4472125817550383f,-0.38936860932018447f,0.4019029134673814f,-0.8287738739985088f,3.0185831394544302f,0f,0f,0f,1f], start_interpolation: 0, interpolation_duration: 1 }
$data merge entity $(bone_right_head_scales1) { transformation: [-0.9836046601271287f,0.14639732517351475f,-0.10530762440695102f,-0.2452733389370917f,0.0897598084206059f,0.9039036847631892f,0.4182120340973291f,4.126377019693351f,0.1564130728823247f,0.4019029134673814f,-0.9022244725000199f,3.1611596712436527f,0f,0f,0f,1f], start_interpolation: 0, interpolation_duration: 1 }
$data merge entity $(bone_head_left_fin1) { transformation: [-0.34906255758999566f,0.24509275275999268f,-0.9044804439197455f,0.8460631883359054f,-0.07254302996744105f,0.9552277929967362f,0.2868403254246649f,3.7208012443883747f,0.93428734321507f,0.1657389695609145f,-0.315654485596217f,2.7646013722926805f,0f,0f,0f,1f], start_interpolation: 0, interpolation_duration: 1 }
$data merge entity $(bone_head_right_fin1) { transformation: [-0.6010264901155953f,-0.009482956632109425f,0.7991728422017615f,-0.30659852275057353f,0.15924433828937146f,0.9784593491593733f,0.13137177309222925f,3.825988519881272f,-0.783203931873499f,0.20622166611714055f,-0.5865698811921408f,2.9478979420766547f,0f,0f,0f,1f], start_interpolation: 0, interpolation_duration: 1 }
$data merge entity $(bone_right_whisker16) { transformation: [-0.01960838416206251f,-0.19474922869039096f,0.9806570497350492f,-1.0034798238033773f,0.982742263388596f,-0.1842036484094681f,-0.016931026622780537f,2.918559576124301f,0.18393791077538402f,0.9634011385903276f,0.19500023369844413f,1.3022058829567769f,0f,0f,0f,1f], start_interpolation: 0, interpolation_duration: 1 }
$data merge entity $(bone_right_whisker15) { transformation: [0.3094738186691939f,-0.0693451213103014f,0.9483760908567689f,-1.0941459816166177f,0.4263713752501339f,0.9015806981906254f,-0.07320993796892927f,2.793646087281488f,-0.8499608261123667f,0.42701697718072573f,0.3085823962474512f,1.5512178437318842f,0f,0f,0f,1f], start_interpolation: 0, interpolation_duration: 1 }
$data merge entity $(bone_right_whisker14) { transformation: [0.5064287475938093f,-0.19619415989482894f,0.839665275710344f,-1.2425137787632414f,-0.21707482737003808f,0.9134018743541777f,0.3443479856896847f,2.857242228112554f,-0.83451090042781f,-0.3566579139027165f,0.4199841538888443f,1.7957034590915941f,0f,0f,0f,1f], start_interpolation: 0, interpolation_duration: 1 }
$data merge entity $(bone_right_whisker13) { transformation: [0.042045673202215084f,-0.26894954218830214f,0.962236096351449f,-1.2548318470842028f,0.2603374283065818f,0.932767567760266f,0.24933729756559309f,2.7809714971633603f,-0.9646017752356089f,0.2400225162173339f,0.10923647248520801f,2.0783016354301513f,0f,0f,0f,1f], start_interpolation: 0, interpolation_duration: 1 }
$data merge entity $(bone_right_whisker12) { transformation: [-0.6205973148111443f,-0.23834942030969553f,0.7470264564841257f,-1.0124110209860995f,-0.23408658857662762f,0.9655554527847421f,0.11360517878252151f,2.8724115708261055f,-0.7483731969397045f,-0.10436580587378283f,-0.655015523988983f,2.3706349154847235f,0f,0f,0f,1f], start_interpolation: 0, interpolation_duration: 1 }
$data merge entity $(bone_right_whisker11) { transformation: [-0.967048714761558f,-0.09837768477391083f,0.23481612895315307f,-0.6346576167823659f,-0.08117835330759285f,0.9933335473322006f,0.08184460091352874f,2.904121865086884f,-0.24130242069296848f,0.06008572944512011f,-0.9685880687293031f,2.4648936735679143f,0f,0f,0f,1f], start_interpolation: 0, interpolation_duration: 1 }
$data merge entity $(bone_right_whisker10) { transformation: [-0.632110595914867f,-0.4978528968328333f,0.5937833676075038f,-0.38773941525312094f,-0.3998359749100694f,0.8659584822838204f,0.3004115512566333f,3.0603077927861295f,-0.6637525048539297f,-0.04752262698819043f,-0.7464410306409175f,2.7241719957764805f,0f,0f,0f,1f], start_interpolation: 0, interpolation_duration: 1 }
$data merge entity $(bone_right_whisker1) { transformation: [-0.11685301176015236f,-0.6221001957645189f,0.7741684054986544f,-0.3420937075343114f,-0.6419878980364879f,0.6420682130917867f,0.4190464753602064f,3.3110843154566325f,-0.7577578191066546f,-0.44803990465902394f,-0.4744084015021857f,3.0201711438650176f,0f,0f,0f,1f], start_interpolation: 0, interpolation_duration: 1 }
$data merge entity $(bone_left_whisker16) { transformation: [-0.2484591955008194f,0.44599189056697564f,-0.8598600244921152f,0.8310113166556057f,-0.95827949336552f,-0.242675107973631f,0.15102716499063867f,2.7511512870098356f,-0.14130973344468756f,0.8615103165479111f,0.4876797450328542f,1.0104846172019926f,0f,0f,0f,1f], start_interpolation: 0, interpolation_duration: 1 }
$data merge entity $(bone_left_whisker15) { transformation: [0.47558800195731615f,0.3554244189631505f,-0.8046673441857543f,0.9703437391040381f,-0.4980129620322255f,0.8628179369884509f,0.08676576086730875f,2.605249052039457f,0.725120088014487f,0.3594700126793621f,0.5873518263716918f,1.2229221429874868f,0f,0f,0f,1f], start_interpolation: 0, interpolation_duration: 1 }
$data merge entity $(bone_left_whisker14) { transformation: [0.7685957150696194f,0.23497544830330502f,-0.5950186261549142f,1.1955182650033407f,0.10072121891370636f,0.8740550686734785f,0.47527147293598226f,2.6347572216430817f,0.6317561735647369f,-0.4252226188961043f,0.6481279669494138f,1.4080069594615308f,0f,0f,0f,1f], start_interpolation: 0, interpolation_duration: 1 }
$data merge entity $(bone_left_whisker13) { transformation: [0.2901467552521904f,0.4900150014861774f,-0.822009828855548f,1.280522197206131f,-0.2906519743285468f,0.8635075135943484f,0.4121604102591902f,2.5496052760390153f,0.9117764475108706f,0.11933177399422026f,0.39296773083784997f,1.675128965568231f,0f,0f,0f,1f], start_interpolation: 0, interpolation_duration: 1 }
$data merge entity $(bone_left_whisker12) { transformation: [-0.30862481185905477f,0.3612274493117943f,-0.8799235508660159f,1.1599656300736876f,0.3188836655438361f,0.9108404772134634f,0.2620740981456906f,2.6741692078920765f,0.8961383449860238f,-0.19971067806515802f,-0.3962975040452122f,2.0251830065783967f,0f,0f,0f,1f], start_interpolation: 0, interpolation_duration: 1 }
$data merge entity $(bone_left_whisker11) { transformation: [-0.8155659763475157f,0.28586623967039404f,-0.5031228788686042f,0.8413851705629394f,0.24385260613293785f,0.9582689909682189f,0.14918594917392825f,2.7694241321627553f,0.5247742797684521f,-0.0010168409218498375f,-0.8512408127715929f,2.2301729596129483f,0f,0f,0f,1f], start_interpolation: 0, interpolation_duration: 1 }
$data merge entity $(bone_left_whisker10) { transformation: [-0.3161593620716713f,0.603755870237671f,-0.7317937598312699f,0.7178854197536928f,0.48637128041470845f,0.7654300932927309f,0.4213783927417713f,2.959412913574751f,0.8145466440678465f,-0.2227007441286038f,-0.5356474056712822f,2.548355242451951f,0f,0f,0f,1f], start_interpolation: 0, interpolation_duration: 1 }
$data merge entity $(bone_left_whisker1) { transformation: [0.2372674145240955f,0.5571498702496813f,-0.7957940663801246f,0.8105680035521676f,0.6309993635557991f,0.5344545911801737f,0.5623149412549964f,3.2058970399637348f,0.7386094889704758f,-0.6355645616671817f,-0.22475255450289264f,2.836874574081043f,0f,0f,0f,1f], start_interpolation: 0, interpolation_duration: 1 }
$data merge entity $(bone_upper_left_tooth1) { transformation: [-0.9836046601271287f,0.1366620749304894f,-0.11766626471460961f,0.6336419312223036f,0.0897598084206059f,0.9369136388044432f,0.33784021402804276f,3.221944016775841f,0.1564130728823247f,0.3217395075179776f,-0.9338193829288391f,3.744199259791562f,0f,0f,0f,1f], start_interpolation: 0, interpolation_duration: 1 }
$data merge entity $(bone_upper_right_tooth1) { transformation: [-0.9836046601271287f,0.1366620749304894f,-0.11766626471460961f,0.05731107567906418f,0.0897598084206059f,0.9369136388044432f,0.33784021402804276f,3.2745376545222893f,0.1564130728823247f,0.3217395075179776f,-0.9338193829288391f,3.835847544683549f,0f,0f,0f,1f], start_interpolation: 0, interpolation_duration: 1 }
$data merge entity $(bone_top_lip1) { transformation: [-0.9836046601271287f,0.08817611063118493f,-0.15731130312266922f,0.3841710928051988f,0.0897598084206059f,0.9959589911212551f,-0.0029773809007856977f,3.3466944258198024f,0.1564130728823247f,-0.017048798159673195f,-0.9875445757599095f,3.8207665359804617f,0f,0f,0f,1f], start_interpolation: 0, interpolation_duration: 1 }
$data merge entity $(bone_muzzle1) { transformation: [-0.9836046601271287f,0.1366620749304894f,-0.11766626471460961f,0.34673572061991426f,0.0897598084206059f,0.9369136388044432f,0.33784021402804276f,3.648898676634927f,0.1564130728823247f,0.3217395075179776f,-0.9338193829288391f,3.4119298510813185f,0f,0f,0f,1f], start_interpolation: 0, interpolation_duration: 1 }
$data merge entity $(bone_jaw_right_tooth1) { transformation: [-0.9836046601271287f,0.029054806048963287f,-0.17798227670656536f,0.06283885799942324f,0.0897598084206059f,0.9348769903195994f,-0.3434358597515173f,3.3001818944517485f,0.1564130728823247f,-0.3537807671658043f,-0.9221573181486354f,3.8558927386659736f,0f,0f,0f,1f], start_interpolation: 0, interpolation_duration: 1 }
$data merge entity $(bone_jaw_left_tooth1) { transformation: [-0.9836046601271287f,0.029054806048963287f,-0.17798227670656536f,0.6871972848379326f,0.0897598084206059f,0.9348769903195994f,-0.3434358597515173f,3.2432054535597623f,0.1564130728823247f,-0.3537807671658043f,-0.9221573181486354f,3.7566070966996543f,0f,0f,0f,1f], start_interpolation: 0, interpolation_duration: 1 }
$data merge entity $(bone_tongue1) { transformation: [-0.9836046601271287f,0.10155115737539583f,-0.14902763170604594f,0.27016988109346884f,0.0897598084206059f,0.9924285623156487f,0.08383749454981887f,3.3232066699780836f,0.1564130728823247f,0.06908625866127299f,-0.9852725711678451f,3.117347923918609f,0f,0f,0f,1f], start_interpolation: 0, interpolation_duration: 1 }
$data merge entity $(bone_jaw_lips1) { transformation: [-0.9836046601271287f,0.10155115737539583f,-0.14902763170604594f,0.42322065039951673f,0.0897598084206059f,0.9924285623156487f,0.08383749454981887f,3.1418717547924926f,0.1564130728823247f,0.06908625866127299f,-0.9852725711678451f,3.8716960739691126f,0f,0f,0f,1f], start_interpolation: 0, interpolation_duration: 1 }
$data merge entity $(bone_jaw3) { transformation: [-0.9836046601271287f,0.05951969626639147f,-0.17023301187652112f,0.28586673851719346f,0.0897598084206059f,0.980311119370787f,-0.17587861163396468f,2.932666152292943f,0.1564130728823247f,-0.18827510455275664f,-0.969581061921672f,3.128000608688012f,0f,0f,0f,1f], start_interpolation: 0, interpolation_duration: 1 }
$data merge entity $(bone_jaw1) { transformation: [-0.9836046601271287f,0.16245969792382722f,-0.07828613623556913f,0.22470569458315506f,0.0897598084206059f,0.8175495991317101f,0.5688196812276068f,3.3770565282520106f,0.1564130728823247f,0.5524667406370077f,-0.8187279469527285f,2.4883694001311927f,0f,0f,0f,1f], start_interpolation: 0, interpolation_duration: 1 }
$data merge entity $(bone_tear_right1) { transformation: [-0.9836046601271287f,0.14639732517351475f,-0.10530762440695102f,-0.17098411109335793f,0.0897598084206059f,0.9039036847631892f,0.4182120340973291f,3.764873484087199f,0.1564130728823247f,0.4019029134673814f,-0.9022244725000199f,3.4611727579952083f,0f,0f,0f,1f], start_interpolation: 0, interpolation_duration: 1 }
$data merge entity $(bone_right_pupil1) { transformation: [-0.9836046601271287f,0.14639732517351475f,-0.10530762440695102f,0.007973549208647401f,0.0897598084206059f,0.9039036847631892f,0.4182120340973291f,3.8141774945991305f,0.1564130728823247f,0.4019029134673814f,-0.9022244725000199f,3.528082575107844f,0f,0f,0f,1f], start_interpolation: 0, interpolation_duration: 1 }
$data merge entity $(bone_right_sad_pupil1) { transformation: [-0.9836046601271287f,0.14639732517351475f,-0.10530762440695102f,0.006945154439048251f,0.0897598084206059f,0.9039036847631892f,0.4182120340973291f,3.8182615964946125f,0.1564130728823247f,0.4019029134673814f,-0.9022244725000199f,3.519271789243586f,0f,0f,0f,1f], start_interpolation: 0, interpolation_duration: 1 }
$data merge entity $(bone_right_happy_pupil1) { transformation: [-0.9836046601271287f,0.14639732517351475f,-0.10530762440695102f,-0.02064243152958528f,0.0897598084206059f,0.9039036847631892f,0.4182120340973291f,3.7983852914335534f,0.1564130728823247f,0.4019029134673814f,-0.9022244725000199f,3.5132784616480026f,0f,0f,0f,1f], start_interpolation: 0, interpolation_duration: 1 }
$data merge entity $(bone_eyelid_right1) { transformation: [-0.9836046601271287f,0.14639732517351475f,-0.10530762440695102f,0.3181897154158886f,0.0897598084206059f,0.9039036847631892f,0.4182120340973291f,3.944583156890543f,0.1564130728823247f,0.4019029134673814f,-0.9022244725000199f,3.0003006319825922f,0f,0f,0f,1f], start_interpolation: 0, interpolation_duration: 1 }
$data merge entity $(bone_eyelid_expressions_right5) { transformation: [-0.9836046601271287f,0.14639732517351475f,-0.10530762440695102f,-0.0892213383771403f,0.0897598084206059f,0.9039036847631892f,0.4182120340973291f,3.9166138598945635f,0.1564130728823247f,0.4019029134673814f,-0.9022244725000199f,3.576085993028764f,0f,0f,0f,1f], start_interpolation: 0, interpolation_duration: 1 }
$data merge entity $(bone_eyelid_expressions_right7) { transformation: [-0.9836046601271287f,0.14639732517351475f,-0.10530762440695102f,0.19894408939447944f,0.0897598084206059f,0.9039036847631892f,0.4182120340973291f,3.8903170410213392f,0.1564130728823247f,0.4019029134673814f,-0.9022244725000199f,3.5302618505827703f,0f,0f,0f,1f], start_interpolation: 0, interpolation_duration: 1 }
$data merge entity $(bone_eyelid_expressions_right6) { transformation: [-0.9836046601271287f,0.14639732517351475f,-0.10530762440695102f,0.10288894680393953f,0.0897598084206059f,0.9039036847631892f,0.4182120340973291f,3.899082647312414f,0.1564130728823247f,0.4019029134673814f,-0.9022244725000199f,3.5455365647314347f,0f,0f,0f,1f], start_interpolation: 0, interpolation_duration: 1 }
$data merge entity $(bone_right_eye1) { transformation: [-0.9836046601271287f,0.14639732517351475f,-0.10530762440695102f,0.30961259592643375f,0.0897598084206059f,0.9039036847631892f,0.4182120340973291f,3.941375615624169f,0.1564130728823247f,0.4019029134673814f,-0.9022244725000199f,3.010638889261717f,0f,0f,0f,1f], start_interpolation: 0, interpolation_duration: 1 }
$data merge entity $(bone_tear_left1) { transformation: [-0.9836046601271287f,0.14639732517351475f,-0.10530762440695102f,0.866411428884473f,0.0897598084206059f,0.9039036847631892f,0.4182120340973291f,3.670204936143591f,0.1564130728823247f,0.4019029134673814f,-0.9022244725000199f,3.2962058451896312f,0f,0f,0f,1f], start_interpolation: 0, interpolation_duration: 1 }
$data merge entity $(bone_left_sad_pupil1) { transformation: [-0.9836046601271287f,0.14639732517351475f,-0.10530762440695102f,0.7273587238680976f,0.0897598084206059f,0.9039036847631892f,0.4182120340973291f,3.7525195493115513f,0.1564130728823247f,0.4019029134673814f,-0.9022244725000199f,3.404711433128602f,0f,0f,0f,1f], start_interpolation: 0, interpolation_duration: 1 }
$data merge entity $(bone_left_pupil1) { transformation: [-0.9836046601271287f,0.14639732517351475f,-0.10530762440695102f,0.7283871186376967f,0.0897598084206059f,0.9039036847631892f,0.4182120340973291f,3.7484354474160697f,0.1564130728823247f,0.4019029134673814f,-0.9022244725000199f,3.41352221899286f,0f,0f,0f,1f], start_interpolation: 0, interpolation_duration: 1 }
$data merge entity $(bone_eyelid_left1) { transformation: [-0.9836046601271287f,0.14639732517351475f,-0.10530762440695102f,0.2989786868977806f,0.0897598084206059f,0.9039036847631892f,0.4182120340973291f,3.946336278148758f,0.1564130728823247f,0.4019029134673814f,-0.9022244725000199f,3.0033555748123253f,0f,0f,0f,1f], start_interpolation: 0, interpolation_duration: 1 }
$data merge entity $(bone_left_happy_pupil1) { transformation: [-0.9836046601271287f,0.14639732517351475f,-0.10530762440695102f,0.747798709194734f,0.0897598084206059f,0.9039036847631892f,0.4182120340973291f,3.7282604411049554f,0.1564130728823247f,0.4019029134673814f,-0.9022244725000199f,3.3910807484586862f,0f,0f,0f,1f], start_interpolation: 0, interpolation_duration: 1 }
$data merge entity $(bone_eyelid_expressions_left5) { transformation: [-0.9836046601271287f,0.14639732517351475f,-0.10530762440695102f,0.8521190590101507f,0.0897598084206059f,0.9039036847631892f,0.4182120340973291f,3.8307109182420307f,0.1564130728823247f,0.4019029134673814f,-0.9022244725000199f,3.4263937943718514f,0f,0f,0f,1f], start_interpolation: 0, interpolation_duration: 1 }
$data merge entity $(bone_eyelid_expressions_left7) { transformation: [-0.9836046601271287f,0.14639732517351475f,-0.10530762440695102f,0.563953631238531f,0.0897598084206059f,0.9039036847631892f,0.4182120340973291f,3.8570077371152545f,0.1564130728823247f,0.4019029134673814f,-0.9022244725000199f,3.472217936817845f,0f,0f,0f,1f], start_interpolation: 0, interpolation_duration: 1 }
$data merge entity $(bone_eyelid_expressions_left6) { transformation: [-0.9836046601271287f,0.14639732517351475f,-0.10530762440695102f,0.660008773829071f,0.0897598084206059f,0.9039036847631892f,0.4182120340973291f,3.84824213082418f,0.1564130728823247f,0.4019029134673814f,-0.9022244725000199f,3.4569432226691807f,0f,0f,0f,1f], start_interpolation: 0, interpolation_duration: 1 }
$data merge entity $(bone_left_eye1) { transformation: [-0.9836046601271287f,0.14639732517351475f,-0.10530762440695102f,0.30961259592643375f,0.0897598084206059f,0.9039036847631892f,0.4182120340973291f,3.941375615624169f,0.1564130728823247f,0.4019029134673814f,-0.9022244725000199f,3.010638889261717f,0f,0f,0f,1f], start_interpolation: 0, interpolation_duration: 1 }
$data merge entity $(bone_crest_middle5) { transformation: [-0.9836046601271287f,0.12013438244856174f,-0.13449759376991835f,0.5296724058909652f,0.0897598084206059f,0.9729952094595912f,0.21265817445135451f,4.857165811756513f,0.1564130728823247f,0.1970990931546597f,-0.9678258614591363f,3.8689475942540223f,0f,0f,0f,1f], start_interpolation: 0, interpolation_duration: 1 }
$data merge entity $(bone_crest_middle4) { transformation: [-0.9836046601271287f,0.12013438244856174f,-0.13449759376991835f,0.459281166175011f,0.0897598084206059f,0.9729952094595912f,0.21265817445135451f,4.287051431213784f,0.1564130728823247f,0.1970990931546597f,-0.9678258614591363f,3.753459844358714f,0f,0f,0f,1f], start_interpolation: 0, interpolation_duration: 1 }
$data merge entity $(bone_crest_middle1) { transformation: [-0.9836046601271287f,0.12013438244856174f,-0.13449759376991835f,0.41633867639973865f,0.0897598084206059f,0.9729952094595912f,0.21265817445135451f,3.8438900294644833f,0.1564130728823247f,0.1970990931546597f,-0.9678258614591363f,3.7377300175951533f,0f,0f,0f,1f], start_interpolation: 0, interpolation_duration: 1 }
$data merge entity $(bone_crest_left5) { transformation: [-0.6519606503956468f,-0.758225841802562f,-0.00639399393813514f,-0.48760770978350193f,-0.7141167256583435f,0.6111547787223066f,0.3413607162224365f,4.403371329205499f,-0.2549207964656696f,0.22711981258288383f,-0.9399106224857895f,3.8725896865969713f,0f,0f,0f,1f], start_interpolation: 0, interpolation_duration: 1 }
$data merge entity $(bone_crest_left4) { transformation: [-0.6519606503956468f,-0.758225841802562f,-0.00639399393813514f,-0.11738024796584468f,-0.7141167256583435f,0.6111547787223066f,0.3413607162224365f,4.104955909907498f,-0.2549207964656696f,0.22711981258288383f,-0.9399106224857895f,3.761691340609235f,0f,0f,0f,1f], start_interpolation: 0, interpolation_duration: 1 }
$data merge entity $(bone_crest_left1) { transformation: [-0.6519606503956468f,-0.758225841802562f,-0.00639399393813514f,0.2895577532983178f,-0.7141167256583435f,0.6111547787223066f,0.3413607162224365f,3.7933669524014952f,-0.2549207964656696f,0.22711981258288383f,-0.9399106224857895f,3.593809086659161f,0f,0f,0f,1f], start_interpolation: 0, interpolation_duration: 1 }
$data merge entity $(bone_crest_center1) { transformation: [-0.9836046601271287f,0.14639732517351475f,-0.10530762440695102f,0.3820387881914028f,0.0897598084206059f,0.9039036847631892f,0.4182120340973291f,3.762533667526533f,0.1564130728823247f,0.4019029134673814f,-0.9022244725000199f,3.568722415256832f,0f,0f,0f,1f], start_interpolation: 0, interpolation_duration: 1 }
$data merge entity $(bone_crest_right5) { transformation: [-0.40502014691318716f,0.88670760515251f,-0.22295359059481448f,1.4017761097097454f,0.8105725454776985f,0.4610447629317645f,0.36112307471414484f,4.230953754802398f,0.42300216206566216f,-0.03445793867736667f,-0.905473258219083f,3.5721393725217143f,0f,0f,0f,1f], start_interpolation: 0, interpolation_duration: 1 }
$data merge entity $(bone_crest_right4) { transformation: [-0.40502014691318716f,0.88670760515251f,-0.22295359059481448f,0.9688134118813714f,0.8105725454776985f,0.4610447629317645f,0.36112307471414484f,4.005834241652122f,0.42300216206566216f,-0.03445793867736667f,-0.905473258219083f,3.5889645378915223f,0f,0f,0f,1f], start_interpolation: 0, interpolation_duration: 1 }
$data merge entity $(bone_crest_right1) { transformation: [-0.40502014691318716f,0.88670760515251f,-0.22295359059481448f,0.48166803847939754f,0.8105725454776985f,0.4610447629317645f,0.36112307471414484f,3.7758357398193456f,0.42300216206566216f,-0.03445793867736667f,-0.905473258219083f,3.563259658361832f,0f,0f,0f,1f], start_interpolation: 0, interpolation_duration: 1 }
$data merge entity $(bone_head1) { transformation: [-0.9836046601271287f,0.14639732517351475f,-0.10530762440695102f,0.24590257670524351f,0.0897598084206059f,0.9039036847631892f,0.4182120340973291f,4.121865297768086f,0.1564130728823247f,0.4019029134673814f,-0.9022244725000199f,2.5064215010308772f,0f,0f,0f,1f], start_interpolation: 0, interpolation_duration: 1 }
$data merge entity $(bone_neck10) { transformation: [-1.296493952556015f,0.11839453473247544f,0.02252048124720847f,0.22643005917413692f,0.11838367579790798f,1.2966894693008637f,-0.001653013389367854f,3.7316806849379023f,-0.022577493986291358f,0.00040161445476288453f,-1.3018875152698766f,1.5787061620646614f,0f,0f,0f,1f], start_interpolation: 0, interpolation_duration: 1 }
$data merge entity $(bone_neck9) { transformation: [-0.9957073555630196f,0.041631227234400305f,0.08266621436025659f,0.18336519495991987f,0.09091866301279333f,0.6072468157487266f,0.7892940526058704f,3.089699165743891f,-0.017339515381471764f,0.7934217955677735f,-0.6084251766029625f,0.6854805442268801f,0f,0f,0f,1f], start_interpolation: 0, interpolation_duration: 1 }
$data merge entity $(bone_neck8) { transformation: [-0.9957073555630196f,0.027412850567947594f,0.0884047380033307f,0.1622499887691155f,0.09091866301279333f,0.4686122261282696f,0.8787129100218535f,2.697857398829083f,-0.017339515381471764f,0.8829785485202044f,-0.46909298018568646f,-0.15659393829604817f,0f,0f,0f,1f], start_interpolation: 0, interpolation_duration: 1 }
$data merge entity $(bone_neck7) { transformation: [-0.9956086271476674f,-0.021527454905784275f,0.09110450172420706f,0.18222174869147395f,0.07728149132569292f,0.36021191820377224f,0.92966388823189f,2.3636764200267555f,-0.052830224754523564f,0.9326220792310455f,-0.35696641954552005f,-1.0218195000826624f,0f,0f,0f,1f], start_interpolation: 0, interpolation_duration: 1 }
$data merge entity $(bone_neck6) { transformation: [-0.9751054912787961f,-0.17012960180582928f,0.14221532782132723f,0.3259970084411886f,0.12979371324345026f,0.08208853009803391f,0.9881371692375616f,2.3108158409879627f,-0.17978563035018846f,0.981996635338296f,-0.05796322371858953f,-1.839777063449582f,0f,0f,0f,1f], start_interpolation: 0, interpolation_duration: 1 }
$data merge entity $(bone_neck_spine6) { transformation: [-1.0865264205665481f,0.2106373981869866f,0.005822492011417295f,0.5408051079027109f,0.009224569631397556f,0.01699393299924715f,1.106601911743195f,2.8833279560305987f,0.2105158479623842f,1.086409117341895f,-0.018438682991048568f,-5.022706001984921f,0f,0f,0f,1f], start_interpolation: 0, interpolation_duration: 1 }
$data merge entity $(bone_neck_spine7) { transformation: [-0.9490143115940756f,0.31171005547752784f,0.046996571192156625f,-0.19603028327923183f,-0.014221427130217994f,-0.19126878010081938f,0.9814346665821035f,3.487225303669763f,0.3149120312087215f,0.9307271861683966f,0.18594977151654762f,-7.768340667585924f,0f,0f,0f,1f], start_interpolation: 0, interpolation_duration: 1 }
$data merge entity $(bone_tail6) { transformation: [-1.4746415641700756f,0.25245310002382154f,0.06240169224005057f,-0.7891810866941847f,0.08808664059791582f,0.14683571213159174f,1.4875732920011067f,3.9149869738059375f,0.2446779161555723f,1.4686391618145003f,-0.15945535868886973f,-11.117495293915013f,0f,0f,0f,1f], start_interpolation: 0, interpolation_duration: 1 }
$data merge entity $(bone_tail5) { transformation: [-1.218182161705715f,0.19642846828945923f,0.08698009263509399f,-0.6651210014587366f,0.07276722484175654f,-0.09393388817125382f,1.2312590362751539f,3.855660307592514f,0.202125235085038f,1.2176656931464598f,0.08095126832441114f,-10.348443277190933f,0f,0f,0f,1f], start_interpolation: 0, interpolation_duration: 1 }
$data merge entity $(bone_tail4) { transformation: [-0.9806487551112493f,0.1705414233288563f,0.09614386110264606f,-0.5985032579709022f,0.07569846173571847f,-0.12259245665459774f,0.9895659818638859f,3.807772629211812f,0.18054850314971613f,0.9776945906060636f,0.1073104165961466f,-9.966531327735439f,0f,0f,0f,1f], start_interpolation: 0, interpolation_duration: 1 }
$data merge entity $(bone_segment18) { transformation: [-0.9945192916705758f,0.04108206990076502f,0.09614386110264606f,-0.5784436535271693f,0.09105237746380646f,-0.1116630292261139f,0.9895659818638859f,3.7532496657224983f,0.051389133610567586f,0.9928965864765155f,0.1073104165961466f,-9.481718541369952f,0f,0f,0f,1f], start_interpolation: 0, interpolation_duration: 1 }
$data merge entity $(bone_segment17) { transformation: [-0.9862814329821357f,0.13041837288972663f,0.10119280096677574f,-0.4956585535483389f,0.06351178962342786f,-0.2660214246036079f,0.9618725769199871f,3.584388409870599f,0.1523653094819642f,0.9551039993972715f,0.25408888759999343f,-8.875451354252544f,0f,0f,0f,1f], start_interpolation: 0, interpolation_duration: 1 }
$data merge entity $(bone_segment16) { transformation: [-0.9689061408314601f,0.21665808487383284f,0.11949964233373304f,-0.3158154166901769f,0.020552970964998474f,-0.4108227019090131f,0.9114835615526428f,3.2433734717625313f,0.24657344878068077f,0.8855980927344985f,0.39359567134487106f,-8.140335749931914f,0f,0f,0f,1f], start_interpolation: 0, interpolation_duration: 1 }
$data merge entity $(bone_segment15) { transformation: [-0.9490143115940756f,0.28892518522069577f,0.12607170076908442f,-0.01955424043848686f,-0.014221427130217994f,-0.4387654376974769f,0.8984890882434364f,2.793467505373517f,0.3149120312087215f,0.8508860840484631f,0.42050360827544514f,-7.267845136405658f,0f,0f,0f,1f], start_interpolation: 0, interpolation_duration: 1 }
$data merge entity $(bone_segment14) { transformation: [-0.951711963987732f,0.29098804882464363f,0.09782787457489228f,0.27882217681334487f,-0.011017287463151225f,-0.3508344559703476f,0.9363726842881229f,2.4337251432945473f,0.3067946495289126f,0.8900792885722132f,0.33709924810834957f,-6.355166178397041f,0f,0f,0f,1f], start_interpolation: 0, interpolation_duration: 1 }
$data merge entity $(bone_segment13) { transformation: [-0.9817085776413045f,0.1865122132464349f,0.038229084417538285f,0.47824377807696494f,0.008334669972839203f,-0.15850042585309532f,0.9873237302328105f,2.239356739241196f,0.19020726027660123f,0.9695828016803434f,0.1540467098764704f,-5.317383011017731f,0f,0f,0f,1f], start_interpolation: 0, interpolation_duration: 1 }
$data merge entity $(bone_segment12) { transformation: [-0.9977201107237228f,0.06689206886769294f,0.008946048291970956f,0.5566329212812926f,0.008768384679318241f,-0.002949105096993171f,0.9999572081890518f,2.2359007567056572f,0.06691558927154377f,0.9977558588661491f,0.0023558460720805308f,-4.148137863908962f,0f,0f,0f,1f], start_interpolation: 0, interpolation_duration: 1 }
$data merge entity $(bone_segment11) { transformation: [-1.0327076824741175f,-0.07101002863049713f,0.004569497444533224f,0.4745694233609453f,-0.00006242297547844286f,0.06737889959238022f,1.0329610553680881f,2.313767901575387f,-0.07115687300866835f,1.0305174048203545f,-0.06722380307608555f,-2.957209419880185f,0f,0f,0f,1f], start_interpolation: 0, interpolation_duration: 1 }
$data merge entity $(bone_segment10) { transformation: [-0.9912764768656018f,-0.13179882651651187f,-0.00012546629168320306f,0.3199870445217137f,-6.938893903907228e-18f,-0.0009519525943413321f,0.9999995468930265f,2.3282763957053767f,-0.13179888623550634f,0.9912760277113174f,0.0009436482138617253f,-1.7945753471805903f,0f,0f,0f,1f], start_interpolation: 0, interpolation_duration: 1 }