# This file was generated by Animated Java via MC-Build. It is not recommended to edit this file directly.
$data merge entity $(bone_neck_spine5) { transformation: [-1.3621773846783756f,0.08283539598308651f,0.08253926338026221f,0.32068196141322813f,0.11627682126873264f,1.0619283275264102f,0.8532230588708037f,3.572116767807641f,-0.012415057900397977f,0.85711620246355f,-1.0650818475441417f,0.32910541700697654f,0f,0f,0f,1f], start_interpolation: 0, interpolation_duration: 1 }
$data merge entity $(bone_neck_spine2) { transformation: [-1.297311794931786f,0.11136908864022783f,-0.00019942606817854606f,0.29787745616600303f,0.11073982977974534f,1.289730030781226f,-0.14054943879594223f,4.644560823044877f,-0.01182386466704569f,-0.14005135037173447f,-1.2944755008990445f,2.121264819702641f,0f,0f,0f,1f], start_interpolation: 0, interpolation_duration: 1 }
$data merge entity $(bone_scale_neck_left1) { transformation: [-1.3469746248688172f,0.471742507052134f,0.12073850008366724f,0.9118941794291956f,0.48693208142333116f,1.3077793749032744f,0.3225983153414176f,3.806566393794637f,-0.003990794786598639f,0.34442928449907634f,-1.3902560771092505f,2.1826263829487744f,0f,0f,0f,1f], start_interpolation: 0, interpolation_duration: 1 }
$data merge entity $(bone_scale_neck_right1) { transformation: [-1.4098607035740702f,-0.24943934770381507f,-0.03914366791066257f,-0.45028320524917975f,-0.25160586594048634f,1.369340177902151f,0.33624601679428207f,3.9228432150633696f,-0.021135352959983058f,0.33785634136830667f,-1.3917132635191978f,2.1702113250483768f,0f,0f,0f,1f], start_interpolation: 0, interpolation_duration: 1 }
$data merge entity $(bone_blush_right1) { transformation: [-0.9834573333970348f,0.14237018430782872f,-0.11199287480794617f,-0.2735318658066198f,0.0799677615580423f,0.8959973998975672f,0.4367995152105769f,3.407026016135464f,0.1625325521210736f,0.42061786694927f,-0.892560238585641f,3.281390500223002f,0f,0f,0f,1f], start_interpolation: 0, interpolation_duration: 1 }
$data merge entity $(bone_blush_left1) { transformation: [-0.9834573333970348f,0.14237018430782872f,-0.11199287480794617f,0.8597490457251195f,0.0799677615580423f,0.8959973998975672f,0.4367995152105769f,3.314875665902564f,0.1625325521210736f,0.42061786694927f,-0.892560238585641f,3.0940971296147337f,0f,0f,0f,1f], start_interpolation: 0, interpolation_duration: 1 }
$data merge entity $(bone_left_head_scales) { transformation: [-0.8206247540569621f,0.14237018430782872f,-0.5534489530653258f,0.9214460056384769f,-0.13075929960322252f,0.8959973998975672f,0.42437090492171303f,4.032139789575943f,0.556306586871147f,0.42061786694927f,-0.7166614203421452f,3.0544293605628203f,0f,0f,0f,1f], start_interpolation: 0, interpolation_duration: 1 }
$data merge entity $(bone_left_head_scales2) { transformation: [-0.741364611094131f,0.14237018430782872f,-0.6558271449379041f,0.8266245054186809f,-0.1850321539768622f,0.8959973998975672f,0.40367283952661676f,3.268157516920044f,0.645090393210076f,0.42061786694927f,-0.637917702051852f,2.856567780707772f,0f,0f,0f,1f], start_interpolation: 0, interpolation_duration: 1 }
$data merge entity $(bone_left_head_scales1) { transformation: [-0.9834573333970348f,0.14237018430782872f,-0.11199287480794617f,0.9075426673271655f,0.0799677615580423f,0.8959973998975672f,0.4367995152105769f,3.944640043492196f,0.1625325521210736f,0.42061786694927f,-0.892560238585641f,3.0133533969935558f,0f,0f,0f,1f], start_interpolation: 0, interpolation_duration: 1 }
$data merge entity $(bone_right_head_scales) { transformation: [-0.9240498633265098f,0.14237018430782872f,0.35477116667848463f,-0.23104305693617333f,0.27262384121721545f,0.8959973998975672f,0.35052089891584126f,4.125852010151774f,-0.2679703179201546f,0.42061786694927f,-0.8667597814370583f,3.2448971950797034f,0f,0f,0f,1f], start_interpolation: 0, interpolation_duration: 1 }
$data merge entity $(bone_right_head_scales2) { transformation: [-0.8698375591522323f,0.14237018430782872f,0.4723487602484435f,-0.3258645571559693f,0.3160436646918322f,0.8959973998975672f,0.3119375921317526f,3.3618697374958746f,-0.3788126485431069f,0.42061786694927f,-0.8243673861251442f,3.047035615224655f,0f,0f,0f,1f], start_interpolation: 0, interpolation_duration: 1 }
$data merge entity $(bone_right_head_scales1) { transformation: [-0.9834573333970348f,0.14237018430782872f,-0.11199287480794617f,-0.24494639524748474f,0.0799677615580423f,0.8959973998975672f,0.4367995152105769f,4.038352264068027f,0.1625325521210736f,0.42061786694927f,-0.892560238585641f,3.203821231510439f,0f,0f,0f,1f], start_interpolation: 0, interpolation_duration: 1 }
$data merge entity $(bone_head_left_fin1) { transformation: [-0.34444138400182095f,0.2396853100422085f,-0.9076954803990601f,0.847202625012856f,-0.09486725363797388f,0.9530243627846753f,0.2876539033735712f,3.648508291170447f,0.9340023218247898f,0.18519048595657917f,-0.3055227434039364f,2.793945879627437f,0f,0f,0f,1f], start_interpolation: 0, interpolation_duration: 1 }
$data merge entity $(bone_head_right_fin1) { transformation: [-0.605505357024704f,-0.014852268372737384f,0.795702628334587f,-0.3052864375617942f,0.17211017196250517f,0.9737215498277967f,0.14914567411758994f,3.742220511746278f,-0.7770079480426326f,0.2272570208489446f,-0.5870373882074631f,2.98441371414432f,0f,0f,0f,1f], start_interpolation: 0, interpolation_duration: 1 }
$data merge entity $(bone_right_whisker16) { transformation: [-0.02510374904604231f,-0.18928643301528805f,0.9816009617253755f,-1.0036187834884411f,0.9784160394364536f,-0.20611947766849611f,-0.014724628998736014f,2.865827084659463f,0.20511425001037203f,0.9600444818871757f,0.19037525375076247f,1.3225955277091201f,0f,0f,0f,1f], start_interpolation: 0, interpolation_duration: 1 }
$data merge entity $(bone_right_whisker15) { transformation: [0.30295537373337406f,-0.07323936031201028f,0.9501863173226391f,-1.0923752406368905f,0.4465371986309544f,0.8917296515379523f,-0.07363938353097155f,2.7350056397480507f,-0.8419160122986683f,0.4466029832738353f,0.30285838863405956f,1.5692506094372456f,0f,0f,0f,1f], start_interpolation: 0, interpolation_duration: 1 }
$data merge entity $(bone_right_whisker14) { transformation: [0.504105550531389f,-0.20363693547026185f,0.8392911249594657f,-1.2400624136441334f,-0.19579525983658674f,0.9195539635816767f,0.34071208415134246f,2.7923675322783006f,-0.8411550452496668f,-0.3360840766437892f,0.42368111036193545f,1.8156827516002338f,0f,0f,0f,1f], start_interpolation: 0, interpolation_duration: 1 }
$data merge entity $(bone_right_whisker13) { transformation: [0.03609321345021388f,-0.2738675362914039f,0.9610899294595243f,-1.2506365972721258f,0.28126475071154305f,0.9256244130544911f,0.253198708457808f,2.709965749843278f,-0.9589512083260601f,0.2611819643911215f,0.11043804383809047f,2.0966254884145092f,0f,0f,0f,1f], start_interpolation: 0, interpolation_duration: 1 }
$data merge entity $(bone_right_whisker12) { transformation: [-0.622394795843475f,-0.24500668406993487f,0.7433683090285823f,-1.0075136301457683f,-0.22199733140335026f,0.966000647957474f,0.13251389736752578f,2.796683457422712f,-0.7505610587798633f,-0.08254982075568189f,-0.6556246061096662f,2.3898134020003936f,0f,0f,0f,1f], start_interpolation: 0, interpolation_duration: 1 }
$data merge entity $(bone_right_whisker11) { transformation: [-0.9675683089011615f,-0.10448809853194509f,0.22998653194333968f,-0.6295572594812522f,-0.08227681629188757f,0.9911515949049445f,0.10415873183874458f,2.8288228387867305f,-0.23883486577762703f,0.08185812838419315f,-0.9676038206344679f,2.483108271444779f,0f,0f,0f,1f], start_interpolation: 0, interpolation_duration: 1 }
$data merge entity $(bone_right_whisker10) { transformation: [-0.6324677674621675f,-0.5036104023458082f,0.5885244988702805f,-0.382499537816343f,-0.38959757453153143f,0.8635167309769256f,0.3202383256920875f,2.9810093913381097f,-0.6694761034126379f,-0.026747298405949138f,-0.7423518902699808f,2.7446223743403406f,0f,0f,0f,1f], start_interpolation: 0, interpolation_duration: 1 }
$data merge entity $(bone_right_whisker1) { transformation: [-0.11608761263412049f,-0.628192661973297f,0.7693488452164035f,-0.3371528141311397f,-0.626311577474855f,0.6474760027079293f,0.4341758098262963f,3.225662351289225f,-0.7708809727278711f,-0.43144965564972293f,-0.46860828047087083f,3.045747754312165f,0f,0f,0f,1f], start_interpolation: 0, interpolation_duration: 1 }
$data merge entity $(bone_left_whisker16) { transformation: [-0.24292367879410356f,0.4513587144581256f,-0.8586404353184445f,0.830597582366408f,-0.9566219537016909f,-0.25821218841122834f,0.13491072400607867f,2.716681644374944f,-0.16081829490794675f,0.8541673001459332f,0.49450550996354714f,1.0194610073178072f,0f,0f,0f,1f], start_interpolation: 0, interpolation_duration: 1 }
$data merge entity $(bone_left_whisker15) { transformation: [0.48198885839885247f,0.35146655693285234f,-0.802594542553796f,0.9718052557254468f,-0.5103632854980795f,0.8571955844572654f,0.06888430011673835f,2.5671611505766783f,0.7121910257753719f,0.37641332248571296f,0.5925343479160426f,1.2281107219004357f,0f,0f,0f,1f], start_interpolation: 0, interpolation_duration: 1 }
$data merge entity $(bone_left_whisker14) { transformation: [0.7707279358257159f,0.22746809108133575f,-0.5951778864151829f,1.197604455674387f,0.09213486014128464f,0.884499566406488f,0.4573529103148689f,2.5941537853836953f,0.6304677759287758f,-0.4073312958349107f,0.6607507842968291f,1.4128180781295692f,0f,0f,0f,1f], start_interpolation: 0, interpolation_duration: 1 }
$data merge entity $(bone_left_whisker13) { transformation: [0.29604945840356744f,0.4849833278032509f,-0.8228887469955091f,1.2843376954410572f,-0.30827223246401403f,0.863920053447528f,0.39825917684702905f,2.5038396547790036f,0.9040591512011849f,0.13576933749600736f,0.4052699570968563f,1.6776791575830412f,0f,0f,0f,1f], start_interpolation: 0, interpolation_duration: 1 }
$data merge entity $(bone_left_whisker12) { transformation: [-0.30668814964651725f,0.35448037945036187f,-0.8833380097398293f,1.1645376369853864f,0.2975437541403222f,0.9172546201179845f,0.26478609526237484f,2.620067683740067f,0.9041073460814697f,-0.18162494998468492f,-0.3867845450694503f,2.0308460896461153f,0f,0f,0f,1f], start_interpolation: 0, interpolation_duration: 1 }
$data merge entity $(bone_left_whisker11) { transformation: [-0.8147793777862122f,0.27969827291038485f,-0.5078419455551706f,0.8462644425376473f,0.22720466418358964f,0.9599122893427718f,0.16415370036018434f,2.7088195056867814f,0.5333972310647432f,0.01836499114257209f,-0.8456654900093757f,2.239204383030781f,0f,0f,0f,1f], start_interpolation: 0, interpolation_duration: 1 }
$data merge entity $(bone_left_whisker10) { transformation: [-0.3156601563130459f,0.5978333630486422f,-0.7368540803594521f,0.7229596939778637f,0.46669259956234155f,0.7739551512219485f,0.4280086931485795f,2.8911213023908213f,0.8261698876321789f,-0.20877905527844798f,-0.523311210320275f,2.561926995387101f,0f,0f,0f,1f], start_interpolation: 0, interpolation_duration: 1 }
$data merge entity $(bone_left_whisker1) { transformation: [0.23648397943205557f,0.5508807730597461f,-0.8003784738141548f,0.8153362484435105f,0.6165218005057865f,0.5516021298816853f,0.5618148803752812f,3.131950130713394f,0.7509834864849441f,-0.6263109963772668f,-0.20918493933319565f,2.855279919795282f,0f,0f,0f,1f], start_interpolation: 0, interpolation_duration: 1 }
$data merge entity $(bone_upper_left_tooth1) { transformation: [-0.9834573333970348f,0.13206760058747155f,-0.1239750872661984f,0.6423375020410222f,0.0799677615580423f,0.9306574454619408f,0.3570460422937785f,3.127351453208381f,0.1625325521210736f,0.3412255384365635f,-0.9258230400134184f,3.763491740761594f,0f,0f,0f,1f], start_interpolation: 0, interpolation_duration: 1 }
$data merge entity $(bone_upper_right_tooth1) { transformation: [-0.9834573333970348f,0.13206760058747155f,-0.1239750872661984f,0.06609297075369724f,0.0799677615580423f,0.9306574454619408f,0.3570460422937785f,3.1742075634962963f,0.1625325521210736f,0.3412255384365635f,-0.9258230400134184f,3.8587256580200355f,0f,0f,0f,1f], start_interpolation: 0, interpolation_duration: 1 }
$data merge entity $(bone_top_lip1) { transformation: [-0.9834573333970348f,0.08170097260135027f,-0.16166825434693985f,0.3924126818132723f,0.0799677615580423f,0.9966488725392306f,0.017209938340283337f,3.248800113207982f,0.1625325521210736f,0.0039969916529414284f,-0.986695086416638f,3.8437956558503643f,0f,0f,0f,1f], start_interpolation: 0, interpolation_duration: 1 }
$data merge entity $(bone_muzzle1) { transformation: [-0.9834573333970348f,0.13206760058747155f,-0.1239750872661984f,0.3512238111638793f,0.0799677615580423f,0.9306574454619408f,0.3570460422937785f,3.55946577528433f,0.1625325521210736f,0.3412255384365635f,-0.9258230400134184f,3.441717834325731f,0f,0f,0f,1f], start_interpolation: 0, interpolation_duration: 1 }
$data merge entity $(bone_jaw_right_tooth1) { transformation: [-0.9834573333970348f,0.021480001541569472f,-0.17986184398411906f,0.07154480036519614f,0.0799677615580423f,0.9424297366174798f,-0.3247019381686892f,3.1994508094831295f,0.1625325521210736f,-0.3337136513133398f,-0.9285571433294392f,3.879293820472461f,0f,0f,0f,1f], start_interpolation: 0, interpolation_duration: 1 }
$data merge entity $(bone_jaw_left_tooth1) { transformation: [-0.9834573333970348f,0.021480001541569472f,-0.17986184398411906f,0.6958097092597983f,0.0799677615580423f,0.9424297366174798f,-0.3247019381686892f,3.148690023337888f,0.1625325521210736f,-0.3337136513133398f,-0.9285571433294392f,3.776123743442483f,0f,0f,0f,1f], start_interpolation: 0, interpolation_duration: 1 }
$data merge entity $(bone_tongue1) { transformation: [-0.9834573333970348f,0.09548039252072894f,-0.15393234887989254f,0.27544534999293924f,0.0799677615580423f,0.9913563777240085f,0.10400812207384863f,3.2396842696365633f,0.1625325521210736f,0.08997792501508384f,-0.9825920529451632f,3.1405309550270815f,0f,0f,0f,1f], start_interpolation: 0, interpolation_duration: 1 }
$data merge entity $(bone_jaw_lips1) { transformation: [-0.9834573333970348f,0.09548039252072894f,-0.15393234887989254f,0.4330025093558372f,0.0799677615580423f,0.9913563777240085f,0.10400812207384863f,3.043189590006484f,0.1625325521210736f,0.08997792501508384f,-0.9825920529451632f,3.8901399219863375f,0f,0f,0f,1f], start_interpolation: 0, interpolation_duration: 1 }
$data merge entity $(bone_jaw3) { transformation: [-0.9834573333970348f,0.052386353492507816f,-0.17339937530265626f,0.293697339904962f,0.0799677615580423f,0.9844960111380605f,-0.1561177797838652f,2.84911562545456f,0.1625325521210736f,-0.1674015353006219f,-0.9723990412788388f,3.142714077936501f,0f,0f,0f,1f], start_interpolation: 0, interpolation_duration: 1 }
$data merge entity $(bone_jaw1) { transformation: [-0.9834573333970348f,0.15965461992620725f,-0.08556912833383153f,0.2268464583941561f,0.0799677615580423f,0.8065357462757886f,0.5857518647778703f,3.3067342698122713f,0.1625325521210736f,0.5692191953154556f,-0.8059607168996734f,2.513057267858631f,0f,0f,0f,1f], start_interpolation: 0, interpolation_duration: 1 }
$data merge entity $(bone_tear_right1) { transformation: [-0.9834573333970348f,0.14237018430782872f,-0.11199287480794617f,-0.16700668034733562f,0.0799677615580423f,0.8959973998975672f,0.4367995152105769f,3.670979869179697f,0.1625325521210736f,0.42061786694927f,-0.892560238585641f,3.4956678901633325f,0f,0f,0f,1f], start_interpolation: 0, interpolation_duration: 1 }
$data merge entity $(bone_right_pupil1) { transformation: [-0.9834573333970348f,0.14237018430782872f,-0.11199287480794617f,0.01192567924585164f,0.0799677615580423f,0.8959973998975672f,0.4367995152105769f,3.720000488329823f,0.1625325521210736f,0.42061786694927f,-0.892560238585641f,3.562853028757576f,0f,0f,0f,1f], start_interpolation: 0, interpolation_duration: 1 }
$data merge entity $(bone_right_sad_pupil1) { transformation: [-0.9834573333970348f,0.14237018430782872f,-0.11199287480794617f,0.010831998827805278f,0.0799677615580423f,0.8959973998975672f,0.4367995152105769f,3.7242661085955513f,0.1625325521210736f,0.42061786694927f,-0.892560238585641f,3.554136620177638f,0f,0f,0f,1f], start_interpolation: 0, interpolation_duration: 1 }
$data merge entity $(bone_right_happy_pupil1) { transformation: [-0.9834573333970348f,0.14237018430782872f,-0.11199287480794617f,-0.016653672732561853f,0.0799677615580423f,0.8959973998975672f,0.4367995152105769f,3.7043437650125397f,0.1625325521210736f,0.42061786694927f,-0.892560238585641f,3.5478357898227513f,0f,0f,0f,1f], start_interpolation: 0, interpolation_duration: 1 }
$data merge entity $(bone_eyelid_right1) { transformation: [-0.9834573333970348f,0.14237018430782872f,-0.11199287480794617f,0.3189535236762823f,0.0799677615580423f,0.8959973998975672f,0.4367995152105769f,3.8637312197487543f,0.1625325521210736f,0.42061786694927f,-0.892560238585641f,3.036669728363855f,0f,0f,0f,1f], start_interpolation: 0, interpolation_duration: 1 }
$data merge entity $(bone_eyelid_expressions_right5) { transformation: [-0.9834573333970348f,0.14237018430782872f,-0.11199287480794617f,-0.08571122402720399f,0.0799677615580423f,0.8959973998975672f,0.4367995152105769f,3.820746584161223f,0.1625325521210736f,0.42061786694927f,-0.892560238585641f,3.613465700430015f,0f,0f,0f,1f], start_interpolation: 0, interpolation_duration: 1 }
$data merge entity $(bone_eyelid_expressions_right7) { transformation: [-0.9834573333970348f,0.14237018430782872f,-0.11199287480794617f,0.20241104161645856f,0.0799677615580423f,0.8959973998975672f,0.4367995152105769f,3.7973185290172657f,0.1625325521210736f,0.42061786694927f,-0.892560238585641f,3.565848741800794f,0f,0f,0f,1f], start_interpolation: 0, interpolation_duration: 1 }
$data merge entity $(bone_eyelid_expressions_right6) { transformation: [-0.9834573333970348f,0.14237018430782872f,-0.11199287480794617f,0.10637028640190438f,0.0799677615580423f,0.8959973998975672f,0.4367995152105769f,3.805127880731918f,0.1625325521210736f,0.42061786694927f,-0.892560238585641f,3.5817210613438677f,0f,0f,0f,1f], start_interpolation: 0, interpolation_duration: 1 }
$data merge entity $(bone_right_eye1) { transformation: [-0.9834573333970348f,0.14237018430782872f,-0.11199287480794617f,0.31044312857287326f,0.0799677615580423f,0.8959973998975672f,0.4367995152105769f,3.8602465346544914f,0.1625325521210736f,0.42061786694927f,-0.892560238585641f,3.0469733688981f,0f,0f,0f,1f], start_interpolation: 0, interpolation_duration: 1 }
$data merge entity $(bone_tear_left1) { transformation: [-0.9834573333970348f,0.14237018430782872f,-0.11199287480794617f,0.8702334759698495f,0.0799677615580423f,0.8959973998975672f,0.4367995152105769f,3.5866388706614494f,0.1625325521210736f,0.42061786694927f,-0.892560238585641f,3.324246839098138f,0f,0f,0f,1f], start_interpolation: 0, interpolation_duration: 1 }
$data merge entity $(bone_left_sad_pupil1) { transformation: [-0.9834573333970348f,0.14237018430782872f,-0.11199287480794617f,0.7311376629369616f,0.0799677615580423f,0.8959973998975672f,0.4367995152105769f,3.665695970735657f,0.1625325521210736f,0.42061786694927f,-0.892560238585641f,3.435094223604586f,0f,0f,0f,1f], start_interpolation: 0, interpolation_duration: 1 }
$data merge entity $(bone_left_pupil1) { transformation: [-0.9834573333970348f,0.14237018430782872f,-0.11199287480794617f,0.732231343355008f,0.0799677615580423f,0.8959973998975672f,0.4367995152105769f,3.661430350469929f,0.1625325521210736f,0.42061786694927f,-0.892560238585641f,3.443810632184524f,0f,0f,0f,1f], start_interpolation: 0, interpolation_duration: 1 }
$data merge entity $(bone_eyelid_left1) { transformation: [-0.9834573333970348f,0.14237018430782872f,-0.11199287480794617f,0.2997453726333715f,0.0799677615580423f,0.8959973998975672f,0.4367995152105769f,3.865293090091685f,0.1625325521210736f,0.42061786694927f,-0.892560238585641f,3.0398441922724695f,0f,0f,0f,1f], start_interpolation: 0, interpolation_duration: 1 }
$data merge entity $(bone_left_happy_pupil1) { transformation: [-0.9834573333970348f,0.14237018430782872f,-0.11199287480794617f,0.7516723689838716f,0.0799677615580423f,0.8959973998975672f,0.4367995152105769f,3.641868951295319f,0.1625325521210736f,0.42061786694927f,-0.892560238585641f,3.4208572334781624f,0f,0f,0f,1f], start_interpolation: 0, interpolation_duration: 1 }
$data merge entity $(bone_eyelid_expressions_left5) { transformation: [-0.9834573333970348f,0.14237018430782872f,-0.11199287480794617f,0.855488177075427f,0.0799677615580423f,0.8959973998975672f,0.4367995152105769f,3.7442149373576274f,0.1625325521210736f,0.42061786694927f,-0.892560238585641f,3.4579169689078935f,0f,0f,0f,1f], start_interpolation: 0, interpolation_duration: 1 }
$data merge entity $(bone_eyelid_expressions_left7) { transformation: [-0.9834573333970348f,0.14237018430782872f,-0.11199287480794617f,0.5673659114317644f,0.0799677615580423f,0.8959973998975672f,0.4367995152105769f,3.7676429925015853f,0.1625325521210736f,0.42061786694927f,-0.892560238585641f,3.5055339275371145f,0f,0f,0f,1f], start_interpolation: 0, interpolation_duration: 1 }
$data merge entity $(bone_eyelid_expressions_left6) { transformation: [-0.9834573333970348f,0.14237018430782872f,-0.11199287480794617f,0.6634066666463185f,0.0799677615580423f,0.8959973998975672f,0.4367995152105769f,3.759833640786933f,0.1625325521210736f,0.42061786694927f,-0.892560238585641f,3.489661607994041f,0f,0f,0f,1f], start_interpolation: 0, interpolation_duration: 1 }
$data merge entity $(bone_left_eye1) { transformation: [-0.9834573333970348f,0.14237018430782872f,-0.11199287480794617f,0.31044312857287326f,0.0799677615580423f,0.8959973998975672f,0.4367995152105769f,3.8602465346544914f,0.1625325521210736f,0.42061786694927f,-0.892560238585641f,3.0469733688981f,0f,0f,0f,1f], start_interpolation: 0, interpolation_duration: 1 }
$data merge entity $(bone_crest_middle5) { transformation: [-0.9834573333970348f,0.11475574788541203f,-0.14015274422876342f,0.52842188024753f,0.0799677615580423f,0.9692994023503648f,0.23251629128863543f,4.758804232029835f,0.1625325521210736f,0.21746215056989854f,-0.9624413657831448f,3.9238263580959423f,0f,0f,0f,1f], start_interpolation: 0, interpolation_duration: 1 }
$data merge entity $(bone_crest_middle4) { transformation: [-0.9834573333970348f,0.11475574788541203f,-0.14015274422876342f,0.46118218422092144f,0.0799677615580423f,0.9692994023503648f,0.23251629128863543f,4.190855363465168f,0.1625325521210736f,0.21746215056989854f,-0.9624413657831448f,3.796407129246392f,0f,0f,0f,1f], start_interpolation: 0, interpolation_duration: 1 }
$data merge entity $(bone_crest_middle1) { transformation: [-0.9834573333970348f,0.11475574788541203f,-0.14015274422876342f,0.4210175495701402f,0.0799677615580423f,0.9692994023503648f,0.23251629128863543f,3.74786363757696f,0.1625325521210736f,0.21746215056989854f,-0.9624413657831448f,3.7713343193426017f,0f,0f,0f,1f], start_interpolation: 0, interpolation_duration: 1 }
$data merge entity $(bone_crest_left5) { transformation: [-0.6484850356440651f,-0.7611205207503078f,-0.012755839388124565f,-0.4858964659999489f,-0.7127098955786872f,0.6011813549922778f,0.3614216141210506f,4.298416602091068f,-0.26741683434281427f,0.24346772127415384f,-0.9323152392874625f,3.9220788907346757f,0f,0f,0f,1f], start_interpolation: 0, interpolation_duration: 1 }
$data merge entity $(bone_crest_left4) { transformation: [-0.6484850356440651f,-0.7611205207503078f,-0.012755839388124565f,-0.11425558672733765f,-0.7127098955786872f,0.6011813549922778f,0.3614216141210506f,4.004871018598745f,-0.26741683434281427f,0.24346772127415384f,-0.9323152392874625f,3.8031981674562805f,0f,0f,0f,1f], start_interpolation: 0, interpolation_duration: 1 }
$data merge entity $(bone_crest_left1) { transformation: [-0.6484850356440651f,-0.7611205207503078f,-0.012755839388124565f,0.2939265367524114f,-0.7127098955786872f,0.6011813549922778f,0.3614216141210506f,3.699618416509194f,-0.26741683434281427f,0.24346772127415384f,-0.9323152392874625f,3.6269061668067124f,0f,0f,0f,1f], start_interpolation: 0, interpolation_duration: 1 }
$data merge entity $(bone_crest_center1) { transformation: [-0.9834573333970348f,0.14237018430782872f,-0.11199287480794617f,0.38649150187982034f,0.0799677615580423f,0.8959973998975672f,0.4367995152105769f,3.669934408272792f,0.1625325521210736f,0.42061786694927f,-0.892560238585641f,3.600764987814406f,0f,0f,0f,1f], start_interpolation: 0, interpolation_duration: 1 }
$data merge entity $(bone_crest_right5) { transformation: [-0.40833744447601183f,0.8835665440191303f,-0.22928299921470413f,1.4032043569284163f,0.7986431895097039f,0.4674470906101322f,0.3790280640399732f,4.144808347785592f,0.44207418753933936f,-0.028343954738409435f,-0.8965305532669925f,3.6098738081776154f,0f,0f,0f,1f], start_interpolation: 0, interpolation_duration: 1 }
$data merge entity $(bone_crest_right4) { transformation: [-0.40833744447601183f,0.8835665440191303f,-0.22928299921470413f,0.9717753803565753f,0.7986431895097039f,0.4674470906101322f,0.3790280640399732f,3.916562698073613f,0.44207418753933936f,-0.028343954738409435f,-0.8965305532669925f,3.6237136298272294f,0f,0f,0f,1f], start_interpolation: 0, interpolation_duration: 1 }
$data merge entity $(bone_crest_right1) { transformation: [-0.40833744447601183f,0.8835665440191303f,-0.22928299921470413f,0.4860080471815198f,0.7986431895097039f,0.4674470906101322f,0.3790280640399732f,3.6839997130798885f,0.44207418753933936f,-0.028343954738409435f,-0.8965305532669925f,3.595161527720565f,0f,0f,0f,1f], start_interpolation: 0, interpolation_duration: 1 }
$data merge entity $(bone_head1) { transformation: [-0.9834573333970348f,0.14237018430782872f,-0.11199287480794617f,0.24333903642466834f,0.0799677615580423f,0.8959973998975672f,0.4367995152105769f,4.051105776227674f,0.1625325521210736f,0.42061786694927f,-0.892560238585641f,2.5470329152168834f,0f,0f,0f,1f], start_interpolation: 0, interpolation_duration: 1 }
$data merge entity $(bone_neck10) { transformation: [-1.297311794931786f,0.11044234097354706f,0.014338863120706738f,0.22042277410610778f,0.11073982977974534f,1.2970415946422327f,0.028996531046513573f,3.682653326205645f,-0.01182386466704569f,0.030109766399976996f,-1.301681453019946f,1.6105519500201786f,0f,0f,0f,1f], start_interpolation: 0, interpolation_duration: 1 }
$data merge entity $(bone_neck9) { transformation: [-0.9963354585076117f,0.04289836981350405f,0.07399583763814578f,0.175675864844892f,0.08504818927084443f,0.5887368191044188f,0.8038381449847732f,3.0615217738276757f,-0.00908072806429109f,0.8071856587540158f,-0.5902277972780234f,0.7027853684419468f,0f,0f,0f,1f], start_interpolation: 0, interpolation_duration: 1 }
$data merge entity $(bone_neck8) { transformation: [-0.9963354585076117f,0.0300455919045131f,0.08008068760652873f,0.15171172624239102f,0.08504818927084443f,0.44741727707179635f,0.8902721975213029f,2.6899077080638656f,-0.00908072806429109f,0.8938204755904658f,-0.448333021082605f,-0.14833387263722586f,0f,0f,0f,1f], start_interpolation: 0, interpolation_duration: 1 }
$data merge entity $(bone_neck7) { transformation: [-0.9962013888175075f,-0.026143619393329653f,0.08306204959598393f,0.17596606064049958f,0.0691041617825217f,0.34304913398541625f,0.9367720675256018f,2.371649234151614f,-0.05298497657264782f,0.9389535679877213f,-0.33993939080477753f,-1.0194333741883344f,0f,0f,0f,1f], start_interpolation: 0, interpolation_duration: 1 }
$data merge entity $(bone_neck6) { transformation: [-0.9739880104985659f,-0.1800643017223146f,0.1375652668746755f,0.32793464397781097f,0.1271235304312517f,0.06835342036911196f,0.9895288868620955f,2.3302384412173467f,-0.18758188456175623f,0.981277054235499f,-0.04368500217650467f,-1.8365691263792223f,0f,0f,0f,1f], start_interpolation: 0, interpolation_duration: 1 }
$data merge entity $(bone_neck_spine6) { transformation: [-1.0918334351511345f,0.18115085287376406f,0.005078967074378168f,0.6200917802383809f,0.016465354006968115f,0.06827182667109094f,1.1045404145244204f,2.854171437198384f,0.1804724896510821f,1.0897086783647554f,-0.07004537310229458f,-5.04401965869095f,0f,0f,0f,1f], start_interpolation: 0, interpolation_duration: 1 }
$data merge entity $(bone_neck_spine7) { transformation: [-0.9501251515761342f,0.3086438205255343f,0.0447346442238004f,-0.052040828959402374f,-0.010038308623626615f,-0.17363221796849346f,0.9847594047498698f,3.3482251446628517f,0.31170728047706076f,0.9351956185391073f,0.16807059934102578f,-7.809396896386362f,0f,0f,0f,1f], start_interpolation: 0, interpolation_duration: 1 }
$data merge entity $(bone_tail6) { transformation: [-1.4586266802960104f,0.3368287260874872f,0.033895405218826995f,-0.7822559720416067f,0.04848264052738742f,0.05946614426813763f,1.4954288658901163f,3.8945985164724592f,0.3350401808442684f,1.4578081041934805f,-0.06883233434715379f,-11.10858356469812f,0f,0f,0f,1f], start_interpolation: 0, interpolation_duration: 1 }
$data merge entity $(bone_tail5) { transformation: [-1.2049524750271392f,0.2691603324031468f,0.07589273452683412f,-0.6122599726290927f,0.04005087695740701f,-0.16613912052310584f,1.225116802045467f,3.789668545615761f,0.27677232330613477f,1.1958544923441976f,0.15312273821770533f,-10.353307043217574f,0f,0f,0f,1f], start_interpolation: 0, interpolation_duration: 1 }
$data merge entity $(bone_tail4) { transformation: [-0.9691641026466783f,0.22951804653357027f,0.08967947622768913f,-0.5226044857019169f,0.04821838000624181f,-0.1802597461308486f,0.9824364670320495f,3.7192545822833982f,0.24165249837448904f,0.956466356041997f,0.16363428671617597f,-9.97968737288867f,0f,0f,0f,1f], start_interpolation: 0, interpolation_duration: 1 }
$data merge entity $(bone_segment18) { transformation: [-0.9908308860568209f,0.10105318787342922f,0.08967947622768913f,-0.47326210881059405f,0.07133448335397097f,-0.17242383747674325f,0.9824364670320495f,3.6350632553904574f,0.11474121631078027f,0.9798256342280556f,0.16363428671617597f,-9.501256887425752f,0f,0f,0f,1f], start_interpolation: 0, interpolation_duration: 1 }
$data merge entity $(bone_segment17) { transformation: [-0.980222418437235f,0.16979538324202756f,0.1016540123298204f,-0.3654818362448539f,0.04700185950492364f,-0.299222219305561f,0.9530251248927982f,3.445127276339076f,0.1922364054910976f,0.9389545203595049f,0.2853236287101273f,-8.905240834463175f,0f,0f,0f,1f], start_interpolation: 0, interpolation_duration: 1 }
$data merge entity $(bone_segment16) { transformation: [-0.9641907382815714f,0.23539891500786406f,0.12216206868401874f,-0.17008234624809176f,0.012757074565380418f,-0.41892504292400035f,0.9079312008404916f,3.097386762193177f,0.26490276944677615f,0.8769772854665306f,0.40092064491016594f,-8.177281173675528f,0f,0f,0f,1f], start_interpolation: 0, interpolation_duration: 1 }
$data merge entity $(bone_segment15) { transformation: [-0.9501251515761342f,0.28654885946913655f,0.12309324709083445f,0.12374216785600334f,-0.010038308623626615f,-0.42259033240470867f,0.9062652168753107f,2.664066597129755f,0.31170728047706076f,0.8598297285480508f,0.4043901695177322f,-7.295619830926062f,0f,0f,0f,1f], start_interpolation: 0, interpolation_duration: 1 }
$data merge entity $(bone_segment14) { transformation: [-0.9603461160826818f,0.2643024264660044f,0.08876691212997537f,0.394755398118996f,0.0013527533490261274f,-0.3139563696112294f,0.9494364476040054f,2.3421386790713656f,0.27880729435092816f,0.9119076846615118f,0.3011492441830055f,-6.360558240208691f,0f,0f,0f,1f], start_interpolation: 0, interpolation_duration: 1 }
$data merge entity $(bone_segment13) { transformation: [-0.9865036214071427f,0.1603916598193338f,0.032941165902137845f,0.5662469090515027f,0.014876931620413541f,-0.11254977288159963f,0.9935347127956131f,2.1969796946391957f,0.16306220241415414f,0.9806156556392007f,0.1086446227806326f,-5.309814939036929f,0f,0f,0f,1f], start_interpolation: 0, interpolation_duration: 1 }
$data merge entity $(bone_segment12) { transformation: [-0.9994617025677897f,0.03141055633537842f,0.009470060770522652f,0.6030561547570242f,0.010524414277079716f,0.03357316043634506f,0.9993808481266986f,2.2363232420255374f,0.03107316856099121f,0.99894255082513f,-0.0338856657978381f,-4.13917913728873f,0f,0f,0f,1f], start_interpolation: 0, interpolation_duration: 1 }
$data merge entity $(bone_segment11) { transformation: [-1.0301949433298965f,-0.1008917244047584f,0.008228037324181888f,0.4864595560011933f,-0.0001006666432587064f,0.0851619671350743f,1.0316471737633819f,2.3347415788107218f,-0.1012266294894816f,1.0267018852687382f,-0.0847636135489776f,-2.952660139176648f,0f,0f,0f,1f], start_interpolation: 0, interpolation_duration: 1 }
$data merge entity $(bone_segment10) { transformation: [-0.9900630142943843f,-0.14062406339839592f,-0.00031704832724899906f,0.32152349358419213f,0f,-0.0022545751686473547f,0.9999974584421745f,2.3477222577941137f,-0.14062442080349302f,0.9900604979919826f,0.002232171487424217f,-1.7914315688516378f,0f,0f,0f,1f], start_interpolation: 0, interpolation_duration: 1 }