# This file was generated by Animated Java via MC-Build. It is not recommended to edit this file directly.
$data merge entity $(bone_neck_spine5) { transformation: [-1.3658012937012132f,0.04135117656629714f,0.04559129825883045f,0.23356806951692893f,0.060422992195687725f,1.0937278825623926f,0.8181137091358117f,2.856831841801715f,-0.011728098501571896f,0.8192991268507607f,-1.0944464594503331f,0.33753913504665756f,0f,0f,0f,1f], start_interpolation: 0, interpolation_duration: 1 }
$data merge entity $(bone_neck_spine2) { transformation: [-1.300763136858298f,0.05855010811617941f,0.0028554464779490425f,0.17086067562101165f,0.057545706853035915f,1.287501099089793f,-0.18560823906767676f,3.9894626725882336f,-0.01116961762054466f,-0.18529385210147437f,-1.2887833157517412f,2.0913084487382743f,0f,0f,0f,1f], start_interpolation: 0, interpolation_duration: 1 }
$data merge entity $(bone_scale_neck_left1) { transformation: [-1.3656642261498673f,0.41888640562881263f,0.10466527120604256f,0.8185662985990059f,0.43145762347151495f,1.3370786150549447f,0.27843224438602826f,3.1797215132737433f,-0.016277560184901067f,0.2970090482542618f,-1.4010639117086354f,2.179700316124508f,0f,0f,0f,1f], start_interpolation: 0, interpolation_duration: 1 }
$data merge entity $(bone_scale_neck_right1) { transformation: [-1.3985053309577986f,-0.30421406667280493f,-0.05564224405781503f,-0.5472349951022071f,-0.30917087770041907f,1.369068549751944f,0.2855242421666492f,3.2401445054694307f,-0.007458288499905513f,0.29079980419745993f,-1.4024404679750757f,2.167972217622936f,0f,0f,0f,1f], start_interpolation: 0, interpolation_duration: 1 }
$data merge entity $(bone_blush_right1) { transformation: [-0.9835800362233221f,0.024711544262904964f,0.17877262632481164f,-0.590910359630929f,0.04152273284042184f,0.9949926188636352f,0.09091507611143296f,3.013463923738433f,-0.17563079172056129f,0.09684538185699515f,-0.9796809669543356f,3.2644369612332196f,0f,0f,0f,1f], start_interpolation: 0, interpolation_duration: 1 }
$data merge entity $(bone_blush_left1) { transformation: [-0.9835800362233221f,0.024711544262904964f,0.17877262632481164f,0.5425119477357899f,0.04152273284042184f,0.9949926188636352f,0.09091507611143296f,2.965615462066853f,-0.17563079172056129f,0.09684538185699515f,-0.9796809669543356f,3.46682400637996f,0f,0f,0f,1f], start_interpolation: 0, interpolation_duration: 1 }
$data merge entity $(bone_left_head_scales) { transformation: [-0.9549941597177811f,0.024711544262904964f,-0.29559346150595334f,0.6289071853791546f,-0.005148796463992439f,0.9949926188636352f,0.09981572171685718f,3.6278715671175954f,0.29657991300811576f,0.09684538185699515f,-0.9500849052653514f,3.1951613771712055f,0f,0f,0f,1f], start_interpolation: 0, interpolation_duration: 1 }
$data merge entity $(bone_left_head_scales2) { transformation: [-0.9082413633186776f,0.024711544262904964f,-0.41771636972612447f,0.5834138949894615f,-0.01813331387588262f,0.9949926188636352f,0.0982897315835353f,2.83721594552812f,0.41805359570862277f,0.09684538185699515f,-0.9032453504602526f,3.2630088767391294f,0f,0f,0f,1f], start_interpolation: 0, interpolation_duration: 1 }
$data merge entity $(bone_left_head_scales1) { transformation: [-0.9835800362233221f,0.024711544262904964f,0.17877262632481164f,0.6264939486347303f,0.04152273284042184f,0.9949926188636352f,0.09091507611143296f,3.5307043191816936f,-0.17563079172056129f,0.09684538185699515f,-0.9796809669543356f,3.185703820349233f,0f,0f,0f,1f], start_interpolation: 0, interpolation_duration: 1 }
$data merge entity $(bone_right_head_scales) { transformation: [-0.7898981351380479f,0.024711544262904964f,0.6127399739576135f,-0.523725669570051f,0.07881102416923101f,0.9949926188636352f,0.06146959310327f,3.6765310196649645f,-0.6081527427997273f,0.09684538185699515f,-0.7878903562286709f,2.9893440431236726f,0f,0f,0f,1f], start_interpolation: 0, interpolation_duration: 1 }
$data merge entity $(bone_right_head_scales2) { transformation: [-0.7031618314696723f,0.024711544262904964f,0.7106002943598874f,-0.569218959959744f,0.08616017685727703f,0.9949926188636352f,0.05065680932320388f,2.885875398075489f,-0.7057902398646066f,0.09684538185699515f,-0.7017699832030678f,3.0571915426915965f,0f,0f,0f,1f], start_interpolation: 0, interpolation_duration: 1 }
$data merge entity $(bone_right_head_scales1) { transformation: [-0.9835800362233221f,0.024711544262904964f,0.17877262632481164f,-0.5261389063144752f,0.04152273284042184f,0.9949926188636352f,0.09091507611143296f,3.5793637717290627f,-0.17563079172056129f,0.09684538185699515f,-0.9796809669543356f,2.9798864863017003f,0f,0f,0f,1f], start_interpolation: 0, interpolation_duration: 1 }
$data merge entity $(bone_head_left_fin1) { transformation: [-0.6181830329061477f,0.19122497481210174f,-0.7624190100168462f,0.6305379609162003f,0.20152505533385567f,0.97609367922585f,0.08141732891731167f,3.172986240997424f,0.7597614032705553f,-0.10331572186000723f,-0.6419411746545804f,3.0784843416094705f,0f,0f,0f,1f], start_interpolation: 0, interpolation_duration: 1 }
$data merge entity $(bone_head_right_fin1) { transformation: [-0.33188222993722494f,-0.06334436144246486f,0.9411916262511801f,-0.5220948940330052f,-0.16141717937341524f,0.9868405571100834f,0.009497844270718939f,3.2216456935447932f,-0.9294077036774689f,-0.14877233182318042f,-0.3377397128394408f,2.8726670075619376f,0f,0f,0f,1f], start_interpolation: 0, interpolation_duration: 1 }
$data merge entity $(bone_right_whisker16) { transformation: [-0.06614735730540859f,-0.4811089450372331f,0.8741617185204759f,-0.6914212750037344f,0.9826789474179367f,0.12057971160977154f,0.14072178029601784f,1.7674681165958326f,-0.17310867518147946f,0.8683286913106502f,0.4647996024349074f,1.5037004847494284f,0f,0f,0f,1f], start_interpolation: 0, interpolation_duration: 1 }
$data merge entity $(bone_right_whisker15) { transformation: [0.5578671284300711f,-0.18841367370827394f,0.8082602022721018f,-0.8548589102859818f,0.15505345619492297f,0.980403284440079f,0.12152294261214502f,1.7220422993512263f,-0.8153175410471655f,0.05752988283368768f,0.5761489562968476f,1.7425630456030903f,0f,0f,0f,1f], start_interpolation: 0, interpolation_duration: 1 }
$data merge entity $(bone_right_whisker14) { transformation: [0.7350286888037203f,-0.06991847181269022f,0.6744214067887095f,-1.0701993464589468f,-0.4267397767971409f,0.7252540974042505f,0.5402773890303683f,1.8470637183347638f,-0.5269022580466045f,-0.6849218214495169f,0.5032455752092275f,1.8969289415151813f,0f,0f,0f,1f], start_interpolation: 0, interpolation_duration: 1 }
$data merge entity $(bone_right_whisker13) { transformation: [0.3367352920711898f,-0.3211392835634617f,0.8851434367525284f,-1.1688522640579282f,-0.0638623902247544f,0.9300886995496981f,0.36174107602639255f,1.8657734029709223f,-0.9394311779947015f,-0.17833836245266377f,0.2926849676515529f,2.1721529194433167f,0f,0f,0f,1f], start_interpolation: 0, interpolation_duration: 1 }
$data merge entity $(bone_right_whisker12) { transformation: [-0.3646165274270858f,-0.18660196351405778f,0.9122688721751453f,-1.0264239330317229f,-0.5221576905648316f,0.8521552867836962f,-0.03439060032331093f,2.0697412508478097f,-0.7709773888454934f,-0.48888758873517585f,-0.4081455518190675f,2.4733159619610876f,0f,0f,0f,1f], start_interpolation: 0, interpolation_duration: 1 }
$data merge entity $(bone_right_whisker11) { transformation: [-0.847936438763974f,-0.10326124810434828f,0.5199431800266274f,-0.6951987616395455f,-0.24677747846699544f,0.944971435623262f,-0.21477863482567963f,2.1661387033739796f,-0.46915314337403863f,-0.3104288976497569f,-0.8267582642866149f,2.6565789085915714f,0f,0f,0f,1f], start_interpolation: 0, interpolation_duration: 1 }
$data merge entity $(bone_right_whisker10) { transformation: [-0.4028679624785661f,-0.45193989129673195f,0.7958943016902854f,-0.5378284637963556f,-0.651797914304184f,0.7521423159649266f,0.09716694625041986f,2.4207472636490515f,-0.6425394024626697f,-0.4796167961921419f,-0.5975875208647696f,2.907570862678552f,0f,0f,0f,1f], start_interpolation: 0, interpolation_duration: 1 }
$data merge entity $(bone_right_whisker1) { transformation: [0.11433999652145437f,-0.44998723976740235f,0.8856849604921541f,-0.5824925249375488f,-0.8611075839449437f,0.3996874333111391f,0.3142350784455094f,2.757117413627545f,-0.49539892416917486f,-0.7985996742421502f,-0.34178716510769724f,3.101086067432136f,0f,0f,0f,1f], start_interpolation: 0, interpolation_duration: 1 }
$data merge entity $(bone_left_whisker16) { transformation: [-0.20191351145972908f,0.15961613368237948f,-0.966309279557167f,1.143023940161065f,-0.9713625121215834f,0.0935309150827626f,0.21841895057120927f,1.6900253302699184f,0.12524297958308578f,0.9827383465562295f,0.13615997309444838f,1.8312641335039226f,0f,0f,0f,1f], start_interpolation: 0, interpolation_duration: 1 }
$data merge entity $(bone_left_whisker15) { transformation: [0.22717503868366362f,0.23634523273562902f,-0.9447393464666419f,1.2095791272754195f,-0.18819473089859973f,0.9624716978438508f,0.19552742547166901f,1.6348901552019692f,0.9554968576929391f,0.13337601663236556f,0.26312847266345707f,2.111194853531151f,0f,0f,0f,1f], start_interpolation: 0, interpolation_duration: 1 }
$data merge entity $(bone_left_whisker14) { transformation: [0.5399638544504249f,0.36124034233435115f,-0.7602265786969049f,1.3677716627589425f,0.37291479784540116f,0.7070523328377769f,0.6008423688261183f,1.744142537383239f,0.7545684789566584f,-0.607932902299932f,0.24707083370203295f,2.3322598376004846f,0f,0f,0f,1f], start_interpolation: 0, interpolation_duration: 1 }
$data merge entity $(bone_left_whisker13) { transformation: [-0.004551179838468922f,0.4378062599266211f,-0.899057821016614f,1.366438309290641f,0.04983893342602337f,0.8980491177340988f,0.4370627676340816f,1.7587437874103944f,0.9987468986069672f,-0.04281893163159092f,-0.02590698008056541f,2.6248614680517446f,0f,0f,0f,1f], start_interpolation: 0, interpolation_duration: 1 }
$data merge entity $(bone_left_whisker12) { transformation: [-0.5645823367707099f,0.4129598960899316f,-0.7146404055382803f,1.1458983339895823f,0.561384672378997f,0.8268442332844462f,0.03429086616261534f,1.97803467505844f,0.6050570507187327f,-0.3818281525839201f,-0.6986510053452298f,2.8612118784887497f,0f,0f,0f,1f], start_interpolation: 0, interpolation_duration: 1 }
$data merge entity $(bone_left_whisker11) { transformation: [-0.9346336257441316f,0.2809730570428781f,-0.21797735397136664f,0.7808070739332809f,0.32203030775591557f,0.9287506322181684f,-0.1836266430586332f,2.1038277640255947f,0.15085246605544478f,-0.24181894956833314f,-0.95852341083286f,2.920138623041658f,0f,0f,0f,1f], start_interpolation: 0, interpolation_duration: 1 }
$data merge entity $(bone_left_whisker10) { transformation: [-0.5453782561854834f,0.6496412977137933f,-0.5296496407860767f,0.5677686926108264f,0.6918289976471441f,0.705638056292323f,0.15312599885891404f,2.3740734662315104f,0.4732179156526402f,-0.28291538985486653f,-0.8342803404663448f,3.1049893713434704f,0f,0f,0f,1f], start_interpolation: 0, interpolation_duration: 1 }
$data merge entity $(bone_left_whisker1) { transformation: [0.0060713917461257955f,0.7292333044873285f,-0.6842382083958457f,0.5701403300116568f,0.8560243068125845f,0.3499055570877906f,0.38051082411032283f,2.708457961080176f,0.5168999171486677f,-0.5880347683135535f,-0.6221170202671893f,3.3069034014796688f,0f,0f,0f,1f], start_interpolation: 0, interpolation_duration: 1 }
$data merge entity $(bone_upper_left_tooth1) { transformation: [-0.9835800362233221f,0.04019857040665392f,0.17593858951403907f,0.12488364706337013f,0.04152273284042184f,0.9991301425378262f,0.0038497960733193254f,3.0010075160491665f,-0.17563079172056129f,0.01109203360996f,-0.9843936162887307f,4.062522134712181f,0f,0f,0f,1f], start_interpolation: 0, interpolation_duration: 1 }
$data merge entity $(bone_upper_right_tooth1) { transformation: [-0.9835800362233221f,0.04019857040665392f,0.17593858951403907f,-0.4514327804112327f,0.04152273284042184f,0.9991301425378262f,0.0038497960733193254f,3.025337242322851f,-0.17563079172056129f,0.01109203360996f,-0.9843936162887307f,3.9596134676884147f,0f,0f,0f,1f], start_interpolation: 0, interpolation_duration: 1 }
$data merge entity $(bone_top_lip1) { transformation: [-0.9835800362233221f,0.0979488415793831f,0.15157947346585277f,-0.13494286902165925f,0.04152273284042184f,0.9401919299523394f,-0.3381050095901543f,3.1194870608958483f,-0.17563079172056129f,-0.32625934359915626f,-0.9288211161003269f,4.016547244258855f,0f,0f,0f,1f], start_interpolation: 0, interpolation_duration: 1 }
$data merge entity $(bone_muzzle1) { transformation: [-0.9835800362233221f,0.04019857040665392f,0.17593858951403907f,-0.043146892148595184f,0.04152273284042184f,0.9991301425378262f,0.0038497960733193254f,3.2677237986080883f,-0.17563079172056129f,0.01109203360996f,-0.9843936162887307f,3.537511108416208f,0f,0f,0f,1f], start_interpolation: 0, interpolation_duration: 1 }
$data merge entity $(bone_jaw_right_tooth1) { transformation: [-0.9835800362233221f,0.14388503688669463f,0.10893763584291137f,-0.4520608179936501f,0.04152273284042184f,0.7678526948595235f,-0.639279361198553f,3.056500069326324f,-0.17563079172056129f,-0.6242590288951227f,-0.7612190813704864f,3.970498181863836f,0f,0f,0f,1f], start_interpolation: 0, interpolation_duration: 1 }
$data merge entity $(bone_jaw_left_tooth1) { transformation: [-0.9835800362233221f,0.14388503688669463f,0.10893763584291137f,0.17228197843716958f,0.04152273284042184f,0.7678526948595235f,-0.639279361198553f,3.0301428658631657f,-0.17563079172056129f,-0.6242590288951227f,-0.7612190813704864f,4.081982571139583f,0f,0f,0f,1f], start_interpolation: 0, interpolation_duration: 1 }
$data merge entity $(bone_tongue1) { transformation: [-0.9835800362233221f,0.08436509507039447f,0.15953947184534473f,-0.02901936889195053f,0.04152273284042184f,0.9660820090447001f,-0.2548752919716204f,2.8583633131907042f,-0.17563079172056129f,-0.24406573404293982f,-0.953722046754551f,3.3616119075683244f,0f,0f,0f,1f], start_interpolation: 0, interpolation_duration: 1 }
$data merge entity $(bone_jaw_lips1) { transformation: [-0.9835800362233221f,0.08436509507039447f,0.15953947184534473f,-0.11510778158860539f,0.04152273284042184f,0.9660820090447001f,-0.2548752919716204f,2.9469619216295495f,-0.17563079172056129f,-0.24406573404293982f,-0.953722046754551f,4.142692628567906f,0f,0f,0f,1f], start_interpolation: 0, interpolation_duration: 1 }
$data merge entity $(bone_jaw3) { transformation: [-0.9835800362233221f,0.12278227792499918f,0.1322680028218333f,-0.02076628537496994f,0.04152273284042184f,0.8671969831611841f,-0.496231050070029f,2.4957657387231564f,-0.17563079172056129f,-0.48259082525850916f,-0.8580558958342516f,3.5076826184663936f,0f,0f,0f,1f], start_interpolation: 0, interpolation_duration: 1 }
$data merge entity $(bone_jaw1) { transformation: [-0.9835800362233221f,-0.006707420399021481f,0.180347783059618f,0.1201304201403566f,0.04152273284042184f,0.9640892079576283f,0.262312526877951f,2.700697400346556f,-0.17563079172056129f,0.26549389750279323f,-0.9479803876602012f,2.7670729406068615f,0f,0f,0f,1f], start_interpolation: 0, interpolation_duration: 1 }
$data merge entity $(bone_tear_right1) { transformation: [-0.9835800362233221f,0.024711544262904964f,0.17877262632481164f,-0.5501500999298061f,0.04152273284042184f,0.9949926188636352f,0.09091507611143296f,3.3435312314632593f,-0.17563079172056129f,0.09684538185699515f,-0.9796809669543356f,3.3922189048483236f,0f,0f,0f,1f], start_interpolation: 0, interpolation_duration: 1 }
$data merge entity $(bone_right_pupil1) { transformation: [-0.9835800362233221f,0.024711544262904964f,0.17877262632481164f,-0.3997251115723468f,0.04152273284042184f,0.9949926188636352f,0.09091507611143296f,3.4286807624088476f,-0.17563079172056129f,0.09684538185699515f,-0.9796809669543356f,3.4873794718746893f,0f,0f,0f,1f], start_interpolation: 0, interpolation_duration: 1 }
$data merge entity $(bone_right_sad_pupil1) { transformation: [-0.9835800362233221f,0.024711544262904964f,0.17877262632481164f,-0.3979792851433936f,0.04152273284042184f,0.9949926188636352f,0.09091507611143296f,3.429568604948998f,-0.17563079172056129f,0.09684538185699515f,-0.9796809669543356f,3.477812274931776f,0f,0f,0f,1f], start_interpolation: 0, interpolation_duration: 1 }
$data merge entity $(bone_right_happy_pupil1) { transformation: [-0.9835800362233221f,0.024711544262904964f,0.17877262632481164f,-0.4225954637164892f,0.04152273284042184f,0.9949926188636352f,0.09091507611143296f,3.4062908295190995f,-0.17563079172056129f,0.09684538185699515f,-0.9796809669543356f,3.471160109749097f,0f,0f,0f,1f], start_interpolation: 0, interpolation_duration: 1 }
$data merge entity $(bone_eyelid_right1) { transformation: [-0.9835800362233221f,0.024711544262904964f,0.17877262632481164f,0.05790876626368766f,0.04152273284042184f,0.9949926188636352f,0.09091507611143296f,3.4097655206537816f,-0.17563079172056129f,0.09684538185699515f,-0.9796809669543356f,3.060756765599991f,0f,0f,0f,1f], start_interpolation: 0, interpolation_duration: 1 }
$data merge entity $(bone_eyelid_expressions_right5) { transformation: [-0.9835800362233221f,0.024711544262904964f,0.17877262632481164f,-0.5060263896295069f,0.04152273284042184f,0.9949926188636352f,0.09091507611143296f,3.5313990374448356f,-0.17563079172056129f,0.09684538185699515f,-0.9796809669543356f,3.467545725458815f,0f,0f,0f,1f], start_interpolation: 0, interpolation_duration: 1 }
$data merge entity $(bone_eyelid_expressions_right7) { transformation: [-0.9835800362233221f,0.024711544262904964f,0.17877262632481164f,-0.21786817589220542f,0.04152273284042184f,0.9949926188636352f,0.09091507611143296f,3.5192341743079933f,-0.17563079172056129f,0.09684538185699515f,-0.9796809669543356f,3.5190000589706982f,0f,0f,0f,1f], start_interpolation: 0, interpolation_duration: 1 }
$data merge entity $(bone_eyelid_expressions_right6) { transformation: [-0.9835800362233221f,0.024711544262904964f,0.17877262632481164f,-0.3139209138046392f,0.04152273284042184f,0.9949926188636352f,0.09091507611143296f,3.5232891286869408f,-0.17563079172056129f,0.09684538185699515f,-0.9796809669543356f,3.5018486144667373f,0f,0f,0f,1f], start_interpolation: 0, interpolation_duration: 1 }
$data merge entity $(bone_right_eye1) { transformation: [-0.9835800362233221f,0.024711544262904964f,0.17877262632481164f,0.04655766604349104f,0.04152273284042184f,0.9949926188636352f,0.09091507611143296f,3.4092831735515254f,-0.17563079172056129f,0.09684538185699515f,-0.9796809669543356f,3.068608818092508f,0f,0f,0f,1f], start_interpolation: 0, interpolation_duration: 1 }
$data merge entity $(bone_tear_left1) { transformation: [-0.9835800362233221f,0.024711544262904964f,0.17877262632481164f,0.4872194695244789f,0.04152273284042184f,0.9949926188636352f,0.09091507611143296f,3.299737724170627f,-0.17563079172056129f,0.09684538185699515f,-0.9796809669543356f,3.5774545054911027f,0f,0f,0f,1f], start_interpolation: 0, interpolation_duration: 1 }
$data merge entity $(bone_left_sad_pupil1) { transformation: [-0.9835800362233221f,0.024711544262904964f,0.17877262632481164f,0.32241624919985995f,0.04152273284042184f,0.9949926188636352f,0.09091507611143296f,3.3991564471068925f,-0.17563079172056129f,0.09684538185699515f,-0.9796809669543356f,3.606448108711484f,0f,0f,0f,1f], start_interpolation: 0, interpolation_duration: 1 }
$data merge entity $(bone_left_pupil1) { transformation: [-0.9835800362233221f,0.024711544262904964f,0.17877262632481164f,0.3206704227709067f,0.04152273284042184f,0.9949926188636352f,0.09091507611143296f,3.398268604566742f,-0.17563079172056129f,0.09684538185699515f,-0.9796809669543356f,3.6160153056543978f,0f,0f,0f,1f], start_interpolation: 0, interpolation_duration: 1 }
$data merge entity $(bone_eyelid_left1) { transformation: [-0.9835800362233221f,0.024711544262904964f,0.17877262632481164f,0.0386982186812009f,0.04152273284042184f,0.9949926188636352f,0.09091507611143296f,3.410576511529571f,-0.17563079172056129f,0.09684538185699515f,-0.9796809669543356f,3.0573264766991985f,0f,0f,0f,1f], start_interpolation: 0, interpolation_duration: 1 }
$data merge entity $(bone_left_happy_pupil1) { transformation: [-0.9835800362233221f,0.024711544262904964f,0.17877262632481164f,0.34582643958298126f,0.04152273284042184f,0.9949926188636352f,0.09091507611143296f,3.3738511944875196f,-0.17563079172056129f,0.09684538185699515f,-0.9796809669543356f,3.6083716657807856f,0f,0f,0f,1f], start_interpolation: 0, interpolation_duration: 1 }
$data merge entity $(bone_eyelid_expressions_left5) { transformation: [-0.9835800362233221f,0.024711544262904964f,0.17877262632481164f,0.4352904419123445f,0.04152273284042184f,0.9949926188636352f,0.09091507611143296f,3.491660484531151f,-0.17563079172056129f,0.09684538185699515f,-0.9796809669543356f,3.635629881597634f,0f,0f,0f,1f], start_interpolation: 0, interpolation_duration: 1 }
$data merge entity $(bone_eyelid_expressions_left7) { transformation: [-0.9835800362233221f,0.024711544262904964f,0.17877262632481164f,0.14713222817504307f,0.04152273284042184f,0.9949926188636352f,0.09091507611143296f,3.5038253476679935f,-0.17563079172056129f,0.09684538185699515f,-0.9796809669543356f,3.5841755480857507f,0f,0f,0f,1f], start_interpolation: 0, interpolation_duration: 1 }
$data merge entity $(bone_eyelid_expressions_left6) { transformation: [-0.9835800362233221f,0.024711544262904964f,0.17877262632481164f,0.2431849660874769f,0.04152273284042184f,0.9949926188636352f,0.09091507611143296f,3.499770393289046f,-0.17563079172056129f,0.09684538185699515f,-0.9796809669543356f,3.6013269925897116f,0f,0f,0f,1f], start_interpolation: 0, interpolation_duration: 1 }
$data merge entity $(bone_left_eye1) { transformation: [-0.9835800362233221f,0.024711544262904964f,0.17877262632481164f,0.04655766604349104f,0.04152273284042184f,0.9949926188636352f,0.09091507611143296f,3.4092831735515254f,-0.17563079172056129f,0.09684538185699515f,-0.9796809669543356f,3.068608818092508f,0f,0f,0f,1f], start_interpolation: 0, interpolation_duration: 1 }
$data merge entity $(bone_crest_middle5) { transformation: [-0.9835800362233221f,0.06281926021808457f,0.16918644416318002f,0.002220903108928897f,0.04152273284042184f,0.9910849448850845f,-0.12659579250351033f,4.570518198501979f,-0.17563079172056129f,-0.11749201065511411f,-0.9774197933497295f,3.5914465602650814f,0f,0f,0f,1f], start_interpolation: 0, interpolation_duration: 1 }
$data merge entity $(bone_crest_middle4) { transformation: [-0.9835800362233221f,0.06281926021808457f,0.16918644416318002f,-0.03458725717510503f,0.04152273284042184f,0.9910849448850845f,-0.12659579250351033f,3.9898043636083753f,-0.17563079172056129f,-0.11749201065511411f,-0.9774197933497295f,3.6602895352583125f,0f,0f,0f,1f], start_interpolation: 0, interpolation_duration: 1 }
$data merge entity $(bone_crest_middle1) { transformation: [-0.9835800362233221f,0.06281926021808457f,0.16918644416318002f,-0.0745850155247522f,0.04152273284042184f,0.9910849448850845f,-0.12659579250351033f,3.5635411797706107f,-0.17563079172056129f,-0.11749201065511411f,-0.9774197933497295f,3.783510435717653f,0f,0f,0f,1f], start_interpolation: 0, interpolation_duration: 1 }
$data merge entity $(bone_crest_left5) { transformation: [-0.5493186732847062f,-0.7859477111950907f,0.28378722742210977f,-0.9715916338753363f,-0.8168581153039024f,0.5766226052161804f,0.015785772577279034f,4.047727447332455f,-0.1760449222297723f,-0.22314248009041943f,-0.958757330577561f,3.452952862643467f,0f,0f,0f,1f], start_interpolation: 0, interpolation_duration: 1 }
$data merge entity $(bone_crest_left4) { transformation: [-0.5493186732847062f,-0.7859477111950907f,0.28378722742210977f,-0.5878281030183585f,-0.8168581153039024f,0.5766226052161804f,0.015785772577279034f,3.7661734408792418f,-0.1760449222297723f,-0.22314248009041943f,-0.958757330577561f,3.5619091517501174f,0f,0f,0f,1f], start_interpolation: 0, interpolation_duration: 1 }
$data merge entity $(bone_crest_left1) { transformation: [-0.5493186732847062f,-0.7859477111950907f,0.28378722742210977f,-0.15183142086171275f,-0.8168581153039024f,0.5766226052161804f,0.015785772577279034f,3.4572348234573322f,-0.1760449222297723f,-0.22314248009041943f,-0.958757330577561f,3.634946746985325f,0f,0f,0f,1f], start_interpolation: 0, interpolation_duration: 1 }
$data merge entity $(bone_crest_center1) { transformation: [-0.9835800362233221f,0.024711544262904964f,0.17877262632481164f,-0.05638198441302744f,0.04152273284042184f,0.9949926188636352f,0.09091507611143296f,3.428888368029603f,-0.17563079172056129f,0.09684538185699515f,-0.9796809669543356f,3.649733832547975f,0f,0f,0f,1f], start_interpolation: 0, interpolation_duration: 1 }
$data merge entity $(bone_crest_right5) { transformation: [-0.5076356631963852f,0.8589445559195353f,0.06723305219427539f,0.917744886121161f,0.8614784114891992f,0.5071819703483446f,0.024927805591684032f,3.967967374256251f,-0.012687788980428008f,0.07057406612745981f,-0.9974258474698885f,3.790318055726965f,0f,0f,0f,1f], start_interpolation: 0, interpolation_duration: 1 }
$data merge entity $(bone_crest_right4) { transformation: [-0.5076356631963852f,0.8589445559195353f,0.06723305219427539f,0.4983383646760754f,0.8614784114891992f,0.5071819703483446f,0.024927805591684032f,3.7203199277970986f,-0.012687788980428008f,0.07057406612745981f,-0.9974258474698885f,3.7558580625006663f,0f,0f,0f,1f], start_interpolation: 0, interpolation_duration: 1 }
$data merge entity $(bone_crest_right1) { transformation: [-0.5076356631963852f,0.8589445559195353f,0.06723305219427539f,0.04027405496315484f,0.8614784114891992f,0.5071819703483446f,0.024927805591684032f,3.4491249146994374f,-0.012687788980428008f,0.07057406612745981f,-0.9974258474698885f,3.669249635993247f,0f,0f,0f,1f], start_interpolation: 0, interpolation_duration: 1 }
$data merge entity $(bone_head1) { transformation: [-0.9835800362233221f,0.024711544262904964f,0.17877262632481164f,0.141371501263707f,0.04152273284042184f,0.9949926188636352f,0.09091507611143296f,3.409530889291864f,-0.17563079172056129f,0.09684538185699515f,-0.9796809669543356f,2.5376842078212833f,0f,0f,0f,1f], start_interpolation: 0, interpolation_duration: 1 }
$data merge entity $(bone_neck10) { transformation: [-1.300763136858298f,0.05767649326881227f,0.01047334040396776f,0.13153080832089037f,0.057545706853035915f,1.3007130853958813f,-0.01596771890896785f,3.00793996395046f,-0.01116961762054466f,-0.01548865870835839f,-1.3019432967829558f,1.6146962064759347f,0f,0f,0f,1f], start_interpolation: 0, interpolation_duration: 1 }
$data merge entity $(bone_neck9) { transformation: [-0.9989860891071729f,0.020584062619421986f,0.040038608073147915f,0.11021019794200153f,0.04419510286313159f,0.6178498557920256f,0.7850530864729407f,2.3541507565642608f,-0.0085782663325783f,0.7860266229994078f,-0.6181331258579129f,0.7292855888772278f,0f,0f,0f,1f], start_interpolation: 0, interpolation_duration: 1 }
$data merge entity $(bone_neck8) { transformation: [-0.9989860891071729f,0.009222219908902613f,0.044065229266478025f,0.10380605004148045f,0.04419510286313159f,0.38739362382181564f,0.9208544798745992f,2.0397159727390703f,-0.0085782663325783f,0.9218682828268655f,-0.3874084181643113f,-0.1448797329916568f,0f,0f,0f,1f], start_interpolation: 0, interpolation_duration: 1 }
$data merge entity $(bone_neck7) { transformation: [-0.997445015107717f,-0.055483044468530265f,0.045000817917778546f,0.15527957762458958f,0.03535087060399468f,0.16405144685411535f,0.9858181570313111f,1.887519806224022f,-0.06207864193348291f,0.9848902246248435f,-0.16167092396012323f,-1.0585962499775954f,0f,0f,0f,1f], start_interpolation: 0, interpolation_duration: 1 }
$data merge entity $(bone_neck6) { transformation: [-0.9747117604655878f,-0.20261052840881075f,0.09426535836656524f,0.3253307650642105f,0.12289985733526564f,-0.1337264566586181f,0.9833681202156708f,2.0141495239941327f,-0.18663496209726038f,0.970085670736061f,0.15524555502661253f,-1.863312131409918f,0f,0f,0f,1f], start_interpolation: 0, interpolation_duration: 1 }
$data merge entity $(bone_neck_spine6) { transformation: [-1.0930922064062671f,0.13203432084875075f,-0.11250797273637615f,0.5760953903411162f,-0.1253551210288485f,-0.10505872703554162f,1.0946188537673172f,3.9975584007489675f,0.11990496004370615f,1.0938332960323718f,0.11871477820910316f,-4.684686564348822f,0f,0f,0f,1f], start_interpolation: 0, interpolation_duration: 1 }
$data merge entity $(bone_neck_spine7) { transformation: [-0.9499010462021719f,0.21247074658468487f,-0.22922518245115658f,-0.045374259909014225f,-0.14534673189840794f,0.3489845102202412f,0.9257883878904458f,4.059342223119552f,0.27669898798237724f,0.9127244893570485f,-0.3006188227264608f,-7.848125125202674f,0f,0f,0f,1f], start_interpolation: 0, interpolation_duration: 1 }
$data merge entity $(bone_tail6) { transformation: [-1.4238886102580197f,0.3394319361984864f,-0.315470233064958f,-0.7534133771986149f,-0.274818524016692f,0.20223571019055722f,1.4580019815024374f,3.656917584820965f,0.37310894671503003f,1.4443271651174796f,-0.13001167512547968f,-11.092059165093081f,0f,0f,0f,1f], start_interpolation: 0, interpolation_duration: 1 }
$data merge entity $(bone_tail5) { transformation: [-1.1762558084740165f,0.32139411460408784f,-0.20795565608165942f,-0.5504276206065593f,-0.22702399810074556f,-0.04462198887089299f,1.2151487321159165f,3.628735276060401f,0.30822043424285095f,1.193663336110489f,0.10141727026541417f,-10.338166531760141f,0f,0f,0f,1f], start_interpolation: 0, interpolation_duration: 1 }
$data merge entity $(bone_tail4) { transformation: [-0.9494637481168904f,0.28190497004049686f,-0.1380151400328693f,-0.4403084916844902f,-0.1661759159232924f,-0.0784416598831214f,0.982971246253844f,3.5980940026685566f,0.26627834305268017f,0.9562303560655493f,0.12132332900094672f,-9.964639048922036f,0f,0f,0f,1f], start_interpolation: 0, interpolation_duration: 1 }
$data merge entity $(bone_segment18) { transformation: [-0.9781369364385026f,0.15556334624971274f,-0.1380151400328693f,-0.3643498265234977f,-0.1545155667502704f,-0.09946089015289968f,0.982971246253844f,3.549529114898586f,0.13918718765225216f,0.9828059710001689f,0.12132332900094672f,-9.48475332089461f,0f,0f,0f,1f], start_interpolation: 0, interpolation_duration: 1 }
$data merge entity $(bone_segment17) { transformation: [-0.9685532937084901f,0.196275647145128f,-0.15290646678344383f,-0.23976079269114103f,-0.15429329600357175f,0.00829861777187578f,0.9879902386923821f,3.554796792195187f,0.19518733579510067f,0.9805136425776224f,0.02224636294707784f,-8.8623569657428f,0f,0f,0f,1f], start_interpolation: 0, interpolation_duration: 1 }
$data merge entity $(bone_segment16) { transformation: [-0.9567693582996107f,0.23468390906425585f,-0.17180179814329993f,-0.04495481348741304f,-0.14795376365290688f,0.11583229359357489f,0.9821876417374591f,3.650946645275791f,0.25040383151998863f,0.9651457623525951f,-0.07610242159706346f,-8.061210580977463f,0f,0f,0f,1f], start_interpolation: 0, interpolation_duration: 1 }
$data merge entity $(bone_segment15) { transformation: [-0.9499010462021719f,0.2645588242925264f,-0.16642304802212804f,0.2263213247031658f,-0.14534673189840794f,0.097481484875765f,0.984566751232677f,3.7509032459784795f,0.27669898798237724f,0.9594300331943816f,-0.05414500396302642f,-7.077420019596506f,0f,0f,0f,1f], start_interpolation: 0, interpolation_duration: 1 }
$data merge entity $(bone_segment14) { transformation: [-0.9658435960463427f,0.22484019931848565f,-0.12881394624299292f,0.45687035720747227f,-0.14271147477879537f,-0.04662445306667937f,0.988665562939609f,3.703094968908154f,0.21628588243972435f,0.9732795308371879f,0.07711920584791498f,-6.079428313171655f,0f,0f,0f,1f], start_interpolation: 0, interpolation_duration: 1 }
$data merge entity $(bone_segment13) { transformation: [-0.9876409582588389f,0.13513658181953375f,-0.07939421782280402f,0.603974917794296f,-0.11326203876488897f,-0.26522312412107596f,0.9575115691239855f,3.394810867973016f,0.10833765801596038f,0.9546699946502921f,0.2772510652279412f,-5.06067264304962f,0f,0f,0f,1f], start_interpolation: 0, interpolation_duration: 1 }
$data merge entity $(bone_segment12) { transformation: [-0.9981181997377644f,0.007281237557148999f,-0.06088549032306903f,0.61250761805658f,-0.058691154782385006f,-0.4010174482165281f,0.9141883583683474f,2.9248685458442716f,-0.01775972135350927f,0.91604147821239f,0.4006901577177873f,-3.9871865357694753f,0f,0f,0f,1f], start_interpolation: 0, interpolation_duration: 1 }
$data merge entity $(bone_segment11) { transformation: [-1.0269279179339361f,-0.11412694036517088f,-0.0627897664020061f,0.48061560063398073f,-0.007606103737590862f,-0.445593682297956f,0.9343109115257852f,2.409913448292409f,-0.13003715033738159f,0.9273455524738854f,0.4412131318910401f,-2.915489744702413f,0f,0f,0f,1f], start_interpolation: 0, interpolation_duration: 1 }
$data merge entity $(bone_segment10) { transformation: [-0.9892841832029036f,-0.13749218046059927f,-0.049119295360927545f,0.3185902359255268f,1.3877787807814457e-17f,-0.3364271784019652f,0.9417094847310885f,2.0300486222686143f,-0.1460027563594744f,0.9316182984166221f,0.33282208639264577f,-1.81763971378172f,0f,0f,0f,1f], start_interpolation: 0, interpolation_duration: 1 }