# This file was generated by Animated Java via MC-Build. It is not recommended to edit this file directly.
$data merge entity $(bone_neck_spine5) { transformation: [-1.364215636931275f,0.07420109619595527f,0.051103360278603356f,0.2761947404847126f,0.08948206718935586f,1.025470194682775f,0.899780806432902f,3.5229546378577394f,0.010503130960134185f,0.901169649564854f,-1.0280975669164107f,0.3797110684816587f,0f,0f,0f,1f], start_interpolation: 0, interpolation_duration: 1 }
$data merge entity $(bone_neck_spine2) { transformation: [-1.299252987553595f,0.08438441036767139f,-0.01555482447353868f,0.25764171115590895f,0.08522101637081508f,1.2965314651191278f,-0.08464363690921314f,4.516548353730945f,0.01000298186679446f,-0.08547770579159183f,-1.29923612523314f,2.216806312235706f,0f,0f,0f,1f], start_interpolation: 0, interpolation_duration: 1 }
$data merge entity $(bone_scale_neck_left1) { transformation: [-1.35608339499925f,0.4510717370076844f,0.0950343742177328f,0.8885817642955582f,0.4596601696229671f,1.3008900421796696f,0.3845218394613519f,3.689115907796462f,0.034781786502002136f,0.39456153466021826f,-1.3764341034343346f,2.23373670219956f,0f,0f,0f,1f], start_interpolation: 0, interpolation_duration: 1 }
$data merge entity $(bone_scale_neck_right1) { transformation: [-1.4048770392354928f,-0.27118923604573475f,-0.06508702854350648f,-0.47563387263571655f,-0.2785623721815848f,1.3482648142973646f,0.39502457358377047f,3.778597974985818f,-0.013525081746918527f,0.4001222403008883f,-1.3752013246732697f,2.2442398331596944f,0f,0f,0f,1f], start_interpolation: 0, interpolation_duration: 1 }
$data merge entity $(bone_blush_right1) { transformation: [-0.9843388360948828f,0.1251652913957398f,-0.12413986299811561f,-0.28025471751703973f,0.05408159025771865f,0.8846427422967288f,0.4631224461164894f,3.2260871181055633f,0.1677862847510713f,0.44915572837440665f,-0.8775573453158997f,3.331579946372778f,0f,0f,0f,1f], start_interpolation: 0, interpolation_duration: 1 }
$data merge entity $(bone_blush_left1) { transformation: [-0.9843388360948828f,0.1251652913957398f,-0.12413986299811561f,0.8540419881391728f,0.05408159025771865f,0.8846427422967288f,0.4631224461164894f,3.16376653558202f,0.1677862847510713f,0.44915572837440665f,-0.8775573453158997f,3.138232469804161f,0f,0f,0f,1f], start_interpolation: 0, interpolation_duration: 1 }
$data merge entity $(bone_left_head_scales) { transformation: [-0.815797801547636f,0.1251652913957398f,-0.5646304958287883f,0.900674679270852f,-0.16587519081820346f,0.8846427422967288f,0.43576672609637024f,3.883073003092828f,0.5540391394667605f,0.44915572837440665f,-0.700927787726659f,3.1217561902487785f,0f,0f,0f,1f], start_interpolation: 0, interpolation_duration: 1 }
$data merge entity $(bone_left_head_scales2) { transformation: [-0.7351194696326038f,0.1251652913957398f,-0.666282984321901f,0.8210738456117949f,-0.22133507701966548f,0.8846427422967288f,0.41038762430466047f,3.124105658605664f,0.6407886929774731f,0.44915572837440665f,-0.6226146341202387f,2.899401716711532f,0f,0f,0f,1f], start_interpolation: 0, interpolation_duration: 1 }
$data merge entity $(bone_left_head_scales1) { transformation: [-0.9843388360948828f,0.1251652913957398f,-0.12413986299811561f,0.8884515062829867f,0.05408159025771865f,0.8846427422967288f,0.4631224461164894f,3.7966821102904134f,0.1677862847510713f,0.44915572837440665f,-0.8775573453158997f,3.0778933261497152f,0f,0f,0f,1f], start_interpolation: 0, interpolation_duration: 1 }
$data merge entity $(bone_right_head_scales) { transformation: [-0.9304406207207699f,0.1251652913957398f,0.3444036892116107f,-0.25284739427783887f,0.2618171036864079f,0.8846427422967288f,0.38582252749027646f,3.946449866676092f,-0.25638263500090835f,0.44915572837440665f,-0.8558779563339903f,3.3183807426914402f,0f,0f,0f,1f], start_interpolation: 0, interpolation_duration: 1 }
$data merge entity $(bone_right_head_scales2) { transformation: [-0.8775268700877363f,0.1251652913957398f,0.46290413921657747f,-0.332448227936896f,0.3099371674556852f,0.8846427422967288f,0.348347772680221f,3.187482522188928f,-0.36590373666248316f,0.44915572837440665f,-0.8150911526724413f,3.0960262691541938f,0f,0f,0f,1f], start_interpolation: 0, interpolation_duration: 1 }
$data merge entity $(bone_right_head_scales1) { transformation: [-0.9843388360948828f,0.1251652913957398f,-0.12413986299811561f,-0.2650705672657041f,0.05408159025771865f,0.8846427422967288f,0.4631224461164894f,3.8600589738736772f,0.1677862847510713f,0.44915572837440665f,-0.8775573453158997f,3.274517878592377f,0f,0f,0f,1f], start_interpolation: 0, interpolation_duration: 1 }
$data merge entity $(bone_head_left_fin1) { transformation: [-0.339158917506852f,0.2204580617088237f,-0.9145323787068279f,0.8335224103644205f,-0.13232767639323195f,0.95130664765063f,0.2783972848216898f,3.5066364950403726f,0.9313756571523378f,0.21543886641762064f,-0.2934714297861756f,2.849133780748435f,0f,0f,0f,1f], start_interpolation: 0, interpolation_duration: 1 }
$data merge entity $(bone_head_right_fin1) { transformation: [-0.611639289655102f,-0.034307666473739895f,0.7903925375225459f,-0.3199996631842703f,0.18456647585125693f,0.9653039981747036f,0.1847252205297914f,3.5700133586236364f,-0.7693065678531871f,0.2588651678558921f,-0.584085806649067f,3.0457583331910967f,0f,0f,0f,1f], start_interpolation: 0, interpolation_duration: 1 }
$data merge entity $(bone_right_whisker16) { transformation: [-0.044731134027600365f,-0.1816351426656268f,0.98234810561096f,-1.0057081884189663f,0.970499953145166f,-0.24110099675985372f,-0.00038769399890853373f,2.7336558772409876f,0.2369155262827588f,0.953351448475453f,0.18706161844675928f,1.35825035663783f,0f,0f,0f,1f], start_interpolation: 0, interpolation_duration: 1 }
$data merge entity $(bone_right_whisker15) { transformation: [0.290689061641244f,-0.09021765808035193f,0.9525547982203593f,-1.0908709994466745f,0.47987771598991724f,0.875029413435303f,-0.06356809985653705f,2.5930667026345664f,-0.8277785012540702f,0.47558837222283623f,0.29765492280155503f,1.6007635894271082f,0f,0f,0f,1f], start_interpolation: 0, interpolation_duration: 1 }
$data merge entity $(bone_right_whisker14) { transformation: [0.505152450939199f,-0.22387441314617124f,0.8334874014936142f,-1.238864881557768f,-0.1577975922958081f,0.925528724370652f,0.34423320617058467f,2.639296466002479f,-0.8484815385002591f,-0.30541255295631153f,0.4322062601593625f,1.849342165159606f,0f,0f,0f,1f], start_interpolation: 0, interpolation_duration: 1 }
$data merge entity $(bone_right_whisker13) { transformation: [0.026917334785457936f,-0.2921479153680216f,0.9559942743731087f,-1.246750819483195f,0.3129539798591995f,0.9107292120703565f,0.2695034485345149f,2.547610729715604f,-0.9493867829174453f,0.2919278983376329f,0.11594325592218496f,2.1274828242174513f,0f,0f,0f,1f], start_interpolation: 0, interpolation_duration: 1 }
$data merge entity $(bone_right_whisker12) { transformation: [-0.6202392020279469f,-0.26532295672518896f,0.7381782040282272f,-1.0044698811910284f,-0.21045886232334624f,0.9628420910250911f,0.16923999237766946f,2.629821222810661f,-0.7556523006894764f,-0.05038686718813021f,-0.6530319778369721f,2.4226595041742782f,0f,0f,0f,1f], start_interpolation: 0, interpolation_duration: 1 }
$data merge entity $(bone_right_whisker11) { transformation: [-0.966469498115946f,-0.1247893502191553f,0.2244199796885129f,-0.626942733489487f,-0.09467432529051159f,0.9855705264360813f,0.14031218603988987f,2.6668033811272673f,-0.2386911840481295f,0.11436063786280329f,-0.964338199577988f,2.515898247943079f,0f,0f,0f,1f], start_interpolation: 0, interpolation_duration: 1 }
$data merge entity $(bone_right_whisker10) { transformation: [-0.626544507146793f,-0.5215452074272033f,0.5791654143454164f,-0.38219878538527097f,-0.3807780279116557f,0.853219151110368f,0.3564059113401663f,2.815544798280258f,-0.6800368181384691f,0.0027707017557434543f,-0.7331727280715563f,2.7815376300284185f,0f,0f,0f,1f], start_interpolation: 0, interpolation_duration: 1 }
$data merge entity $(bone_right_whisker1) { transformation: [-0.1057084175487924f,-0.6430089704699582f,0.7585283082090575f,-0.34090643478027394f,-0.6032330755033191f,0.6478806047724328f,0.4651457605724409f,3.051182718398742f,-0.7905286756836452f,-0.408399541937637f,-0.45637071232386406f,3.0903378939673423f,0f,0f,0f,1f], start_interpolation: 0, interpolation_duration: 1 }
$data merge entity $(bone_left_whisker16) { transformation: [-0.22353653494219583f,0.4595842345244034f,-0.8595427557269362f,0.8301522413113873f,-0.9557607783604184f,-0.2763309016979519f,0.10080955963938101f,2.6327899478574333f,-0.19118774043835934f,0.8440518728984707f,0.501022637974233f,1.0453172592828563f,0f,0f,0f,1f], start_interpolation: 0, interpolation_duration: 1 }
$data merge entity $(bone_left_whisker15) { transformation: [0.4949587398628178f,0.3348689359860969f,-0.801797132412527f,0.9751596846305722f,-0.5230428141550827f,0.8516742859514022f,0.032819585766769854f,2.4795547483979363f,0.6938602599905431f,0.40312988770458336f,0.5966944219993571f,1.2485966323269608f,0f,0f,0f,1f], start_interpolation: 0, interpolation_duration: 1 }
$data merge entity $(bone_left_whisker14) { transformation: [0.7708237074173602f,0.2076170259431706f,-0.6022673680533167f,1.200986942663002f,0.0876928506718522f,0.901821701592681f,0.42311651170514136f,2.5052460132432057f,0.6309839744592576f,-0.3789627805932866f,0.6769390185981337f,1.4334552185943215f,0f,0f,0f,1f], start_interpolation: 0, interpolation_duration: 1 }
$data merge entity $(bone_left_whisker13) { transformation: [0.3055230466398187f,0.46738312981964847f,-0.8295834363895612f,1.2904956477332614f,-0.3312189348056978f,0.8689990219492217f,0.36760674242657243f,2.408209215936849f,0.8927203846659395f,0.1624614102218953f,0.4203053711179657f,1.694994393789421f,0f,0f,0f,1f], start_interpolation: 0, interpolation_duration: 1 }
$data merge entity $(bone_left_whisker12) { transformation: [-0.3096765087434279f,0.33470144527017204f,-0.8899861810536948f,1.16952826150536f,0.2615503346903931f,0.9298755223361184f,0.2586946759859502f,2.5103773154252838f,0.9141618469154276f,-0.15266451943457723f,-0.37550188035479226f,2.05208886524076f,0f,0f,0f,1f], start_interpolation: 0, interpolation_duration: 1 }
$data merge entity $(bone_left_whisker11) { transformation: [-0.8174757609733654f,0.2597413791443599f,-0.5140698358989793f,0.8502017923751392f,0.19268792894656825f,0.9644436211628503f,0.1808863279426393f,2.585646037670037f,0.5427750383531835f,0.0488151365713103f,-0.8384583115350609f,2.2641103645974723f,0f,0f,0f,1f], start_interpolation: 0, interpolation_duration: 1 }
$data merge entity $(bone_left_whisker10) { transformation: [-0.3224332525026683f,0.5808858154900208f,-0.7474011419867141f,0.7242513031162844f,0.4329168082575151f,0.7926493344145854f,0.42929019297002546f,2.754754165895629f,0.8417956015617313f,-0.18514508369008664f,-0.5070517361933735f,2.5929367714575235f,0f,0f,0f,1f], start_interpolation: 0, interpolation_duration: 1 }
$data merge entity $(bone_left_whisker1) { transformation: [0.2262126992694592f,0.5371213039181311f,-0.8126060051258004f,0.8126156387684169f,0.5966123236348135f,0.5830418321772269f,0.5514670953180179f,2.987805854815478f,0.7699880193719214f,-0.6095596171078838f,-0.1885617225605354f,2.8937133415246805f,0f,0f,0f,1f], start_interpolation: 0, interpolation_duration: 1 }
$data merge entity $(bone_upper_left_tooth1) { transformation: [-0.9843388360948828f,0.11386949770935106f,-0.1345763472783812f,0.6428951353509726f,0.05408159025771865f,0.9216401903557385f,0.3842584301173303f,2.950099064349284f,0.1677862847510713f,0.37096239298944966f,-0.9133644757910032f,3.80177257665587f,0f,0f,0f,1f], start_interpolation: 0, interpolation_duration: 1 }
$data merge entity $(bone_upper_right_tooth1) { transformation: [-0.9843388360948828f,0.11386949770935106f,-0.1345763472783812f,0.06613409857662728f,0.05408159025771865f,0.9216401903557385f,0.3842584301173303f,2.9817874961409156f,0.1677862847510713f,0.37096239298944966f,-0.9133644757910032f,3.9000848528772005f,0f,0f,0f,1f], start_interpolation: 0, interpolation_duration: 1 }
$data merge entity $(bone_top_lip1) { transformation: [-0.9843388360948828f,0.0609745051456782f,-0.16540606239679073f,0.39077870938453063f,0.05408159025771865f,0.9974826092398331f,0.04586530125586674f,3.063627229343322f,0.1677862847510713f,0.03620157436265492f,-0.9851584688074798f,3.886681793300179f,0f,0f,0f,1f], start_interpolation: 0, interpolation_duration: 1 }
$data merge entity $(bone_muzzle1) { transformation: [-0.9843388360948828f,0.11386949770935106f,-0.1345763472783812f,0.3417477045185268f,0.05408159025771865f,0.9216401903557385f,0.3842584301173303f,3.386259303183191f,0.1677862847510713f,0.37096239298944966f,-0.9133644757910032f,3.4950432396409177f,0f,0f,0f,1f], start_interpolation: 0, interpolation_duration: 1 }
$data merge entity $(bone_jaw_right_tooth1) { transformation: [-0.9843388360948828f,0.0007250873735813075f,-0.1762853652566543f,0.0711310698634674f,0.05408159025771865f,0.9530139041741513f,-0.29805985983680927f,3.0064578037213017f,0.1677862847510713f,-0.30292568841061157f,-0.9381278110952633f,3.9214483596722376f,0f,0f,0f,1f], start_interpolation: 0, interpolation_duration: 1 }
$data merge entity $(bone_jaw_left_tooth1) { transformation: [-0.9843388360948828f,0.0007250873735813075f,-0.1762853652566543f,0.6959555263690083f,0.05408159025771865f,0.9530139041741513f,-0.29805985983680927f,2.9721286692803672f,0.1677862847510713f,-0.30292568841061157f,-0.9381278110952633f,3.814943393765796f,0f,0f,0f,1f], start_interpolation: 0, interpolation_duration: 1 }
$data merge entity $(bone_tongue1) { transformation: [-0.9843388360948828f,0.07515856696805022f,-0.15946236410727285f,0.2715922243832767f,0.05408159025771865f,0.9896894623661421f,0.13262710762364466f,3.07491505514382f,0.1677862847510713f,0.12192603451571224f,-0.9782544683039819f,3.1838213081945f,0f,0f,0f,1f], start_interpolation: 0, interpolation_duration: 1 }
$data merge entity $(bone_jaw_lips1) { transformation: [-0.9843388360948828f,0.07515856696805022f,-0.15946236410727285f,0.4357949801840365f,0.05408159025771865f,0.9896894623661421f,0.13262710762364466f,2.8575129681484297f,0.1677862847510713f,0.12192603451571224f,-0.9782544683039819f,3.9261970947693596f,0f,0f,0f,1f], start_interpolation: 0, interpolation_duration: 1 }
$data merge entity $(bone_jaw3) { transformation: [-0.9843388360948828f,0.03132570409328135f,-0.17348128434627041f,0.2979683539064606f,0.05408159025771865f,0.9902930330554605f,-0.12804253307793384f,2.684948201707729f,0.1677862847510713f,-0.1354193817179719f,-0.9764780354439905f,3.1732420836442206f,0f,0f,0f,1f], start_interpolation: 0, interpolation_duration: 1 }
$data merge entity $(bone_jaw1) { transformation: [-0.9843388360948828f,0.14482041036000193f,-0.10051917478039704f,0.21943774860927542f,0.05408159025771865f,0.7907826624550197f,0.6097031756156002f,3.1612788076574168f,0.1677862847510713f,0.5947182774252961f,-0.7862302036590311f,2.5589997370356024f,0f,0f,0f,1f], start_interpolation: 0, interpolation_duration: 1 }
$data merge entity $(bone_tear_right1) { transformation: [-0.9843388360948828f,0.1251652913957398f,-0.12413986299811561f,-0.17849946218199725f,0.05408159025771865f,0.8846427422967288f,0.4631224461164894f,3.4851104190240054f,0.1677862847510713f,0.44915572837440665f,-0.8775573453158997f,3.5540363445875434f,0f,0f,0f,1f], start_interpolation: 0, interpolation_duration: 1 }
$data merge entity $(bone_right_pupil1) { transformation: [-0.9843388360948828f,0.1251652913957398f,-0.12413986299811561f,-0.00039349158952745045f,0.05408159025771865f,0.8846427422967288f,0.4631224461164894f,3.5356509291570806f,0.1677862847510713f,0.44915572837440665f,-0.8775573453158997f,3.622282760861058f,0f,0f,0f,1f], start_interpolation: 0, interpolation_duration: 1 }
$data merge entity $(bone_right_sad_pupil1) { transformation: [-0.9843388360948828f,0.1251652913957398f,-0.12413986299811561f,-0.0016057949391184434f,0.05408159025771865f,0.8846427422967288f,0.4631224461164894f,3.540173609294937f,0.1677862847510713f,0.44915572837440665f,-0.8775573453158997f,3.613712864910707f,0f,0f,0f,1f], start_interpolation: 0, interpolation_duration: 1 }
$data merge entity $(bone_right_happy_pupil1) { transformation: [-0.9843388360948828f,0.1251652913957398f,-0.12413986299811561f,-0.028692951331642624f,0.05408159025771865f,0.8846427422967288f,0.4631224461164894f,3.5198964969693445f,0.1677862847510713f,0.44915572837440665f,-0.8775573453158997f,3.606843581656448f,0f,0f,0f,1f], start_interpolation: 0, interpolation_duration: 1 }
$data merge entity $(bone_eyelid_right1) { transformation: [-0.9843388360948828f,0.1251652913957398f,-0.12413986299811561f,0.3017560906234915f,0.05408159025771865f,0.8846427422967288f,0.4631224461164894f,3.702778742486419f,0.1677862847510713f,0.44915572837440665f,-0.8775573453158997f,3.1002028723350787f,0f,0f,0f,1f], start_interpolation: 0, interpolation_duration: 1 }
$data merge entity $(bone_eyelid_expressions_right5) { transformation: [-0.9843388360948828f,0.1251652913957398f,-0.12413986299811561f,-0.09992817972711654f,0.05408159025771865f,0.8846427422967288f,0.4631224461164894f,3.6326381012902513f,0.1677862847510713f,0.44915572837440665f,-0.8775573453158997f,3.676418862852312f,0f,0f,0f,1f], start_interpolation: 0, interpolation_duration: 1 }
$data merge entity $(bone_eyelid_expressions_right7) { transformation: [-0.9843388360948828f,0.1251652913957398f,-0.12413986299811561f,0.18845233866005617f,0.05408159025771865f,0.8846427422967288f,0.4631224461164894f,3.616793885394435f,0.1677862847510713f,0.44915572837440665f,-0.8775573453158997f,3.6272627247416462f,0f,0f,0f,1f], start_interpolation: 0, interpolation_duration: 1 }
$data merge entity $(bone_eyelid_expressions_right6) { transformation: [-0.9843388360948828f,0.1251652913957398f,-0.12413986299811561f,0.09232549919766528f,0.05408159025771865f,0.8846427422967288f,0.4631224461164894f,3.6220752906930405f,0.1677862847510713f,0.44915572837440665f,-0.8775573453158997f,3.6436481041118682f,0f,0f,0f,1f], start_interpolation: 0, interpolation_duration: 1 }
$data merge entity $(bone_right_eye1) { transformation: [-0.9843388360948828f,0.1251652913957398f,-0.12413986299811561f,0.2933557100268434f,0.05408159025771865f,0.8846427422967288f,0.4631224461164894f,3.6987842028784232f,0.1677862847510713f,0.44915572837440665f,-0.8775573453158997f,3.1104113062224514f,0f,0f,0f,1f], start_interpolation: 0, interpolation_duration: 1 }
$data merge entity $(bone_tear_left1) { transformation: [-0.9843388360948828f,0.1251652913957398f,-0.12413986299811561f,0.8596704040118244f,0.05408159025771865f,0.8846427422967288f,0.4631224461164894f,3.428071241799068f,0.1677862847510713f,0.44915572837440665f,-0.8775573453158997f,3.3770742473891477f,0f,0f,0f,1f], start_interpolation: 0, interpolation_duration: 1 }
$data merge entity $(bone_left_sad_pupil1) { transformation: [-0.9843388360948828f,0.1251652913957398f,-0.12413986299811561f,0.7193455010288132f,0.05408159025771865f,0.8846427422967288f,0.4631224461164894f,3.500563069555397f,0.1677862847510713f,0.44915572837440665f,-0.8775573453158997f,3.490822519634044f,0f,0f,0f,1f], start_interpolation: 0, interpolation_duration: 1 }
$data merge entity $(bone_left_pupil1) { transformation: [-0.9843388360948828f,0.1251652913957398f,-0.12413986299811561f,0.7205578043784042f,0.05408159025771865f,0.8846427422967288f,0.4631224461164894f,3.4960403894175407f,0.1677862847510713f,0.44915572837440665f,-0.8775573453158997f,3.4993924155843943f,0f,0f,0f,1f], start_interpolation: 0, interpolation_duration: 1 }
$data merge entity $(bone_eyelid_left1) { transformation: [-0.9843388360948828f,0.1251652913957398f,-0.12413986299811561f,0.2825307227310133f,0.05408159025771865f,0.8846427422967288f,0.4631224461164894f,3.70383502354614f,0.1677862847510713f,0.44915572837440665f,-0.8775573453158997f,3.103479948209123f,0f,0f,0f,1f], start_interpolation: 0, interpolation_duration: 1 }
$data merge entity $(bone_left_happy_pupil1) { transformation: [-0.9843388360948828f,0.1251652913957398f,-0.12413986299811561f,0.7403217643674845f,0.05408159025771865f,0.8846427422967288f,0.4631224461164894f,3.477645254580502f,0.1677862847510713f,0.44915572837440665f,-0.8775573453158997f,3.4757605466946737f,0f,0f,0f,1f], start_interpolation: 0, interpolation_duration: 1 }
$data merge entity $(bone_eyelid_expressions_left5) { transformation: [-0.9843388360948828f,0.1251652913957398f,-0.12413986299811561f,0.8421148470043144f,0.05408159025771865f,0.8846427422967288f,0.4631224461164894f,3.580880329363919f,0.1677862847510713f,0.44915572837440665f,-0.8775573453158997f,3.515842145024138f,0f,0f,0f,1f], start_interpolation: 0, interpolation_duration: 1 }
$data merge entity $(bone_eyelid_expressions_left7) { transformation: [-0.9843388360948828f,0.1251652913957398f,-0.12413986299811561f,0.5537343286171417f,0.05408159025771865f,0.8846427422967288f,0.4631224461164894f,3.5967245452597347f,0.1677862847510713f,0.44915572837440665f,-0.8775573453158997f,3.5649982831348037f,0f,0f,0f,1f], start_interpolation: 0, interpolation_duration: 1 }
$data merge entity $(bone_eyelid_expressions_left6) { transformation: [-0.9843388360948828f,0.1251652913957398f,-0.12413986299811561f,0.6498611680795325f,0.05408159025771865f,0.8846427422967288f,0.4631224461164894f,3.5914431399611293f,0.1677862847510713f,0.44915572837440665f,-0.8775573453158997f,3.5486129037645817f,0f,0f,0f,1f], start_interpolation: 0, interpolation_duration: 1 }
$data merge entity $(bone_left_eye1) { transformation: [-0.9843388360948828f,0.1251652913957398f,-0.12413986299811561f,0.2933557100268434f,0.05408159025771865f,0.8846427422967288f,0.4631224461164894f,3.6987842028784232f,0.1677862847510713f,0.44915572837440665f,-0.8775573453158997f,3.1104113062224514f,0f,0f,0f,1f], start_interpolation: 0, interpolation_duration: 1 }
$data merge entity $(bone_crest_middle5) { transformation: [-0.9843388360948828f,0.09532959019802258f,-0.1482879799176199f,0.4956390057077744f,0.05408159025771865f,0.9639112204754473f,0.26067286133529644f,4.572747394268546f,0.1677862847510713f,0.2485707711582588f,-0.9539708246981254f,4.015431551710344f,0f,0f,0f,1f], start_interpolation: 0, interpolation_duration: 1 }
$data merge entity $(bone_crest_middle4) { transformation: [-0.9843388360948828f,0.09532959019802258f,-0.1482879799176199f,0.43978182395112053f,0.05408159025771865f,0.9639112204754473f,0.26067286133529644f,4.007955663521214f,0.1677862847510713f,0.2485707711582588f,-0.9539708246981254f,3.869784615484801f,0f,0f,0f,1f], start_interpolation: 0, interpolation_duration: 1 }
$data merge entity $(bone_crest_middle1) { transformation: [-0.9843388360948828f,0.09532959019802258f,-0.1482879799176199f,0.40874992000274646f,0.05408159025771865f,0.9639112204754473f,0.26067286133529644f,3.5652695334143645f,0.1677862847510713f,0.2485707711582588f,-0.9539708246981254f,3.8304206214435967f,0f,0f,0f,1f], start_interpolation: 0, interpolation_duration: 1 }
$data merge entity $(bone_crest_left5) { transformation: [-0.634448207190193f,-0.7726082093299379f,-0.023495260567540047f,-0.5088877405972804f,-0.7170421041892685f,0.576923129341365f,0.3911653405540856f,4.0915673907361185f,-0.2886625940661114f,0.26502124010530476f,-0.9200204612290263f,4.001526475826074f,0f,0f,0f,1f], start_interpolation: 0, interpolation_duration: 1 }
$data merge entity $(bone_crest_left4) { transformation: [-0.634448207190193f,-0.7726082093299379f,-0.023495260567540047f,-0.1316376383853966f,-0.7170421041892685f,0.576923129341365f,0.3911653405540856f,3.8098666439874047f,-0.2886625940661114f,0.26502124010530476f,-0.9200204612290263f,3.8721215734309054f,0f,0f,0f,1f], start_interpolation: 0, interpolation_duration: 1 }
$data merge entity $(bone_crest_left1) { transformation: [-0.634448207190193f,-0.7726082093299379f,-0.023495260567540047f,0.2821902445277761f,-0.7170421041892685f,0.576923129341365f,0.3911653405540856f,3.5190956927080626f,-0.2886625940661114f,0.26502124010530476f,-0.9200204612290263f,3.6848533067127716f,0f,0f,0f,1f], start_interpolation: 0, interpolation_duration: 1 }
$data merge entity $(bone_crest_center1) { transformation: [-0.9843388360948828f,0.1251652913957398f,-0.12413986299811561f,0.3752613298573543f,0.05408159025771865f,0.8846427422967288f,0.4631224461164894f,3.4922168406597107f,0.1677862847510713f,0.44915572837440665f,-0.8775573453158997f,3.657502351678949f,0f,0f,0f,1f], start_interpolation: 0, interpolation_duration: 1 }
$data merge entity $(bone_crest_right5) { transformation: [-0.4233215350385048f,0.8735530384421345f,-0.2402165002683173f,1.381906340813551f,0.7751581387177597f,0.48647966126350634f,0.40307244901700157f,3.987683294098969f,0.46896560423154987f,-0.015576527387676523f,-0.8830790643211279f,3.6792296177565036f,0f,0f,0f,1f], start_interpolation: 0, interpolation_duration: 1 }
$data merge entity $(bone_crest_right4) { transformation: [-0.4233215350385048f,0.8735530384421345f,-0.2402165002683173f,0.9553667712617276f,0.7751581387177597f,0.48647966126350634f,0.40307244901700157f,3.7501443969976473f,0.46896560423154987f,-0.015576527387676523f,-0.8830790643211279f,3.6868353440200177f,0f,0f,0f,1f], start_interpolation: 0, interpolation_duration: 1 }
$data merge entity $(bone_crest_right1) { transformation: [-0.4233215350385048f,0.8735530384421345f,-0.2402165002683173f,0.47444392345255787f,0.7751581387177597f,0.48647966126350634f,0.40307244901700157f,3.508532882110852f,0.46896560423154987f,-0.015576527387676523f,-0.8830790643211279f,3.652082547972328f,0f,0f,0f,1f], start_interpolation: 0, interpolation_duration: 1 }
$data merge entity $(bone_head1) { transformation: [-0.9843388360948828f,0.1251652913957398f,-0.12413986299811561f,0.2205674393054073f,0.05408159025771865f,0.8846427422967288f,0.4631224461164894f,3.9043361640593144f,0.1677862847510713f,0.44915572837440665f,-0.8775573453158997f,2.617135596903638f,0f,0f,0f,1f], start_interpolation: 0, interpolation_duration: 1 }
$data merge entity $(bone_neck10) { transformation: [-1.299252987553595f,0.08569280204826897f,-0.00440737502583512f,0.19171934398501908f,0.08522101637081508f,1.296487670323233f,0.08531181637385439f,3.5761745321287157f,0.01000298186679446f,0.08483791205231973f,-1.2992780595302995f,1.6659486058726034f,0f,0f,0f,1f], start_interpolation: 0, interpolation_duration: 1 }
$data merge entity $(bone_neck9) { transformation: [-0.997826294441161f,0.042749244156923986f,0.05015165247360388f,0.14634516476197784f,0.06544974057278599f,0.5541652011967861f,0.8298296579669114f,2.993946096411195f,0.007682290073698146f,0.831308265270193f,-0.555758536158183f,0.7327829772836106f,0f,0f,0f,1f], start_interpolation: 0, interpolation_duration: 1 }
$data merge entity $(bone_neck8) { transformation: [-0.997826294441161f,0.03366001780073784f,0.05665412009267684f,0.11788392364277167f,0.06544974057278599f,0.40597391563515617f,0.9115379922322573f,2.661818830550076f,0.007682290073698146f,0.9132645744938941f,-0.40729448731073015f,-0.1343713880823424f,0f,0f,0f,1f], start_interpolation: 0, interpolation_duration: 1 }
$data merge entity $(bone_neck7) { transformation: [-0.9976487517941041f,-0.03310642303017365f,0.06000777281163992f,0.14859789032115542f,0.04699650918658166f,0.3068211535444998f,0.950606179162485f,2.3771702994296904f,-0.04988282437815395f,0.951191223935424f,-0.3045438545436251f,-1.0168241837255578f,0f,0f,0f,1f], start_interpolation: 0, interpolation_duration: 1 }
$data merge entity $(bone_neck6) { transformation: [-0.9754048792734441f,-0.18654852370978273f,0.11740941099953923f,0.3056466137359284f,0.11261432229159497f,0.03613439053328599f,0.9929815306618714f,2.362620693722884f,-0.18948175612539292f,0.9817810112863707f,-0.014237625263664733f,-1.8339191286671659f,0f,0f,0f,1f], start_interpolation: 0, interpolation_duration: 1 }
$data merge entity $(bone_neck_spine6) { transformation: [-1.1012293511542819f,0.1100916755821645f,0.01074321372739304f,0.732925935704642f,0.027400180425657138f,0.16735149965164445f,1.093702145556252f,2.8164851931174657f,0.10716727012629577f,1.0884920652210648f,-0.16923911392411772f,-5.0825737984483785f,0f,0f,0f,1f], start_interpolation: 0, interpolation_duration: 1 }
$data merge entity $(bone_neck_spine7) { transformation: [-0.9589006285173973f,0.2811802959520604f,0.038042421022487394f,0.2355948766355005f,0.0018980132411362746f,-0.12771455078928634f,0.9918091505236416f,3.0828378600785733f,0.28373576118402305f,0.9511186228252514f,0.12193187909780004f,-7.88807880577668f,0f,0f,0f,1f], start_interpolation: 0, interpolation_duration: 1 }
$data merge entity $(bone_tail6) { transformation: [-1.4126536033139776f,0.49659194570436693f,-0.0007198538835631923f,-0.7243185185358743f,-0.0386100123706804f,-0.10766951983373717f,1.493020704185825f,3.837021190443373f,0.4950892300109128f,1.4085446374340966f,0.11438068179057993f,-11.060676638619649f,0f,0f,0f,1f], start_interpolation: 0, interpolation_duration: 1 }
$data merge entity $(bone_tail5) { transformation: [-1.1669747157811121f,0.4040991039580331f,0.07064973938570965f,-0.4690980318255372f,-0.03189522761056207f,-0.30176469328384353f,1.199182314375233f,3.6464329631062085f,0.4089867552264063f,1.1294952159416098f,0.29510650616642287f,-10.347311239077579f,0f,0f,0f,1f], start_interpolation: 0, interpolation_duration: 1 }
$data merge entity $(bone_tail4) { transformation: [-0.9367749592887505f,0.338198955805641f,0.08985622928619705f,-0.3369890647139587f,-0.01209126139360786f,-0.28791153254731405f,0.9575806758828045f,3.533967520704914f,0.34972342936593626f,0.895951123509665f,0.2737975661584631f,-9.997330331456615f,0f,0f,0f,1f], start_interpolation: 0, interpolation_duration: 1 }
$data merge entity $(bone_segment18) { transformation: [-0.9729045415646f,0.21303194845243675f,0.08985622928619705f,-0.2329695586336673f,0.025592177063420297f,-0.28702663578313803f,0.9575806758828045f,3.3938177962014286f,0.22978640837989053f,0.9339342050110234f,0.2737975661584631f,-9.541307770416076f,0f,0f,0f,1f], start_interpolation: 0, interpolation_duration: 1 }
$data merge entity $(bone_segment17) { transformation: [-0.9662196182249659f,0.2352478712917232f,0.10525249835473686f,-0.08364229658325709f,0.014776051379635733f,-0.3571601444712571f,0.9339262816233932f,3.167104813871041f,0.2572961672136362f,0.9039331116039415f,0.3416191038030353f,-8.967522103870605f,0f,0f,0f,1f], start_interpolation: 0, interpolation_duration: 1 }
$data merge entity $(bone_segment16) { transformation: [-0.9589006285173973f,0.2560613819489817f,0.12223810086596627f,0.1289086552298625f,0.0018980132411363071f,-0.42500886668429383f,0.9051871965430516f,2.814314250705367f,0.283735761184023f,0.8682165812250479f,0.40705526149555316f,-8.246834512033407f,0f,0f,0f,1f], start_interpolation: 0, interpolation_duration: 1 }
$data merge entity $(bone_segment15) { transformation: [-0.9589006285173973f,0.26175320662127044f,0.1095209726601392f,0.39730793936300113f,0.0018980132411362746f,-0.3800618802627498f,0.9249591151596269f,2.424602361764071f,0.28373576118402305f,0.887151749135753f,0.3639447648073774f,-7.337157425517255f,0f,0f,0f,1f], start_interpolation: 0, interpolation_duration: 1 }
$data merge entity $(bone_segment14) { transformation: [-0.9792616768915338f,0.19086134225879917f,0.06795966599940718f,0.59301537039009f,0.022222406953668443f,-0.23222601410839605f,0.9724079611976204f,2.186479984016204f,0.20137709105250037f,0.9537520780593334f,0.22316863757422636f,-6.359188986100946f,0f,0f,0f,1f], start_interpolation: 0, interpolation_duration: 1 }
$data merge entity $(bone_segment13) { transformation: [-0.9949931078664569f,0.09627430806832692f,0.026832310825091556f,0.695779959931957f,0.024756868902240797f,-0.022687921830636976f,0.9994360187851768f,2.1377082118835826f,0.09682878053764135f,0.9950962344461826f,0.02019087542979517f,-5.290730887989485f,0f,0f,0f,1f], start_interpolation: 0, interpolation_duration: 1 }
$data merge entity $(bone_segment12) { transformation: [-0.999054966850508f,-0.04067506750715505f,0.015320316400742853f,0.6481138651970096f,0.01128851298381968f,0.09756350082826491f,0.9951652791274158f,2.2520404394167057f,-0.041973118611137575f,0.994397758540023f,-0.09701213905812948f,-4.125421014700396f,0f,0f,0f,1f], start_interpolation: 0, interpolation_duration: 1 }
$data merge entity $(bone_segment11) { transformation: [-1.0237859523082342f,-0.1521480383123587f,0.01617900516365291f,0.47228235989511186f,-1.5425342361810178e-17f,0.10945855909990669f,1.0293528480330907f,2.3785373921753137f,-0.15300583573963603f,1.018046295701495f,-0.10825625133054567f,-2.948904941106862f,0f,0f,0f,1f], start_interpolation: 0, interpolation_duration: 1 }
$data merge entity $(bone_segment10) { transformation: [-0.9890158633619168f,-0.14779881577657655f,-0.001769766516770778f,0.2989086814612098f,-1.3877787807814457e-17f,-0.011973300639286977f,0.999928317466708f,2.3801183715143175f,-0.14780941112961074f,0.988944968199365f,0.011841784269056133f,-1.7888345710938227f,0f,0f,0f,1f], start_interpolation: 0, interpolation_duration: 1 }