# This file was generated by Animated Java via MC-Build. It is not recommended to edit this file directly.
$data merge entity $(bone_neck_spine5) { transformation: [-1.5688479824709665f,0.08533126062534857f,0.05876886432039387f,0.3251302183358276f,0.10290437726775925f,1.1792907238851913f,1.0347479273978375f,4.028956663967689f,0.012078600604154315f,1.0363450969995822f,-1.1823122019538725f,0.4514519656545082f,0f,0f,0f,1f], start_interpolation: 0, interpolation_duration: 1 }
$data merge entity $(bone_neck_spine2) { transformation: [-1.4941409356866342f,0.09704207192282209f,-0.01788804814456948f,0.3016408968245896f,0.09800416882643735f,1.491011184886997f,-0.09734018244559511f,5.145415634362166f,0.01150342914681363f,-0.09829936166033061f,-1.494121544018111f,2.507411156664676f,0f,0f,0f,1f], start_interpolation: 0, interpolation_duration: 1 }
$data merge entity $(bone_scale_neck_left1) { transformation: [-1.5594959042491372f,0.518732497558837f,0.1092895303503927f,1.0272219579351862f,0.5286091950664121f,1.4960235485066198f,0.4422001153805546f,4.193868321537512f,0.039999054477302454f,0.45374576485925094f,-1.5828992189494846f,2.526881105123109f,0f,0f,0f,1f], start_interpolation: 0, interpolation_duration: 1 }
$data merge entity $(bone_scale_neck_right1) { transformation: [-1.6156085951208166f,-0.31186762145259495f,-0.07485008282503244f,-0.5416260245357796f,-0.3203467280088225f,1.5505045364419692f,0.45427825962133594f,4.296772698805271f,-0.015553844008956303f,0.46014057634602146f,-1.58148152337426f,2.5389597057272635f,0f,0f,0f,1f], start_interpolation: 0, interpolation_duration: 1 }
$data merge entity $(bone_blush_right1) { transformation: [-0.9843388360948828f,0.1251652913957398f,-0.12413986299811561f,-0.31693999614930124f,0.05408159025771865f,0.8846427422967288f,0.4631224461164894f,3.661385213392977f,0.1677862847510713f,0.44915572837440665f,-0.8775573453158997f,3.7894008359223093f,0f,0f,0f,1f], start_interpolation: 0, interpolation_duration: 1 }
$data merge entity $(bone_blush_left1) { transformation: [-0.9843388360948828f,0.1251652913957398f,-0.12413986299811561f,0.9875012153553432f,0.05408159025771865f,0.8846427422967288f,0.4631224461164894f,3.5897165434909026f,0.1677862847510713f,0.44915572837440665f,-0.8775573453158997f,3.5670512378683994f,0f,0f,0f,1f], start_interpolation: 0, interpolation_duration: 1 }
$data merge entity $(bone_left_head_scales) { transformation: [-0.815797801547636f,0.1251652913957398f,-0.5646304958287883f,1.041128810156774f,-0.16587519081820346f,0.8846427422967288f,0.43576672609637024f,4.416918981128333f,0.5540391394667605f,0.44915572837440665f,-0.700927787726659f,3.54810351637971f,0f,0f,0f,1f], start_interpolation: 0, interpolation_duration: 1 }
$data merge entity $(bone_left_head_scales2) { transformation: [-0.7351194696326038f,0.1251652913957398f,-0.666282984321901f,0.9495878514488583f,-0.22133507701966548f,0.8846427422967288f,0.41038762430466047f,3.5441065349680936f,0.6407886929774731f,0.44915572837440665f,-0.6226146341202387f,3.2923958718118764f,0f,0f,0f,1f], start_interpolation: 0, interpolation_duration: 1 }
$data merge entity $(bone_left_head_scales1) { transformation: [-0.9843388360948828f,0.1251652913957398f,-0.12413986299811561f,1.027072161220729f,0.05408159025771865f,0.8846427422967288f,0.4631224461164894f,4.317569454405556f,0.1677862847510713f,0.44915572837440665f,-0.8775573453158997f,3.497661222665787f,0f,0f,0f,1f], start_interpolation: 0, interpolation_duration: 1 }
$data merge entity $(bone_right_head_scales) { transformation: [-0.9304406207207699f,0.1251652913957398f,0.3444036892116107f,-0.28542157442422056f,0.2618171036864079f,0.8846427422967288f,0.38582252749027646f,4.489802374249087f,-0.25638263500090835f,0.44915572837440665f,-0.8558779563339903f,3.7742217516887706f,0f,0f,0f,1f], start_interpolation: 0, interpolation_duration: 1 }
$data merge entity $(bone_right_head_scales2) { transformation: [-0.8775268700877363f,0.1251652913957398f,0.46290413921657747f,-0.37696253313213623f,0.3099371674556852f,0.8846427422967288f,0.348347772680221f,3.6169899280888473f,-0.36590373666248316f,0.44915572837440665f,-0.8150911526724413f,3.518514107120937f,0f,0f,0f,1f], start_interpolation: 0, interpolation_duration: 1 }
$data merge entity $(bone_right_head_scales1) { transformation: [-0.9843388360948828f,0.1251652913957398f,-0.12413986299811561f,-0.2994782233602655f,0.05408159025771865f,0.8846427422967288f,0.4631224461164894f,4.390452847526309f,0.1677862847510713f,0.44915572837440665f,-0.8775573453158997f,3.7237794579748478f,0f,0f,0f,1f], start_interpolation: 0, interpolation_duration: 1 }
$data merge entity $(bone_head_left_fin1) { transformation: [-0.35549860493882274f,0.23107908811927483f,-0.9585918813268183f,0.963903700914378f,-0.13870283788613505f,0.9971378272900483f,0.29180965401231806f,3.9840169968680086f,0.976246619801604f,0.2258180826382612f,-0.30761002731493664f,3.2345877454543146f,0f,0f,0f,1f], start_interpolation: 0, interpolation_duration: 1 }
$data merge entity $(bone_head_right_fin1) { transformation: [-0.6411062866827566f,-0.03596050978041747f,0.8284713446688143f,-0.36264668366661645f,0.1934583503388826f,1.0118095293367662f,0.19362474287302353f,4.056900389988762f,-0.8063695144815307f,0.2713365366197827f,-0.6122253572298162f,3.4607059807633753f,0f,0f,0f,1f], start_interpolation: 0, interpolation_duration: 1 }
$data merge entity $(bone_right_whisker16) { transformation: [-0.044731134027600365f,-0.1816351426656268f,0.98234810561096f,-1.1512114876865172f,0.970499953145166f,-0.24110099675985372f,-0.00038769399890853373f,3.095089286398716f,0.2369155262827588f,0.953351448475453f,0.18706161844675928f,1.5200718077271194f,0f,0f,0f,1f], start_interpolation: 0, interpolation_duration: 1 }
$data merge entity $(bone_right_whisker15) { transformation: [0.290689061641244f,-0.09021765808035193f,0.9525547982203593f,-1.2491487203683815f,0.47987771598991724f,0.875029413435303f,-0.06356809985653705f,2.933411735601332f,-0.8277785012540702f,0.47558837222283623f,0.29765492280155503f,1.7989620254347896f,0f,0f,0f,1f], start_interpolation: 0, interpolation_duration: 1 }
$data merge entity $(bone_right_whisker14) { transformation: [0.505152450939199f,-0.22387441314617124f,0.8334874014936142f,-1.4193416847961389f,-0.1577975922958081f,0.925528724370652f,0.34423320617058467f,2.986575963474431f,-0.8484815385002591f,-0.30541255295631153f,0.4322062601593625f,2.0848273875271617f,0f,0f,0f,1f], start_interpolation: 0, interpolation_duration: 1 }
$data merge entity $(bone_right_whisker13) { transformation: [0.026917334785457936f,-0.2921479153680216f,0.9559942743731087f,-1.4284105134103802f,0.3129539798591995f,0.9107292120703565f,0.2695034485345149f,2.8811373667445253f,-0.9493867829174453f,0.2919278983376329f,0.11594325592218496f,2.4046891454436836f,0f,0f,0f,1f], start_interpolation: 0, interpolation_duration: 1 }
$data merge entity $(bone_right_whisker12) { transformation: [-0.6202392020279469f,-0.26532295672518896f,0.7381782040282272f,-1.1497874343743884f,-0.21045886232334624f,0.9628420910250911f,0.16923999237766946f,2.975679433803841f,-0.7556523006894764f,-0.05038686718813021f,-0.6530319778369721f,2.744142327394034f,0f,0f,0f,1f], start_interpolation: 0, interpolation_duration: 1 }
$data merge entity $(bone_right_whisker11) { transformation: [-0.966469498115946f,-0.1247893502191553f,0.2244199796885129f,-0.7156312145176156f,-0.09467432529051159f,0.9855705264360813f,0.14031218603988987f,3.018208915867938f,-0.2386911840481295f,0.11436063786280329f,-0.964338199577988f,2.851366882728155f,0f,0f,0f,1f], start_interpolation: 0, interpolation_duration: 1 }
$data merge entity $(bone_right_whisker10) { transformation: [-0.626544507146793f,-0.5215452074272033f,0.5791654143454164f,-0.43417567419776737f,-0.3807780279116557f,0.853219151110368f,0.3564059113401663f,3.189261545593877f,-0.6800368181384691f,0.0027707017557434543f,-0.7331727280715563f,3.156852172126295f,0f,0f,0f,1f], start_interpolation: 0, interpolation_duration: 1 }
$data merge entity $(bone_right_whisker1) { transformation: [-0.1057084175487924f,-0.6430089704699582f,0.7585283082090575f,-0.3866894710020208f,-0.6032330755033191f,0.6478806047724328f,0.4651457605724409f,3.4602451537301335f,-0.7905286756836452f,-0.408399541937637f,-0.45637071232386406f,3.5119724756560577f,0f,0f,0f,1f], start_interpolation: 0, interpolation_duration: 1 }
$data merge entity $(bone_left_whisker16) { transformation: [-0.22353653494219583f,0.4595842345244034f,-0.8595427557269362f,0.9600280065033906f,-0.9557607783604184f,-0.2763309016979519f,0.10080955963938101f,2.979093467607629f,-0.19118774043835934f,0.8440518728984707f,0.501022637974233f,1.1601987457689005f,0f,0f,0f,1f], start_interpolation: 0, interpolation_duration: 1 }
$data merge entity $(bone_left_whisker15) { transformation: [0.4949587398628178f,0.3348689359860969f,-0.801797132412527f,1.1267865663204533f,-0.5230428141550827f,0.8516742859514022f,0.032819585766769854f,2.8028729882292076f,0.6938602599905431f,0.40312988770458336f,0.5966944219993571f,1.3939700247696205f,0f,0f,0f,1f], start_interpolation: 0, interpolation_duration: 1 }
$data merge entity $(bone_left_whisker14) { transformation: [0.7708237074173602f,0.2076170259431706f,-0.6022673680533167f,1.386487913057747f,0.0876928506718522f,0.901821701592681f,0.42311651170514136f,2.8324179428012672f,0.6309839744592576f,-0.3789627805932866f,0.6769390185981337f,1.606557398977085f,0f,0f,0f,1f], start_interpolation: 0, interpolation_duration: 1 }
$data merge entity $(bone_left_whisker13) { transformation: [0.3055230466398187f,0.46738312981964847f,-0.8295834363895612f,1.4894229238885452f,-0.3312189348056978f,0.8689990219492217f,0.36760674242657243f,2.720825625898957f,0.8927203846659395f,0.1624614102218953f,0.4203053711179657f,1.9073274504514492f,0f,0f,0f,1f], start_interpolation: 0, interpolation_duration: 1 }
$data merge entity $(bone_left_whisker12) { transformation: [-0.3096765087434279f,0.33470144527017204f,-0.8899861810536948f,1.3503104297264585f,0.2615503346903931f,0.9298755223361184f,0.2586946759859502f,2.838318940310657f,0.9141618469154276f,-0.15266451943457723f,-0.37550188035479226f,2.317986092620489f,0f,0f,0f,1f], start_interpolation: 0, interpolation_duration: 1 }
$data merge entity $(bone_left_whisker11) { transformation: [-0.8174757609733654f,0.2597413791443599f,-0.5140698358989793f,0.9830849902267044f,0.19268792894656825f,0.9644436211628503f,0.1808863279426393f,2.924877970892123f,0.5427750383531835f,0.0488151365713103f,-0.8384583115350609f,2.5618108168807083f,0f,0f,0f,1f], start_interpolation: 0, interpolation_duration: 1 }
$data merge entity $(bone_left_whisker10) { transformation: [-0.3224332525026683f,0.5808858154900208f,-0.7474011419867141f,0.8382419275790214f,0.4329168082575151f,0.7926493344145854f,0.42929019297002546f,3.1193523183515537f,0.8417956015617313f,-0.18514508369008664f,-0.5070517361933735f,2.939961184769767f,0f,0f,0f,1f], start_interpolation: 0, interpolation_duration: 1 }
$data merge entity $(bone_left_whisker1) { transformation: [0.2262126992694592f,0.5371213039181311f,-0.8126060051258004f,0.9398609135789737f,0.5966123236348135f,0.5830418321772269f,0.5514670953180179f,3.38736176060938f,0.7699880193719214f,-0.6095596171078838f,-0.1885617225605354f,3.285854240346997f,0f,0f,0f,1f], start_interpolation: 0, interpolation_duration: 1 }
$data merge entity $(bone_upper_left_tooth1) { transformation: [-0.9843388360948828f,0.11386949770935106f,-0.1345763472783812f,0.7446823346489131f,0.05408159025771865f,0.9216401903557385f,0.3842584301173303f,3.3439989515732567f,0.1677862847510713f,0.37096239298944966f,-0.9133644757910032f,4.330122360747865f,0f,0f,0f,1f], start_interpolation: 0, interpolation_duration: 1 }
$data merge entity $(bone_upper_right_tooth1) { transformation: [-0.9843388360948828f,0.11386949770935106f,-0.1345763472783812f,0.08140714235841578f,0.05408159025771865f,0.9216401903557385f,0.3842584301173303f,3.3804406481336335f,0.1677862847510713f,0.37096239298944966f,-0.9133644757910032f,4.443181478402396f,0f,0f,0f,1f], start_interpolation: 0, interpolation_duration: 1 }
$data merge entity $(bone_top_lip1) { transformation: [-0.9843388360948828f,0.0609745051456782f,-0.16540606239679073f,0.4547484447875047f,0.05408159025771865f,0.9974826092398331f,0.04586530125586674f,3.4745563413164002f,0.1677862847510713f,0.03620157436265492f,-0.9851584688074798f,4.427767959888821f,0f,0f,0f,1f], start_interpolation: 0, interpolation_duration: 1 }
$data merge entity $(bone_muzzle1) { transformation: [-0.9843388360948828f,0.11386949770935106f,-0.1345763472783812f,0.3983627891916003f,0.05408159025771865f,0.9216401903557385f,0.3842584301173303f,3.84558322623225f,0.1677862847510713f,0.37096239298944966f,-0.9133644757910032f,3.97738362318067f,0f,0f,0f,1f], start_interpolation: 0, interpolation_duration: 1 }
$data merge entity $(bone_jaw_right_tooth1) { transformation: [-0.9843388360948828f,0.0007250873735813075f,-0.1762853652566543f,0.0871536593382819f,0.05408159025771865f,0.9530139041741513f,-0.29805985983680927f,3.408811501851077f,0.1677862847510713f,-0.30292568841061157f,-0.9381278110952633f,4.467749511216687f,0f,0f,0f,1f], start_interpolation: 0, interpolation_duration: 1 }
$data merge entity $(bone_jaw_left_tooth1) { transformation: [-0.9843388360948828f,0.0007250873735813075f,-0.1762853652566543f,0.8057017843196539f,0.05408159025771865f,0.9530139041741513f,-0.29805985983680927f,3.369332997244002f,0.1677862847510713f,-0.30292568841061157f,-0.9381278110952633f,4.345268800424279f,0f,0f,0f,1f], start_interpolation: 0, interpolation_duration: 1 }
$data merge entity $(bone_tongue1) { transformation: [-0.9843388360948828f,0.07515856696805022f,-0.15946236410727285f,0.3176839870360626f,0.05408159025771865f,0.9896894623661421f,0.13262710762364466f,3.487537340986973f,0.1677862847510713f,0.12192603451571224f,-0.9782544683039819f,3.6194784020172897f,0f,0f,0f,1f], start_interpolation: 0, interpolation_duration: 1 }
$data merge entity $(bone_jaw_lips1) { transformation: [-0.9843388360948828f,0.07515856696805022f,-0.15946236410727285f,0.5065171562069363f,0.05408159025771865f,0.9896894623661421f,0.13262710762364466f,3.237524940942274f,0.1677862847510713f,0.12192603451571224f,-0.9782544683039819f,4.473210556578377f,0f,0f,0f,1f], start_interpolation: 0, interpolation_duration: 1 }
$data merge entity $(bone_jaw3) { transformation: [-0.9843388360948828f,0.03132570409328135f,-0.17348128434627041f,0.34801653598772414f,0.05408159025771865f,0.9902930330554605f,-0.12804253307793384f,3.0390754595354688f,0.1677862847510713f,-0.1354193817179719f,-0.9764780354439905f,3.607312293784468f,0f,0f,0f,1f], start_interpolation: 0, interpolation_duration: 1 }
$data merge entity $(bone_jaw1) { transformation: [-0.9843388360948828f,0.14482041036000193f,-0.10051917478039704f,0.25770633989596115f,0.05408159025771865f,0.7907826624550197f,0.6097031756156002f,3.58685565637761f,0.1677862847510713f,0.5947182774252961f,-0.7862302036590311f,2.9009335951845574f,0f,0f,0f,1f], start_interpolation: 0, interpolation_duration: 1 }
$data merge entity $(bone_tear_right1) { transformation: [-0.9843388360948828f,0.1251652913957398f,-0.12413986299811561f,-0.1999214525140024f,0.05408159025771865f,0.8846427422967288f,0.4631224461164894f,3.959262009449186f,0.1677862847510713f,0.44915572837440665f,-0.8775573453158997f,4.045225693869289f,0f,0f,0f,1f], start_interpolation: 0, interpolation_duration: 1 }
$data merge entity $(bone_right_pupil1) { transformation: [-0.9843388360948828f,0.1251652913957398f,-0.12413986299811561f,0.0049004136673377885f,0.05408159025771865f,0.8846427422967288f,0.4631224461164894f,4.017383596102222f,0.1677862847510713f,0.44915572837440665f,-0.8775573453158997f,4.123709072583831f,0f,0f,0f,1f], start_interpolation: 0, interpolation_duration: 1 }
$data merge entity $(bone_right_sad_pupil1) { transformation: [-0.9843388360948828f,0.1251652913957398f,-0.12413986299811561f,0.003506264815308191f,0.05408159025771865f,0.8846427422967288f,0.4631224461164894f,4.022584678260757f,0.1677862847510713f,0.44915572837440665f,-0.8775573453158997f,4.113853692240928f,0f,0f,0f,1f], start_interpolation: 0, interpolation_duration: 1 }
$data merge entity $(bone_right_happy_pupil1) { transformation: [-0.9843388360948828f,0.1251652913957398f,-0.12413986299811561f,-0.02764396503609462f,0.05408159025771865f,0.8846427422967288f,0.4631224461164894f,3.999265999086326f,0.1677862847510713f,0.44915572837440665f,-0.8775573453158997f,4.10595401649853f,0f,0f,0f,1f], start_interpolation: 0, interpolation_duration: 1 }
$data merge entity $(bone_eyelid_right1) { transformation: [-0.9843388360948828f,0.1251652913957398f,-0.12413986299811561f,0.3523724332123096f,0.05408159025771865f,0.8846427422967288f,0.4631224461164894f,4.209580581430962f,0.1677862847510713f,0.44915572837440665f,-0.8775573453158997f,3.523317200778955f,0f,0f,0f,1f], start_interpolation: 0, interpolation_duration: 1 }
$data merge entity $(bone_eyelid_expressions_right5) { transformation: [-0.9843388360948828f,0.1251652913957398f,-0.12413986299811561f,-0.10956447769088962f,0.05408159025771865f,0.8846427422967288f,0.4631224461164894f,4.128918844055368f,0.1677862847510713f,0.44915572837440665f,-0.8775573453158997f,4.185965589873773f,0f,0f,0f,1f], start_interpolation: 0, interpolation_duration: 1 }
$data merge entity $(bone_eyelid_expressions_right7) { transformation: [-0.9843388360948828f,0.1251652913957398f,-0.12413986299811561f,0.222073118454359f,0.05408159025771865f,0.8846427422967288f,0.4631224461164894f,4.11069799577518f,0.1677862847510713f,0.44915572837440665f,-0.8775573453158997f,4.129436031046508f,0f,0f,0f,1f], start_interpolation: 0, interpolation_duration: 1 }
$data merge entity $(bone_eyelid_expressions_right6) { transformation: [-0.9843388360948828f,0.1251652913957398f,-0.12413986299811561f,0.11152725307260947f,0.05408159025771865f,0.8846427422967288f,0.4631224461164894f,4.116771611868576f,0.1677862847510713f,0.44915572837440665f,-0.8775573453158997f,4.148279217322263f,0f,0f,0f,1f], start_interpolation: 0, interpolation_duration: 1 }
$data merge entity $(bone_right_eye1) { transformation: [-0.9843388360948828f,0.1251652913957398f,-0.12413986299811561f,0.34271199552616427f,0.05408159025771865f,0.8846427422967288f,0.4631224461164894f,4.204986860881767f,0.1677862847510713f,0.44915572837440665f,-0.8775573453158997f,3.5350568997494336f,0f,0f,0f,1f], start_interpolation: 0, interpolation_duration: 1 }
$data merge entity $(bone_tear_left1) { transformation: [-0.9843388360948828f,0.1251652913957398f,-0.12413986299811561f,0.9939738936088925f,0.05408159025771865f,0.8846427422967288f,0.4631224461164894f,3.8936669556405077f,0.1677862847510713f,0.44915572837440665f,-0.8775573453158997f,3.841719282091135f,0f,0f,0f,1f], start_interpolation: 0, interpolation_duration: 1 }
$data merge entity $(bone_left_sad_pupil1) { transformation: [-0.9843388360948828f,0.1251652913957398f,-0.12413986299811561f,0.8326002551784296f,0.05408159025771865f,0.8846427422967288f,0.4631224461164894f,3.9770325575602863f,0.1677862847510713f,0.44915572837440665f,-0.8775573453158997f,3.972529795172765f,0f,0f,0f,1f], start_interpolation: 0, interpolation_duration: 1 }
$data merge entity $(bone_left_pupil1) { transformation: [-0.9843388360948828f,0.1251652913957398f,-0.12413986299811561f,0.8339944040304592f,0.05408159025771865f,0.8846427422967288f,0.4631224461164894f,3.971831475401751f,0.1677862847510713f,0.44915572837440665f,-0.8775573453158997f,3.9823851755156685f,0f,0f,0f,1f], start_interpolation: 0, interpolation_duration: 1 }
$data merge entity $(bone_eyelid_left1) { transformation: [-0.9843388360948828f,0.1251652913957398f,-0.12413986299811561f,0.3302632601359597f,0.05408159025771865f,0.8846427422967288f,0.4631224461164894f,4.210795304649641f,0.1677862847510713f,0.44915572837440665f,-0.8775573453158997f,3.527085838034106f,0f,0f,0f,1f], start_interpolation: 0, interpolation_duration: 1 }
$data merge entity $(bone_left_happy_pupil1) { transformation: [-0.9843388360948828f,0.1251652913957398f,-0.12413986299811561f,0.8567229580179015f,0.05408159025771865f,0.8846427422967288f,0.4631224461164894f,3.950677070339157f,0.1677862847510713f,0.44915572837440665f,-0.8775573453158997f,3.9552085262924894f,0f,0f,0f,1f], start_interpolation: 0, interpolation_duration: 1 }
$data merge entity $(bone_eyelid_expressions_left5) { transformation: [-0.9843388360948828f,0.1251652913957398f,-0.12413986299811561f,0.9737850030502557f,0.05408159025771865f,0.8846427422967288f,0.4631224461164894f,4.069397406340086f,0.1677862847510713f,0.44915572837440665f,-0.8775573453158997f,4.001302364371373f,0f,0f,0f,1f], start_interpolation: 0, interpolation_duration: 1 }
$data merge entity $(bone_eyelid_expressions_left7) { transformation: [-0.9843388360948828f,0.1251652913957398f,-0.12413986299811561f,0.6421474069050072f,0.05408159025771865f,0.8846427422967288f,0.4631224461164894f,4.087618254620275f,0.1677862847510713f,0.44915572837440665f,-0.8775573453158997f,4.057831923198639f,0f,0f,0f,1f], start_interpolation: 0, interpolation_duration: 1 }
$data merge entity $(bone_eyelid_expressions_left6) { transformation: [-0.9843388360948828f,0.1251652913957398f,-0.12413986299811561f,0.7526932722867568f,0.05408159025771865f,0.8846427422967288f,0.4631224461164894f,4.0815446385268785f,0.1677862847510713f,0.44915572837440665f,-0.8775573453158997f,4.038988736922883f,0f,0f,0f,1f], start_interpolation: 0, interpolation_duration: 1 }
$data merge entity $(bone_left_eye1) { transformation: [-0.9843388360948828f,0.1251652913957398f,-0.12413986299811561f,0.34271199552616427f,0.05408159025771865f,0.8846427422967288f,0.4631224461164894f,4.204986860881767f,0.1677862847510713f,0.44915572837440665f,-0.8775573453158997f,3.5350568997494336f,0f,0f,0f,1f], start_interpolation: 0, interpolation_duration: 1 }
$data merge entity $(bone_crest_middle5) { transformation: [-0.9843388360948828f,0.09532959019802258f,-0.1482879799176199f,0.5753377855592349f,0.05408159025771865f,0.9639112204754473f,0.26067286133529644f,5.210044530980408f,0.1677862847510713f,0.2485707711582588f,-0.9539708246981254f,4.575830182060509f,0f,0f,0f,1f], start_interpolation: 0, interpolation_duration: 1 }
$data merge entity $(bone_crest_middle4) { transformation: [-0.9843388360948828f,0.09532959019802258f,-0.1482879799176199f,0.511102026539083f,0.05408159025771865f,0.9639112204754473f,0.26067286133529644f,4.560534040620976f,0.1677862847510713f,0.2485707711582588f,-0.9539708246981254f,4.4083362054011355f,0f,0f,0f,1f], start_interpolation: 0, interpolation_duration: 1 }
$data merge entity $(bone_crest_middle1) { transformation: [-0.9843388360948828f,0.09532959019802258f,-0.1482879799176199f,0.47541533699845273f,0.05408159025771865f,0.9639112204754473f,0.26067286133529644f,4.051444990998099f,0.1677862847510713f,0.2485707711582588f,-0.9539708246981254f,4.363067612253751f,0f,0f,0f,1f], start_interpolation: 0, interpolation_duration: 1 }
$data merge entity $(bone_crest_left5) { transformation: [-0.634448207190193f,-0.7726082093299379f,-0.023495260567540047f,-0.5798679726915774f,-0.7170421041892685f,0.576923129341365f,0.3911653405540856f,4.656687526918115f,-0.2886625940661114f,0.26502124010530476f,-0.9200204612290263f,4.559839344793599f,0f,0f,0f,1f], start_interpolation: 0, interpolation_duration: 1 }
$data merge entity $(bone_crest_left4) { transformation: [-0.634448207190193f,-0.7726082093299379f,-0.023495260567540047f,-0.14603035514791107f,-0.7170421041892685f,0.576923129341365f,0.3911653405540856f,4.332731668157095f,-0.2886625940661114f,0.26502124010530476f,-0.9200204612290263f,4.411023707039155f,0f,0f,0f,1f], start_interpolation: 0, interpolation_duration: 1 }
$data merge entity $(bone_crest_left1) { transformation: [-0.634448207190193f,-0.7726082093299379f,-0.023495260567540047f,0.3298717102022369f,-0.7170421041892685f,0.576923129341365f,0.3911653405540856f,3.998345074185852f,-0.2886625940661114f,0.26502124010530476f,-0.9200204612290263f,4.195665200313302f,0f,0f,0f,1f], start_interpolation: 0, interpolation_duration: 1 }
$data merge entity $(bone_crest_center1) { transformation: [-0.9843388360948828f,0.1251652913957398f,-0.12413986299811561f,0.43690345833125177f,0.05408159025771865f,0.8846427422967288f,0.4631224461164894f,3.967434394330247f,0.1677862847510713f,0.44915572837440665f,-0.8775573453158997f,4.164211602024406f,0f,0f,0f,1f], start_interpolation: 0, interpolation_duration: 1 }
$data merge entity $(bone_crest_right5) { transformation: [-0.4233215350385048f,0.8735530384421345f,-0.2402165002683173f,1.5945452209308772f,0.7751581387177597f,0.48647966126350634f,0.40307244901700157f,4.5372208157853935f,0.46896560423154987f,-0.015576527387676523f,-0.8830790643211279f,4.189197958013594f,0f,0f,0f,1f], start_interpolation: 0, interpolation_duration: 1 }
$data merge entity $(bone_crest_right4) { transformation: [-0.4233215350385048f,0.8735530384421345f,-0.2402165002683173f,1.1040247159462804f,0.7751581387177597f,0.48647966126350634f,0.40307244901700157f,4.264051084118874f,0.46896560423154987f,-0.015576527387676523f,-0.8830790643211279f,4.197944543216635f,0f,0f,0f,1f], start_interpolation: 0, interpolation_duration: 1 }
$data merge entity $(bone_crest_right1) { transformation: [-0.4233215350385048f,0.8735530384421345f,-0.2402165002683173f,0.550963440965736f,0.7751581387177597f,0.48647966126350634f,0.40307244901700157f,3.9861978419990596f,0.46896560423154987f,-0.015576527387676523f,-0.8830790643211279f,4.1579788277617915f,0f,0f,0f,1f], start_interpolation: 0, interpolation_duration: 1 }
$data merge entity $(bone_head1) { transformation: [-1.0317614102296617f,0.13119539006975323f,-0.13012055952276433f,0.25900548419651276f,0.05668708353836392f,0.9272622494125864f,0.48543433479658044f,4.441371616239792f,0.17586973857371396f,0.47079474132994426f,-0.9198354986709621f,2.967789834032798f,0f,0f,0f,1f], start_interpolation: 0, interpolation_duration: 1 }
$data merge entity $(bone_neck10) { transformation: [-1.4941409356866342f,0.0985467223555093f,-0.005068481279710389f,0.2258301745780663f,0.09800416882643735f,1.4909608208717182f,0.09810858882993255f,4.0639857395196035f,0.01150342914681363f,0.0975635988601677f,-1.4941697684598445f,1.8739247943471087f,0f,0f,0f,1f], start_interpolation: 0, interpolation_duration: 1 }
$data merge entity $(bone_neck9) { transformation: [-1.143017815800276f,0.04896959316022643f,0.05744910971829823f,0.17194794847597017f,0.07497318915222462f,0.6348005673865532f,0.9505763562453005f,3.370149943774616f,0.008800123297312432f,0.952270112462829f,-0.6366257450327628f,0.7865238896775479f,0f,0f,0f,1f], start_interpolation: 0, interpolation_duration: 1 }
$data merge entity $(bone_neck8) { transformation: [-1.0608400643375104f,0.035785682987372974f,0.06023188679123782f,0.13921752118888311f,0.06958295986677053f,0.43161159129701177f,0.9691025659604663f,2.9882035880343296f,0.008167434694237677f,0.9709381836904487f,-0.43301555844949374f,-0.21070363049329766f,0f,0f,0f,1f], start_interpolation: 0, interpolation_duration: 1 }
$data merge entity $(bone_neck7) { transformation: [-1.0531819342670181f,-0.03494926103087668f,0.06334804922791284f,0.17453858286902443f,0.04961252581122536f,0.32390006541172295f,1.0035207809322717f,2.6608577772458863f,-0.05265950503201604f,1.004138391674017f,-0.32149600269693235f,-1.2255243454829956f,0f,0f,0f,1f], start_interpolation: 0, interpolation_duration: 1 }
$data merge entity $(bone_neck6) { transformation: [-1.0238576086279778f,-0.19581522446437674f,0.12324166234020643f,0.35618110579631757f,0.11820838009813708f,0.037929347563031894f,1.0423073710196193f,2.641544360287133f,-0.19889416367250715f,1.0305504716777445f,-0.014944871883207452f,-2.1720533104672404f,0f,0f,0f,1f], start_interpolation: 0, interpolation_duration: 1 }
$data merge entity $(bone_neck_spine6) { transformation: [-1.2664137538274238f,0.12660542691948914f,0.012354695786501993f,0.8437377399508248f,0.0315102074895057f,0.1924542245993911f,1.2577574673896894f,3.165523429927858f,0.12324236064524012f,1.2517658750042242f,-0.19462498101273534f,-5.882482189072365f,0f,0f,0f,1f], start_interpolation: 0, interpolation_duration: 1 }
$data merge entity $(bone_neck_spine7) { transformation: [-0.9589006285173973f,0.2811802959520604f,0.038042421022487394f,0.27180702202131213f,0.0018980132411362746f,-0.12771455078928634f,0.9918091505236416f,3.4718289969331315f,0.28373576118402305f,0.9511186228252514f,0.12193187909780004f,-9.108812947499912f,0f,0f,0f,1f], start_interpolation: 0, interpolation_duration: 1 }
$data merge entity $(bone_tail6) { transformation: [-1.6245516438110743f,0.571080737560022f,-0.0008278319660976714f,-0.8320933824257688f,-0.04440151422628247f,-0.12381994780879776f,1.7169738098136988f,4.339139826852651f,0.5693526145125498f,1.6198263330492113f,0.13153778405916694f,-12.757300455269327f,0f,0f,0f,1f], start_interpolation: 0, interpolation_duration: 1 }
$data merge entity $(bone_tail5) { transformation: [-1.342020923148279f,0.46471396955173805f,0.0812472002935661f,-0.5385898227088817f,-0.036679511752146385f,-0.34702939727642007f,1.3790596615315178f,4.119963365414912f,0.47033476851036726f,1.2989194983328514f,0.3393724820913863f,-11.936930245795947f,0f,0f,0f,1f], start_interpolation: 0, interpolation_duration: 1 }
$data merge entity $(bone_tail4) { transformation: [-0.9819060445669845f,0.35449239508273567f,0.09418524033253727f,-0.3866645105305664f,-0.012673783101372823f,-0.30178227044347367f,1.0037141199032f,3.9906281066534235f,0.36657208416611803f,0.9391154354495836f,0.28698833431974324f,-11.53445220203184f,0f,0f,0f,1f], start_interpolation: 0, interpolation_duration: 1 }
$data merge entity $(bone_segment18) { transformation: [-0.9729045415646f,0.21303194845243675f,0.08985622928619705f,-0.2670420785382313f,0.025592177063420297f,-0.28702663578313803f,0.9575806758828045f,3.8294559234744154f,0.22978640837989053f,0.9339342050110234f,0.2737975661584631f,-11.01002625683522f,0f,0f,0f,1f], start_interpolation: 0, interpolation_duration: 1 }
$data merge entity $(bone_segment17) { transformation: [-0.9662196182249659f,0.2352478712917232f,0.10525249835473686f,-0.09531572718025932f,0.014776051379635733f,-0.3571601444712571f,0.9339262816233932f,3.568735993794469f,0.2572961672136362f,0.9039331116039415f,0.3416191038030353f,-10.350172740307928f,0f,0f,0f,1f], start_interpolation: 0, interpolation_duration: 1 }
$data merge entity $(bone_segment16) { transformation: [-0.9589006285173973f,0.2560613819489817f,0.12223810086596627f,0.1491178674048284f,0.0018980132411363071f,-0.42500886668429383f,0.9051871965430516f,3.163026846153944f,0.283735761184023f,0.8682165812250479f,0.40705526149555316f,-9.521382009695149f,0f,0f,0f,1f], start_interpolation: 0, interpolation_duration: 1 }
$data merge entity $(bone_segment15) { transformation: [-0.9589006285173973f,0.26175320662127044f,0.1095209726601392f,0.45777704415793785f,0.0018980132411362746f,-0.3800618802627498f,0.9249591151596269f,2.7148581738714537f,0.28373576118402305f,0.887151749135753f,0.3639447648073774f,-8.475253360201572f,0f,0f,0f,1f], start_interpolation: 0, interpolation_duration: 1 }
$data merge entity $(bone_segment14) { transformation: [-1.0264396483042761f,0.20005648504991305f,0.07123376449156607f,0.68284058983909f,0.023293017705342558f,-0.24341398614226392f,1.0192557405782343f,2.441017439461407f,0.2110788519495608f,0.999701071403337f,0.23392025162402616f,-7.350589654872818f,0f,0f,0f,1f], start_interpolation: 0, interpolation_duration: 1 }
$data merge entity $(bone_segment13) { transformation: [-1.020580495731512f,0.09875011221461527f,0.027522334443314936f,0.801019867812237f,0.025393520153307536f,-0.0232713677370889f,1.0251376611953424f,2.3849299015088925f,0.09931884357881116f,1.0206862743294014f,0.020710106926850446f,-6.121862842044638f,0f,0f,0f,1f], start_interpolation: 0, interpolation_duration: 1 }
$data merge entity $(bone_segment12) { transformation: [-1.1145056547515264f,-0.04537547407129567f,0.017090730568146396f,0.7462038588670475f,0.012593012368343108f,0.10883792882111448f,1.1101664751203295f,2.5164119631719837f,-0.046823527825640754f,1.1093102599338076f,-0.10822285174225572f,-4.781756487762185f,0f,0f,0f,1f], start_interpolation: 0, interpolation_duration: 1 }
$data merge entity $(bone_segment11) { transformation: [-1.1773538451544692f,-0.1749702440592125f,0.018605855938200844f,0.543997627769865f,-1.7739143716081702e-17f,0.12587734296489267f,1.183755775238054f,2.661883458844383f,-0.1759567111005814f,1.170753240056719f,-0.1244946890301275f,-3.4287630031296206f,0f,0f,0f,1f], start_interpolation: 0, interpolation_duration: 1 }
$data merge entity $(bone_segment10) { transformation: [-1.0366637630290925f,-0.15491933164081265f,-0.0018550287057297866f,0.3484324836803912f,-1.454637914751385e-17f,-0.012550139341960958f,1.0481019473446613f,2.6616666897472814f,-0.15493043744705293f,1.0365894523443864f,0.012412286896601805f,-2.120206069257896f,0f,0f,0f,1f], start_interpolation: 0, interpolation_duration: 1 }