# This file was generated by Animated Java via MC-Build. It is not recommended to edit this file directly.
$data merge entity $(bone_neck_spine5) { transformation: [-1.5698949232411121f,0.07785888665905313f,0.0372440506207002f,0.29445934897531323f,0.08263357130190174f,1.1600409622171417f,1.0580623112221996f,3.9907734270576958f,0.024916228292381708f,1.0584243739177512f,-1.1623838530456032f,0.4774054355548708f,0f,0f,0f,1f], start_interpolation: 0, interpolation_duration: 1 }
$data merge entity $(bone_neck_spine2) { transformation: [-1.495138022134392f,0.07751434998571755f,-0.027351453313808685f,0.27159939467982586f,0.0786986393351445f,1.4937484438295587f,-0.06867599586169487f,5.066912698749819f,0.023729741230839714f,-0.07000995491421459f,-1.4955700542863435f,2.554760067366708f,0f,0f,0f,1f], start_interpolation: 0, interpolation_duration: 1 }
$data merge entity $(bone_scale_neck_left1) { transformation: [-1.5657156561742214f,0.5030481874592974f,0.09236929112272614f,1.0092503283882839f,0.5078041599306572f,1.4934724674556794f,0.47405696382042123f,4.124498669738758f,0.06102868182845588f,0.47910081494757706f,-1.5747358476736735f,2.5507424061872848f,0f,0f,0f,1f], start_interpolation: 0, interpolation_duration: 1 }
$data merge entity $(bone_scale_neck_right1) { transformation: [-1.611507688607783f,-0.32810621669511647f,-0.0918932041104804f,-0.5606445948528276f,-0.3405666538298826f,1.5372214188675284f,0.48375587284465343f,4.20713224104066f,-0.010602108035201717f,0.49229229201623004f,-1.5718113676151764f,2.5756586344796664f,0f,0f,0f,1f], start_interpolation: 0, interpolation_duration: 1 }
$data merge entity $(bone_blush_right1) { transformation: [-0.9852153823099087f,0.11267180252897761f,-0.12905702373296585f,-0.3254982746774093f,0.03909493249810066f,0.8812916131346072f,0.4709529476195795f,3.5571051826567044f,0.16679999014661012f,0.4589446127077566f,-0.8726669500752384f,3.8138376830086878f,0f,0f,0f,1f], start_interpolation: 0, interpolation_duration: 1 }
$data merge entity $(bone_blush_left1) { transformation: [-0.9852153823099087f,0.11267180252897761f,-0.12905702373296585f,0.9801045317625772f,0.03909493249810066f,0.8812916131346072f,0.4709529476195795f,3.5052967613677177f,0.16679999014661012f,0.4589446127077566f,-0.8726669500752384f,3.592795117941354f,0f,0f,0f,1f], start_interpolation: 0, interpolation_duration: 1 }
$data merge entity $(bone_left_head_scales) { transformation: [-0.8143048153857745f,0.11267180252897761f,-0.5693968146683036f,1.0226891970306005f,-0.1827842418141058f,0.8812916131346072f,0.4357923973212978f,4.333299154445132f,0.5509061522473517f,0.4589446127077566f,-0.6970453743355203f,3.5829264174599853f,0f,0f,0f,1f], start_interpolation: 0, interpolation_duration: 1 }
$data merge entity $(bone_left_head_scales2) { transformation: [-0.7330171267252953f,0.11267180252897761f,-0.6708136528442628f,0.9432011875259885f,-0.2381028195075f,0.8812916131346072f,0.4082060018681503f,3.462178385355077f,0.6371757522614708f,0.4589446127077566f,-0.6191743722058889f,3.317600250660027f,0f,0f,0f,1f], start_interpolation: 0, interpolation_duration: 1 }
$data merge entity $(bone_left_head_scales1) { transformation: [-0.9852153823099087f,0.11267180252897761f,-0.12905702373296585f,1.010035625457522f,0.03909493249810066f,0.8812916131346072f,0.4709529476195795f,4.234325975235679f,0.16679999014661012f,0.4589446127077566f,-0.8726669500752384f,3.5313847861500323f,0f,0f,0f,1f], start_interpolation: 0, interpolation_duration: 1 }
$data merge entity $(bone_right_head_scales) { transformation: [-0.9334886188596502f,0.11267180252897761f,0.3404468583705445f,-0.3050424705354874f,0.252139499110479f,0.8812916131346072f,0.3996883355902674f,4.385985684569525f,-0.25499935577922406f,0.4589446127077566f,-0.8510847026111494f,3.8077154666810027f,0f,0f,0f,1f], start_interpolation: 0, interpolation_duration: 1 }
$data merge entity $(bone_right_head_scales2) { transformation: [-0.8810652622429492f,0.11267180252897761f,0.4593790032028389f,-0.3845304800400995f,0.3021522072618186f,0.8812916131346072f,0.36335813774485975f,3.5148649154794707f,-0.3639066464295121f,0.4589446127077566f,-0.8105194600692534f,3.5423892998810445f,0f,0f,0f,1f], start_interpolation: 0, interpolation_duration: 1 }
$data merge entity $(bone_right_head_scales1) { transformation: [-0.9852153823099087f,0.11267180252897761f,-0.12905702373296585f,-0.31769604210856595f,0.03909493249810066f,0.8812916131346072f,0.4709529476195795f,4.287012505360073f,0.16679999014661012f,0.4589446127077566f,-0.8726669500752384f,3.7561738353710497f,0f,0f,0f,1f], start_interpolation: 0, interpolation_duration: 1 }
$data merge entity $(bone_head_left_fin1) { transformation: [-0.35502022445845716f,0.21739356252139433f,-0.9619645925006267f,0.9517145373897664f,-0.15406458331062026f,0.9976175083727029f,0.28230942099536466f,3.9028443683729033f,0.9741149533910081f,0.23701169588792403f,-0.3059423338107013f,3.26460070544578f,0f,0f,0f,1f], start_interpolation: 0, interpolation_duration: 1 }
$data merge entity $(bone_head_right_fin1) { transformation: [-0.6424721362069047f,-0.049883832100542175f,0.826689999647918f,-0.37601713017632155f,0.19364668607494406f,1.0082235056892634f,0.21133272716978166f,3.9555308984972966f,-0.805236433102168f,0.2822625796944935f,-0.6087670498099266f,3.4893897546667976f,0f,0f,0f,1f], start_interpolation: 0, interpolation_duration: 1 }
$data merge entity $(bone_right_whisker16) { transformation: [-0.05805138041487684f,-0.17976967784571735f,0.981994348333622f,-1.1488431657489766f,0.9671777823818228f,-0.25387527690025025f,0.010699581571262114f,3.0044634494099527f,0.24738062676552972f,0.9503842416128698f,0.18860704863558383f,1.5371636743390855f,0f,0f,0f,1f], start_interpolation: 0, interpolation_duration: 1 }
$data merge entity $(bone_right_whisker15) { transformation: [0.2854383618438621f,-0.1026012099524628f,0.9528892555298247f,-1.245011363831137f,0.49270585587287125f,0.8685142146425363f,-0.05407400995338474f,2.838463917890284f,-0.8220498045595986f,0.4849289130173089f,0.29845949162889424f,1.8141238135705908f,0f,0f,0f,1f], start_interpolation: 0, interpolation_duration: 1 }
$data merge entity $(bone_right_whisker14) { transformation: [0.508442359372848f,-0.23579401442732575f,0.8281832828279125f,-1.416312744674528f,-0.14178390236310898f,0.925726542862253f,0.35061045744670616f,2.8862329084325427f,-0.8493430945301558f,-0.29568826591622865f,0.43724679206758443f,2.1002794460050667f,0f,0f,0f,1f], start_interpolation: 0, interpolation_duration: 1 }
$data merge entity $(bone_right_whisker13) { transformation: [0.024098979458625436f,-0.3047256280750219f,0.952135248157181f,-1.4244320297460376f,0.3236073076599027f,0.9035111634250188f,0.2809731090255384f,2.7772050557541577f,-0.945884532920463f,0.3013467590014064f,0.12038513704434872f,2.418961246647215f,0f,0f,0f,1f], start_interpolation: 0, interpolation_duration: 1 }
$data merge entity $(bone_right_whisker12) { transformation: [-0.6162769799038643f,-0.27810607497897943f,0.7367901296165404f,-1.1475888551798485f,-0.21048410601723602f,0.9597029963635835f,0.18618968791231122f,2.8717584627540877f,-0.7588801783909612f,-0.04033819319881862f,-0.649979772773552f,2.7598644517837796f,0f,0f,0f,1f], start_interpolation: 0, interpolation_duration: 1 }
$data merge entity $(bone_right_whisker11) { transformation: [-0.9647710129675008f,-0.13812703945741472f,0.22391474607178607f,-0.7141956266983538f,-0.1049730114433233f,0.9825113049162472f,0.15379272603180077f,2.918914307738393f,-0.24124170328983846f,0.1248697588790115f,-0.9623980381896649f,2.8682347481835118f,0f,0f,0f,1f], start_interpolation: 0, interpolation_duration: 1 }
$data merge entity $(bone_right_whisker10) { transformation: [-0.6204125185309481f,-0.5329154483266978f,0.5754037120012703f,-0.43549469063952956f,-0.381685770422848f,0.8460941419396033f,0.3720761691269717f,3.0903747124205316f,-0.6851308484565579f,0.011217304054040311f,-0.7283336409798443f,3.176008371513606f,0f,0f,0f,1f], start_interpolation: 0, interpolation_duration: 1 }
$data merge entity $(bone_right_whisker1) { transformation: [-0.09648831315013268f,-0.65102789223898f,0.7528962006494077f,-0.3921503312166184f,-0.5959457582752339f,0.643641535297915f,0.4801814524042956f,3.3580847210207345f,-0.7972067853569729f,-0.4023533988500827f,-0.45008119691294385f,3.5341286071231837f,0f,0f,0f,1f], start_interpolation: 0, interpolation_duration: 1 }
$data merge entity $(bone_left_whisker16) { transformation: [-0.21045517886507142f,0.46202070030197817f,-0.8615367027476781f,0.9642763710845671f,-0.9565230098327633f,-0.2793425523428926f,0.08385386163456794f,2.9206114642133407f,-0.20192164160718842f,0.8417271594424343f,0.500722517675838f,1.1794060466657772f,0f,0f,0f,1f], start_interpolation: 0, interpolation_duration: 1 }
$data merge entity $(bone_left_whisker15) { transformation: [0.5009090530265522f,0.3228639204791319f,-0.8030249120973072f,1.1330396750827707f,-0.5239093872594169f,0.8516310732978283f,0.015603491117388901f,2.744099024169885f,0.6889187720896459f,0.4128963596914284f,0.5957411531999965f,1.4115124689030114f,0f,0f,0f,1f], start_interpolation: 0, interpolation_duration: 1 }
$data merge entity $(bone_left_whisker14) { transformation: [0.7686700460066449f,0.19608166449273376f,-0.6088500153748061f,1.392015423004931f,0.09110602605576089f,0.9085890206329869f,0.4076342522427624f,2.7747939255265623f,0.6331240418657864f,-0.36880614479011586f,0.6805409430567587f,1.6248208619144333f,0f,0f,0f,1f], start_interpolation: 0, interpolation_duration: 1 }
$data merge entity $(bone_left_whisker13) { transformation: [0.3086374375870846f,0.4554817737069843f,-0.8350325059184331f,1.495999715941986f,-0.3368108243706984f,0.873344909841419f,0.35189080272268203f,2.6613176223938564f,0.8895512355712905f,0.17264131103192704f,0.42295812679125633f,1.9245231824926512f,0f,0f,0f,1f], start_interpolation: 0, interpolation_duration: 1 }
$data merge entity $(bone_left_whisker12) { transformation: [-0.3144668137051272f,0.3224526441632888f,-0.8928241234141516f,1.354735326972886f,0.24741751818022611f,0.9358718595303714f,0.2508554050378455f,2.7724622106388797f,0.9164579612702825f,-0.14201462886360477f,-0.37408107465234114f,2.336213282282036f,0f,0f,0f,1f], start_interpolation: 0, interpolation_duration: 1 }
$data merge entity $(bone_left_whisker11) { transformation: [-0.8207628357490082f,0.24674611158349963f,-0.515232689055799f,0.9860332718512609f,0.17582586914534398f,0.9672389186640166f,0.18312328623347587f,2.8514464877940147f,0.5435380678411872f,0.05970955233533659f,-0.8372581072568859f,2.5803807736950692f,0f,0f,0f,1f], start_interpolation: 0, interpolation_duration: 1 }
$data merge entity $(bone_left_whisker10) { transformation: [-0.32941029856505716f,0.570497280995913f,-0.7523441417167744f,0.8380559892927392f,0.4193762689536997f,0.8023089484225545f,0.42476334154393336f,3.0398381711130593f,0.8459387686102076f,-0.17559385996487592f,-0.5035418513935874f,2.9603923299066857f,0f,0f,0f,1f], start_interpolation: 0, interpolation_duration: 1 }
$data merge entity $(bone_left_whisker1) { transformation: [0.21709990301324333f,0.530153279144453f,-0.8196371957909329f,0.9355813363494696f,0.5911596962132191f,0.5967703647981257f,0.5425821092441272f,3.3053981908963412f,0.7767868727551561f,-0.6023309989624439f,-0.18384646312662573f,3.309339557902166f,0f,0f,0f,1f], start_interpolation: 0, interpolation_duration: 1 }
$data merge entity $(bone_upper_left_tooth1) { transformation: [-0.9852153823099087f,0.10099499154355884f,-0.13838591743041165f,0.7394930803137212f,0.03909493249810066f,0.918984286426401f,0.3923512043492761f,3.2480605627437984f,0.16679999014661012f,0.3811402536920957f,-0.9093458474654273f,4.352763110640421f,0f,0f,0f,1f], start_interpolation: 0, interpolation_duration: 1 }
$data merge entity $(bone_upper_right_tooth1) { transformation: [-0.9852153823099087f,0.10099499154355884f,-0.13838591743041165f,0.0756272465306772f,0.03909493249810066f,0.918984286426401f,0.3923512043492761f,3.2744038278059953f,0.16679999014661012f,0.3811402536920957f,-0.9093458474654273f,4.46515763525093f,0f,0f,0f,1f], start_interpolation: 0, interpolation_duration: 1 }
$data merge entity $(bone_top_lip1) { transformation: [-0.9852153823099087f,0.04757347697601393f,-0.16458254691294855f,0.447698025952405f,0.03909493249810066f,0.9977547677186308f,0.0543783941258838f,3.3736614125958777f,0.16679999014661012f,0.047140086796204295f,-0.9848632268005226f,4.4513614286028425f,0f,0f,0f,1f], start_interpolation: 0, interpolation_duration: 1 }
$data merge entity $(bone_muzzle1) { transformation: [-0.9852153823099087f,0.10099499154355884f,-0.13838591743041165f,0.38700440634183586f,0.03909493249810066f,0.918984286426401f,0.3923512043492761f,3.748785174226139f,0.16679999014661012f,0.3811402536920957f,-0.9093458474654273f,4.004948178084547f,0f,0f,0f,1f], start_interpolation: 0, interpolation_duration: 1 }
$data merge entity $(bone_jaw_right_tooth1) { transformation: [-0.9852153823099087f,-0.011586101024581692f,-0.17092809225808503f,0.08095826446648541f,0.03909493249810066f,0.9561812987319097f,-0.2901532529687145f,3.3025796608232225f,0.16679999014661012f,-0.29254587028089496f,-0.9415915659502716f,4.490041740940586f,0f,0f,0f,1f], start_interpolation: 0, interpolation_duration: 1 }
$data merge entity $(bone_jaw_left_tooth1) { transformation: [-0.9852153823099087f,-0.011586101024581692f,-0.17092809225808503f,0.800146251064783f,0.03909493249810066f,0.9561812987319097f,-0.2901532529687145f,3.274041123672509f,0.16679999014661012f,-0.29254587028089496f,-0.9415915659502716f,4.368281005945868f,0f,0f,0f,1f], start_interpolation: 0, interpolation_duration: 1 }
$data merge entity $(bone_tongue1) { transformation: [-0.9852153823099087f,0.0617367596527941f,-0.15980995891218225f,0.31163909820002866f,0.03909493249810066f,0.9892186202675947f,0.14113152577948315f,3.393612688150526f,0.16679999014661012f,0.13279719057061815f,-0.9770069956062966f,3.643043981013149f,0f,0f,0f,1f], start_interpolation: 0, interpolation_duration: 1 }
$data merge entity $(bone_jaw_lips1) { transformation: [-0.9852153823099087f,0.0617367596527941f,-0.15980995891218225f,0.5025672065370138f,0.03909493249810066f,0.9892186202675947f,0.14113152577948315f,3.1368619451488637f,0.16679999014661012f,0.13279719057061815f,-0.9770069956062966f,4.4943067319318635f,0f,0f,0f,1f], start_interpolation: 0, interpolation_duration: 1 }
$data merge entity $(bone_jaw3) { transformation: [-0.9852153823099087f,0.01827126961651067f,-0.17034321579253167f,0.34798550511379095f,0.03909493249810066f,0.992039339898616f,-0.11970603304130772f,2.945755198532911f,0.16679999014661012f,-0.12459578163051316f,-0.978086731576997f,3.6260514965471398f,0f,0f,0f,1f], start_interpolation: 0, interpolation_duration: 1 }
$data merge entity $(bone_jaw1) { transformation: [-0.9852153823099087f,0.13337058166274496f,-0.1075311043693001f,0.25137552853199785f,0.03909493249810066f,0.7861226921585873f,0.6168327967336882f,3.499940914348334f,0.16679999014661012f,0.603509238388507f,-0.7797142825848552f,2.925526945787309f,0f,0f,0f,1f], start_interpolation: 0, interpolation_duration: 1 }
$data merge entity $(bone_tear_right1) { transformation: [-0.9852153823099087f,0.11267180252897761f,-0.12905702373296585f,-0.21284428350837087f,0.03909493249810066f,0.8812916131346072f,0.4709529476195795f,3.853714836552615f,0.16679999014661012f,0.4589446127077566f,-0.8726669500752384f,4.073071312417115f,0f,0f,0f,1f], start_interpolation: 0, interpolation_duration: 1 }
$data merge entity $(bone_right_pupil1) { transformation: [-0.9852153823099087f,0.11267180252897761f,-0.12905702373296585f,-0.008931736474726781f,0.03909493249810066f,0.8812916131346072f,0.4709529476195795f,3.9137094977539326f,0.16679999014661012f,0.4589446127077566f,-0.8726669500752384f,4.152507262874791f,0f,0f,0f,1f], start_interpolation: 0, interpolation_duration: 1 }
$data merge entity $(bone_right_sad_pupil1) { transformation: [-0.9852153823099087f,0.11267180252897761f,-0.12905702373296585f,-0.01038110734672787f,0.03909493249810066f,0.8812916131346072f,0.4709529476195795f,3.9189985201148945f,0.16679999014661012f,0.4589446127077566f,-0.8726669500752384f,4.142706803962813f,0f,0f,0f,1f], start_interpolation: 0, interpolation_duration: 1 }
$data merge entity $(bone_right_happy_pupil1) { transformation: [-0.9852153823099087f,0.11267180252897761f,-0.12905702373296585f,-0.04120518209441726f,0.03909493249810066f,0.8812916131346072f,0.4709529476195795f,3.8953531640212216f,0.16679999014661012f,0.4589446127077566f,-0.8726669500752384f,4.134504606316904f,0f,0f,0f,1f], start_interpolation: 0, interpolation_duration: 1 }
$data merge entity $(bone_eyelid_right1) { transformation: [-0.9852153823099087f,0.11267180252897761f,-0.12905702373296585f,0.33680449400590995f,0.03909493249810066f,0.8812916131346072f,0.4709529476195795f,4.117059439426955f,0.16679999014661012f,0.4589446127077566f,-0.8726669500752384f,3.5547931628067917f,0f,0f,0f,1f], start_interpolation: 0, interpolation_duration: 1 }
$data merge entity $(bone_eyelid_expressions_right5) { transformation: [-0.9852153823099087f,0.11267180252897761f,-0.12905702373296585f,-0.12496813318695482f,0.03909493249810066f,0.8812916131346072f,0.4709529476195795f,4.023020811078195f,0.16679999014661012f,0.4589446127077566f,-0.8726669500752384f,4.2157906592127015f,0f,0f,0f,1f], start_interpolation: 0, interpolation_duration: 1 }
$data merge entity $(bone_eyelid_expressions_right7) { transformation: [-0.9852153823099087f,0.11267180252897761f,-0.12905702373296585f,0.20696478370456728f,0.03909493249810066f,0.8812916131346072f,0.4709529476195795f,4.009849178547095f,0.16679999014661012f,0.4589446127077566f,-0.8726669500752384f,4.159593396907447f,0f,0f,0f,1f], start_interpolation: 0, interpolation_duration: 1 }
$data merge entity $(bone_eyelid_expressions_right6) { transformation: [-0.9852153823099087f,0.11267180252897761f,-0.12905702373296585f,0.09632047807405991f,0.03909493249810066f,0.8812916131346072f,0.4709529476195795f,4.014239722724128f,0.16679999014661012f,0.4589446127077566f,-0.8726669500752384f,4.178325817675865f,0f,0f,0f,1f], start_interpolation: 0, interpolation_duration: 1 }
$data merge entity $(bone_right_eye1) { transformation: [-0.9852153823099087f,0.11267180252897761f,-0.12905702373296585f,0.3271894343148603f,0.03909493249810066f,0.8812916131346072f,0.4709529476195795f,4.112209471483696f,0.16679999014661012f,0.4589446127077566f,-0.8726669500752384f,3.566466863795611f,0f,0f,0f,1f], start_interpolation: 0, interpolation_duration: 1 }
$data merge entity $(bone_tear_left1) { transformation: [-0.9852153823099087f,0.11267180252897761f,-0.12905702373296585f,0.9821142173011084f,0.03909493249810066f,0.8812916131346072f,0.4709529476195795f,3.806296959440661f,0.16679999014661012f,0.4589446127077566f,-0.8726669500752384f,3.870761168118199f,0f,0f,0f,1f], start_interpolation: 0, interpolation_duration: 1 }
$data merge entity $(bone_left_sad_pupil1) { transformation: [-0.9852153823099087f,0.11267180252897761f,-0.12905702373296585f,0.819451184882077f,0.03909493249810066f,0.8812916131346072f,0.4709529476195795f,3.886069438787149f,0.16679999014661012f,0.4589446127077566f,-0.8726669500752384f,4.002213648199677f,0f,0f,0f,1f], start_interpolation: 0, interpolation_duration: 1 }
$data merge entity $(bone_left_pupil1) { transformation: [-0.9852153823099087f,0.11267180252897761f,-0.12905702373296585f,0.820900555754078f,0.03909493249810066f,0.8812916131346072f,0.4709529476195795f,3.8807804164261865f,0.16679999014661012f,0.4589446127077566f,-0.8726669500752384f,4.012014107111655f,0f,0f,0f,1f], start_interpolation: 0, interpolation_duration: 1 }
$data merge entity $(bone_eyelid_left1) { transformation: [-0.9852153823099087f,0.11267180252897761f,-0.12905702373296585f,0.3146756328798085f,0.03909493249810066f,0.8812916131346072f,0.4709529476195795f,4.117937548262361f,0.16679999014661012f,0.4589446127077566f,-0.8726669500752384f,3.558539646960475f,0f,0f,0f,1f], start_interpolation: 0, interpolation_duration: 1 }
$data merge entity $(bone_left_happy_pupil1) { transformation: [-0.9852153823099087f,0.11267180252897761f,-0.12905702373296585f,0.8439492629496412f,0.03909493249810066f,0.8812916131346072f,0.4709529476195795f,3.8602288106049594f,0.16679999014661012f,0.4589446127077566f,-0.8726669500752384f,3.9846452401695585f,0f,0f,0f,1f], start_interpolation: 0, interpolation_duration: 1 }
$data merge entity $(bone_eyelid_expressions_left5) { transformation: [-0.9852153823099087f,0.11267180252897761f,-0.12905702373296585f,0.9593460619920171f,0.03909493249810066f,0.8812916131346072f,0.4709529476195795f,3.979993478143272f,0.16679999014661012f,0.4589446127077566f,-0.8726669500752384f,4.032212935682203f,0f,0f,0f,1f], start_interpolation: 0, interpolation_duration: 1 }
$data merge entity $(bone_eyelid_expressions_left7) { transformation: [-0.9852153823099087f,0.11267180252897761f,-0.12905702373296585f,0.6274131451004952f,0.03909493249810066f,0.8812916131346072f,0.4709529476195795f,3.9931651106743704f,0.16679999014661012f,0.4589446127077566f,-0.8726669500752384f,4.088410197987458f,0f,0f,0f,1f], start_interpolation: 0, interpolation_duration: 1 }
$data merge entity $(bone_eyelid_expressions_left6) { transformation: [-0.9852153823099087f,0.11267180252897761f,-0.12905702373296585f,0.7380574507310025f,0.03909493249810066f,0.8812916131346072f,0.4709529476195795f,3.9887745664973377f,0.16679999014661012f,0.4589446127077566f,-0.8726669500752384f,4.06967777721904f,0f,0f,0f,1f], start_interpolation: 0, interpolation_duration: 1 }
$data merge entity $(bone_left_eye1) { transformation: [-0.9852153823099087f,0.11267180252897761f,-0.12905702373296585f,0.3271894343148603f,0.03909493249810066f,0.8812916131346072f,0.4709529476195795f,4.112209471483696f,0.16679999014661012f,0.4589446127077566f,-0.8726669500752384f,3.566466863795611f,0f,0f,0f,1f], start_interpolation: 0, interpolation_duration: 1 }
$data merge entity $(bone_crest_middle5) { transformation: [-0.9852153823099087f,0.08206797853128274f,-0.1503844984023591f,0.5448472244962728f,0.03909493249810066f,0.9623343571773953f,0.2690430657886163f,5.108890267918467f,0.16679999014661012f,0.2591860951049607f,-0.9513150536974244f,4.618473128024434f,0f,0f,0f,1f], start_interpolation: 0, interpolation_duration: 1 }
$data merge entity $(bone_crest_middle4) { transformation: [-0.9852153823099087f,0.08206797853128274f,-0.1503844984023591f,0.4895475123999983f,0.03909493249810066f,0.9623343571773953f,0.2690430657886163f,4.460442312398542f,0.16679999014661012f,0.2591860951049607f,-0.9513150536974244f,4.443826247533787f,0f,0f,0f,1f], start_interpolation: 0, interpolation_duration: 1 }
$data merge entity $(bone_crest_middle1) { transformation: [-0.9852153823099087f,0.08206797853128274f,-0.1503844984023591f,0.4607394454456624f,0.03909493249810066f,0.9623343571773953f,0.2690430657886163f,3.9514451510006725f,0.16679999014661012f,0.2591860951049607f,-0.9513150536974244f,4.3929692839093f,0f,0f,0f,1f], start_interpolation: 0, interpolation_duration: 1 }
$data merge entity $(bone_crest_left5) { transformation: [-0.6243822734896385f,-0.7806382928025879f,-0.02739767074352792f,-0.6028286689961084f,-0.7222681158647918f,0.5636285732796809f,0.40081367265580503f,4.540355599362365f,-0.29744839108160204f,0.2700494162055754f,-0.9157498389025219f,4.594632010949219f,0f,0f,0f,1f], start_interpolation: 0, interpolation_duration: 1 }
$data merge entity $(bone_crest_left4) { transformation: [-0.6243822734896385f,-0.7806382928025879f,-0.02739767074352792f,-0.16448197137746773f,-0.7222681158647918f,0.5636285732796809f,0.40081367265580503f,4.223864945421138f,-0.29744839108160204f,0.2700494162055754f,-0.9157498389025219f,4.442992934466596f,0f,0f,0f,1f], start_interpolation: 0, interpolation_duration: 1 }
$data merge entity $(bone_crest_left1) { transformation: [-0.6243822734896385f,-0.7806382928025879f,-0.02739767074352792f,0.31616095257749643f,-0.7222681158647918f,0.5636285732796809f,0.40081367265580503f,3.898231853212457f,-0.29744839108160204f,0.2700494162055754f,-0.9157498389025219f,4.2247684505926495f,0f,0f,0f,1f], start_interpolation: 0, interpolation_duration: 1 }
$data merge entity $(bone_crest_center1) { transformation: [-0.9852153823099087f,0.11267180252897761f,-0.12905702373296585f,0.4236419058061632f,0.03909493249810066f,0.8812916131346072f,0.4709529476195795f,3.8690983309472347f,0.16679999014661012f,0.4589446127077566f,-0.8726669500752384f,4.193150786929963f,0f,0f,0f,1f], start_interpolation: 0, interpolation_duration: 1 }
$data merge entity $(bone_crest_right5) { transformation: [-0.43432940461512176f,0.8669888489870174f,-0.24431189905291184f,1.5735208229667974f,0.7642794997039418f,0.49824807572869856f,0.40942117845189846f,4.453994547750403f,0.4766915298376574f,-0.008898919306044806f,-0.8790255938345702f,4.226169357672452f,0f,0f,0f,1f], start_interpolation: 0, interpolation_duration: 1 }
$data merge entity $(bone_crest_right4) { transformation: [-0.43432940461512176f,0.8669888489870174f,-0.24431189905291184f,1.086686264209439f,0.7642794997039418f,0.49824807572869856f,0.40942117845189846f,4.174216575539464f,0.4766915298376574f,-0.008898919306044806f,-0.8790255938345702f,4.2311663094312175f,0f,0f,0f,1f], start_interpolation: 0, interpolation_duration: 1 }
$data merge entity $(bone_crest_right1) { transformation: [-0.43432940461512176f,0.8669888489870174f,-0.24431189905291184f,0.5374495638385111f,0.7642794997039418f,0.49824807572869856f,0.40942117845189846f,3.889450764858392f,0.4766915298376574f,-0.008898919306044806f,-0.8790255938345702f,4.187303609055813f,0f,0f,0f,1f], start_interpolation: 0, interpolation_duration: 1 }
$data merge entity $(bone_head1) { transformation: [-1.0326801858847345f,0.11810000134873298f,-0.13527461472010086f,0.24114725056826158f,0.04097841231897267f,0.9237496726215605f,0.49364208702312673f,4.353619111731883f,0.17483592717190244f,0.48105522555956237f,-0.9147094984512586f,3.0016708079818573f,0f,0f,0f,1f], start_interpolation: 0, interpolation_duration: 1 }
$data merge entity $(bone_neck10) { transformation: [-1.495138022134392f,0.08042128502880672f,-0.01699980489303318f,0.20490850407333344f,0.0786986393351445f,1.489933235056689f,0.12688483331089345f,3.9970445849488883f,0.023729741230839714f,0.125800054339622f,-1.4919133779791958f,1.9009425098697934f,0f,0f,0f,1f], start_interpolation: 0, interpolation_duration: 1 }
$data merge entity $(bone_neck9) { transformation: [-1.1437805869328106f,0.04776983472067652f,0.040892057235252244f,0.1520043332169667f,0.060204459091385575f,0.61685727490532f,0.9633538674861032f,3.323715956140741f,0.018153252041592394f,0.9640504622610162f,-0.6184378013617643f,0.8006780691300606f,0f,0f,0f,1f], start_interpolation: 0, interpolation_duration: 1 }
$data merge entity $(bone_neck8) { transformation: [-1.0615479957154184f,0.03716388304363672f,0.04499817759215729f,0.11708625573966355f,0.055876033927952595f,0.41056125946728617f,0.9790850108412632f,2.9634212949239886f,0.0168481162738962f,0.9799736911870001f,-0.4118954272097067f,-0.20450127381515237f,0f,0f,0f,1f], start_interpolation: 0, interpolation_duration: 1 }
$data merge entity $(bone_neck7) { transformation: [-1.0539121160945073f,-0.03681669345289737f,0.048377634154607566f,0.1542946161441875f,0.03574963238293671f,0.30414232817784204f,1.0102702711893736f,2.6560434100634036f,-0.04917141636852191f,1.0102319476970434f,-0.3023908009820343f,-1.2254803698919514f,0f,0f,0f,1f], start_interpolation: 0, interpolation_duration: 1 }
$data merge entity $(bone_neck6) { transformation: [-1.026374553246156f,-0.19169278384378097f,0.10782237840443093f,0.33192216905768007f,0.10613571541975486f,0.019013196159248087f,1.0441217460133467f,2.654126821953594f,-0.19263176938112683f,1.0318473177790621f,0.000791473982480686f,-2.1729659238188397f,0f,0f,0f,1f], start_interpolation: 0, interpolation_duration: 1 }
$data merge entity $(bone_neck_spine6) { transformation: [-1.2700452956948765f,0.08110729240272789f,0.019797033088869907f,0.8822166053178284f,0.03514974889485814f,0.24570072888471461f,1.248351318938246f,3.154613939698198f,0.07572853195891113f,1.2462095038400762f,-0.24741145992603036f,-5.90381912516883f,0f,0f,0f,1f], start_interpolation: 0, interpolation_duration: 1 }
$data merge entity $(bone_neck_spine7) { transformation: [-0.9657377332165166f,0.25727506561117836f,0.03406128677235123f,0.4320928576894506f,0.008539304951090105f,-0.09967420937015214f,0.9949834834093415f,3.3282751634304755f,0.2593794728053413f,0.9611839535703867f,0.09406219477571381f,-9.149595102259955f,0f,0f,0f,1f], start_interpolation: 0, interpolation_duration: 1 }
$data merge entity $(bone_tail6) { transformation: [-1.5936941756323442f,0.6522042915765127f,-0.008388929124111077f,-0.771511122567506f,-0.09558393976452607f,-0.21161732108361644f,1.7062777491966576f,4.293547431279659f,0.6452166477562102f,1.579604257082672f,0.23205130034469917f,-12.717285916573179f,0f,0f,0f,1f], start_interpolation: 0, interpolation_duration: 1 }
$data merge entity $(bone_tail5) { transformation: [-1.316529971174545f,0.531795597295648f,0.08673302090871504f,-0.43564021901235983f,-0.07896064589243458f,-0.4169214610483722f,1.3577636211570023f,4.030228613775424f,0.5330050568420867f,1.2517788451775702f,0.4153741342049459f,-11.92668875119787f,0f,0f,0f,1f], start_interpolation: 0, interpolation_duration: 1 }
$data merge entity $(bone_tail4) { transformation: [-0.962251666829655f,0.40338717688134534f,0.10012848364188086f,-0.2627600003489261f,-0.04494197231405603f,-0.3520184087295802f,0.9862750412867551f,3.8793635814627474f,0.41319141669841924f,0.9011309690984802f,0.3404570864640078f,-11.540489764441379f,0f,0f,0f,1f], start_interpolation: 0, interpolation_duration: 1 }
$data merge entity $(bone_segment18) { transformation: [-0.9604026634640986f,0.26172781488601105f,0.09552630489063914f,-0.11579369804476952f,0.0013262405696164916f,-0.3385620164795061f,0.9409431449791652f,3.6892530741622434f,0.2786125716779788f,0.9038109934672872f,0.324808748328395f,-11.032978708539337f,0f,0f,0f,1f], start_interpolation: 0, interpolation_duration: 1 }
$data merge entity $(bone_segment17) { transformation: [-0.9596150660869508f,0.2600279982793553f,0.10735159546913474f,0.07402166202731869f,0.0001654578044490971f,-0.38108269160375596f,0.924540942729824f,3.4110701523128215f,0.2813163656146796f,0.8872211800170623f,0.36564966862624093f,-10.385324575665553f,0f,0f,0f,1f], start_interpolation: 0, interpolation_duration: 1 }
$data merge entity $(bone_segment16) { transformation: [-0.9588342857483787f,0.25778879030775115f,0.11908716162988785f,0.3201042230876966f,-0.0011224274163400098f,-0.4228081879578775f,0.9062185036471454f,3.0074617502338903f,0.28396399882747775f,0.8687797049813277f,0.40569233611502437f,-9.555996292834255f,0f,0f,0f,1f], start_interpolation: 0, interpolation_duration: 1 }
$data merge entity $(bone_segment15) { transformation: [-0.9657377332165166f,0.23969292061666864f,0.09948836338022582f,0.602749927818778f,0.008539304951090105f,-0.3537985681143594f,0.9352826596656122f,2.590262755118569f,0.2593794728053413f,0.9040873171361716f,0.33962981624224775f,-8.489897234785499f,0f,0f,0f,1f], start_interpolation: 0, interpolation_duration: 1 }
$data merge entity $(bone_segment14) { transformation: [-1.035241074996574f,0.15270081078402303f,0.060279159342279544f,0.7745383399508039f,0.03078346618901098f,-0.1974819251838507f,1.0289453170408243f,2.368095589286737f,0.16125598554627346f,1.0180169692282905f,0.190560109975614f,-7.344628144403671f,0f,0f,0f,1f], start_interpolation: 0, interpolation_duration: 1 }
$data merge entity $(bone_segment13) { transformation: [-1.0235070912364592f,0.061599528929981384f,0.02706185595029029f,0.8479868188749092f,0.028326562344679795f,0.020303441184361514f,1.0251238890812144f,2.364489037588283f,0.06102828751982838f,1.0236634603886503f,-0.021960869990043434f,-6.111147683290764f,0f,0f,0f,1f], start_interpolation: 0, interpolation_duration: 1 }
$data merge entity $(bone_segment12) { transformation: [-1.1121627454691778f,-0.08404447269726328f,0.022459639159517215f,0.7464565834017053f,0.011893588479657503f,0.1384081615317855f,1.1068765082727812f,2.531693528029366f,-0.086176860787646f,1.1037452553112546f,-0.13709063146092992f,-4.777764153384551f,0f,0f,0f,1f], start_interpolation: 0, interpolation_duration: 1 }
$data merge entity $(bone_segment11) { transformation: [-1.1735970895466408f,-0.19817326766667184f,0.022805005400457344f,0.5174355302817819f,0.0005265948831105436f,0.1330136109726915f,1.1829750389907565f,2.6854121280349346f,-0.19948041253925244f,1.1662579372332977f,-0.13104514388122324f,-3.4299657134663146f,0f,0f,0f,1f], start_interpolation: 0, interpolation_duration: 1 }
$data merge entity $(bone_segment10) { transformation: [-1.0369450097374184f,-0.15300535084777186f,-0.0030995834863904977f,0.3242676395139259f,0f,-0.021229623081628672f,1.0479620704629464f,2.674238124062952f,-0.15303674331950112f,1.0367323009055596f,0.02100213033001466f,-2.121100430342463f,0f,0f,0f,1f], start_interpolation: 0, interpolation_duration: 1 }