# This file was generated by Animated Java via MC-Build. It is not recommended to edit this file directly.
$data merge entity $(bone_neck_spine5) { transformation: [-1.570672906622052f,0.06930131593219681f,0.014252844282564249f,0.26027737908349147f,0.060181446564229905f,1.1420829306636147f,1.0789086933252916f,3.949026805164643f,0.03720227747751387f,1.0783613043194373f,-1.1435786302015316f,0.5003348501604097f,0f,0f,0f,1f], start_interpolation: 0, interpolation_duration: 1 }
$data merge entity $(bone_neck_spine2) { transformation: [-1.495878958687668f,0.05626829836590928f,-0.037071569140391024f,0.23731099995046334f,0.057315663394504654f,1.4956935602676928f,-0.042543744398301296f,4.987765720146141f,0.0354307404547751f,-0.04391963179245876f,-1.496332185799019f,2.5966398346106963f,0f,0f,0f,1f], start_interpolation: 0, interpolation_duration: 1 }
$data merge entity $(bone_scale_neck_left1) { transformation: [-1.5721387293462397f,0.48567420319948446f,0.07453499093586084f,0.9879263332627224f,0.48466229442839803f,1.4916492257598877f,0.5031303295240714f,4.055995582925296f,0.08085392313712364f,0.5021535984876998f,-1.566639552506212f,2.5707501366760694f,0f,0f,0f,1f], start_interpolation: 0, interpolation_duration: 1 }
$data merge entity $(bone_scale_neck_right1) { transformation: [-1.6066591328911566f,-0.3458920911418803f,-0.10981881815338769f,-0.5827465733593289f,-0.36286439947638344f,1.5235112781939286f,0.510193976489548f,4.116177029489526f,-0.005562295187536915f,0.5218497171974621f,-1.5622730281134758f,2.6079524141535835f,0f,0f,0f,1f], start_interpolation: 0, interpolation_duration: 1 }
$data merge entity $(bone_blush_right1) { transformation: [-0.9862808250034467f,0.09814162851117614f,-0.13273415153491888f,-0.337968258985249f,0.023511936177688507f,0.8793973013539759f,0.4755077025964152f,3.4556110958533517f,0.1633931549597377f,0.46586329231279755f,-0.8696401955911333f,3.8351020250881076f,0f,0f,0f,1f], start_interpolation: 0, interpolation_duration: 1 }
$data merge entity $(bone_blush_left1) { transformation: [-0.9862808250034467f,0.09814162851117614f,-0.13273415153491888f,0.9690464671179513f,0.023511936177688507f,0.8793973013539759f,0.4755077025964152f,3.4244531882428797f,0.1633931549597377f,0.46586329231279755f,-0.8696401955911333f,3.618574182040877f,0f,0f,0f,1f], start_interpolation: 0, interpolation_duration: 1 }
$data merge entity $(bone_left_head_scales) { transformation: [-0.8135519659338335f,0.09814162851117614f,-0.5731504335498394f,0.99959099915588f,-0.19870968015786702f,0.8793973013539759f,0.43263708738722667f,4.253038096242011f,0.5464866528441047f,0.46586329231279755f,-0.6959337117418068f,3.614983958404498f,0f,0f,0f,1f], start_interpolation: 0, interpolation_duration: 1 }
$data merge entity $(bone_left_head_scales2) { transformation: [-0.7317807724251283f,0.09814162851117614f,-0.6744368924236402f,0.9337768809034303f,-0.253480162927579f,0.8793973013539759f,0.40299899922152727f,3.382851967390898f,0.632648961202886f,0.46586329231279755f,-0.618649080468395f,3.342931912322171f,0f,0f,0f,1f], start_interpolation: 0, interpolation_duration: 1 }
$data merge entity $(bone_left_head_scales1) { transformation: [-0.9862808250034467f,0.09814162851117614f,-0.13273415153491888f,0.9885692342351913f,0.023511936177688507f,0.8793973013539759f,0.4755077025964152f,4.154277657125109f,0.1633931549597377f,0.46586329231279755f,-0.8696401955911333f,3.562665326943588f,0f,0f,0f,1f], start_interpolation: 0, interpolation_duration: 1 }
$data merge entity $(bone_right_head_scales) { transformation: [-0.9361315867341888f,0.09814162851117614f,0.33767717286145393f,-0.32957651891517115f,0.24042036435507633f,0.8793973013539759f,0.41092387953819004f,4.284724103981474f,-0.2566236558111942f,0.46586329231279755f,-0.8468268371713187f,3.835181764893207f,0f,0f,0f,1f], start_interpolation: 0, interpolation_duration: 1 }
$data merge entity $(bone_right_head_scales2) { transformation: [-0.8840471356640852f,0.09814162851117614f,0.45697798927005306f,-0.3953906371676209f,0.2919998640978707f,0.8793973013539759f,0.3760272140925036f,3.414537975130361f,-0.36496128738669176f,0.46586329231279755f,-0.8060860075603161f,3.5631297188108797f,0f,0f,0f,1f], start_interpolation: 0, interpolation_duration: 1 }
$data merge entity $(bone_right_head_scales1) { transformation: [-0.9862808250034467f,0.09814162851117614f,-0.13273415153491888f,-0.3405982838358599f,0.023511936177688507f,0.8793973013539759f,0.4755077025964152f,4.185963664864572f,0.1633931549597377f,0.46586329231279755f,-0.8696401955911333f,3.782863133432297f,0f,0f,0f,1f], start_interpolation: 0, interpolation_duration: 1 }
$data merge entity $(bone_head_left_fin1) { transformation: [-0.3562772800941973f,0.20196293110655236f,-0.9648588871812834f,0.936057698197062f,-0.1664607651444908f,0.9988834385541406f,0.27055108182178955f,3.8239774635425032f,0.9716133548801014f,0.24518982170204381f,-0.3074485940405785f,3.2932224361092666f,0f,0f,0f,1f], start_interpolation: 0, interpolation_duration: 1 }
$data merge entity $(bone_head_right_fin1) { transformation: [-0.6422937999726412f,-0.0656035056399398f,0.8257300119225586f,-0.3931098198739892f,0.19026568855799725f,1.0052619514731695f,0.22786525558557535f,3.855663471281966f,-0.8061841230757586f,0.2895164710224254f,-0.6040882143631552f,3.5134202425979755f,0f,0f,0f,1f], start_interpolation: 0, interpolation_duration: 1 }
$data merge entity $(bone_right_whisker16) { transformation: [-0.0730448594941332f,-0.1795050877874539f,0.9810414731090125f,-1.1448823210409174f,0.9643625030343325f,-0.2635313564870803f,0.023583614850931148f,2.9080086292351286f,0.2543018113243399f,0.9478022724210463f,0.19235758667300337f,1.551338580301892f,0f,0f,0f,1f], start_interpolation: 0, interpolation_duration: 1 }
$data merge entity $(bone_right_whisker15) { transformation: [0.28121319900036407f,-0.11701531739698218f,0.9524844104773923f,-1.2396270023447509f,0.502912407815153f,0.8632956850986576f,-0.04242251943961817f,2.7385703668364685f,-0.8173115971118651f,0.49094600068085237f,0.3016185963131749f,1.8267023508132136f,0f,0f,0f,1f], start_interpolation: 0, interpolation_duration: 1 }
$data merge entity $(bone_right_whisker14) { transformation: [0.5135413503307016f,-0.24818778830446256f,0.8213879127653749f,-1.412646304946403f,-0.12804442981022934f,0.924372691035487f,0.3593601982167549f,2.7817103358643287f,-0.8484573681070215f,-0.28972046839039756f,0.4429245361238815f,2.112559569560208f,0f,0f,0f,1f], start_interpolation: 0, interpolation_duration: 1 }
$data merge entity $(bone_right_whisker13) { transformation: [0.022818991907496977f,-0.31895937535097135f,0.9474936466721262f,-1.4203343442121126f,0.33095536045118606f,0.896713253562335f,0.2938943522326978f,2.6702068208685676f,-0.9433704696443236f,0.30687172851432554f,0.12602340751494984f,2.4303943469306097f,0f,0f,0f,1f], start_interpolation: 0, interpolation_duration: 1 }
$data merge entity $(bone_right_whisker12) { transformation: [-0.6103785020056232f,-0.2919192040305168f,0.7363567495498096f,-1.146140876514274f,-0.21377499277595152f,0.955828232549554f,0.20172417387323127f,2.7662385559046396f,-0.7627177307189164f,-0.034286559748468615f,-0.6458220304910648f,2.773021452526998f,0f,0f,0f,1f], start_interpolation: 0, interpolation_duration: 1 }
$data merge entity $(bone_right_whisker11) { transformation: [-0.9622542445861975f,-0.15288940668075615f,0.22514794713843805f,-0.7138782275790679f,-0.11720204730838563f,0.9794406672808891f,0.16419396877805792f,2.8188879130939535f,-0.24562257404922982f,0.13160854304023495f,-0.9603898908861223f,2.8833597182131756f,0f,0f,0f,1f], start_interpolation: 0, interpolation_duration: 1 }
$data merge entity $(bone_right_whisker10) { transformation: [-0.6122859236009817f,-0.5452310645895195f,0.5725635632544845f,-0.4388279103364396f,-0.38556291203214565f,0.8381429852896249f,0.38582065402863985f,2.9920900024833936f,-0.6902515401108389f,0.015473280724360106f,-0.7234040288512642f,3.193433652247341f,0f,0f,0f,1f], start_interpolation: 0, interpolation_duration: 1 }
$data merge entity $(bone_right_whisker1) { transformation: [-0.08488956680123602f,-0.6588743705012758f,0.7474478746674221f,-0.40069392524994685f,-0.5913362472606165f,0.6370771043873882f,0.49442310397180245f,3.2577293323074987f,-0.8019446390643371f,-0.40002165811606805f,-0.44369749707885675f,3.553682220577024f,0f,0f,0f,1f], start_interpolation: 0, interpolation_duration: 1 }
$data merge entity $(bone_left_whisker16) { transformation: [-0.19575207116743243f,0.4629793425253396f,-0.8644832300446694f,0.9705224092757135f,-0.9579546563863444f,-0.27884753473744855f,0.06757905502867699f,2.857579522485525f,-0.2097713110541623f,0.8413644755785998f,0.4980981994476253f,1.2008880350406281f,0f,0f,0f,1f], start_interpolation: 0, interpolation_duration: 1 }
$data merge entity $(bone_left_whisker15) { transformation: [0.5059845965307658f,0.3089099243186151f,-0.8053286575871157f,1.1409957352553173f,-0.5216784061581506f,0.85314205862047f,-0.0005180358271590357f,2.6818187313482573f,0.6868997223917694f,0.42038468867252343f,0.5928283772794756f,1.4323142110417615f,0f,0f,0f,1f], start_interpolation: 0, interpolation_duration: 1 }
$data merge entity $(bone_left_whisker14) { transformation: [0.7649521643022297f,0.1841549344670069f,-0.6171994381403689f,1.3987188765485485f,0.09756643900113787f,0.9140660783071544f,0.3936546639744235f,2.7146902366757892f,0.6366545188011878f,-0.36134493852776095f,0.6812494837358756f,1.646812071380052f,0f,0f,0f,1f], start_interpolation: 0, interpolation_duration: 1 }
$data merge entity $(bone_left_whisker13) { transformation: [0.31027725669462247f,0.442070138464957f,-0.8416068064456425f,1.503255647602889f,-0.33889603773053306f,0.8785710805578918f,0.3365446954237778f,2.600511395838842f,0.8881877614494609f,0.18079504718025902f,0.42241644301149517f,1.9460550183527707f,0f,0f,0f,1f], start_interpolation: 0, interpolation_duration: 1 }
$data merge entity $(bone_left_whisker12) { transformation: [-0.32137182701913863f,0.3092889780726835f,-0.8950198192448791f,1.3588893971841354f,0.23598697714611694f,0.9414960382609088f,0.2406145393704447f,2.7065211707286996f,0.9170770389753629f,-0.1338862875046146f,-0.3755584729471732f,2.3580232194549846f,0f,0f,0f,1f], start_interpolation: 0, interpolation_duration: 1 }
$data merge entity $(bone_left_whisker11) { transformation: [-0.8252105362161661f,0.2323999582095139f,-0.5147988251171945f,0.9881893516182794f,0.15981339772771908f,0.9702557589590521f,0.18183355057171213f,2.7783123454891983f,0.5417446343292657f,0.06777921238115539f,-0.837805902070665f,2.6013850669075844f,0f,0f,0f,1f], start_interpolation: 0, interpolation_duration: 1 }
$data merge entity $(bone_left_whisker10) { transformation: [-0.3385640615628404f,0.5593749297302916f,-0.7566201584727337f,0.8361000270880972f,0.40823021286469474f,0.8118102968893928f,0.41750704804685834f,2.9616970114245103f,0.8477750111453626f,-0.16752232643318682f,-0.5032035379683787f,2.98222149769554f,0f,0f,0f,1f], start_interpolation: 0, interpolation_duration: 1 }
$data merge entity $(bone_left_whisker1) { transformation: [0.2056315898056506f,0.5235841671021655f,-0.8267861085153357f,0.9284735928211043f,0.5884578796934128f,0.6088884901873729f,0.5319512480895916f,3.2260433245680358f,0.7819417964917427f,-0.5959147812206653f,-0.18290052056238987f,3.333484414088315f,0f,0f,0f,1f], start_interpolation: 0, interpolation_duration: 1 }
$data merge entity $(bone_upper_left_tooth1) { transformation: [-0.9862808250034467f,0.08619962641991728f,-0.14078266454214883f,0.7294480833088375f,0.023511936177688507f,0.9174941561270429f,0.39705372725854343f,3.1580933756904885f,0.1633931549597377f,0.38829640466761f,-0.9069336133557467f,4.375714028509794f,0f,0f,0f,1f], start_interpolation: 0, interpolation_duration: 1 }
$data merge entity $(bone_upper_right_tooth1) { transformation: [-0.9862808250034467f,0.08619962641991728f,-0.14078266454214883f,0.06486432427331196f,0.023511936177688507f,0.9174941561270429f,0.39705372725854343f,3.17393637956022f,0.1633931549597377f,0.38829640466761f,-0.9069336133557467f,4.485812931754149f,0f,0f,0f,1f], start_interpolation: 0, interpolation_duration: 1 }
$data merge entity $(bone_top_lip1) { transformation: [-0.9862808250034467f,0.03285064575682303f,-0.1617744395875944f,0.4354962325140359f,0.023511936177688507f,0.9979628608317344f,0.05930697478135932f,3.2786975279501296f,0.1633931549597377f,0.05468970171705301f,-0.9850440159903532f,4.474144224132634f,0f,0f,0f,1f], start_interpolation: 0, interpolation_duration: 1 }
$data merge entity $(bone_muzzle1) { transformation: [-0.9862808250034467f,0.08619962641991728f,-0.14078266454214883f,0.37096439994147745f,0.023511936177688507f,0.9174941561270429f,0.39705372725854343f,3.65621084348292f,0.1633931549597377f,0.38829640466761f,-0.9069336133557467f,4.030291003552174f,0f,0f,0f,1f], start_interpolation: 0, interpolation_duration: 1 }
$data merge entity $(bone_jaw_right_tooth1) { transformation: [-0.9862808250034467f,-0.024460607608440273f,-0.16325382968232757f,0.06969346029912271f,0.023511936177688507f,0.9580625161569074f,-0.28559307413218477f,3.2020007996464943f,0.1633931549597377f,-0.28551338639461604f,-0.9443435725951558f,4.510924359528888f,0f,0f,0f,1f], start_interpolation: 0, interpolation_duration: 1 }
$data merge entity $(bone_jaw_left_tooth1) { transformation: [-0.9862808250034467f,-0.024460607608440273f,-0.16325382968232757f,0.7896591992542754f,0.023511936177688507f,0.9580625161569074f,-0.28559307413218477f,3.184837545454285f,0.1633931549597377f,-0.28551338639461604f,-0.9443435725951558f,4.391650547680837f,0f,0f,0f,1f], start_interpolation: 0, interpolation_duration: 1 }
$data merge entity $(bone_tongue1) { transformation: [-0.9862808250034467f,0.046825210571680126f,-0.1582957165732488f,0.30210193629983767f,0.023511936177688507f,0.9889963674158582f,0.1460594882074186f,3.302682937178175f,0.1633931549597377f,0.14033383374352226f,-0.976529104542793f,3.6654923564064905f,0f,0f,0f,1f], start_interpolation: 0, interpolation_duration: 1 }
$data merge entity $(bone_jaw_lips1) { transformation: [-0.9862808250034467f,0.046825210571680126f,-0.1582957165732488f,0.49365524666962257f,0.023511936177688507f,0.9889963674158582f,0.1460594882074186f,3.04240845366145f,0.1633931549597377f,0.14033383374352226f,-0.976529104542793f,4.515543696152051f,0f,0f,0f,1f], start_interpolation: 0, interpolation_duration: 1 }
$data merge entity $(bone_jaw3) { transformation: [-0.9862808250034467f,0.004259734005302218f,-0.16502117711592224f,0.3450352402514705f,0.023511936177688507f,0.9931001106590567f,-0.1148884635903249f,2.85554064457133f,0.1633931549597377f,-0.11719225603756084f,-0.9795757510458956f,3.6453270792065102f,0f,0f,0f,1f], start_interpolation: 0, interpolation_duration: 1 }
$data merge entity $(bone_jaw1) { transformation: [-0.9862808250034467f,0.11969968017925507f,-0.11367550657685478f,0.2429049023113275f,0.023511936177688507f,0.7834662343289522f,0.6209894109593073f,3.4134608184800825f,0.1633931549597377f,0.6097972173037487f,-0.7755320951971674f,2.948559962427805f,0f,0f,0f,1f], start_interpolation: 0, interpolation_duration: 1 }
$data merge entity $(bone_tear_right1) { transformation: [-0.9862808250034467f,0.09814162851117614f,-0.13273415153491888f,-0.23059410117537527f,0.023511936177688507f,0.8793973013539759f,0.4755077025964152f,3.7518908128904895f,0.1633931549597377f,0.46586329231279755f,-0.8696401955911333f,4.096940529960567f,0f,0f,0f,1f], start_interpolation: 0, interpolation_duration: 1 }
$data merge entity $(bone_right_pupil1) { transformation: [-0.9862808250034467f,0.09814162851117614f,-0.13273415153491888f,-0.027868156519364418f,0.023511936177688507f,0.8793973013539759f,0.4755077025964152f,3.8142533880264566f,0.1633931549597377f,0.46586329231279755f,-0.8696401955911333f,4.1775808239906755f,0f,0f,0f,1f], start_interpolation: 0, interpolation_duration: 1 }
$data merge entity $(bone_right_sad_pupil1) { transformation: [-0.9862808250034467f,0.09814162851117614f,-0.13273415153491888f,-0.02935882326023509f,0.023511936177688507f,0.8793973013539759f,0.4755077025964152f,3.81959356242085f,0.1633931549597377f,0.46586329231279755f,-0.8696401955911333f,4.167814356950346f,0f,0f,0f,1f], start_interpolation: 0, interpolation_duration: 1 }
$data merge entity $(bone_right_happy_pupil1) { transformation: [-0.9862808250034467f,0.09814162851117614f,-0.13273415153491888f,-0.059804864735901575f,0.023511936177688507f,0.8793973013539759f,0.4755077025964152f,3.7955638853866667f,0.1633931549597377f,0.46586329231279755f,-0.8696401955911333f,4.159322262087172f,0f,0f,0f,1f], start_interpolation: 0, interpolation_duration: 1 }
$data merge entity $(bone_eyelid_right1) { transformation: [-0.9862808250034467f,0.09814162851117614f,-0.13273415153491888f,0.3170385570616873f,0.023511936177688507f,0.8793973013539759f,0.4755077025964152f,4.027056126649387f,0.1633931549597377f,0.46586329231279755f,-0.8696401955911333f,3.5826848342355087f,0f,0f,0f,1f], start_interpolation: 0, interpolation_duration: 1 }
$data merge entity $(bone_eyelid_expressions_right5) { transformation: [-0.9862808250034467f,0.09814162851117614f,-0.13273415153491888f,-0.14571525771001725f,0.023511936177688507f,0.8793973013539759f,0.4755077025964152f,3.9213905688298483f,0.1633931549597377f,0.46586329231279755f,-0.8696401955911333f,4.241235219480341f,0f,0f,0f,1f], start_interpolation: 0, interpolation_duration: 1 }
$data merge entity $(bone_eyelid_expressions_right7) { transformation: [-0.9862808250034467f,0.09814162851117614f,-0.13273415153491888f,0.18657662180774554f,0.023511936177688507f,0.8793973013539759f,0.4755077025964152f,3.9134690668949825f,0.1633931549597377f,0.46586329231279755f,-0.8696401955911333f,4.186185767858165f,0f,0f,0f,1f], start_interpolation: 0, interpolation_duration: 1 }
$data merge entity $(bone_eyelid_expressions_right6) { transformation: [-0.9862808250034467f,0.09814162851117614f,-0.13273415153491888f,0.07581266196849124f,0.023511936177688507f,0.8793973013539759f,0.4755077025964152f,3.9161095675399378f,0.1633931549597377f,0.46586329231279755f,-0.8696401955911333f,4.204535585065557f,0f,0f,0f,1f], start_interpolation: 0, interpolation_duration: 1 }
$data merge entity $(bone_right_eye1) { transformation: [-0.9862808250034467f,0.09814162851117614f,-0.13273415153491888f,0.3074528278186326f,0.023511936177688507f,0.8793973013539759f,0.4755077025964152f,4.021980002319489f,0.1633931549597377f,0.46586329231279755f,-0.8696401955911333f,3.594286282996578f,0f,0f,0f,1f], start_interpolation: 0, interpolation_duration: 1 }
$data merge entity $(bone_tear_left1) { transformation: [-0.9862808250034467f,0.09814162851117614f,-0.13273415153491888f,0.9656566650885708f,0.023511936177688507f,0.8793973013539759f,0.4755077025964152f,3.723373405924973f,0.1633931549597377f,0.46586329231279755f,-0.8696401955911333f,3.898762504120729f,0f,0f,0f,1f], start_interpolation: 0, interpolation_duration: 1 }
$data merge entity $(bone_left_sad_pupil1) { transformation: [-0.9862808250034467f,0.09814162851117614f,-0.13273415153491888f,0.8013708755341719f,0.023511936177688507f,0.8793973013539759f,0.4755077025964152f,3.799789807583686f,0.1633931549597377f,0.46586329231279755f,-0.8696401955911333f,4.030190727894902f,0f,0f,0f,1f], start_interpolation: 0, interpolation_duration: 1 }
$data merge entity $(bone_left_pupil1) { transformation: [-0.9862808250034467f,0.09814162851117614f,-0.13273415153491888f,0.8028615422750425f,0.023511936177688507f,0.8793973013539759f,0.4755077025964152f,3.7944496331892923f,0.1633931549597377f,0.46586329231279755f,-0.8696401955911333f,4.039957194935233f,0f,0f,0f,1f], start_interpolation: 0, interpolation_duration: 1 }
$data merge entity $(bone_eyelid_left1) { transformation: [-0.9862808250034467f,0.09814162851117614f,-0.13273415153491888f,0.2948857650938365f,0.023511936177688507f,0.8793973013539759f,0.4755077025964152f,4.0275842267783775f,0.1633931549597377f,0.46586329231279755f,-0.8696401955911333f,3.586354797676987f,0f,0f,0f,1f], start_interpolation: 0, interpolation_duration: 1 }
$data merge entity $(bone_left_happy_pupil1) { transformation: [-0.9862808250034467f,0.09814162851117614f,-0.13273415153491888f,0.8263068139781325f,0.023511936177688507f,0.8793973013539759f,0.4755077025964152f,3.7744398802270247f,0.1633931549597377f,0.46586329231279755f,-0.8696401955911333f,4.012523724428032f,0f,0f,0f,1f], start_interpolation: 0, interpolation_duration: 1 }
$data merge entity $(bone_eyelid_expressions_left5) { transformation: [-0.9862808250034467f,0.09814162851117614f,-0.13273415153491888f,0.9397715487146745f,0.023511936177688507f,0.8793973013539759f,0.4755077025964152f,3.8955136625092863f,0.1633931549597377f,0.46586329231279755f,-0.8696401955911333f,4.061407010847896f,0f,0f,0f,1f], start_interpolation: 0, interpolation_duration: 1 }
$data merge entity $(bone_eyelid_expressions_left7) { transformation: [-0.9862808250034467f,0.09814162851117614f,-0.13273415153491888f,0.6074796691969118f,0.023511936177688507f,0.8793973013539759f,0.4755077025964152f,3.903435164444152f,0.1633931549597377f,0.46586329231279755f,-0.8696401955911333f,4.116456462470072f,0f,0f,0f,1f], start_interpolation: 0, interpolation_duration: 1 }
$data merge entity $(bone_eyelid_expressions_left6) { transformation: [-0.9862808250034467f,0.09814162851117614f,-0.13273415153491888f,0.718243629036166f,0.023511936177688507f,0.8793973013539759f,0.4755077025964152f,3.900794663799197f,0.1633931549597377f,0.46586329231279755f,-0.8696401955911333f,4.09810664526268f,0f,0f,0f,1f], start_interpolation: 0, interpolation_duration: 1 }
$data merge entity $(bone_left_eye1) { transformation: [-0.9862808250034467f,0.09814162851117614f,-0.13273415153491888f,0.3074528278186326f,0.023511936177688507f,0.8793973013539759f,0.4755077025964152f,4.021980002319489f,0.1633931549597377f,0.46586329231279755f,-0.8696401955911333f,3.594286282996578f,0f,0f,0f,1f], start_interpolation: 0, interpolation_duration: 1 }
$data merge entity $(bone_crest_middle5) { transformation: [-0.9862808250034467f,0.06708635153308959f,-0.15082955833820913f,0.5067291898753222f,0.023511936177688507f,0.9614707775584937f,0.2738998589963889f,5.01386435862068f,0.1633931549597377f,0.26659588394992945f,-0.9498575217227367f,4.6544367717648525f,0f,0f,0f,1f], start_interpolation: 0, interpolation_duration: 1 }
$data merge entity $(bone_crest_middle4) { transformation: [-0.9862808250034467f,0.06708635153308959f,-0.15082955833820913f,0.4615245194086896f,0.023511936177688507f,0.9614707775584937f,0.2738998589963889f,4.365998307336148f,0.1633931549597377f,0.26659588394992945f,-0.9498575217227367f,4.474796967150154f,0f,0f,0f,1f], start_interpolation: 0, interpolation_duration: 1 }
$data merge entity $(bone_crest_middle1) { transformation: [-0.9862808250034467f,0.06708635153308959f,-0.15082955833820913f,0.44032522057428936f,0.023511936177688507f,0.9614707775584937f,0.2738998589963889f,3.8570284918868247f,0.1633931549597377f,0.26659588394992945f,-0.9498575217227367f,4.420072544154125f,0f,0f,0f,1f], start_interpolation: 0, interpolation_duration: 1 }
$data merge entity $(bone_crest_left5) { transformation: [-0.6127001109588062f,-0.7897494183809166f,-0.02990702589811281f,-0.6324419102119647f,-0.7290432073331321f,0.5501838533321293f,0.40717776139424644f,4.428882862810691f,-0.30511403748842236f,0.2712813736687685f,-0.9128591569502384f,4.622096719152731f,0f,0f,0f,1f], start_interpolation: 0, interpolation_duration: 1 }
$data merge entity $(bone_crest_left4) { transformation: [-0.6127001109588062f,-0.7897494183809166f,-0.02990702589811281f,-0.18897910203908674f,-0.7290432073331321f,0.5501838533321293f,0.40717776139424644f,4.119941734230638f,-0.30511403748842236f,0.2712813736687685f,-0.9128591569502384f,4.469765869680522f,0f,0f,0f,1f], start_interpolation: 0, interpolation_duration: 1 }
$data merge entity $(bone_crest_left1) { transformation: [-0.6127001109588062f,-0.7897494183809166f,-0.02990702589811281f,0.29715063735230735f,-0.7290432073331321f,0.5501838533321293f,0.40717776139424644f,3.802970478417745f,-0.30511403748842236f,0.2712813736687685f,-0.9128591569502384f,4.250942754084687f,0f,0f,0f,1f], start_interpolation: 0, interpolation_duration: 1 }
$data merge entity $(bone_crest_center1) { transformation: [-0.9862808250034467f,0.09814162851117614f,-0.13273415153491888f,0.40515919123103716f,0.023511936177688507f,0.8793973013539759f,0.4755077025964152f,3.7756401840269698f,0.1633931549597377f,0.46586329231279755f,-0.8696401955911333f,4.219513446431688f,0f,0f,0f,1f], start_interpolation: 0, interpolation_duration: 1 }
$data merge entity $(bone_crest_right5) { transformation: [-0.4471564910298622f,0.85965951887333f,-0.24705583203060666f,1.5462611540828717f,0.7543091155326271f,0.5108636144300951f,0.4123543690514323f,4.376944787873813f,0.4806961938212603f,-0.0019695334203129744f,-0.8768849925639394f,4.261159794931034f,0f,0f,0f,1f], start_interpolation: 0, interpolation_duration: 1 }
$data merge entity $(bone_crest_right4) { transformation: [-0.4471564910298622f,0.85965951887333f,-0.24705583203060666f,1.0635421859655232f,0.7543091155326271f,0.5108636144300951f,0.4123543690514323f,4.090082895005351f,0.4806961938212603f,-0.0019695334203129744f,-0.8768849925639394f,4.262265734107479f,0f,0f,0f,1f], start_interpolation: 0, interpolation_duration: 1 }
$data merge entity $(bone_crest_right1) { transformation: [-0.4471564910298622f,0.85965951887333f,-0.24705583203060666f,0.5186785570308159f,0.7543091155326271f,0.5108636144300951f,0.4123543690514323f,3.7976894771278347f,0.4806961938212603f,-0.0019695334203129744f,-0.8768849925639394f,4.214243119669902f,0f,0f,0f,1f], start_interpolation: 0, interpolation_duration: 1 }
$data merge entity $(bone_head1) { transformation: [-1.033796958499706f,0.10286980592642807f,-0.1391288958145959f,0.21995527461040132f,0.02464467268624901f,0.9217640984244143f,0.49841627681004436f,4.266309374452671f,0.17126496060232912f,0.488307226968492f,-0.9115369237641431f,3.030971280047967f,0f,0f,0f,1f], start_interpolation: 0, interpolation_duration: 1 }
$data merge entity $(bone_neck10) { transformation: [-1.495878958687668f,0.060625726032646744f,-0.02940992999890072f,0.18081298167639054f,0.057315663394504654f,1.4884507674763974f,0.15304740838249753f,3.928820422682281f,0.0354307404547751f,0.15176664925458963f,-1.4892635188202554f,1.9243410281121582f,0f,0f,0f,1f], start_interpolation: 0, interpolation_duration: 1 }
$data merge entity $(bone_neck9) { transformation: [-1.1443474033960668f,0.04608288840976369f,0.02309840330043934f,0.12940791236860855f,0.04384648249679608f,0.6002884188194892f,0.9746381116611397f,3.2744165169799992f,0.02710451644790297f,0.9745349301721041f,-0.6014442314638281f,0.8126462947100261f,0f,0f,0f,1f], start_interpolation: 0, interpolation_duration: 1 }
$data merge entity $(bone_neck8) { transformation: [-1.0620740606682444f,0.03836098082051717f,0.028587798150134992f,0.09242177658834319f,0.040694121010098304f,0.3903324220127454f,0.9880661547881286f,2.934896277713061f,0.025155825722890324f,0.9881594875692239f,-0.39140535121028647f,-0.1996654455201956f,0f,0f,0f,1f], start_interpolation: 0, interpolation_duration: 1 }
$data merge entity $(bone_neck7) { transformation: [-1.0545172478175977f,-0.037153803915885214f,0.03224254586385988f,0.1299708337373761f,0.021068971616702445f,0.2841329457092688f,1.016489636175201f,2.6477406410919917f,-0.044453181485892966f,1.0160288760026253f,-0.2830827628779764f,-1.226503139352636f,0f,0f,0f,1f], start_interpolation: 0, interpolation_duration: 1 }
$data merge entity $(bone_neck6) { transformation: [-1.0297851327556522f,-0.18241708535294907f,0.08990605953200091f,0.2988142501572788f,0.09144610833065052f,-0.0008583926852607796f,1.0456832142895809f,2.6640944508752074f,-0.18164994313353283f,1.0337019794636875f,0.01673403795416656f,-2.1754544286195774f,0f,0f,0f,1f], start_interpolation: 0, interpolation_duration: 1 }
$data merge entity $(bone_neck_spine6) { transformation: [-1.271977360757565f,0.03420529553539454f,0.029815432149562327f,0.8998413293371669f,0.03695014673147867f,0.29538076672711444f,1.2374854576199812f,3.1530866666412534f,0.02633721499040915f,1.2375643696073948f,-0.29618600693062913f,-5.9254136520600715f,0f,0f,0f,1f], start_interpolation: 0, interpolation_duration: 1 }
$data merge entity $(bone_neck_spine7) { transformation: [-0.9733933666318347f,0.2271399096070197f,0.030212832718191023f,0.5820026745147684f,0.014961452274463468f,-0.06856986623168779f,0.9975341239229902f,3.195111572844838f,0.22865150063575235f,0.9714451270703269f,0.06334711002354584f,-9.186001737665414f,0f,0f,0f,1f], start_interpolation: 0, interpolation_duration: 1 }
$data merge entity $(bone_tail6) { transformation: [-1.5628267122143982f,0.7230446326530651f,-0.009003571949850749f,-0.6963869342469837f,-0.14485645981967513f,-0.2920451944064151f,1.690866094047591f,4.242227534824026f,0.708442807264477f,1.5353234190693636f,0.3258722529144111f,-12.67324710842462f,0f,0f,0f,1f], start_interpolation: 0, interpolation_duration: 1 }
$data merge entity $(bone_tail5) { transformation: [-1.291030762264068f,0.5895149940683284f,0.09639492661086206f,-0.32406167483540793f,-0.11966403202494902f,-0.48014172018433193f,1.3336884145848302f,3.9389801326023424f,0.5852353625228287f,1.2022962777647133f,0.4853489158798277f,-11.913902090889012f,0f,0f,0f,1f], start_interpolation: 0, interpolation_duration: 1 }
$data merge entity $(bone_tail4) { transformation: [-0.9426473278125478f,0.4452498136429939f,0.10882930140323316f,-0.13324032613126766f,-0.07600532242049352f,-0.3972678848648012f,0.9669935970025745f,3.7687224676602846f,0.4520115090977147f,0.8617459191264555f,0.38955713898898126f,-11.544582411263388f,0f,0f,0f,1f], start_interpolation: 0, interpolation_duration: 1 }
$data merge entity $(bone_segment18) { transformation: [-0.947072424873194f,0.30376591753529025f,0.10382720928904729f,0.03733135607849006f,-0.02242104165586678f,-0.3852306015677733f,0.9225479285689159f,3.5524064560377555f,0.32023603628554104f,0.871391789587023f,0.37165202825284177f,-11.055275498165207f,0f,0f,0f,1f], start_interpolation: 0, interpolation_duration: 1 }
$data merge entity $(bone_segment17) { transformation: [-0.9541268278111833f,0.27886069847958217f,0.1089894824946343f,0.2408942194705681f,-0.012677446026994357f,-0.4013247525656907f,0.9158480907554046f,3.2594472250388744f,0.29913421538366575f,0.872453525307547f,0.3864499545416355f,-10.418401464798613f,0f,0f,0f,1f], start_interpolation: 0, interpolation_duration: 1 }
$data merge entity $(bone_segment16) { transformation: [-0.9605722051608251f,0.2537071470086585f,0.11372652385963813f,0.4830804852918219f,-0.0025486618259563123f,-0.4170610096334648f,0.908874919098559f,2.8613250210186476f,0.2780189615752257f,0.8727501348039094f,0.4012638274307707f,-9.585283049983357f,0f,0f,0f,1f], start_interpolation: 0, interpolation_duration: 1 }
$data merge entity $(bone_segment15) { transformation: [-0.9733933666318347f,0.2115806483564204f,0.08797148991701378f,0.7325762205363313f,0.014961452274463468f,-0.3244142341093018f,0.9457967856009631f,2.4787760096055793f,0.22865150063575235f,0.921948498533596f,0.31261710975035695f,-8.498122100784805f,0f,0f,0f,1f], start_interpolation: 0, interpolation_duration: 1 }
$data merge entity $(bone_segment14) { transformation: [-1.0420953179838024f,0.10092348118828576f,0.05026924712234754f,0.8461151368731528f,0.03543919782838596f,-0.15045064462290303f,1.036717832785279f,2.3095190344048135f,0.10703555259207308f,1.0324021757544697f,0.14616544052517644f,-7.336669653061026f,0f,0f,0f,1f], start_interpolation: 0, interpolation_duration: 1 }
$data merge entity $(bone_segment13) { transformation: [-1.0250641083752143f,0.022974291380084385f,0.028449384522301474f,0.8730061898025377f,0.02977747118948575f,0.06125203479127438f,1.0234525403098453f,2.355275879953137f,0.021224696786388553f,1.0236278532712462f,-0.06188006202982009f,-6.102139411804643f,0f,0f,0f,1f], start_interpolation: 0, interpolation_duration: 1 }
$data merge entity $(bone_segment12) { transformation: [-1.108678311626583f,-0.12033914092546322f,0.028718873268757175f,0.7276300464026493f,0.010856390150733598f,0.163326886564494f,1.1034855450388648f,2.5525835281518545f,-0.12324131333850873f,1.0969579301313916f,-0.16114825286092657f,-4.776955335135848f,0f,0f,0f,1f], start_interpolation: 0, interpolation_duration: 1 }
$data merge entity $(bone_segment11) { transformation: [-1.17028619514524f,-0.21646836329940478f,0.02635355809566754f,0.47746607063694446f,0.001574868828878351f,0.13547097327011517f,1.1826952168968836f,2.7091420051392157f,-0.21806095964660122f,1.1627174652395447f,-0.1328922675940129f,-3.4332484794867613f,0f,0f,0f,1f], start_interpolation: 0, interpolation_duration: 1 }
$data merge entity $(bone_segment10) { transformation: [-1.0377613626392959f,-0.1473299496383602f,-0.004520860290195881f,0.29144042266819586f,0f,-0.03214847225229308f,1.0476839570008776f,2.684182202989083f,-0.1473992952432447f,1.0372731364961572f,0.03182901334306465f,-2.1235391650471866f,0f,0f,0f,1f], start_interpolation: 0, interpolation_duration: 1 }