# This file was generated by Animated Java via MC-Build. It is not recommended to edit this file directly.
$data merge entity $(bone_neck_spine5) { transformation: [-1.3661749401719212f,0.04401254408405953f,-0.028819940418854263f,0.14665857775825344f,0.010673058452670083f,0.9652659583951501f,0.9681680512922382f,3.380715226949247f,0.05151484083022564f,0.9672260261608928f,-0.9648946552072382f,0.4515152436342428f,0f,0f,0f,1f], start_interpolation: 0, interpolation_duration: 1 }
$data merge entity $(bone_neck_spine2) { transformation: [-1.3011189906399248f,0.010231231500520228f,-0.04904794636445188f,0.12736611467977466f,0.010164817573971505f,1.3020421897396655f,0.00195437101634696f,4.246157448311557f,0.04906175317164345f,0.0015700268674194583f,-1.301157748443979f,2.352338534762478f,0f,0f,0f,1f], start_interpolation: 0, interpolation_duration: 1 }
$data merge entity $(bone_scale_neck_left1) { transformation: [-1.3777522908407305f,0.39007224428272125f,0.03319168158044358f,0.8031863750744648f,0.3782490004140663f,1.2950819233267052f,0.4807805361710682f,3.456763398172247f,0.10092441315983135f,0.47123865982686597f,-1.3487801180013368f,2.2962988114403364f,0f,0f,0f,1f], start_interpolation: 0, interpolation_duration: 1 }
$data merge entity $(bone_scale_neck_right1) { transformation: [-1.3871734686546588f,-0.33322604884443574f,-0.12715968950459577f,-0.5629885650974562f,-0.356648388822791f,1.3007325942139134f,0.48203325974711403f,3.467436456624917f,0.003333618677490681f,0.4985123239437984f,-1.3427336922358966f,2.347813652270562f,0f,0f,0f,1f], start_interpolation: 0, interpolation_duration: 1 }
$data merge entity $(bone_blush_right1) { transformation: [-0.9887387231930812f,0.06493550751796932f,-0.13482995632239486f,-0.3374934255926466f,-0.0071748585347239015f,0.8793512771588534f,0.4761195782196951f,2.8841956434155724f,0.14947996074230774f,0.47172524971902563f,-0.8689827559359282f,3.399173216928885f,0f,0f,0f,1f], start_interpolation: 0, interpolation_duration: 1 }
$data merge entity $(bone_blush_left1) { transformation: [-0.9887387231930812f,0.06493550751796932f,-0.13482995632239486f,0.8018734624618805f,-0.0071748585347239015f,0.8793512771588534f,0.4761195782196951f,2.8924635468051956f,0.14947996074230774f,0.47172524971902563f,-0.8689827559359282f,3.226920918417241f,0f,0f,0f,1f], start_interpolation: 0, interpolation_duration: 1 }
$data merge entity $(bone_left_head_scales) { transformation: [-0.8147644133006601f,0.06493550751796932f,-0.576144366181094f,0.8066634843425179f,-0.22621173222381477f,0.8793512771588534f,0.41901024279054894f,3.6134517607851713f,0.5338419270000551f,0.47172524971902563f,-0.7017749537810472f,3.2278805357340072f,0f,0f,0f,1f], start_interpolation: 0, interpolation_duration: 1 }
$data merge entity $(bone_left_head_scales2) { transformation: [-0.7325920605105336f,0.06493550751796932f,-0.6775634676842561f,0.7756831009772676f,-0.27896827098841925f,0.8793512771588534f,0.38589899603500594f,2.8567144966640416f,0.6208748478225401f,0.47172524971902563f,-0.6260908177883304f,2.9866375802800706f,0f,0f,0f,1f], start_interpolation: 0, interpolation_duration: 1 }
$data merge entity $(bone_left_head_scales1) { transformation: [-0.9887387231930812f,0.06493550751796932f,-0.13482995632239486f,0.8003221261864661f,-0.0071748585347239015f,0.8793512771588534f,0.4761195782196951f,3.527577612625127f,0.14947996074230774f,0.47172524971902563f,-0.8689827559359282f,3.1818136168161337f,0f,0f,0f,1f], start_interpolation: 0, interpolation_duration: 1 }
$data merge entity $(bone_right_head_scales) { transformation: [-0.939279504009472f,0.06493550751796932f,0.33695310239127263f,-0.35201470689937414f,0.21348337773017215f,0.8793512771588534f,0.42563620474768155f,3.605043723439792f,-0.2686612379570905f,0.47172524971902563f,-0.8398192829394229f,3.4030523647288993f,0f,0f,0f,1f], start_interpolation: 0, interpolation_duration: 1 }
$data merge entity $(bone_right_head_scales2) { transformation: [-0.8872626322320665f,0.06493550751796932f,0.4566709989784856f,-0.38299509026462436f,0.26721367091601245f,0.8793512771588534f,0.3941296556143456f,2.848306459318662f,-0.3759812169779409f,0.47172524971902563f,-0.7975671841652647f,3.1618094092749627f,0f,0f,0f,1f], start_interpolation: 0, interpolation_duration: 1 }
$data merge entity $(bone_right_head_scales1) { transformation: [-0.9887387231930812f,0.06493550751796932f,-0.13482995632239486f,-0.35835606505542583f,-0.0071748585347239015f,0.8793512771588534f,0.4761195782196951f,3.5191695752797476f,0.14947996074230774f,0.47172524971902563f,-0.8689827559359282f,3.3569854458110258f,0f,0f,0f,1f], start_interpolation: 0, interpolation_duration: 1 }
$data merge entity $(bone_head_left_fin1) { transformation: [-0.34793007855623503f,0.16045382694550137f,-0.923687842214238f,0.766666854586398f,-0.17415411160764482f,0.9570358829252538f,0.23184620808551543f,3.2404217224552547f,0.9212030209709499f,0.2415303049557613f,-0.30503787624157874f,2.945416891900834f,0f,0f,0f,1f], start_interpolation: 0, interpolation_duration: 1 }
$data merge entity $(bone_head_right_fin1) { transformation: [-0.6071180927555422f,-0.09545067621920215f,0.7888579021966944f,-0.3920113366554939f,0.16722373115194722f,0.9551788922304058f,0.2442734278981579f,3.2320136851098753f,-0.7768164810227022f,0.28021857941041695f,-0.5639447690729241f,3.120588720895726f,0f,0f,0f,1f], start_interpolation: 0, interpolation_duration: 1 }
$data merge entity $(bone_right_whisker16) { transformation: [-0.10575426712409401f,-0.1847470709306857f,0.9770796051333679f,-0.9964615731143119f,0.9602879210323101f,-0.274101651399046f,0.052109436954939144f,2.3981241241217206f,0.2581920674701116f,0.9437885380120109f,0.20639779992204665f,1.4011000466396173f,0f,0f,0f,1f], start_interpolation: 0, interpolation_duration: 1 }
$data merge entity $(bone_right_whisker15) { transformation: [0.27732272705430916f,-0.14996690364636772f,0.9490005441884015f,-1.077708465806004f,0.5157129895273951f,0.8566241453146346f,-0.015335778320298254f,2.2470363342211166f,-0.8106369208788103f,0.4936648675718107f,0.3149012242488563f,1.6385913320533312f,0f,0f,0f,1f], start_interpolation: 0, interpolation_duration: 1 }
$data merge entity $(bone_right_whisker14) { transformation: [0.5290491929940165f,-0.27194709259255817f,0.8038356363230199f,-1.2327033465659698f,-0.10776156533394544f,0.9180599999425665f,0.3815144578416827f,2.278607105315046f,-0.8417210918286163f,-0.2884625024780688f,0.45639345770391204f,1.8851893081749962f,0f,0f,0f,1f], start_interpolation: 0, interpolation_duration: 1 }
$data merge entity $(bone_right_whisker13) { transformation: [0.02604595410891858f,-0.3502236735314827f,0.9363038965916298f,-1.240333997183817f,0.33674042609715893f,0.8849561341150487f,0.32164969473645133f,2.179952683606894f,-0.9412372143654651f,0.3069136999064422f,0.14098399591187005f,2.1609423983211284f,0f,0f,0f,1f], start_interpolation: 0, interpolation_duration: 1 }
$data merge entity $(bone_right_whisker12) { transformation: [-0.5928558268193663f,-0.3201943490480923f,0.7389164685158898f,-1.0087496898325021f,-0.22784908033827297f,0.9467587632686205f,0.22744810564846646f,2.2689562306140316f,-0.7724032400212526f,-0.033517503065429846f,-0.6342474373562186f,2.46266241395443f,0f,0f,0f,1f], start_interpolation: 0, interpolation_duration: 1 }
$data merge entity $(bone_right_whisker11) { transformation: [-0.954722043756083f,-0.18428691965928826f,0.2335468912417779f,-0.6358113914902821f,-0.14482021649471538f,0.9736323722606175f,0.17625864115153742f,2.32552662768228f,-0.2598709757949733f,0.13445569875856375f,-0.9562367599139426f,2.5641745138743417f,0f,0f,0f,1f], start_interpolation: 0, interpolation_duration: 1 }
$data merge entity $(bone_right_whisker10) { transformation: [-0.590582659955323f,-0.5705036299562991f,0.5707343777684866f,-0.40511503994523407f,-0.4000171090034004f,0.821206939867642f,0.4069465252558188f,2.4817833108867333f,-0.700855501701069f,0.012032045541352843f,-0.7132017916518676f,2.8379461942263218f,0f,0f,0f,1f], start_interpolation: 0, interpolation_duration: 1 }
$data merge entity $(bone_right_whisker1) { transformation: [-0.05568487417946353f,-0.6721632037463963f,0.738306049221458f,-0.3833631359688811f,-0.5891548051221352f,0.6191192994273149f,0.5192185557914218f,2.7119219066375675f,-0.8060991318622768f,-0.4060639365986737f,-0.4304837616041658f,3.1528286676100237f,0f,0f,0f,1f], start_interpolation: 0, interpolation_duration: 1 }
$data merge entity $(bone_left_whisker16) { transformation: [-0.16371252902862113f,0.4593384868481406f,-0.873044307202741f,0.8476049522435491f,-0.9622433275485606f,-0.2694277950475948f,0.03868387059312755f,2.411505734589382f,-0.21745341208481278f,0.8464140935475102f,0.48610409977372143f,1.1223095175031668f,0f,0f,0f,1f], start_interpolation: 0, interpolation_duration: 1 }
$data merge entity $(bone_left_whisker15) { transformation: [0.5118368343222772f,0.27701978107206665f,-0.8131931479825284f,0.9975571497989038f,-0.5099863925191215f,0.8597226070085103f,-0.028123272281572242f,2.2620956586560457f,0.6913298304545257f,0.42911196661626105f,0.5813140163719108f,1.324847553769141f,0f,0f,0f,1f], start_interpolation: 0, interpolation_duration: 1 }
$data merge entity $(bone_left_whisker14) { transformation: [0.7526304394416865f,0.1614730661065516f,-0.6383368002457349f,1.2180543488540854f,0.11706217209066826f,0.9212051466348301f,0.3710492227170356f,2.2963912168857337f,0.6479536013413532f,-0.35398803191019157f,0.674424646475142f,1.5146777104121156f,0f,0f,0f,1f], start_interpolation: 0, interpolation_duration: 1 }
$data merge entity $(bone_left_whisker13) { transformation: [0.3078803995156833f,0.41270239248017543f,-0.8572551515361122f,1.3082536846496957f,-0.33431726384805094f,0.8904923657480218f,0.30863459565908097f,2.19844670599275f,0.8907534039717258f,0.19157265406531987f,0.4121386799696833f,1.7756406217319571f,0f,0f,0f,1f], start_interpolation: 0, interpolation_duration: 1 }
$data merge entity $(bone_left_whisker12) { transformation: [-0.341216505623533f,0.28251209649582687f,-0.8965256335563407f,1.1749659871405032f,0.22107091266943302f,0.9511323489119324f,0.2155803943422832f,2.2848025312542473f,0.9136186008732361f,-0.12463615120342494f,-0.38699726349372f,2.132522887698065f,0f,0f,0f,1f], start_interpolation: 0, interpolation_duration: 1 }
$data merge entity $(bone_left_whisker11) { transformation: [-0.8371972558175995f,0.2019626200700756f,-0.5082438931712915f,0.8479358090867534f,0.13181701637875098f,0.9764352217310122f,0.1708757793138442f,2.336293553277197f,0.5307777586188829f,0.07606153993668362f,-0.8440909981145253f,2.3398579496585663f,0f,0f,0f,1f], start_interpolation: 0, interpolation_duration: 1 }
$data merge entity $(bone_left_whisker10) { transformation: [-0.362636926642391f,0.5368551392374314f,-0.7617617861967868f,0.7062807596170694f,0.39309999781321686f,0.8292425738827565f,0.39727716443252875f,2.489848239922985f,0.8449655916986267f,-0.1553811865531332f,-0.5117517324941172f,2.6699226339158426f,0f,0f,0f,1f], start_interpolation: 0, interpolation_duration: 1 }
$data merge entity $(bone_left_whisker1) { transformation: [0.17672779687921014f,0.5132421240867782f,-0.839851062911224f,0.7753150552730108f,0.5900331623935037f,0.6277212842934929f,0.5077665374173936f,2.7203299439829474f,0.7877995640301803f,-0.585276440075816f,-0.1918940739211035f,2.9776568386151316f,0f,0f,0f,1f], start_interpolation: 0, interpolation_duration: 1 }
$data merge entity $(bone_upper_left_tooth1) { transformation: [-0.9887387231930812f,0.05293720331938508f,-0.13997639002073614f,0.5914014445408511f,-0.0071748585347239015f,0.9175016355422941f,0.39766728578325666f,2.651001921363481f,0.14947996074230774f,0.39419335519759524f,-0.9067895787086113f,3.8810769152692353f,0f,0f,0f,1f], start_interpolation: 0, interpolation_duration: 1 }
$data merge entity $(bone_upper_right_tooth1) { transformation: [-0.9887387231930812f,0.05293720331938508f,-0.13997639002073614f,0.012062348919905097f,-0.0071748585347239015f,0.9175016355422941f,0.39766728578325666f,2.6467979026907913f,0.14947996074230774f,0.39419335519759524f,-0.9067895787086113f,3.9686628297666813f,0f,0f,0f,1f], start_interpolation: 0, interpolation_duration: 1 }
$data merge entity $(bone_top_lip1) { transformation: [-0.9887387231930812f,0.0018699543471675933f,-0.14964037065329217f,0.3315579483332598f,-0.0071748585347239015f,0.9981797385576149f,0.059880973088776435f,2.747634827719495f,0.14947996074230774f,0.06028028536587682f,-0.9869255435607525f,3.963565402029277f,0f,0f,0f,1f], start_interpolation: 0, interpolation_duration: 1 }
$data merge entity $(bone_muzzle1) { transformation: [-0.9887387231930812f,0.05293720331938508f,-0.13997639002073614f,0.2709645747859353f,-0.0071748585347239015f,0.9175016355422941f,0.39766728578325666f,3.0762079607497412f,0.14947996074230774f,0.39419335519759524f,-0.9067895787086113f,3.5785402203157357f,0f,0f,0f,1f], start_interpolation: 0, interpolation_duration: 1 }
$data merge entity $(bone_jaw_right_tooth1) { transformation: [-0.9887387231930812f,-0.04942283871690528f,-0.14125551412839754f,0.015214140544563826f,-0.0071748585347239015f,0.9584626335389016f,-0.2851278687092514f,2.671195411465035f,0.14947996074230774f,-0.2809034765232289f,-0.94802372238971f,3.9906814808584126f,0f,0f,0f,1f], start_interpolation: 0, interpolation_duration: 1 }
$data merge entity $(bone_jaw_left_tooth1) { transformation: [-0.9887387231930812f,-0.04942283871690528f,-0.14125551412839754f,0.6428314941339219f,-0.0071748585347239015f,0.9584626335389016f,-0.2851278687092514f,2.6757497650271156f,0.14947996074230774f,-0.2809034765232289f,-0.94802372238971f,3.895796740152846f,0f,0f,0f,1f], start_interpolation: 0, interpolation_duration: 1 }
$data merge entity $(bone_tongue1) { transformation: [-0.9887387231930812f,0.014904856255644496f,-0.1489079666052617f,0.22487499983697593f,-0.0071748585347239015f,0.9891623926076958f,0.14665020441726548f,2.768896118841021f,0.14947996074230774f,0.14606712946661746f,-0.9779162208624318f,3.2589290413855534f,0f,0f,0f,1f], start_interpolation: 0, interpolation_duration: 1 }
$data merge entity $(bone_jaw_lips1) { transformation: [-0.9887387231930812f,0.014904856255644496f,-0.1489079666052617f,0.3878137261494938f,-0.0071748585347239015f,0.9891623926076958f,0.14665020441726548f,2.5435887172541114f,0.14947996074230774f,0.14606712946661746f,-0.9779162208624318f,3.999223285043415f,0f,0f,0f,1f], start_interpolation: 0, interpolation_duration: 1 }
$data merge entity $(bone_jaw3) { transformation: [-0.9887387231930812f,-0.024143232130478677f,-0.14769171134768863f,0.27419788733842865f,-0.0071748585347239015f,0.9934133672850264f,-0.11436084602884061f,2.3814842277407062f,0.14947996074230774f,-0.11201332975016559f,-0.9823994886474436f,3.2399278208418263f,0f,0f,0f,1f], start_interpolation: 0, interpolation_duration: 1 }
$data merge entity $(bone_jaw1) { transformation: [-0.9887387231930812f,0.0873619674597744f,-0.1215056537782192f,0.1792715953241949f,-0.0071748585347239015f,0.7833146582578283f,0.6215839987993808f,2.8670967268027225f,0.14947996074230774f,0.6154559552071772f,-0.773866725306431f,2.635344441696177f,0f,0f,0f,1f], start_interpolation: 0, interpolation_duration: 1 }
$data merge entity $(bone_tear_right1) { transformation: [-0.9887387231930812f,0.06493550751796932f,-0.13482995632239486f,-0.2551701249481556f,-0.0071748585347239015f,0.8793512771588534f,0.4761195782196951f,3.1432590495606525f,0.14947996074230774f,0.47172524971902563f,-0.8689827559359282f,3.629484044466753f,0f,0f,0f,1f], start_interpolation: 0, interpolation_duration: 1 }
$data merge entity $(bone_right_pupil1) { transformation: [-0.9887387231930812f,0.06493550751796932f,-0.13482995632239486f,-0.0816106317239294f,-0.0071748585347239015f,0.8793512771588534f,0.4761195782196951f,3.202391669077233f,0.14947996074230774f,0.47172524971902563f,-0.8689827559359282f,3.7023818419659373f,0f,0f,0f,1f], start_interpolation: 0, interpolation_duration: 1 }
$data merge entity $(bone_right_sad_pupil1) { transformation: [-0.9887387231930812f,0.06493550751796932f,-0.13482995632239486f,-0.08292733051614032f,-0.0071748585347239015f,0.8793512771588534f,0.4761195782196951f,3.207041274333285f,0.14947996074230774f,0.47172524971902563f,-0.8689827559359282f,3.693895682240001f,0f,0f,0f,1f], start_interpolation: 0, interpolation_duration: 1 }
$data merge entity $(bone_right_happy_pupil1) { transformation: [-0.9887387231930812f,0.06493550751796932f,-0.13482995632239486f,-0.10865146976616225f,-0.0071748585347239015f,0.8793512771588534f,0.4761195782196951f,3.1853978468879958f,0.14947996074230774f,0.47172524971902563f,-0.8689827559359282f,3.6860284663162455f,0f,0f,0f,1f], start_interpolation: 0, interpolation_duration: 1 }
$data merge entity $(bone_eyelid_right1) { transformation: [-0.9887387231930812f,0.06493550751796932f,-0.13482995632239486f,0.21980994613291413f,-0.0071748585347239015f,0.8793512771588534f,0.4761195782196951f,3.3992820439463007f,0.14947996074230774f,0.47172524971902563f,-0.8689827559359282f,3.1903532279692084f,0f,0f,0f,1f], start_interpolation: 0, interpolation_duration: 1 }
$data merge entity $(bone_eyelid_expressions_right5) { transformation: [-0.9887387231930812f,0.06493550751796932f,-0.13482995632239486f,-0.18762565670658563f,-0.0071748585347239015f,0.8793512771588534f,0.4761195782196951f,3.2921096544898734f,0.14947996074230774f,0.47172524971902563f,-0.8689827559359282f,3.7567498547240636f,0f,0f,0f,1f], start_interpolation: 0, interpolation_duration: 1 }
$data merge entity $(bone_eyelid_expressions_right7) { transformation: [-0.9887387231930812f,0.06493550751796932f,-0.13482995632239486f,0.10204389110388744f,-0.0071748585347239015f,0.8793512771588534f,0.4761195782196951f,3.2942116638262178f,0.14947996074230774f,0.47172524971902563f,-0.8689827559359282f,3.712956897475341f,0f,0f,0f,1f], start_interpolation: 0, interpolation_duration: 1 }
$data merge entity $(bone_eyelid_expressions_right6) { transformation: [-0.9887387231930812f,0.06493550751796932f,-0.13482995632239486f,0.005487375167063102f,-0.0071748585347239015f,0.8793512771588534f,0.4761195782196951f,3.2935109940474363f,0.14947996074230774f,0.47172524971902563f,-0.8689827559359282f,3.7275545498915816f,0f,0f,0f,1f], start_interpolation: 0, interpolation_duration: 1 }
$data merge entity $(bone_right_eye1) { transformation: [-0.9887387231930812f,0.06493550751796932f,-0.13482995632239486f,0.2114709933314426f,-0.0071748585347239015f,0.8793512771588534f,0.4761195782196951f,3.3945623717123707f,0.14947996074230774f,0.47172524971902563f,-0.8689827559359282f,3.2002991529367693f,0f,0f,0f,1f], start_interpolation: 0, interpolation_duration: 1 }
$data merge entity $(bone_tear_left1) { transformation: [-0.9887387231930812f,0.06493550751796932f,-0.13482995632239486f,0.7876402471695473f,-0.0071748585347239015f,0.8793512771588534f,0.4761195782196951f,3.150826283171494f,0.14947996074230774f,0.47172524971902563f,-0.8689827559359282f,3.47182939837135f,0f,0f,0f,1f], start_interpolation: 0, interpolation_duration: 1 }
$data merge entity $(bone_left_sad_pupil1) { transformation: [-0.9887387231930812f,0.06493550751796932f,-0.13482995632239486f,0.6412465390100421f,-0.0071748585347239015f,0.8793512771588534f,0.4761195782196951f,3.212296297674147f,0.14947996074230774f,0.47172524971902563f,-0.8689827559359282f,3.584413289118193f,0f,0f,0f,1f], start_interpolation: 0, interpolation_duration: 1 }
$data merge entity $(bone_left_pupil1) { transformation: [-0.9887387231930812f,0.06493550751796932f,-0.13482995632239486f,0.6425632378022531f,-0.0071748585347239015f,0.8793512771588534f,0.4761195782196951f,3.2076466924180953f,0.14947996074230774f,0.47172524971902563f,-0.8689827559359282f,3.59289944884413f,0f,0f,0f,1f], start_interpolation: 0, interpolation_duration: 1 }
$data merge entity $(bone_eyelid_left1) { transformation: [-0.9887387231930812f,0.06493550751796932f,-0.13482995632239486f,0.20049864294554928f,-0.0071748585347239015f,0.8793512771588534f,0.4761195782196951f,3.3991419099905444f,0.14947996074230774f,0.47172524971902563f,-0.8689827559359282f,3.1932727584524567f,0f,0f,0f,1f], start_interpolation: 0, interpolation_duration: 1 }
$data merge entity $(bone_left_happy_pupil1) { transformation: [-0.9887387231930812f,0.06493550751796932f,-0.13482995632239486f,0.6638006577284324f,-0.0071748585347239015f,0.8793512771588534f,0.4761195782196951f,3.191003205118249f,0.14947996074230774f,0.47172524971902563f,-0.8689827559359282f,3.5692472469863175f,0f,0f,0f,1f], start_interpolation: 0, interpolation_duration: 1 }
$data merge entity $(bone_eyelid_expressions_left5) { transformation: [-0.9887387231930812f,0.06493550751796932f,-0.13482995632239486f,0.7586281994742928f,-0.0071748585347239015f,0.8793512771588534f,0.4761195782196951f,3.298976218321933f,0.14947996074230774f,0.47172524971902563f,-0.8689827559359282f,3.613692861044902f,0f,0f,0f,1f], start_interpolation: 0, interpolation_duration: 1 }
$data merge entity $(bone_eyelid_expressions_left7) { transformation: [-0.9887387231930812f,0.06493550751796932f,-0.13482995632239486f,0.4689586516638198f,-0.0071748585347239015f,0.8793512771588534f,0.4761195782196951f,3.2968742089855887f,0.14947996074230774f,0.47172524971902563f,-0.8689827559359282f,3.6574858182936247f,0f,0f,0f,1f], start_interpolation: 0, interpolation_duration: 1 }
$data merge entity $(bone_eyelid_expressions_left6) { transformation: [-0.9887387231930812f,0.06493550751796932f,-0.13482995632239486f,0.5655151676006441f,-0.0071748585347239015f,0.8793512771588534f,0.4761195782196951f,3.29757487876437f,0.14947996074230774f,0.47172524971902563f,-0.8689827559359282f,3.642888165877384f,0f,0f,0f,1f], start_interpolation: 0, interpolation_duration: 1 }
$data merge entity $(bone_left_eye1) { transformation: [-0.9887387231930812f,0.06493550751796932f,-0.13482995632239486f,0.2114709933314426f,-0.0071748585347239015f,0.8793512771588534f,0.4761195782196951f,3.3945623717123707f,0.14947996074230774f,0.47172524971902563f,-0.8689827559359282f,3.2002991529367693f,0f,0f,0f,1f], start_interpolation: 0, interpolation_duration: 1 }
$data merge entity $(bone_crest_middle5) { transformation: [-0.9887387231930812f,0.034213733016389455f,-0.14568856417577317f,0.3456116204641704f,-0.0071748585347239015f,0.9615582784442456f,0.27450719218327513f,4.25676138714998f,0.14947996074230774f,0.2724611855446972f,-0.9504844258103634f,4.128960009380157f,0f,0f,0f,1f], start_interpolation: 0, interpolation_duration: 1 }
$data merge entity $(bone_crest_middle4) { transformation: [-0.9887387231930812f,0.034213733016389455f,-0.14568856417577317f,0.3255645112748797f,-0.0071748585347239015f,0.9615582784442456f,0.27450719218327513f,3.693348333374055f,0.14947996074230774f,0.2724611855446972f,-0.9504844258103634f,3.969314783475061f,0f,0f,0f,1f], start_interpolation: 0, interpolation_duration: 1 }
$data merge entity $(bone_crest_middle1) { transformation: [-0.9887387231930812f,0.034213733016389455f,-0.14568856417577317f,0.32119977404455574f,-0.0071748585347239015f,0.9615582784442456f,0.27450719218327513f,3.2506829500186276f,0.14947996074230774f,0.2724611855446972f,-0.9504844258103634f,3.919196719603655f,0f,0f,0f,1f], start_interpolation: 0, interpolation_duration: 1 }
$data merge entity $(bone_crest_left5) { transformation: [-0.5860149802991548f,-0.8097672096956707f,-0.029385523079712955f,-0.6286351021769001f,-0.745492393701064f,0.5245796371166772f,0.41116577588169145f,3.7185821227954006f,-0.3175335160244331f,0.262855987993849f,-0.9110868212069245f,4.084150034832842f,0f,0f,0f,1f], start_interpolation: 0, interpolation_duration: 1 }
$data merge entity $(bone_crest_left4) { transformation: [-0.5860149802991548f,-0.8097672096956707f,-0.029385523079712955f,-0.2332409568176858f,-0.745492393701064f,0.5245796371166772f,0.41116577588169145f,3.462439721859523f,-0.3175335160244331f,0.262855987993849f,-0.9110868212069245f,3.95580238444522f,0f,0f,0f,1f], start_interpolation: 0, interpolation_duration: 1 }
$data merge entity $(bone_crest_left1) { transformation: [-0.5860149802991548f,-0.8097672096956707f,-0.029385523079712955f,0.20025776308332321f,-0.745492393701064f,0.5245796371166772f,0.41116577588169145f,3.200759534730531f,-0.3175335160244331f,0.262855987993849f,-0.9110868212069245f,3.7701333078270918f,0f,0f,0f,1f], start_interpolation: 0, interpolation_duration: 1 }
$data merge entity $(bone_crest_center1) { transformation: [-0.9887387231930812f,0.06493550751796932f,-0.13482995632239486f,0.29522895977348074f,-0.0071748585347239015f,0.8793512771588534f,0.4761195782196951f,3.1799919422665757f,0.14947996074230774f,0.47172524971902563f,-0.8689827559359282f,3.744019073095523f,0f,0f,0f,1f], start_interpolation: 0, interpolation_duration: 1 }
$data merge entity $(bone_crest_right5) { transformation: [-0.47648287715880744f,0.8437521990775068f,-0.2470754830539359f,1.2706106222851739f,0.737782296339762f,0.5365785277882739f,0.40958609195649764f,3.732364145362179f,0.47816456474951413f,0.01287284228287501f,-0.878175915719321f,3.797017378173306f,0f,0f,0f,1f], start_interpolation: 0, interpolation_duration: 1 }
$data merge entity $(bone_crest_right4) { transformation: [-0.47648287715880744f,0.8437521990775068f,-0.2470754830539359f,0.85862224382936f,0.737782296339762f,0.5365785277882739f,0.40958609195649764f,3.470362911090561f,0.47816456474951413f,0.01287284228287501f,-0.878175915719321f,3.7907318106523706f,0f,0f,0f,1f], start_interpolation: 0, interpolation_duration: 1 }
$data merge entity $(bone_crest_right1) { transformation: [-0.47648287715880744f,0.8437521990775068f,-0.2470754830539359f,0.39337079495697186f,0.737782296339762f,0.5365785277882739f,0.40958609195649764f,3.2021608742880945f,0.47816456474951413f,0.01287284228287501f,-0.878175915719321f,3.7409380029946098f,0f,0f,0f,1f], start_interpolation: 0, interpolation_duration: 1 }
$data merge entity $(bone_head1) { transformation: [-0.9887387231930812f,0.06493550751796932f,-0.13482995632239486f,0.13588188068181795f,-0.0071748585347239015f,0.8793512771588534f,0.4761195782196951f,3.6073535867151927f,0.14947996074230774f,0.47172524971902563f,-0.8689827559359282f,2.7105269085513086f,0f,0f,0f,1f], start_interpolation: 0, interpolation_duration: 1 }
$data merge entity $(bone_neck10) { transformation: [-1.3011189906399248f,0.016545743571881863f,-0.04729289069448933f,0.09722197299042974f,0.010164817573971505f,1.2906479417023464f,0.1718882602379516f,3.3426295896240292f,0.04906175317164345f,0.17139176145193014f,-1.2898212339028123f,1.7401117509599757f,0f,0f,0f,1f], start_interpolation: 0, interpolation_duration: 1 }
$data merge entity $(bone_neck9) { transformation: [-0.9992593848114623f,0.036550950378495005f,-0.012029542495315845f,0.0566043004611531f,0.007806579896810117f,0.49868433401952494f,0.8667485173415748f,2.822674192739323f,0.03767942643582217f,0.8660126806403771f,-0.4986003387418983f,0.7706565184675734f,0f,0f,0f,1f], start_interpolation: 0, interpolation_duration: 1 }
$data merge entity $(bone_neck8) { transformation: [-0.9992593848114623f,0.03813575442431456f,-0.005132845283679096f,0.020973822954041006f,0.007806579896810117f,0.3315310350598076f,0.9434120150297471f,2.5611664949313835f,0.03767942643582217f,0.942673239795562f,-0.3315832079536092f,-0.12008443680924719f,0f,0f,0f,1f], start_interpolation: 0, interpolation_duration: 1 }
$data merge entity $(bone_neck7) { transformation: [-0.9995202357865387f,-0.030952637354999712f,-0.0011101774595839997f,0.04968964862518331f,-0.008230356951297813f,0.23087736422854546f,0.9729480478994417f,2.3469736277271664f,-0.029858993246191602f,0.972490399401274f,-0.2310213487855061f,-1.0222972096912883f,0f,0f,0f,1f], start_interpolation: 0, interpolation_duration: 1 }
$data merge entity $(bone_neck6) { transformation: [-0.9887845128621888f,-0.14181064932453302f,0.0468500465532127f,0.16841257242338015f,0.05303650047015195f,-0.04016210857614211f,0.9977846133573107f,2.395980141712118f,-0.1396148872497609f,0.989078735375942f,0.04723281153355219f,-1.844503613554341f,0f,0f,0f,1f], start_interpolation: 0, interpolation_duration: 1 }
$data merge entity $(bone_neck_spine6) { transformation: [-1.1045222593408388f,-0.05097632560975952f,0.048720328049985454f,0.746644634121456f,0.03125521641568376f,0.33155120910668595f,1.055480262583846f,2.8327739171054653f,-0.06320892013615792f,1.0547117556397023f,-0.3294380403778508f,-5.159178343020474f,0f,0f,0f,1f], start_interpolation: 0, interpolation_duration: 1 }
$data merge entity $(bone_neck_spine7) { transformation: [-0.9882361316876569f,0.15085191282934327f,0.02516045354806533f,0.7165905342991284f,0.025628797694531632f,0.0011609518063904478f,0.9996708542913691f,2.648992449995638f,0.1507730504956005f,0.9885556901796838f,-0.005013447677959498f,-8.00489004563911f,0f,0f,0f,1f], start_interpolation: 0, interpolation_duration: 1 }
$data merge entity $(bone_tail6) { transformation: [-1.3133538816770498f,0.7192229004684754f,0.0037792339921996617f,-0.45532237407264076f,-0.19998258002219868f,-0.37273066012798606f,1.4364097968101748f,3.659648573760455f,0.6908710667378674f,1.2593587876877248f,0.4229738699993314f,-10.91291006336256f,0f,0f,0f,1f], start_interpolation: 0, interpolation_duration: 1 }
$data merge entity $(bone_tail5) { transformation: [-1.0849445109506064f,0.5845721998765929f,0.10624598842757241f,-0.08611887941373952f,-0.1652030008879033f,-0.5092809461778183f,1.11510463416005f,3.337997449858675f,0.5707195768704123f,0.9638598029584116f,0.5247579476150792f,-10.304156503599351f,0f,0f,0f,1f], start_interpolation: 0, interpolation_duration: 1 }
$data merge entity $(bone_tail4) { transformation: [-0.8675839146943588f,0.4815783860668119f,0.12401777710028693f,0.10199767764360887f,-0.12379287809234107f,-0.4506839891633027f,0.8840584060148213f,3.16194901659176f,0.48163624686813855f,0.7516423351469345f,0.45062215404664313f,-10.01054621643258f,0f,0f,0f,1f], start_interpolation: 0, interpolation_duration: 1 }
$data merge entity $(bone_segment18) { transformation: [-0.9230202070230752f,0.36421599139821303f,0.12401777710028693f,0.27983751719351757f,-0.06390774785929723f,-0.46298653816076085f,0.8840584060148213f,2.935881371005451f,0.3794067700906668f,0.8080780761112945f,0.45062215404664313f,-9.615976843331362f,0f,0f,0f,1f], start_interpolation: 0, interpolation_duration: 1 }
$data merge entity $(bone_segment17) { transformation: [-0.9485185421281852f,0.2972891277529935f,0.10923254899015541f,0.46854643617735137f,-0.031085335283006683f,-0.4306025341959382f,0.9020061859401957f,2.6625496842599823f,0.3151924446578081f,0.8521740620694225f,0.4176758201844275f,-9.075046042213076f,0f,0f,0f,1f], start_interpolation: 0, interpolation_duration: 1 }
$data merge entity $(bone_segment16) { transformation: [-0.9687852847568893f,0.22806897178227126f,0.09715768702830788f,0.657861500645057f,-0.0008875311837175269f,-0.39510922493335204f,0.918633720620446f,2.3345781596571022f,0.24789974652449928f,0.8898726001415838f,0.3829784213116263f,-8.336382262798676f,0f,0f,0f,1f], start_interpolation: 0, interpolation_duration: 1 }
$data merge entity $(bone_segment15) { transformation: [-0.9882361316876569f,0.13919975398531328f,0.06334647991360204f,0.8005956233839037f,0.025628797694531632f,-0.25761246259164383f,0.9659083723864296f,2.0704247556324673f,0.1507730504956005f,0.9561690476102522f,0.25101442117207906f,-7.355935485463944f,0f,0f,0f,1f], start_interpolation: 0, interpolation_duration: 1 }
$data merge entity $(bone_segment14) { transformation: [-0.9993691994678585f,-0.009719661156791126f,0.034157449289560195f,0.7906291739555534f,0.034633389969277464f,-0.053948132898140516f,0.9979429478963416f,2.01510684592246f,-0.007856936693626963f,0.9984964332153627f,0.054250727202412696f,-6.332086603748973f,0f,0f,0f,1f], start_interpolation: 0, interpolation_duration: 1 }
$data merge entity $(bone_segment13) { transformation: [-0.9979683472632518f,-0.0530029117998209f,0.03535348923931077f,0.7328293410476734f,0.028240007302641326f,0.1294143040039799f,0.9911883977865722f,2.1299274920552733f,-0.057111118428905025f,0.990173029959868f,-0.12765457646278766f,-5.265307642305652f,0f,0f,0f,1f], start_interpolation: 0, interpolation_duration: 1 }
$data merge entity $(bone_segment12) { transformation: [-0.9858258980681527f,-0.16346098662893133f,0.03778630106819675f,0.5412734973418944f,0.008279052297557925f,0.17755250049708987f,0.9840765045768978f,2.3379968285753003f,-0.1675671685956839f,0.9704409386549637f,-0.1736825511998784f,-4.128072167319366f,0f,0f,0f,1f], start_interpolation: 0, interpolation_duration: 1 }
$data merge entity $(bone_segment11) { transformation: [-1.0141066216405934f,-0.20595936278824903f,0.02677615989314753f,0.3032543602451009f,0.004862144092368648f,0.10987549533612768f,1.0292969430604213f,2.4649756181478617f,-0.2076356939776733f,1.0084922301726282f,-0.10667381207171218f,-2.962597351584476f,0f,0f,0f,1f], start_interpolation: 0, interpolation_duration: 1 }
$data merge entity $(bone_segment10) { transformation: [-0.9928062309729538f,-0.1195354588972233f,-0.006860160895203984f,0.1629498578441813f,6.938893903907228e-18f,-0.05729589668075763f,0.9983572407828512f,2.4133753859931963f,-0.11973214999020876f,0.9911752893861803f,0.05688372323383878f,-1.7992073662832542f,0f,0f,0f,1f], start_interpolation: 0, interpolation_duration: 1 }