# This file was generated by Animated Java via MC-Build. It is not recommended to edit this file directly.
$data merge entity $(bone_neck_spine5) { transformation: [-1.5711011811977096f,0.05061442569666847f,-0.03314293148168241f,0.18663102554872552f,0.012274017220570596f,1.1100558521544226f,1.113393258986074f,3.8558841558453563f,0.05924206695475949f,1.1123099300850268f,-1.109628853488324f,0.5373949627507489f,0f,0f,0f,1f], start_interpolation: 0, interpolation_duration: 1 }
$data merge entity $(bone_neck_spine2) { transformation: [-1.4962868392359134f,0.011765916225598262f,-0.05640513831911966f,0.1620718322090858f,0.011689540210067231f,1.4973485182006154f,0.002247526668799004f,4.828751378153039f,0.056421016147389966f,0.001805530897532377f,-1.4963314107105756f,2.6650525455587477f,0f,0f,0f,1f], start_interpolation: 0, interpolation_duration: 1 }
$data merge entity $(bone_scale_neck_left1) { transformation: [-1.5844151344668398f,0.4485830809251294f,0.03817043381751011f,0.9392651316629794f,0.4349863504761762f,1.489344211825711f,0.5528976165967283f,3.9209482204928334f,0.11606307513380604f,0.5419244588008958f,-1.551097135701537f,2.600606863738285f,0f,0f,0f,1f], start_interpolation: 0, interpolation_duration: 1 }
$data merge entity $(bone_scale_neck_right1) { transformation: [-1.5952494889528575f,-0.38320995617110104f,-0.14623364293028512f,-0.6318360495347295f,-0.41014564714620955f,1.4958424833460002f,0.554338248709181f,3.9332222377134043f,0.003833661479114283f,0.5732891725353682f,-1.5441437460712808f,2.659848930693044f,0f,0f,0f,1f], start_interpolation: 0, interpolation_duration: 1 }
$data merge entity $(bone_blush_right1) { transformation: [-0.9887387231930812f,0.06493550751796932f,-0.13482995632239486f,-0.3725166391041988f,-0.0071748585347239015f,0.8793512771588534f,0.4761195782196951f,3.262495302522658f,0.14947996074230774f,0.47172524971902563f,-0.8689827559359282f,3.868912430050116f,0f,0f,0f,1f], start_interpolation: 0, interpolation_duration: 1 }
$data merge entity $(bone_blush_left1) { transformation: [-0.9887387231930812f,0.06493550751796932f,-0.13482995632239486f,0.9377552821585076f,-0.0071748585347239015f,0.8793512771588534f,0.4761195782196951f,3.2720033914207245f,0.14947996074230774f,0.47172524971902563f,-0.8689827559359282f,3.6708222867617257f,0f,0f,0f,1f], start_interpolation: 0, interpolation_duration: 1 }
$data merge entity $(bone_left_head_scales) { transformation: [-0.8147644133006601f,0.06493550751796932f,-0.576144366181094f,0.9432638073212405f,-0.22621173222381477f,0.8793512771588534f,0.41901024279054894f,4.101139837497697f,0.5338419270000551f,0.47172524971902563f,-0.7017749537810472f,3.6719258466760065f,0f,0f,0f,1f], start_interpolation: 0, interpolation_duration: 1 }
$data merge entity $(bone_left_head_scales2) { transformation: [-0.7325920605105336f,0.06493550751796932f,-0.6775634676842561f,0.9076363664512027f,-0.27896827098841925f,0.8793512771588534f,0.38589899603500594f,3.2308919837583976f,0.6208748478225401f,0.47172524971902563f,-0.6260908177883304f,3.3944964479039794f,0f,0f,0f,1f], start_interpolation: 0, interpolation_duration: 1 }
$data merge entity $(bone_left_head_scales1) { transformation: [-0.9887387231930812f,0.06493550751796932f,-0.13482995632239486f,0.935971245441781f,-0.0071748585347239015f,0.8793512771588534f,0.4761195782196951f,4.002384567113646f,0.14947996074230774f,0.47172524971902563f,-0.8689827559359282f,3.618948889920452f,0f,0f,0f,1f], start_interpolation: 0, interpolation_duration: 1 }
$data merge entity $(bone_right_head_scales) { transformation: [-0.939279504009472f,0.06493550751796932f,0.33695310239127263f,-0.3892161126069354f,0.21348337773017215f,0.8793512771588534f,0.42563620474768155f,4.09147059455051f,-0.2686612379570905f,0.47172524971902563f,-0.8398192829394229f,3.8733734500201322f,0f,0f,0f,1f], start_interpolation: 0, interpolation_duration: 1 }
$data merge entity $(bone_right_head_scales2) { transformation: [-0.8872626322320665f,0.06493550751796932f,0.4566709989784856f,-0.4248435534769731f,0.26721367091601245f,0.8793512771588534f,0.3941296556143456f,3.221222740811211f,-0.3759812169779409f,0.47172524971902563f,-0.7975671841652647f,3.595944051248105f,0f,0f,0f,1f], start_interpolation: 0, interpolation_duration: 1 }
$data merge entity $(bone_right_head_scales1) { transformation: [-0.9887387231930812f,0.06493550751796932f,-0.13482995632239486f,-0.3965086744863948f,-0.0071748585347239015f,0.8793512771588534f,0.4761195782196951f,3.9927153241664595f,0.14947996074230774f,0.47172524971902563f,-0.8689827559359282f,3.8203964932645778f,0f,0f,0f,1f], start_interpolation: 0, interpolation_duration: 1 }
$data merge entity $(bone_head_left_fin1) { transformation: [-0.36469233494501196f,0.168184024337407f,-0.9681884283625802f,0.8972676831017028f,-0.18254434875540895f,1.003143080409934f,0.24301588217296863f,3.6721552934182924f,0.9655838956791857f,0.25316653058514044f,-0.31973371142509227f,3.347092656267857f,0f,0f,0f,1f], start_interpolation: 0, interpolation_duration: 1 }
$data merge entity $(bone_head_right_fin1) { transformation: [-0.6363672717034002f,-0.10004921140163767f,0.826862775088983f,-0.43521223682647303f,0.1752800827829655f,1.001196625319631f,0.2560418091901264f,3.662486050471106f,-0.8142412333636396f,0.2937186932622209f,-0.5911139832079477f,3.5485402596119826f,0f,0f,0f,1f], start_interpolation: 0, interpolation_duration: 1 }
$data merge entity $(bone_right_whisker16) { transformation: [-0.10575426712409401f,-0.1847470709306857f,0.9770796051333679f,-1.130330008754114f,0.9602879210323101f,-0.274101651399046f,0.052109436954939144f,2.703513055334729f,0.2581920674701116f,0.9437885380120109f,0.20639779992204665f,1.5711282842174583f,0f,0f,0f,1f], start_interpolation: 0, interpolation_duration: 1 }
$data merge entity $(bone_right_whisker15) { transformation: [0.27732272705430916f,-0.14996690364636772f,0.9490005441884015f,-1.22376393534956f,0.5157129895273951f,0.8566241453146346f,-0.015335778320298254f,2.5297620969490344f,-0.8106369208788103f,0.4936648675718107f,0.3149012242488563f,1.8442432624432294f,0f,0f,0f,1f], start_interpolation: 0, interpolation_duration: 1 }
$data merge entity $(bone_right_whisker14) { transformation: [0.5290491929940165f,-0.27194709259255817f,0.8038356363230199f,-1.4020080482235204f,-0.10776156533394544f,0.9180599999425665f,0.3815144578416827f,2.566068483707053f,-0.8417210918286163f,-0.2884625024780688f,0.45639345770391204f,2.1278309349831437f,0f,0f,0f,1f], start_interpolation: 0, interpolation_duration: 1 }
$data merge entity $(bone_right_whisker13) { transformation: [0.02604595410891858f,-0.3502236735314827f,0.9363038965916298f,-1.4107832964340448f,0.33674042609715893f,0.8849561341150487f,0.32164969473645133f,2.4526158987426783f,-0.9412372143654651f,0.3069136999064422f,0.14098399591187005f,2.444946988651196f,0f,0f,0f,1f], start_interpolation: 0, interpolation_duration: 1 }
$data merge entity $(bone_right_whisker12) { transformation: [-0.5928558268193663f,-0.3201943490480923f,0.7389164685158898f,-1.1444613429800325f,-0.22784908033827297f,0.9467587632686205f,0.22744810564846646f,2.5549699778008867f,-0.7724032400212526f,-0.033517503065429846f,-0.6342474373562186f,2.791925006629493f,0f,0f,0f,1f], start_interpolation: 0, interpolation_duration: 1 }
$data merge entity $(bone_right_whisker11) { transformation: [-0.954722043756083f,-0.18428691965928826f,0.2335468912417779f,-0.7155822998864794f,-0.14482021649471538f,0.9736323722606175f,0.17625864115153742f,2.620025934429372f,-0.2598709757949733f,0.13445569875856375f,-0.9562367599139426f,2.908663921537391f,0f,0f,0f,1f], start_interpolation: 0, interpolation_duration: 1 }
$data merge entity $(bone_right_whisker10) { transformation: [-0.590582659955323f,-0.5705036299562991f,0.5707343777684866f,-0.45028149560967423f,-0.4000171090034004f,0.821206939867642f,0.4069465252558188f,2.7997211201144934f,-0.700855501701069f,0.012032045541352843f,-0.7132017916518676f,3.223501353942168f,0f,0f,0f,1f], start_interpolation: 0, interpolation_duration: 1 }
$data merge entity $(bone_right_whisker1) { transformation: [-0.05568487417946353f,-0.6721632037463963f,0.738306049221458f,-0.42526680603686834f,-0.5891548051221352f,0.6191192994273149f,0.5192185557914218f,3.0643805052279527f,-0.8060991318622768f,-0.4060639365986737f,-0.4304837616041658f,3.585616198333425f,0f,0f,0f,1f], start_interpolation: 0, interpolation_duration: 1 }
$data merge entity $(bone_left_whisker16) { transformation: [-0.16371252902862113f,0.4593384868481406f,-0.873044307202741f,0.9903464954074271f,-0.9622433275485606f,-0.2694277950475948f,0.03868387059312755f,2.718901907372539f,-0.21745341208481278f,0.8464140935475102f,0.48610409977372143f,1.250519175710541f,0f,0f,0f,1f], start_interpolation: 0, interpolation_duration: 1 }
$data merge entity $(bone_left_whisker15) { transformation: [0.5118368343222772f,0.27701978107206665f,-0.8131931479825284f,1.162791522596085f,-0.5099863925191215f,0.8597226070085103f,-0.028123272281572242f,2.5470803200492025f,0.6913298304545257f,0.42911196661626105f,0.5813140163719108f,1.4834379174164114f,0f,0f,0f,1f], start_interpolation: 0, interpolation_duration: 1 }
$data merge entity $(bone_left_whisker14) { transformation: [0.7526304394416865f,0.1614730661065516f,-0.6383368002457349f,1.4163633015095436f,0.11706217209066826f,0.9212051466348301f,0.3710492227170356f,2.5865202120133435f,0.6479536013413532f,-0.35398803191019157f,0.674424646475142f,1.7017425975558318f,0f,0f,0f,1f], start_interpolation: 0, interpolation_duration: 1 }
$data merge entity $(bone_left_whisker13) { transformation: [0.3078803995156833f,0.41270239248017543f,-0.8572551515361122f,1.5200925376744954f,-0.33431726384805094f,0.8904923657480218f,0.30863459565908097f,2.4738840244864124f,0.8907534039717258f,0.19157265406531987f,0.4121386799696833f,2.0018499455736496f,0f,0f,0f,1f], start_interpolation: 0, interpolation_duration: 1 }
$data merge entity $(bone_left_whisker12) { transformation: [-0.341216505623533f,0.28251209649582687f,-0.8965256335563407f,1.3668116855389238f,0.22107091266943302f,0.9511323489119324f,0.2155803943422832f,2.5731932235371344f,0.9136186008732361f,-0.12463615120342494f,-0.38699726349372f,2.4122645514346734f,0f,0f,0f,1f], start_interpolation: 0, interpolation_duration: 1 }
$data merge entity $(bone_left_whisker11) { transformation: [-0.8371972558175995f,0.2019626200700756f,-0.5082438931712915f,0.9907269807771113f,0.13181701637875098f,0.9764352217310122f,0.1708757793138442f,2.6324078988635264f,0.5307777586188829f,0.07606153993668362f,-0.8440909981145253f,2.6506998726892497f,0f,0f,0f,1f], start_interpolation: 0, interpolation_duration: 1 }
$data merge entity $(bone_left_whisker10) { transformation: [-0.362636926642391f,0.5368551392374314f,-0.7617617861967868f,0.8278236738869749f,0.39309999781321686f,0.8292425738827565f,0.39727716443252875f,2.8089957885061825f,0.8449655916986267f,-0.1553811865531332f,-0.5117517324941172f,3.030274259585117f,0f,0f,0f,1f], start_interpolation: 0, interpolation_duration: 1 }
$data merge entity $(bone_left_whisker1) { transformation: [0.17672779687921014f,0.5132421240867782f,-0.839851062911224f,0.9072131138913075f,0.5900331623935037f,0.6277212842934929f,0.5077665374173936f,3.074049748175139f,0.7877995640301803f,-0.585276440075816f,-0.1918940739211035f,3.3841685949892995f,0f,0f,0f,1f], start_interpolation: 0, interpolation_duration: 1 }
$data merge entity $(bone_upper_left_tooth1) { transformation: [-0.9887387231930812f,0.05293720331938508f,-0.13997639002073614f,0.6957124615493238f,-0.0071748585347239015f,0.9175016355422941f,0.39766728578325666f,2.9943225221627525f,0.14947996074230774f,0.39419335519759524f,-0.9067895787086113f,4.423101683141519f,0f,0f,0f,1f], start_interpolation: 0, interpolation_duration: 1 }
$data merge entity $(bone_upper_right_tooth1) { transformation: [-0.9887387231930812f,0.05293720331938508f,-0.13997639002073614f,0.029472501585235955f,-0.0071748585347239015f,0.9175016355422941f,0.39766728578325666f,2.9894879006891593f,0.14947996074230774f,0.39419335519759524f,-0.9067895787086113f,4.523825484813582f,0f,0f,0f,1f], start_interpolation: 0, interpolation_duration: 1 }
$data merge entity $(bone_top_lip1) { transformation: [-0.9887387231930812f,0.0018699543471675933f,-0.14964037065329217f,0.3968924409105938f,-0.0071748585347239015f,0.9981797385576149f,0.059880973088776435f,3.1054503644721683f,0.14947996074230774f,0.06028028536587682f,-0.9869255435607525f,4.517963442915567f,0f,0f,0f,1f], start_interpolation: 0, interpolation_duration: 1 }
$data merge entity $(bone_muzzle1) { transformation: [-0.9887387231930812f,0.05293720331938508f,-0.13997639002073614f,0.3272100613311706f,-0.0071748585347239015f,0.9175016355422941f,0.39766728578325666f,3.4833094674569516f,0.14947996074230774f,0.39419335519759524f,-0.9067895787086113f,4.075184483944994f,0f,0f,0f,1f], start_interpolation: 0, interpolation_duration: 1 }
$data merge entity $(bone_jaw_right_tooth1) { transformation: [-0.9887387231930812f,-0.04942283871690528f,-0.14125551412839754f,0.0330970619535933f,-0.0071748585347239015f,0.9584626335389016f,-0.2851278687092514f,3.0175450357795395f,0.14947996074230774f,-0.2809034765232289f,-0.94802372238971f,4.549146933569072f,0f,0f,0f,1f], start_interpolation: 0, interpolation_duration: 1 }
$data merge entity $(bone_jaw_left_tooth1) { transformation: [-0.9887387231930812f,-0.04942283871690528f,-0.14125551412839754f,0.7548570185813552f,-0.0071748585347239015f,0.9584626335389016f,-0.2851278687092514f,3.022782542375932f,0.14947996074230774f,-0.2809034765232289f,-0.94802372238971f,4.44002948175767f,0f,0f,0f,1f], start_interpolation: 0, interpolation_duration: 1 }
$data merge entity $(bone_tongue1) { transformation: [-0.9887387231930812f,0.014904856255644496f,-0.1489079666052617f,0.27420705013986735f,-0.0071748585347239015f,0.9891623926076958f,0.14665020441726548f,3.1299008492619236f,0.14947996074230774f,0.14606712946661746f,-0.9779162208624318f,3.7076316281752844f,0f,0f,0f,1f], start_interpolation: 0, interpolation_duration: 1 }
$data merge entity $(bone_jaw_lips1) { transformation: [-0.9887387231930812f,0.014904856255644496f,-0.1489079666052617f,0.4615865853992628f,-0.0071748585347239015f,0.9891623926076958f,0.14665020441726548f,2.8707973374369775f,0.14947996074230774f,0.14606712946661746f,-0.9779162208624318f,4.5589700083818245f,0f,0f,0f,1f], start_interpolation: 0, interpolation_duration: 1 }
$data merge entity $(bone_jaw3) { transformation: [-0.9887387231930812f,-0.024143232130478677f,-0.14769171134768863f,0.33092837076653797f,-0.0071748585347239015f,0.9934133672850264f,-0.11436084602884061f,2.6843771744965617f,0.14947996074230774f,-0.11201332975016559f,-0.9823994886474436f,3.6857802245499984f,0f,0f,0f,1f], start_interpolation: 0, interpolation_duration: 1 }
$data merge entity $(bone_jaw1) { transformation: [-0.9887387231930812f,0.0873619674597744f,-0.1215056537782192f,0.22176313495016914f,-0.0071748585347239015f,0.7833146582578283f,0.6215839987993808f,3.2428315484178802f,0.14947996074230774f,0.6154559552071772f,-0.773866725306431f,2.990509338532502f,0f,0f,0f,1f], start_interpolation: 0, interpolation_duration: 1 }
$data merge entity $(bone_tear_right1) { transformation: [-0.9887387231930812f,0.06493550751796932f,-0.13482995632239486f,-0.277844843363034f,-0.0071748585347239015f,0.8793512771588534f,0.4761195782196951f,3.5604182195895007f,0.14947996074230774f,0.47172524971902563f,-0.8689827559359282f,4.133769881718664f,0f,0f,0f,1f], start_interpolation: 0, interpolation_duration: 1 }
$data merge entity $(bone_right_pupil1) { transformation: [-0.9887387231930812f,0.06493550751796932f,-0.13482995632239486f,-0.07825142615517383f,-0.0071748585347239015f,0.8793512771588534f,0.4761195782196951f,3.6284207320335677f,0.14947996074230774f,0.47172524971902563f,-0.8689827559359282f,4.217602348842727f,0f,0f,0f,1f], start_interpolation: 0, interpolation_duration: 1 }
$data merge entity $(bone_right_sad_pupil1) { transformation: [-0.9887387231930812f,0.06493550751796932f,-0.13482995632239486f,-0.07976562976621637f,-0.0071748585347239015f,0.8793512771588534f,0.4761195782196951f,3.633767778078027f,0.14947996074230774f,0.47172524971902563f,-0.8689827559359282f,4.2078432651579f,0f,0f,0f,1f], start_interpolation: 0, interpolation_duration: 1 }
$data merge entity $(bone_right_happy_pupil1) { transformation: [-0.9887387231930812f,0.06493550751796932f,-0.13482995632239486f,-0.10934838990374152f,-0.0071748585347239015f,0.8793512771588534f,0.4761195782196951f,3.6088778365159446f,0.14947996074230774f,0.47172524971902563f,-0.8689827559359282f,4.198795966845581f,0f,0f,0f,1f], start_interpolation: 0, interpolation_duration: 1 }
$data merge entity $(bone_eyelid_right1) { transformation: [-0.9887387231930812f,0.06493550751796932f,-0.13482995632239486f,0.2683822383801962f,-0.0071748585347239015f,0.8793512771588534f,0.4761195782196951f,3.854844663132996f,0.14947996074230774f,0.47172524971902563f,-0.8689827559359282f,3.628769442746488f,0f,0f,0f,1f], start_interpolation: 0, interpolation_duration: 1 }
$data merge entity $(bone_eyelid_expressions_right5) { transformation: [-0.9887387231930812f,0.06493550751796932f,-0.13482995632239486f,-0.20016870488522848f,-0.0071748585347239015f,0.8793512771588534f,0.4761195782196951f,3.7315964152581045f,0.14947996074230774f,0.47172524971902563f,-0.8689827559359282f,4.280125563514572f,0f,0f,0f,1f], start_interpolation: 0, interpolation_duration: 1 }
$data merge entity $(bone_eyelid_expressions_right7) { transformation: [-0.9887387231930812f,0.06493550751796932f,-0.13482995632239486f,0.1329512750968155f,-0.0071748585347239015f,0.8793512771588534f,0.4761195782196951f,3.734013725994901f,0.14947996074230774f,0.47172524971902563f,-0.8689827559359282f,4.229763662678541f,0f,0f,0f,1f], start_interpolation: 0, interpolation_duration: 1 }
$data merge entity $(bone_eyelid_expressions_right6) { transformation: [-0.9887387231930812f,0.06493550751796932f,-0.13482995632239486f,0.021911281769467494f,-0.0071748585347239015f,0.8793512771588534f,0.4761195782196951f,3.733207955749302f,0.14947996074230774f,0.47172524971902563f,-0.8689827559359282f,4.246550962957218f,0f,0f,0f,1f], start_interpolation: 0, interpolation_duration: 1 }
$data merge entity $(bone_right_eye1) { transformation: [-0.9887387231930812f,0.06493550751796932f,-0.13482995632239486f,0.25879244265850393f,-0.0071748585347239015f,0.8793512771588534f,0.4761195782196951f,3.8494170400639764f,0.14947996074230774f,0.47172524971902563f,-0.8689827559359282f,3.640207256459183f,0f,0f,0f,1f], start_interpolation: 0, interpolation_duration: 1 }
$data merge entity $(bone_tear_left1) { transformation: [-0.9887387231930812f,0.06493550751796932f,-0.13482995632239486f,0.9213870845723242f,-0.0071748585347239015f,0.8793512771588534f,0.4761195782196951f,3.569120538241968f,0.14947996074230774f,0.47172524971902563f,-0.8689827559359282f,3.952467038708951f,0f,0f,0f,1f], start_interpolation: 0, interpolation_duration: 1 }
$data merge entity $(bone_left_sad_pupil1) { transformation: [-0.9887387231930812f,0.06493550751796932f,-0.13482995632239486f,0.7530343201888935f,-0.0071748585347239015f,0.8793512771588534f,0.4761195782196951f,3.6398110549200187f,0.14947996074230774f,0.47172524971902563f,-0.8689827559359282f,4.081938513067821f,0f,0f,0f,1f], start_interpolation: 0, interpolation_duration: 1 }
$data merge entity $(bone_left_pupil1) { transformation: [-0.9887387231930812f,0.06493550751796932f,-0.13482995632239486f,0.7545485237999361f,-0.0071748585347239015f,0.8793512771588534f,0.4761195782196951f,3.6344640088755593f,0.14947996074230774f,0.47172524971902563f,-0.8689827559359282f,4.091697596752648f,0f,0f,0f,1f], start_interpolation: 0, interpolation_duration: 1 }
$data merge entity $(bone_eyelid_left1) { transformation: [-0.9887387231930812f,0.06493550751796932f,-0.13482995632239486f,0.2461742397147266f,-0.0071748585347239015f,0.8793512771588534f,0.4761195782196951f,3.854683509083876f,0.14947996074230774f,0.47172524971902563f,-0.8689827559359282f,3.632126902802223f,0f,0f,0f,1f], start_interpolation: 0, interpolation_duration: 1 }
$data merge entity $(bone_left_happy_pupil1) { transformation: [-0.9887387231930812f,0.06493550751796932f,-0.13482995632239486f,0.7789715567150424f,-0.0071748585347239015f,0.8793512771588534f,0.4761195782196951f,3.615323998480736f,0.14947996074230774f,0.47172524971902563f,-0.8689827559359282f,4.064497564616164f,0f,0f,0f,1f], start_interpolation: 0, interpolation_duration: 1 }
$data merge entity $(bone_eyelid_expressions_left5) { transformation: [-0.9887387231930812f,0.06493550751796932f,-0.13482995632239486f,0.8880232297227818f,-0.0071748585347239015f,0.8793512771588534f,0.4761195782196951f,3.7394929636649734f,0.14947996074230774f,0.47172524971902563f,-0.8689827559359282f,4.115610020783536f,0f,0f,0f,1f], start_interpolation: 0, interpolation_duration: 1 }
$data merge entity $(bone_eyelid_expressions_left7) { transformation: [-0.9887387231930812f,0.06493550751796932f,-0.13482995632239486f,0.5549032497407378f,-0.0071748585347239015f,0.8793512771588534f,0.4761195782196951f,3.7370756529281763f,0.14947996074230774f,0.47172524971902563f,-0.8689827559359282f,4.165971921619567f,0f,0f,0f,1f], start_interpolation: 0, interpolation_duration: 1 }
$data merge entity $(bone_eyelid_expressions_left6) { transformation: [-0.9887387231930812f,0.06493550751796932f,-0.13482995632239486f,0.6659432430680858f,-0.0071748585347239015f,0.8793512771588534f,0.4761195782196951f,3.7378814231737754f,0.14947996074230774f,0.47172524971902563f,-0.8689827559359282f,4.14918462134089f,0f,0f,0f,1f], start_interpolation: 0, interpolation_duration: 1 }
$data merge entity $(bone_left_eye1) { transformation: [-0.9887387231930812f,0.06493550751796932f,-0.13482995632239486f,0.25879244265850393f,-0.0071748585347239015f,0.8793512771588534f,0.4761195782196951f,3.8494170400639764f,0.14947996074230774f,0.47172524971902563f,-0.8689827559359282f,3.640207256459183f,0f,0f,0f,1f], start_interpolation: 0, interpolation_duration: 1 }
$data merge entity $(bone_crest_middle5) { transformation: [-0.9887387231930812f,0.034213733016389455f,-0.14568856417577317f,0.41305416386114097f,-0.0071748585347239015f,0.9615582784442456f,0.27450719218327513f,4.840945907817226f,0.14947996074230774f,0.2724611855446972f,-0.9504844258103634f,4.70816724136908f,0f,0f,0f,1f], start_interpolation: 0, interpolation_duration: 1 }
$data merge entity $(bone_crest_middle4) { transformation: [-0.9887387231930812f,0.034213733016389455f,-0.14568856417577317f,0.38999998829345667f,-0.0071748585347239015f,0.9615582784442456f,0.27450719218327513f,4.193020895974913f,0.14947996074230774f,0.2724611855446972f,-0.9504844258103634f,4.524575231578219f,0f,0f,0f,1f], start_interpolation: 0, interpolation_duration: 1 }
$data merge entity $(bone_crest_middle1) { transformation: [-0.9887387231930812f,0.034213733016389455f,-0.14568856417577317f,0.3849805404785841f,-0.0071748585347239015f,0.9615582784442456f,0.27450719218327513f,3.6839557051161713f,0.14947996074230774f,0.2724611855446972f,-0.9504844258103634f,4.4669394581261015f,0f,0f,0f,1f], start_interpolation: 0, interpolation_duration: 1 }
$data merge entity $(bone_crest_left5) { transformation: [-0.5860149802991548f,-0.8097672096956707f,-0.029385523079712955f,-0.7073295671760893f,-0.745492393701064f,0.5245796371166772f,0.41116577588169145f,4.22203975380946f,-0.3175335160244331f,0.262855987993849f,-0.9110868212069245f,4.656635770639666f,0f,0f,0f,1f], start_interpolation: 0, interpolation_duration: 1 }
$data merge entity $(bone_crest_left4) { transformation: [-0.5860149802991548f,-0.8097672096956707f,-0.029385523079712955f,-0.252626300012993f,-0.745492393701064f,0.5245796371166772f,0.41116577588169145f,3.927475992733201f,-0.3175335160244331f,0.262855987993849f,-0.9110868212069245f,4.509035972693901f,0f,0f,0f,1f], start_interpolation: 0, interpolation_duration: 1 }
$data merge entity $(bone_crest_left1) { transformation: [-0.5860149802991548f,-0.8097672096956707f,-0.029385523079712955f,0.24589722787316673f,-0.745492393701064f,0.5245796371166772f,0.41116577588169145f,3.6265437775348603f,-0.3175335160244331f,0.262855987993849f,-0.9110868212069245f,4.295516534583054f,0f,0f,0f,1f], start_interpolation: 0, interpolation_duration: 1 }
$data merge entity $(bone_crest_center1) { transformation: [-0.9887387231930812f,0.06493550751796932f,-0.13482995632239486f,0.35511410406684785f,-0.0071748585347239015f,0.8793512771588534f,0.4761195782196951f,3.6026610462013116f,0.14947996074230774f,0.47172524971902563f,-0.8689827559359282f,4.26548516464175f,0f,0f,0f,1f], start_interpolation: 0, interpolation_duration: 1 }
$data merge entity $(bone_crest_right5) { transformation: [-0.47648287715880744f,0.8437521990775068f,-0.2470754830539359f,1.4768030159552943f,0.737782296339762f,0.5365785277882739f,0.40958609195649764f,4.2378890797612545f,0.47816456474951413f,0.01287284228287501f,-0.878175915719321f,4.326433215481201f,0f,0f,0f,1f], start_interpolation: 0, interpolation_duration: 1 }
$data merge entity $(bone_crest_right4) { transformation: [-0.47648287715880744f,0.8437521990775068f,-0.2470754830539359f,1.0030163807311083f,0.737782296339762f,0.5365785277882739f,0.40958609195649764f,3.936587660348894f,0.47816456474951413f,0.01287284228287501f,-0.878175915719321f,4.319204812832125f,0f,0f,0f,1f], start_interpolation: 0, interpolation_duration: 1 }
$data merge entity $(bone_crest_right1) { transformation: [-0.47648287715880744f,0.8437521990775068f,-0.2470754830539359f,0.4679772145278627f,0.737782296339762f,0.5365785277882739f,0.40958609195649764f,3.628155318026058f,0.47816456474951413f,0.01287284228287501f,-0.878175915719321f,4.2619419340257f,0f,0f,0f,1f], start_interpolation: 0, interpolation_duration: 1 }
$data merge entity $(bone_head1) { transformation: [-1.0363732710552473f,0.0680639108749548f,-0.1413256703639685f,0.17186496311143562f,-0.007520522292256169f,0.9217158569178081f,0.4990576308162166f,4.094126937317221f,0.15668146926765322f,0.4944515963851764f,-0.9108478105838826f,3.076969175415903f,0f,0f,0f,1f], start_interpolation: 0, interpolation_duration: 1 }
$data merge entity $(bone_neck10) { transformation: [-1.4962868392359134f,0.019027605107664144f,-0.05438682429866273f,0.12740606926633918f,0.011689540210067231f,1.4842451329576982f,0.19767149927364433f,3.789694340662383f,0.056421016147389966f,0.19710052566971964f,-1.4832944189882342f,1.96099174418587f,0f,0f,0f,1f], start_interpolation: 0, interpolation_duration: 1 }
$data merge entity $(bone_neck9) { transformation: [-1.1446594320154746f,0.041869399212865886f,-0.013779934909185053f,0.07991611767935582f,0.008942498260701438f,0.5712468005907256f,0.9928671980875662f,3.168426386146945f,0.043162077352753354f,0.99202429139762f,-0.5711505833439913f,0.8302738454978529f,0f,0f,0f,1f], start_interpolation: 0, interpolation_duration: 1 }
$data merge entity $(bone_neck8) { transformation: [-1.0623636558574987f,0.040544067040954215f,-0.005456989810057268f,0.038941068546176925f,0.008299573549147735f,0.35246756526866263f,1.0029894664997248f,2.8676925336678147f,0.04005892146464688f,1.0022040368399432f,-0.3525230329350546f,-0.19407825307049031f,0f,0f,0f,1f], start_interpolation: 0, interpolation_duration: 1 }
$data merge entity $(bone_neck7) { transformation: [-1.0551575926613754f,-0.03267558689526825f,-0.0011719744470803748f,0.07196426806799058f,-0.008688492055032164f,0.24372893626079847f,1.027106288846969f,2.621370736382965f,-0.03152106611243469f,1.0266231657741964f,-0.2438809355831368f,-1.231622941884838f,0f,0f,0f,1f], start_interpolation: 0, interpolation_duration: 1 }
$data merge entity $(bone_neck6) { transformation: [-1.037901868546684f,-0.148855019470016f,0.04917729821467762f,0.20938293176737094f,0.05567106100782942f,-0.04215714040189708f,1.047349044346349f,2.675672059604029f,-0.14655018405780565f,1.0382107064105672f,0.049579076846058716f,-2.184225468087492f,0f,0f,0f,1f], start_interpolation: 0, interpolation_duration: 1 }
$data merge entity $(bone_neck_spine6) { transformation: [-1.2702005982419642f,-0.058622774451223436f,0.05602837725748326f,0.8712519506683658f,0.03594349887803632f,0.3812838904726888f,1.2138023019714226f,3.178847641253162f,-0.07269025815658159f,1.2129185189856575f,-0.37885374643452835f,-5.970414347817727f,0f,0f,0f,1f], start_interpolation: 0, interpolation_duration: 1 }
$data merge entity $(bone_neck_spine7) { transformation: [-0.9882361316876569f,0.15085191282934327f,0.02516045354806533f,0.8366897358726892f,0.025628797694531632f,0.0011609518063904478f,0.9996708542913691f,2.967498954076861f,0.1507730504956005f,0.9885556901796838f,-0.005013447677959498f,-9.242982805829158f,0f,0f,0f,1f], start_interpolation: 0, interpolation_duration: 1 }
$data merge entity $(bone_tail6) { transformation: [-1.5103569639286074f,0.8271063355387468f,0.004346119091029612f,-0.5110101087548452f,-0.22997996702552853f,-0.428640259147184f,1.6518712663317012f,4.129753496406401f,0.7945017267485476f,1.4482626058408838f,0.4864199504992312f,-12.587205826211127f,0f,0f,0f,1f], start_interpolation: 0, interpolation_duration: 1 }
$data merge entity $(bone_tail5) { transformation: [-1.2476861875931975f,0.6722580298580819f,0.12218288669170826f,-0.08642608989710929f,-0.18998345102108877f,-0.585673088104491f,1.2823703292840574f,3.759854703919354f,0.6563275134009741f,1.1084387734021734f,0.6034716397573411f,-11.887139232483438f,0f,0f,0f,1f], start_interpolation: 0, interpolation_duration: 1 }
$data merge entity $(bone_tail4) { transformation: [-0.9093815772512485f,0.5047794281038849f,0.1299925918824622f,0.12990795071884137f,-0.12975685789626895f,-0.4723966292662222f,0.9266497615129311f,3.557399005662402f,0.5048400764698587f,0.7878542705641696f,0.4723318151139944f,-11.54948740224165f,0f,0f,0f,1f], start_interpolation: 0, interpolation_duration: 1 }
$data merge entity $(bone_segment18) { transformation: [-0.9230202070230752f,0.36421599139821303f,0.12401777710028693f,0.33442376620123637f,-0.06390774785929723f,-0.46298653816076085f,0.8840584060148213f,3.2974212132381466f,0.3794067700906668f,0.8080780761112945f,0.45062215404664313f,-11.09573262317525f,0f,0f,0f,1f], start_interpolation: 0, interpolation_duration: 1 }
$data merge entity $(bone_segment17) { transformation: [-0.9485185421281852f,0.2972891277529935f,0.10923254899015541f,0.5514390230326455f,-0.031085335283006683f,-0.4306025341959382f,0.9020061859401957f,2.9830897734808572f,0.3151924446578081f,0.8521740620694225f,0.4176758201844275f,-10.473662201889221f,0f,0f,0f,1f], start_interpolation: 0, interpolation_duration: 1 }
$data merge entity $(bone_segment16) { transformation: [-0.9687852847568893f,0.22806897178227126f,0.09715768702830788f,0.7691513471705071f,-0.0008875311837175269f,-0.39510922493335204f,0.918633720620446f,2.6059225201875447f,0.24789974652449928f,0.8898726001415838f,0.3829784213116263f,-9.624198855562659f,0f,0f,0f,1f], start_interpolation: 0, interpolation_duration: 1 }
$data merge entity $(bone_segment15) { transformation: [-0.9882361316876569f,0.13919975398531328f,0.06334647991360204f,0.9332955883201808f,0.025628797694531632f,-0.25761246259164383f,0.9659083723864296f,2.3021461055592147f,0.1507730504956005f,0.9561690476102522f,0.25101442117207906f,-8.496685061627717f,0f,0f,0f,1f], start_interpolation: 0, interpolation_duration: 1 }
$data merge entity $(bone_segment14) { transformation: [-1.0475158926713874f,-0.010187926082313609f,0.03580305557043742f,0.921834171477578f,0.03630192568394315f,-0.056547196592451936f,1.0460209284590554f,2.238530509392706f,-0.008235460987460547f,1.0466010790864146f,0.056864369007737225f,-7.319258847655501f,0f,0f,0f,1f], start_interpolation: 0, interpolation_duration: 1 }
$data merge entity $(bone_segment13) { transformation: [-1.0236322468185242f,-0.05436594240925639f,0.03626264472430606f,0.8553643636335159f,0.028966231448770446f,0.1327423411186656f,1.0166779431723596f,2.3705742524454414f,-0.058579796279127516f,1.0156364639985493f,-0.1309373601673971f,-6.092463041995682f,0f,0f,0f,1f], start_interpolation: 0, interpolation_duration: 1 }
$data merge entity $(bone_segment12) { transformation: [-1.09974783615871f,-0.18235052121658443f,0.04215288208356452f,0.6350751433718702f,0.009235778718662433f,0.19807044895948134f,1.0977962829378343f,2.6098539894434727f,-0.18693121314368766f,1.082584992438333f,-0.19375328872460384f,-4.784642245761454f,0f,0f,0f,1f], start_interpolation: 0, interpolation_duration: 1 }
$data merge entity $(bone_segment11) { transformation: [-1.166222614886682f,-0.23685326720648633f,0.030792583877119653f,0.36135313571055766f,0.005591465706223944f,0.12635681963654682f,1.1836914845194841f,2.7558795974519184f,-0.2387810480743243f,1.1597660646985222f,-0.12267488388246899f,-3.44434620766633f,0f,0f,0f,1f], start_interpolation: 0, interpolation_duration: 1 }
$data merge entity $(bone_segment10) { transformation: [-1.0406367394963902f,-0.12529432866180307f,-0.007190663438332301f,0.20310081000129238f,7.273189573756925e-18f,-0.06005624586980454f,1.0464551807684832f,2.695676590527269f,-0.1255004957579662f,1.0389272239008789f,0.0596242151083857f,-2.132134783725742f,0f,0f,0f,1f], start_interpolation: 0, interpolation_duration: 1 }