# This file was generated by Animated Java via MC-Build. It is not recommended to edit this file directly.
$data merge entity $(bone_neck_spine5) { transformation: [-1.3644706052460733f,0.02096089693737184f,-0.08355996873650497f,0.04935116489240959f,-0.046891606048206365f,0.9317414598047887f,0.999430182413615f,3.2437707468063f,0.07226897576335663f,1.0003100284595137f,-0.9291709757960012f,0.4812789062069546f,0f,0f,0f,1f], start_interpolation: 0, interpolation_duration: 1 }
$data merge entity $(bone_neck_spine2) { transformation: [-1.2994958145200695f,-0.04215640777633389f,-0.07038801227951097f,0.026373048385191233f,-0.044658672426863194f,1.3005186322359945f,0.04558395692052973f,4.040507360652462f,0.06882759596510153f,0.04790753004338714f,-1.299380097409242f,2.4118680380686444f,0f,0f,0f,1f], start_interpolation: 0, interpolation_duration: 1 }
$data merge entity $(bone_scale_neck_left1) { transformation: [-1.3900218319955406f,0.3452972776396315f,-0.008277380817477623f,0.7324083034642195f,0.31794666961521434f,1.2925946491526006f,0.5287422875706432f,3.281796846231208f,0.13493939476347175f,0.5113005783680498f,-1.3310982295473701f,2.31758646384844f,0f,0f,0f,1f], start_interpolation: 0, interpolation_duration: 1 }
$data merge entity $(bone_scale_neck_right1) { transformation: [-1.371454618483324f,-0.37709868409018077f,-0.16842870984779046f,-0.6320623017818536f,-0.4128479927579738f,1.2677686787593867f,0.5232385024395361f,3.234905240183002f,0.011321780745506082f,0.5495621693829646f,-1.3226158390351364f,2.3898554396117966f,0f,0f,0f,1f], start_interpolation: 0, interpolation_duration: 1 }
$data merge entity $(bone_blush_right1) { transformation: [-0.9927015504546662f,0.01287749887069805f,-0.11990747160930813f,-0.404524186713238f,-0.04420142183204987f,0.8862378634188739f,0.46111677886493685f,2.6567546346535726f,0.11220457224608565f,0.4630514220533018f,-0.8792004973278211f,3.425965629957851f,0f,0f,0f,1f], start_interpolation: 0, interpolation_duration: 1 }
$data merge entity $(bone_blush_left1) { transformation: [-0.9927015504546662f,0.01287749887069805f,-0.11990747160930813f,0.7394092405685063f,-0.04420142183204987f,0.8862378634188739f,0.46111677886493685f,2.707689866842849f,0.11220457224608565f,0.4630514220533018f,-0.8792004973278211f,3.2966673924086507f,0f,0f,0f,1f], start_interpolation: 0, interpolation_duration: 1 }
$data merge entity $(bone_left_head_scales) { transformation: [-0.8251699206339888f,0.01287749887069805f,-0.5647377905751766f,0.716293786181048f,-0.25212717318719896f,0.8862378634188739f,0.3886056329794797f,3.4282831266507747f,0.50549628151108f,0.4630514220533018f,-0.7280500600321973f,3.2889927874745175f,0f,0f,0f,1f], start_interpolation: 0, interpolation_duration: 1 }
$data merge entity $(bone_left_head_scales2) { transformation: [-0.7443974041662603f,0.01287749887069805f,-0.6676126681642346f,0.7237978112248349f,-0.3006934038172276f,0.8862378634188739f,0.3523718580470915f,2.668363392700736f,0.5962012928293119f,0.4630514220533018f,-0.6558409860347796f,3.0560229993461308f,0f,0f,0f,1f], start_interpolation: 0, interpolation_duration: 1 }
$data merge entity $(bone_left_head_scales1) { transformation: [-0.9927015504546662f,0.01287749887069805f,-0.11990747160930813f,0.7150362179319564f,-0.04420142183204987f,0.8862378634188739f,0.46111677886493685f,3.3417364603012754f,0.11220457224608565f,0.4630514220533018f,-0.8792004973278211f,3.243772922039625f,0f,0f,0f,1f], start_interpolation: 0, interpolation_duration: 1 }
$data merge entity $(bone_right_head_scales) { transformation: [-0.9359041380982233f,0.01287749887069805f,0.35201933798224383f,-0.4470283432580141f,0.1737128931733818f,0.8862378634188739f,0.42942552344741125f,3.3764845854413412f,-0.3064429392822672f,0.4630514220533018f,-0.8316706712987176f,3.420482520575399f,0f,0f,0f,1f], start_interpolation: 0, interpolation_duration: 1 }
$data merge entity $(bone_right_head_scales2) { transformation: [-0.8819496046813228f,0.01287749887069805f,0.47116776717565656f,-0.4395243182142272f,0.2282780337088201f,0.8862378634188739f,0.40307764607924446f,2.6165648514913027f,-0.4123760833614061f,0.4630514220533018f,-0.7845567834171863f,3.1875127324470123f,0f,0f,0f,1f], start_interpolation: 0, interpolation_duration: 1 }
$data merge entity $(bone_right_head_scales1) { transformation: [-0.9927015504546662f,0.01287749887069805f,-0.11990747160930813f,-0.4482859115071057f,-0.04420142183204987f,0.8862378634188739f,0.46111677886493685f,3.289937919091842f,0.11220457224608565f,0.4630514220533018f,-0.8792004973278211f,3.3752626551405065f,0f,0f,0f,1f], start_interpolation: 0, interpolation_duration: 1 }
$data merge entity $(bone_head_left_fin1) { transformation: [-0.37580048433137503f,0.11402726346896241f,-0.9196585122544585f,0.7015380929749061f,-0.1777041002491488f,0.9651166205029775f,0.19227886411031433f,3.0509597959180135f,0.9095027480612384f,0.23568557871599205f,-0.3424281811626541f,3.009804278437125f,0f,0f,0f,1f], start_interpolation: 0, interpolation_duration: 1 }
$data merge entity $(bone_head_right_fin1) { transformation: [-0.5830754837892282f,-0.14290289522810307f,0.7997510504771992f,-0.461784036464156f,0.1350088096735454f,0.9536764466453431f,0.2688379742976144f,2.99916125470858f,-0.801121464894363f,0.26472626928459175f,-0.5367722057224759f,3.1412940115380064f,0f,0f,0f,1f], start_interpolation: 0, interpolation_duration: 1 }
$data merge entity $(bone_right_whisker16) { transformation: [-0.1525491489178606f,-0.20985656254942306f,0.9657582411345901f,-0.9675769499259186f,0.9581418093757568f,-0.27094956408417814f,0.09246949144850727f,2.1238489947256927f,0.24226644483004323f,0.9394394908015816f,0.24240547195118722f,1.4105787936611078f,0f,0f,0f,1f], start_interpolation: 0, interpolation_duration: 1 }
$data merge entity $(bone_right_whisker15) { transformation: [0.28788360810060737f,-0.20166610314204142f,0.9361911188590073f,-1.0519178507366433f,0.5174116972581826f,0.8553669786990701f,0.025148902394174555f,1.9722635365445844f,-0.8058586499674637f,0.47715627900587143f,0.35059053278417074f,1.6466701950187632f,0f,0f,0f,1f], start_interpolation: 0, interpolation_duration: 1 }
$data merge entity $(bone_right_whisker14) { transformation: [0.564517329684864f,-0.2960283821527689f,0.7705111170161566f,-1.217303787167756f,-0.09604734009591621f,0.9035767432051678f,0.41752123011799275f,2.00040240571331f,-0.8198140599830982f,-0.30970351321668343f,0.4816519915408565f,1.8868500954044365f,0f,0f,0f,1f], start_interpolation: 0, interpolation_duration: 1 }
$data merge entity $(bone_right_whisker13) { transformation: [0.048871546128660515f,-0.39560415148751726f,0.9171199089022308f,-1.2316216229476369f,0.3273623180901709f,0.8738419642481621f,0.35949149393767843f,1.90449547658533f,-0.9436341900724159f,0.28266159421604464f,0.17221189994196207f,2.1633054245272145f,0f,0f,0f,1f], start_interpolation: 0, interpolation_duration: 1 }
$data merge entity $(bone_right_whisker12) { transformation: [-0.5537352856004016f,-0.35503123899815814f,0.753213152312461f,-1.01531877700998f,-0.2591345449782129f,0.9331073589465396f,0.2493189609290647f,2.0057199082174444f,-0.7913447548824574f,-0.05712684146044359f,-0.6086953284729375f,2.4724244694031743f,0f,0f,0f,1f], start_interpolation: 0, interpolation_duration: 1 }
$data merge entity $(bone_right_whisker11) { transformation: [-0.9378127006301467f,-0.22676527301644372f,0.2628399693550599f,-0.6489856908263291f,-0.18480525357024874f,0.9670759773756595f,0.17496020186245037f,2.077909460393323f,-0.2938611181997835f,0.11550569222636226f,-0.9488435478379363f,2.587213968699965f,0f,0f,0f,1f], start_interpolation: 0, interpolation_duration: 1 }
$data merge entity $(bone_right_whisker10) { transformation: [-0.5475393884720474f,-0.6018558962020663f,0.5813519573188555f,-0.4351031172044355f,-0.4303030509496116f,0.7983664218884612f,0.4212485498425745f,2.245996589670515f,-0.7176628055118315f,-0.019507347534291564f,-0.6961174907851864f,2.867551002103024f,0f,0f,0f,1f], start_interpolation: 0, interpolation_duration: 1 }
$data merge entity $(bone_right_whisker1) { transformation: [-0.002109572922896402f,-0.6796196461476687f,0.7335616444936316f,-0.4342790652814291f,-0.5995132063865506f,0.5879770694058621f,0.5430164649630909f,2.480181435915261f,-0.8003620837284839f,-0.4386343607413946f,-0.40868133369018417f,3.180192441059463f,0f,0f,0f,1f], start_interpolation: 0, interpolation_duration: 1 }
$data merge entity $(bone_left_whisker16) { transformation: [-0.1179976599225721f,0.4368104656899875f,-0.8917808975956446f,0.8838805240490499f,-0.9701882835828274f,-0.2421558122390273f,0.009759969132406732f,2.2062877224317052f,-0.21168667093467575f,0.866347031888812f,0.4523622151396391f,1.201309458074766f,0f,0f,0f,1f], start_interpolation: 0, interpolation_duration: 1 }
$data merge entity $(bone_left_whisker15) { transformation: [0.504438874834734f,0.22703192799668054f,-0.8330653787222091f,1.0316653506607885f,-0.48213243303299663f,0.8744553567763012f,-0.05362971212784834f,2.0650379861915695f,0.7163028260262213f,0.4287007495623761f,0.5505687320866548f,1.4111638016371355f,0f,0f,0f,1f], start_interpolation: 0, interpolation_duration: 1 }
$data merge entity $(bone_left_whisker14) { transformation: [0.7222992260541277f,0.13912890808607353f,-0.6774414919211733f,1.2432764520438337f,0.15334464297071634f,0.9229527288076176f,0.3530491196119269f,2.1099631745618965f,0.6743658120885074f,-0.3588891295669875f,0.6453133689649226f,1.6087319106474405f,0f,0f,0f,1f], start_interpolation: 0, interpolation_duration: 1 }
$data merge entity $(bone_left_whisker13) { transformation: [0.28639317164257f,0.37037969322952163f,-0.8836276557915754f,1.3271807015484929f,-0.31243418867522055f,0.9079484638515588f,0.27931069570722133f,2.018429720848453f,0.9057393824844796f,0.19608281371094405f,0.37574951920638977f,1.8740852453596903f,0f,0f,0f,1f], start_interpolation: 0, interpolation_duration: 1 }
$data merge entity $(bone_left_whisker12) { transformation: [-0.3840807732855591f,0.25009083109561325f,-0.888783739609514f,1.1771491494838213f,0.21737697625002547f,0.9600512635549768f,0.17620675793762544f,2.1033426021961192f,0.8973456467765155f,-0.1255234940096815f,-0.42310122035139375f,2.2246108886317666f,0f,0f,0f,1f], start_interpolation: 0, interpolation_duration: 1 }
$data merge entity $(bone_left_whisker11) { transformation: [-0.8612885434596544f,0.16103234020282178f,-0.48192388435721856f,0.8407083121948937f,0.10469776006209722f,0.9843432072691921f,0.14179855197067578f,2.144240164720376f,0.497212654649021f,0.07167311707888555f,-0.8646632525700799f,2.4188345818540404f,0f,0f,0f,1f], start_interpolation: 0, interpolation_duration: 1 }
$data merge entity $(bone_left_whisker10) { transformation: [-0.4095006660363873f,0.5099411248937892f,-0.7564848006786471f,0.6807471145244299f,0.38768950698957605f,0.847870735746505f,0.3616795012643935f,2.295681378388179f,0.8258365762582419f,-0.1451732227607348f,-0.5449024543047382f,2.7414269944549163f,0f,0f,0f,1f], start_interpolation: 0, interpolation_duration: 1 }
$data merge entity $(bone_left_whisker1) { transformation: [0.12363763106099969f,0.5105367412313431f,-0.8509206614241455f,0.729043064157633f,0.6049244127654788f,0.6409704433968204f,0.4724651791741108f,2.5319799771246942f,0.7866258265693832f,-0.5731571569339116f,-0.22958807118286972f,3.0487027079585816f,0f,0f,0f,1f], start_interpolation: 0, interpolation_duration: 1 }
$data merge entity $(bone_upper_left_tooth1) { transformation: [-0.9927015504546662f,0.00237787135056885f,-0.12057353545758709f,0.5136441873678571f,-0.04420142183204987f,0.9230544361414199f,0.3821213710690244f,2.4652343407130535f,0.11220457224608565f,0.38466199922462574f,-0.9162124646170162f,3.945333495815144f,0f,0f,0f,1f], start_interpolation: 0, interpolation_duration: 1 }
$data merge entity $(bone_upper_right_tooth1) { transformation: [-0.9927015504546662f,0.00237787135056885f,-0.12057353545758709f,-0.06801687735167389f,-0.04420142183204987f,0.9230544361414199f,0.3821213710690244f,2.4393350701083367f,0.11220457224608565f,0.38466199922462574f,-0.9162124646170162f,4.011078362365585f,0f,0f,0f,1f], start_interpolation: 0, interpolation_duration: 1 }
$data merge entity $(bone_top_lip1) { transformation: [-0.9927015504546662f,-0.039004109717178756f,-0.11411534143169422f,0.24730527832296012f,-0.04420142183204987f,0.9980806483266185f,0.04337342209167344f,2.552520093756215f,0.11220457224608565f,0.04810092370305963f,-0.9925202441794251f,4.016787637784792f,0f,0f,0f,1f], start_interpolation: 0, interpolation_duration: 1 }
$data merge entity $(bone_muzzle1) { transformation: [-0.9927015504546662f,0.00237787135056885f,-0.12057353545758709f,0.1887798027114287f,-0.04420142183204987f,0.9230544361414199f,0.3821213710690244f,2.8743158466426655f,0.11220457224608565f,0.38466199922462574f,-0.9162124646170162f,3.625765242838684f,0f,0f,0f,1f], start_interpolation: 0, interpolation_duration: 1 }
$data merge entity $(bone_jaw_right_tooth1) { transformation: [-0.9927015504546662f,-0.07568161951368252f,-0.0938931530660679f,-0.06665182941032488f,-0.04420142183204987f,0.9527236042220575f,-0.30060600171346863f,2.4640724242968455f,0.11220457224608565f,-0.29426183311112375f,-0.9491154342550511f,4.032900213171693f,0f,0f,0f,1f], start_interpolation: 0, interpolation_duration: 1 }
$data merge entity $(bone_jaw_left_tooth1) { transformation: [-0.9927015504546662f,-0.07568161951368252f,-0.0938931530660679f,0.5634809907025004f,-0.04420142183204987f,0.9527236042220575f,-0.30060600171346863f,2.4921299674519553f,0.11220457224608565f,-0.29426183311112375f,-0.9491154342550511f,3.961676607742049f,0f,0f,0f,1f], start_interpolation: 0, interpolation_duration: 1 }
$data merge entity $(bone_tongue1) { transformation: [-0.9927015504546662f,-0.028909879962660315f,-0.11708053025779494f,0.16681648146299846f,-0.04420142183204987f,0.990502407313042f,0.13019683335279084f,2.562019225360211f,0.11220457224608565f,0.13442172423984822f,-0.9845511332680793f,3.30842543183359f,0f,0f,0f,1f], start_interpolation: 0, interpolation_duration: 1 }
$data merge entity $(bone_jaw_lips1) { transformation: [-0.9927015504546662f,-0.028909879962660315f,-0.11708053025779494f,0.31000410712072657f,-0.04420142183204987f,0.990502407313042f,0.13019683335279084f,2.35122346806445f,0.11220457224608565f,0.13442172423984822f,-0.9845511332680793f,4.057031118092895f,0f,0f,0f,1f], start_interpolation: 0, interpolation_duration: 1 }
$data merge entity $(bone_jaw3) { transformation: [-0.9927015504546662f,-0.058227470732269714f,-0.1056086804056586f,0.23176205107891407f,-0.04420142183204987f,0.9904492763089027f,-0.13060040339599494f,2.176648921791274f,0.11220457224608565f,-0.12497916910947227f,-0.9857942692346f,3.2960331320468645f,0f,0f,0f,1f], start_interpolation: 0, interpolation_duration: 1 }
$data merge entity $(bone_jaw1) { transformation: [-0.9927015504546662f,0.03350357466087493f,-0.1158496534731332f,0.14125450930302877f,-0.04420142183204987f,0.7927018305663401f,0.608004968832327f,2.6516528036915297f,0.11220457224608565f,0.6086881946462547f,-0.7854354306149909f,2.6824117018789027f,0f,0f,0f,1f], start_interpolation: 0, interpolation_duration: 1 }
$data merge entity $(bone_tear_right1) { transformation: [-0.9927015504546662f,0.01287749887069805f,-0.11990747160930813f,-0.3411121998262113f,-0.04420142183204987f,0.8862378634188739f,0.46111677886493685f,2.9212983975347875f,0.11220457224608565f,0.4630514220533018f,-0.8792004973278211f,3.6560299013112254f,0f,0f,0f,1f], start_interpolation: 0, interpolation_duration: 1 }
$data merge entity $(bone_right_pupil1) { transformation: [-0.9927015504546662f,0.01287749887069805f,-0.11990747160930813f,-0.17287232058387528f,-0.04420142183204987f,0.8862378634188739f,0.46111677886493685f,2.987948788226022f,0.11220457224608565f,0.4630514220533018f,-0.8792004973278211f,3.7346856176489776f,0f,0f,0f,1f], start_interpolation: 0, interpolation_duration: 1 }
$data merge entity $(bone_right_sad_pupil1) { transformation: [-0.9927015504546662f,0.01287749887069805f,-0.11990747160930813f,-0.17404329198630994f,-0.04420142183204987f,0.8862378634188739f,0.46111677886493685f,2.992451881769625f,0.11220457224608565f,0.4630514220533018f,-0.8792004973278211f,3.726099675292261f,0f,0f,0f,1f], start_interpolation: 0, interpolation_duration: 1 }
$data merge entity $(bone_right_happy_pupil1) { transformation: [-0.9927015504546662f,0.01287749887069805f,-0.11990747160930813f,-0.19859324750177706f,-0.04420142183204987f,0.8862378634188739f,0.46111677886493685f,2.9697363696693304f,0.11220457224608565f,0.4630514220533018f,-0.8792004973278211f,3.7175341880127797f,0f,0f,0f,1f], start_interpolation: 0, interpolation_duration: 1 }
$data merge entity $(bone_eyelid_right1) { transformation: [-0.9927015504546662f,0.01287749887069805f,-0.11990747160930813f,0.14001218051501202f,-0.04420142183204987f,0.8862378634188739f,0.46111677886493685f,3.190951938225991f,0.11220457224608565f,0.4630514220533018f,-0.8792004973278211f,3.232006300305169f,0f,0f,0f,1f], start_interpolation: 0, interpolation_duration: 1 }
$data merge entity $(bone_eyelid_expressions_right5) { transformation: [-0.9927015504546662f,0.01287749887069805f,-0.11990747160930813f,-0.2842704509225606f,-0.04420142183204987f,0.8862378634188739f,0.46111677886493685f,3.0740345350661644f,0.11220457224608565f,0.4630514220533018f,-0.8792004973278211f,3.7839206050853926f,0f,0f,0f,1f], start_interpolation: 0, interpolation_duration: 1 }
$data merge entity $(bone_eyelid_expressions_right7) { transformation: [-0.9927015504546662f,0.01287749887069805f,-0.11990747160930813f,0.0065600814372049066f,-0.04420142183204987f,0.8862378634188739f,0.46111677886493685f,3.0869841703685226f,0.11220457224608565f,0.4630514220533018f,-0.8792004973278211f,3.751048171810172f,0f,0f,0f,1f], start_interpolation: 0, interpolation_duration: 1 }
$data merge entity $(bone_eyelid_expressions_right6) { transformation: [-0.9927015504546662f,0.01287749887069805f,-0.11990747160930813f,-0.09038342934938359f,-0.04420142183204987f,0.8862378634188739f,0.46111677886493685f,3.0826676252677365f,0.11220457224608565f,0.4630514220533018f,-0.8792004973278211f,3.7620056495685787f,0f,0f,0f,1f], start_interpolation: 0, interpolation_duration: 1 }
$data merge entity $(bone_right_eye1) { transformation: [-0.9927015504546662f,0.01287749887069805f,-0.11990747160930813f,0.1314888008387878f,-0.04420142183204987f,0.8862378634188739f,0.46111677886493685f,3.1860171901723096f,0.11220457224608565f,0.4630514220533018f,-0.8792004973278211f,3.2416879904377267f,0f,0f,0f,1f], start_interpolation: 0, interpolation_duration: 1 }
$data merge entity $(bone_tear_left1) { transformation: [-0.9927015504546662f,0.01287749887069805f,-0.11990747160930813f,0.7058777166689444f,-0.04420142183204987f,0.8862378634188739f,0.46111677886493685f,2.967917084623277f,0.11220457224608565f,0.4630514220533018f,-0.8792004973278211f,3.5376891415204317f,0f,0f,0f,1f], start_interpolation: 0, interpolation_duration: 1 }
$data merge entity $(bone_left_sad_pupil1) { transformation: [-0.9927015504546662f,0.01287749887069805f,-0.11990747160930813f,0.5530330389131038f,-0.04420142183204987f,0.8862378634188739f,0.46111677886493685f,3.0248259700255207f,0.11220457224608565f,0.4630514220533018f,-0.8792004973278211f,3.6439185921042094f,0f,0f,0f,1f], start_interpolation: 0, interpolation_duration: 1 }
$data merge entity $(bone_left_pupil1) { transformation: [-0.9927015504546662f,0.01287749887069805f,-0.11990747160930813f,0.5542040103155385f,-0.04420142183204987f,0.8862378634188739f,0.46111677886493685f,3.020322876481918f,0.11220457224608565f,0.4630514220533018f,-0.8792004973278211f,3.6525045344609266f,0f,0f,0f,1f], start_interpolation: 0, interpolation_duration: 1 }
$data merge entity $(bone_eyelid_left1) { transformation: [-0.9927015504546662f,0.01287749887069805f,-0.11990747160930813f,0.12062347835769431f,-0.04420142183204987f,0.8862378634188739f,0.46111677886493685f,3.190088629205834f,0.11220457224608565f,0.4630514220533018f,-0.8792004973278211f,3.23419779585685f,0f,0f,0f,1f], start_interpolation: 0, interpolation_duration: 1 }
$data merge entity $(bone_left_happy_pupil1) { transformation: [-0.9927015504546662f,0.01287749887069805f,-0.11990747160930813f,0.5769548387909309f,-0.04420142183204987f,0.8862378634188739f,0.46111677886493685f,3.0042687304756193f,0.11220457224608565f,0.4630514220533018f,-0.8792004973278211f,3.6298743659455255f,0f,0f,0f,1f], start_interpolation: 0, interpolation_duration: 1 }
$data merge entity $(bone_eyelid_expressions_left5) { transformation: [-0.9927015504546662f,0.01287749887069805f,-0.11990747160930813f,0.6657759547860067f,-0.04420142183204987f,0.8862378634188739f,0.46111677886493685f,3.1163366770538685f,0.11220457224608565f,0.4630514220533018f,-0.8792004973278211f,3.676537323053006f,0f,0f,0f,1f], start_interpolation: 0, interpolation_duration: 1 }
$data merge entity $(bone_eyelid_expressions_left7) { transformation: [-0.9927015504546662f,0.01287749887069805f,-0.11990747160930813f,0.3749454224262413f,-0.04420142183204987f,0.8862378634188739f,0.46111677886493685f,3.1033870417515104f,0.11220457224608565f,0.4630514220533018f,-0.8792004973278211f,3.7094097563282262f,0f,0f,0f,1f], start_interpolation: 0, interpolation_duration: 1 }
$data merge entity $(bone_eyelid_expressions_left6) { transformation: [-0.9927015504546662f,0.01287749887069805f,-0.11990747160930813f,0.47188893321282976f,-0.04420142183204987f,0.8862378634188739f,0.46111677886493685f,3.1077035868522964f,0.11220457224608565f,0.4630514220533018f,-0.8792004973278211f,3.6984522785698193f,0f,0f,0f,1f], start_interpolation: 0, interpolation_duration: 1 }
$data merge entity $(bone_left_eye1) { transformation: [-0.9927015504546662f,0.01287749887069805f,-0.11990747160930813f,0.1314888008387878f,-0.04420142183204987f,0.8862378634188739f,0.46111677886493685f,3.1860171901723096f,0.11220457224608565f,0.4630514220533018f,-0.8792004973278211f,3.2416879904377267f,0f,0f,0f,1f], start_interpolation: 0, interpolation_duration: 1 }
$data merge entity $(bone_crest_middle5) { transformation: [-0.9927015504546662f,-0.013380476134258728f,-0.11985238664007654f,0.19671529435646834f,-0.04420142183204987f,0.965034425012256f,0.25836948900613294f,4.062733919906177f,0.11220457224608565f,0.26178143822602395f,-0.9585826060217176f,4.16413317401638f,0f,0f,0f,1f], start_interpolation: 0, interpolation_duration: 1 }
$data merge entity $(bone_crest_middle4) { transformation: [-0.9927015504546662f,-0.013380476134258728f,-0.11985238664007654f,0.20455541709138556f,-0.04420142183204987f,0.965034425012256f,0.25836948900613294f,3.4972840615005576f,0.11220457224608565f,0.26178143822602395f,-0.9585826060217176f,4.0107456125558185f,0f,0f,0f,1f], start_interpolation: 0, interpolation_duration: 1 }
$data merge entity $(bone_crest_middle1) { transformation: [-0.9927015504546662f,-0.013380476134258728f,-0.11985238664007654f,0.2192137975710593f,-0.04420142183204987f,0.965034425012256f,0.25836948900613294f,3.054273040397812f,0.11220457224608565f,0.26178143822602395f,-0.9585826060217176f,3.9659139279819433f,0f,0f,0f,1f], start_interpolation: 0, interpolation_duration: 1 }
$data merge entity $(bone_crest_left5) { transformation: [-0.5442389266555887f,-0.8388645101257326f,-0.010503540559610627f,-0.7535897936893867f,-0.7711948396017f,0.4953291557093764f,0.3998844168956139f,3.4864419650646776f,-0.33024613560870225f,0.2257329421146837f,-0.9165053893784627f,4.0892375573478565f,0f,0f,0f,1f], start_interpolation: 0, interpolation_duration: 1 }
$data merge entity $(bone_crest_left4) { transformation: [-0.5442389266555887f,-0.8388645101257326f,-0.010503540559610627f,-0.3439879821045563f,-0.7711948396017f,0.4953291557093764f,0.3998844168956139f,3.2445820257534588f,-0.33024613560870225f,0.2257329421146837f,-0.9165053893784627f,3.979016394205921f,0f,0f,0f,1f], start_interpolation: 0, interpolation_duration: 1 }
$data merge entity $(bone_crest_left1) { transformation: [-0.5442389266555887f,-0.8388645101257326f,-0.010503540559610627f,0.10606114244736989f,-0.7711948396017f,0.4953291557093764f,0.3998844168956139f,2.998061698804849f,-0.33024613560870225f,0.2257329421146837f,-0.9165053893784627f,3.8130218750340465f,0f,0f,0f,1f], start_interpolation: 0, interpolation_duration: 1 }
$data merge entity $(bone_crest_center1) { transformation: [-0.9927015504546662f,0.01287749887069805f,-0.11990747160930813f,0.20269026519590388f,-0.04420142183204987f,0.8862378634188739f,0.46111677886493685f,2.9807418542675927f,0.11220457224608565f,0.4630514220533018f,-0.8792004973278211f,3.790759575620486f,0f,0f,0f,1f], start_interpolation: 0, interpolation_duration: 1 }
$data merge entity $(bone_crest_right5) { transformation: [-0.5225173818735651f,0.821282141656078f,-0.22906599362803876f,1.1532680355247305f,0.7236960263242337f,0.5692495020862547f,0.39015261867257245f,3.571347470897963f,0.45082108105379165f,0.03808737548528411f,-0.8918013818705002f,3.8737063466198434f,0f,0f,0f,1f], start_interpolation: 0, interpolation_duration: 1 }
$data merge entity $(bone_crest_right4) { transformation: [-0.5225173818735651f,0.821282141656078f,-0.22906599362803876f,0.7522513647942235f,0.7236960263242337f,0.5692495020862547f,0.39015261867257245f,3.2933936124574092f,0.45082108105379165f,0.03808737548528411f,-0.8918013818705002f,3.8551089953086697f,0f,0f,0f,1f], start_interpolation: 0, interpolation_duration: 1 }
$data merge entity $(bone_crest_right1) { transformation: [-0.5225173818735651f,0.821282141656078f,-0.22906599362803876f,0.2999481640205469f,0.7236960263242337f,0.5692495020862547f,0.39015261867257245f,3.0066947890064215f,0.45082108105379165f,0.03808737548528411f,-0.8918013818705002f,3.791106919517233f,0f,0f,0f,1f], start_interpolation: 0, interpolation_duration: 1 }
$data merge entity $(bone_head1) { transformation: [-0.9927015504546662f,0.01287749887069805f,-0.11990747160930813f,0.06645658958033628f,-0.04420142183204987f,0.8862378634188739f,0.46111677886493685f,3.3904140018957194f,0.11220457224608565f,0.4630514220533018f,-0.8792004973278211f,2.7468512281008453f,0f,0f,0f,1f], start_interpolation: 0, interpolation_duration: 1 }
$data merge entity $(bone_neck10) { transformation: [-1.2994958145200695f,-0.03260827464304238f,-0.07528834846155845f,0.022596123694388598f,-0.044658672426863194f,1.2834426147281135f,0.21494572482693836f,3.158530046416479f,0.06882759596510153f,0.21710081084397567f,-1.282010533072563f,1.7682884800334513f,0f,0f,0f,1f], start_interpolation: 0, interpolation_duration: 1 }
$data merge entity $(bone_neck9) { transformation: [-0.9980127855514135f,0.030627535002455467f,-0.05506754012648179f,-0.012932162708167286f,-0.034297860423830935f,0.46908092269040874f,0.8824889487910103f,2.6716708353936554f,0.05285959370119798f,0.8826239528063966f,-0.4670982993826418f,0.7816007343987659f,0f,0f,0f,1f], start_interpolation: 0, interpolation_duration: 1 }
$data merge entity $(bone_neck8) { transformation: [-0.9980127855514135f,0.04095933819407682f,-0.04788332163302329f,-0.05326960154217524f,-0.034297860423830935f,0.28436535920096007f,0.9581022906020298f,2.4546376550120046f,0.05285959370119798f,0.9578406313689205f,-0.28239544658604543f,-0.12080978525921915f,0f,0f,0f,1f], start_interpolation: 0, interpolation_duration: 1 }
$data merge entity $(bone_neck7) { transformation: [-0.9989953889575909f,-0.01246225701476816f,-0.04304538292975879f,-0.04170793731948994f,-0.044558749783721534f,0.17404461437441326f,0.9837291243147035f,2.2931704834732423f,-0.004767668107513839f,0.9846589076209892f,-0.1744250698250023f,-1.03431170150916f,0f,0f,0f,1f], start_interpolation: 0, interpolation_duration: 1 }
$data merge entity $(bone_neck6) { transformation: [-0.9978795521886509f,-0.06374925243460225f,-0.01313134181288847f,0.011128255654411334f,-0.006838101661581125f,-0.09795073832298917f,0.9951677713971886f,2.3902180551466228f,-0.0647274260993239f,0.9931473635246738f,0.0973071150252946f,-1.8591209201445287f,0f,0f,0f,1f], start_interpolation: 0, interpolation_duration: 1 }
$data merge entity $(bone_neck_spine6) { transformation: [-1.0923189079517912f,-0.15461605335539508f,0.08874095386668247f,0.5713775750247255f,0.025805674744478816f,0.4079930092598263f,1.0285025274949278f,2.927637216769474f,-0.17639486386896086f,1.0171417098700033f,-0.39906048609294514f,-5.218331804636763f,0f,0f,0f,1f], start_interpolation: 0, interpolation_duration: 1 }
$data merge entity $(bone_neck_spine7) { transformation: [-0.9994110316065292f,0.011444444306995375f,0.03235142342581548f,0.9068256385305975f,0.03346086607730854f,0.11584560884100281f,0.9927034629503484f,2.4561572639243385f,0.007613169151459986f,0.9932012986332432f,-0.11616032045715863f,-8.04350179239804f,0f,0f,0f,1f], start_interpolation: 0, interpolation_duration: 1 }
$data merge entity $(bone_tail6) { transformation: [-1.2896456065966926f,0.7603728991927892f,0.02900939921863084f,-0.17861555857683564f,-0.26361379673473334f,-0.5000088249982106f,1.3866121385517416f,3.5233314953162322f,0.7138040748279406f,1.1891251030825505f,0.5644993477958732f,-10.844191161428444f,0f,0f,0f,1f], start_interpolation: 0, interpolation_duration: 1 }
$data merge entity $(bone_tail5) { transformation: [-1.065359414145094f,0.6144300105618314f,0.1326745626741202f,0.2094455007253741f,-0.21776791904173623f,-0.605683023045184f,1.0563345435033544f,3.1407948491824316f,0.5896642357274293f,0.8864204964254803f,0.6298192211961711f,-10.284346637370245f,0f,0f,0f,1f], start_interpolation: 0, interpolation_duration: 1 }
$data merge entity $(bone_tail4) { transformation: [-0.8509741931098758f,0.504459809816771f,0.14616163292951406f,0.40650011393505026f,-0.16840686552995854f,-0.5256830198609506f,0.8338444041140084f,2.9354499195492476f,0.49747567810232607f,0.6849654465077037f,0.5322971790148167f,-10.016782009828173f,0f,0f,0f,1f], start_interpolation: 0, interpolation_duration: 1 }
$data merge entity $(bone_segment18) { transformation: [-0.9095392090239455f,0.3890696651082843f,0.14616163292951406f,0.5964755363512046f,-0.09835071855256008f,-0.5431672356539459f,0.8338444041140084f,2.6702315427650944f,0.403813773178045f,0.7440390781434653f,0.5322971790148167f,-9.653481678703434f,0f,0f,0f,1f], start_interpolation: 0, interpolation_duration: 1 }
$data merge entity $(bone_segment17) { transformation: [-0.9568333739803353f,0.2736056037467397f,0.09802993438633416f,0.7701509684170063f,-0.036497209002778974f,-0.44773796786493136f,0.8934196471240091f,2.3860228717570813f,0.28833634556263343f,0.8512759163341596f,0.4383964713555775f,-9.113120989624134f,0f,0f,0f,1f], start_interpolation: 0, interpolation_duration: 1 }
$data merge entity $(bone_segment16) { transformation: [-0.9869355178065243f,0.14776480708765716f,0.06421717432520958f,0.8928073024253155f,0.010593909208957657f,-0.3381984626134296f,0.9410151799910482f,2.1052917260330433f,0.1607670761680987f,0.9294016148427221f,0.33221466787018983f,-8.341645039803515f,0f,0f,0f,1f], start_interpolation: 0, interpolation_duration: 1 }
$data merge entity $(bone_segment15) { transformation: [-0.9994110316065292f,0.002681319804876849f,0.03421111555147385f,0.8955567026158631f,0.03346086607730854f,-0.14503229690906894f,0.9888609625698833f,1.9565769684602676f,0.007613169151459986f,0.9894232882732158f,0.1448571581872556f,-7.327099675851487f,0f,0f,0f,1f], start_interpolation: 0, interpolation_duration: 1 }
$data merge entity $(bone_segment14) { transformation: [-0.9859533886594691f,-0.16374567891163627f,0.032913037366316046f,0.7276534185756112f,0.022026262685241858f,0.06786309955000133f,0.9974514742440292f,2.0261631545222807f,-0.1655619495627843f,0.9841656122610835f,-0.06330314762897771f,-6.317945483591588f,0f,0f,0f,1f], start_interpolation: 0, interpolation_duration: 1 }
$data merge entity $(bone_segment13) { transformation: [-0.9869422603611477f,-0.15150091415303543f,0.054703269774507984f,0.5635727839978227f,0.02331618612207027f,0.20166513459368565f,0.9791769650854903f,2.2188902416927356f,-0.15937794758983756f,0.9676665988345907f,-0.19549942025987121f,-5.273687005403373f,0f,0f,0f,1f], start_interpolation: 0, interpolation_duration: 1 }
$data merge entity $(bone_segment12) { transformation: [-0.9753139288848018f,-0.2144892707286519f,0.052508026677666436f,0.31221816986268375f,0.01139233095744516f,0.18859319526386464f,0.9819892165882077f,2.439897892392577f,-0.22052880745754627f,0.9583459497709877f,-0.18149403747477655f,-4.150625345515496f,0f,0f,0f,1f], start_interpolation: 0, interpolation_duration: 1 }
$data merge entity $(bone_segment11) { transformation: [-1.0162335990158318f,-0.19520035649570425f,0.026731161017468873f,0.08663279328593683f,0.013959013603728306f,0.06875847036797368f,1.0327758133331406f,2.519359352961896f,-0.19652704669994617f,1.0142571446584288f,-0.06486930197551638f,-2.978488244790155f,0f,0f,0f,1f], start_interpolation: 0, interpolation_duration: 1 }
$data merge entity $(bone_segment10) { transformation: [-0.9977327889677211f,-0.06690135919722674f,-0.007313682810768989f,0.008053174230852195f,0f,-0.10867294823434487f,0.9940775574984355f,2.4074346116199723f,-0.06729993921760179f,0.9918237738931341f,0.10842656372719772f,-1.813532326741638f,0f,0f,0f,1f], start_interpolation: 0, interpolation_duration: 1 }