# This file was generated by Animated Java via MC-Build. It is not recommended to edit this file directly.
$data merge entity $(bone_neck_spine5) { transformation: [-1.5672871255515608f,0.010444215842418253f,-0.1245840278382655f,0.02169601640391519f,-0.08554760517102813f,1.0529485788868003f,1.1644741701842989f,3.586676128693077f,0.09116945149813405f,1.167565588792487f,-1.0490461965699245f,0.585796875316277f,0f,0f,0f,1f], start_interpolation: 0, interpolation_duration: 1 }
$data merge entity $(bone_neck_spine2) { transformation: [-1.4926544052872002f,-0.076865747681544f,-0.09093274929363909f,-0.011343302395485796f,-0.08147390968669344f,1.493290154881419f,0.07510523988790534f,4.446578747654393f,0.08682804904584192f,0.0798151104216018f,-1.492744023512172f,2.7614522858110724f,0f,0f,0f,1f], start_interpolation: 0, interpolation_duration: 1 }
$data merge entity $(bone_scale_neck_left1) { transformation: [-1.6042901709905488f,0.3719989633699646f,-0.03041215797111485f,0.8165392752211224f,0.33214547436444825f,1.4841287872925812f,0.6325315861096117f,3.591773085583826f,0.17025719356316202f,0.6099455670949638f,-1.5205373964683906f,2.6341457209758126f,0f,0f,0f,1f], start_interpolation: 0, interpolation_duration: 1 }
$data merge entity $(bone_scale_neck_right1) { transformation: [-1.5676553965497753f,-0.4577747862560943f,-0.21436856946443125f,-0.7507478503304378f,-0.5052805321417129f,1.4388370497691758f,0.6224906496388477f,3.506225480412798f,0.014255607480117699f,0.6582136963915246f,-1.5098366098275837f,2.7253151724739464f,0f,0f,0f,1f], start_interpolation: 0, interpolation_duration: 1 }
$data merge entity $(bone_blush_right1) { transformation: [-0.9952513444494161f,-0.017131461868200238f,-0.0958189667335655f,-0.5044464835217171f,-0.05808911692202118f,0.8944163512010781f,0.4434467783165974f,2.8555789435797183f,0.07810515902838613f,0.44690704147328897f,-0.8911642275219211f,3.9109641609475214f,0f,0f,0f,1f], start_interpolation: 0, interpolation_duration: 1 }
$data merge entity $(bone_blush_left1) { transformation: [-0.9952513444494161f,-0.017131461868200238f,-0.0958189667335655f,0.814455932901972f,-0.05808911692202118f,0.8944163512010781f,0.4434467783165974f,2.932558369032045f,0.07810515902838613f,0.44690704147328897f,-0.8911642275219211f,3.807459570321037f,0f,0f,0f,1f], start_interpolation: 0, interpolation_duration: 1 }
$data merge entity $(bone_left_head_scales) { transformation: [-0.8385544492509842f,-0.017131461868200238f,-0.5445483896364371f,0.7754642225547344f,-0.2562866109308215f,0.8944163512010781f,0.36651952712201225f,3.760421235867826f,0.48077396840820363f,0.44690704147328897f,-0.7544073750849866f,3.782529104105103f,0f,0f,0f,1f], start_interpolation: 0, interpolation_duration: 1 }
$data merge entity $(bone_left_head_scales2) { transformation: [-0.7603026719132288f,-0.017131461868200238f,-0.6493430219043426f,0.8069971490003244f,-0.3019344416958022f,0.8944163512010781f,0.329931786316496f,2.8821423175430168f,0.5751308025131756f,0.44690704147328897f,-0.6851997199956685f,3.5311339391559873f,0f,0f,0f,1f], start_interpolation: 0, interpolation_duration: 1 }
$data merge entity $(bone_left_head_scales1) { transformation: [-0.9952513444494161f,-0.017131461868200238f,-0.0958189667335655f,0.7773881660262607f,-0.05808911692202118f,0.8944163512010781f,0.4434467783165974f,3.6599740870512987f,0.07810515902838613f,0.44690704147328897f,-0.8911642275219211f,3.7323393484708958f,0f,0f,0f,1f], start_interpolation: 0, interpolation_duration: 1 }
$data merge entity $(bone_right_head_scales) { transformation: [-0.9270429992726597f,-0.017131461868200238f,0.37456346660320466f,-0.565792472113424f,0.1532352589316432f,0.8944163512010781f,0.4201646654875943f,3.6821370743908837f,-0.34221372403763106f,0.44690704147328897f,-0.8265372728207047f,3.8877880098269517f,0f,0f,0f,1f], start_interpolation: 0, interpolation_duration: 1 }
$data merge entity $(bone_right_head_scales2) { transformation: [-0.8702216748609847f,-0.017131461868200238f,0.49236241694142446f,-0.534259545667834f,0.20676680394057034f,0.8944163512010781f,0.39656888366632026f,2.803858156066074f,-0.44717080113793695f,0.44690704147328897f,-0.7747982775479354f,3.636392844877836f,0f,0f,0f,1f], start_interpolation: 0, interpolation_duration: 1 }
$data merge entity $(bone_right_head_scales1) { transformation: [-0.9952513444494161f,-0.017131461868200238f,-0.0958189667335655f,-0.5638685286418976f,-0.05808911692202118f,0.8944163512010781f,0.4434467783165974f,3.581689925574356f,0.07810515902838613f,0.44690704147328897f,-0.8911642275219211f,3.8375982541927445f,0f,0f,0f,1f], start_interpolation: 0, interpolation_duration: 1 }
$data merge entity $(bone_head_left_fin1) { transformation: [-0.42445853316869636f,0.0951431301461544f,-0.9536550405840909f,0.7765322929861174f,-0.17558365330111964f,1.0176258778063698f,0.17967512776514405f,3.320648304952807f,0.9421679958154409f,0.2325092592349399f,-0.3961491007894736f,3.46906680564971f,0f,0f,0f,1f], start_interpolation: 0, interpolation_duration: 1 }
$data merge entity $(bone_head_right_fin1) { transformation: [-0.5831948498942394f,-0.17485690346552551f,0.8532198007503443f,-0.564724401682041f,0.1167706755422254f,1.0018669807107874f,0.28513568755951374f,3.2423641434758643f,-0.8630895517936834f,0.25369827413104756f,-0.5379487050943426f,3.5743257113715585f,0f,0f,0f,1f], start_interpolation: 0, interpolation_duration: 1 }
$data merge entity $(bone_right_whisker16) { transformation: [-0.17573354772921887f,-0.23875369013975367f,0.9550468028568827f,-1.060098696949929f,0.95972909895035f,-0.25754350879794996f,0.11221139738899262f,2.1913736486081157f,0.21917521947166524f,0.9363055145200694f,0.2743978984045912f,1.5835973697916113f,0f,0f,0f,1f], start_interpolation: 0, interpolation_duration: 1 }
$data merge entity $(bone_right_whisker15) { transformation: [0.30820994108004696f,-0.23153964023940143f,0.9227112371794564f,-1.1639389603020933f,0.5075573676912901f,0.8603699246382369f,0.046358508175773416f,2.020370433907437f,-0.8046068298999973f,0.4540407336085646f,0.3826942140958939f,1.8546807255684659f,0f,0f,0f,1f], start_interpolation: 0, interpolation_duration: 1 }
$data merge entity $(bone_right_whisker14) { transformation: [0.5945631985851543f,-0.29874927092257436f,0.7464874252198901f,-1.3642556629504117f,-0.10154511069682004f,0.893077131386581f,0.43829422525044337f,2.054582409679315f,-0.797610928574679f,-0.3363957647140434f,0.5006542680340321f,2.123407063808958f,0f,0f,0f,1f], start_interpolation: 0, interpolation_duration: 1 }
$data merge entity $(bone_right_whisker13) { transformation: [0.07716938365972714f,-0.41874010251082866f,0.9048213153848658f,-1.3902551134998316f,0.31128817568808664f,0.8722795406283674f,0.3771313758863711f,1.949705045800028f,-0.9471771523333747f,0.2525571807539536f,0.1976621171273189f,2.4425243661087768f,0f,0f,0f,1f], start_interpolation: 0, interpolation_duration: 1 }
$data merge entity $(bone_right_whisker12) { transformation: [-0.5213570908105132f,-0.3670934927065989f,0.7703435282223565f,-1.1560517328622963f,-0.28198363148657335f,0.9261414814687963f,0.2504938879023353f,2.0763773802568872f,-0.805401772679476f,-0.08662750091774327f,-0.5863647846260074f,2.8043259436796353f,0f,0f,0f,1f], start_interpolation: 0, interpolation_duration: 1 }
$data merge entity $(bone_right_whisker11) { transformation: [-0.9238829108471867f,-0.24554952892423398f,0.29350604063565056f,-0.7410262065051616f,-0.20498740438356325f,0.9652206681952258f,0.16226282917800838f,2.168461565819816f,-0.32314165792825084f,0.08974681350247954f,-0.9420854411238571f,2.9494872353270916f,0f,0f,0f,1f], start_interpolation: 0, interpolation_duration: 1 }
$data merge entity $(bone_right_whisker10) { transformation: [-0.5151395511048714f,-0.6129932308664072f,0.5990580454341927f,-0.5096158612822703f,-0.45169507956281696f,0.7881555957325075f,0.4180697453945652f,2.3713714648421753f,-0.7284248746344484f,-0.05522731052205909f,-0.6828961459741064f,3.276709346979285f,0f,0f,0f,1f], start_interpolation: 0, interpolation_duration: 1 }
$data merge entity $(bone_right_whisker1) { transformation: [0.03541050308891326f,-0.6726439608785103f,0.7391185278185491f,-0.5255229232167431f,-0.6135933741352035f,0.5691358969388591f,0.5473458705726904f,2.6470091133794735f,-0.7888277806266498f,-0.472900024010646f,-0.39257648911054804f,3.631065576557663f,0f,0f,0f,1f], start_interpolation: 0, interpolation_duration: 1 }
$data merge entity $(bone_left_whisker16) { transformation: [-0.09550817150816462f,0.40957432845919944f,-0.907263500115795f,1.0745462728485284f,-0.9755604686146901f,-0.2197030152520192f,0.0035152760144358947f,2.315964930930096f,-0.19788875979057968f,0.8854261429144544f,0.42054795706575343f,1.4160750793017778f,0f,0f,0f,1f], start_interpolation: 0, interpolation_duration: 1 }
$data merge entity $(bone_left_whisker15) { transformation: [0.4861476541284333f,0.19825951909324557f,-0.8510896671175937f,1.2383362539757838f,-0.461193671240834f,0.8854557019734812f,-0.05717164900587823f,2.160582297553057f,0.7422673750023122f,0.42031103117996443f,0.5218982478181086f,1.6661553960750177f,0f,0f,0f,1f], start_interpolation: 0, interpolation_duration: 1 }
$data merge entity $(bone_left_whisker14) { transformation: [0.695558597409245f,0.13752573837786733f,-0.7051843084284466f,1.4726797267357343f,0.1768447184482925f,0.9185408799831016f,0.35356554888282526f,2.2201637700771397f,0.696364978389227f,-0.37063367775135f,0.6145783056612718f,1.9007705499268566f,0f,0f,0f,1f], start_interpolation: 0, interpolation_duration: 1 }
$data merge entity $(bone_left_whisker13) { transformation: [0.2589564750693607f,0.34921120262413774f,-0.9005515421015364f,1.5599258047620326f,-0.29166976028264907f,0.9171020002042269f,0.27175848129923774f,2.121896126231911f,0.9207987266261359f,0.19229003401947184f,0.33934384900934406f,2.211000589659295f,0f,0f,0f,1f], start_interpolation: 0, interpolation_duration: 1 }
$data merge entity $(bone_left_whisker12) { transformation: [-0.418867786470092f,0.23958285784508943f,-0.8758708989825071f,1.371762541308671f,0.22710620465972423f,0.9615509221669325f,0.15441047854655748f,2.2239164916063965f,0.8791885743472218f,-0.13423814028323355f,-0.4571734598930674f,2.605948582041836f,0f,0f,0f,1f], start_interpolation: 0, interpolation_duration: 1 }
$data merge entity $(bone_left_whisker11) { transformation: [-0.8798393973942984f,0.1432441581149141f,-0.45317076909128584f,0.9765221870104508f,0.09971084621296261f,0.987913108723859f,0.1186820827212581f,2.268708473303626f,0.4646938582984852f,0.05923513127790089f,-0.8834878704782294f,2.814697776199359f,0f,0f,0f,1f], start_interpolation: 0, interpolation_duration: 1 }
$data merge entity $(bone_left_whisker10) { transformation: [-0.444358699406786f,0.5016594857468699f,-0.7422150002672379f,0.7769079275113088f,0.3956927376706989f,0.8532137263684596f,0.3397846295686645f,2.446461070304135f,0.803724208678684f,-0.14270282932245343f,-0.5776359570587599f,3.1757457605667363f,0f,0f,0f,1f], start_interpolation: 0, interpolation_duration: 1 }
$data merge entity $(bone_left_whisker1) { transformation: [0.08642970477101954f,0.5205693912125665f,-0.8494335848468512f,0.8157337714514152f,0.6207047336120344f,0.6387793194864366f,0.454627995913206f,2.725293274856416f,0.7792660263381226f,-0.5665408104708988f,-0.2679103773021294f,3.5258066708358147f,0f,0f,0f,1f], start_interpolation: 0, interpolation_duration: 1 }
$data merge entity $(bone_upper_left_tooth1) { transformation: [-0.9952513444494161f,-0.02541744469863904f,-0.09396124135313112f,0.5329283756565217f,-0.05808911692202118f,0.9296617602863178f,0.36380580803027973f,2.6629090154968322f,0.07810515902838613f,0.36753634509574223f,-0.9267235937251269f,4.548841484739854f,0f,0f,0f,1f], start_interpolation: 0, interpolation_duration: 1 }
$data merge entity $(bone_upper_right_tooth1) { transformation: [-0.9952513444494161f,-0.02541744469863904f,-0.09396124135313112f,-0.1376999716775575f,-0.05808911692202118f,0.9296617602863178f,0.36380580803027973f,2.6237669347583608f,0.07810515902838613f,0.36753634509574223f,-0.9267235937251269f,4.601470937600778f,0f,0f,0f,1f], start_interpolation: 0, interpolation_duration: 1 }
$data merge entity $(bone_top_lip1) { transformation: [-0.9952513444494161f,-0.05602122245720066f,-0.07960140706062027f,0.22241745946119856f,-0.05808911692202118f,0.9980252105731179f,0.023902584707588825f,2.759814826850763f,0.07810515902838613f,0.028413055007945442f,-0.9965401559587381f,4.618366949051026f,0f,0f,0f,1f], start_interpolation: 0, interpolation_duration: 1 }
$data merge entity $(bone_muzzle1) { transformation: [-0.9952513444494161f,-0.02541744469863904f,-0.09396124135313112f,0.16537427294892743f,-0.05808911692202118f,0.9296617602863178f,0.36380580803027973f,3.120708374962873f,0.07810515902838613f,0.36753634509574223f,-0.9267235937251269f,4.1599040126614435f,0f,0f,0f,1f], start_interpolation: 0, interpolation_duration: 1 }
$data merge entity $(bone_jaw_right_tooth1) { transformation: [-0.9952513444494161f,-0.07986801400223552f,-0.0556404682849492f,-0.1374560885929405f,-0.05808911692202118f,0.9460120911814046f,-0.3188836430954174f,2.6526776860737455f,0.07810515902838613f,-0.3141372688458417f,-0.9461592680174019f,4.626080387286653f,0f,0f,0f,1f], start_interpolation: 0, interpolation_duration: 1 }
$data merge entity $(bone_jaw_left_tooth1) { transformation: [-0.9952513444494161f,-0.07986801400223552f,-0.0556404682849492f,0.5890579543523119f,-0.05808911692202118f,0.9460120911814046f,-0.3188836430954174f,2.695081606873756f,0.07810515902838613f,-0.3141372688458417f,-0.9461592680174019f,4.569065146687319f,0f,0f,0f,1f], start_interpolation: 0, interpolation_duration: 1 }
$data merge entity $(bone_tongue1) { transformation: [-0.9952513444494161f,-0.048870325036354495f,-0.08418107092732184f,0.15856140236950778f,-0.05808911692202118f,0.9921441758110593f,0.11079525666477663f,2.7547826769120345f,0.07810515902838613f,0.115159132225955f,-0.9902716588886686f,3.8009415624040264f,0f,0f,0f,1f], start_interpolation: 0, interpolation_duration: 1 }
$data merge entity $(bone_jaw_lips1) { transformation: [-0.9952513444494161f,-0.048870325036354495f,-0.08418107092732184f,0.29639013289758953f,-0.05808911692202118f,0.9921441758110593f,0.11079525666477663f,2.53036645225331f,0.07810515902838613f,0.115159132225955f,-0.9902716588886686f,4.6713801626726985f,0f,0f,0f,1f], start_interpolation: 0, interpolation_duration: 1 }
$data merge entity $(bone_jaw3) { transformation: [-0.9952513444494161f,-0.06899277348487307f,-0.06866409963361293f,0.24051091457677615f,-0.05808911692202118f,0.9870136053500502f,-0.14976580834461206f,2.312676188230369f,0.07810515902838613f,-0.14506598519556668f,-0.9863343470002401f,3.7974391425234604f,0f,0f,0f,1f], start_interpolation: 0, interpolation_duration: 1 }
$data merge entity $(bone_jaw1) { transformation: [-0.9952513444494161f,-0.00023240750902472906f,-0.09733810845901762f,0.15305870775812747f,-0.05808911692202118f,0.8038244321367632f,0.5920235947960434f,2.844572386679939f,0.07810515902838613f,0.5948665634297826f,-0.8000208471323674f,3.078670412677974f,0f,0f,0f,1f], start_interpolation: 0, interpolation_duration: 1 }
$data merge entity $(bone_tear_right1) { transformation: [-0.9952513444494161f,-0.017131461868200238f,-0.0958189667335655f,-0.4456097628568586f,-0.05808911692202118f,0.8944163512010781f,0.4434467783165974f,3.1655847678235487f,0.07810515902838613f,0.44690704147328897f,-0.8911642275219211f,4.172316246003562f,0f,0f,0f,1f], start_interpolation: 0, interpolation_duration: 1 }
$data merge entity $(bone_right_pupil1) { transformation: [-0.9952513444494161f,-0.017131461868200238f,-0.0958189667335655f,-0.2566547170106135f,-0.05808911692202118f,0.8944163512010781f,0.4434467783165974f,3.246915276850343f,0.07810515902838613f,0.44690704147328897f,-0.8911642275219211f,4.268082082219873f,0f,0f,0f,1f], start_interpolation: 0, interpolation_duration: 1 }
$data merge entity $(bone_right_sad_pupil1) { transformation: [-0.9952513444494161f,-0.017131461868200238f,-0.0958189667335655f,-0.25773080892217215f,-0.05808911692202118f,0.8944163512010781f,0.4434467783165974f,3.2518953920365155f,0.07810515902838613f,0.44690704147328897f,-0.8911642275219211f,4.258073890211571f,0f,0f,0f,1f], start_interpolation: 0, interpolation_duration: 1 }
$data merge entity $(bone_right_happy_pupil1) { transformation: [-0.9952513444494161f,-0.017131461868200238f,-0.0958189667335655f,-0.28519231934804434f,-0.05808911692202118f,0.8944163512010781f,0.4434467783165974f,3.225153027108267f,0.07810515902838613f,0.44690704147328897f,-0.8911642275219211f,4.2477194777104f,0f,0f,0f,1f], start_interpolation: 0, interpolation_duration: 1 }
$data merge entity $(bone_eyelid_right1) { transformation: [-0.9952513444494161f,-0.017131461868200238f,-0.0958189667335655f,0.11974678111014722f,-0.05808911692202118f,0.8944163512010781f,0.4434467783165974f,3.4757937662865173f,0.07810515902838613f,0.44690704147328897f,-0.8911642275219211f,3.6987988183245237f,0f,0f,0f,1f], start_interpolation: 0, interpolation_duration: 1 }
$data merge entity $(bone_eyelid_expressions_right5) { transformation: [-0.9952513444494161f,-0.017131461868200238f,-0.0958189667335655f,-0.38819149463094504f,-0.05808911692202118f,0.8944163512010781f,0.4434467783165974f,3.3448403295872793f,0.07810515902838613f,0.44690704147328897f,-0.8911642275219211f,4.318350929575081f,0f,0f,0f,1f], start_interpolation: 0, interpolation_duration: 1 }
$data merge entity $(bone_eyelid_expressions_right7) { transformation: [-0.9952513444494161f,-0.017131461868200238f,-0.0958189667335655f,-0.052877320963905516f,-0.05808911692202118f,0.8944163512010781f,0.4434467783165974f,3.364411369956515f,0.07810515902838613f,0.44690704147328897f,-0.8911642275219211f,4.292036203144618f,0f,0f,0f,1f], start_interpolation: 0, interpolation_duration: 1 }
$data merge entity $(bone_eyelid_expressions_right6) { transformation: [-0.9952513444494161f,-0.017131461868200238f,-0.0958189667335655f,-0.16464871218625207f,-0.05808911692202118f,0.8944163512010781f,0.4434467783165974f,3.3578876898334364f,0.07810515902838613f,0.44690704147328897f,-0.8911642275219211f,4.300807778621438f,0f,0f,0f,1f], start_interpolation: 0, interpolation_duration: 1 }
$data merge entity $(bone_right_eye1) { transformation: [-0.9952513444494161f,-0.017131461868200238f,-0.0958189667335655f,0.10964573389947116f,-0.05808911692202118f,0.8944163512010781f,0.4434467783165974f,3.4701612830880366f,0.07810515902838613f,0.44690704147328897f,-0.8911642275219211f,3.709684167880509f,0f,0f,0f,1f], start_interpolation: 0, interpolation_duration: 1 }
$data merge entity $(bone_tear_left1) { transformation: [-0.9952513444494161f,-0.017131461868200238f,-0.0958189667335655f,0.7615212623444839f,-0.05808911692202118f,0.8944163512010781f,0.4434467783165974f,3.236040513152797f,0.07810515902838613f,0.44690704147328897f,-0.8911642275219211f,4.0775832308538975f,0f,0f,0f,1f], start_interpolation: 0, interpolation_duration: 1 }
$data merge entity $(bone_left_sad_pupil1) { transformation: [-0.9952513444494161f,-0.017131461868200238f,-0.0958189667335655f,0.5805546252454268f,-0.05808911692202118f,0.8944163512010781f,0.4434467783165974f,3.300822992959605f,0.07810515902838613f,0.44690704147328897f,-0.8911642275219211f,4.1922870741354155f,0f,0f,0f,1f], start_interpolation: 0, interpolation_duration: 1 }
$data merge entity $(bone_left_pupil1) { transformation: [-0.9952513444494161f,-0.017131461868200238f,-0.0958189667335655f,0.5816307171569854f,-0.05808911692202118f,0.8944163512010781f,0.4434467783165974f,3.295842877773432f,0.07810515902838613f,0.44690704147328897f,-0.8911642275219211f,4.202295266143718f,0f,0f,0f,1f], start_interpolation: 0, interpolation_duration: 1 }
$data merge entity $(bone_eyelid_left1) { transformation: [-0.9952513444494161f,-0.017131461868200238f,-0.0958189667335655f,0.09739250286567791f,-0.05808911692202118f,0.8944163512010781f,0.4434467783165974f,3.4744890302619016f,0.07810515902838613f,0.44690704147328897f,-0.8911642275219211f,3.7005531334198882f,0f,0f,0f,1f], start_interpolation: 0, interpolation_duration: 1 }
$data merge entity $(bone_left_happy_pupil1) { transformation: [-0.9952513444494161f,-0.017131461868200238f,-0.0958189667335655f,0.6089788104307278f,-0.05808911692202118f,0.8944163512010781f,0.4434467783165974f,3.277342468092895f,0.07810515902838613f,0.44690704147328897f,-0.8911642275219211f,4.177546873895834f,0f,0f,0f,1f], start_interpolation: 0, interpolation_duration: 1 }
$data merge entity $(bone_eyelid_expressions_left5) { transformation: [-0.9952513444494161f,-0.017131461868200238f,-0.0958189667335655f,0.7071681393480509f,-0.05808911692202118f,0.8944163512010781f,0.4434467783165974f,3.408772394793449f,0.07810515902838613f,0.44690704147328897f,-0.8911642275219211f,4.232389489902237f,0f,0f,0f,1f], start_interpolation: 0, interpolation_duration: 1 }
$data merge entity $(bone_eyelid_expressions_left7) { transformation: [-0.9952513444494161f,-0.017131461868200238f,-0.0958189667335655f,0.37185396568101126f,-0.05808911692202118f,0.8944163512010781f,0.4434467783165974f,3.3892013544242134f,0.07810515902838613f,0.44690704147328897f,-0.8911642275219211f,4.258704216332698f,0f,0f,0f,1f], start_interpolation: 0, interpolation_duration: 1 }
$data merge entity $(bone_eyelid_expressions_left6) { transformation: [-0.9952513444494161f,-0.017131461868200238f,-0.0958189667335655f,0.48362535690335784f,-0.05808911692202118f,0.8944163512010781f,0.4434467783165974f,3.395725034547292f,0.07810515902838613f,0.44690704147328897f,-0.8911642275219211f,4.249932640855878f,0f,0f,0f,1f], start_interpolation: 0, interpolation_duration: 1 }
$data merge entity $(bone_left_eye1) { transformation: [-0.9952513444494161f,-0.017131461868200238f,-0.0958189667335655f,0.10964573389947116f,-0.05808911692202118f,0.8944163512010781f,0.4434467783165974f,3.4701612830880366f,0.07810515902838613f,0.44690704147328897f,-0.8911642275219211f,3.709684167880509f,0f,0f,0f,1f], start_interpolation: 0, interpolation_duration: 1 }
$data merge entity $(bone_crest_middle5) { transformation: [-0.9952513444494161f,-0.03746439798581212f,-0.08983974763538914f,0.1315884632454357f,-0.05808911692202118f,0.9691945618813324f,0.2393481892868043f,4.498142677899021f,0.07810515902838613f,0.24343031878386218f,-0.9667684645404698f,4.753828541105065f,0f,0f,0f,1f], start_interpolation: 0, interpolation_duration: 1 }
$data merge entity $(bone_crest_middle4) { transformation: [-0.9952513444494161f,-0.03746439798581212f,-0.08983974763538914f,0.15683302829446924f,-0.05808911692202118f,0.9691945618813324f,0.2393481892868043f,3.845072123506326f,0.07810515902838613f,0.24343031878386218f,-0.9667684645404698f,4.589798345830783f,0f,0f,0f,1f], start_interpolation: 0, interpolation_duration: 1 }
$data merge entity $(bone_crest_middle1) { transformation: [-0.9952513444494161f,-0.03746439798581212f,-0.08983974763538914f,0.18333355295485715f,-0.05808911692202118f,0.9691945618813324f,0.2393481892868043f,3.3351091789948906f,0.07810515902838613f,0.24343031878386218f,-0.9667684645404698f,4.548205519528793f,0f,0f,0f,1f], start_interpolation: 0, interpolation_duration: 1 }
$data merge entity $(bone_crest_left5) { transformation: [-0.5202996291854113f,-0.8538382676281324f,0.015764155648598538f,-0.9472146985137408f,-0.7855543593695778f,0.48576690334483613f,0.3833208370154442f,3.81656943012333f,-0.3349517044962982f,0.18705808816664f,-0.9234807130127115f,4.641571377360262f,0f,0f,0f,1f], start_interpolation: 0, interpolation_duration: 1 }
$data merge entity $(bone_crest_left4) { transformation: [-0.5202996291854113f,-0.8538382676281324f,0.015764155648598538f,-0.467764499406147f,-0.7855543593695778f,0.48576690334483613f,0.3833208370154442f,3.5437999287334074f,-0.3349517044962982f,0.18705808816664f,-0.9234807130127115f,4.536533876680752f,0f,0f,0f,1f], start_interpolation: 0, interpolation_duration: 1 }
$data merge entity $(bone_crest_left1) { transformation: [-0.5202996291854113f,-0.8538382676281324f,0.015764155648598538f,0.06051591389911411f,-0.7855543593695778f,0.48576690334483613f,0.3833208370154442f,3.265277840611122f,-0.3349517044962982f,0.18705808816664f,-0.9234807130127115f,4.369137019489707f,0f,0f,0f,1f], start_interpolation: 0, interpolation_duration: 1 }
$data merge entity $(bone_crest_center1) { transformation: [-0.9952513444494161f,-0.017131461868200238f,-0.0958189667335655f,0.1727682848327231f,-0.05808911692202118f,0.8944163512010781f,0.4434467783165974f,3.2466900549609448f,0.07810515902838613f,0.44690704147328897f,-0.8911642275219211f,4.347818165711552f,0f,0f,0f,1f], start_interpolation: 0, interpolation_duration: 1 }
$data merge entity $(bone_crest_right5) { transformation: [-0.5491966859732308f,0.8105725378272357f,-0.2033596839010499f,1.2513043225651908f,0.7231318398267482f,0.5829123675771493f,0.3705313940199732f,3.9448888030967897f,0.4188834472079347f,0.05643875127885846f,-0.9062843510782256f,4.469036390368311f,0f,0f,0f,1f], start_interpolation: 0, interpolation_duration: 1 }
$data merge entity $(bone_crest_right4) { transformation: [-0.5491966859732308f,0.8105725378272357f,-0.2033596839010499f,0.7961488447813425f,0.7231318398267482f,0.5829123675771493f,0.3705313940199732f,3.617569846693605f,0.4188834472079347f,0.05643875127885846f,-0.9062843510782256f,4.437344708741999f,0f,0f,0f,1f], start_interpolation: 0, interpolation_duration: 1 }
$data merge entity $(bone_crest_right1) { transformation: [-0.5491966859732308f,0.8105725378272357f,-0.2033596839010499f,0.2840586963438071f,0.7231318398267482f,0.5829123675771493f,0.3705313940199732f,3.278325200857279f,0.4188834472079347f,0.05643875127885846f,-0.9062843510782256f,4.351593868536066f,0f,0f,0f,1f], start_interpolation: 0, interpolation_duration: 1 }
$data merge entity $(bone_head1) { transformation: [-1.043199651408567f,-0.017956805734246333f,-0.10043524507880233f,0.05142265049951154f,-0.06088768114873311f,0.9375067222875879f,0.4648107507094541f,3.6938440439192726f,0.0818680377836599f,0.46843771925260086f,-0.9340979207749299f,3.13413872960675f,0f,0f,0f,1f], start_interpolation: 0, interpolation_duration: 1 }
$data merge entity $(bone_neck10) { transformation: [-1.4926544052872002f,-0.0643390450411234f,-0.10018780037479065f,-0.0006594437551897883f,-0.08147390968669344f,1.4707116496189425f,0.2693761819454738f,3.44456107866974f,0.08682804904584192f,0.27397447443576334f,-1.4695554290126547f,2.0048881441045046f,0f,0f,0f,1f], start_interpolation: 0, interpolation_duration: 1 }
$data merge entity $(bone_neck9) { transformation: [-1.141880620044709f,0.030842655768862914f,-0.08570605958723998f,-0.03734838921066574f,-0.062327540910320514f,0.5214255542814517f,1.0180465694087328f,2.8800006770670548f,0.06642345752006912f,1.0194862777035996f,-0.5180963253717161f,0.8444237510934327f,0f,0f,0f,1f], start_interpolation: 0, interpolation_duration: 1 }
$data merge entity $(bone_neck8) { transformation: [-1.0597846277539122f,0.044722537600255484f,-0.07173963203149346f,-0.08601746560695168f,-0.057846475877552345f,0.27427895281589415f,1.0255315590793308f,2.658921352537689f,0.06164791482254777f,1.0261876475916716f,-0.2709770911446605f,-0.19968940359246923f,0f,0f,0f,1f], start_interpolation: 0, interpolation_duration: 1 }
$data merge entity $(bone_neck7) { transformation: [-1.0536159725999943f,0.006327268129251016f,-0.06542140944822729f,-0.09241204509927983f,-0.06391864538845976f,0.14612372115646527f,1.0435462988009185f,2.5112431237093467f,0.015310189674735304f,1.0454828724792253f,-0.14545712185628962f,-1.2562944342895586f,0f,0f,0f,1f], start_interpolation: 0, interpolation_duration: 1 }
$data merge entity $(bone_neck6) { transformation: [-1.0485040496482598f,0.0005613697577148193f,-0.04955254735134495f,-0.09366514257662839f,-0.04919248593981043f,-0.13864178151549422f,1.0393147107392853f,2.654022203651933f,-0.005989107786115847f,1.0404780889072185f,0.1385134986408227f,-2.209655152927379f,0f,0f,0f,1f], start_interpolation: 0, interpolation_duration: 1 }
$data merge entity $(bone_neck_spine6) { transformation: [-1.2445122228962522f,-0.2333462740503429f,0.12932212480995706f,0.46305743756697276f,0.02843862920044405f,0.49742341403777873f,1.1712158469099152f,3.4063848045056773f,-0.26526579113737886f,1.1480874670819f,-0.4811596372290986f,-6.073888018417686f,0f,0f,0f,1f], start_interpolation: 0, interpolation_duration: 1 }
$data merge entity $(bone_neck_spine7) { transformation: [-0.9952809562180276f,-0.08282060035682257f,0.05056249940682097f,1.0868975271751553f,0.033905954476093465f,0.19140293766828886f,0.980925737098897f,2.692221565203775f,-0.09091866937430607f,0.9780110754017485f,-0.1876915873200529f,-9.295360428408863f,0f,0f,0f,1f], start_interpolation: 0, interpolation_duration: 1 }
$data merge entity $(bone_tail6) { transformation: [-1.5088268245401752f,0.8289497566110453f,0.03982275843821616f,0.029858036914319264f,-0.3085005815108454f,-0.6369382846349005f,1.5698531620189664f,3.9034798130968005f,0.7704355536205538f,1.3683763590869167f,0.7065954536625257f,-12.508568820221136f,0f,0f,0f,1f], start_interpolation: 0, interpolation_duration: 1 }
$data merge entity $(bone_tail5) { transformation: [-1.2464221594027534f,0.6686686503033826f,0.15130887571806872f,0.45217507921119243f,-0.25484830646548096f,-0.7433658318292243f,1.1857655417410125f,3.433985603520448f,0.6364467616865445f,1.0118645242274944f,0.7711329608883363f,-11.869496489130087f,0f,0f,0f,1f], start_interpolation: 0, interpolation_duration: 1 }
$data merge entity $(bone_tail4) { transformation: [-0.9081026923764011f,0.5011350893523289f,0.1512888639118526f,0.6669472603621905f,-0.18072286792240785f,-0.5844399701913738f,0.851142975226712f,3.183511330581288f,0.4912880449734202f,0.7113147977426821f,0.5927415232659639f,-11.56464729009751f,0f,0f,0f,1f], start_interpolation: 0, interpolation_duration: 1 }
$data merge entity $(bone_segment18) { transformation: [-0.9213567233182878f,0.36092815672778256f,0.14433521426621465f,0.8696168796185137f,-0.09816283572706933f,-0.5753122087987199f,0.8120221179802669f,2.860460041460913f,0.37611945719174f,0.7339936839566288f,0.5654975029419382f,-11.152492633578895f,0f,0f,0f,1f], start_interpolation: 0, interpolation_duration: 1 }
$data merge entity $(bone_segment17) { transformation: [-0.971253564418527f,0.2234151277564591f,0.08217173658790593f,1.032705559304015f,-0.025869826309816307f,-0.44220951893577987f,0.8965386179352711f,2.53765572954246f,0.23663741397126326f,0.8686405597553866f,0.43527728203622307f,-10.518401990593395f,0f,0f,0f,1f], start_interpolation: 0, interpolation_duration: 1 }
$data merge entity $(bone_segment16) { transformation: [-0.9964965499320325f,0.07125183137012617f,0.043792721997610855f,1.1007218338785252f,0.021567528894311155f,-0.28698234086290025f,0.9576930498496078f,2.263705301619135f,0.08080512156385858f,0.9552823208660638f,0.2844401866294507f,-9.60649918918072f,0f,0f,0f,1f], start_interpolation: 0, interpolation_duration: 1 }
$data merge entity $(bone_segment15) { transformation: [-0.9952809562180276f,-0.0930850946478907f,0.027404075319603767f,0.9909559629924627f,0.033905954476093465f,-0.06900122187102586f,0.9970402286925892f,2.182339114696026f,-0.09091866937430607f,0.9932643135312467f,0.07183174106554106f,-8.435242686652419f,0f,0f,0f,1f], start_interpolation: 0, interpolation_duration: 1 }
$data merge entity $(bone_segment14) { transformation: [-1.0148176166308154f,-0.25801182904668085f,0.047437317303051604f,0.7006926553149468f,0.01307118463255843f,0.13957173605919357f,1.0387608351545108f,2.3393573177626186f,-0.2620105859182519f,1.006292613801066f,-0.13191219163278742f,-7.303163496126221f,0f,0f,0f,1f], start_interpolation: 0, interpolation_duration: 1 }
$data merge entity $(bone_segment13) { transformation: [-1.0029304384516855f,-0.20329008614316368f,0.06998062822098101f,0.4539387267720232f,0.0229181894144755f,0.23087476704060375f,0.9991322286670055f,2.5900700087301027f,-0.21377301991659356f,0.9785006870938007f,-0.22120378192039952f,-6.118622496601424f,0f,0f,0f,1f], start_interpolation: 0, interpolation_duration: 1 }
$data merge entity $(bone_segment12) { transformation: [-1.085605682334823f,-0.24869390452727716f,0.06391811578103249f,0.15350313741021182f,0.020740282031460614f,0.19185739349788136f,1.0987422183811504f,2.8218440411436507f,-0.2559375399883249f,1.0704279348012424f,-0.18208210569286581f,-4.825488078720729f,0f,0f,0f,1f], start_interpolation: 0, interpolation_duration: 1 }
$data merge entity $(bone_segment11) { transformation: [-1.1750541361380904f,-0.1886120309225447f,0.028215595286759772f,-0.06446837035956861f,0.024166458138843022f,0.02744223687153175f,1.1898679535216745f,2.853557955246615f,-0.18917346623439746f,1.1750724515144193f,-0.023258853069390358f,-3.467503051241154f,0f,0f,0f,1f], start_interpolation: 0, interpolation_duration: 1 }
$data merge entity $(bone_segment10) { transformation: [-1.0478948276848732f,-0.024056733224668257f,-0.0035918968554998192f,-0.09488606057658366f,-1.8182973934392313e-18f,-0.15478686612371217f,1.0366852097434271f,2.673641352858133f,-0.02432340717217485f,1.0364060486543538f,0.15474518474375687f,-2.1570558748688313f,0f,0f,0f,1f], start_interpolation: 0, interpolation_duration: 1 }