# This file was generated by Animated Java via MC-Build. It is not recommended to edit this file directly.
$data merge entity $(bone_neck_spine5) { transformation: [-1.3628583700448351f,0.009081926819494131f,-0.10833393725066565f,-0.003089814705091183f,-0.07438922188785053f,0.9156074599015654f,1.0125862349428685f,3.145106103374312f,0.0792777839114209f,1.0152744250369452f,-0.9122140839738473f,0.49149654755184474f,0f,0f,0f,1f], start_interpolation: 0, interpolation_duration: 1 }
$data merge entity $(bone_neck_spine2) { transformation: [-1.2979603524236523f,-0.06683978059264696f,-0.07907195590751225f,-0.02974428964729492f,-0.07084687798842906f,1.2985131781577557f,0.06530890425035246f,3.909798444053689f,0.07550265134421037f,0.06940444384487113f,-1.298038281314932f,2.4349539782190543f,0f,0f,0f,1f], start_interpolation: 0, interpolation_duration: 1 }
$data merge entity $(bone_scale_neck_left1) { transformation: [-1.3950349312961297f,0.3234773594521431f,-0.026445354757491178f,0.6901536039323644f,0.28882215162125935f,1.2905467715587664f,0.550027466182271f,3.1664891726879776f,0.14804973353318437f,0.5303874496477947f,-1.3222064317116442f,2.324252617492741f,0f,0f,0f,1f], start_interpolation: 0, interpolation_duration: 1 }
$data merge entity $(bone_scale_neck_right1) { transformation: [-1.363178605695457f,-0.3980650315270386f,-0.1864074517082011f,-0.6727047661124705f,-0.4393743757754025f,1.2511626519731964f,0.541296217077259f,3.092099950800127f,0.012396180417493652f,0.5723597359926301f,-1.312901399850073f,2.403530401404162f,0f,0f,0f,1f], start_interpolation: 0, interpolation_duration: 1 }
$data merge entity $(bone_blush_right1) { transformation: [-0.9952513444494161f,-0.017131461868200238f,-0.0958189667335655f,-0.45852966453966976f,-0.05808911692202118f,0.8944163512010781f,0.4434467783165974f,2.5263203535539707f,0.07810515902838613f,0.44690704147328897f,-0.8911642275219211f,3.434529521815966f,0f,0f,0f,1f], start_interpolation: 0, interpolation_duration: 1 }
$data merge entity $(bone_blush_left1) { transformation: [-0.9952513444494161f,-0.017131461868200238f,-0.0958189667335655f,0.688342001915712f,-0.05808911692202118f,0.8944163512010781f,0.4434467783165974f,2.5932589843820812f,0.07810515902838613f,0.44690704147328897f,-0.8911642275219211f,3.3445255299668495f,0f,0f,0f,1f], start_interpolation: 0, interpolation_duration: 1 }
$data merge entity $(bone_left_head_scales) { transformation: [-0.8385544492509842f,-0.017131461868200238f,-0.5445483896364371f,0.6544361668311575f,-0.2562866109308215f,0.8944163512010781f,0.36651952712201225f,3.3131397381523255f,0.48077396840820363f,0.44690704147328897f,-0.7544073750849866f,3.322846863692124f,0f,0f,0f,1f], start_interpolation: 0, interpolation_duration: 1 }
$data merge entity $(bone_left_head_scales2) { transformation: [-0.7603026719132288f,-0.017131461868200238f,-0.6493430219043426f,0.681856102870801f,-0.3019344416958022f,0.8944163512010781f,0.329931786316496f,2.549418939609013f,0.5751308025131756f,0.44690704147328897f,-0.6851997199956685f,3.104242372432023f,0f,0f,0f,1f], start_interpolation: 0, interpolation_duration: 1 }
$data merge entity $(bone_left_head_scales1) { transformation: [-0.9952513444494161f,-0.017131461868200238f,-0.0958189667335655f,0.6561091611542239f,-0.05808911692202118f,0.8944163512010781f,0.4434467783165974f,3.225794391355345f,0.07810515902838613f,0.44690704147328897f,-0.8911642275219211f,3.279203597923248f,0f,0f,0f,1f], start_interpolation: 0, interpolation_duration: 1 }
$data merge entity $(bone_right_head_scales) { transformation: [-0.9270429992726597f,-0.017131461868200238f,0.37456346660320466f,-0.5118740024455021f,0.1532352589316432f,0.8944163512010781f,0.4201646654875943f,3.2450665542593318f,-0.34221372403763106f,0.44690704147328897f,-0.8265372728207047f,3.4143763469285138f,0f,0f,0f,1f], start_interpolation: 0, interpolation_duration: 1 }
$data merge entity $(bone_right_head_scales2) { transformation: [-0.8702216748609847f,-0.017131461868200238f,0.49236241694142446f,-0.4844540664058585f,0.20676680394057034f,0.8944163512010781f,0.39656888366632026f,2.481345755716019f,-0.44717080113793695f,0.44690704147328897f,-0.7747982775479354f,3.195771855668413f,0f,0f,0f,1f], start_interpolation: 0, interpolation_duration: 1 }
$data merge entity $(bone_right_head_scales1) { transformation: [-0.9952513444494161f,-0.017131461868200238f,-0.0958189667335655f,-0.5102010081224356f,-0.05808911692202118f,0.8944163512010781f,0.4434467783165974f,3.1577212074623513f,0.07810515902838613f,0.44690704147328897f,-0.8911642275219211f,3.370733081159638f,0f,0f,0f,1f], start_interpolation: 0, interpolation_duration: 1 }
$data merge entity $(bone_head_left_fin1) { transformation: [-0.404949258973365f,0.09077009186614482f,-0.9098224486566234f,0.6553649237280122f,-0.16751334873945328f,0.9708530113730337f,0.1714167678554418f,2.9307284938783957f,0.8988633798587063f,0.22182249825147063f,-0.37794100547368414f,3.050270951991782f,0f,0f,0f,1f], start_interpolation: 0, interpolation_duration: 1 }
$data merge entity $(bone_head_right_fin1) { transformation: [-0.5563896207686657f,-0.16682000231245167f,0.8140034869270366f,-0.5109452455486473f,0.11140357616947716f,0.9558184362557575f,0.2720300721064678f,2.862655309985402f,-0.8234195972391912f,0.24203760811508637f,-0.5132231124378325f,3.141800435228172f,0f,0f,0f,1f], start_interpolation: 0, interpolation_duration: 1 }
$data merge entity $(bone_right_whisker16) { transformation: [-0.17573354772921887f,-0.23875369013975367f,0.9550468028568827f,-0.9417055023033325f,0.95972909895035f,-0.25754350879794996f,0.11221139738899262f,1.948750531839534f,0.21917521947166524f,0.9363055145200694f,0.2743978984045912f,1.4107323121151747f,0f,0f,0f,1f], start_interpolation: 0, interpolation_duration: 1 }
$data merge entity $(bone_right_whisker15) { transformation: [0.30820994108004696f,-0.23153964023940143f,0.9227112371794564f,-1.0320013834791275f,0.5075573676912901f,0.8603699246382369f,0.046358508175773416f,1.8000520842737262f,-0.8046068298999973f,0.4540407336085646f,0.3826942140958939f,1.6464569693124396f,0f,0f,0f,1f], start_interpolation: 0, interpolation_duration: 1 }
$data merge entity $(bone_right_whisker14) { transformation: [0.5945631985851543f,-0.29874927092257436f,0.7464874252198901f,-1.206189820564622f,-0.10154511069682004f,0.893077131386581f,0.43829422525044337f,1.8298016284231853f,-0.797610928574679f,-0.3363957647140434f,0.5006542680340321f,1.8801320460433026f,0f,0f,0f,1f], start_interpolation: 0, interpolation_duration: 1 }
$data merge entity $(bone_right_whisker13) { transformation: [0.07716938365972714f,-0.41874010251082866f,0.9048213153848658f,-1.2287980384336827f,0.31128817568808664f,0.8722795406283674f,0.3771313758863711f,1.738603920702066f,-0.9471771523333747f,0.2525571807539536f,0.1976621171273189f,2.157625352390971f,0f,0f,0f,1f], start_interpolation: 0, interpolation_duration: 1 }
$data merge entity $(bone_right_whisker12) { transformation: [-0.5213570908105132f,-0.3670934927065989f,0.7703435282223565f,-1.025142924835826f,-0.28198363148657335f,0.9261414814687963f,0.2504938879023353f,1.8487537767515088f,-0.805401772679476f,-0.08662750091774327f,-0.5863647846260074f,2.472235419843891f,0f,0f,0f,1f], start_interpolation: 0, interpolation_duration: 1 }
$data merge entity $(bone_right_whisker11) { transformation: [-0.9238829108471867f,-0.24554952892423398f,0.29350604063565056f,-0.6642511627861437f,-0.20498740438356325f,0.9652206681952258f,0.16226282917800838f,1.9288269815888381f,-0.32314165792825084f,0.08974681350247954f,-0.9420854411238571f,2.598462629972114f,0f,0f,0f,1f], start_interpolation: 0, interpolation_duration: 1 }
$data merge entity $(bone_right_whisker10) { transformation: [-0.5151395511048714f,-0.6129932308664072f,0.5990580454341927f,-0.4630247756358033f,-0.45169507956281696f,0.7881555957325075f,0.4180697453945652f,2.1052703720430634f,-0.7284248746344484f,-0.05522731052205909f,-0.6828961459741064f,2.8830035966261955f,0f,0f,0f,1f], start_interpolation: 0, interpolation_duration: 1 }
$data merge entity $(bone_right_whisker1) { transformation: [0.03541050308891326f,-0.6726439608785103f,0.7391185278185491f,-0.47685700340491005f,-0.6135933741352035f,0.5691358969388591f,0.5473458705726904f,2.3449552838146275f,-0.7888277806266498f,-0.472900024010646f,-0.39257648911054804f,3.1911394484334807f,0f,0f,0f,1f], start_interpolation: 0, interpolation_duration: 1 }
$data merge entity $(bone_left_whisker16) { transformation: [-0.09550817150816462f,0.40957432845919944f,-0.907263500115795f,0.9145075149127171f,-0.9755604686146901f,-0.2197030152520192f,0.0035152760144358947f,2.0570907773369074f,-0.19788875979057968f,0.8854261429144544f,0.42054795706575343f,1.2650607551674933f,0f,0f,0f,1f], start_interpolation: 0, interpolation_duration: 1 }
$data merge entity $(bone_left_whisker15) { transformation: [0.4861476541284333f,0.19825951909324557f,-0.8510896671175937f,1.0569335854581565f,-0.461193671240834f,0.8854557019734812f,-0.05717164900587823f,1.9219754439655692f,0.7422673750023122f,0.42031103117996443f,0.5218982478181086f,1.482521900187702f,0f,0f,0f,1f], start_interpolation: 0, interpolation_duration: 1 }
$data merge entity $(bone_left_whisker14) { transformation: [0.695558597409245f,0.13752573837786733f,-0.7051843084284466f,1.2607105182928964f,0.1768447184482925f,0.9185408799831016f,0.35356554888282526f,1.9737854200734675f,0.696364978389227f,-0.37063367775135f,0.6145783056612718f,1.6865350774501708f,0f,0f,0f,1f], start_interpolation: 0, interpolation_duration: 1 }
$data merge entity $(bone_left_whisker13) { transformation: [0.2589564750693607f,0.34921120262413774f,-0.9005515421015364f,1.3365766730983732f,-0.29166976028264907f,0.9171020002042269f,0.27175848129923774f,1.8883352949906602f,0.9207987266261359f,0.19229003401947184f,0.33934384900934406f,1.9563003293914216f,0f,0f,0f,1f], start_interpolation: 0, interpolation_duration: 1 }
$data merge entity $(bone_left_whisker12) { transformation: [-0.418867786470092f,0.23958285784508943f,-0.8758708989825071f,1.1729564440084936f,0.22710620465972423f,0.9615509221669325f,0.15441047854655748f,1.977048656185865f,0.8791885743472218f,-0.13423814028323355f,-0.4571734598930674f,2.299733366245805f,0f,0f,0f,1f], start_interpolation: 0, interpolation_duration: 1 }
$data merge entity $(bone_left_whisker11) { transformation: [-0.8798393973942984f,0.1432441581149141f,-0.45317076909128584f,0.8292691794013458f,0.09971084621296261f,0.987913108723859f,0.1186820827212581f,2.0159982054878034f,0.4646938582984852f,0.05923513127790089f,-0.8834878704782294f,2.481254404643651f,0f,0f,0f,1f], start_interpolation: 0, interpolation_duration: 1 }
$data merge entity $(bone_left_whisker10) { transformation: [-0.444358699406786f,0.5016594857468699f,-0.7422150002672379f,0.65569156244557f,0.3956927376706989f,0.8532137263684596f,0.3397846295686645f,2.1705656811404204f,0.803724208678684f,-0.14270282932245343f,-0.5776359570587599f,2.795209173658762f,0f,0f,0f,1f], start_interpolation: 0, interpolation_duration: 1 }
$data merge entity $(bone_left_whisker1) { transformation: [0.08642970477101954f,0.5205693912125665f,-0.8494335848468512f,0.6894531658717495f,0.6207047336120344f,0.6387793194864366f,0.454627995913206f,2.4130284677076212f,0.7792660263381226f,-0.5665408104708988f,-0.2679103773021294f,3.0996099651970908f,0f,0f,0f,1f], start_interpolation: 0, interpolation_duration: 1 }
$data merge entity $(bone_upper_left_tooth1) { transformation: [-0.9952513444494161f,-0.02541744469863904f,-0.09396124135313112f,0.443535430397929f,-0.05808911692202118f,0.9296617602863178f,0.36380580803027973f,2.3587812856558092f,0.07810515902838613f,0.36753634509574223f,-0.9267235937251269f,3.989205455548429f,0f,0f,0f,1f], start_interpolation: 0, interpolation_duration: 1 }
$data merge entity $(bone_upper_right_tooth1) { transformation: [-0.9952513444494161f,-0.02541744469863904f,-0.09396124135313112f,-0.13961965424040076f,-0.05808911692202118f,0.9296617602863178f,0.36380580803027973f,2.324744693709312f,0.07810515902838613f,0.36753634509574223f,-0.9267235937251269f,4.034970197166624f,0f,0f,0f,1f], start_interpolation: 0, interpolation_duration: 1 }
$data merge entity $(bone_top_lip1) { transformation: [-0.9952513444494161f,-0.05602122245720066f,-0.07960140706062027f,0.17352593805416974f,-0.05808911692202118f,0.9980252105731179f,0.023902584707588825f,2.4430472085722705f,0.07810515902838613f,0.028413055007945442f,-0.9965401559587381f,4.049662381036404f,0f,0f,0f,1f], start_interpolation: 0, interpolation_duration: 1 }
$data merge entity $(bone_muzzle1) { transformation: [-0.9952513444494161f,-0.02541744469863904f,-0.09396124135313112f,0.123923167173934f,-0.05808911692202118f,0.9296617602863178f,0.36380580803027973f,2.7568676851914966f,0.07810515902838613f,0.36753634509574223f,-0.9267235937251269f,3.6509989580889415f,0f,0f,0f,1f], start_interpolation: 0, interpolation_duration: 1 }
$data merge entity $(bone_jaw_right_tooth1) { transformation: [-0.9952513444494161f,-0.07986801400223552f,-0.0556404682849492f,-0.1394075819929077f,-0.05808911692202118f,0.9460120911814046f,-0.3188836430954174f,2.3498844774618206f,0.07810515902838613f,-0.3141372688458417f,-0.9461592680174019f,4.056369718632603f,0f,0f,0f,1f], start_interpolation: 0, interpolation_duration: 1 }
$data merge entity $(bone_jaw_left_tooth1) { transformation: [-0.9952513444494161f,-0.07986801400223552f,-0.0556404682849492f,0.4923437596986162f,-0.05808911692202118f,0.9460120911814046f,-0.3188836430954174f,2.3867574520705253f,0.07810515902838613f,-0.3141372688458417f,-0.9461592680174019f,4.006791248546225f,0f,0f,0f,1f], start_interpolation: 0, interpolation_duration: 1 }
$data merge entity $(bone_tongue1) { transformation: [-0.9952513444494161f,-0.048870325036354495f,-0.08418107092732184f,0.11799893188748208f,-0.05808911692202118f,0.9921441758110593f,0.11079525666477663f,2.438671426016854f,0.07810515902838613f,0.115159132225955f,-0.9902716588886686f,3.3388576969955355f,0f,0f,0f,1f], start_interpolation: 0, interpolation_duration: 1 }
$data merge entity $(bone_jaw_lips1) { transformation: [-0.9952513444494161f,-0.048870325036354495f,-0.08418107092732184f,0.23785000191190103f,-0.05808911692202118f,0.9921441758110593f,0.11079525666477663f,2.2435268828353543f,0.07810515902838613f,0.115159132225955f,-0.9902716588886686f,4.095760827663947f,0f,0f,0f,1f], start_interpolation: 0, interpolation_duration: 1 }
$data merge entity $(bone_jaw3) { transformation: [-0.9952513444494161f,-0.06899277348487307f,-0.06866409963361293f,0.18925937728510678f,-0.05808911692202118f,0.9870136053500502f,-0.14976580834461206f,2.054231001076275f,0.07810515902838613f,-0.14506598519556668f,-0.9863343470002401f,3.3358121144906954f,0f,0f,0f,1f], start_interpolation: 0, interpolation_duration: 1 }
$data merge entity $(bone_jaw1) { transformation: [-0.9952513444494161f,-0.00023240750902472906f,-0.09733810845901762f,0.11321398005149927f,-0.05808911692202118f,0.8038244321367632f,0.5920235947960434f,2.5167494345106842f,0.07810515902838613f,0.5948665634297826f,-0.8000208471323674f,2.7107958276685333f,0f,0f,0f,1f], start_interpolation: 0, interpolation_duration: 1 }
$data merge entity $(bone_tear_right1) { transformation: [-0.9952513444494161f,-0.017131461868200238f,-0.0958189667335655f,-0.4073672987441408f,-0.05808911692202118f,0.8944163512010781f,0.4434467783165974f,2.7958906355051276f,0.07810515902838613f,0.44690704147328897f,-0.8911642275219211f,3.661792204473392f,0f,0f,0f,1f], start_interpolation: 0, interpolation_duration: 1 }
$data merge entity $(bone_right_pupil1) { transformation: [-0.9952513444494161f,-0.017131461868200238f,-0.0958189667335655f,-0.2430585632256669f,-0.05808911692202118f,0.8944163512010781f,0.4434467783165974f,2.866612817267557f,0.07810515902838613f,0.44690704147328897f,-0.8911642275219211f,3.745066844661489f,0f,0f,0f,1f], start_interpolation: 0, interpolation_duration: 1 }
$data merge entity $(bone_right_sad_pupil1) { transformation: [-0.9952513444494161f,-0.017131461868200238f,-0.0958189667335655f,-0.2439942953226744f,-0.05808911692202118f,0.8944163512010781f,0.4434467783165974f,2.870943352212055f,0.07810515902838613f,0.44690704147328897f,-0.8911642275219211f,3.7363640690020956f,0f,0f,0f,1f], start_interpolation: 0, interpolation_duration: 1 }
$data merge entity $(bone_right_happy_pupil1) { transformation: [-0.9952513444494161f,-0.017131461868200238f,-0.0958189667335655f,-0.26787386960604154f,-0.05808911692202118f,0.8944163512010781f,0.4434467783165974f,2.847689121839665f,0.07810515902838613f,0.44690704147328897f,-0.8911642275219211f,3.727360232044556f,0f,0f,0f,1f], start_interpolation: 0, interpolation_duration: 1 }
$data merge entity $(bone_eyelid_right1) { transformation: [-0.9952513444494161f,-0.017131461868200238f,-0.0958189667335655f,0.08424708731412514f,-0.05808911692202118f,0.8944163512010781f,0.4434467783165974f,3.0656375906903173f,0.07810515902838613f,0.44690704147328897f,-0.8911642275219211f,3.250037919535099f,0f,0f,0f,1f], start_interpolation: 0, interpolation_duration: 1 }
$data merge entity $(bone_eyelid_expressions_right5) { transformation: [-0.9952513444494161f,-0.017131461868200238f,-0.0958189667335655f,-0.3574383698520422f,-0.05808911692202118f,0.8944163512010781f,0.4434467783165974f,2.9517650370388058f,0.07810515902838613f,0.44690704147328897f,-0.8911642275219211f,3.78877888583993f,0f,0f,0f,1f], start_interpolation: 0, interpolation_duration: 1 }
$data merge entity $(bone_eyelid_expressions_right7) { transformation: [-0.9952513444494161f,-0.017131461868200238f,-0.0958189667335655f,-0.06586082753287736f,-0.05808911692202118f,0.8944163512010781f,0.4434467783165974f,2.968783333012054f,0.07810515902838613f,0.44690704147328897f,-0.8911642275219211f,3.7658965150308323f,0f,0f,0f,1f], start_interpolation: 0, interpolation_duration: 1 }
$data merge entity $(bone_eyelid_expressions_right6) { transformation: [-0.9952513444494161f,-0.017131461868200238f,-0.0958189667335655f,-0.16305334163926566f,-0.05808911692202118f,0.8944163512010781f,0.4434467783165974f,2.963110567687638f,0.07810515902838613f,0.44690704147328897f,-0.8911642275219211f,3.7735239719671982f,0f,0f,0f,1f], start_interpolation: 0, interpolation_duration: 1 }
$data merge entity $(bone_right_eye1) { transformation: [-0.9952513444494161f,-0.017131461868200238f,-0.0958189667335655f,0.07546356800049378f,-0.05808911692202118f,0.8944163512010781f,0.4434467783165974f,3.0607397792133777f,0.07810515902838613f,0.44690704147328897f,-0.8911642275219211f,3.259503440888129f,0f,0f,0f,1f], start_interpolation: 0, interpolation_duration: 1 }
$data merge entity $(bone_tear_left1) { transformation: [-0.9952513444494161f,-0.017131461868200238f,-0.0958189667335655f,0.6423118536048527f,-0.05808911692202118f,0.8944163512010781f,0.4434467783165974f,2.857156501008822f,0.07810515902838613f,0.44690704147328897f,-0.8911642275219211f,3.579415669560641f,0f,0f,0f,1f], start_interpolation: 0, interpolation_duration: 1 }
$data merge entity $(bone_left_sad_pupil1) { transformation: [-0.9952513444494161f,-0.017131461868200238f,-0.0958189667335655f,0.48494956047523785f,-0.05808911692202118f,0.8944163512010781f,0.4434467783165974f,2.913489092145176f,0.07810515902838613f,0.44690704147328897f,-0.8911642275219211f,3.6791581419793515f,0f,0f,0f,1f], start_interpolation: 0, interpolation_duration: 1 }
$data merge entity $(bone_left_pupil1) { transformation: [-0.9952513444494161f,-0.017131461868200238f,-0.0958189667335655f,0.48588529257224533f,-0.05808911692202118f,0.8944163512010781f,0.4434467783165974f,2.909158557200678f,0.07810515902838613f,0.44690704147328897f,-0.8911642275219211f,3.6878609176387456f,0f,0f,0f,1f], start_interpolation: 0, interpolation_duration: 1 }
$data merge entity $(bone_eyelid_left1) { transformation: [-0.9952513444494161f,-0.017131461868200238f,-0.0958189667335655f,0.06480858449284747f,-0.05808911692202118f,0.8944163512010781f,0.4434467783165974f,3.064503037625434f,0.07810515902838613f,0.44690704147328897f,-0.8911642275219211f,3.251563410922372f,0f,0f,0f,1f], start_interpolation: 0, interpolation_duration: 1 }
$data merge entity $(bone_left_happy_pupil1) { transformation: [-0.9952513444494161f,-0.017131461868200238f,-0.0958189667335655f,0.5096662432450648f,-0.05808911692202118f,0.8944163512010781f,0.4434467783165974f,2.893071244434994f,0.07810515902838613f,0.44690704147328897f,-0.8911642275219211f,3.6663405765536297f,0f,0f,0f,1f], start_interpolation: 0, interpolation_duration: 1 }
$data merge entity $(bone_eyelid_expressions_left5) { transformation: [-0.9952513444494161f,-0.017131461868200238f,-0.0958189667335655f,0.595048268390563f,-0.05808911692202118f,0.8944163512010781f,0.4434467783165974f,3.007358137218084f,0.07810515902838613f,0.44690704147328897f,-0.8911642275219211f,3.7140298078635445f,0f,0f,0f,1f], start_interpolation: 0, interpolation_duration: 1 }
$data merge entity $(bone_eyelid_expressions_left7) { transformation: [-0.9952513444494161f,-0.017131461868200238f,-0.0958189667335655f,0.3034707260713982f,-0.05808911692202118f,0.8944163512010781f,0.4434467783165974f,2.9903398412448357f,0.07810515902838613f,0.44690704147328897f,-0.8911642275219211f,3.7369121786726422f,0f,0f,0f,1f], start_interpolation: 0, interpolation_duration: 1 }
$data merge entity $(bone_eyelid_expressions_left6) { transformation: [-0.9952513444494161f,-0.017131461868200238f,-0.0958189667335655f,0.4006632401777865f,-0.05808911692202118f,0.8944163512010781f,0.4434467783165974f,2.9960126065692516f,0.07810515902838613f,0.44690704147328897f,-0.8911642275219211f,3.7292847217362763f,0f,0f,0f,1f], start_interpolation: 0, interpolation_duration: 1 }
$data merge entity $(bone_left_eye1) { transformation: [-0.9952513444494161f,-0.017131461868200238f,-0.0958189667335655f,0.07546356800049378f,-0.05808911692202118f,0.8944163512010781f,0.4434467783165974f,3.0607397792133777f,0.07810515902838613f,0.44690704147328897f,-0.8911642275219211f,3.259503440888129f,0f,0f,0f,1f], start_interpolation: 0, interpolation_duration: 1 }
$data merge entity $(bone_crest_middle5) { transformation: [-0.9952513444494161f,-0.03746439798581212f,-0.08983974763538914f,0.09454420221437594f,-0.05808911692202118f,0.9691945618813324f,0.2393481892868043f,3.954636644266408f,0.07810515902838613f,0.24343031878386218f,-0.9667684645404698f,4.167455069779048f,0f,0f,0f,1f], start_interpolation: 0, interpolation_duration: 1 }
$data merge entity $(bone_crest_middle4) { transformation: [-0.9952513444494161f,-0.03746439798581212f,-0.08983974763538914f,0.11649599790918773f,-0.05808911692202118f,0.9691945618813324f,0.2393481892868043f,3.386749205664065f,0.07810515902838613f,0.24343031878386218f,-0.9667684645404698f,4.0248201173666285f,0f,0f,0f,1f], start_interpolation: 0, interpolation_duration: 1 }
$data merge entity $(bone_crest_middle1) { transformation: [-0.9952513444494161f,-0.03746439798581212f,-0.08983974763538914f,0.13953993239648158f,-0.05808911692202118f,0.9691945618813324f,0.2393481892868043f,2.9433031669584686f,0.07810515902838613f,0.24343031878386218f,-0.9667684645404698f,3.9886524423214196f,0f,0f,0f,1f], start_interpolation: 0, interpolation_duration: 1 }
$data merge entity $(bone_crest_left5) { transformation: [-0.5202996291854113f,-0.8538382676281324f,0.015764155648598538f,-0.8435455036631696f,-0.7855543593695778f,0.48576690334483613f,0.3833208370154442f,3.3619642548962423f,-0.3349517044962982f,0.18705808816664f,-0.9234807130127115f,4.069840144783567f,0f,0f,0f,1f], start_interpolation: 0, interpolation_duration: 1 }
$data merge entity $(bone_crest_left4) { transformation: [-0.5202996291854113f,-0.8538382676281324f,0.015764155648598538f,-0.4266322870478706f,-0.7855543593695778f,0.48576690334483613f,0.3833208370154442f,3.1247733841223964f,-0.3349517044962982f,0.18705808816664f,-0.9234807130127115f,3.97850318767095f,0f,0f,0f,1f], start_interpolation: 0, interpolation_duration: 1 }
$data merge entity $(bone_crest_left1) { transformation: [-0.5202996291854113f,-0.8538382676281324f,0.015764155648598538f,0.03274198539148761f,-0.7855543593695778f,0.48576690334483613f,0.3833208370154442f,2.882580264016061f,-0.3349517044962982f,0.18705808816664f,-0.9234807130127115f,3.832940703156997f,0f,0f,0f,1f], start_interpolation: 0, interpolation_duration: 1 }
$data merge entity $(bone_crest_center1) { transformation: [-0.9952513444494161f,-0.017131461868200238f,-0.0958189667335655f,0.13035274272506067f,-0.05808911692202118f,0.8944163512010781f,0.4434467783165974f,2.8664169721463417f,0.07810515902838613f,0.44690704147328897f,-0.8911642275219211f,3.8144025694368624f,0f,0f,0f,1f], start_interpolation: 0, interpolation_duration: 1 }
$data merge entity $(bone_crest_right5) { transformation: [-0.5491966859732308f,0.8105725378272357f,-0.2033596839010499f,1.0682101668402506f,0.7231318398267482f,0.5829123675771493f,0.3705313940199732f,3.4735463183514246f,0.4188834472079347f,0.05643875127885846f,-0.9062843510782256f,3.9198097213123044f,0f,0f,0f,1f], start_interpolation: 0, interpolation_duration: 1 }
$data merge entity $(bone_crest_right4) { transformation: [-0.5491966859732308f,0.8105725378272357f,-0.2033596839010499f,0.6724227948542956f,0.7231318398267482f,0.5829123675771493f,0.3705313940199732f,3.188921138870395f,0.4188834472079347f,0.05643875127885846f,-0.9062843510782256f,3.8922517372894245f,0f,0f,0f,1f], start_interpolation: 0, interpolation_duration: 1 }
$data merge entity $(bone_crest_right1) { transformation: [-0.5491966859732308f,0.8105725378272357f,-0.2033596839010499f,0.22712701360426418f,0.7231318398267482f,0.5829123675771493f,0.3705313940199732f,2.8939257946648933f,0.4188834472079347f,0.05643875127885846f,-0.9062843510782256f,3.817685789284265f,0f,0f,0f,1f], start_interpolation: 0, interpolation_duration: 1 }
$data merge entity $(bone_head1) { transformation: [-0.9952513444494161f,-0.017131461868200238f,-0.0958189667335655f,0.024834799826615843f,-0.05808911692202118f,0.8944163512010781f,0.4434467783165974f,3.255246527762279f,0.07810515902838613f,0.44690704147328897f,-0.8911642275219211f,2.7590291467370345f,0f,0f,0f,1f], start_interpolation: 0, interpolation_duration: 1 }
$data merge entity $(bone_neck10) { transformation: [-1.2979603524236523f,-0.05594699568793338f,-0.08711982641286144f,-0.02045397778616792f,-0.07084687798842906f,1.2788796953208197f,0.23424015821345548f,3.03847873189312f,0.07550265134421037f,0.2382386734224029f,-1.2778742860979606f,1.7770721158655167f,0f,0f,0f,1f], start_interpolation: 0, interpolation_duration: 1 }
$data merge entity $(bone_neck9) { transformation: [-0.996833550661365f,0.026924875965315946f,-0.07481927111452147f,-0.052563620233950795f,-0.05441040229511353f,0.45519161771884586f,0.8887294859970519f,2.5671095769702714f,0.057986036232353565f,0.8899863157446594f,-0.4522852831889489f,0.7827749024894955f,0f,0f,0f,1f], start_interpolation: 0, interpolation_duration: 1 }
$data merge entity $(bone_neck8) { transformation: [-0.996833550661365f,0.042066024344147225f,-0.06747830667506059f,-0.0948845562307212f,-0.05441040229511353f,0.2579868166106634f,0.9646151100709444f,2.374866686075171f,0.057986036232353565f,0.9652322270060059f,-0.2548810851183089f,-0.1251495798460719f,0f,0f,0f,1f], start_interpolation: 0, interpolation_duration: 1 }
$data merge entity $(bone_neck7) { transformation: [-0.998059903739495f,0.005993637894868677f,-0.06197180691487951f,-0.1004450601370935f,-0.06054828203310157f,0.13841877008716044f,0.9885211933137286f,2.2464508349200902f,0.014502899377362582f,0.9903556534863337f,-0.13778731987126788f,-1.043936563060932f,0f,0f,0f,1f], start_interpolation: 0, interpolation_duration: 1 }
$data merge entity $(bone_neck6) { transformation: [-0.9988849595358974f,0.0005348036642374016f,-0.04720753751266256f,-0.10162765127198889f,-0.046864515539011865f,-0.13208073956943445f,0.9901304941360431f,2.371816926735847f,-0.005705681051587138f,0.9912388169456602f,0.13195852751491888f,-1.8666163829803304f,0f,0f,0f,1f], start_interpolation: 0, interpolation_duration: 1 }
$data merge entity $(bone_neck_spine6) { transformation: [-1.082184541648915f,-0.20290980352203733f,0.11245402157387571f,0.38300045107506736f,0.02472924278299483f,0.43254209916328595f,1.0184485625303614f,3.0273401676313108f,-0.23066590533685125f,0.9983369278973044f,-0.41839968454704235f,-5.24928647513868f,0f,0f,0f,1f], start_interpolation: 0, interpolation_duration: 1 }
$data merge entity $(bone_neck_spine7) { transformation: [-0.9952809562180276f,-0.08282060035682257f,0.05056249940682097f,0.9254700942126175f,0.033905954476093465f,0.19140293766828886f,0.980925737098897f,2.406328655194874f,-0.09091866937430607f,0.9780110754017485f,-0.1876915873200529f,-8.050566831652747f,0f,0f,0f,1f], start_interpolation: 0, interpolation_duration: 1 }
$data merge entity $(bone_tail6) { transformation: [-1.3120233256871088f,0.7208258753139524f,0.03462848559844883f,0.006305320072759801f,-0.26826137522682203f,-0.5538593779433917f,1.3650897061034488f,3.4595966968409835f,0.6699439596700467f,1.1898924861625362f,0.6144308292717615f,-10.844661085402548f,0f,0f,0f,1f], start_interpolation: 0, interpolation_duration: 1 }
$data merge entity $(bone_tail5) { transformation: [-1.0838453560023942f,0.5814510002638109f,0.13157293540701628f,0.37353753076569346f,-0.22160722301346172f,-0.6464050711558472f,1.0311004710791412f,3.0513408624267635f,0.5534319666839517f,0.87988219498043f,0.6705504007724664f,-10.288946014888591f,0f,0f,0f,1f], start_interpolation: 0, interpolation_duration: 1 }
$data merge entity $(bone_tail4) { transformation: [-0.8663638108634485f,0.478101551083961f,0.14433521426621465f,0.5602959491578657f,-0.1724163510116885f,-0.5575775119341306f,0.8120221179802669f,2.833537146827494f,0.46870710377588415f,0.6786208256725217f,0.5654975029419382f,-10.023859754860263f,0f,0f,0f,1f], start_interpolation: 0, interpolation_duration: 1 }
$data merge entity $(bone_segment18) { transformation: [-0.9213567233182878f,0.36092815672778256f,0.14433521426621465f,0.7365304006851033f,-0.09816283572706933f,-0.5753122087987199f,0.8120221179802669f,2.552622982374994f,0.37611945719174f,0.7339936839566288f,0.5654975029419382f,-9.665464401365815f,0f,0f,0f,1f], start_interpolation: 0, interpolation_duration: 1 }
$data merge entity $(bone_segment17) { transformation: [-0.971253564418527f,0.2234151277564591f,0.08217173658790593f,0.8783466438898869f,-0.025869826309816307f,-0.44220951893577987f,0.8965386179352711f,2.2719235807067744f,0.23663741397126326f,0.8686405597553866f,0.43527728203622307f,-9.114081233552337f,0f,0f,0f,1f], start_interpolation: 0, interpolation_duration: 1 }
$data merge entity $(bone_segment16) { transformation: [-0.9964965499320325f,0.07125183137012617f,0.043792721997610855f,0.9374912304764175f,0.021567528894311155f,-0.28698234086290025f,0.9576930498496078f,2.0337058172951874f,0.08080512156385858f,0.9552823208660638f,0.2844401866294507f,-8.321122275802187f,0f,0f,0f,1f], start_interpolation: 0, interpolation_duration: 1 }
$data merge entity $(bone_segment15) { transformation: [-0.9952809562180276f,-0.0930850946478907f,0.027404075319603767f,0.8420426470972326f,0.033905954476093465f,-0.06900122187102586f,0.9970402286925892f,1.9629526112750924f,-0.09091866937430607f,0.9932643135312467f,0.07183174106554106f,-7.302638360560187f,0f,0f,0f,1f], start_interpolation: 0, interpolation_duration: 1 }
$data merge entity $(bone_segment14) { transformation: [-0.9681738255558593f,-0.24615290025820002f,0.045256968557445536f,0.5896397708559143f,0.01247039726435389f,0.13315663763162824f,0.9910165483213227f,2.099490179159086f,-0.249967863335674f,0.9600406551543095f,-0.12584914679997616f,-6.318221673146101f,0f,0f,0f,1f], start_interpolation: 0, interpolation_duration: 1 }
$data merge entity $(bone_segment13) { transformation: [-0.977785562336902f,-0.19819331787743538f,0.0682261154855137f,0.3750711373403286f,0.022343598185105916f,0.22508641204339408f,0.9740825790114379f,2.317501214782985f,-0.2084134297631785f,0.9539682991914172f,-0.2156578921166193f,-5.288186021385409f,0f,0f,0f,1f], start_interpolation: 0, interpolation_duration: 1 }
$data merge entity $(bone_segment12) { transformation: [-0.9731487178676913f,-0.22293191558441663f,0.057296892815678985f,0.1138227987648403f,0.018591813948248333f,0.1719830501387487f,0.984924451376392f,2.5190438516643314f,-0.2294251890411831f,0.9595432202245167f,-0.1632203760398261f,-4.163721310184803f,0f,0f,0f,1f], start_interpolation: 0, interpolation_duration: 1 }
$data merge entity $(bone_segment11) { transformation: [-1.0217862053374702f,-0.16401046167177802f,0.024535300249356327f,-0.07571764277409912f,0.021014311425080895f,0.023862814670897178f,1.0346677856710214f,2.5466211682756046f,-0.16449866629078044f,1.021802131751669f,-0.020225089625556837f,-2.982864764550391f,0f,0f,0f,1f], start_interpolation: 0, interpolation_duration: 1 }
$data merge entity $(bone_segment10) { transformation: [-0.9997307175925251f,-0.022951020020553072f,-0.0034268034596569704f,-0.10268931909803695f,-1.734723475976807e-18f,-0.14767243873665958f,0.9890363243266487f,2.3888770564803687f,-0.023205436904633895f,0.9887699942441537f,0.14763267314683887f,-1.8208778803207235f,0f,0f,0f,1f], start_interpolation: 0, interpolation_duration: 1 }