# This file was generated by Animated Java via MC-Build. It is not recommended to edit this file directly.
$data merge entity $(bone_neck_spine5) { transformation: [-1.556684458597131f,-0.032292958608798286f,0.21842586097596156f,0.1598970501969643f,0.011761152921911685f,1.5410238690626705f,0.31165093585244824f,4.356004656921104f,-0.22048665991562175f,0.3101963819261113f,-1.5255107449624354f,-0.48199979083323563f,0f,0f,0f,1f], start_interpolation: 0, interpolation_duration: 1 }
$data merge entity $(bone_neck_spine2) { transformation: [-1.4825566272353623f,-0.03544544542156079f,0.20727698647800227f,-0.20759188284156904f,0.011201098020868269f,1.4605641903403879f,0.32988037677691784f,5.607946726805297f,-0.20998729515773493f,0.3281617710493129f,-1.4458248405592373f,1.3785018530085178f,0f,0f,0f,1f], start_interpolation: 0, interpolation_duration: 1 }
$data merge entity $(bone_scale_neck_left1) { transformation: [-1.592951333523206f,0.29973536525531796f,0.29277950864016167f,0.5967693271920101f,0.4119092908629433f,1.331094111024705f,0.8783930125711435f,4.729938897170017f,-0.07675849115961375f,0.9227146141945968f,-1.3622631741423121f,1.2585246111180814f,0f,0f,0f,1f], start_interpolation: 0, interpolation_duration: 1 }
$data merge entity $(bone_scale_neck_right1) { transformation: [-1.5575360838786274f,-0.524424981075721f,0.11006755869661343f,-0.9599151314051201f,-0.38810654516840887f,1.3373208551871736f,0.8797734485176059f,4.7417000500919295f,-0.3694722423283577f,0.8059816687387181f,-1.38814224510447f,1.0380379512024598f,0f,0f,0f,1f], start_interpolation: 0, interpolation_duration: 1 }
$data merge entity $(bone_blush_right1) { transformation: [-0.9979507790724008f,-0.03845645353667585f,0.05114043146249109f,-0.9452128415936616f,-0.022223245917385743f,0.9577985126718532f,0.28658006990103335f,4.120106016570082f,-0.06000308233485721f,0.28485629763964726f,-0.9566903991393186f,2.4317462081598897f,0f,0f,0f,1f], start_interpolation: 0, interpolation_duration: 1 }
$data merge entity $(bone_blush_left1) { transformation: [-0.9979507790724008f,-0.03845645353667585f,0.05114043146249109f,0.377266852938807f,-0.022223245917385743f,0.9577985126718532f,0.28658006990103335f,4.149556157888336f,-0.06000308233485721f,0.28485629763964726f,-0.9566903991393186f,2.511262011605594f,0f,0f,0f,1f], start_interpolation: 0, interpolation_duration: 1 }
$data merge entity $(bone_left_head_scales) { transformation: [-0.9088071753239122f,-0.03845645353667585f,-0.41544027159286484f,0.38050343360708827f,-0.15204020973470608f,0.9577985126718532f,0.24393807359125463f,4.96162494078426f,0.38852708104274836f,0.28485629763964726f,-0.8763010880921205f,2.3438325509404683f,0f,0f,0f,1f], start_interpolation: 0, interpolation_duration: 1 }
$data merge entity $(bone_left_head_scales2) { transformation: [-0.8468063672086598f,-0.03845645353667585f,-0.530509262535777f,0.40643918832043013f,-0.1825797925470319f,0.9577985126718532f,0.22200591991446658f,4.052826411764697f,0.4995834222713512f,0.28485629763964726f,-0.8180912503423301f,2.249068195494235f,0f,0f,0f,1f], start_interpolation: 0, interpolation_duration: 1 }
$data merge entity $(bone_left_head_scales1) { transformation: [-0.9979507790724008f,-0.03845645353667585f,0.05114043146249109f,0.38482227360388294f,-0.022223245917385743f,0.9577985126718532f,0.28658006990103335f,4.854059678130683f,-0.06000308233485721f,0.28485629763964726f,-0.9566903991393186f,2.3118418534516407f,0f,0f,0f,1f], start_interpolation: 0, interpolation_duration: 1 }
$data merge entity $(bone_right_head_scales) { transformation: [-0.8615791287078192f,-0.03845645353667585f,0.5061645050341408f,-0.964391171002202f,0.1126156899804964f,0.9577985126718532f,0.26446117955912263f,4.931675644528408f,-0.4949738491529546f,0.28485629763964726f,-0.8208884079762246f,2.2629690220126335f,0f,0f,0f,1f], start_interpolation: 0, interpolation_duration: 1 }
$data merge entity $(bone_right_head_scales2) { transformation: [-0.7881404743452386f,-0.03845645353667585f,0.6142928404924184f,-0.9384554162888601f,0.14617135789910488f,0.9577985126718532f,0.24749938030936067f,4.0228771155088445f,-0.5978867173878292f,0.28485629763964726f,-0.7492585420709186f,2.1682046665664f,0f,0f,0f,1f], start_interpolation: 0, interpolation_duration: 1 }
$data merge entity $(bone_right_head_scales1) { transformation: [-0.9979507790724008f,-0.03845645353667585f,0.05114043146249109f,-0.9600723310054073f,-0.022223245917385743f,0.9577985126718532f,0.28658006990103335f,4.8241103818748305f,-0.06000308233485721f,0.28485629763964726f,-0.9566903991393186f,2.230978324523806f,0f,0f,0f,1f], start_interpolation: 0, interpolation_duration: 1 }
$data merge entity $(bone_head_left_fin1) { transformation: [-0.7721410148297547f,0.0014579256969616688f,-0.7088521183543944f,0.40532537402348995f,0.03496369473672857f,1.046977377078213f,-0.0359320186178825f,4.474828398294369f,0.7079908130005691f,-0.05011431296806453f,-0.7713058811961084f,2.1112965718171877f,0f,0f,0f,1f], start_interpolation: 0, interpolation_duration: 1 }
$data merge entity $(bone_head_right_fin1) { transformation: [-0.6794783669862587f,-0.0418833970974795f,0.797013254513647f,-0.9395692305858003f,-0.06728963222487427f,1.0460122143717507f,-0.00239808367689444f,4.4448791020385165f,-0.7952713073020437f,-0.05272026610189925f,-0.6807637764668568f,2.030433042889353f,0f,0f,0f,1f], start_interpolation: 0, interpolation_duration: 1 }
$data merge entity $(bone_right_whisker16) { transformation: [0.23840949465873956f,0.9359678627168961f,-0.25908506868928277f,-1.4006974649193746f,0.9534762712701277f,-0.27626878416436385f,-0.12065885388630931f,1.695742850632294f,-0.18450992651176765f,-0.21826524885448456f,-0.958288248994587f,2.2712747150042087f,0f,0f,0f,1f], start_interpolation: 0, interpolation_duration: 1 }
$data merge entity $(bone_right_whisker15) { transformation: [-0.8968418443747826f,0.35853818954291045f,-0.25908506868928277f,-1.098538835711074f,0.39835889347881137f,0.9092588371663918f,-0.12065885388630931f,1.561530137497343f,0.19231458125887213f,-0.2114207503394892f,-0.958288248994587f,2.2064812281542956f,0f,0f,0f,1f], start_interpolation: 0, interpolation_duration: 1 }
$data merge entity $(bone_right_whisker14) { transformation: [-0.7039676944587555f,-0.6612899608648948f,-0.25908506868928277f,-0.8613622199022162f,-0.6557146214448266f,0.7453051564307801f,-0.12065885388630931f,1.7824496144489688f,0.27288792641282555f,0.08494593255121913f,-0.958288248994587f,2.1145414482593496f,0f,0f,0f,1f], start_interpolation: 0, interpolation_duration: 1 }
$data merge entity $(bone_right_whisker13) { transformation: [-0.062228469009818585f,-0.9974337003261261f,-0.035406653307337776f,-0.8403965736049629f,-0.9948668011077525f,0.05915385922325796f,0.08210279527898162f,2.117634230056561f,-0.07979765471692438f,0.04033403516543989f,-0.995994728856007f,2.141426400288001f,0f,0f,0f,1f], start_interpolation: 0, interpolation_duration: 1 }
$data merge entity $(bone_right_whisker12) { transformation: [0.10582514125729443f,-0.9941608952618742f,-0.02109866844098933f,-0.8879352112791381f,-0.9493001250264759f,-0.10732082198104764f,0.29548521755585244f,2.5440776455957983f,-0.2960241748617687f,-0.011240796298367224f,-0.9551143033145233f,2.2744060100891863f,0f,0f,0f,1f], start_interpolation: 0, interpolation_duration: 1 }
$data merge entity $(bone_right_whisker11) { transformation: [0.3199047551991768f,-0.9473774621675565f,0.01170007597903916f,-1.0316424255287684f,-0.9474223316843213f,-0.3199649936177245f,-0.0036507923870488235f,2.9696775211571147f,0.007202293162502815f,-0.0099170074200833f,-0.9999248871475451f,2.271170604957593f,0f,0f,0f,1f], start_interpolation: 0, interpolation_duration: 1 }
$data merge entity $(bone_right_whisker10) { transformation: [0.08934614899750724f,-0.987517613623792f,0.12971595292055144f,-1.0717783908987424f,-0.9632802735764032f,-0.11878289667723342f,-0.24079397416782586f,3.4024010815527643f,0.25319632737835074f,-0.10343880432283223f,-0.9618690313979225f,2.1574300672680997f,0f,0f,0f,1f], start_interpolation: 0, interpolation_duration: 1 }
$data merge entity $(bone_right_whisker1) { transformation: [-0.31128639408361114f,-0.9457276499847853f,0.09327375253884902f,-0.9319427060564951f,-0.9493377791383254f,0.31391703397729953f,0.014624530064493324f,3.828861412025059f,-0.043111042194953486f,-0.08399587985818516f,-0.9955330884544792f,2.176796355754114f,0f,0f,0f,1f], start_interpolation: 0, interpolation_duration: 1 }
$data merge entity $(bone_left_whisker16) { transformation: [0.2793503264627864f,-0.8997019667271183f,0.3354098480553158f,0.9982564410859276f,-0.9383594402317547f,-0.3298641183751873f,-0.10330161826664848f,1.765784169766278f,0.2035803429437196f,-0.2858776564824816f,-0.9363914830299351f,2.359634313648772f,0f,0f,0f,1f], start_interpolation: 0, interpolation_duration: 1 }
$data merge entity $(bone_left_whisker15) { transformation: [-0.8555423572708967f,-0.39439511754440804f,0.3354098480553158f,0.7100121898569633f,-0.44952256978187155f,0.8872757378178409f,-0.10330161826664848f,1.614333694595628f,-0.25685936652584784f,-0.23915320682971905f,-0.9363914830299351f,2.273094780981372f,0f,0f,0f,1f], start_interpolation: 0, interpolation_duration: 1 }
$data merge entity $(bone_left_whisker14) { transformation: [-0.7190111900750985f,0.6087061215186689f,0.3354098480553158f,0.4677672088258025f,0.6141684633785716f,0.7823847354433084f,-0.10330161826664848f,1.8212556866518848f,-0.3252998726375319f,0.13172313149558715f,-0.9363914830299351f,2.1634966793603287f,0f,0f,0f,1f], start_interpolation: 0, interpolation_duration: 1 }
$data merge entity $(bone_left_whisker13) { transformation: [-0.12578490935710504f,0.9866253619083319f,0.10367522277419053f,0.425388504013106f,0.9893774480181868f,0.11708165583942595f,0.08616351442993894f,2.1545908620095746f,0.07287264185580891f,0.11341199718350503f,-0.990871988182027f,2.1880484971730767f,0f,0f,0f,1f], start_interpolation: 0, interpolation_duration: 1 }
$data merge entity $(bone_left_whisker12) { transformation: [0.028289529608514864f,0.9968574411015924f,0.0739928688112207f,0.43809669114193106f,0.9532158186290693f,-0.049189838159410415f,0.29826156798549197f,2.582793280534352f,0.30096396068274067f,0.062093493557993346f,-0.9516118391591819f,2.3232471513860267f,0f,0f,0f,1f], start_interpolation: 0, interpolation_duration: 1 }
$data merge entity $(bone_left_whisker11) { transformation: [0.2638227739805939f,0.9625725547371912f,0.06206142760122271f,0.556610827891026f,0.9644651960996087f,-0.26420092981928983f,-0.0021804116964660725f,3.016049130344723f,0.014297882421109548f,0.060431329203816234f,-0.9980699499578833f,2.3296700282548843f,0f,0f,0f,1f], start_interpolation: 0, interpolation_duration: 1 }
$data merge entity $(bone_left_whisker10) { transformation: [0.051437845743752555f,0.9976880836374054f,-0.04441436471642826f,0.5797176726587273f,0.9673906888202914f,-0.060821622206556854f,-0.24587798896193364f,3.450619166338213f,-0.24801089332737722f,-0.030318608808533206f,-0.9682826956787316f,2.2182588847679767f,0f,0f,0f,1f], start_interpolation: 0, interpolation_duration: 1 }
$data merge entity $(bone_left_whisker1) { transformation: [-0.3683955902868583f,0.9294421914210618f,-0.02054024984297643f,0.4142274660845527f,0.929493370015774f,0.36866563459173707f,0.011301547141484292f,3.8681650161499865f,0.01807661898466356f,-0.014928585917172249f,-0.9997251488127107f,2.2263792409524936f,0f,0f,0f,1f], start_interpolation: 0, interpolation_duration: 1 }
$data merge entity $(bone_upper_left_tooth1) { transformation: [-0.9979507790724008f,-0.03385293283209892f,0.0542975274524877f,-0.017944367013028706f,-0.022223245917385743f,0.9791308990127601f,0.2020119054396536f,4.016780827194506f,-0.06000308233485721f,0.20039127111011992f,-0.9778767655349966f,3.237756667856543f,0f,0f,0f,1f], start_interpolation: 0, interpolation_duration: 1 }
$data merge entity $(bone_upper_right_tooth1) { transformation: [-0.9979507790724008f,-0.03385293283209892f,0.0542975274524877f,-0.6903916693176737f,-0.022223245917385743f,0.9791308990127601f,0.2020119054396536f,4.0018061790665795f,-0.06000308233485721f,0.20039127111011992f,-0.9778767655349966f,3.1973249033926257f,0f,0f,0f,1f], start_interpolation: 0, interpolation_duration: 1 }
$data merge entity $(bone_top_lip1) { transformation: [-0.9979507790724008f,-0.0058201484336329705f,0.06372102024449025f,-0.3303310492776972f,-0.022223245917385743f,0.9653886196203206f,-0.2598671592342271f,4.130874543387763f,-0.06000308233485721f,-0.26075072191612847f,-0.963539667647645f,3.24398083102858f,0f,0f,0f,1f], start_interpolation: 0, interpolation_duration: 1 }
$data merge entity $(bone_muzzle1) { transformation: [-0.9979507790724008f,-0.03385293283209892f,0.0542975274524877f,-0.3055444795788267f,-0.022223245917385743f,0.9791308990127601f,0.2020119054396536f,4.409250447398995f,-0.06000308233485721f,0.20039127111011992f,-0.9778767655349966f,2.728637426813612f,0f,0f,0f,1f], start_interpolation: 0, interpolation_duration: 1 }
$data merge entity $(bone_jaw_right_tooth1) { transformation: [-0.9979507790724008f,0.0038565913076416287f,0.06386994013050333f,-0.689696137528864f,-0.022223245917385743f,0.9151541182949963f,-0.4024910770546387f,3.9117438173787393f,-0.06000308233485721f,-0.40308568130261524f,-0.9131930593467751f,3.2191133094261897f,0f,0f,0f,1f], start_interpolation: 0, interpolation_duration: 1 }
$data merge entity $(bone_jaw_left_tooth1) { transformation: [-0.9979507790724008f,0.0038565913076416287f,0.06386994013050333f,0.03878843996783474f,-0.022223245917385743f,0.9151541182949963f,-0.4024910770546387f,3.9279663528506594f,-0.06000308233485721f,-0.40308568130261524f,-0.9131930593467751f,3.2629143875954334f,0f,0f,0f,1f], start_interpolation: 0, interpolation_duration: 1 }
$data merge entity $(bone_tongue1) { transformation: [-0.9979507790724008f,-0.01840310285822361f,0.06128269212410547f,-0.2751945108246923f,-0.022223245917385743f,0.9978131411198993f,-0.062250002002692484f,3.8534395439462537f,-0.06000308233485721f,-0.0634843383333989f,-0.9961773782297442f,2.429721906575455f,0f,0f,0f,1f], start_interpolation: 0, interpolation_duration: 1 }
$data merge entity $(bone_jaw_lips1) { transformation: [-0.9979507790724008f,-0.01840310285822361f,0.06128269212410547f,-0.271839143028653f,-0.022223245917385743f,0.9978131411198993f,-0.062250002002692484f,3.781747569107246f,-0.06000308233485721f,-0.0634843383333989f,-0.9961773782297442f,3.3362933378137103f,0f,0f,0f,1f], start_interpolation: 0, interpolation_duration: 1 }
$data merge entity $(bone_jaw3) { transformation: [-0.9979507790724008f,-0.00729289769139288f,0.06356930227752333f,-0.21411182544565452f,-0.022223245917385743f,0.9711427129557019f,-0.2374614882753297f,3.486605005058173f,-0.06000308233485721f,-0.23838759346136706f,-0.9693146988434738f,2.485503781882736f,0f,0f,0f,1f], start_interpolation: 0, interpolation_duration: 1 }
$data merge entity $(bone_jaw1) { transformation: [-0.9979507790724008f,-0.05010714212781782f,0.03979342730365056f,-0.17835991810253096f,-0.022223245917385743f,0.8546122264610131f,0.5187909692007422f,3.9527062664494648f,-0.06000308233485721f,0.516843512768742f,-0.8539744805432908f,1.7182610845196231f,0f,0f,0f,1f], start_interpolation: 0, interpolation_duration: 1 }
$data merge entity $(bone_tear_right1) { transformation: [-0.9979507790724008f,-0.03845645353667585f,0.05114043146249109f,-0.9094604855469985f,-0.022223245917385743f,0.9577985126718532f,0.28658006990103335f,4.468866466527029f,-0.06000308233485721f,0.28485629763964726f,-0.9566903991393186f,2.643779697754745f,0f,0f,0f,1f], start_interpolation: 0, interpolation_duration: 1 }
$data merge entity $(bone_right_pupil1) { transformation: [-0.9979507790724008f,-0.03845645353667585f,0.05114043146249109f,-0.732302662152983f,-0.022223245917385743f,0.9577985126718532f,0.28658006990103335f,4.5612391783129285f,-0.06000308233485721f,0.28485629763964726f,-0.9566903991393186f,2.751353598693297f,0f,0f,0f,1f], start_interpolation: 0, interpolation_duration: 1 }
$data merge entity $(bone_right_sad_pupil1) { transformation: [-0.9979507790724008f,-0.03845645353667585f,0.05114043146249109f,-0.731728331135582f,-0.022223245917385743f,0.9577985126718532f,0.28658006990103335f,4.564457606832325f,-0.06000308233485721f,0.28485629763964726f,-0.9566903991393186f,2.740609517062338f,0f,0f,0f,1f], start_interpolation: 0, interpolation_duration: 1 }
$data merge entity $(bone_right_happy_pupil1) { transformation: [-0.9979507790724008f,-0.03845645353667585f,0.05114043146249109f,-0.758666913914137f,-0.022223245917385743f,0.9577985126718532f,0.28658006990103335f,4.536942699692253f,-0.06000308233485721f,0.28485629763964726f,-0.9566903991393186f,2.7309273097713076f,0f,0f,0f,1f], start_interpolation: 0, interpolation_duration: 1 }
$data merge entity $(bone_eyelid_right1) { transformation: [-0.9979507790724008f,-0.03845645353667585f,0.05114043146249109f,-0.2693649826497584f,-0.022223245917385743f,0.9577985126718532f,0.28658006990103335f,4.681205142010587f,-0.06000308233485721f,0.28485629763964726f,-0.9566903991393186f,2.213353823864588f,0f,0f,0f,1f], start_interpolation: 0, interpolation_duration: 1 }
$data merge entity $(bone_eyelid_expressions_right5) { transformation: [-0.9979507790724008f,-0.03845645353667585f,0.05114043146249109f,-0.8649325454355391f,-0.022223245917385743f,0.9577985126718532f,0.28658006990103335f,4.669152736581195f,-0.06000308233485721f,0.28485629763964726f,-0.9566903991393186f,2.7648508145925224f,0f,0f,0f,1f], start_interpolation: 0, interpolation_duration: 1 }
$data merge entity $(bone_eyelid_expressions_right7) { transformation: [-0.9979507790724008f,-0.03845645353667585f,0.05114043146249109f,-0.5287088942832165f,-0.022223245917385743f,0.9577985126718532f,0.28658006990103335f,4.676640060645157f,-0.06000308233485721f,0.28485629763964726f,-0.9566903991393186f,2.7850666968244817f,0f,0f,0f,1f], start_interpolation: 0, interpolation_duration: 1 }
$data merge entity $(bone_eyelid_expressions_right6) { transformation: [-0.9979507790724008f,-0.03845645353667585f,0.05114043146249109f,-0.6407834446673241f,-0.022223245917385743f,0.9577985126718532f,0.28658006990103335f,4.67414428595717f,-0.06000308233485721f,0.28485629763964726f,-0.9566903991393186f,2.7783280694138286f,0f,0f,0f,1f], start_interpolation: 0, interpolation_duration: 1 }
$data merge entity $(bone_right_eye1) { transformation: [-0.9979507790724008f,-0.03845645353667585f,0.05114043146249109f,-0.28114676870557015f,-0.022223245917385743f,0.9577985126718532f,0.28658006990103335f,4.677737136022391f,-0.06000308233485721f,0.28485629763964726f,-0.9566903991393186f,2.223424042754482f,0f,0f,0f,1f], start_interpolation: 0, interpolation_duration: 1 }
$data merge entity $(bone_tear_left1) { transformation: [-0.9979507790724008f,-0.03845645353667585f,0.05114043146249109f,0.3009446586013627f,-0.022223245917385743f,0.9577985126718532f,0.28658006990103335f,4.495820833157295f,-0.06000308233485721f,0.28485629763964726f,-0.9566903991393186f,2.7165568737897963f,0f,0f,0f,1f], start_interpolation: 0, interpolation_duration: 1 }
$data merge entity $(bone_left_sad_pupil1) { transformation: [-0.9979507790724008f,-0.03845645353667585f,0.05114043146249109f,0.10883079674522433f,-0.022223245917385743f,0.9577985126718532f,0.28658006990103335f,4.583175916992232f,-0.06000308233485721f,0.28485629763964726f,-0.9566903991393186f,2.7911492226422348f,0f,0f,0f,1f], start_interpolation: 0, interpolation_duration: 1 }
$data merge entity $(bone_left_pupil1) { transformation: [-0.9979507790724008f,-0.03845645353667585f,0.05114043146249109f,0.10825646572782333f,-0.022223245917385743f,0.9577985126718532f,0.28658006990103335f,4.579957488472836f,-0.06000308233485721f,0.28485629763964726f,-0.9566903991393186f,2.801893304273194f,0f,0f,0f,1f], start_interpolation: 0, interpolation_duration: 1 }
$data merge entity $(bone_eyelid_left1) { transformation: [-0.9979507790724008f,-0.03845645353667585f,0.05114043146249109f,-0.2917798927265799f,-0.022223245917385743f,0.9577985126718532f,0.28658006990103335f,4.680705987072988f,-0.06000308233485721f,0.28485629763964726f,-0.9566903991393186f,2.2120060983824574f,0f,0f,0f,1f], start_interpolation: 0, interpolation_duration: 1 }
$data merge entity $(bone_left_happy_pupil1) { transformation: [-0.9979507790724008f,-0.03845645353667585f,0.05114043146249109f,0.13792948915872305f,-0.022223245917385743f,0.9577985126718532f,0.28658006990103335f,4.556908897196155f,-0.06000308233485721f,0.28485629763964726f,-0.9566903991393186f,2.784836329056531f,0f,0f,0f,1f], start_interpolation: 0, interpolation_duration: 1 }
$data merge entity $(bone_eyelid_expressions_left5) { transformation: [-0.9979507790724008f,-0.03845645353667585f,0.05114043146249109f,0.23339804832871447f,-0.022223245917385743f,0.9577985126718532f,0.28658006990103335f,4.693611328523474f,-0.06000308233485721f,0.28485629763964726f,-0.9566903991393186f,2.830889363216921f,0f,0f,0f,1f], start_interpolation: 0, interpolation_duration: 1 }
$data merge entity $(bone_eyelid_expressions_left7) { transformation: [-0.9979507790724008f,-0.03845645353667585f,0.05114043146249109f,-0.102825602823608f,-0.022223245917385743f,0.9577985126718532f,0.28658006990103335f,4.686124004459511f,-0.06000308233485721f,0.28485629763964726f,-0.9566903991393186f,2.810673480984962f,0f,0f,0f,1f], start_interpolation: 0, interpolation_duration: 1 }
$data merge entity $(bone_eyelid_expressions_left6) { transformation: [-0.9979507790724008f,-0.03845645353667585f,0.05114043146249109f,0.009248947560499543f,-0.022223245917385743f,0.9577985126718532f,0.28658006990103335f,4.688619779147499f,-0.06000308233485721f,0.28485629763964726f,-0.9566903991393186f,2.817412108395615f,0f,0f,0f,1f], start_interpolation: 0, interpolation_duration: 1 }
$data merge entity $(bone_left_eye1) { transformation: [-0.9979507790724008f,-0.03845645353667585f,0.05114043146249109f,-0.28114676870557015f,-0.022223245917385743f,0.9577985126718532f,0.28658006990103335f,4.677737136022391f,-0.06000308233485721f,0.28485629763964726f,-0.9566903991393186f,2.223424042754482f,0f,0f,0f,1f], start_interpolation: 0, interpolation_duration: 1 }
$data merge entity $(bone_crest_middle5) { transformation: [-0.9979507790724008f,-0.026476066793480295f,0.05825169899612737f,-0.3588172718639752f,-0.022223245917385743f,0.9971221432386753f,0.07248143765134524f,5.868333832812957f,-0.06000308233485721f,0.07103836534055125f,-0.9956672038186547f,3.0742539329885403f,0f,0f,0f,1f], start_interpolation: 0, interpolation_duration: 1 }
$data merge entity $(bone_crest_middle4) { transformation: [-0.9979507790724008f,-0.026476066793480295f,0.05825169899612737f,-0.34097695341914963f,-0.022223245917385743f,0.9971221432386753f,0.07248143765134524f,5.196444888638459f,-0.06000308233485721f,0.07103836534055125f,-0.9956672038186547f,3.026386284468052f,0f,0f,0f,1f], start_interpolation: 0, interpolation_duration: 1 }
$data merge entity $(bone_crest_middle1) { transformation: [-0.9979507790724008f,-0.026476066793480295f,0.05825169899612737f,-0.33250318965881287f,-0.022223245917385743f,0.9971221432386753f,0.07248143765134524f,4.6864231505558305f,-0.06000308233485721f,0.07103836534055125f,-0.9956672038186547f,3.074349476529726f,0f,0f,0f,1f], start_interpolation: 0, interpolation_duration: 1 }
$data merge entity $(bone_crest_left5) { transformation: [-0.5037647187958756f,-0.8482733053924701f,0.16325901952126737f,-1.4414506157202602f,-0.8197396137273523f,0.5290457373771541f,0.21940276536359898f,5.201231253521958f,-0.2724849973533288f,-0.023302513203439026f,-0.9618778088176063f,2.9198543986920216f,0f,0f,0f,1f], start_interpolation: 0, interpolation_duration: 1 }
$data merge entity $(bone_crest_left4) { transformation: [-0.5037647187958756f,-0.8482733053924701f,0.16325901952126737f,-0.965125273336793f,-0.8197396137273523f,0.5290457373771541f,0.21940276536359898f,4.904159672475216f,-0.2724849973533288f,-0.023302513203439026f,-0.9618778088176063f,2.932939306008406f,0f,0f,0f,1f], start_interpolation: 0, interpolation_duration: 1 }
$data merge entity $(bone_crest_left1) { transformation: [-0.5037647187958756f,-0.8482733053924701f,0.16325901952126737f,-0.43200002013053374f,-0.8197396137273523f,0.5290457373771541f,0.21940276536359898f,4.589700912824198f,-0.2724849973533288f,-0.023302513203439026f,-0.9618778088176063f,2.8933210106902054f,0f,0f,0f,1f], start_interpolation: 0, interpolation_duration: 1 }
$data merge entity $(bone_crest_center1) { transformation: [-0.9979507790724008f,-0.03845645353667585f,0.05114043146249109f,-0.31884577356751553f,-0.022223245917385743f,0.9577985126718532f,0.28658006990103335f,4.565305716057632f,-0.06000308233485721f,0.28485629763964726f,-0.9566903991393186f,2.8920620660988834f,0f,0f,0f,1f], start_interpolation: 0, interpolation_duration: 1 }
$data merge entity $(bone_crest_right5) { transformation: [-0.5686324066941417f,0.8206519055748057f,-0.056459152789146004f,0.7630314803124402f,0.7958585310721393f,0.5662108322483911f,0.2145098878007281f,5.250322600277702f,0.2080057320770868f,0.07704377535547118f,-0.9750886483300124f,3.052401738187983f,0f,0f,0f,1f], start_interpolation: 0, interpolation_duration: 1 }
$data merge entity $(bone_crest_right4) { transformation: [-0.5686324066941417f,0.8206519055748057f,-0.056459152789146004f,0.30221620130314986f,0.7958585310721393f,0.5662108322483911f,0.2145098878007281f,4.93238194740385f,0.2080057320770868f,0.07704377535547118f,-0.9750886483300124f,3.009139852612401f,0f,0f,0f,1f], start_interpolation: 0, interpolation_duration: 1 }
$data merge entity $(bone_crest_right1) { transformation: [-0.5686324066941417f,0.8206519055748057f,-0.056459152789146004f,-0.20785091936231873f,0.7958585310721393f,0.5662108322483911f,0.2145098878007281f,4.5946924622001735f,0.2080057320770868f,0.07704377535547118f,-0.9750886483300124f,2.906798265511511f,0f,0f,0f,1f], start_interpolation: 0, interpolation_duration: 1 }
$data merge entity $(bone_head1) { transformation: [-1.0460291369183363f,-0.040309173303416726f,0.05360422829076211f,-0.2473991427501166f,-0.023293897087884784f,1.0039424514333872f,0.3003866618103278f,4.8009680732624025f,-0.06289385583276046f,0.29857984322905723f,-1.002780952222853f,1.6165042043073152f,0f,0f,0f,1f], start_interpolation: 0, interpolation_duration: 1 }
$data merge entity $(bone_neck10) { transformation: [-1.4825566272353623f,-0.062197280502133065f,0.2008771441022442f,-0.08561499342662769f,0.011201098020868269f,1.4050108317507706f,0.517700086681625f,4.7483261354978294f,-0.20998729515773493f,0.5140723126615305f,-1.3906219022118094f,0.47146440518294175f,0f,0f,0f,1f], start_interpolation: 0, interpolation_duration: 1 }
$data merge entity $(bone_neck9) { transformation: [-1.134155819835053f,-0.06391420214345488f,0.14762689320439382f,-0.01139232859694958f,0.00856883998596423f,1.025721876829684f,0.509911124484279f,3.416037904024493f,-0.16064028079566733f,0.5059622067466034f,-1.0150788609898902f,-0.12363062003381306f,0f,0f,0f,1f], start_interpolation: 0, interpolation_duration: 1 }
$data merge entity $(bone_neck8) { transformation: [-1.0528045288118388f,0.021073016344341916f,0.14645371109108746f,-0.031725299871573215f,-7.853667446769583e-18f,1.052313342742223f,-0.15141587130683115f,2.635652014320028f,-0.14796202725767388f,-0.14994230245583787f,-1.0420723016283275f,0.02104598813975167f,0f,0f,0f,1f], start_interpolation: 0, interpolation_duration: 1 }
$data merge entity $(bone_neck7) { transformation: [-1.0453904124117555f,0.058785895889468476f,0.1346466372994755f,-0.08775812748196729f,-3.662570463927595e-18f,0.9674760163468021f,-0.42239409400194755f,1.769182070664412f,-0.14692004115022544f,-0.41828338371515394f,-0.9580606062615357f,0.41974027317832324f,0f,0f,0f,1f], start_interpolation: 0, interpolation_duration: 1 }
$data merge entity $(bone_neck6) { transformation: [-1.0394591192916887f,0.03780995607745248f,0.14110867711300037f,-0.11996898090935126f,-3.641789922288289e-18f,1.01390768862361f,-0.27167574636640235f,0.8709357605116059f,-0.1460864522642667f,-0.26903181667818193f,-1.0040404086955317f,0.6489324043876866f,0f,0f,0f,1f], start_interpolation: 0, interpolation_duration: 1 }
$data merge entity $(bone_neck_spine6) { transformation: [-1.266705031007645f,0.12029778746237624f,-0.031179725276004978f,0.24100701925012294f,-0.04310553574081013f,-0.12580512475354225f,1.265820031398995f,0.6757244932933696f,0.11655747820336516f,1.2608278555909656f,0.12927815498942366f,-2.0102304845705308f,0f,0f,0f,1f], start_interpolation: 0, interpolation_duration: 1 }
$data merge entity $(bone_neck_spine7) { transformation: [-0.8262008043737862f,0.48589242617021106f,-0.28513291820225617f,-0.8447625204317758f,-0.1470262914572671f,0.302613935725118f,0.9417048770847884f,0.9822521876141479f,0.5438524620450212f,0.819959362465836f,-0.17858091564382975f,-5.434985660929373f,0f,0f,0f,1f], start_interpolation: 0, interpolation_duration: 1 }
$data merge entity $(bone_tail6) { transformation: [-1.0967533319248441f,0.9257461885230196f,-0.9515398367246538f,-2.9640200198836237f,-0.5846524711698065f,0.7713094753823312f,1.4242770512325187f,-0.9038510259035133f,1.191895781683079f,1.2301941412426176f,-0.17694280992893596f,-8.260603396805323f,0f,0f,0f,1f], start_interpolation: 0, interpolation_duration: 1 }
$data merge entity $(bone_tail5) { transformation: [-0.9060136220248711f,0.7647468513885813f,-0.7860546477290619f,-2.481022008480309f,-0.4829737805315792f,0.6371686970549693f,1.1765766944964284f,-0.5014286909214274f,0.984609558781674f,1.0162473340699885f,-0.14617014733259928f,-7.618762975287435f,0f,0f,0f,1f], start_interpolation: 0, interpolation_duration: 1 }
$data merge entity $(bone_tail4) { transformation: [-0.667588984649905f,0.5634976799705336f,-0.5791981614845718f,-2.239523002778652f,-0.3558754172337951f,0.46949272414576676f,0.8669512485763156f,-0.3002175234303845f,0.7255017801549176f,0.7488138251042019f,-0.1077043190871784f,-7.297842764528491f,0f,0f,0f,1f], start_interpolation: 0, interpolation_duration: 1 }
$data merge entity $(bone_segment18) { transformation: [-0.636904770448605f,0.5375977866054283f,-0.5525766310809331f,-1.9376492456515806f,-0.33951841047894993f,0.4479135554583216f,0.8271037998839881f,-0.04870356406658083f,0.6921557356012134f,0.7143962952546921f,-0.10275393423472425f,-6.896692501079812f,0f,0f,0f,1f], start_interpolation: 0, interpolation_duration: 1 }
$data merge entity $(bone_segment17) { transformation: [-0.636904770448605f,0.5375977866054283f,-0.5525766310809331f,-1.545213361386387f,-0.33951841047894993f,0.4479135554583216f,0.8271037998839881f,0.2782645831063643f,0.6921557356012134f,0.7143962952546921f,-0.10275393423472425f,-6.375197158596528f,0f,0f,0f,1f], start_interpolation: 0, interpolation_duration: 1 }
$data merge entity $(bone_segment16) { transformation: [-0.713387708801958f,0.6444540452017684f,-0.27523982370538147f,-0.9300240750731747f,-0.13571287728766995f,0.25827818859522395f,0.9564906650011131f,0.5248143188015124f,0.6875027213535917f,0.7197022724148139f,-0.09679177244145681f,-5.68817667882555f,0f,0f,0f,1f], start_interpolation: 0, interpolation_duration: 1 }
$data merge entity $(bone_segment15) { transformation: [-0.8262008043737862f,0.5431338728524643f,-0.14965903585280652f,-0.289561036528887f,-0.1470262914572671f,0.04857145885639999f,0.9879393113976604f,0.5820897451385271f,0.5438524620450212f,0.8382400667737401f,0.039725180713554714f,-4.699724646961008f,0f,0f,0f,1f], start_interpolation: 0, interpolation_duration: 1 }
$data merge entity $(bone_segment14) { transformation: [-0.9875007930725707f,0.3504994417185695f,-0.025836467660786577f,0.10475083540450372f,-0.10291973496282401f,-0.21472262112811424f,1.0207727083715679f,0.3405267963693986f,0.3360430178733042f,0.9642196509903828f,0.23670815957156774f,-3.6149775395968278f,0f,0f,0f,1f], start_interpolation: 0, interpolation_duration: 1 }
$data merge entity $(bone_segment13) { transformation: [-1.020815230870867f,0.09983632932080619f,-0.007910979268941914f,0.2252082086195734f,-0.034737990567594045f,-0.27698273493399017f,0.9869992139728381f,-0.020081604656471908f,0.09393161478741781f,0.9825512117540858f,0.27904046274186417f,-2.439250812603511f,0f,0f,0f,1f], start_interpolation: 0, interpolation_duration: 1 }
$data merge entity $(bone_segment12) { transformation: [-1.11345643868008f,-0.06288060525941176f,-0.02710479359373903f,0.14924506132632429f,-0.020393203149217484f,-0.11701832772248397f,1.1092180621654266f,-0.16144602740846598f,-0.06536633398672367f,1.1076220572248099f,0.11564818166271675f,-1.1011838978352841f,0f,0f,0f,1f], start_interpolation: 0, interpolation_duration: 1 }
$data merge entity $(bone_segment11) { transformation: [-1.1802013328253511f,-0.1556649361355921f,0.004010303793225287f,-0.024665619232406205f,-0.05070724074175518f,0.4131780808768105f,1.1152737287772272f,0.31630478625730896f,-0.1472291771863499f,1.1055203037584633f,-0.4162586554585653f,0.17716909193077324f,0f,0f,0f,1f], start_interpolation: 0, interpolation_duration: 1 }
$data merge entity $(bone_segment10) { transformation: [-1.0391709848776678f,-0.10541171206932487f,0.08767686794226388f,-0.13096973739622597f,-0.04464788492984733f,0.8939054301239012f,0.5455408750877128f,1.2314466052184354f,-0.12963575349741502f,0.5371188425095419f,-0.890714947927529f,0.7272068540177165f,0f,0f,0f,1f], start_interpolation: 0, interpolation_duration: 1 }