# This file was generated by Animated Java via MC-Build. It is not recommended to edit this file directly.
$data merge entity $(bone_neck_spine5) { transformation: [-1.3648233199639974f,0.0533772677609712f,-0.060081883501403636f,0.01755238803749068f,0.03973707527055151f,1.3366078118819114f,0.28478444870013964f,3.7530932490349733f,0.06985649781978177f,0.28254572136005435f,-1.335847912454757f,-0.4689829068560508f,0f,0f,0f,1f], start_interpolation: 0, interpolation_duration: 1 }
$data merge entity $(bone_neck_spine2) { transformation: [-1.2998317332990448f,0.047308597835895305f,-0.06016949911746447f,0.03448336465547078f,0.03784483359100143f,1.2869464725932194f,0.19431302631265882f,4.890062338671524f,0.06652999792360167f,0.19222819823094656f,-1.2860960641124806f,1.1263213697365753f,0f,0f,0f,1f], start_interpolation: 0, interpolation_duration: 1 }
$data merge entity $(bone_scale_neck_left1) { transformation: [-1.365505615274289f,0.43082579294038204f,0.03525576824370062f,0.6870487351628181f,0.3962503032674844f,1.2008811888349193f,0.6725544482535486f,4.099564111201622f,0.17274122327223804f,0.6509477128329888f,-1.264075537039891f,0.9466343336798106f,0f,0f,0f,1f], start_interpolation: 0, interpolation_duration: 1 }
$data merge entity $(bone_scale_neck_right1) { transformation: [-1.3966846749777004f,-0.2917569076512945f,-0.12493695979559555f,-0.6777745848011791f,-0.31582863852173165f,1.2219193135083515f,0.6772184882056652f,4.139301186472174f,-0.031362528194035164f,0.6879320580666459f,-1.2558763051002453f,1.0164908314995924f,0f,0f,0f,1f], start_interpolation: 0, interpolation_duration: 1 }
$data merge entity $(bone_blush_right1) { transformation: [-0.9990504496468319f,0.04286763052430994f,0.007782371983811057f,-0.5692248977571309f,0.04356376938879777f,0.9802967889293808f,0.19266656069848975f,3.726293326501447f,0.0006301246724284212f,0.19282264355613526f,-0.9812334233376485f,2.1837624949381302f,0f,0f,0f,1f], start_interpolation: 0, interpolation_duration: 1 }
$data merge entity $(bone_blush_left1) { transformation: [-0.9990504496468319f,0.04286763052430994f,0.007782371983811057f,0.5820246438280855f,0.04356376938879777f,0.9802967889293808f,0.19266656069848975f,3.6760928891198246f,0.0006301246724284212f,0.19282264355613526f,-0.9812334233376485f,2.1830363747101367f,0f,0f,0f,1f], start_interpolation: 0, interpolation_duration: 1 }
$data merge entity $(bone_left_head_scales) { transformation: [-0.8897620711995173f,0.04286763052430994f,-0.45440711141879864f,0.6216518845816047f,-0.05032198183734971f,0.9802967889293808f,0.191012836633318f,4.36377899395838f,0.45364209989672105f,0.19282264355613526f,-0.8700737171833874f,1.9700448892575844f,0f,0f,0f,1f], start_interpolation: 0, interpolation_duration: 1 }
$data merge entity $(bone_left_head_scales2) { transformation: [-0.8228380033648715f,0.04286763052430994f,-0.5666568507233838f,0.5870215523384216f,-0.07482364853768436f,0.9802967889293808f,0.1828103586623424f,3.569699486879984f,0.5633285381001224f,0.19282264355613526f,-0.8034179399876521f,1.9631375637260795f,0f,0f,0f,1f], start_interpolation: 0, interpolation_duration: 1 }
$data merge entity $(bone_left_head_scales1) { transformation: [-0.9990504496468319f,0.04286763052430994f,0.007782371983811057f,0.6174655925382151f,0.04356376938879777f,0.9802967889293808f,0.19266656069848975f,4.2680468856644955f,0.0006301246724284212f,0.19282264355613526f,-0.9812334233376485f,1.9512145529728055f,0f,0f,0f,1f], start_interpolation: 0, interpolation_duration: 1 }
$data merge entity $(bone_right_head_scales) { transformation: [-0.8825750722571095f,0.04286763052430994f,0.4682132079337248f,-0.5491103610982765f,0.12760505260123256f,0.9802967889293808f,0.15078181642818164f,4.4148302862108775f,-0.45252424507532724f,0.19282264355613526f,-0.8706556355707054f,1.9707833166080864f,0f,0f,0f,1f], start_interpolation: 0, interpolation_duration: 1 }
$data merge entity $(bone_right_head_scales2) { transformation: [-0.8139104329872062f,0.04286763052430994f,0.5794067425632963f,-0.5837406933414596f,0.14619435004122017f,0.9802967889293808f,0.13283605546225158f,3.620750779132481f,-0.5622962022729691f,0.19282264355613526f,-0.8041407893157889f,1.9638759910765815f,0f,0f,0f,1f], start_interpolation: 0, interpolation_duration: 1 }
$data merge entity $(bone_right_head_scales1) { transformation: [-0.9990504496468319f,0.04286763052430994f,0.007782371983811057f,-0.5532966531416661f,0.04356376938879777f,0.9802967889293808f,0.19266656069848975f,4.319098177916993f,0.0006301246724284212f,0.19282264355613526f,-0.9812334233376485f,1.9519529803233076f,0f,0f,0f,1f], start_interpolation: 0, interpolation_duration: 1 }
$data merge entity $(bone_head_left_fin1) { transformation: [-0.6876282849297213f,0.06370708273935542f,-0.7232625729107316f,0.6023370062876802f,0.14801612008044593f,0.9875238166001983f,-0.05373955567092939f,3.9231630460605325f,0.7108154260853806f,-0.14400735834053366f,-0.6884789835447703f,1.808733476424043f,0f,0f,0f,1f], start_interpolation: 0, interpolation_duration: 1 }
$data merge entity $(bone_head_right_fin1) { transformation: [-0.6987967628388709f,0.02231228167899513f,0.7149721996918428f,-0.568425239392201f,-0.08756081366704632f,0.9893288441320174f,-0.1164540341867614f,3.97421433831303f,-0.7099409751210869f,-0.14398124966357181f,-0.6893861121239945f,1.809471903774545f,0f,0f,0f,1f], start_interpolation: 0, interpolation_duration: 1 }
$data merge entity $(bone_right_whisker16) { transformation: [0.24340777261252827f,0.8824737966395979f,-0.40248311079634225f,-1.0364607447740366f,0.9090062780405163f,-0.3522960232257111f,-0.22269957005409088f,1.6403525027073753f,-0.33831973444470426f,-0.3116528682105178f,-0.8879258116652664f,2.4177943329139153f,0f,0f,0f,1f], start_interpolation: 0, interpolation_duration: 1 }
$data merge entity $(bone_right_whisker15) { transformation: [-0.8431530212594889f,0.3565113297844747f,-0.40248311079634225f,-0.7894432580769208f,0.46793121008630967f,0.8552457448738842f,-0.22269957005409088f,1.5032632810024018f,0.264827048029761f,-0.37610422439853053f,-0.8879258116652664f,2.3402082836864464f,0f,0f,0f,1f], start_interpolation: 0, interpolation_duration: 1 }
$data merge entity $(bone_right_whisker14) { transformation: [-0.6794408585765647f,-0.613487950346573f,-0.40248311079634225f,-0.5903883190408179f,-0.5773596037882632f,0.7855321695584355f,-0.22269957005409088f,1.6724116024247446f,0.4527869340100261f,0.08106630229866044f,-0.8879258116652664f,2.2075558616131965f,0f,0f,0f,1f], start_interpolation: 0, interpolation_duration: 1 }
$data merge entity $(bone_right_whisker13) { transformation: [-0.10998007886928575f,-0.9775830586018813f,-0.17954315856221262f,-0.5581675928095818f,-0.992167590499166f,0.11874265737073528f,-0.038776973626308636f,1.9630857012037972f,0.05922714424134365f,0.17387220840354645f,-0.9829855545886158f,2.1902041591987405f,0f,0f,0f,1f], start_interpolation: 0, interpolation_duration: 1 }
$data merge entity $(bone_right_whisker12) { transformation: [0.02574376623754033f,-0.9881245324602821f,-0.15148322299863892f,-0.568223751496121f,-0.9828181109037948f,-0.0527228958209878f,0.17688656572997719f,2.346999025775592f,-0.18277258924522338f,0.14432672866242666f,-0.9725039722356916f,2.261599701872656f,0f,0f,0f,1f], start_interpolation: 0, interpolation_duration: 1 }
$data merge entity $(bone_right_whisker11) { transformation: [0.28231169397803385f,-0.9495287204340522f,-0.1367308177190649f,-0.6785017569562904f,-0.955630479530952f,-0.26586115889570117f,-0.1268393897102853f,2.72029218184237f,0.08408622975669588f,0.16647237987577976f,-0.9824543005676132f,2.2287535183739466f,0f,0f,0f,1f], start_interpolation: 0, interpolation_duration: 1 }
$data merge entity $(bone_right_whisker10) { transformation: [0.09032104306939054f,-0.9956424904310514f,-0.02319785393330693f,-0.7137834144052712f,-0.9284340980018045f,-0.0757503406067686f,-0.36369219343496256f,3.082961751374325f,0.36035015588512376f,0.05438673685938776f,-0.9312302873120883f,2.0879917387313203f,0f,0f,0f,1f], start_interpolation: 0, interpolation_duration: 1 }
$data merge entity $(bone_right_whisker1) { transformation: [-0.3490043875487089f,-0.935518066621325f,-0.05478945607367238f,-0.5774535755190567f,-0.9287761659143542f,0.35308990651462024f,-0.11270470951530348f,3.4457649411846196f,0.12478289586791469f,0.011552702826394645f,-0.9921168096329294f,2.039248420032916f,0f,0f,0f,1f], start_interpolation: 0, interpolation_duration: 1 }
$data merge entity $(bone_left_whisker16) { transformation: [0.27166409454249696f,-0.9436661392167843f,0.18892548116147267f,1.0387564021303888f,-0.9203335518676312f,-0.31213621559667293f,-0.23570561346666644f,1.5947150793249878f,0.2813978909713355f,-0.1098417070546337f,-0.9532838120665894f,2.188457043999645f,0f,0f,0f,1f], start_interpolation: 0, interpolation_duration: 1 }
$data merge entity $(bone_left_whisker15) { transformation: [-0.9001336647554035f,-0.39251311843289133f,0.18892548116147267f,0.7750453675340792f,-0.42959348109962625f,0.8717180190732594f,-0.23570561346666644f,1.4688576141590817f,-0.07217220081660242f,-0.29332771277375f,-0.9532838120665894f,2.167312844541656f,0f,0f,0f,1f], start_interpolation: 0, interpolation_duration: 1 }
$data merge entity $(bone_left_whisker14) { transformation: [-0.7361506204829822f,0.6499149379191298f,0.18892548116147267f,0.5593762404394554f,0.608490778548798f,0.7577478711295599f,-0.23570561346666644f,1.6471263969370498f,-0.29634648029561267f,-0.058555420485157716f,-0.9532838120665894f,2.080492586642551f,0f,0f,0f,1f], start_interpolation: 0, interpolation_duration: 1 }
$data merge entity $(bone_left_whisker13) { transformation: [-0.07705722664393151f,0.9961757462380331f,-0.04118332707594062f,0.5368008810711161f,0.9962808471348586f,0.07533646907590527f,-0.04181973289517538f,1.9390055513710904f,-0.03855719717762712f,-0.04425267262294229f,-0.998276035729363f,2.069196532781918f,0f,0f,0f,1f], start_interpolation: 0, interpolation_duration: 1 }
$data merge entity $(bone_left_whisker12) { transformation: [0.10767464731587503f,0.9925574173851825f,-0.056885354170108496f,0.5788612901788798f,0.9798840215072099f,-0.09628133541165318f,0.17480620368341304f,2.321772747272344f,0.16802819620605364f,-0.07456324593930634f,-0.982958212557754f,2.1348325469249074f,0f,0f,0f,1f], start_interpolation: 0, interpolation_duration: 1 }
$data merge entity $(bone_left_whisker11) { transformation: [0.29838540938766805f,0.9505057767367838f,-0.08663091742880966f,0.6954180907209376f,0.9428599992933739f,-0.30764602893586757f,-0.12794116855996976f,2.6900774344963185f,-0.14826047752875018f,-0.04350504878740856f,-0.9879909622729108f,2.076918297890239f,0f,0f,0f,1f], start_interpolation: 0, interpolation_duration: 1 }
$data merge entity $(bone_left_whisker10) { transformation: [0.04973207051491723f,0.9792569966713235f,-0.19642417272973067f,0.7148446807658272f,0.925354100686727f,-0.11918161437250195f,-0.3598826630136872f,3.0515438800770713f,-0.37582776574457377f,-0.16386420373536137f,-0.9120866259460326f,1.9301105768962652f,0f,0f,0f,1f], start_interpolation: 0, interpolation_duration: 1 }
$data merge entity $(bone_left_whisker1) { transformation: [-0.3271490227391093f,0.9299168165906804f,-0.16801259221469364f,0.5870520937583626f,0.9436458866579306f,0.312065938644842f,-0.1102147473402813f,3.4201555545528257f,-0.050059539694389144f,-0.19460103843394283f,-0.9796042457676555f,1.9105560692031445f,0f,0f,0f,1f], start_interpolation: 0, interpolation_duration: 1 }
$data merge entity $(bone_upper_left_tooth1) { transformation: [-0.9990504496468319f,0.04338278465866105f,0.004016597530671897f,0.27314173293769256f,0.04356376938879777f,0.9933584608881257f,0.10649491151512248f,3.6442481608810007f,0.0006301246724284212f,0.10656876736283635f,-0.9943051346370806f,2.841898663621411f,0f,0f,0f,1f], start_interpolation: 0, interpolation_duration: 1 }
$data merge entity $(bone_upper_right_tooth1) { transformation: [-0.9990504496468319f,0.04338278465866105f,0.004016597530671897f,-0.312239389902248f,0.04356376938879777f,0.9933584608881257f,0.10649491151512248f,3.669773807007249f,0.0006301246724284212f,0.10656876736283635f,-0.9943051346370806f,2.842267877296662f,0f,0f,0f,1f], start_interpolation: 0, interpolation_duration: 1 }
$data merge entity $(bone_top_lip1) { transformation: [-0.9990504496468319f,0.03971600621700914f,-0.017911948822884903f,0.009502623910073204f,0.04356376938879777f,0.9165649909879822f,-0.39750574246397996f,3.76265583015757f,0.0006301246724284212f,-0.39790860275366113f,-0.9174248453129698f,2.853515703165542f,0f,0f,0f,1f], start_interpolation: 0, interpolation_duration: 1 }
$data merge entity $(bone_muzzle1) { transformation: [-0.9990504496468319f,0.04338278465866105f,0.004016597530671897f,0.017818753269580143f,0.04356376938879777f,0.9933584608881257f,0.10649491151512248f,3.9601667919649723f,0.0006301246724284212f,0.10656876736283635f,-0.9943051346370806f,2.3836258084251956f,0f,0f,0f,1f], start_interpolation: 0, interpolation_duration: 1 }
$data merge entity $(bone_jaw_right_tooth1) { transformation: [-0.9990504496468319f,0.038446252315047086f,-0.020495968954672338f,-0.3176029460169948f,0.04356376938879777f,0.8883095314773763f,-0.457174336859675f,3.546350003494691f,0.0006301246724284212f,-0.4576331084715919f,-0.8891409005177556f,2.8713779343508423f,0f,0f,0f,1f], start_interpolation: 0, interpolation_duration: 1 }
$data merge entity $(bone_jaw_left_tooth1) { transformation: [-0.9990504496468319f,0.038446252315047086f,-0.020495968954672338f,0.3165599370596075f,0.04356376938879777f,0.8883095314773763f,-0.457174336859675f,3.518697220191255f,0.0006301246724284212f,-0.4576331084715919f,-0.8891409005177556f,2.8709779528693202f,0f,0f,0f,1f], start_interpolation: 0, interpolation_duration: 1 }
$data merge entity $(bone_tongue1) { transformation: [-0.9990504496468319f,0.04343506357818541f,-0.0034050422056337726f,-0.0033069029004586664f,0.04356376938879777f,0.9970208073075161f,-0.0636530265777549f,3.478759147989819f,0.0006301246724284212f,-0.06374092129729325f,-0.9979662809409291f,2.171501577344923f,0f,0f,0f,1f], start_interpolation: 0, interpolation_duration: 1 }
$data merge entity $(bone_jaw_lips1) { transformation: [-0.9990504496468319f,0.04343506357818541f,-0.0034050422056337726f,0.04325709889112106f,0.04356376938879777f,0.9970208073075161f,-0.0636530265777549f,3.4143911391998363f,0.0006301246724284212f,-0.06374092129729325f,-0.9979662809409291f,2.9582903508519696f,0f,0f,0f,1f], start_interpolation: 0, interpolation_duration: 1 }
$data merge entity $(bone_jaw3) { transformation: [-0.9990504496468319f,0.04142125501261876f,-0.01350846747942791f,0.029669812402556277f,0.04356376938879777f,0.9542016041453323f,-0.2959755000724117f,3.1132721687766503f,0.0006301246724284212f,-0.2962829361938588f,-0.9551000076762868f,2.233818972809049f,0f,0f,0f,1f], start_interpolation: 0, interpolation_duration: 1 }
$data merge entity $(bone_jaw1) { transformation: [-0.9990504496468319f,0.03884117926282142f,0.019737321346538578f,0.04508959470453954f,0.04356376938879777f,0.8840087080765279f,0.4654361417439644f,3.4768941545141225f,0.0006301246724284212f,0.4658540188066873f,-0.8848613654717646f,1.542521031034233f,0f,0f,0f,1f], start_interpolation: 0, interpolation_duration: 1 }
$data merge entity $(bone_tear_right1) { transformation: [-0.9990504496468319f,0.04286763052430994f,0.007782371983811057f,-0.5064751129062451f,0.04356376938879777f,0.9802967889293808f,0.19266656069848975f,4.042294983916466f,0.0006301246724284212f,0.19282264355613526f,-0.9812334233376485f,2.3358791229766207f,0f,0f,0f,1f], start_interpolation: 0, interpolation_duration: 1 }
$data merge entity $(bone_right_pupil1) { transformation: [-0.9990504496468319f,0.04286763052430994f,0.007782371983811057f,-0.34176532264356374f,0.04356376938879777f,0.9802967889293808f,0.19266656069848975f,4.119718496848383f,0.0006301246724284212f,0.19282264355613526f,-0.9812334233376485f,2.4121020715963097f,0f,0f,0f,1f], start_interpolation: 0, interpolation_duration: 1 }
$data merge entity $(bone_right_sad_pupil1) { transformation: [-0.9990504496468319f,0.04286763052430994f,0.007782371983811057f,-0.34168932291715937f,0.04356376938879777f,0.9802967889293808f,0.19266656069848975f,4.121600006230204f,0.0006301246724284212f,0.19282264355613526f,-0.9812334233376485f,2.402519713946528f,0f,0f,0f,1f], start_interpolation: 0, interpolation_duration: 1 }
$data merge entity $(bone_right_happy_pupil1) { transformation: [-0.9990504496468319f,0.04286763052430994f,0.007782371983811057f,-0.36712645044693754f,0.04356376938879777f,0.9802967889293808f,0.19266656069848975f,4.098730840474395f,0.0006301246724284212f,0.19282264355613526f,-0.9812334233376485f,2.397827573838631f,0f,0f,0f,1f], start_interpolation: 0, interpolation_duration: 1 }
$data merge entity $(bone_eyelid_right1) { transformation: [-0.9990504496468319f,0.04286763052430994f,0.007782371983811057f,0.03563738340692678f,0.04356376938879777f,0.9802967889293808f,0.19266656069848975f,4.1514304512963f,0.0006301246724284212f,0.19282264355613526f,-0.9812334233376485f,1.9137497510098525f,0f,0f,0f,1f], start_interpolation: 0, interpolation_duration: 1 }
$data merge entity $(bone_eyelid_expressions_right5) { transformation: [-0.9990504496468319f,0.04286763052430994f,0.007782371983811057f,-0.4497007672148261f,0.04356376938879777f,0.9802967889293808f,0.19266656069848975f,4.222224516417941f,0.0006301246724284212f,0.19282264355613526f,-0.9812334233376485f,2.421420815988816f,0f,0f,0f,1f], start_interpolation: 0, interpolation_duration: 1 }
$data merge entity $(bone_eyelid_expressions_right7) { transformation: [-0.9990504496468319f,0.04286763052430994f,0.007782371983811057f,-0.1570102057948559f,0.04356376938879777f,0.9802967889293808f,0.19266656069848975f,4.209461693354816f,0.0006301246724284212f,0.19282264355613526f,-0.9812334233376485f,2.4212362091511905f,0f,0f,0f,1f], start_interpolation: 0, interpolation_duration: 1 }
$data merge entity $(bone_eyelid_expressions_right6) { transformation: [-0.9990504496468319f,0.04286763052430994f,0.007782371983811057f,-0.2545737262681793f,0.04356376938879777f,0.9802967889293808f,0.19266656069848975f,4.2137159677091915f,0.0006301246724284212f,0.19282264355613526f,-0.9812334233376485f,2.4212977447637325f,0f,0f,0f,1f], start_interpolation: 0, interpolation_duration: 1 }
$data merge entity $(bone_right_eye1) { transformation: [-0.9990504496468319f,0.04286763052430994f,0.007782371983811057f,0.025805031633190027f,0.04356376938879777f,0.9802967889293808f,0.19266656069848975f,4.149974369349916f,0.0006301246724284212f,0.19282264355613526f,-0.9812334233376485f,1.9233382622208883f,0f,0f,0f,1f], start_interpolation: 0, interpolation_duration: 1 }
$data merge entity $(bone_tear_left1) { transformation: [-0.9990504496468319f,0.04286763052430994f,0.007782371983811057f,0.5472109082056479f,0.04356376938879777f,0.9802967889293808f,0.19266656069848975f,3.9963488208892177f,0.0006301246724284212f,0.19282264355613526f,-0.9812334233376485f,2.3352145383611687f,0f,0f,0f,1f], start_interpolation: 0, interpolation_duration: 1 }
$data merge entity $(bone_left_sad_pupil1) { transformation: [-0.9990504496468319f,0.04286763052430994f,0.007782371983811057f,0.3900370806327663f,0.04356376938879777f,0.9802967889293808f,0.19266656069848975f,4.0896929485723925f,0.0006301246724284212f,0.19282264355613526f,-0.9812334233376485f,2.4020581968524644f,0f,0f,0f,1f], start_interpolation: 0, interpolation_duration: 1 }
$data merge entity $(bone_left_pupil1) { transformation: [-0.9990504496468319f,0.04286763052430994f,0.007782371983811057f,0.38996108090636195f,0.04356376938879777f,0.9802967889293808f,0.19266656069848975f,4.087811439190571f,0.0006301246724284212f,0.19282264355613526f,-0.9812334233376485f,2.411640554502246f,0f,0f,0f,1f], start_interpolation: 0, interpolation_duration: 1 }
$data merge entity $(bone_eyelid_left1) { transformation: [-0.9990504496468319f,0.04286763052430994f,0.007782371983811057f,0.01612467931226209f,0.04356376938879777f,0.9802967889293808f,0.19266656069848975f,4.152281306167175f,0.0006301246724284212f,0.19282264355613526f,-0.9812334233376485f,1.9137620581323609f,0f,0f,0f,1f], start_interpolation: 0, interpolation_duration: 1 }
$data merge entity $(bone_left_happy_pupil1) { transformation: [-0.9990504496468319f,0.04286763052430994f,0.007782371983811057f,0.41338171333964985f,0.04356376938879777f,0.9802967889293808f,0.19266656069848975f,4.064696645639397f,0.0006301246724284212f,0.19282264355613526f,-0.9812334233376485f,2.3973352889382964f,0f,0f,0f,1f], start_interpolation: 0, interpolation_duration: 1 }
$data merge entity $(bone_eyelid_expressions_left5) { transformation: [-0.9990504496468319f,0.04286763052430994f,0.007782371983811057f,0.5064217334237434f,0.04356376938879777f,0.9802967889293808f,0.19266656069848975f,4.180532627745069f,0.0006301246724284212f,0.19282264355613526f,-0.9812334233376485f,2.420817766985906f,0f,0f,0f,1f], start_interpolation: 0, interpolation_duration: 1 }
$data merge entity $(bone_eyelid_expressions_left7) { transformation: [-0.9990504496468319f,0.04286763052430994f,0.007782371983811057f,0.2137311720037732f,0.04356376938879777f,0.9802967889293808f,0.19266656069848975f,4.193295450808193f,0.0006301246724284212f,0.19282264355613526f,-0.9812334233376485f,2.421002373823532f,0f,0f,0f,1f], start_interpolation: 0, interpolation_duration: 1 }
$data merge entity $(bone_eyelid_expressions_left6) { transformation: [-0.9990504496468319f,0.04286763052430994f,0.007782371983811057f,0.3112946924770966f,0.04356376938879777f,0.9802967889293808f,0.19266656069848975f,4.189041176453818f,0.0006301246724284212f,0.19282264355613526f,-0.9812334233376485f,2.42094083821099f,0f,0f,0f,1f], start_interpolation: 0, interpolation_duration: 1 }
$data merge entity $(bone_left_eye1) { transformation: [-0.9990504496468319f,0.04286763052430994f,0.007782371983811057f,0.025805031633190027f,0.04356376938879777f,0.9802967889293808f,0.19266656069848975f,4.149974369349916f,0.0006301246724284212f,0.19282264355613526f,-0.9812334233376485f,1.9233382622208883f,0f,0f,0f,1f], start_interpolation: 0, interpolation_duration: 1 }
$data merge entity $(bone_crest_middle5) { transformation: [-0.9990504496468319f,0.04353591010327514f,-0.0016803547074061087f,0.07423246022172458f,0.04356376938879777f,0.9987605168406097f,-0.024075464625171267f,5.251318752334275f,0.0006301246724284212f,-0.024125806344198725f,-0.9997087317869838f,2.562468272929522f,0f,0f,0f,1f], start_interpolation: 0, interpolation_duration: 1 }
$data merge entity $(bone_crest_middle4) { transformation: [-0.9990504496468319f,0.04353591010327514f,-0.0016803547074061087f,0.048723137895586806f,0.04356376938879777f,0.9987605168406097f,-0.024075464625171267f,4.66610751199798f,0.0006301246724284212f,-0.024125806344198725f,-0.9997087317869838f,2.576604487584326f,0f,0f,0f,1f], start_interpolation: 0, interpolation_duration: 1 }
$data merge entity $(bone_crest_middle1) { transformation: [-0.9990504496468319f,0.04353591010327514f,-0.0016803547074061087f,0.029714219530640663f,0.04356376938879777f,0.9987605168406097f,-0.024075464625171267f,4.228962428963568f,0.0006301246724284212f,-0.024125806344198725f,-0.9997087317869838f,2.660427815363337f,0f,0f,0f,1f], start_interpolation: 0, interpolation_duration: 1 }
$data merge entity $(bone_crest_left5) { transformation: [-0.5729436082004313f,-0.8115306077435575f,0.11468955714293605f,-0.9098681334941743f,-0.8033671299101673f,0.5837819933150935f,0.11747271538939015f,4.729938799646892f,-0.16228640239456618f,-0.024832578932289198f,-0.9864311768295853f,2.539874084279503f,0f,0f,0f,1f], start_interpolation: 0, interpolation_duration: 1 }
$data merge entity $(bone_crest_left4) { transformation: [-0.5729436082004313f,-0.8115306077435575f,0.11468955714293605f,-0.5136129539318903f,-0.8033671299101673f,0.5837819933150935f,0.11747271538939015f,4.444888998223506f,-0.16228640239456618f,-0.024832578932289198f,-0.9864311768295853f,2.551999366961285f,0f,0f,0f,1f], start_interpolation: 0, interpolation_duration: 1 }
$data merge entity $(bone_crest_left1) { transformation: [-0.5729436082004313f,-0.8115306077435575f,0.11468955714293605f,-0.07213218038100805f,-0.8033671299101673f,0.5837819933150935f,0.11747271538939015f,4.137070189088905f,-0.16228640239456618f,-0.024832578932289198f,-0.9864311768295853f,2.517171593105113f,0f,0f,0f,1f], start_interpolation: 0, interpolation_duration: 1 }
$data merge entity $(bone_crest_center1) { transformation: [-0.9990504496468319f,0.04286763052430994f,0.007782371983811057f,0.024384780477602508f,0.04356376938879777f,0.9802967889293808f,0.19266656069848975f,4.1088831940038055f,0.0006301246724284212f,0.19282264355613526f,-0.9812334233376485f,2.5124025336784523f,0f,0f,0f,1f], start_interpolation: 0, interpolation_duration: 1 }
$data merge entity $(bone_crest_right5) { transformation: [-0.5006352224274906f,0.8592336397613046f,-0.10527072892080505f,1.009185151772094f,0.8501807223715921f,0.510928026423752f,0.12706412208978468f,4.646258145888408f,0.16296353387397708f,-0.025886369333500955f,-0.9862924426913322f,2.5386636921284573f,0f,0f,0f,1f], start_interpolation: 0, interpolation_duration: 1 }
$data merge entity $(bone_crest_right4) { transformation: [-0.5006352224274906f,0.8592336397613046f,-0.10527072892080505f,0.5896374761073944f,0.8501807223715921f,0.510928026423752f,0.12706412208978468f,4.396781570486185f,0.16296353387397708f,-0.025886369333500955f,-0.9862924426913322f,2.5513035209045807f,0f,0f,0f,1f], start_interpolation: 0, interpolation_duration: 1 }
$data merge entity $(bone_crest_right1) { transformation: [-0.5006352224274906f,0.8592336397613046f,-0.10527072892080505f,0.1229948605656388f,0.8501807223715921f,0.510928026423752f,0.12706412208978468f,4.1285616403801555f,0.16296353387397708f,-0.025886369333500955f,-0.9862924426913322f,2.517048521880029f,0f,0f,0f,1f], start_interpolation: 0, interpolation_duration: 1 }
$data merge entity $(bone_head1) { transformation: [-0.9990504496468319f,0.04286763052430994f,0.007782371983811057f,0.027891870563737473f,0.04356376938879777f,0.9802967889293808f,0.19266656069848975f,4.20559133120314f,0.0006301246724284212f,0.19282264355613526f,-0.9812334233376485f,1.3868934233405041f,0f,0f,0f,1f], start_interpolation: 0, interpolation_duration: 1 }
$data merge entity $(bone_neck10) { transformation: [-1.2998317332990448f,0.05475756183078896f,-0.05347972957665698f,-0.02663970530886732f,0.03784483359100143f,1.2505735276923526f,0.36063087409429945f,4.087368770687622f,0.06652999792360167f,0.35845288142501563f,-1.2500025192449948f,0.3887307639509406f,0f,0f,0f,1f], start_interpolation: 0, interpolation_duration: 1 }
$data merge entity $(bone_neck9) { transformation: [-0.9982707711736665f,0.049085306282322744f,-0.03234347117276943f,-0.0873757644967395f,0.0290648321978891f,0.8904092277349234f,0.4542319261058231f,2.934787137522884f,0.05109503840532609f,0.452506397603026f,-0.8902961626215685f,-0.14226875631552f,0f,0f,0f,1f], start_interpolation: 0, interpolation_duration: 1 }
$data merge entity $(bone_neck8) { transformation: [-0.9982803761703685f,0.020802538909766792f,-0.054804606814164034f,-0.09874680448300882f,0.02861318967684233f,0.9888949794877382f,-0.14583554066297807f,2.2939211040740606f,0.05116225102225779f,-0.14715289300198547f,-0.9877896791075931f,-0.005727944330206403f,0f,0f,0f,1f], start_interpolation: 0, interpolation_duration: 1 }
$data merge entity $(bone_neck7) { transformation: [-0.9979915879612645f,-0.024807711907818646f,-0.0582869435504403f,-0.07720423894080944f,-1.734723475976807e-18f,0.9201275762566252f,-0.39161874752379855f,1.5518054927676794f,0.06334658916274451f,-0.39083221571667737f,-0.9182795809552988f,0.3336636389953783f,0f,0f,0f,1f], start_interpolation: 0, interpolation_duration: 1 }
$data merge entity $(bone_neck6) { transformation: [-0.9979915879612645f,-0.016395303717603227f,-0.061188106479618136f,-0.06470450739945974f,-1.734723475976807e-18f,0.9659258262890684f,-0.25881904510252063f,0.7809029194791548f,0.06334658916274451f,-0.2582992298164828f,-0.9639858492310239f,0.5305902153891345f,0f,0f,0f,1f], start_interpolation: 0, interpolation_duration: 1 }
$data merge entity $(bone_neck_spine6) { transformation: [-1.0649116458084604f,-0.24658365825202996f,-0.1734974455775169f,-0.1412657305778669f,-0.09692062382521027f,-0.3231095137264089f,1.0541101993312545f,0.7807590243355276f,-0.2855017632453597f,1.029435971364849f,0.28929569917518777f,-1.6956223247318634f,0f,0f,0f,1f], start_interpolation: 0, interpolation_duration: 1 }
$data merge entity $(bone_neck_spine7) { transformation: [-0.9395401249757583f,-0.34040550367207045f,-0.037261865630967755f,0.7388509484972337f,-0.04382550236079118f,0.011610468857272183f,0.9989717325108549f,1.8000829297573167f,-0.339622848029046f,0.9402070463906755f,-0.02582694356599541f,-4.570687884736055f,0f,0f,0f,1f], start_interpolation: 0, interpolation_duration: 1 }
$data merge entity $(bone_tail6) { transformation: [-1.3963612575668505f,-0.3191579518966333f,-0.43647190263692465f,1.4747521247572692f,-0.4839495775493609f,0.19857054078098363f,1.4030526819787528f,1.2389109837640515f,-0.24116866803162024f,1.449448937961983f,-0.28832227018522205f,-7.919836768487783f,0f,0f,0f,1f], start_interpolation: 0, interpolation_duration: 1 }
$data merge entity $(bone_tail5) { transformation: [-1.153515821468268f,-0.2636522211320015f,-0.36056374565659f,1.3082349324633733f,-0.39978443362773297f,0.16403653368863866f,1.1590435198954914f,1.3425130050410865f,-0.19922629098264283f,1.1973708617946819f,-0.23817926667474865f,-7.163602539985877f,0f,0f,0f,1f], start_interpolation: 0, interpolation_duration: 1 }
$data merge entity $(bone_tail4) { transformation: [-0.9325264746185575f,-0.21314200613618645f,-0.29148732280448536f,1.2249763363164254f,-0.3231941526590515f,0.13261058723460473f,0.9369951823997236f,1.394314015679604f,-0.16105872786807335f,0.9679798124824375f,-0.19254913348021785f,-6.785485425734925f,0f,0f,0f,1f], start_interpolation: 0, interpolation_duration: 1 }
$data merge entity $(bone_segment18) { transformation: [-0.9325264746185575f,-0.21314200613618645f,-0.29148732280448536f,1.1209030911327407f,-0.3231941526590515f,0.13261058723460473f,0.9369951823997236f,1.4590652789777507f,-0.16105872786807335f,0.9679798124824375f,-0.19254913348021785f,-6.312839032921235f,0f,0f,0f,1f], start_interpolation: 0, interpolation_duration: 1 }
$data merge entity $(bone_segment17) { transformation: [-0.9325264746185575f,-0.21314200613618645f,-0.29148732280448536f,0.9856078723939505f,-0.3231941526590515f,0.13261058723460473f,0.9369951823997236f,1.5432419212653417f,-0.16105872786807335f,0.9679798124824375f,-0.19254913348021785f,-5.698398722263438f,0f,0f,0f,1f], start_interpolation: 0, interpolation_duration: 1 }
$data merge entity $(bone_segment16) { transformation: [-0.9841717276130648f,-0.14500028592463715f,-0.10188683746632077f,0.8652463069291638f,-0.09200173139224868f,-0.0733356887214843f,0.9930546602179431f,1.4823675702758283f,-0.1514651510676417f,0.98671008601388f,0.058834634107279266f,-4.879352264146448f,0f,0f,0f,1f], start_interpolation: 0, interpolation_duration: 1 }
$data merge entity $(bone_segment15) { transformation: [-0.9395401249757583f,-0.3191623869264456f,-0.12409562575671265f,0.5379801875221639f,-0.04382550236079118f,-0.2473380581683061f,0.9679376066278014f,1.2287494442243425f,-0.339622848029046f,0.9148547730393852f,0.21839657814099078f,-3.9412687566353597f,0f,0f,0f,1f], start_interpolation: 0, interpolation_duration: 1 }
$data merge entity $(bone_segment14) { transformation: [-0.9349888828825742f,-0.30036303780723467f,-0.1886208747864499f,0.22999074445810513f,-0.03689593943651657f,-0.4465556006571614f,0.8939948462797864f,0.7708555177692457f,-0.3527527158493507f,0.8428345869984994f,0.4064423457514921f,-3.077034072701352f,0f,0f,0f,1f], start_interpolation: 0, interpolation_duration: 1 }
$data merge entity $(bone_segment13) { transformation: [-0.962178992918703f,-0.19218972595950706f,-0.19306655541952364f,0.028250415892414296f,-0.08757063423266057f,-0.4528896626722054f,0.8872555085570029f,0.26269171627355403f,-0.25795924020286615f,0.8706055723921513f,0.4189307433379581f,-2.1520409134183875f,0f,0f,0f,1f], start_interpolation: 0, interpolation_duration: 1 }
$data merge entity $(bone_segment12) { transformation: [-0.9854262505037529f,-0.08713750189931113f,-0.1460895635590115f,-0.07386384414584096f,-0.12262265725933924f,-0.2313329797935947f,0.9651159186266047f,-0.008401619422064799f,-0.11789312424723307f,0.968964451475163f,0.21727655886602798f,-1.016535696845931f,0f,0f,0f,1f], start_interpolation: 0, interpolation_duration: 1 }
$data merge entity $(bone_segment11) { transformation: [-1.0315884297927358f,-0.010838643073439822f,-0.08518390251771098f,-0.08462065999023391f,-0.08449402541438737f,0.311257038061809f,0.9836301529743409f,0.35145079177264316f,0.015314473581980194f,0.9871930115166833f,-0.3110689422388399f,0.12429818798288339f,0f,0f,0f,1f], start_interpolation: 0, interpolation_duration: 1 }
$data merge entity $(bone_segment10) { transformation: [-0.9979284700349448f,0.031831013152352906f,-0.05590666593000417f,-0.05953867364234123f,-0.002575040469854859f,0.8485566189367002f,0.5290983213215618f,1.134531249873588f,0.06428170704246242f,0.528146240221788f,-0.846716842326463f,0.6119751597492112f,0f,0f,0f,1f], start_interpolation: 0, interpolation_duration: 1 }