# This file was generated by Animated Java via MC-Build. It is not recommended to edit this file directly.
$data merge entity $(bone_neck_spine5) { transformation: [-1.5677974141846776f,0.061256761654727085f,-0.10138083045653111f,0.03661606144910268f,0.039418425442927514f,1.5388098330522961f,0.32020256244103784f,4.33209908860312f,0.11169893181261993f,0.3167508522637032f,-1.5359724742907275f,-0.5051545760029634f,0f,0f,0f,1f], start_interpolation: 0, interpolation_duration: 1 }
$data merge entity $(bone_neck_spine2) { transformation: [-1.4931403944615973f,0.05195989382932664f,-0.10013098194034663f,0.0870975603837241f,0.03754135756469286f,1.4822153884245277f,0.20933817251938078f,5.652065684487205f,0.106379935059638f,0.2062328621602272f,-1.4793057823404652f,1.318377261088954f,0f,0f,0f,1f], start_interpolation: 0, interpolation_duration: 1 }
$data merge entity $(bone_scale_neck_left1) { transformation: [-1.568101721033126f,0.5040390421504527f,0.007531090138489725f,0.8374479257544594f,0.45048714382611393f,1.390142178905356f,0.7600139054736647f,4.744472841847562f,0.2262153986315037f,0.7256062618624486f,-1.4612929983427918f,1.1049790304110223f,0f,0f,0f,1f], start_interpolation: 0, interpolation_duration: 1 }
$data merge entity $(bone_scale_neck_right1) { transformation: [-1.6048765913958614f,-0.3260048711907225f,-0.17648521520850777f,-0.7303494884302175f,-0.3707103768095975f,1.4110115997988777f,0.7646405446982074f,4.78389126729049f,-0.00015411995077557292f,0.7847433784560436f,-1.4481826152298987f,1.2166779622236419f,0f,0f,0f,1f], start_interpolation: 0, interpolation_duration: 1 }
$data merge entity $(bone_blush_right1) { transformation: [-0.999068986988987f,0.043058387219745205f,-0.0026710535062650087f,-0.5869554319839816f,0.04182214631844965f,0.9818578863796344f,0.18494863890127805f,4.322568750500148f,0.010586185059644329f,0.18466474012152848f,-0.98274455808299f,2.5531163456346277f,0f,0f,0f,1f], start_interpolation: 0, interpolation_duration: 1 }
$data merge entity $(bone_blush_left1) { transformation: [-0.999068986988987f,0.043058387219745205f,-0.0026710535062650087f,0.7370061064379476f,0.04182214631844965f,0.9818578863796344f,0.18494863890127805f,4.267146238240249f,0.010586185059644329f,0.18466474012152848f,-0.98274455808299f,2.5390875828163293f,0f,0f,0f,1f], start_interpolation: 0, interpolation_duration: 1 }
$data merge entity $(bone_left_head_scales) { transformation: [-0.8849516592992289f,0.043058387219745205f,-0.4636879726643507f,0.778607999759101f,-0.04830308068114266f,0.9818578863796344f,0.18336276435205753f,5.056110732912007f,0.4631709976890308f,0.18466474012152848f,-0.866816912995816f,2.28748647684392f,0f,0f,0f,1f], start_interpolation: 0, interpolation_duration: 1 }
$data merge entity $(bone_left_head_scales2) { transformation: [-0.8168573497263344f,0.043058387219745205f,-0.5752304281660551f,0.7403726877353365f,-0.07182348455566014f,0.9818578863796344f,0.17548925329033682f,4.142816889474767f,0.5723508166014543f,0.18466474012152848f,-0.7989452274664997f,2.287126980122738f,0f,0f,0f,1f], start_interpolation: 0, interpolation_duration: 1 }
$data merge entity $(bone_left_head_scales1) { transformation: [-0.999068986988987f,0.043058387219745205f,-0.0026710535062650087f,0.7737723410381335f,0.04182214631844965f,0.9818578863796344f,0.18494863890127805f,4.945843489812732f,0.010586185059644329f,0.18466474012152848f,-0.98274455808299f,2.266747760912303f,0f,0f,0f,1f], start_interpolation: 0, interpolation_duration: 1 }
$data merge entity $(bone_right_head_scales) { transformation: [-0.8874183698040178f,0.043058387219745205f,0.45894946587223917f,-0.567793564737776f,0.1224964743836017f,0.9818578863796344f,0.1447401282219439f,5.11247260978648f,-0.44439087602916294f,0.18466474012152848f,-0.8765932255372965f,2.301753015303206f,0f,0f,0f,1f], start_interpolation: 0, interpolation_duration: 1 }
$data merge entity $(bone_right_head_scales2) { transformation: [-0.8199214564291873f,0.043058387219745205f,0.5708544302859305f,-0.6060288767615405f,0.1403408778622829f,0.9818578863796344f,0.1275128579985601f,4.19917876634924f,-0.5550074263357957f,0.18466474012152848f,-0.8110892000686265f,2.301393518582024f,0f,0f,0f,1f], start_interpolation: 0, interpolation_duration: 1 }
$data merge entity $(bone_right_head_scales1) { transformation: [-0.999068986988987f,0.043058387219745205f,-0.0026710535062650087f,-0.5726292234587435f,0.04182214631844965f,0.9818578863796344f,0.18494863890127805f,5.002205366687205f,0.010586185059644329f,0.18466474012152848f,-0.98274455808299f,2.281014299371589f,0f,0f,0f,1f], start_interpolation: 0, interpolation_duration: 1 }
$data merge entity $(bone_head_left_fin1) { transformation: [-0.7133307323558384f,0.06332682967540634f,-0.765391518730851f,0.7554136583965356f,0.15974888522341127f,1.0339944290057528f,-0.0633325546628175f,4.547919563901228f,0.7512088644123776f,-0.15975115477987462f,-0.7133302240897522f,2.1062028803405792f,0f,0f,0f,1f], start_interpolation: 0, interpolation_duration: 1 }
$data merge entity $(bone_head_right_fin1) { transformation: [-0.7399151948957378f,0.01993694275207184f,0.7421611824268877f,-0.5909879061003414f,-0.0989143837047725f,1.0358107782501804f,-0.1264403985371544f,4.604281440775702f,-0.7358101977302847f,-0.1592913933633264f,-0.7293043280700197f,2.1204694187998654f,0f,0f,0f,1f], start_interpolation: 0, interpolation_duration: 1 }
$data merge entity $(bone_right_whisker16) { transformation: [0.24589006164914495f,0.8832732725157668f,-0.39920721892454136f,-1.1323135688075951f,0.9066956010448912f,-0.35520709214506063f,-0.22744451792842696f,1.9273141520695196f,-0.3426968990639156f,-0.3060330827690656f,-0.8882018844963337f,2.825415454506092f,0f,0f,0f,1f], start_interpolation: 0, interpolation_duration: 1 }
$data merge entity $(bone_right_whisker15) { transformation: [-0.8436216537727697f,0.359076735036161f,-0.39920721892454136f,-0.8480855702220429f,0.47051577053781435f,0.8525748652989442f,-0.22744451792842696f,1.7687907723473069f,0.2586840060013439f,-0.3797104125728684f,-0.8882018844963337f,2.738261175140405f,0f,0f,0f,1f], start_interpolation: 0, interpolation_duration: 1 }
$data merge entity $(bone_right_whisker14) { transformation: [-0.6819639579912306f,-0.6128284885344898f,-0.39920721892454136f,-0.6183223226566383f,-0.5738466823858793f,0.7867458143384214f,-0.22744451792842696f,1.9621277893620803f,0.4534590886900983f,0.07397477449446402f,-0.8882018844963337f,2.5854844313922762f,0f,0f,0f,1f], start_interpolation: 0, interpolation_duration: 1 }
$data merge entity $(bone_right_whisker13) { transformation: [-0.11145135934858062f,-0.9781217192426609f,-0.17566017432854197f,-0.5807727924073607f,-0.9916656475233367f,0.12096095325432381f,-0.04435866668337926f,2.2962338913108606f,0.06463619745526017f,0.1692523268188225f,-0.9834509707377074f,2.5637075875230724f,0f,0f,0f,1f], start_interpolation: 0, interpolation_duration: 1 }
$data merge entity $(bone_right_whisker12) { transformation: [0.025250384206238104f,-0.9887584993736205f,-0.1473738376166634f,-0.5921157384375068f,-0.9839104596464583f,-0.050662989703429945f,0.1713285407414826f,2.738224918105168f,-0.17686895006114858f,0.14067654883005715f,-0.9741290895530896f,2.643160436183354f,0f,0f,0f,1f], start_interpolation: 0, interpolation_duration: 1 }
$data merge entity $(bone_right_whisker11) { transformation: [0.2807830919506135f,-0.9505169626669222f,-0.13295999006130163f,-0.7182487680246965f,-0.9554617085640438f,-0.26371382363550283f,-0.13246864795649496f,3.1674362324991723f,0.090850309534597f,0.1642331358343714f,-0.9822289439593381f,2.602348773697109f,0f,0f,0f,1f], start_interpolation: 0, interpolation_duration: 1 }
$data merge entity $(bone_right_whisker10) { transformation: [0.08772356515295732f,-0.9959455112991107f,-0.019927735446038326f,-0.7576558383082516f,-0.9264007301444652f,-0.07421167167883778f,-0.36915351139388436f,3.583592810493756f,0.3661779120928199f,0.050844530775539964f,-0.9291547612672272f,2.4378547897491627f,0f,0f,0f,1f], start_interpolation: 0, interpolation_duration: 1 }
$data merge entity $(bone_right_whisker1) { transformation: [-0.35065670937277277f,-0.935116373925549f,-0.05096311792062106f,-0.6001342696447013f,-0.927596458097979f,0.35429452393620026f,-0.11849135509777109f,4.000286531904957f,0.12885915992254304f,0.005723419009092595f,-0.9916463882750255f,2.3799688390027076f,0f,0f,0f,1f], start_interpolation: 0, interpolation_duration: 1 }
$data merge entity $(bone_left_whisker16) { transformation: [0.2693907426104587f,-0.9436074306297718f,0.19244127586374457f,1.255154225411205f,-0.918987851268041f,-0.3116260494489777f,-0.24155855299817464f,1.8703600577511434f,0.2879061600895927f,-0.11177755662521681f,-0.9511129379928347f,2.5715516900474005f,0f,0f,0f,1f], start_interpolation: 0, interpolation_duration: 1 }
$data merge entity $(bone_left_whisker15) { transformation: [-0.9003721903997565f,-0.3902515523334644f,0.19244127586374457f,0.9518061729815994f,-0.4289120303189142f,0.8704504211735062f,-0.24155855299817464f,1.7258535631612748f,-0.07324198933980028f,-0.300032981820643f,-0.9511129379928347f,2.5468754338733466f,0f,0f,0f,1f], start_interpolation: 0, interpolation_duration: 1 }
$data merge entity $(bone_left_whisker14) { transformation: [-0.7342017508093706f,0.6510868947017663f,0.19244127586374457f,0.7044432784218021f,0.6076299382458269f,0.7565945569595385f,-0.24155855299817464f,1.9305726341523002f,-0.3028756300130916f,-0.06041963196520264f,-0.9511129379928347f,2.444832374933389f,0f,0f,0f,1f], start_interpolation: 0, interpolation_duration: 1 }
$data merge entity $(bone_left_whisker13) { transformation: [-0.07566181719459199f,0.9964377339652132f,-0.03724421765970005f,0.6789517482146398f,0.9961293146483364f,0.0738569690215062f,-0.04766064020962957f,2.266182608325812f,-0.04474011529989183f,-0.04070614765888873f,-0.9981689895131608f,2.4297588009309843f,0f,0f,0f,1f], start_interpolation: 0, interpolation_duration: 1 }
$data merge entity $(bone_left_whisker12) { transformation: [0.10822215006081534f,0.9927269071894038f,-0.052737595492923665f,0.7275671671872717f,0.9807264136358832f,-0.09793219559979796f,0.1690709515614719f,2.7067433019513065f,0.16267657432191346f,-0.07001837478236544f,-0.9841919321756923f,2.5028361683021565f,0f,0f,0f,1f], start_interpolation: 0, interpolation_duration: 1 }
$data merge entity $(bone_left_whisker11) { transformation: [0.3001495691676105f,0.9502882768638703f,-0.0828397669214135f,0.8623999814617843f,0.9416033044196732f,-0.3090583686615115f,-0.13366428792402857f,3.129729161358582f,-0.15262192907459313f,-0.037882919837065945f,-0.9875583178476943f,2.434275536100679f,0f,0f,0f,1f], start_interpolation: 0, interpolation_duration: 1 }
$data merge entity $(bone_left_whisker10) { transformation: [0.05238636048789154f,0.979755086885001f,-0.19322432289387576f,0.8859329168372043f,0.9230583462433241f,-0.12134287842697684f,-0.3650194450787463f,3.544384277835075f,-0.38107605364988817f,-0.15923528370942172f,-0.910727821995467f,2.2630890276251434f,0f,0f,0f,1f], start_interpolation: 0, interpolation_duration: 1 }
$data merge entity $(bone_left_whisker1) { transformation: [-0.3257709801851922f,0.9310752164338121f,-0.16423218263150824f,0.7395904843321376f,0.9437329381476507f,0.3097757027354036f,-0.11578927173961251f,3.9683268086435897f,-0.05693338145922844f,-0.19271210480277798f,-0.97960228395921f,2.2375134851727556f,0f,0f,0f,1f], start_interpolation: 0, interpolation_duration: 1 }
$data merge entity $(bone_upper_left_tooth1) { transformation: [-0.999068986988987f,0.04266173940443429f,-0.006413675060913735f,0.3896768048799344f,0.04182214631844965f,0.9942409566845686f,0.09867030013267514f,4.235870798650345f,0.010586185059644329f,0.09831020314261461f,-0.9950995109253852f,3.300664818253117f,0f,0f,0f,1f], start_interpolation: 0, interpolation_duration: 1 }
$data merge entity $(bone_upper_right_tooth1) { transformation: [-0.999068986988987f,0.04266173940443429f,-0.006413675060913735f,-0.2835239773685041f,0.04182214631844965f,0.9942409566845686f,0.09867030013267514f,4.2640517370875815f,0.010586185059644329f,0.09831020314261461f,-0.9950995109253852f,3.30779808748276f,0f,0f,0f,1f], start_interpolation: 0, interpolation_duration: 1 }
$data merge entity $(bone_top_lip1) { transformation: [-0.999068986988987f,0.03386589514253768f,-0.026725650281957416f,0.08639703003304089f,0.04182214631844965f,0.9123069283508651f,-0.4073659000951452f,4.371610759005089f,0.010586185059644329f,-0.4081043611984613f,-0.9128739031523898f,3.316078995818485f,0f,0f,0f,1f], start_interpolation: 0, interpolation_duration: 1 }
$data merge entity $(bone_muzzle1) { transformation: [-0.999068986988987f,0.04266173940443429f,-0.006413675060913735f,0.08998227113386073f,0.04182214631844965f,0.9942409566845686f,0.09867030013267514f,4.594503325024988f,0.010586185059644329f,0.09831020314261461f,-0.9950995109253852f,2.7738683427520834f,0f,0f,0f,1f], start_interpolation: 0, interpolation_duration: 1 }
$data merge entity $(bone_jaw_right_tooth1) { transformation: [-0.999068986988987f,0.032224137380045925f,-0.028683866665963557f,-0.2893392551042522f,0.04182214631844965f,0.886587545329896f,-0.4606662919546294f,4.116290215112181f,0.010586185059644329f,-0.4614370265117674f,-0.887109803378286f,3.3427342192143326f,0f,0f,0f,1f], start_interpolation: 0, interpolation_duration: 1 }
$data merge entity $(bone_jaw_left_tooth1) { transformation: [-0.999068986988987f,0.032224137380045925f,-0.028683866665963557f,0.4399615923315562f,0.04182214631844965f,0.886587545329896f,-0.4606662919546294f,4.085760865138507f,0.010586185059644329f,-0.4614370265117674f,-0.887109803378286f,3.335006510882219f,0f,0f,0f,1f], start_interpolation: 0, interpolation_duration: 1 }
$data merge entity $(bone_tongue1) { transformation: [-0.999068986988987f,0.04109594147959964f,-0.013125655439031223f,0.06432582689791934f,0.04182214631844965f,0.9972660626429697f,-0.06092050868062998f,4.042064262863059f,0.010586185059644329f,-0.06141273397670752f,-0.9980563154408618f,2.535031552299915f,0f,0f,0f,1f], start_interpolation: 0, interpolation_duration: 1 }
$data merge entity $(bone_jaw_lips1) { transformation: [-0.999068986988987f,0.04109594147959964f,-0.013125655439031223f,0.12691093101745535f,0.04182214631844965f,0.9972660626429697f,-0.06092050868062998f,3.9656521776894724f,0.010586185059644329f,-0.06141273397670752f,-0.9980563154408618f,3.439059790613583f,0f,0f,0f,1f], start_interpolation: 0, interpolation_duration: 1 }
$data merge entity $(bone_jaw3) { transformation: [-0.999068986988987f,0.03671548150098551f,-0.02265243154607556f,0.10346663334836678f,0.04182214631844965f,0.9531121504754476f,-0.29971342427957093f,3.616098833879918f,0.010586185059644329f,-0.30038176048858006f,-0.9537603109018871f,2.607466579044142f,0f,0f,0f,1f], start_interpolation: 0, interpolation_duration: 1 }
$data merge entity $(bone_jaw1) { transformation: [-0.999068986988987f,0.04197945390047019f,0.009944077987281998f,0.11240076591506545f,0.04182214631844965f,0.8858814595532075f,0.4620226701117567f,4.031197326558449f,0.010586185059644329f,0.46200840367908597f,-0.8868123632515424f,1.8107210964353342f,0f,0f,0f,1f], start_interpolation: 0, interpolation_duration: 1 }
$data merge entity $(bone_tear_right1) { transformation: [-0.999068986988987f,0.043058387219745205f,-0.0026710535062650087f,-0.5136605866268404f,0.04182214631844965f,0.9818578863796344f,0.18494863890127805f,4.687462150625353f,0.010586185059644329f,0.18466474012152848f,-0.98274455808299f,2.724437550731869f,0f,0f,0f,1f], start_interpolation: 0, interpolation_duration: 1 }
$data merge entity $(bone_right_pupil1) { transformation: [-0.999068986988987f,0.043058387219745205f,-0.0026710535062650087f,-0.3235150887303794f,0.04182214631844965f,0.9818578863796344f,0.18494863890127805f,4.777517291227007f,0.010586185059644329f,0.18466474012152848f,-0.98274455808299f,2.809434713722446f,0f,0f,0f,1f], start_interpolation: 0, interpolation_duration: 1 }
$data merge entity $(bone_right_sad_pupil1) { transformation: [-0.999068986988987f,0.043058387219745205f,-0.0026710535062650087f,-0.323545085913311f,0.04182214631844965f,0.9818578863796344f,0.18494863890127805f,4.779594351136542f,0.010586185059644329f,0.18466474012152848f,-0.98274455808299f,2.7983980316736625f,0f,0f,0f,1f], start_interpolation: 0, interpolation_duration: 1 }
$data merge entity $(bone_right_happy_pupil1) { transformation: [-0.999068986988987f,0.043058387219745205f,-0.0026710535062650087f,-0.3528036586727127f,0.04182214631844965f,0.9818578863796344f,0.18494863890127805f,4.753202083955286f,0.010586185059644329f,0.18466474012152848f,-0.98274455808299f,2.793510634801474f,0f,0f,0f,1f], start_interpolation: 0, interpolation_duration: 1 }
$data merge entity $(bone_eyelid_right1) { transformation: [-0.999068986988987f,0.043058387219745205f,-0.0026710535062650087f,0.10450808656278615f,0.04182214631844965f,0.9818578863796344f,0.18494863890127805f,4.8102309412033035f,0.010586185059644329f,0.18466474012152848f,-0.98274455808299f,2.2316173863752433f,0f,0f,0f,1f], start_interpolation: 0, interpolation_duration: 1 }
$data merge entity $(bone_eyelid_expressions_right5) { transformation: [-0.999068986988987f,0.043058387219745205f,-0.0026710535062650087f,-0.44773921808287703f,0.04182214631844965f,0.9818578863796344f,0.18494863890127805f,4.895262925739788f,0.010586185059644329f,0.18466474012152848f,-0.98274455808299f,2.820503953736551f,0f,0f,0f,1f], start_interpolation: 0, interpolation_duration: 1 }
$data merge entity $(bone_eyelid_expressions_right7) { transformation: [-0.999068986988987f,0.043058387219745205f,-0.0026710535062650087f,-0.1111388269586578f,0.04182214631844965f,0.9818578863796344f,0.18494863890127805f,4.88117245652117f,0.010586185059644329f,0.18466474012152848f,-0.98274455808299f,2.8169373191217293f,0f,0f,0f,1f], start_interpolation: 0, interpolation_duration: 1 }
$data merge entity $(bone_eyelid_expressions_right6) { transformation: [-0.999068986988987f,0.043058387219745205f,-0.0026710535062650087f,-0.2233389573333976f,0.04182214631844965f,0.9818578863796344f,0.18494863890127805f,4.885869279594043f,0.010586185059644329f,0.18466474012152848f,-0.98274455808299f,2.81812619732667f,0f,0f,0f,1f], start_interpolation: 0, interpolation_duration: 1 }
$data merge entity $(bone_right_eye1) { transformation: [-0.999068986988987f,0.043058387219745205f,-0.0026710535062650087f,0.09331807070824386f,0.04182214631844965f,0.9818578863796344f,0.18494863890127805f,4.808623563601055f,0.010586185059644329f,0.18466474012152848f,-0.98274455808299f,2.242772956244521f,0f,0f,0f,1f], start_interpolation: 0, interpolation_duration: 1 }
$data merge entity $(bone_tear_left1) { transformation: [-0.999068986988987f,0.043058387219745205f,-0.0026710535062650087f,0.698100821420349f,0.04182214631844965f,0.9818578863796344f,0.18494863890127805f,4.636736461438327f,0.010586185059644329f,0.18466474012152848f,-0.98274455808299f,2.7115976661185113f,0f,0f,0f,1f], start_interpolation: 0, interpolation_duration: 1 }
$data merge entity $(bone_left_sad_pupil1) { transformation: [-0.999068986988987f,0.043058387219745205f,-0.0026710535062650087f,0.5179558918972371f,0.04182214631844965f,0.9818578863796344f,0.18494863890127805f,4.744368178089998f,0.010586185059644329f,0.18466474012152848f,-0.98274455808299f,2.7894814451366083f,0f,0f,0f,1f], start_interpolation: 0, interpolation_duration: 1 }
$data merge entity $(bone_left_pupil1) { transformation: [-0.999068986988987f,0.043058387219745205f,-0.0026710535062650087f,0.5179858890801687f,0.04182214631844965f,0.9818578863796344f,0.18494863890127805f,4.742291118180462f,0.010586185059644329f,0.18466474012152848f,-0.98274455808299f,2.8005181271853923f,0f,0f,0f,1f], start_interpolation: 0, interpolation_duration: 1 }
$data merge entity $(bone_eyelid_left1) { transformation: [-0.999068986988987f,0.043058387219745205f,-0.0026710535062650087f,0.08206806048783818f,0.04182214631844965f,0.9818578863796344f,0.18494863890127805f,4.811170305817877f,0.010586185059644329f,0.18466474012152848f,-0.98274455808299f,2.2318551620162315f,0f,0f,0f,1f], start_interpolation: 0, interpolation_duration: 1 }
$data merge entity $(bone_left_happy_pupil1) { transformation: [-0.999068986988987f,0.043058387219745205f,-0.0026710535062650087f,0.5447973843252053f,0.04182214631844965f,0.9818578863796344f,0.18494863890127805f,4.715627499372304f,0.010586185059644329f,0.18466474012152848f,-0.98274455808299f,2.78399960916195f,0f,0f,0f,1f], start_interpolation: 0, interpolation_duration: 1 }
$data merge entity $(bone_eyelid_expressions_left5) { transformation: [-0.999068986988987f,0.043058387219745205f,-0.0026710535062650087f,0.6518220595895725f,0.04182214631844965f,0.9818578863796344f,0.18494863890127805f,4.849234059625635f,0.010586185059644329f,0.18466474012152848f,-0.98274455808299f,2.808852947328134f,0f,0f,0f,1f], start_interpolation: 0, interpolation_duration: 1 }
$data merge entity $(bone_eyelid_expressions_left7) { transformation: [-0.999068986988987f,0.043058387219745205f,-0.0026710535062650087f,0.3152216684653532f,0.04182214631844965f,0.9818578863796344f,0.18494863890127805f,4.863324528844254f,0.010586185059644329f,0.18466474012152848f,-0.98274455808299f,2.8124195819429554f,0f,0f,0f,1f], start_interpolation: 0, interpolation_duration: 1 }
$data merge entity $(bone_eyelid_expressions_left6) { transformation: [-0.999068986988987f,0.043058387219745205f,-0.0026710535062650087f,0.427421798840093f,0.04182214631844965f,0.9818578863796344f,0.18494863890127805f,4.858627705771381f,0.010586185059644329f,0.18466474012152848f,-0.98274455808299f,2.8112307037380146f,0f,0f,0f,1f], start_interpolation: 0, interpolation_duration: 1 }
$data merge entity $(bone_left_eye1) { transformation: [-0.999068986988987f,0.043058387219745205f,-0.0026710535062650087f,0.09331807070824386f,0.04182214631844965f,0.9818578863796344f,0.18494863890127805f,4.808623563601055f,0.010586185059644329f,0.18466474012152848f,-0.98274455808299f,2.242772956244521f,0f,0f,0f,1f], start_interpolation: 0, interpolation_duration: 1 }
$data merge entity $(bone_crest_middle5) { transformation: [-0.999068986988987f,0.0414596097259572f,-0.01192727957960922f,0.15425763308471344f,0.04182214631844965f,0.9986141460338245f,-0.03194832418850563f,6.0810123529535876f,0.010586185059644329f,-0.03241740431476545f,-0.9994183531351503f,2.9671884737843843f,0f,0f,0f,1f], start_interpolation: 0, interpolation_duration: 1 }
$data merge entity $(bone_crest_middle4) { transformation: [-0.999068986988987f,0.0414596097259572f,-0.01192727957960922f,0.12632098199983993f,0.04182214631844965f,0.9986141460338245f,-0.03194832418850563f,5.40811805533314f,0.010586185059644329f,-0.03241740431476545f,-0.9994183531351503f,2.98903223255117f,0f,0f,0f,1f], start_interpolation: 0, interpolation_duration: 1 }
$data merge entity $(bone_crest_middle1) { transformation: [-0.999068986988987f,0.0414596097259572f,-0.01192727957960922f,0.10637311502698575f,0.04182214631844965f,0.9986141460338245f,-0.03194832418850563f,4.9061383035223365f,0.010586185059644329f,-0.03241740431476545f,-0.9994183531351503f,3.0895949351651852f,0f,0f,0f,1f], start_interpolation: 0, interpolation_duration: 1 }
$data merge entity $(bone_crest_left5) { transformation: [-0.5731144508722728f,-0.8128089373995151f,0.10431422474832537f,-0.9765677221502349f,-0.8056195195393774f,0.5821498999528428f,0.10990306511666573f,5.479263427729226f,-0.15005670907532281f,-0.02105054080935098f,-0.9884532658619313f,2.9575826595969312f,0f,0f,0f,1f], start_interpolation: 0, interpolation_duration: 1 }
$data merge entity $(bone_crest_left4) { transformation: [-0.5731144508722728f,-0.8128089373995151f,0.10431422474832537f,-0.5201564535909369f,-0.8056195195393774f,0.5821498999528428f,0.10990306511666573f,5.152372614767424f,-0.15005670907532281f,-0.02105054080935098f,-0.9884532658619313f,2.969403031633432f,0f,0f,0f,1f], start_interpolation: 0, interpolation_duration: 1 }
$data merge entity $(bone_crest_left1) { transformation: [-0.5731144508722728f,-0.8128089373995151f,0.10431422474832537f,-0.012246569969627197f,-0.8056195195393774f,0.5821498999528428f,0.10990306511666573f,4.7989640352010525f,-0.15005670907532281f,-0.02105054080935098f,-0.9884532658619313f,2.9269014733080936f,0f,0f,0f,1f], start_interpolation: 0, interpolation_duration: 1 }
$data merge entity $(bone_crest_center1) { transformation: [-0.999068986988987f,0.043058387219745205f,-0.0026710535062650087f,0.0987446611989786f,0.04182214631844965f,0.9818578863796344f,0.18494863890127805f,4.7667007542085384f,0.010586185059644329f,0.18466474012152848f,-0.98274455808299f,2.9205279824841397f,0f,0f,0f,1f], start_interpolation: 0, interpolation_duration: 1 }
$data merge entity $(bone_crest_right5) { transformation: [-0.5004842999690087f,0.8579863110708414f,-0.11565014266995068f,1.2303845050587219f,0.8505615652136305f,0.5122085402872886f,0.1191110198012943f,5.386877936670859f,0.16143261524819058f,-0.03875437100268736f,-0.9861225124001154f,2.9341976831846006f,0f,0f,0f,1f], start_interpolation: 0, interpolation_duration: 1 }
$data merge entity $(bone_crest_right4) { transformation: [-0.5004842999690087f,0.8579863110708414f,-0.11565014266995068f,0.7486050823382786f,0.8505615652136305f,0.5122085402872886f,0.1191110198012943f,5.099260836411884f,0.16143261524819058f,-0.03875437100268736f,-0.9861225124001154f,2.95595917080818f,0f,0f,0f,1f], start_interpolation: 0, interpolation_duration: 1 }
$data merge entity $(bone_crest_right1) { transformation: [-0.5004842999690087f,0.8579863110708414f,-0.11565014266995068f,0.2121536907798523f,0.8505615652136305f,0.5122085402872886f,0.1191110198012943f,4.7895703890553065f,0.16143261524819058f,-0.03875437100268736f,-0.9861225124001154f,2.9245237168982126f,0f,0f,0f,1f], start_interpolation: 0, interpolation_duration: 1 }
$data merge entity $(bone_head1) { transformation: [-1.047201216830904f,0.04513281472902978f,-0.002799737073624129f,0.08925039628651732f,0.04383701534681244f,1.029160935593236f,0.1938589248900114f,4.867728237075888f,0.011096196579444897f,0.1935613486950916f,-1.0300903245531334f,1.6253860855956157f,0f,0f,0f,1f], start_interpolation: 0, interpolation_duration: 1 }
$data merge entity $(bone_neck10) { transformation: [-1.4931403944615973f,0.06458508553054286f,-0.0924922204193703f,0.003974163578553125f,0.03754135756469286f,1.4422107157574255f,0.40101518613474263f,4.720788342469665f,0.106379935059638f,0.397556662333176f,-1.4397313260936013f,0.48031051705397176f,0f,0f,0f,1f], start_interpolation: 0, interpolation_duration: 1 }
$data merge entity $(bone_neck9) { transformation: [-1.1422524017631226f,0.06222639528896188f,-0.059795274848906114f,-0.07240284635596173f,0.028719138536990055f,1.022551193430901f,0.515511800440368f,3.3922666351341846f,0.08138065032062311f,0.5125476378259084f,-1.0212052963097138f,-0.12287738917955304f,0f,0f,0f,1f], start_interpolation: 0, interpolation_duration: 1 }
$data merge entity $(bone_neck8) { transformation: [-1.0601155634575876f,0.015959147029855347f,-0.07867931836257494f,-0.0818336706552197f,0.027612939227048317f,1.0508462467216606f,-0.15890194692061188f,2.6132110168215226f,0.07538338742165478f,-0.16049177167069056f,-1.0482604034893992f,0.029865174147776063f,0f,0f,0f,1f], start_interpolation: 0, interpolation_duration: 1 }
$data merge entity $(bone_neck7) { transformation: [-1.0521108266061212f,-0.033950484573934396f,-0.07960393199700094f,-0.049434278678989196f,-1.8312852319637973e-18f,0.9710377725367196f,-0.41414038339786446f,1.743344102210017f,0.08654144320606232f,-0.412746437608037f,-0.9677693783664011f,0.4237545040550882f,0f,0f,0f,1f], start_interpolation: 0, interpolation_duration: 1 }
$data merge entity $(bone_neck6) { transformation: [-1.0461414034764411f,-0.022271489586330982f,-0.08311833069642838f,-0.030460871642882664f,-1.8208949611441444e-18f,1.01390768862361f,-0.27167574636640235f,0.8450977920572109f,0.08605042792546053f,-0.27076131908998324f,-1.010494999568187f,0.6544200236115505f,0f,0f,0f,1f], start_interpolation: 0, interpolation_duration: 1 }
$data merge entity $(bone_neck_spine6) { transformation: [-1.2292651129415362f,-0.2789293917838523f,-0.176326529542869f,-0.17567183665723812f,-0.08837187155135698f,-0.3769973568655068f,1.2124556790875454f,0.788285897743847f,-0.3179356270380098f,1.183239940093395f,0.34473982906597234f,-1.9190994131576824f,0f,0f,0f,1f], start_interpolation: 0, interpolation_duration: 1 }
$data merge entity $(bone_neck_spine7) { transformation: [-0.9177387247757349f,-0.39704461616666475f,0.010545417017520889f,0.9310169702337039f,0.010748369877266942f,0.001714157732252336f,0.9999407653497531f,1.982394607620983f,-0.39703917387581417f,0.9177977088859693f,0.002694433461075396f,-5.176474025350242f,0f,0f,0f,1f], start_interpolation: 0, interpolation_duration: 1 }
$data merge entity $(bone_tail6) { transformation: [-1.6194156477650241f,-0.5151886656187484f,-0.27816458458777f,2.11607859414166f,-0.34904545275850685f,0.1926753846773717f,1.6752150326376494f,1.4219300166566056f,-0.47006613280422826f,1.6317961798228748f,-0.2856238712591741f,-8.951373947491858f,0f,0f,0f,1f], start_interpolation: 0, interpolation_duration: 1 }
$data merge entity $(bone_tail5) { transformation: [-1.3377781438058893f,-0.4255906368154878f,-0.22978813509424476f,1.8472845077318785f,-0.2883418957570274f,0.1591666221247853f,1.3838732878311018f,1.5224563043143646f,-0.38831550101218854f,1.3480055398536792f,-0.2359501545184482f,-8.10000202758427f,0f,0f,0f,1f], start_interpolation: 0, interpolation_duration: 1 }
$data merge entity $(bone_tail4) { transformation: [-0.9857312638569711f,-0.313593100811412f,-0.16931757322733823f,1.7128874645269876f,-0.21246244950517804f,0.11728066893405233f,1.019696106822917f,1.5727194481432443f,-0.2861272112721389f,0.9932672398921845f,-0.17385800859254075f,-7.674316067630478f,0f,0f,0f,1f], start_interpolation: 0, interpolation_duration: 1 }
$data merge entity $(bone_segment18) { transformation: [-0.9404243610461538f,-0.2991795048734962f,-0.16153527483055374f,1.544891160520874f,-0.20269709468320093f,0.11189012887124496f,0.9728280870062115f,1.6355483779293438f,-0.27297602267950644f,0.9476139630275748f,-0.16586701937772833f,-7.142208617688237f,0f,0f,0f,1f], start_interpolation: 0, interpolation_duration: 1 }
$data merge entity $(bone_segment17) { transformation: [-0.9404243610461538f,-0.2991795048734962f,-0.16153527483055374f,1.326495965312926f,-0.20269709468320093f,0.11189012887124496f,0.9728280870062115f,1.7172259866512731f,-0.27297602267950644f,0.9476139630275748f,-0.16586701937772833f,-6.450468932763322f,0f,0f,0f,1f], start_interpolation: 0, interpolation_duration: 1 }
$data merge entity $(bone_segment16) { transformation: [-0.9649268555763018f,-0.2571251234984026f,-0.05294180062636484f,1.0810469338483861f,-0.02756379767639893f,-0.10132064952663633f,0.9944719015825205f,1.6205063236509927f,-0.26106780813666997f,0.9610519220340967f,0.09067967087105702f,-5.5330585286731555f,0f,0f,0f,1f], start_interpolation: 0, interpolation_duration: 1 }
$data merge entity $(bone_segment15) { transformation: [-0.9177387247757349f,-0.38624500370709425f,-0.09257661777314137f,0.6255871272308897f,0.010748369877266942f,-0.2571479648229912f,0.9663122666780002f,1.317277644428569f,-0.39703917387581417f,0.8858271396264059f,0.24014614947841809f,-4.4884918576781505f,0f,0f,0f,1f], start_interpolation: 0, interpolation_duration: 1 }
$data merge entity $(bone_segment14) { transformation: [-0.9731436171467357f,-0.3457978221786353f,-0.17913839512581328f,0.23656457727992508f,-0.003448581264390538f,-0.4744751630978338f,0.9346318124885963f,0.783493085943506f,-0.3894288198361826f,0.8683158318290461f,0.4393722891821939f,-3.5116365468704736f,0f,0f,0f,1f], start_interpolation: 0, interpolation_duration: 1 }
$data merge entity $(bone_segment13) { transformation: [-0.9906430616058262f,-0.1966941614399422f,-0.17897302358417277f,0.004568983193392606f,-0.07121733177962297f,-0.46887092678939746f,0.9094953312079342f,0.19389989793982398f,-0.25621871120121964f,0.890822694305818f,0.439181638007894f,-2.450769141770846f,0f,0f,0f,1f], start_interpolation: 0, interpolation_duration: 1 }
$data merge entity $(bone_segment12) { transformation: [-1.1037656562909262f,-0.07778908994961485f,-0.14185948917555f,-0.08940441406117569f,-0.12025039006418292f,-0.25993578953696245f,1.0781684053054439f,-0.12011649210482866f,-0.10823631956856775f,1.0820610537276918f,0.24880244436830676f,-1.14358129163001f,0f,0f,0f,1f], start_interpolation: 0, interpolation_duration: 1 }
$data merge entity $(bone_segment11) { transformation: [-1.1870350295318377f,0.01614690564354215f,-0.08837396100568795f,-0.06944832758724584f,-0.0794159246784752f,0.3588424629616597f,1.1322756018586728f,0.2946703211404562f,0.04199750532066232f,1.1349423796365592f,-0.3567419870622076f,0.16798114612947668f,0f,0f,0f,1f], start_interpolation: 0, interpolation_duration: 1 }
$data merge entity $(bone_segment10) { transformation: [-1.0447942496435887f,0.04893813709708158f,-0.06844875947985796f,-0.02398101133737711f,0.0053907786106454254f,0.8898431372054768f,0.5539181606514264f,1.2056086367640404f,0.08397090831255313f,0.5517784409805766f,-0.8872229915029155f,0.7331976696704973f,0f,0f,0f,1f], start_interpolation: 0, interpolation_duration: 1 }