# This file was generated by Animated Java via MC-Build. It is not recommended to edit this file directly.
$data merge entity $(bone_neck_spine5) { transformation: [-1.5633510523566945f,0.05536511634177274f,-0.15775736605407703f,0.03638809155855123f,0.02413458148778834f,1.5427494446059384f,0.3022596048120219f,4.323436914649848f,0.1654394288803832f,0.2981242201116378f,-1.5348520906951273f,-0.5274165751798128f,0f,0f,0f,1f], start_interpolation: 0, interpolation_duration: 1 }
$data merge entity $(bone_neck_spine2) { transformation: [-1.4889057641492323f,0.04160122872265112f,-0.15369855215968647f,0.1345931068106328f,0.022985315702655554f,1.4864013616509604f,0.17965786659160624f,5.670666753605666f,0.15756136083846015f,0.17627992380008498f,-1.478612216816768f,1.2713498211172132f,0f,0f,0f,1f], start_interpolation: 0, interpolation_duration: 1 }
$data merge entity $(bone_scale_neck_left1) { transformation: [-1.5645356192440767f,0.5124279210532952f,-0.051971171616813694f,0.8877506009577516f,0.43730558414506493f,1.4093877041138987f,0.7317412154619755f,4.7675258089279895f,0.2721161572376215f,0.681248123707672f,-1.4747572246823133f,1.0491349099705451f,0f,0f,0f,1f], start_interpolation: 0, interpolation_duration: 1 }
$data merge entity $(bone_scale_neck_right1) { transformation: [-1.5994439478612115f,-0.3152619409682144f,-0.23546559635065373f,-0.6756004513989422f,-0.38846094200733905f,1.4221653514577f,0.7345739516792299f,4.791660390415778f,0.0627075356124417f,0.7688372405963585f,-1.455339184962483f,1.2145743388509285f,0f,0f,0f,1f], start_interpolation: 0, interpolation_duration: 1 }
$data merge entity $(bone_blush_right1) { transformation: [-0.9989627625552495f,0.039270793233051965f,-0.02304785948480219f,-0.49744918249167874f,0.034775705298402064f,0.9847300365638153f,0.17057961604490005f,4.356031400205879f,0.02939471634465958f,0.16960117891062457f,-0.985074307229228f,2.541318825625633f,0f,0f,0f,1f], start_interpolation: 0, interpolation_duration: 1 }
$data merge entity $(bone_blush_left1) { transformation: [-0.9989627625552495f,0.039270793233051965f,-0.02304785948480219f,0.8263715878085884f,0.034775705298402064f,0.9847300365638153f,0.17057961604490005f,4.309946798555555f,0.02939471634465958f,0.16960117891062457f,-0.985074307229228f,2.502365085313423f,0f,0f,0f,1f], start_interpolation: 0, interpolation_duration: 1 }
$data merge entity $(bone_left_head_scales) { transformation: [-0.8754484751730066f,0.039270793233051965f,-0.4817133713279139f,0.8571979806488802f,-0.047918473823801225f,0.9847300365638153f,0.1673636010470153f,5.0954390614252745f,0.48093012713247174f,0.16960117891062457f,-0.8601986124892733f,2.2386408991200284f,0f,0f,0f,1f], start_interpolation: 0, interpolation_duration: 1 }
$data merge entity $(bone_left_head_scales2) { transformation: [-0.8050826800068989f,0.039270793233051965f,-0.5918612026072974f,0.825798201339037f,-0.06935385819838591f,0.9847300365638153f,0.15967716631386283f,4.181985333489283f,0.589094152666539f,0.16960117891062457f,-0.7900655158948647f,2.2522075332990004f,0f,0f,0f,1f], start_interpolation: 0, interpolation_duration: 1 }
$data merge entity $(bone_left_head_scales1) { transformation: [-0.9989627625552495f,0.039270793233051965f,-0.02304785948480219f,0.8527876864869652f,0.034775705298402064f,0.9847300365638153f,0.17057961604490005f,4.984849262397112f,0.02939471634465958f,0.16960117891062457f,-0.985074307229228f,2.2195938917228393f,0f,0f,0f,1f], start_interpolation: 0, interpolation_duration: 1 }
$data merge entity $(bone_right_head_scales) { transformation: [-0.8967331094832932f,0.039270793233051965f,0.44082596923873596f,-0.4890604298259678f,0.10961132848599305f,0.9847300365638153f,0.13524833365540057f,5.142304758018824f,-0.42878326346064377f,0.16960117891062457f,-0.8873445515064409f,2.278254872318886f,0f,0f,0f,1f], start_interpolation: 0, interpolation_duration: 1 }
$data merge entity $(bone_right_head_scales2) { transformation: [-0.8315220982245239f,0.039270793233051965f,0.554101800180375f,-0.520460209135811f,0.12632703837194106f,0.9847300365638153f,0.11978411608055953f,4.228851030082833f,-0.5409366686964932f,0.16960117891062457f,-0.8237857491919042f,2.291821506497858f,0f,0f,0f,1f], start_interpolation: 0, interpolation_duration: 1 }
$data merge entity $(bone_right_head_scales1) { transformation: [-0.9989627625552495f,0.039270793233051965f,-0.02304785948480219f,-0.49347072398788283f,0.034775705298402064f,0.9847300365638153f,0.17057961604490005f,5.031714958990661f,0.02939471634465958f,0.16960117891062457f,-0.985074307229228f,2.259207864921697f,0f,0f,0f,1f], start_interpolation: 0, interpolation_duration: 1 }
$data merge entity $(bone_head_left_fin1) { transformation: [-0.6998544087893819f,0.05248825313764731f,-0.7785396507601888f,0.8343078187828115f,0.16554068304929126f,1.0319851540740959f,-0.0792346013520106f,4.5845054764821525f,0.762545268675121f,-0.17586023734317047f,-0.6973328388710551f,2.0651966822666394f,0f,0f,0f,1f], start_interpolation: 0, interpolation_duration: 1 }
$data merge entity $(bone_head_right_fin1) { transformation: [-0.7532370043818717f,0.009102979575580544f,0.7288527622351751f,-0.5119505916920366f,-0.11495593589933198f,1.0334954741222886f,-0.13170966477608365f,4.631371173075702f,-0.7197877090201711f,-0.17458361537316797f,-0.7416882183315983f,2.104810655465497f,0f,0f,0f,1f], start_interpolation: 0, interpolation_duration: 1 }
$data merge entity $(bone_right_whisker16) { transformation: [0.25113758328139124f,0.8881292756934167f,-0.3849107739721884f,-1.0566166544675812f,0.9037752173053201f,-0.3575339103840551f,-0.23528676016768849f,1.9655275355077446f,-0.3465837140552097f,-0.2887834700632519f,-0.8924594313300317f,2.8041566596747445f,0f,0f,0f,1f], start_interpolation: 0, interpolation_duration: 1 }
$data merge entity $(bone_right_whisker15) { transformation: [-0.8477511741528161f,0.36491319899758656f,-0.3849107739721884f,-0.7709973623946109f,0.47244149595486873f,0.8493757551223826f,-0.23528676016768849f,1.8063553518120126f,0.2410746349627991f,-0.3813124490593372f,-0.8924594313300317f,2.7229352250437233f,0f,0f,0f,1f], start_interpolation: 0, interpolation_duration: 1 }
$data merge entity $(bone_right_whisker14) { transformation: [-0.6889988014530674f,-0.6141045087575626f,-0.3849107739721884f,-0.5388639771394275f,-0.570133457192928f,0.7871391118976567f,-0.23528676016768849f,1.9984413310420515f,0.447468985054245f,0.05733821452225665f,-0.8924594313300317f,2.572176631446346f,0f,0f,0f,1f], start_interpolation: 0, interpolation_duration: 1 }
$data merge entity $(bone_right_whisker13) { transformation: [-0.11225336362364352f,-0.9807282886230557f,-0.15990999421446497f,-0.501044240371696f,-0.9911071317886702f,0.1220756757313095f,-0.052954534389222596f,2.332359261185695f,0.07145513048629368f,0.15254361110592699f,-0.9857102064186768f,2.548102393147741f,0f,0f,0f,1f], start_interpolation: 0, interpolation_duration: 1 }
$data merge entity $(bone_right_whisker12) { transformation: [0.028289085186342745f,-0.9908694743191022f,-0.13182341416419893f,-0.5137522278577484f,-0.9853992577900627f,-0.049793586116977595f,0.162815544492547f,2.775019084021075f,-0.16789291350772748f,0.1252927916689431f,-0.9778106595602696f,2.6235230378875407f,0f,0f,0f,1f], start_interpolation: 0, interpolation_duration: 1 }
$data merge entity $(bone_right_whisker11) { transformation: [0.27950409536108123f,-0.9529627377762482f,-0.11721553261569674f,-0.6393107081957342f,-0.954536889538204f,-0.2626182839102888f,-0.14103532701683394f,3.2038149523683153f,0.10361846933396576f,0.1513065014003454f,-0.9830409734323758f,2.576975678616423f,0f,0f,0f,1f], start_interpolation: 0, interpolation_duration: 1 }
$data merge entity $(bone_right_whisker10) { transformation: [0.08206244543588637f,-0.9966146761399588f,-0.004994231825565999f,-0.6761746973563862f,-0.923156602334647f,-0.0741235449788869f,-0.3772102698041414f,3.6185142073233325f,0.37556310071016347f,0.03556525526701933f,-0.9261141776275533f,2.4082656919692793f,0f,0f,0f,1f], start_interpolation: 0, interpolation_duration: 1 }
$data merge entity $(bone_right_whisker1) { transformation: [-0.35246860777692157f,-0.935165844366482f,-0.035081677014128565f,-0.5178391899565973f,-0.9265684924453949f,0.35399664680402165f,-0.12711098638188983f,4.034746147289037f,0.13128864893533967f,-0.012297055819738695f,-0.991267911857788f,2.349288369205357f,0f,0f,0f,1f], start_interpolation: 0, interpolation_duration: 1 }
$data merge entity $(bone_left_whisker16) { transformation: [0.26495577484850286f,-0.94163226247184f,0.20767070001950966f,1.3346159727905045f,-0.9163583530144502f,-0.3129215599490308f,-0.24973479168852233f,1.9072256717327134f,0.3001429763214092f,-0.1241321054007738f,-0.945782963567063f,2.5889812353960817f,0f,0f,0f,1f], start_interpolation: 0, interpolation_duration: 1 }
$data merge entity $(bone_left_whisker15) { transformation: [-0.8989927995338125f,-0.38559671515686567f,0.20767070001950966f,1.0317326565413196f,-0.42985323915255713f,0.8676743205894393f,-0.24973479168852233f,1.7624020706510413f,-0.08389361821028281f,-0.3137777026015235f,-0.945782963567063f,2.5607162956670315f,0f,0f,0f,1f], start_interpolation: 0, interpolation_duration: 1 }
$data merge entity $(bone_left_whisker14) { transformation: [-0.7294000798588052f,0.6518039612148543f,0.20767070001950966f,0.7859875124482655f,0.6047161646276807f,0.756274351051441f,-0.24973479168852233f,1.9661394503351717f,-0.3198341503653984f,-0.05657474777978692f,-0.945782963567063f,2.4529596727411893f,0f,0f,0f,1f], start_interpolation: 0, interpolation_duration: 1 }
$data merge entity $(bone_left_whisker13) { transformation: [-0.07515487443652263f,0.9969448763950765f,-0.021275767390066206f,0.7606667783851793f,0.9956764277413738f,0.07385701639048534f,-0.05633464626739679f,2.3015968405410057f,-0.054591172258962095f,-0.025417603339049716f,-0.9981852279771978f,2.4345671391187853f,0f,0f,0f,1f], start_interpolation: 0, interpolation_duration: 1 }
$data merge entity $(bone_left_whisker12) { transformation: [0.10539392388085772f,0.9937405656917759f,-0.03703793875994168f,0.8080117051285334f,0.9821398640803806f,-0.09818137694933521f,0.16050453141423898f,2.742792482608364f,0.15586342801686282f,-0.053292638505911635f,-0.9863399446883969f,2.5045839134232355f,0f,0f,0f,1f], start_interpolation: 0, interpolation_duration: 1 }
$data merge entity $(bone_left_whisker11) { transformation: [0.30234464700501285f,0.9508399094617228f,-0.06701627415961697f,0.9438305895253165f,0.9403505382278347f,-0.3090358684349216f,-0.14225926077164794f,3.1652155759528995f,-0.1559762151163955f,-0.020007463494821957f,-0.9875581611846802f,2.4345164730389173f,0f,0f,0f,1f], start_interpolation: 0, interpolation_duration: 1 }
$data merge entity $(bone_left_whisker10) { transformation: [0.05826842160507756f,0.9822014333426887f,-0.1785640932080713f,0.9700058570432224f,0.9197351238049587f,-0.12237007103234837f,-0.3729783743798232f,3.578377838599658f,-0.3881907946913869f,-0.14249880720590563f,-0.9104954677876016f,2.260133889486146f,0f,0f,0f,1f], start_interpolation: 0, interpolation_duration: 1 }
$data merge entity $(bone_left_whisker1) { transformation: [-0.3250257505421893f,0.9339685709281659f,-0.14852935737720804f,0.8239981956668483f,0.9430868283600252f,0.30842432614583193f,-0.12434496055457173f,4.002030124777013f,-0.07032421814933376f,-0.1804913946976125f,-0.9810593054356069f,2.2285429321143746f,0f,0f,0f,1f], start_interpolation: 0, interpolation_duration: 1 }
$data merge entity $(bone_upper_left_tooth1) { transformation: [-0.9989627625552495f,0.03711260269648197f,-0.026382830573639843f,0.49406984019744615f,0.034775705298402064f,0.9958498346105672f,0.08410563136380715f,4.287275462916716f,0.02939471634465958f,0.08310091231267556f,-0.9961075188069901f,3.270920380300577f,0f,0f,0f,1f], start_interpolation: 0, interpolation_duration: 1 }
$data merge entity $(bone_upper_right_tooth1) { transformation: [-0.9989627625552495f,0.03711260269648197f,-0.026382830573639843f,-0.1790593650399778f,0.034775705298402064f,0.9958498346105672f,0.08410563136380715f,4.3107083112134905f,0.02939471634465958f,0.08310091231267556f,-0.9961075188069901f,3.290727366900006f,0f,0f,0f,1f], start_interpolation: 0, interpolation_duration: 1 }
$data merge entity $(bone_top_lip1) { transformation: [-0.9989627625552495f,0.018937469933003603f,-0.041409796673261876f,0.19013735797215708f,0.034775705298402064f,0.9043652418905717f,-0.42534005170123157f,4.421037970808705f,0.02939471634465958f,-0.42633892795843115f,-0.9040857642714395f,3.29026445611532f,0f,0f,0f,1f], start_interpolation: 0, interpolation_duration: 1 }
$data merge entity $(bone_muzzle1) { transformation: [-0.9989627625552495f,0.03711260269648197f,-0.026382830573639843f,0.18157465912967682f,0.034775705298402064f,0.9958498346105672f,0.08410563136380715f,4.636023160754517f,0.02939471634465958f,0.08310091231267556f,-0.9961075188069901f,2.7449256710175827f,0f,0f,0f,1f], start_interpolation: 0, interpolation_duration: 1 }
$data merge entity $(bone_jaw_right_tooth1) { transformation: [-0.9989627625552495f,0.017009285026252326f,-0.042238409663243895f,-0.18350476045800573f,0.034775705298402064f,0.8838059598646218f,-0.4665594020366244f,4.151003488345992f,0.02939471634465958f,-0.467544339641354f,-0.8834807531125664f,3.3285934702595013f,0f,0f,0f,1f], start_interpolation: 0, interpolation_duration: 1 }
$data merge entity $(bone_jaw_left_tooth1) { transformation: [-0.9989627625552495f,0.017009285026252326f,-0.042238409663243895f,0.5457185452158702f,0.034775705298402064f,0.8838059598646218f,-0.4665594020366244f,4.125617902691153f,0.02939471634465958f,-0.467544339641354f,-0.8834807531125664f,3.307135901443454f,0f,0f,0f,1f], start_interpolation: 0, interpolation_duration: 1 }
$data merge entity $(bone_tongue1) { transformation: [-0.9989627625552495f,0.033124019135401334f,-0.031244173605680037f,0.15569730172962754f,0.034775705298402064f,0.997941021015345f,-0.053892196984802965f,4.086373898310898f,0.02939471634465958f,-0.05492283615371374f,-0.9980578303484471f,2.5157662673758736f,0f,0f,0f,1f], start_interpolation: 0, interpolation_duration: 1 }
$data merge entity $(bone_jaw_lips1) { transformation: [-0.9989627625552495f,0.033124019135401334f,-0.031244173605680037f,0.23558437128346998f,0.034775705298402064f,0.997941021015345f,-0.053892196984802965f,4.003955817631578f,0.02939471634465958f,-0.05492283615371374f,-0.9980578303484471f,3.4179015531185275f,0f,0f,0f,1f], start_interpolation: 0, interpolation_duration: 1 }
$data merge entity $(bone_jaw3) { transformation: [-0.9989627625552495f,0.02408549863261931f,-0.03864308196304224f,0.1988372828786597f,0.034775705298402064f,0.9513961513701086f,-0.30600002202474375f,3.6488988953344887f,0.02939471634465958f,-0.30702646777397413f,-0.9512469178595293f,2.589126144329933f,0f,0f,0f,1f], start_interpolation: 0, interpolation_duration: 1 }
$data merge entity $(bone_jaw1) { transformation: [-0.9989627625552495f,0.04435580471339916f,-0.01029376589063029f,0.18958897758629656f,0.034775705298402064f,0.8891133608455161f,0.45636397961165776f,4.058913408266838f,0.02939471634465958f,0.4555326488345459f,-0.889733643568006f,1.7897560739368024f,0f,0f,0f,1f], start_interpolation: 0, interpolation_duration: 1 }
$data merge entity $(bone_tear_right1) { transformation: [-0.9989627625552495f,0.039270793233051965f,-0.02304785948480219f,-0.42358950809723805f,0.034775705298402064f,0.9847300365638153f,0.17057961604490005f,4.723901758019971f,0.02939471634465958f,0.16960117891062457f,-0.985074307229228f,2.7058983853130685f,0f,0f,0f,1f], start_interpolation: 0, interpolation_duration: 1 }
$data merge entity $(bone_right_pupil1) { transformation: [-0.9989627625552495f,0.039270793233051965f,-0.02304785948480219f,-0.23251601190308344f,0.034775705298402064f,0.9847300365638153f,0.17057961604490005f,4.816553401979764f,0.02939471634465958f,0.16960117891062457f,-0.985074307229228f,2.785875559301736f,0f,0f,0f,1f], start_interpolation: 0, interpolation_duration: 1 }
$data merge entity $(bone_right_sad_pupil1) { transformation: [-0.9989627625552495f,0.039270793233051965f,-0.02304785948480219f,-0.23277485016878188f,0.034775705298402064f,0.9847300365638153f,0.17057961604490005f,4.8184690910271435f,0.02939471634465958f,0.16960117891062457f,-0.985074307229228f,2.77481271307797f,0f,0f,0f,1f], start_interpolation: 0, interpolation_duration: 1 }
$data merge entity $(bone_right_happy_pupil1) { transformation: [-0.9989627625552495f,0.039270793233051965f,-0.02304785948480219f,-0.26192410081230244f,0.034775705298402064f,0.9847300365638153f,0.17057961604490005f,4.791798351338973f,0.02939471634465958f,0.16960117891062457f,-0.985074307229228f,2.77087630272368f,0f,0f,0f,1f], start_interpolation: 0, interpolation_duration: 1 }
$data merge entity $(bone_eyelid_right1) { transformation: [-0.9989627625552495f,0.039270793233051965f,-0.02304785948480219f,0.18400302182826067f,0.034775705298402064f,0.9847300365638153f,0.17057961604490005f,4.843922553727408f,0.02939471634465958f,0.16960117891062457f,-0.985074307229228f,2.199437404559395f,0f,0f,0f,1f], start_interpolation: 0, interpolation_duration: 1 }
$data merge entity $(bone_eyelid_expressions_right5) { transformation: [-0.9989627625552495f,0.039270793233051965f,-0.02304785948480219f,-0.3573806280084636f,0.034775705298402064f,0.9847300365638153f,0.17057961604490005f,4.933550173481335f,0.02939471634465958f,0.16960117891062457f,-0.985074307229228f,2.797656049009657f,0f,0f,0f,1f], start_interpolation: 0, interpolation_duration: 1 }
$data merge entity $(bone_eyelid_expressions_right7) { transformation: [-0.9989627625552495f,0.039270793233051965f,-0.02304785948480219f,-0.020816025389751677f,0.034775705298402064f,0.9847300365638153f,0.17057961604490005f,4.921833749332948f,0.02939471634465958f,0.16960117891062457f,-0.985074307229228f,2.7877525557099427f,0f,0f,0f,1f], start_interpolation: 0, interpolation_duration: 1 }
$data merge entity $(bone_eyelid_expressions_right6) { transformation: [-0.9989627625552495f,0.039270793233051965f,-0.02304785948480219f,-0.1330042262626557f,0.034775705298402064f,0.9847300365638153f,0.17057961604490005f,4.925739224049077f,0.02939471634465958f,0.16960117891062457f,-0.985074307229228f,2.791053720143181f,0f,0f,0f,1f], start_interpolation: 0, interpolation_duration: 1 }
$data merge entity $(bone_right_eye1) { transformation: [-0.9989627625552495f,0.039270793233051965f,-0.02304785948480219f,0.17304304000666873f,0.034775705298402064f,0.9847300365638153f,0.17057961604490005f,4.842397412151642f,0.02939471634465958f,0.16960117891062457f,-0.985074307229228f,2.2108303672264844f,0f,0f,0f,1f], start_interpolation: 0, interpolation_duration: 1 }
$data merge entity $(bone_tear_left1) { transformation: [-0.9989627625552495f,0.039270793233051965f,-0.02304785948480219f,0.788043061330125f,0.034775705298402064f,0.9847300365638153f,0.17057961604490005f,4.681722631085776f,0.02939471634465958f,0.16960117891062457f,-0.985074307229228f,2.6702458094340966f,0f,0f,0f,1f], start_interpolation: 0, interpolation_duration: 1 }
$data merge entity $(bone_left_sad_pupil1) { transformation: [-0.9989627625552495f,0.039270793233051965f,-0.02304785948480219f,0.608636656377998f,0.034775705298402064f,0.9847300365638153f,0.17057961604490005f,4.789178030656175f,0.02939471634465958f,0.16960117891062457f,-0.985074307229228f,2.7500539798286843f,0f,0f,0f,1f], start_interpolation: 0, interpolation_duration: 1 }
$data merge entity $(bone_left_pupil1) { transformation: [-0.9989627625552495f,0.039270793233051965f,-0.02304785948480219f,0.6088954946436965f,0.034775705298402064f,0.9847300365638153f,0.17057961604490005f,4.787262341608796f,0.02939471634465958f,0.16960117891062457f,-0.985074307229228f,2.76111682605245f,0f,0f,0f,1f], start_interpolation: 0, interpolation_duration: 1 }
$data merge entity $(bone_eyelid_left1) { transformation: [-0.9989627625552495f,0.039270793233051965f,-0.02304785948480219f,0.16156538165367987f,0.034775705298402064f,0.9847300365638153f,0.17057961604490005f,4.844703648670634f,0.02939471634465958f,0.16960117891062457f,-0.985074307229228f,2.2000976374460426f,0f,0f,0f,1f], start_interpolation: 0, interpolation_duration: 1 }
$data merge entity $(bone_left_happy_pupil1) { transformation: [-0.9989627625552495f,0.039270793233051965f,-0.02304785948480219f,0.6355815061709295f,0.034775705298402064f,0.9847300365638153f,0.17057961604490005f,4.760554553609939f,0.02939471634465958f,0.16960117891062457f,-0.985074307229228f,2.7444669872577747f,0f,0f,0f,1f], start_interpolation: 0, interpolation_duration: 1 }
$data merge entity $(bone_eyelid_expressions_left5) { transformation: [-0.9989627625552495f,0.039270793233051965f,-0.02304785948480219f,0.7420637405459954f,0.034775705298402064f,0.9847300365638153f,0.17057961604490005f,4.89527652126327f,0.02939471634465958f,0.16960117891062457f,-0.985074307229228f,2.7653046375639234f,0f,0f,0f,1f], start_interpolation: 0, interpolation_duration: 1 }
$data merge entity $(bone_eyelid_expressions_left7) { transformation: [-0.9989627625552495f,0.039270793233051965f,-0.02304785948480219f,0.4054991379272834f,0.034775705298402064f,0.9847300365638153f,0.17057961604490005f,4.906992945411658f,0.02939471634465958f,0.16960117891062457f,-0.985074307229228f,2.775208130863638f,0f,0f,0f,1f], start_interpolation: 0, interpolation_duration: 1 }
$data merge entity $(bone_eyelid_expressions_left6) { transformation: [-0.9989627625552495f,0.039270793233051965f,-0.02304785948480219f,0.5176873388001875f,0.034775705298402064f,0.9847300365638153f,0.17057961604490005f,4.903087470695529f,0.02939471634465958f,0.16960117891062457f,-0.985074307229228f,2.7719069664303997f,0f,0f,0f,1f], start_interpolation: 0, interpolation_duration: 1 }
$data merge entity $(bone_left_eye1) { transformation: [-0.9989627625552495f,0.039270793233051965f,-0.02304785948480219f,0.17304304000666873f,0.034775705298402064f,0.9847300365638153f,0.17057961604490005f,4.842397412151642f,0.02939471634465958f,0.16960117891062457f,-0.985074307229228f,2.2108303672264844f,0f,0f,0f,1f], start_interpolation: 0, interpolation_duration: 1 }
$data merge entity $(bone_crest_middle5) { transformation: [-0.9989627625552495f,0.0333514488208709f,-0.03100128851407849f,0.23844879726854215f,0.034775705298402064f,0.9983081890307868f,-0.046598390906438886f,6.125616603149292f,0.02939471634465958f,-0.047628148983762025f,-0.9984325265511925f,2.9154829755077043f,0f,0f,0f,1f], start_interpolation: 0, interpolation_duration: 1 }
$data merge entity $(bone_crest_middle4) { transformation: [-0.9989627625552495f,0.0333514488208709f,-0.03100128851407849f,0.21597565304354124f,0.034775705298402064f,0.9983081890307868f,-0.046598390906438886f,5.452928467962532f,0.02939471634465958f,-0.047628148983762025f,-0.9984325265511925f,2.9475761618346534f,0f,0f,0f,1f], start_interpolation: 0, interpolation_duration: 1 }
$data merge entity $(bone_crest_middle1) { transformation: [-0.9989627625552495f,0.0333514488208709f,-0.03100128851407849f,0.20173199852988183f,0.034775705298402064f,0.9983081890307868f,-0.046598390906438886f,4.952337296615321f,0.02939471634465958f,-0.047628148983762025f,-0.9984325265511925f,3.0557429000546796f,0f,0f,0f,1f], start_interpolation: 0, interpolation_duration: 1 }
$data merge entity $(bone_crest_left5) { transformation: [-0.5698629521570393f,-0.817397484395174f,0.08436568178652563f,-0.8878163765337964f,-0.811827916436116f,0.5759123032711322f,0.09623124771057479f,5.515663071038076f,-0.12724641391354996f,-0.01365179275336409f,-0.9917771819823042f,2.936541742379629f,0f,0f,0f,1f], start_interpolation: 0, interpolation_duration: 1 }
$data merge entity $(bone_crest_left4) { transformation: [-0.5698629521570393f,-0.817397484395174f,0.08436568178652563f,-0.4288285312923657f,-0.811827916436116f,0.5759123032711322f,0.09623124771057479f,5.192274814806727f,-0.12724641391354996f,-0.01365179275336409f,-0.9917771819823042f,2.9442075439745357f,0f,0f,0f,1f], start_interpolation: 0, interpolation_duration: 1 }
$data merge entity $(bone_crest_left1) { transformation: [-0.5698629521570393f,-0.817397484395174f,0.08436568178652563f,0.0807954292375875f,-0.811827916436116f,0.5759123032711322f,0.09623124771057479f,4.8419513430531795f,-0.12724641391354996f,-0.01365179275336409f,-0.9917771819823042f,2.8969493124828563f,0f,0f,0f,1f], start_interpolation: 0, interpolation_duration: 1 }
$data merge entity $(bone_crest_center1) { transformation: [-0.9989627625552495f,0.039270793233051965f,-0.02304785948480219f,0.19188107068295404f,0.034775705298402064f,0.9847300365638153f,0.17057961604490005f,4.810398772467367f,0.02939471634465958f,0.16960117891062457f,-0.985074307229228f,2.8888864571507447f,0f,0f,0f,1f], start_interpolation: 0, interpolation_duration: 1 }
$data merge entity $(bone_crest_right5) { transformation: [-0.503621649990954f,0.8532201194065246f,-0.13557529826743853f,1.3189011999616722f,0.849197862109748f,0.5177550749601146f,0.10388779207048066f,5.438843230505966f,0.15883395307245313f,-0.06281011218714763f,-0.9853053664516477f,2.871608554031409f,0f,0f,0f,1f], start_interpolation: 0, interpolation_duration: 1 }
$data merge entity $(bone_crest_right4) { transformation: [-0.503621649990954f,0.8532201194065246f,-0.13557529826743853f,0.8397981055683601f,0.849197862109748f,0.5177550749601146f,0.10388779207048066f,5.148111621031292f,0.15883395307245313f,-0.06281011218714763f,-0.9853053664516477f,2.9068779041364965f,0f,0f,0f,1f], start_interpolation: 0, interpolation_duration: 1 }
$data merge entity $(bone_crest_right1) { transformation: [-0.503621649990954f,0.8532201194065246f,-0.13557529826743853f,0.30517183098339545f,0.849197862109748f,0.5177550749601146f,0.10388779207048066f,4.834140393620921f,0.15883395307245313f,-0.06281011218714763f,-0.9853053664516477f,2.8903469836163804f,0f,0f,0f,1f], start_interpolation: 0, interpolation_duration: 1 }
$data merge entity $(bone_head1) { transformation: [-1.04708987481377f,0.04116274551120679f,-0.024158238131856448f,0.15660178831229582f,0.03645109735053861f,1.032171457596186f,0.1787976444220631f,4.892465410243419f,0.030810868043555924f,0.17777206904043322f,-1.0325323142181355f,1.5928503212207739f,0f,0f,0f,1f], start_interpolation: 0, interpolation_duration: 1 }
$data merge entity $(bone_neck10) { transformation: [-1.4889057641492323f,0.06130701120704787f,-0.14695358976247264f,0.03350525224441969f,0.022985315702655554f,1.450234934719299f,0.37213517848462924f,4.722541244497928f,0.15756136083846015f,0.36776944704610315f,-1.442953337109057f,0.4544152344167396f,0f,0f,0f,1f], start_interpolation: 0, interpolation_duration: 1 }
$data merge entity $(bone_neck9) { transformation: [-1.1390129095741635f,0.06871099337273052f,-0.10058101069122279f,-0.049137140745765154f,0.01758376651253151f,1.028707149673164f,0.5036274018211122f,3.386756279138939f,0.1205344410414221f,0.4992279520415337f,-1.0239292206601904f,-0.13166307599599f,0f,0f,0f,1f], start_interpolation: 0, interpolation_duration: 1 }
$data merge entity $(bone_neck8) { transformation: [-1.0571222772795739f,0.002105790390796445f,-0.11304067375505347f,-0.047150094524902444f,0.020045253386755023f,1.049617305055786f,-0.1679042528973241f,2.6089009673687187f,0.11126911562885357f,-0.16908345859716098f,-1.0437049896081334f,0.027346524725034793f,0f,0f,0f,1f], start_interpolation: 0, interpolation_duration: 1 }
$data merge entity $(bone_neck7) { transformation: [-1.048936094893222f,-0.046911238103303894f,-0.10935729250386864f,-0.002395507956151923f,-3.662570463927595e-18f,0.9701675436106887f,-0.41617490335002977f,1.7398643988164184f,0.11899446072889927f,-0.4135225337487932f,-0.9639844631796826f,0.42185817658199143f,0f,0f,0f,1f], start_interpolation: 0, interpolation_duration: 1 }
$data merge entity $(bone_neck6) { transformation: [-1.0429846844257427f,-0.030623292087288687f,-0.11428768196478337f,0.02369292152699823f,-3.641789922288289e-18f,1.01390768862361f,-0.27167574636640235f,0.8416180886636124f,0.11831931485242324f,-0.2699443000796246f,-1.0074458431107787f,0.6518276657189489f,0f,0f,0f,1f], start_interpolation: 0, interpolation_duration: 1 }
$data merge entity $(bone_neck_spine6) { transformation: [-1.242306182835696f,-0.2510468307245241f,-0.1167741640436112f,-0.2193653590526653f,-0.03748954552584103f,-0.37934277161005625f,1.21436360457656f,0.7802983290038491f,-0.2743269045886275f,1.188721968724008f,0.3628638849602553f,-1.9044060398273908f,0f,0f,0f,1f], start_interpolation: 0, interpolation_duration: 1 }
$data merge entity $(bone_neck_spine7) { transformation: [-0.87115029265074f,-0.48018910971028084f,0.10254553393579822f,0.9972695026810897f,0.11546389045042252f,0.0026508550465309533f,0.9933081409963249f,1.972533579058656f,-0.4772475852391322f,0.8771609840178539f,0.05313520960951387f,-5.092282747942831f,0f,0f,0f,1f], start_interpolation: 0, interpolation_duration: 1 }
$data merge entity $(bone_tail6) { transformation: [-1.5329703153854852f,-0.7657788961037467f,0.1699606776762784f,2.7547572087257985f,0.10418554031682979f,0.17103347217392856f,1.710320105159308f,1.4631954159398537f,-0.7774633900467227f,1.5328509944562072f,-0.10592659467197035f,-8.642904290866673f,0f,0f,0f,1f], start_interpolation: 0, interpolation_duration: 1 }
$data merge entity $(bone_tail5) { transformation: [-1.266366782274966f,-0.6325999576509211f,0.1404022989499691f,2.355220393367322f,0.08606631591390286f,0.1412885204915062f,1.4128731303489934f,1.5524302709871207f,-0.6422523656907709f,1.2662682128116494f,-0.08750457820727986f,-7.843155945933f,0f,0f,0f,1f], start_interpolation: 0, interpolation_duration: 1 }
$data merge entity $(bone_tail4) { transformation: [-0.9331123658868169f,-0.46612628458488925f,0.10345432554208249f,2.155451985688084f,0.0634172854102442f,0.10410733088847823f,1.0410644118361003f,1.5970476985107542f,-0.4732385852458311f,0.9330397357559521f,-0.06447705762641673f,-7.443281773466163f,0f,0f,0f,1f], start_interpolation: 0, interpolation_duration: 1 }
$data merge entity $(bone_segment18) { transformation: [-0.8902239714299074f,-0.4447018466598695f,0.09869928200785014f,1.9057414760890359f,0.06050245365846901f,0.09932227344391464f,0.9932142463231368f,1.6528194829152962f,-0.4514872465450911f,0.8901546795783494f,-0.06151351584731435f,-6.9434390578826175f,0f,0f,0f,1f], start_interpolation: 0, interpolation_duration: 1 }
$data merge entity $(bone_segment17) { transformation: [-0.8902239714299074f,-0.4447018466598695f,0.09869928200785014f,1.5811178136102733f,0.06050245365846901f,0.09932227344391464f,0.9932142463231368f,1.7253228026412009f,-0.4514872465450911f,0.8901546795783494f,-0.06151351584731435f,-6.293643527624007f,0f,0f,0f,1f], start_interpolation: 0, interpolation_duration: 1 }
$data merge entity $(bone_segment16) { transformation: [-0.8892932602508914f,-0.45552307174663853f,0.040696785854010514f,1.1462801157271292f,0.10563020816049767f,-0.11800296905063548f,0.9873791361068981f,1.6126783668531186f,-0.44497163549636526f,0.8823684210134343f,0.1530562419568316f,-5.451343594478858f,0f,0f,0f,1f], start_interpolation: 0, interpolation_duration: 1 }
$data merge entity $(bone_segment15) { transformation: [-0.87115029265074f,-0.4903677997447065f,-0.02523070724465487f,0.5680387893680148f,0.11546389045042252f,-0.2545265351940359f,0.9601480786233818f,1.3125408754011672f,-0.4772475852391322f,0.8335200440635211f,0.27835063953180095f,-4.468457409706688f,0f,0f,0f,1f], start_interpolation: 0, interpolation_duration: 1 }
$data merge entity $(bone_segment14) { transformation: [-0.9664439933735958f,-0.38454792083646866f,-0.12955347265750222f,0.1354223784269875f,0.06425512075447569f,-0.47545100232578064f,0.9319296228092602f,0.777658497784664f,-0.4006650535723035f,0.8513192344784247f,0.46195051020444133f,-3.5107232709184606f,0f,0f,0f,1f], start_interpolation: 0, interpolation_duration: 1 }
$data merge entity $(bone_segment13) { transformation: [-1.001152629697002f,-0.1828992264354155f,-0.12780804686439667f,-0.08135936114154037f,-0.030212163159060123f,-0.4709993349423338f,0.9106813183020266f,0.18546943576704056f,-0.22107521134495278f,0.8926371666452125f,0.4543327541302506f,-2.448085267440768f,0f,0f,0f,1f], start_interpolation: 0, interpolation_duration: 1 }
$data merge entity $(bone_segment12) { transformation: [-1.1114558318103154f,-0.034217125481428204f,-0.08926927495115199f,-0.12269548588420531f,-0.07890789267123051f,-0.2597683471450347f,1.0820202546567224f,-0.12834467487796786f,-0.05397554632147546f,1.0843539437549903f,0.2563923677763701f,-1.1381274830387662f,0f,0f,0f,1f], start_interpolation: 0, interpolation_duration: 1 }
$data merge entity $(bone_segment11) { transformation: [-1.186616941668212f,0.07132692373403339f,-0.06305191970087498f,-0.03993971267208085f,-0.03846197998224307f,0.36203468386845755f,1.1333906672694365f,0.29005514216326445f,0.08708473300855742f,1.1317977727970012f,-0.3585706229600005f,0.169822771175827f,0f,0f,0f,1f], start_interpolation: 0, interpolation_duration: 1 }
$data merge entity $(bone_segment10) { transformation: [-1.042121186865526f,0.07595524369454361f,-0.08300259554052201f,0.032602727674051465f,0.020974884092511362f,0.89087321764624f,0.5518878168098243f,1.202128933370442f,0.11053815697969051f,0.5470383067584125f,-0.8872460790646501f,0.7303676011823138f,0f,0f,0f,1f], start_interpolation: 0, interpolation_duration: 1 }