# This file was generated by Animated Java via MC-Build. It is not recommended to edit this file directly.
$data merge entity $(bone_neck_spine5) { transformation: [-1.355729291167662f,0.03698783120288441f,-0.17271841120501846f,0.02973627451555495f,0.005666242901038997f,1.3452950824942573f,0.2436199804293711f,3.732236616679473f,0.17654360061374455f,0.24086241200305103f,-1.3341736452661093f,-0.5170410742848359f,0f,0f,0f,1f], start_interpolation: 0, interpolation_duration: 1 }
$data merge entity $(bone_neck_spine2) { transformation: [-1.2911707534930112f,0.022014760186145354f,-0.1667766248689552f,0.13694393131129065f,0.005396421810513329f,1.2956414845890702f,0.12924793610699575f,4.92964188406504f,0.16813676248928047f,0.1274735293706951f,-1.2848741321054942f,1.024074971895609f,0f,0f,0f,1f], start_interpolation: 0, interpolation_duration: 1 }
$data merge entity $(bone_scale_neck_left1) { transformation: [-1.3594811172688432f,0.44278960781296f,-0.08489919555024936f,0.7977908259714491f,0.366645447843218f,1.2427407038427472f,0.610431058344067f,4.14947585457165f,0.2623768773502739f,0.5576668581044206f,-1.2929135578245907f,0.830067782369407f,0f,0f,0f,1f], start_interpolation: 0, interpolation_duration: 1 }
$data merge entity $(bone_scale_neck_right1) { transformation: [-1.3843042720167913f,-0.2749784125261195f,-0.24402453467521246f,-0.5579384651962126f,-0.35517785281130426f,1.2457406006336f,0.6110961194510787f,4.155142097472688f,0.09491993337118566f,0.6511348915397103f,-1.272192193684255f,1.0066113829831516f,0f,0f,0f,1f], start_interpolation: 0, interpolation_duration: 1 }
$data merge entity $(bone_blush_right1) { transformation: [-0.9986886484815939f,0.030665601423655722f,-0.04099517390294338f,-0.3777049247393546f,0.02383293602964444f,0.987176989555876f,0.15784037015797045f,3.796449414408695f,0.045309762239653814f,0.15665635059174476f,-0.9866133048287271f,2.155755002025606f,0f,0f,0f,1f], start_interpolation: 0, interpolation_duration: 1 }
$data merge entity $(bone_blush_left1) { transformation: [-0.9986886484815939f,0.030665601423655722f,-0.04099517390294338f,0.7731276975343572f,0.02383293602964444f,0.987176989555876f,0.15784037015797045f,3.7689856795307843f,0.045309762239653814f,0.15665635059174476f,-0.9866133048287271f,2.1035425806947545f,0f,0f,0f,1f], start_interpolation: 0, interpolation_duration: 1 }
$data merge entity $(bone_left_head_scales) { transformation: [-0.8669181854762776f,0.030665601423655722f,-0.4975062618498821f,0.7883339636907654f,-0.05174249958820912f,0.987176989555876f,0.15101094340398788f,4.449328300044761f,0.495757575259201f,0.15665635059174476f,-0.8542149696606789f,1.8653188244175898f,0f,0f,0f,1f], start_interpolation: 0, interpolation_duration: 1 }
$data merge entity $(bone_left_head_scales2) { transformation: [-0.7945639822570663f,0.030665601423655722f,-0.6064055565288939f,0.7703816150057233f,-0.07101071875744668f,0.987176989555876f,0.14296527240189857f,3.6549751289818744f,0.6030137278050502f,0.15665635059174476f,-0.7821976936158362f,1.8874544838423097f,0f,0f,0f,1f], start_interpolation: 0, interpolation_duration: 1 }
$data merge entity $(bone_left_head_scales1) { transformation: [-0.9986886484815939f,0.030665601423655722f,-0.04099517390294338f,0.7853392760517365f,0.02383293602964444f,0.987176989555876f,0.15784037015797045f,4.352924297158445f,0.045309762239653814f,0.15665635059174476f,-0.9866133048287271f,1.8500203526801147f,0f,0f,0f,1f], start_interpolation: 0, interpolation_duration: 1 }
$data merge entity $(bone_right_head_scales) { transformation: [-0.9047771148743039f,0.030665601423655722f,0.42477993513001033f,-0.38200429624860255f,0.09402264447768546f,0.987176989555876f,0.1290012930819727f,4.477257521954501f,-0.4153770753485961f,0.15665635059174476f,-0.8960584094210173f,1.918416202042184f,0f,0f,0f,1f], start_interpolation: 0, interpolation_duration: 1 }
$data merge entity $(bone_right_head_scales2) { transformation: [-0.8415917137667497f,0.030665601423655722f,0.5392429955117364f,-0.39995664493364463f,0.1100563152976307f,0.987176989555876f,0.11562525137056676f,3.682904350891614f,-0.528782559075329f,0.15665635059174476f,-0.8341749175305039f,1.940551861466904f,0f,0f,0f,1f], start_interpolation: 0, interpolation_duration: 1 }
$data merge entity $(bone_right_head_scales1) { transformation: [-0.9986886484815939f,0.030665601423655722f,-0.04099517390294338f,-0.38499898388763143f,0.02383293602964444f,0.987176989555876f,0.15784037015797045f,4.380853519068185f,0.045309762239653814f,0.15665635059174476f,-0.9866133048287271f,1.9031177303047089f,0f,0f,0f,1f], start_interpolation: 0, interpolation_duration: 1 }
$data merge entity $(bone_head_left_fin1) { transformation: [-0.6575693380621801f,0.035995473832698695f,-0.752533648087596f,0.771106643585776f,0.1595476065200653f,0.9828563092587512f,-0.09240149676268612f,4.002970119488634f,0.7363064082935751f,-0.18082533344038357f,-0.6520391643850773f,1.7203897242740902f,0f,0f,0f,1f], start_interpolation: 0, interpolation_duration: 1 }
$data merge entity $(bone_head_right_fin1) { transformation: [-0.7283536227517693f,-0.0053843363057679925f,0.6851802749254531f,-0.39923161635359194f,-0.12647362163266923f,0.9838438065828154f,-0.12671143310590538f,4.030899341398373f,-0.6734281129084899f,-0.178947962187845f,-0.7172671772591634f,1.7734871018986844f,0f,0f,0f,1f], start_interpolation: 0, interpolation_duration: 1 }
$data merge entity $(bone_right_whisker16) { transformation: [0.2563407610421144f,0.8964508120671639f,-0.3614766324016972f,-0.8722444168682961f,0.9033589906333357f,-0.35522436208154423f,-0.24032932951614788f,1.7184055551594357f,-0.3438487287605859f,-0.26493696255502386f,-0.9008753840581101f,2.3590562707208966f,0f,0f,0f,1f], start_interpolation: 0, interpolation_duration: 1 }
$data merge entity $(bone_right_whisker15) { transformation: [-0.8553223676487518f,0.3711580413075559f,-0.3614766324016972f,-0.6216616919712008f,0.4700973776756552f,0.8492645458729521f,-0.24032932951614788f,1.5806817140435212f,0.2177891248483395f,-0.3754882681202536f,-0.9008753840581101f,2.2952508630504846f,0f,0f,0f,1f], start_interpolation: 0, interpolation_duration: 1 }
$data merge entity $(bone_right_whisker14) { transformation: [-0.6978582753019633f,-0.6183271559782063f,-0.3614766324016972f,-0.41721102537882876f,-0.5710233345766543f,0.7849676201877868f,-0.24032932951614788f,1.7479737065952754f,0.4323496027077247f,0.038695780604940076f,-0.9008753840581101f,2.168585940382206f,0f,0f,0f,1f], start_interpolation: 0, interpolation_duration: 1 }
$data merge entity $(bone_right_whisker13) { transformation: [-0.11025932312797768f,-0.9847059730959413f,-0.13489636100553432f,-0.38490848930617905f,-0.9912439776567277f,0.11886787683657307f,-0.057496126962037486f,2.038377215674395f,0.072651623675109f,0.12737572141322903f,-0.9891901572356198f,2.147301285008639f,0f,0f,0f,1f], start_interpolation: 0, interpolation_duration: 1 }
$data merge entity $(bone_right_whisker12) { transformation: [0.03622869193667898f,-0.9935085541002555f,-0.10783429329381619f,-0.39906032209394426f,-0.985941848576459f,-0.053146543875396135f,0.1584112246645937f,2.4235107502745743f,-0.16311392676958295f,0.10057931101235548f,-0.9814670901716915f,2.2110176626530076f,0f,0f,0f,1f], start_interpolation: 0, interpolation_duration: 1 }
$data merge entity $(bone_right_whisker11) { transformation: [0.28042526937454343f,-0.9554616737705751f,-0.09194921561245528f,-0.5086014429433753f,-0.9530233775502409f,-0.2657171123250213f,-0.14539896168949643f,2.7957855071301374f,0.11449065524725799f,0.12840329502463343f,-0.9850911042578097f,2.1662947504470473f,0f,0f,0f,1f], start_interpolation: 0, interpolation_duration: 1 }
$data merge entity $(bone_right_whisker10) { transformation: [0.0760971416705863f,-0.9969057782796854f,0.01970010817588074f,-0.538326888908448f,-0.92132946390655f,-0.07785536043117351f,-0.38090755018744615f,3.1556798289686334f,0.38126269679479097f,0.010835685705424735f,-0.9244032366603099f,2.017364009511582f,0f,0f,0f,1f], start_interpolation: 0, interpolation_duration: 1 }
$data merge entity $(bone_right_whisker1) { transformation: [-0.3521444606072901f,-0.9358955192364111f,-0.009687927374271856f,-0.4007704589837253f,-0.9274022011142503f,0.3503067206199383f,-0.13118825731348321f,3.5179463137788876f,0.12617224826420784f,-0.037212612938532424f,-0.9913101357326286f,1.968077975033376f,0f,0f,0f,1f], start_interpolation: 0, interpolation_duration: 1 }
$data merge entity $(bone_left_whisker16) { transformation: [0.2608002923979688f,-0.9370252334679352f,0.2323078115980935f,1.2113094518272254f,-0.9141202961611434f,-0.3170711430078125f,-0.25268552474960476f,1.6750484099172898f,0.31043081617551754f,-0.14645682679916527f,-0.9392460307355692f,2.2244159814087756f,0f,0f,0f,1f], start_interpolation: 0, interpolation_duration: 1 }
$data merge entity $(bone_left_whisker15) { transformation: [-0.8949675836027965f,-0.3808754454814276f,0.2323078115980935f,0.9491119175685935f,-0.43367519691399586f,0.8649137813468022f,-0.25268552474960476f,1.5479951295713925f,-0.10468451595999353f,-0.3268914894360214f,-0.9392460307355692f,2.1937466896236213f,0f,0f,0f,1f], start_interpolation: 0, interpolation_duration: 1 }
$data merge entity $(bone_left_whisker14) { transformation: [-0.7234200266273587f,0.6501511714555132f,0.2323078115980935f,0.7371724566426094f,0.6005990372700729f,0.7585715668361678f,-0.25268552474960476f,1.7239518787716093f,-0.34050589055805397f,-0.043273921046574904f,-0.9392460307355692f,2.0939891044991916f,0f,0f,0f,1f], start_interpolation: 0, interpolation_duration: 1 }
$data merge entity $(bone_left_whisker13) { transformation: [-0.07752936302169293f,0.9969819672868352f,0.004019300227944856f,0.7144587760698479f,0.9951517150387807f,0.07763048281153659f,-0.06038685447861469f,2.015500232786877f,-0.06051662519361323f,-0.0006819408475155254f,-0.9981669564916766f,2.076259624462f,0f,0f,0f,1f], start_interpolation: 0, interpolation_duration: 1 }
$data merge entity $(bone_left_whisker12) { transformation: [0.09772570032010407f,0.9951303434781915f,-0.012856398637323442f,0.7526328777573885f,0.9831543612318013f,-0.09452858194598987f,0.1564348081028307f,2.3995449051430495f,0.15445772718719614f,-0.027927525566309258f,-0.9876046090556226f,2.1365946741444986f,0f,0f,0f,1f], start_interpolation: 0, interpolation_duration: 1 }
$data merge entity $(bone_left_whisker11) { transformation: [0.3026046550180455f,0.952205787989064f,-0.04164805015286367f,0.8708378211238126f,0.940890975555646f,-0.3054141974140734f,-0.146445690055606f,2.767080442469474f,-0.15216633950829866f,0.005128872979838044f,-0.9883415906368619f,2.0771546977740694f,0f,0f,0f,1f], start_interpolation: 0, interpolation_duration: 1 }
$data merge entity $(bone_left_whisker10) { transformation: [0.06451860404389193f,0.985927426801991f,-0.15422210869986241f,0.8960404008284578f,0.9184033589462339f,-0.11911658652920651f,-0.37728836331101623f,3.1258317545578467f,-0.390349356357229f,-0.11729598413089329f,-0.9131642963335036f,1.9246744804470266f,0f,0f,0f,1f], start_interpolation: 0, interpolation_duration: 1 }
$data merge entity $(bone_left_whisker1) { transformation: [-0.32672524511885304f,0.9370333323364195f,-0.1233659121983483f,0.7684133519539058f,0.9415289548660454f,0.3113325191529558f,-0.12882270633210263f,3.4936165025523955f,-0.08230334957265223f,-0.15824220868143757f,-0.9839642077030764f,1.8925247345202094f,0f,0f,0f,1f], start_interpolation: 0, interpolation_duration: 1 }
$data merge entity $(bone_upper_left_tooth1) { transformation: [-0.9986886484815939f,0.02697594472146007f,-0.043511858158343644f,0.4952994710812916f,0.02383293602964444f,0.9971771777704173f,0.07120159614806916f,3.754452046254028f,0.045309762239653814f,0.07007121049482842f,-0.9965124439291141f,2.776686328490017f,0f,0f,0f,1f], start_interpolation: 0, interpolation_duration: 1 }
$data merge entity $(bone_upper_right_tooth1) { transformation: [-0.9986886484815939f,0.02697594472146007f,-0.043511858158343644f,-0.08986965888839235f,0.02383293602964444f,0.9971771777704173f,0.07120159614806916f,3.7684166572088977f,0.045309762239653814f,0.07007121049482842f,-0.9965124439291141f,2.8032350173023146f,0f,0f,0f,1f], start_interpolation: 0, interpolation_duration: 1 }
$data merge entity $(bone_top_lip1) { transformation: [-0.9986886484815939f,0.0013910006221737256f,-0.051176640289063505f,0.22999507183059797f,0.02383293602964444f,0.8973385960804136f,-0.44069880320309407f,3.8679711276371904f,0.045309762239653814f,-0.4413405817525756f,-0.8961950213787646f,2.7963816441845606f,0f,0f,0f,1f], start_interpolation: 0, interpolation_duration: 1 }
$data merge entity $(bone_muzzle1) { transformation: [-0.9986886484815939f,0.02697594472146007f,-0.043511858158343644f,0.21270060174177688f,0.02383293602964444f,0.9971771777704173f,0.07120159614806916f,4.048808407656328f,0.045309762239653814f,0.07007121049482842f,-0.9965124439291141f,2.3200676398971263f,0f,0f,0f,1f], start_interpolation: 0, interpolation_duration: 1 }
$data merge entity $(bone_jaw_right_tooth1) { transformation: [-0.9986886484815939f,-0.00034743819310282566f,-0.051194361805857666f,-0.09182958859646045f,0.02383293602964444f,0.8818578374431841f,-0.4709126731149182f,3.619036493762962f,0.045309762239653814f,-0.4715152530159902f,-0.8806931313568043f,2.8386094763373846f,0f,0f,0f,1f], start_interpolation: 0, interpolation_duration: 1 }
$data merge entity $(bone_jaw_left_tooth1) { transformation: [-0.9986886484815939f,-0.00034743819310282566f,-0.051194361805857666f,0.5421036355373638f,0.02383293602964444f,0.8818578374431841f,-0.4709126731149182f,3.60390816522852f,0.045309762239653814f,-0.4715152530159902f,-0.8806931313568043f,2.8098483967907293f,0f,0f,0f,1f], start_interpolation: 0, interpolation_duration: 1 }
$data merge entity $(bone_tongue1) { transformation: [-0.9986886484815939f,0.02174446599327147f,-0.04634826418189301f,0.19266582326928924f,0.02383293602964444f,0.9987028974500883f,-0.04499459728684885f,3.5737315107580176f,0.045309762239653814f,-0.04604020876870912f,-0.9979114813560971f,2.128364392891879f,0f,0f,0f,1f], start_interpolation: 0, interpolation_duration: 1 }
$data merge entity $(bone_jaw_lips1) { transformation: [-0.9986886484815939f,0.02174446599327147f,-0.04634826418189301f,0.27519750016245037f,0.02383293602964444f,0.9987028974500883f,-0.04499459728684885f,3.4955611175999746f,0.045309762239653814f,-0.04604020876870912f,-0.9979114813560971f,2.910940863837611f,0f,0f,0f,1f], start_interpolation: 0, interpolation_duration: 1 }
$data merge entity $(bone_jaw3) { transformation: [-0.9986886484815939f,0.00854764780814847f,-0.0504769364260049f,0.23513634248504572f,0.02383293602964444f,0.9502335628952957f,-0.31062544504196604f,3.1832875069305797f,0.045309762239653814f,-0.31142111948976847f,-0.9491911882131681f,2.192194509390303f,0f,0f,0f,1f], start_interpolation: 0, interpolation_duration: 1 }
$data merge entity $(bone_jaw1) { transformation: [-0.9986886484815939f,0.04173668376868643f,-0.029648484312014202f,0.21197346411628462f,0.02383293602964444f,0.8915619546325807f,0.4522712374360539f,3.5366244111774967f,0.045309762239653814f,0.45097154043212634f,-0.891387511223969f,1.4957980162465772f,0f,0f,0f,1f], start_interpolation: 0, interpolation_duration: 1 }
$data merge entity $(bone_tear_right1) { transformation: [-0.9986886484815939f,0.030665601423655722f,-0.04099517390294338f,-0.3148563323822998f,0.02383293602964444f,0.987176989555876f,0.15784037015797045f,4.1188270181478135f,0.045309762239653814f,0.15665635059174476f,-0.9866133048287271f,2.2938013223671225f,0f,0f,0f,1f], start_interpolation: 0, interpolation_duration: 1 }
$data merge entity $(bone_right_pupil1) { transformation: [-0.9986886484815939f,0.030665601423655722f,-0.04099517390294338f,-0.1485383851209349f,0.02383293602964444f,0.987176989555876f,0.15784037015797045f,4.202142301280389f,0.045309762239653814f,0.15665635059174476f,-0.9866133048287271f,2.359608292170325f,0f,0f,0f,1f], start_interpolation: 0, interpolation_duration: 1 }
$data merge entity $(bone_right_sad_pupil1) { transformation: [-0.9986886484815939f,0.030665601423655722f,-0.04099517390294338f,-0.14893872861608085f,0.02383293602964444f,0.987176989555876f,0.15784037015797045f,4.203683711145213f,0.045309762239653814f,0.15665635059174476f,-0.9866133048287271f,2.349973396615357f,0f,0f,0f,1f], start_interpolation: 0, interpolation_duration: 1 }
$data merge entity $(bone_right_happy_pupil1) { transformation: [-0.9986886484815939f,0.030665601423655722f,-0.04099517390294338f,-0.17406912593470517f,0.02383293602964444f,0.987176989555876f,0.15784037015797045f,4.180164870258437f,0.045309762239653814f,0.15665635059174476f,-0.9866133048287271f,2.347255008843976f,0f,0f,0f,1f], start_interpolation: 0, interpolation_duration: 1 }
$data merge entity $(bone_eyelid_right1) { transformation: [-0.9986886484815939f,0.030665601423655722f,-0.04099517390294338f,0.2050305899611913f,0.02383293602964444f,0.987176989555876f,0.15784037015797045f,4.223591570132751f,0.045309762239653814f,0.15665635059174476f,-0.9866133048287271f,1.8435439601843595f,0f,0f,0f,1f], start_interpolation: 0, interpolation_duration: 1 }
$data merge entity $(bone_eyelid_expressions_right5) { transformation: [-0.9986886484815939f,0.030665601423655722f,-0.04099517390294338f,-0.25810114546437213f,0.02383293602964444f,0.987176989555876f,0.15784037015797045f,4.302764257016753f,0.045309762239653814f,0.15665635059174476f,-0.9866133048287271f,2.370360352882555f,0f,0f,0f,1f], start_interpolation: 0, interpolation_duration: 1 }
$data merge entity $(bone_eyelid_expressions_right7) { transformation: [-0.9986886484815939f,0.030665601423655722f,-0.04099517390294338f,0.03448341952046989f,0.02383293602964444f,0.987176989555876f,0.15784037015797045f,4.295781951539317f,0.045309762239653814f,0.15665635059174476f,-0.9866133048287271f,2.3570860084764065f,0f,0f,0f,1f], start_interpolation: 0, interpolation_duration: 1 }
$data merge entity $(bone_eyelid_expressions_right6) { transformation: [-0.9986886484815939f,0.030665601423655722f,-0.04099517390294338f,-0.06304476880781076f,0.02383293602964444f,0.987176989555876f,0.15784037015797045f,4.298109386698463f,0.045309762239653814f,0.15665635059174476f,-0.9866133048287271f,2.3615107899451226f,0f,0f,0f,1f], start_interpolation: 0, interpolation_duration: 1 }
$data merge entity $(bone_right_eye1) { transformation: [-0.9986886484815939f,0.030665601423655722f,-0.04099517390294338f,0.19567811462350918f,0.02383293602964444f,0.987176989555876f,0.15784037015797045f,4.222282903783841f,0.045309762239653814f,0.15665635059174476f,-0.9866133048287271f,1.853621333886199f,0f,0f,0f,1f], start_interpolation: 0, interpolation_duration: 1 }
$data merge entity $(bone_tear_left1) { transformation: [-0.9986886484815939f,0.030665601423655722f,-0.04099517390294338f,0.7384481015631313f,0.02383293602964444f,0.987176989555876f,0.15784037015797045f,4.093690718429047f,0.045309762239653814f,0.15665635059174476f,-0.9866133048287271f,2.2460136825049877f,0f,0f,0f,1f], start_interpolation: 0, interpolation_duration: 1 }
$data merge entity $(bone_left_sad_pupil1) { transformation: [-0.9986886484815939f,0.030665601423655722f,-0.04099517390294338f,0.582522683846024f,0.02383293602964444f,0.987176989555876f,0.15784037015797045f,4.186227947451625f,0.045309762239653814f,0.15665635059174476f,-0.9866133048287271f,2.3167875355999854f,0f,0f,0f,1f], start_interpolation: 0, interpolation_duration: 1 }
$data merge entity $(bone_left_pupil1) { transformation: [-0.9986886484815939f,0.030665601423655722f,-0.04099517390294338f,0.58292302734117f,0.02383293602964444f,0.987176989555876f,0.15784037015797045f,4.184686537586802f,0.045309762239653814f,0.15665635059174476f,-0.9866133048287271f,2.3264224311549535f,0f,0f,0f,1f], start_interpolation: 0, interpolation_duration: 1 }
$data merge entity $(bone_eyelid_left1) { transformation: [-0.9986886484815939f,0.030665601423655722f,-0.04099517390294338f,0.18552495229553517f,0.02383293602964444f,0.987176989555876f,0.15784037015797045f,4.22405705716458f,0.045309762239653814f,0.15665635059174476f,-0.9866133048287271f,1.8444289164781027f,0f,0f,0f,1f], start_interpolation: 0, interpolation_duration: 1 }
$data merge entity $(bone_left_happy_pupil1) { transformation: [-0.9986886484815939f,0.030665601423655722f,-0.04099517390294338f,0.6061563806915401f,0.02383293602964444f,0.987176989555876f,0.15784037015797045f,4.161545388985277f,0.045309762239653814f,0.15665635059174476f,-0.9866133048287271f,2.3118567570942465f,0f,0f,0f,1f], start_interpolation: 0, interpolation_duration: 1 }
$data merge entity $(bone_eyelid_expressions_left5) { transformation: [-0.9986886484815939f,0.030665601423655722f,-0.04099517390294338f,0.6976751001527783f,0.02383293602964444f,0.987176989555876f,0.15784037015797045f,4.279955392457133f,0.045309762239653814f,0.15665635059174476f,-0.9866133048287271f,2.3269974944891363f,0f,0f,0f,1f], start_interpolation: 0, interpolation_duration: 1 }
$data merge entity $(bone_eyelid_expressions_left7) { transformation: [-0.9986886484815939f,0.030665601423655722f,-0.04099517390294338f,0.4050905351679363f,0.02383293602964444f,0.987176989555876f,0.15784037015797045f,4.286937697934568f,0.045309762239653814f,0.15665635059174476f,-0.9866133048287271f,2.340271838895285f,0f,0f,0f,1f], start_interpolation: 0, interpolation_duration: 1 }
$data merge entity $(bone_eyelid_expressions_left6) { transformation: [-0.9986886484815939f,0.030665601423655722f,-0.04099517390294338f,0.502618723496217f,0.02383293602964444f,0.987176989555876f,0.15784037015797045f,4.284610262775423f,0.045309762239653814f,0.15665635059174476f,-0.9866133048287271f,2.3358470574265686f,0f,0f,0f,1f], start_interpolation: 0, interpolation_duration: 1 }
$data merge entity $(bone_left_eye1) { transformation: [-0.9986886484815939f,0.030665601423655722f,-0.04099517390294338f,0.19567811462350918f,0.02383293602964444f,0.987176989555876f,0.15784037015797045f,4.222282903783841f,0.045309762239653814f,0.15665635059174476f,-0.9866133048287271f,1.853621333886199f,0f,0f,0f,1f], start_interpolation: 0, interpolation_duration: 1 }
$data merge entity $(bone_crest_middle5) { transformation: [-0.9986886484815939f,0.02106572461296797f,-0.0466606755259467f,0.24962413960315644f,0.02383293602964444f,0.9979398620049162f,-0.059565283360493576f,5.346355422793113f,0.045309762239653814f,-0.06059923323062469f,-0.9971332701187173f,2.4514027611289273f,0f,0f,0f,1f], start_interpolation: 0, interpolation_duration: 1 }
$data merge entity $(bone_crest_middle4) { transformation: [-0.9986886484815939f,0.02106572461296797f,-0.0466606755259467f,0.23728094158774551f,0.02383293602964444f,0.9979398620049162f,-0.059565283360493576f,4.761625034899608f,0.045309762239653814f,-0.06059923323062469f,-0.9971332701187173f,2.4869101243499965f,0f,0f,0f,1f], start_interpolation: 0, interpolation_duration: 1 }
$data merge entity $(bone_crest_middle1) { transformation: [-0.9986886484815939f,0.02106572461296797f,-0.0466606755259467f,0.2314410876033965f,0.02383293602964444f,0.9979398620049162f,-0.059565283360493576f,4.32743995424601f,0.045309762239653814f,-0.06059923323062469f,-0.9971332701187173f,2.5865731803024685f,0f,0f,0f,1f], start_interpolation: 0, interpolation_duration: 1 }
$data merge entity $(bone_crest_left5) { transformation: [-0.5624581256109978f,-0.8240948823047967f,0.06714522986188912f,-0.7231325184596537f,-0.8197712013002594f,0.5664029147608376f,0.08463401012097517f,4.805181468682865f,-0.10777770851568821f,-0.007440639049877185f,-0.9941471734293856f,2.4923511013173267f,0f,0f,0f,1f], start_interpolation: 0, interpolation_duration: 1 }
$data merge entity $(bone_crest_left4) { transformation: [-0.5624581256109978f,-0.8240948823047967f,0.06714522986188912f,-0.32074243920926465f,-0.8197712013002594f,0.5664029147608376f,0.08463401012097517f,4.5286175454598f,-0.10777770851568821f,-0.007440639049877185f,-0.9941471734293856f,2.4959842258533995f,0f,0f,0f,1f], start_interpolation: 0, interpolation_duration: 1 }
$data merge entity $(bone_crest_left1) { transformation: [-0.5624581256109978f,-0.8240948823047967f,0.06714522986188912f,0.1251652236430133f,-0.8197712013002594f,0.5664029147608376f,0.08463401012097517f,4.228529749939866f,-0.10777770851568821f,-0.007440639049877185f,-0.9941471734293856f,2.451438320390473f,0f,0f,0f,1f], start_interpolation: 0, interpolation_duration: 1 }
$data merge entity $(bone_crest_center1) { transformation: [-0.9986886484815939f,0.030665601423655722f,-0.04099517390294338f,0.22194474964453717f,0.02383293602964444f,0.987176989555876f,0.15784037015797045f,4.202101622551951f,0.045309762239653814f,0.15665635059174476f,-0.9866133048287271f,2.4431889699424976f,0f,0f,0f,1f], start_interpolation: 0, interpolation_duration: 1 }
$data merge entity $(bone_crest_right5) { transformation: [-0.5107319137681604f,0.8460643062145068f,-0.1527353986752155f,1.1952257911774973f,0.8453820556892251f,0.5265458510405052f,0.08988129210625691f,4.759401323945031f,0.15646754352699563f,-0.0832145209791835f,-0.9841713526215f,2.4053166096043417f,0f,0f,0f,1f], start_interpolation: 0, interpolation_duration: 1 }
$data merge entity $(bone_crest_right4) { transformation: [-0.5107319137681604f,0.8460643062145068f,-0.1527353986752155f,0.7821084541586951f,0.8453820556892251f,0.5265458510405052f,0.08988129210625691f,4.502298857616659f,0.15646754352699563f,-0.0832145209791835f,-0.9841713526215f,2.4459486999262086f,0f,0f,0f,1f], start_interpolation: 0, interpolation_duration: 1 }
$data merge entity $(bone_crest_right1) { transformation: [-0.5107319137681604f,0.8460643062145068f,-0.1527353986752155f,0.3202216002995746f,0.8453820556892251f,0.5265458510405052f,0.08988129210625691f,4.223874879621576f,0.15646754352699563f,-0.0832145209791835f,-0.9841713526215f,2.4425887574530405f,0f,0f,0f,1f], start_interpolation: 0, interpolation_duration: 1 }
$data merge entity $(bone_head1) { transformation: [-0.9986886484815939f,0.030665601423655722f,-0.04099517390294338f,0.1721618785709685f,0.02383293602964444f,0.987176989555876f,0.15784037015797045f,4.258858444905999f,0.045309762239653814f,0.15665635059174476f,-0.9866133048287271f,1.3160528424942195f,0f,0f,0f,1f], start_interpolation: 0, interpolation_duration: 1 }
$data merge entity $(bone_neck10) { transformation: [-1.2911707534930112f,0.04359513865638725f,-0.16247632490385813f,0.043318955480053406f,0.005396421810513329f,1.267686851126222f,0.29725735156219746f,4.090348252556198f,0.16813676248928047f,0.29409270360153283f,-1.257243221390519f,0.3320392361730149f,0f,0f,0f,1f], start_interpolation: 0, interpolation_duration: 1 }
$data merge entity $(bone_neck9) { transformation: [-0.9916191386826326f,0.058829030895172815f,-0.11502447097139107f,-0.025749908401934033f,0.004144451950474237f,0.9043395828723281f,0.4267935594269604f,2.9214213622189176f,0.12912903359176742f,0.42273994840118756f,-0.8970042523363073f,-0.1608433031870716f,0f,0f,0f,1f], start_interpolation: 0, interpolation_duration: 1 }
$data merge entity $(bone_neck8) { transformation: [-0.9917051347762093f,-0.011831869593159593f,-0.1279880170970351f,-0.012790390098318317f,0.009900725397575156f,0.9857638381469512f,-0.16784406762943244f,2.283501053887018f,0.12815186809056783f,-0.1677189979212915f,-0.9774699158752538f,-0.011271588549980172f,0f,0f,0f,1f], start_interpolation: 0, interpolation_duration: 1 }
$data merge entity $(bone_neck7) { transformation: [-0.9911960193339593f,-0.05254516830222383f,-0.12152965294365108f,0.032795915252274904f,3.469446951953614e-18f,0.9178795835052268f,-0.39685900542166314f,1.5433366334530438f,0.13240261045958765f,-0.3933650664107867f,-0.9097985893982932f,0.32999784898457574f,0f,0f,0f,1f], start_interpolation: 0, interpolation_duration: 1 }
$data merge entity $(bone_neck6) { transformation: [-0.9911960193339593f,-0.03426831720823149f,-0.12789110091100683f,0.058921979938518255f,3.469446951953614e-18f,0.9659258262890684f,-0.25881904510252074f,0.7724340601645192f,0.13240261045958765f,-0.2565404072334351f,-0.9574218339895899f,0.5255835041916537f,0f,0f,0f,1f], start_interpolation: 0, interpolation_duration: 1 }
$data merge entity $(bone_neck_spine6) { transformation: [-1.092364465908132f,-0.1737152367065688f,-0.03878875706417544f,-0.2120842335792853f,0.014234567381019865f,-0.3256776713721043f,1.057673441558632f,0.7607094590309674f,-0.1774230205753416f,1.0434072783065043f,0.3236726754984076f,-1.6634729340236047f,0f,0f,0f,1f], start_interpolation: 0, interpolation_duration: 1 }
$data merge entity $(bone_neck_spine7) { transformation: [-0.8347980775225783f,-0.5187673930252421f,0.18437071811543476f,0.8439026447735718f,0.2030090307827403f,0.021237888291613466f,0.9789465182131073f,1.7627238402167822f,-0.5117611778801316f,0.8546515921910561f,0.08758511734326496f,-4.418543401111337f,0f,0f,0f,1f], start_interpolation: 0, interpolation_duration: 1 }
$data merge entity $(bone_tail6) { transformation: [-1.162341235748759f,-0.8143059693572344f,0.4775593383352992f,2.7067914220015057f,0.46003270989121625f,0.17287190267267433f,1.4144537789480796f,1.2592608366081885f,-0.8243343006282218f,1.2446748070156846f,0.11598218515046846f,-7.3013189125792675f,0f,0f,0f,1f], start_interpolation: 0, interpolation_duration: 1 }
$data merge entity $(bone_tail5) { transformation: [-0.9601949338794097f,-0.6726875399038025f,0.39450554036394286f,2.2819361336412087f,0.38002702121448306f,0.14280722394699186f,1.168461817391892f,1.3494548727852362f,-0.6809718135624441f,1.02820962318687f,0.09581137034169135f,-6.651923361092822f,0f,0f,0f,1f], start_interpolation: 0, interpolation_duration: 1 }
$data merge entity $(bone_tail4) { transformation: [-0.7762417991783017f,-0.5438147691011792f,0.3189265842100085f,2.0695084894610605f,0.30722184451865575f,0.11544836630662078f,0.9446091323757609f,1.39455189087376f,-0.5505119503325864f,0.8312263059026486f,0.07745592886570415f,-6.3272255853496f,0f,0f,0f,1f], start_interpolation: 0, interpolation_duration: 1 }
$data merge entity $(bone_segment18) { transformation: [-0.7762417991783017f,-0.5438147691011792f,0.3189265842100085f,1.8039739342358754f,0.30722184451865575f,0.11544836630662078f,0.9446091323757609f,1.4509231634844146f,-0.5505119503325864f,0.8312263059026486f,0.07745592886570415f,-5.921353365670573f,0f,0f,0f,1f], start_interpolation: 0, interpolation_duration: 1 }
$data merge entity $(bone_segment17) { transformation: [-0.7762417991783017f,-0.5438147691011792f,0.3189265842100085f,1.4587790124431348f,0.30722184451865575f,0.11544836630662078f,0.9446091323757609f,1.5242058178782658f,-0.5505119503325864f,0.8312263059026486f,0.07745592886570415f,-5.393719480087837f,0f,0f,0f,1f], start_interpolation: 0, interpolation_duration: 1 }
$data merge entity $(bone_segment16) { transformation: [-0.7905946161474137f,-0.599952534447342f,0.12254431577569852f,0.9607715375600872f,0.22014716352018115f,-0.09173905688014267f,0.9711432293110842f,1.4480552335539287f,-0.5713977417812763f,0.794758392124898f,0.2046062531652082f,-4.7340079241247865f,0f,0f,0f,1f], start_interpolation: 0, interpolation_duration: 1 }
$data merge entity $(bone_segment15) { transformation: [-0.8347980775225783f,-0.5488094759672356f,0.043821556946043005f,0.39802744599212087f,0.2030090307827403f,-0.2328557782536422f,0.9510864944654316f,1.209287101555565f,-0.5117611778801316f,0.8028613489404377f,0.30580083582665635f,-3.9107614237464077f,0f,0f,0f,1f], start_interpolation: 0, interpolation_duration: 1 }
$data merge entity $(bone_segment14) { transformation: [-0.9262561866623162f,-0.3714546836002325f,-0.0638035633897918f,0.01714129581610141f,0.11747157974808849f,-0.44538607934609203f,0.887598821696044f,0.7525923912885765f,-0.3581199584235325f,0.8146487944851869f,0.4561769799349367f,-3.0754281872137454f,0f,0f,0f,1f], start_interpolation: 0, interpolation_duration: 1 }
$data merge entity $(bone_segment13) { transformation: [-0.9869834233146414f,-0.1484864887990096f,-0.0617696102161307f,-0.14085764675204562f,0.012861350292497947f,-0.45573387575137336f,0.8900231570927163f,0.2413057140948086f,-0.16030691741395567f,0.8776436618222535f,0.45171151755568706f,-2.1436748819273466f,0f,0f,0f,1f], start_interpolation: 0, interpolation_duration: 1 }
$data merge entity $(bone_segment12) { transformation: [-0.9996343637200134f,0.011071032947333304f,-0.024669233866557658f,-0.1278837800168894f,-0.02655355561815638f,-0.22972915461363153f,0.9728922983581174f,-0.027908138968040896f,0.0051036804481993095f,0.9731916295108511f,0.22993913258925153f,-1.0032159410943178f,0f,0f,0f,1f], start_interpolation: 0, interpolation_duration: 1 }
$data merge entity $(bone_segment11) { transformation: [-1.029564740626648f,0.10379326187508303f,-0.027782468604782822f,-0.008583762505834688f,0.005546797564761257f,0.31864413628093347f,0.9848774590600683f,0.3403398606724405f,0.10730395989534064f,0.97940866604149f,-0.31747911267935547f,0.12871586432737359f,0f,0f,0f,1f], start_interpolation: 0, interpolation_duration: 1 }
$data merge entity $(bone_segment10) { transformation: [-0.9921739784571467f,0.0909875584832243f,-0.08551058807995082f,0.06971924437978999f,0.03291595662672198f,0.8512039085333472f,0.5238019147510833f,1.1260623905589524f,0.12044640414667825f,0.5168879668736883f,-0.8475373109364095f,0.6064142785754503f,0f,0f,0f,1f], start_interpolation: 0, interpolation_duration: 1 }