# This file was generated by Animated Java via MC-Build. It is not recommended to edit this file directly.
$data merge entity $(bone_neck_spine5) { transformation: [-1.3543926897822232f,0.029540443123120656f,-0.18425380387067922f,0.03677450860517614f,-0.0022843224751568267f,1.3472222761472594f,0.2327844081541502f,3.727172039544089f,0.18659282915362685f,0.2309137523599193f,-1.3345649535469446f,-0.527589464016053f,0f,0f,0f,1f], start_interpolation: 0, interpolation_duration: 1 }
$data merge entity $(bone_neck_spine2) { transformation: [-1.2898977997925933f,0.013619752017104777f,-0.1771981246787443f,0.14687172990404262f,-0.0021755452144350726f,1.2969467553303087f,0.11552223935523458f,4.938145664568133f,0.17770745633678744f,0.11473719160595107f,-1.2847865362655124f,1.001920172299534f,0f,0f,0f,1f], start_interpolation: 0, interpolation_duration: 1 }
$data merge entity $(bone_scale_neck_left1) { transformation: [-1.3601109273393623f,0.4379337810893586f,-0.0988518442701742f,0.8118709032652593f,0.35947858578458664f,1.251245555908884f,0.5971759569702707f,4.160859402693447f,0.26894763448885495f,0.542271132001163f,-1.2981019250058157f,0.8105602813215971f,0f,0f,0f,1f], start_interpolation: 0, interpolation_duration: 1 }
$data merge entity $(bone_scale_neck_right1) { transformation: [-1.3809693884654837f,-0.2791265981766402f,-0.2578203031461684f,-0.5425217865169636f,-0.36410169946412796f,1.2500361598801257f,0.5969078403256735f,4.158575080218291f,0.10868725303079285f,0.6410595600919328f,-1.276201057767206f,0.9971531104752239f,0f,0f,0f,1f], start_interpolation: 0, interpolation_duration: 1 }
$data merge entity $(bone_blush_right1) { transformation: [-0.9985115988579706f,0.02497343019987189f,-0.04848623237735966f,-0.35215531420069834f,0.01733027950200875f,0.9882136569271089f,0.15209677733315818f,3.8090470380444077f,0.05171313526060335f,0.15103011635697755f,-0.9871755951170574f,2.1459260981677044f,0f,0f,0f,1f], start_interpolation: 0, interpolation_duration: 1 }
$data merge entity $(bone_blush_left1) { transformation: [-0.9985115988579706f,0.02497343019987189f,-0.04848623237735966f,0.7984732860457913f,0.01733027950200875f,0.9882136569271089f,0.15209677733315818f,3.789076598774515f,0.05171313526060335f,0.15103011635697755f,-0.9871755951170574f,2.0863347899572435f,0f,0f,0f,1f], start_interpolation: 0, interpolation_duration: 1 }
$data merge entity $(bone_left_head_scales) { transformation: [-0.8633021546798894f,0.02497343019987189f,-0.504069159450479f,0.8075042082004987f,-0.0548583303508153f,0.9882136569271089f,0.14291372171303518f,4.468177620526669f,0.5016970732585364f,0.15103011635697755f,-0.8517569786253687f,1.844284971586598f,0f,0f,0f,1f], start_interpolation: 0, interpolation_duration: 1 }
$data merge entity $(bone_left_head_scales2) { transformation: [-0.7901222570716816f,0.02497343019987189f,-0.6124403208999253f,0.7950961913027511f,-0.07304299364106134f,0.9882136569271089f,0.13453062603995386f,3.6738558996852033f,0.6085815803652813f,0.15103011635697755f,-0.7789854709770232f,1.8708984932486845f,0f,0f,0f,1f], start_interpolation: 0, interpolation_duration: 1 }
$data merge entity $(bone_left_head_scales1) { transformation: [-0.9985115988579706f,0.02497343019987189f,-0.04848623237735966f,0.8050653966575425f,0.01733027950200875f,0.9882136569271089f,0.15209677733315818f,4.371672380592381f,0.05171313526060335f,0.15103011635697755f,-0.9871755951170574f,1.829535936786112f,0f,0f,0f,1f], start_interpolation: 0, interpolation_duration: 1 }
$data merge entity $(bone_right_head_scales) { transformation: [-0.9080790558023641f,0.02497343019987189f,0.41805353269304973f,-0.3626265717111855f,0.08560262167139178f,0.9882136569271089f,0.126909256658979f,4.4884865418180855f,-0.40995685087100475f,0.15103011635697755f,-0.8995139156106073f,1.9048863019701177f,0f,0f,0f,1f], start_interpolation: 0, interpolation_duration: 1 }
$data merge entity $(bone_right_head_scales2) { transformation: [-0.845743377829871f,0.02497343019987189f,0.5330051281563547f,-0.37503458860893313f,0.10143526140540152f,0.9882136569271089f,0.11465014612449435f,3.69416482097662f,-0.5238597394346486f,0.15103011635697755f,-0.8383083426476561f,1.931499823632204f,0f,0f,0f,1f], start_interpolation: 0, interpolation_duration: 1 }
$data merge entity $(bone_right_head_scales1) { transformation: [-0.9985115988579706f,0.02497343019987189f,-0.04848623237735966f,-0.36506538325414173f,0.01733027950200875f,0.9882136569271089f,0.15209677733315818f,4.391981301883797f,0.05171313526060335f,0.15103011635697755f,-0.9871755951170574f,1.8901372671696315f,0f,0f,0f,1f], start_interpolation: 0, interpolation_duration: 1 }
$data merge entity $(bone_head_left_fin1) { transformation: [-0.6538335175073821f,0.028136413727013553f,-0.756115119281784f,0.7923686386046501f,0.15917050756879725f,0.982061395989724f,-0.10109482690526639f,4.0209178928089075f,0.7397070236953381f,-0.1864504135937935f,-0.6465831442022657f,1.7019245119405864f,0f,0f,0f,1f], start_interpolation: 0, interpolation_duration: 1 }
$data merge entity $(bone_head_right_fin1) { transformation: [-0.7318437439697859f,-0.01323606051169924f,0.6813439227838002f,-0.3777621413070341f,-0.13512053732464271f,0.9827794613012002f,-0.12604352755148668f,4.041226814100324f,-0.6679424936365301f,-0.18430772405586587f,-0.7210294640636822f,1.762525842324106f,0f,0f,0f,1f], start_interpolation: 0, interpolation_duration: 1 }
$data merge entity $(bone_right_whisker16) { transformation: [0.25875412692022254f,0.901459594978162f,-0.3470113837088935f,-0.84910709743009f,0.9040856836484191f,-0.3525077943216439f,-0.2415933185426692f,1.72994938265169f,-0.3401108325586286f,-0.2512147558649715f,-0.9062095607595295f,2.3311330439864095f,0f,0f,0f,1f], start_interpolation: 0, interpolation_duration: 1 }
$data merge entity $(bone_right_whisker15) { transformation: [-0.8599732922690946f,0.3742045378670506f,-0.3470113837088935f,-0.5971617969606288f,0.46749890300170005f,0.8503396051741603f,-0.2415933185426692f,1.5929868134129108f,0.20467220689693302f,-0.3699912427503653f,-0.9062095607595295f,2.2711704833720736f,0f,0f,0f,1f], start_interpolation: 0, interpolation_duration: 1 }
$data merge entity $(bone_right_whisker14) { transformation: [-0.70258490453555f,-0.6212548200981708f,-0.3470113837088935f,-0.39132637570997936f,-0.5730958320427497f,0.7830669420495084f,-0.2415933185426692f,1.7608859829566852f,0.42182415674543816f,0.029130959030226264f,-0.9062095607595295f,2.1475891874505586f,0f,0f,0f,1f], start_interpolation: 0, interpolation_duration: 1 }
$data merge entity $(bone_right_whisker13) { transformation: [-0.1083009330043947f,-0.9868879252768853f,-0.11967928330777289f,-0.3595975867438481f,-0.991566408913531f,0.11585748077891037f,-0.058078402714677846f,2.051383954318071f,0.07118261462394798f,0.11238001196942896f,-0.9911123893308214f,2.126734905822449f,0f,0f,0f,1f], start_interpolation: 0, interpolation_duration: 1 }
$data merge entity $(bone_right_whisker12) { transformation: [0.04173404688295246f,-0.9947534237952435f,-0.09340179429974643f,-0.37589994880750144f,-0.9858532176908428f,-0.056187752128204566f,0.15791253806899222f,2.436482867478557f,-0.16233207477077044f,0.085490130181326f,-0.9830258059390897f,2.190145872529781f,0f,0f,0f,1f], start_interpolation: 0, interpolation_duration: 1 }
$data merge entity $(bone_right_whisker11) { transformation: [0.2815837374819029f,-0.9564799421008985f,-0.07652920451948025f,-0.48589359626136974f,-0.9521362111524577f,-0.2686354795818725f,-0.14584791572751252f,2.8084110749599858f,0.11894214643247814f,0.11393462804818814f,-0.9863425704761788f,2.1436840965795945f,0f,0f,0f,1f], start_interpolation: 0, interpolation_duration: 1 }
$data merge entity $(bone_right_whisker10) { transformation: [0.07313087410170799f,-0.9967112004387045f,0.03490928491327849f,-0.5144603439573494f,-0.9210263501969538f,-0.08092208553245063f,-0.38100141511017604f,3.168186993005671f,0.3825733099629378f,-0.004289404750667565f,-0.923915181989606f,1.9942413973753217f,0f,0f,0f,1f], start_interpolation: 0, interpolation_duration: 1 }
$data merge entity $(bone_right_whisker1) { transformation: [-0.3511662563154418f,-0.9362953238147661f,0.00577295660816321f,-0.37728602508412995f,-0.9284605171996282f,0.34741765257909496f,-0.13138509305788848f,3.5308668825367757f,0.12100962121581985f,-0.05149797354298083f,-0.9913145970347508f,1.9469720140878921f,0f,0f,0f,1f], start_interpolation: 0, interpolation_duration: 1 }
$data merge entity $(bone_left_whisker16) { transformation: [0.2588654850320199f,-0.9337131357506467f,0.24732254403072726f,1.2363748766300586f,-0.9132605947822072f,-0.3199789906774313f,-0.252128006264875f,1.6929837976133784f,0.31455324935086193f,-0.16060269503263747f,-0.9355549303333653f,2.228161908717182f,0f,0f,0f,1f], start_interpolation: 0, interpolation_duration: 1 }
$data merge entity $(bone_left_whisker15) { transformation: [-0.8919363643787794f,-0.37852487515741096f,0.24732254403072726f,0.9750653948784631f,-0.43644595399625846f,0.8636818845484687f,-0.252128006264875f,1.565118772028537f,-0.11817127882468126f,-0.3328250609402353f,-0.9355549303333653f,2.1935414168740137f,0f,0f,0f,1f], start_interpolation: 0, interpolation_duration: 1 }
$data merge entity $(bone_left_whisker14) { transformation: [-0.7200086378393161f,0.6483973478130065f,0.24732254403072726f,0.7641253642614759f,0.5983115870671062f,0.7605621034722537f,-0.252128006264875f,1.7404053698021034f,-0.3515832848956451f,-0.033558398515416726f,-0.9355549303333653f,2.090538501377243f,0f,0f,0f,1f], start_interpolation: 0, interpolation_duration: 1 }
$data merge entity $(bone_left_whisker13) { transformation: [-0.07966153140876174f,0.9966338544926605f,0.019364929452825086f,0.7407870249815652f,0.994898081183394f,0.08069916057407654f,-0.060542989191481766f,2.031879417023801f,-0.061901926231833215f,0.014443183919809739f,-0.9979777281918907f,2.0724031714265103f,0f,0f,0f,1f], start_interpolation: 0, interpolation_duration: 1 }
$data merge entity $(bone_left_whisker12) { transformation: [0.09234430577927374f,0.9957257455344343f,0.0016639921991218852f,0.7768590194265941f,0.9834766520773395f,-0.09146939345430852f,0.1562274779923442f,2.4160499842415115f,0.1557119263540577f,-0.01279022052177477f,-0.9877197002440079f,2.133228142658564f,0f,0f,0f,1f], start_interpolation: 0, interpolation_duration: 1 }
$data merge entity $(bone_left_whisker11) { transformation: [0.3019857184974858f,0.952952861041177f,-0.02618149073280822f,0.8948221907146745f,0.9417923258448471f,-0.30248055785990496f,-0.14674033902275802f,2.783937611524655f,-0.14775601782435338f,0.019655959661015306f,-0.9888285000173154f,2.0755109481959257f,0f,0f,0f,1f], start_interpolation: 0, interpolation_duration: 1 }
$data merge entity $(bone_left_whisker10) { transformation: [0.06761499638551406f,0.9879569038492367f,-0.13917387829767797f,0.921234298677766f,0.9185316014966534f,-0.11610072456861141f,-0.3779157562296609f,3.142739018359285f,-0.38952266855188283f,-0.10228283282776932f,-0.9153197871743769f,1.9233536557928466f,0f,0f,0f,1f], start_interpolation: 0, interpolation_duration: 1 }
$data merge entity $(bone_left_whisker1) { transformation: [-0.32833167042344297f,0.9383667222871527f,-0.10801022498364386f,0.7929797399186085f,0.9405047538349235f,0.3141888929229454f,-0.1293682634101725f,3.5101236878260518f,-0.08745926029221518f,-0.14405982808513876f,-0.9856965271934455f,1.8891898822412f,0f,0f,0f,1f], start_interpolation: 0, interpolation_duration: 1 }
$data merge entity $(bone_upper_left_tooth1) { transformation: [-0.9985115988579706f,0.020652545162392327f,-0.05047830548279666f,0.5251363541627536f,0.01733027950200875f,0.9977093132106376f,0.0653895079132713f,3.7763905134967604f,0.05171313526060335f,0.06441737895221183f,-0.996582235909534f,2.7613520045638222f,0f,0f,0f,1f], start_interpolation: 0, interpolation_duration: 1 }
$data merge entity $(bone_upper_right_tooth1) { transformation: [-0.9985115988579706f,0.020652545162392327f,-0.05047830548279666f,-0.05992903579308856f,0.01733027950200875f,0.9977093132106376f,0.0653895079132713f,3.7865449741424686f,0.05171313526060335f,0.06441737895221183f,-0.996582235909534f,2.791652669755582f,0f,0f,0f,1f], start_interpolation: 0, interpolation_duration: 1 }
$data merge entity $(bone_top_lip1) { transformation: [-0.9985115988579706f,-0.0076627024356488785f,-0.05399879570399598f,0.2592002309260669f,0.01733027950200875f,0.8941906739554099f,-0.44735075726274565f,3.8882204410070464f,0.05171313526060335f,-0.4476207341070703f,-0.8927269627601523f,2.7821596289126562f,0f,0f,0f,1f], start_interpolation: 0, interpolation_duration: 1 }
$data merge entity $(bone_muzzle1) { transformation: [-0.9985115988579706f,0.020652545162392327f,-0.05047830548279666f,0.23757789599731743f,0.01733027950200875f,0.9977093132106376f,0.0653895079132713f,4.066297736845163f,0.05171313526060335f,0.06441737895221183f,-0.996582235909534f,2.304983348529907f,0f,0f,0f,1f], start_interpolation: 0, interpolation_duration: 1 }
$data merge entity $(bone_jaw_right_tooth1) { transformation: [-0.9985115988579706f,-0.009191253912933404f,-0.05375972281929269f,-0.06072020277629803f,0.01733027950200875f,0.8811421380136046f,-0.47253380199642436f,3.631953131223964f,0.05171313526060335f,-0.4727621531682944f,-0.8796713580498099f,2.828183629010327f,0f,0f,0f,1f], start_interpolation: 0, interpolation_duration: 1 }
$data merge entity $(bone_jaw_left_tooth1) { transformation: [-0.9985115988579706f,-0.009191253912933404f,-0.05375972281929269f,0.573100636342531f,0.01733027950200875f,0.8811421380136046f,-0.47253380199642436f,3.6209524655244465f,0.05171313526060335f,-0.4727621531682944f,-0.8796713580498099f,2.7953579083859204f,0f,0f,0f,1f], start_interpolation: 0, interpolation_duration: 1 }
$data merge entity $(bone_tongue1) { transformation: [-0.9985115988579706f,0.0152244964225091f,-0.05237176390747404f,0.2196091230923584f,0.01733027950200875f,0.9990496953167869f,-0.0399920954666973f,3.5928010314218857f,0.05171313526060335f,-0.040840188492662355f,-0.997826553387613f,2.116710139692034f,0f,0f,0f,1f], start_interpolation: 0, interpolation_duration: 1 }
$data merge entity $(bone_jaw_lips1) { transformation: [-0.9985115988579706f,0.0152244964225091f,-0.05237176390747404f,0.3075702352526397f,0.01733027950200875f,0.9990496953167869f,-0.0399920954666973f,3.511000999324942f,0.05171313526060335f,-0.040840188492662355f,-0.997826553387613f,2.8983236109370103f,0f,0f,0f,1f], start_interpolation: 0, interpolation_duration: 1 }
$data merge entity $(bone_jaw3) { transformation: [-0.9985115988579706f,0.0002836597860888558f,-0.0545390363246817f,0.26494083717209954f,0.01733027950200875f,0.9498102426242561f,-0.31234622523480904f,3.1974140341648405f,0.05171313526060335f,-0.31282650549973806f,-0.9484014598777994f,2.1802971657365444f,0f,0f,0f,1f], start_interpolation: 0, interpolation_duration: 1 }
$data merge entity $(bone_jaw1) { transformation: [-0.9985115988579706f,0.038765500182855225f,-0.03836434466626851f,0.23496869290157726f,0.01733027950200875f,0.8924793973416056f,0.4507551294584973f,3.5495664790542913f,0.05171313526060335f,0.44941936019305784f,-0.8918228469405689f,1.4835605665642249f,0f,0f,0f,1f], start_interpolation: 0, interpolation_duration: 1 }
$data merge entity $(bone_tear_right1) { transformation: [-0.9985115988579706f,0.02497343019987189f,-0.04848623237735966f,-0.2906025393698233f,0.01733027950200875f,0.9882136569271089f,0.15209677733315818f,4.1326012919403095f,0.05171313526060335f,0.15103011635697755f,-0.9871755951170574f,2.281786144576344f,0f,0f,0f,1f], start_interpolation: 0, interpolation_duration: 1 }
$data merge entity $(bone_right_pupil1) { transformation: [-0.9985115988579706f,0.02497343019987189f,-0.04848623237735966f,-0.12443006744552418f,0.01733027950200875f,0.9882136569271089f,0.15209677733315818f,4.217402140065875f,0.05171313526060335f,0.15103011635697755f,-0.9871755951170574f,2.346044832635841f,0f,0f,0f,1f], start_interpolation: 0, interpolation_duration: 1 }
$data merge entity $(bone_right_sad_pupil1) { transformation: [-0.9985115988579706f,0.02497343019987189f,-0.04848623237735966f,-0.12490356580858433f,0.01733027950200875f,0.9882136569271089f,0.15209677733315818f,4.218887460157019f,0.05171313526060335f,0.15103011635697755f,-0.9871755951170574f,2.336404445964776f,0f,0f,0f,1f], start_interpolation: 0, interpolation_duration: 1 }
$data merge entity $(bone_right_happy_pupil1) { transformation: [-0.9985115988579706f,0.02497343019987189f,-0.04848623237735966f,-0.14989067343674525f,0.01733027950200875f,0.9882136569271089f,0.15209677733315818f,4.195184556101407f,0.05171313526060335f,0.15103011635697755f,-0.9871755951170574f,2.333979746017534f,0f,0f,0f,1f], start_interpolation: 0, interpolation_duration: 1 }
$data merge entity $(bone_eyelid_right1) { transformation: [-0.9985115988579706f,0.02497343019987189f,-0.04848623237735966f,0.22561938085680325f,0.01733027950200875f,0.9882136569271089f,0.15209677733315818f,4.238385060417039f,0.05171313526060335f,0.15103011635697755f,-0.9871755951170574f,1.8275676520195483f,0f,0f,0f,1f], start_interpolation: 0, interpolation_duration: 1 }
$data merge entity $(bone_eyelid_expressions_right5) { transformation: [-0.9985115988579706f,0.02497343019987189f,-0.04848623237735966f,-0.23460197530562318f,0.01733027950200875f,0.9882136569271089f,0.15209677733315818f,4.3173389662993555f,0.05171313526060335f,0.15103011635697755f,-0.9871755951170574f,2.3569610920999944f,0f,0f,0f,1f], start_interpolation: 0, interpolation_duration: 1 }
$data merge entity $(bone_eyelid_expressions_right7) { transformation: [-0.9985115988579706f,0.02497343019987189f,-0.04848623237735966f,0.05793071967229792f,0.01733027950200875f,0.9882136569271089f,0.15209677733315818f,4.312261735976501f,0.05171313526060335f,0.15103011635697755f,-0.9871755951170574f,2.341810759504115f,0f,0f,0f,1f], start_interpolation: 0, interpolation_duration: 1 }
$data merge entity $(bone_eyelid_expressions_right6) { transformation: [-0.9985115988579706f,0.02497343019987189f,-0.04848623237735966f,-0.039580178653675774f,0.01733027950200875f,0.9882136569271089f,0.15209677733315818f,4.31395414608412f,0.05171313526060335f,0.15103011635697755f,-0.9871755951170574f,2.346860870369408f,0f,0f,0f,1f], start_interpolation: 0, interpolation_duration: 1 }
$data merge entity $(bone_right_eye1) { transformation: [-0.9985115988579706f,0.02497343019987189f,-0.04848623237735966f,0.21634178938726603f,0.01733027950200875f,0.9882136569271089f,0.15209677733315818f,4.237068981336657f,0.05171313526060335f,0.15103011635697755f,-0.9871755951170574f,1.8377130497771426f,0f,0f,0f,1f], start_interpolation: 0, interpolation_duration: 1 }
$data merge entity $(bone_tear_left1) { transformation: [-0.9985115988579706f,0.02497343019987189f,-0.04848623237735966f,0.7625151625506925f,0.01733027950200875f,0.9882136569271089f,0.15209677733315818f,4.114323262778035f,0.05171313526060335f,0.15103011635697755f,-0.9871755951170574f,2.2272449472311764f,0f,0f,0f,1f], start_interpolation: 0, interpolation_duration: 1 }
$data merge entity $(bone_left_sad_pupil1) { transformation: [-0.9985115988579706f,0.02497343019987189f,-0.04848623237735966f,0.6064281716362183f,0.01733027950200875f,0.9882136569271089f,0.15209677733315818f,4.2061943843498835f,0.05171313526060335f,0.15103011635697755f,-0.9871755951170574f,2.2985286144750763f,0f,0f,0f,1f], start_interpolation: 0, interpolation_duration: 1 }
$data merge entity $(bone_left_pupil1) { transformation: [-0.9985115988579706f,0.02497343019987189f,-0.04848623237735966f,0.6069016699992785f,0.01733027950200875f,0.9882136569271089f,0.15209677733315818f,4.20470906425874f,0.05171313526060335f,0.15103011635697755f,-0.9871755951170574f,2.3081690011461413f,0f,0f,0f,1f], start_interpolation: 0, interpolation_duration: 1 }
$data merge entity $(bone_eyelid_left1) { transformation: [-0.9985115988579706f,0.02497343019987189f,-0.04848623237735966f,0.2061172011916085f,0.01733027950200875f,0.9882136569271089f,0.15209677733315818f,4.238723542438563f,0.05171313526060335f,0.15103011635697755f,-0.9871755951170574f,1.828577674192607f,0f,0f,0f,1f], start_interpolation: 0, interpolation_duration: 1 }
$data merge entity $(bone_left_happy_pupil1) { transformation: [-0.9985115988579706f,0.02497343019987189f,-0.04848623237735966f,0.6301965131710443f,0.01733027950200875f,0.9882136569271089f,0.15209677733315818f,4.181645275240463f,0.05171313526060335f,0.15103011635697755f,-0.9871755951170574f,2.293578859095188f,0f,0f,0f,1f], start_interpolation: 0, interpolation_duration: 1 }
$data merge entity $(bone_eyelid_expressions_left5) { transformation: [-0.9985115988579706f,0.02497343019987189f,-0.04848623237735966f,0.721004828288919f,0.01733027950200875f,0.9882136569271089f,0.15209677733315818f,4.300753347244699f,0.05171313526060335f,0.15103011635697755f,-0.9871755951170574f,2.3074700056201203f,0f,0f,0f,1f], start_interpolation: 0, interpolation_duration: 1 }
$data merge entity $(bone_eyelid_expressions_left7) { transformation: [-0.9985115988579706f,0.02497343019987189f,-0.04848623237735966f,0.42847213331099787f,0.01733027950200875f,0.9882136569271089f,0.15209677733315818f,4.305830577567553f,0.05171313526060335f,0.15103011635697755f,-0.9871755951170574f,2.322620338216f,0f,0f,0f,1f], start_interpolation: 0, interpolation_duration: 1 }
$data merge entity $(bone_eyelid_expressions_left6) { transformation: [-0.9985115988579706f,0.02497343019987189f,-0.04848623237735966f,0.5259830316369716f,0.01733027950200875f,0.9882136569271089f,0.15209677733315818f,4.304138167459935f,0.05171313526060335f,0.15103011635697755f,-0.9871755951170574f,2.3175702273507066f,0f,0f,0f,1f], start_interpolation: 0, interpolation_duration: 1 }
$data merge entity $(bone_left_eye1) { transformation: [-0.9985115988579706f,0.02497343019987189f,-0.04848623237735966f,0.21634178938726603f,0.01733027950200875f,0.9882136569271089f,0.15209677733315818f,4.237068981336657f,0.05171313526060335f,0.15103011635697755f,-0.9871755951170574f,1.8377130497771426f,0f,0f,0f,1f], start_interpolation: 0, interpolation_duration: 1 }
$data merge entity $(bone_crest_middle5) { transformation: [-0.9985115988579706f,0.013887118771154418f,-0.0527421546614759f,0.2665345237703333f,0.01733027950200875f,0.9977088152065425f,-0.06539710598749238f,5.364771743924739f,0.05171313526060335f,-0.06621380514207675f,-0.9964644919163581f,2.4289482018322883f,0f,0f,0f,1f], start_interpolation: 0, interpolation_duration: 1 }
$data merge entity $(bone_crest_middle4) { transformation: [-0.9985115988579706f,0.013887118771154418f,-0.0527421546614759f,0.25839754011536004f,0.01733027950200875f,0.9977088152065425f,-0.06539710598749238f,4.780176735014655f,0.05171313526060335f,-0.06621380514207675f,-0.9964644919163581f,2.467745353282724f,0f,0f,0f,1f], start_interpolation: 0, interpolation_duration: 1 }
$data merge entity $(bone_crest_middle1) { transformation: [-0.9985115988579706f,0.013887118771154418f,-0.0527421546614759f,0.2561577696369232f,0.01733027950200875f,0.9977088152065425f,-0.06539710598749238f,4.346520325867382f,0.05171313526060335f,-0.06621380514207675f,-0.9964644919163581f,2.5698267674197344f,0f,0f,0f,1f], start_interpolation: 0, interpolation_duration: 1 }
$data merge entity $(bone_crest_left5) { transformation: [-0.5575622683993255f,-0.8279568532981969f,0.0600979694660847f,-0.7022340620539499f,-0.8241393924988232f,0.5607680951388029f,0.07958269413678447f,4.817267899727205f,-0.09959206087369114f,-0.005156796577956535f,-0.9950149892639731f,2.4792323811134085f,0f,0f,0f,1f], start_interpolation: 0, interpolation_duration: 1 }
$data merge entity $(bone_crest_left4) { transformation: [-0.5575622683993255f,-0.8279568532981969f,0.0600979694660847f,-0.2979582547794397f,-0.8241393924988232f,0.5607680951388029f,0.07958269413678447f,4.543455353272711f,-0.09959206087369114f,-0.005156796577956535f,-0.9950149892639731f,2.481750348192489f,0f,0f,0f,1f], start_interpolation: 0, interpolation_duration: 1 }
$data merge entity $(bone_crest_left1) { transformation: [-0.5575622683993255f,-0.8279568532981969f,0.0600979694660847f,0.14967960438785774f,-0.8241393924988232f,0.5607680951388029f,0.07958269413678447f,4.246147425909916f,-0.09959206087369114f,-0.005156796577956535f,-0.9950149892639731f,2.4359353957068226f,0f,0f,0f,1f], start_interpolation: 0, interpolation_duration: 1 }
$data merge entity $(bone_crest_center1) { transformation: [-0.9985115988579706f,0.02497343019987189f,-0.04848623237735966f,0.24658080763228932f,0.01733027950200875f,0.9882136569271089f,0.15209677733315818f,4.220329014635494f,0.05171313526060335f,0.15103011635697755f,-0.9871755951170574f,2.427198073338319f,0f,0f,0f,1f], start_interpolation: 0, interpolation_duration: 1 }
$data merge entity $(bone_crest_right5) { transformation: [-0.5154375135929712f,0.8419062458881921f,-0.1597436781708327f,1.2157841569881873f,0.8427624972767638f,0.5317857635643982f,0.08339829047446089f,4.783978560010007f,0.15516295551750814f,-0.0916393736593662f,-0.9836293419934111f,2.379897795809572f,0f,0f,0f,1f], start_interpolation: 0, interpolation_duration: 1 }
$data merge entity $(bone_crest_right4) { transformation: [-0.5154375135929712f,0.8419062458881921f,-0.1597436781708327f,0.8046971228630935f,0.8427624972767638f,0.5317857635643982f,0.08339829047446089f,4.524317542644578f,0.15516295551750814f,-0.0916393736593662f,-0.9836293419934111f,2.4246435837291846f,0f,0f,0f,1f], start_interpolation: 0, interpolation_duration: 1 }
$data merge entity $(bone_crest_right1) { transformation: [-0.5154375135929712f,0.8419062458881921f,-0.1597436781708327f,0.3447014010398051f,0.8427624972767638f,0.5317857635643982f,0.08339829047446089f,4.24276260569468f,0.15516295551750814f,-0.0916393736593662f,-0.9836293419934111f,2.4258351739762363f,0f,0f,0f,1f], start_interpolation: 0, interpolation_duration: 1 }
$data merge entity $(bone_head1) { transformation: [-0.9985115988579706f,0.02497343019987189f,-0.04848623237735966f,0.1890799736474795f,0.01733027950200875f,0.9882136569271089f,0.15209677733315818f,4.27050896638244f,0.05171313526060335f,0.15103011635697755f,-0.9871755951170574f,1.3001172654683237f,0f,0f,0f,1f], start_interpolation: 0, interpolation_duration: 1 }
$data merge entity $(bone_neck10) { transformation: [-1.2898977997925933f,0.03663222963339456f,-0.17390443578804274f,0.05418339425848068f,-0.0021755452144350726f,1.270772518027899f,0.2838194520685588f,4.091498570572918f,0.17770745633678744f,0.281453893420509f,-1.2588188006163517f,0.3187727020030203f,0f,0f,0f,1f], start_interpolation: 0, interpolation_duration: 1 }
$data merge entity $(bone_neck9) { transformation: [-0.9906415102407117f,0.05575114642794925f,-0.12458413968066435f,-0.010511218409781854f,-0.0016708187246861359f,0.9077524129275377f,0.419502997830793f,2.918594970282548f,0.13647932646665276f,0.41578524083498014f,-0.8991640712078117f,-0.16517515886131934f,0f,0f,0f,1f], start_interpolation: 0, interpolation_duration: 1 }
$data merge entity $(bone_neck8) { transformation: [-0.9907901588046302f,-0.018558942253236486f,-0.13412839698712864f,0.007098793224055204f,0.00500845747648075f,0.984861762958244f,-0.1732692217806907f,2.2814859782457964f,0.13531362300079783f,-0.1723452161367438f,-0.9756983908489228f,-0.01264979548664491f,0f,0f,0f,1f], start_interpolation: 0, interpolation_duration: 1 }
$data merge entity $(bone_neck7) { transformation: [-0.9905058484742563f,-0.05477047482079709f,-0.12608869587000326f,0.05460259571176673f,3.469446951953614e-18f,0.9172048541882176f,-0.39841593273057085f,1.541906847948952f,0.137470593722053f,-0.3946333114949563f,-0.908496772322407f,0.32962554438697644f,0f,0f,0f,1f], start_interpolation: 0, interpolation_duration: 1 }
$data merge entity $(bone_neck6) { transformation: [-0.9905058484742563f,-0.03558000779681832f,-0.13278639683142282f,0.08172868946151848f,3.469446951953614e-18f,0.9659258262890684f,-0.25881904510252063f,0.7710042746604273f,0.137470593722053f,-0.256361777870569f,-0.9567551801316507f,0.5250750130909138f,0f,0f,0f,1f], start_interpolation: 0, interpolation_duration: 1 }
$data merge entity $(bone_neck_spine6) { transformation: [-1.0972486932452692f,-0.1447752595167506f,-0.00520643071290655f,-0.210380598186296f,0.03757063679816643f,-0.3227945279920073f,1.0579857359465479f,0.7545747990299676f,-0.1399122222662875f,1.0487065816746055f,0.32493192076223293f,-1.6566764251091766f,0f,0f,0f,1f], start_interpolation: 0, interpolation_duration: 1 }
$data merge entity $(bone_neck_spine7) { transformation: [-0.8249059102957784f,-0.5208002740235805f,0.21976649821129912f,0.8079964094052121f,0.23820578854446467f,0.03230600709981349f,0.9706772502789878f,1.7358254190341964f,-0.5126287559852678f,0.8530670527468696f,0.09740822375326658f,-4.4195949577264795f,0f,0f,0f,1f], start_interpolation: 0, interpolation_duration: 1 }
$data merge entity $(bone_tail6) { transformation: [-1.0643704868926853f,-0.8603384540043227f,0.6075586332834944f,2.77151195578633f,0.6161846733735102f,0.191871301135518f,1.3511832347184343f,1.184238268458493f,-0.8541815946363138f,1.2104533985437207f,0.217648007164202f,-7.221755233406322f,0f,0f,0f,1f], start_interpolation: 0, interpolation_duration: 1 }
$data merge entity $(bone_tail5) { transformation: [-0.8792625761287401f,-0.7107143750470493f,0.5018962622776693f,2.322639718914509f,0.5090221214824651f,0.1585023791989062f,1.1161948460717501f,1.2843450342683285f,-0.7056282738299984f,0.9999397640143781f,0.1797961798312973f,-6.590214329818293f,0f,0f,0f,1f], start_interpolation: 0, interpolation_duration: 1 }
$data merge entity $(bone_tail4) { transformation: [-0.7108143773335499f,-0.5745564631959303f,0.4057435046623684f,2.0982036004785987f,0.4115041992616138f,0.12813666023658943f,0.9023554124032674f,1.3343984171732461f,-0.5704447518962513f,0.8083723565926761f,0.14535101695835403f,-6.274443878024279f,0f,0f,0f,1f], start_interpolation: 0, interpolation_duration: 1 }
$data merge entity $(bone_segment18) { transformation: [-0.7108143773335499f,-0.5745564631959303f,0.4057435046623684f,1.817658452433711f,0.4115041992616138f,0.12813666023658943f,0.9023554124032674f,1.3969651458043932f,-0.5704447518962513f,0.8083723565926761f,0.14535101695835403f,-5.879730813281761f,0f,0f,0f,1f], start_interpolation: 0, interpolation_duration: 1 }
$data merge entity $(bone_segment17) { transformation: [-0.7108143773335499f,-0.5745564631959303f,0.4057435046623684f,1.4529497599753567f,0.4115041992616138f,0.12813666023658943f,0.9023554124032674f,1.4783018930248846f,-0.5704447518962513f,0.8083723565926761f,0.14535101695835403f,-5.366603829116489f,0f,0f,0f,1f], start_interpolation: 0, interpolation_duration: 1 }
$data merge entity $(bone_segment16) { transformation: [-0.7444649556800731f,-0.6487561483901536f,0.15775737602483136f,0.9144314727374363f,0.26497083452755116f,-0.07020614734085504f,0.9616972255992668f,1.4200253058767138f,-0.612831450411971f,0.7577509860115839f,0.22416747441239696f,-4.737611311431092f,0f,0f,0f,1f], start_interpolation: 0, interpolation_duration: 1 }
$data merge entity $(bone_segment15) { transformation: [-0.8249059102957784f,-0.5599341902303735f,0.07748510676348991f,0.34028020345824467f,0.23820578854446467f,-0.2200245524179603f,0.945963634944381f,1.1944141925575162f,-0.5126287559852678f,0.7987883943475471f,0.31487911901659094f,-3.9185411805083143f,0f,0f,0f,1f], start_interpolation: 0, interpolation_duration: 1 }
$data merge entity $(bone_segment14) { transformation: [-0.93207158693255f,-0.36096308502318764f,-0.03079298757154322f,-0.029847959895609677f,0.14128219675336537f,-0.44044922431475564f,0.8865911242963542f,0.7427816871566439f,-0.33358941487040844f,0.8220158952545099f,0.46152786506921245f,-3.075653787913358f,0f,0f,0f,1f], start_interpolation: 0, interpolation_duration: 1 }
$data merge entity $(bone_segment13) { transformation: [-0.9913964663674902f,-0.12800455753276696f,-0.027347389727260828f,-0.16668520334680775f,0.03394617536587272f,-0.4532174446000211f,0.8907533918477415f,0.23418037971999217f,-0.1264148078829515f,0.8821614257952268f,0.4536634382302026f,-2.1390950695624844f,0f,0f,0f,1f], start_interpolation: 0, interpolation_duration: 1 }
$data merge entity $(bone_segment12) { transformation: [-0.9994869929917016f,0.03173545842696042f,0.004314106957067897f,-0.12949521300271352f,-0.003025804536189048f,-0.2276648558334864f,0.9737348499079339f,-0.03261437320987476f,0.031884092386566934f,0.9732222634613065f,0.2276440874609667f,-0.9986002295687657f,0f,0f,0f,1f], start_interpolation: 0, interpolation_duration: 1 }
$data merge entity $(bone_segment11) { transformation: [-1.0279660386438283f,0.12107481277299252f,-0.013235370072757015f,0.009295126649095653f,0.025118587895842173f,0.3208173102101484f,0.983866745004478f,0.3381692151514327f,0.11917777414894476f,0.9767116284224185f,-0.3215268495279874f,0.1302781244696281f,0f,0f,0f,1f], start_interpolation: 0, interpolation_duration: 1 }
$data merge entity $(bone_segment10) { transformation: [-0.991598614471539f,0.09696701101015406f,-0.08561300458388911f,0.09293924149039015f,0.038226732485061456f,0.8519663128296622f,0.5221993093895717f,1.1246326050548605f,0.12357550202867845f,0.514539406245223f,-0.84851534736808f,0.6058495049191323f,0f,0f,0f,1f], start_interpolation: 0, interpolation_duration: 1 }