# This file was generated by Animated Java via MC-Build. It is not recommended to edit this file directly.
$data merge entity $(bone_neck_spine5) { transformation: [-1.5566240315866757f,0.02432453819897041f,-0.21988437117015197f,0.05366534795539249f,-0.0116904515961281f,1.5515044999028806f,0.254394016594796f,4.301848476723833f,0.22091662043622917f,0.2534981246067938f,-1.53588858423797f,-0.5762632440264381f,0f,0f,0f,1f], start_interpolation: 0, interpolation_duration: 1 }
$data merge entity $(bone_neck_spine2) { transformation: [-1.4824990777015956f,0.005452777331259455f,-0.2106205913896418f,0.17740148429348906f,-0.0111337634248839f,1.492775280023537f,0.11701403482777917f,5.710421373810717f,0.21039678136783724f,0.11741597955156559f,-1.4778839480216395f,1.1694193379073172f,0f,0f,0f,1f], start_interpolation: 0, interpolation_duration: 1 }
$data merge entity $(bone_scale_neck_left1) { transformation: [-1.565816574230594f,0.4957368113131767f,-0.1245734747507777f,0.9476809881333411f,0.4051804735189271f,1.4484972022822102f,0.6713715213629939f,4.81994210244161f,0.3116124525454928f,0.607582051847589f,-1.4989318898899069f,0.9549306507805827f,0f,0f,0f,1f], start_interpolation: 0, interpolation_duration: 1 }
$data merge entity $(bone_scale_neck_right1) { transformation: [-1.584548548293135f,-0.3283915429557654f,-0.30727833222491213f,-0.6089430434533339f,-0.42884013071788074f,1.4423078897448998f,0.6699993838080432f,4.808251650845482f,0.1354884542153421f,0.7245426326534677f,-1.4730023533856256f,1.1758472712168118f,0f,0f,0f,1f], start_interpolation: 0, interpolation_duration: 1 }
$data merge entity $(bone_blush_right1) { transformation: [-0.9983269219346333f,0.01862977290443246f,-0.054738364079043755f,-0.38065178941507233f,0.010411348873960224f,0.9891181131366957f,0.14675476850694713f,4.416155636085945f,0.05687671540398029f,0.14593933611755333f,-0.9876572023827002f,2.4981635243797693f,0f,0f,0f,1f], start_interpolation: 0, interpolation_duration: 1 }
$data merge entity $(bone_blush_left1) { transformation: [-0.9983269219346333f,0.01862977290443246f,-0.054738364079043755f,0.9423263678752574f,0.010411348873960224f,0.9891181131366957f,0.14675476850694713f,4.40235856536137f,0.05687671540398029f,0.14593933611755333f,-0.9876572023827002f,2.422790767736018f,0f,0f,0f,1f], start_interpolation: 0, interpolation_duration: 1 }
$data merge entity $(bone_left_head_scales) { transformation: [-0.8602514311052357f,0.01862977290443246f,-0.5095295936870824f,0.9456216054792577f,-0.05852883160451066f,0.9891181131366957f,0.1349804953906815f,5.181962914366912f,0.5064996062707302f,0.14593933611755333f,-0.8497998935167989f,2.140470013401729f,0f,0f,0f,1f], start_interpolation: 0, interpolation_duration: 1 }
$data merge entity $(bone_left_head_scales2) { transformation: [-0.7863849031713476f,0.01862977290443246f,-0.6174558410329598f,0.9381049811936689f,-0.07564659942382705f,0.9891181131366957f,0.12618617301635707f,4.268580236971201f,0.6130875761747266f,0.14593933611755333f,-0.7764182726557677f,2.175730441314685f,0f,0f,0f,1f], start_interpolation: 0, interpolation_duration: 1 }
$data merge entity $(bone_left_head_scales1) { transformation: [-0.9983269219346333f,0.01862977290443246f,-0.054738364079043755f,0.9435293946550294f,0.010411348873960224f,0.9891181131366957f,0.14675476850694713f,5.070880313770506f,0.05687671540398029f,0.14593933611755333f,-0.9876572023827002f,2.1240803418650898f,0f,0f,0f,1f], start_interpolation: 0, interpolation_duration: 1 }
$data merge entity $(bone_right_head_scales) { transformation: [-0.9108021585137415f,0.01862977290443246f,0.41242254982995147f,-0.399779910409213f,0.07699879008291186f,0.9891181131366957f,0.12536564358176697f,5.195993833747836f,-0.4055990808328799f,0.14593933611755333f,-0.902325382443102f,2.2171202743953744f,0f,0f,0f,1f], start_interpolation: 0, interpolation_duration: 1 }
$data merge entity $(bone_right_head_scales2) { transformation: [-0.8491781747716357f,0.01862977290443246f,0.5277777553601921f,-0.4072965346948017f,0.09270355485164787f,0.9891181131366957f,0.11424276424688991f,4.282611156352124f,-0.5199062207834994f,0.14593933611755333f,-0.841664560121303f,2.25238070230833f,0f,0f,0f,1f], start_interpolation: 0, interpolation_duration: 1 }
$data merge entity $(bone_right_head_scales1) { transformation: [-0.9983269219346333f,0.01862977290443246f,-0.054738364079043755f,-0.4018721212334413f,0.010411348873960224f,0.9891181131366957f,0.14675476850694713f,5.08491123315143f,0.05687671540398029f,0.14593933611755333f,-0.9876572023827002f,2.200730602858735f,0f,0f,0f,1f], start_interpolation: 0, interpolation_duration: 1 }
$data merge entity $(bone_head_left_fin1) { transformation: [-0.6824601797543692f,0.021041345020444642f,-0.7952864659193809f,0.931073099276729f,0.16582200071349726f,1.0285591694347935f,-0.11508386974791181f,4.666681800570541f,0.7780914889357037f,-0.20074484998752032f,-0.6730158527660999f,1.9794305808859136f,0f,0f,0f,1f], start_interpolation: 0, interpolation_duration: 1 }
$data merge entity $(bone_head_right_fin1) { transformation: [-0.769706339536356f,-0.022316313779289297f,0.7111464905643716f,-0.4143284166117417f,-0.1506776507783864f,1.0290113376596546f,-0.13079415334398076f,4.680712719951464f,-0.6953586085313272f,-0.19827467597342435f,-0.7588404024787971f,2.056080841879559f,0f,0f,0f,1f], start_interpolation: 0, interpolation_duration: 1 }
$data merge entity $(bone_right_whisker16) { transformation: [0.2609524183926146f,0.906763228971567f,-0.3311861741077118f,-0.9534318295618569f,0.9053828636315988f,-0.34892173074758515f,-0.2419411003826257f,2.0229848188799453f,-0.33494134647321727f,-0.2367151714554168f,-0.912019858350431f,2.6869607277839127f,0f,0f,0f,1f], start_interpolation: 0, interpolation_duration: 1 }
$data merge entity $(bone_right_whisker15) { transformation: [-0.8649446183231824f,0.3770762858012435f,-0.3311861741077118f,-0.6620198243650817f,0.4641128346624681f,0.8520937628261416f,-0.2419411003826257f,1.8666186782954222f,0.1909714217764875f,-0.36297340679328843f,-0.912019858350431f,2.6226197702517955f,0f,0f,0f,1f], start_interpolation: 0, interpolation_duration: 1 }
$data merge entity $(bone_right_whisker14) { transformation: [-0.7072885652262403f,-0.6245467184927826f,-0.3311861741077118f,-0.42372436049491313f,-0.5761166530980917f,0.7807394610039238f,-0.2419411003826257f,2.060720480364603f,0.40967363537730805f,0.01967969642041182f,-0.912019858350431f,2.484594961457683f,0f,0f,0f,1f], start_interpolation: 0, interpolation_duration: 1 }
$data merge entity $(bone_right_whisker13) { transformation: [-0.10578033083820072f,-0.9890227704663056f,-0.10317209461339147f,-0.3880854794996209f,-0.9920317609889311f,0.1121005734426782f,-0.05750170974000082f,2.394949931088413f,0.06843615124304822f,0.09626744482417986f,-0.9930000363897583f,2.4615378597205235f,0f,0f,0f,1f], start_interpolation: 0, interpolation_duration: 1 }
$data merge entity $(bone_right_whisker12) { transformation: [0.048046757334015644f,-0.9958081012389144f,-0.07783145004838912f,-0.4096689837707608f,-0.9855253338682367f,-0.05994480105134023f,0.15857628174104846f,2.837666389662035f,-0.16257713681076857f,0.06908578966664498f,-0.9842742647517246f,2.534570557897236f,0f,0f,0f,1f], start_interpolation: 0, interpolation_duration: 1 }
$data merge entity $(bone_right_whisker11) { transformation: [0.28311873108841595f,-0.9572199267109053f,-0.05978123463474962f,-0.5368512262518852f,-0.9512126014655993f,-0.2722789884901759f,-0.14511629556949932f,3.26496892547666f,0.12263103571255052f,0.09794980517763366f,-0.9876069383847657f,2.4794823973232387f,0f,0f,0f,1f], start_interpolation: 0, interpolation_duration: 1 }
$data merge entity $(bone_right_whisker10) { transformation: [0.07025105157209913f,-0.9961996829729343f,0.05148768199909764f,-0.5684093158252891f,-0.9211426779177769f,-0.08459398134984084f,-0.37992107764356803f,3.678763487822536f,0.38283280511403583f,-0.02073764605756191f,-0.9235848598610252f,2.307506723150918f,0f,0f,0f,1f], start_interpolation: 0, interpolation_duration: 1 }
$data merge entity $(bone_right_whisker1) { transformation: [-0.34966328028081295f,-0.9366043239583828f,0.022537319399677364f,-0.4113340141366426f,-0.9298734355730494f,0.3440139702344208f,-0.13034485835323795f,4.096480070208867f,0.11432840521426124f,-0.06653366535831615f,-0.9912125337863474f,2.256148259871074f,0f,0f,0f,1f], start_interpolation: 0, interpolation_duration: 1 }
$data merge entity $(bone_left_whisker16) { transformation: [0.25704752427103567f,-0.929757929317011f,0.26358445162466515f,1.4466346396202228f,-0.9126219501860297f,-0.323256215119281f,-0.25025306276928067f,1.9894437168916819f,0.3178800816420865f,-0.17622602605432927f,-0.9316097044558513f,2.6079101984875783f,0f,0f,0f,1f], start_interpolation: 0, interpolation_duration: 1 }
$data merge entity $(bone_left_whisker15) { transformation: [-0.8882522867802154f,-0.3762062092675272f,0.26358445162466515f,1.1473699531561854f,-0.439611781481378f,0.8626209400178991f,-0.25025306276928067f,1.8413323256699285f,-0.1332267113325514f,-0.3381626856280771f,-0.9316097044558513f,2.5630242459390136f,0f,0f,0f,1f], start_interpolation: 0, interpolation_duration: 1 }
$data merge entity $(bone_left_whisker14) { transformation: [-0.7163502544169551f,0.6460383501453207f,0.26358445162466515f,0.9060214787676609f,0.5960121082687049f,0.7629829430411196f,-0.25025306276928067f,2.0421371863659274f,-0.36278351643074574f,-0.022169320463729256f,-0.9316097044558513f,2.440797377610296f,0f,0f,0f,1f], start_interpolation: 0, interpolation_duration: 1 }
$data merge entity $(bone_left_whisker13) { transformation: [-0.08232024251858448f,0.9959564391072356f,0.03597428348857924f,0.8782866314347394f,0.9946604800665161f,0.08436034584157398f,-0.05944629040855465f,2.3772522895133377f,-0.062240718709937914f,0.030888565041536604f,-0.9975830739763704f,2.419827604216811f,0f,0f,0f,1f], start_interpolation: 0, interpolation_duration: 1 }
$data merge entity $(bone_left_whisker12) { transformation: [0.08613011191080276f,0.9961336099671376f,0.017304187818887047f,0.9169778926446703f,0.983650202444339f,-0.08778233011486145f,0.15724675434112093f,2.8191264038926307f,0.15815777898492359f,0.0034775873021716946f,-0.9874077290223685f,2.4908750439951945f,0f,0f,0f,1f], start_interpolation: 0, interpolation_duration: 1 }
$data merge entity $(bone_left_whisker11) { transformation: [0.30087951348634895f,0.9536158679709705f,-0.009396526921726905f,1.0521386115936162f,0.943051183882475f,-0.2989830565212966f,-0.14582042549329563f,3.2427626779023364f,-0.1418660739644278f,0.035012972840876906f,-0.9892664498459265f,2.4271461435814867f,0f,0f,0f,1f], start_interpolation: 0, interpolation_duration: 1 }
$data merge entity $(bone_left_whisker10) { transformation: [0.07059823458140357f,0.9899266934024276f,-0.12272339207879512f,1.083852662284481f,0.9191742989863971f,-0.11235024068972876f,-0.3774864653200506f,3.655673007525132f,-0.38747193105676014f,-0.08615430985328959f,-0.9178469031035886f,2.253086487052083f,0f,0f,0f,1f], start_interpolation: 0, interpolation_duration: 1 }
$data merge entity $(bone_left_whisker1) { transformation: [-0.3303339202952855f,0.9394351652179072f,-0.09132946651739432f,0.9354604715268333f,0.9393764454892828f,0.3177961830820857f,-0.12875356180851272f,4.077658520147271f,-0.09193146774782296f,-0.12832441844972978f,-0.9874621252824177f,2.2117891480247405f,0f,0f,0f,1f], start_interpolation: 0, interpolation_duration: 1 }
$data merge entity $(bone_upper_left_tooth1) { transformation: [-0.9983269219346333f,0.013788118215948084f,-0.056153759772465055f,0.6321614353783187f,0.010411348873960224f,0.9981447409442713f,0.05998899849071128f,4.389431919610573f,0.05687671540398029f,0.05930399582959743f,-0.9966183197811975f,3.200766537832145f,0f,0f,0f,1f], start_interpolation: 0, interpolation_duration: 1 }
$data merge entity $(bone_upper_right_tooth1) { transformation: [-0.9983269219346333f,0.013788118215948084f,-0.056153759772465055f,-0.04053932256591658f,0.010411348873960224f,0.9981447409442713f,0.05998899849071128f,4.396447379301034f,0.05687671540398029f,0.05930399582959743f,-0.9966183197811975f,3.2390916683289674f,0f,0f,0f,1f], start_interpolation: 0, interpolation_duration: 1 }
$data merge entity $(bone_top_lip1) { transformation: [-0.9983269219346333f,-0.016521108584949498f,-0.05541127964273143f,0.3255439307658157f,0.010411348873960224f,0.8912875266810417f,-0.4533190362177796f,4.515953301426456f,0.05687671540398029f,-0.4531375042455833f,-0.8896243260449538f,3.2256583305941775f,0f,0f,0f,1f], start_interpolation: 0, interpolation_duration: 1 }
$data merge entity $(bone_muzzle1) { transformation: [-0.9983269219346333f,0.013788118215948084f,-0.056153759772465055f,0.2963349840110146f,0.010411348873960224f,0.9981447409442713f,0.05998899849071128f,4.717783029888414f,0.05687671540398029f,0.05930399582959743f,-0.9966183197811975f,2.6760239608738816f,0f,0f,0f,1f], start_interpolation: 0, interpolation_duration: 1 }
$data merge entity $(bone_jaw_right_tooth1) { transformation: [-0.9983269219346333f,-0.017798731569419798f,-0.05501419903116296f,-0.03998919839003695f,0.010411348873960224f,0.8805605342356276f,-0.47381932143095495f,4.212759143229568f,0.05687671540398029f,-0.4735993567364567f,-0.878901978916687f,3.2823720523575757f,0f,0f,0f,1f], start_interpolation: 0, interpolation_duration: 1 }
$data merge entity $(bone_jaw_left_tooth1) { transformation: [-0.9983269219346333f,-0.017798731569419798f,-0.05501419903116296f,0.6887699560495513f,0.010411348873960224f,0.8805605342356276f,-0.47381932143095495f,4.205159061898235f,0.05687671540398029f,-0.4735993567364567f,-0.878901978916687f,3.240853160986018f,0f,0f,0f,1f], start_interpolation: 0, interpolation_duration: 1 }
$data merge entity $(bone_tongue1) { transformation: [-0.9983269219346333f,0.008412989822693081f,-0.05720645542912037f,0.27855056180355797f,0.010411348873960224f,0.9993426877252357f,-0.03472457781927102f,4.175161664714116f,0.05687671540398029f,-0.03526207725510766f,-0.9977582999667349f,2.463190869942354f,0f,0f,0f,1f], start_interpolation: 0, interpolation_duration: 1 }
$data merge entity $(bone_jaw_lips1) { transformation: [-0.9983269219346333f,0.008412989822693081f,-0.05720645542912037f,0.38491884520000447f,0.010411348873960224f,0.9993426877252357f,-0.03472457781927102f,4.076709766608572f,0.05687671540398029f,-0.03526207725510766f,-0.9977582999667349f,3.3609746800734186f,0f,0f,0f,1f], start_interpolation: 0, interpolation_duration: 1 }
$data merge entity $(bone_jaw3) { transformation: [-0.9983269219346333f,-0.00797521343578051f,-0.0572691270334586f,0.3341378571364622f,0.010411348873960224f,0.9494607028216848f,-0.3137132091767526f,3.714886048383454f,0.05687671540398029f,-0.31378459134891556f,-0.9477891482164418f,2.535875090344364f,0f,0f,0f,1f], start_interpolation: 0, interpolation_duration: 1 }
$data merge entity $(bone_jaw1) { transformation: [-0.9983269219346333f,0.03485606057614195f,-0.04613471557984287f,0.29268869860769714f,0.010411348873960224f,0.8931988389920343f,0.4495413638786832f,4.118770867493208f,0.05687671540398029f,0.44830892146419987f,-0.8920673462135356f,1.7344083339806402f,0f,0f,0f,1f], start_interpolation: 0, interpolation_duration: 1 }
$data merge entity $(bone_tear_right1) { transformation: [-0.9983269219346333f,0.01862977290443246f,-0.054738364079043755f,-0.31173801764997794f,0.010411348873960224f,0.9891181131366957f,0.14675476850694713f,4.789526992957818f,0.05687671540398029f,0.14593933611755333f,-0.9876572023827002f,2.6521602940069133f,0f,0f,0f,1f], start_interpolation: 0, interpolation_duration: 1 }
$data merge entity $(bone_right_pupil1) { transformation: [-0.9983269219346333f,0.01862977290443246f,-0.054738364079043755f,-0.1209650322415276f,0.010411348873960224f,0.9891181131366957f,0.14675476850694713f,4.888791596831141f,0.05687671540398029f,0.14593933611755333f,-0.9876572023827002f,2.7245616951794243f,0f,0f,0f,1f], start_interpolation: 0, interpolation_duration: 1 }
$data merge entity $(bone_right_sad_pupil1) { transformation: [-0.9983269219346333f,0.01862977290443246f,-0.054738364079043755f,-0.12157976972874346f,0.010411348873960224f,0.9891181131366957f,0.14675476850694713f,4.890439721672772f,0.05687671540398029f,0.14593933611755333f,-0.9876572023827002f,2.713469841832353f,0f,0f,0f,1f], start_interpolation: 0, interpolation_duration: 1 }
$data merge entity $(bone_right_happy_pupil1) { transformation: [-0.9983269219346333f,0.01862977290443246f,-0.054738364079043755f,-0.15013165521366484f,0.010411348873960224f,0.9891181131366957f,0.14675476850694713f,4.862961734066849f,0.05687671540398029f,0.14593933611755333f,-0.9876572023827002f,2.71096933639244f,0f,0f,0f,1f], start_interpolation: 0, interpolation_duration: 1 }
$data merge entity $(bone_eyelid_right1) { transformation: [-0.9983269219346333f,0.01862977290443246f,-0.054738364079043755f,0.27828726228630646f,0.010411348873960224f,0.9891181131366957f,0.14675476850694713f,4.912803073079815f,0.05687671540398029f,0.14593933611755333f,-0.9876572023827002f,2.126090359534935f,0f,0f,0f,1f], start_interpolation: 0, interpolation_duration: 1 }
$data merge entity $(bone_eyelid_expressions_right5) { transformation: [-0.9983269219346333f,0.01862977290443246f,-0.054738364079043755f,-0.2484215120700894f,0.010411348873960224f,0.9891181131366957f,0.14675476850694713f,5.002866948301605f,0.05687671540398029f,0.14593933611755333f,-0.9876572023827002f,2.7372051429408137f,0f,0f,0f,1f], start_interpolation: 0, interpolation_duration: 1 }
$data merge entity $(bone_eyelid_expressions_right7) { transformation: [-0.9983269219346333f,0.01862977290443246f,-0.054738364079043755f,0.08792886690202828f,0.010411348873960224f,0.9891181131366957f,0.14675476850694713f,4.999359218456375f,0.05687671540398029f,0.14593933611755333f,-0.9876572023827002f,2.7180425776924024f,0f,0f,0f,1f], start_interpolation: 0, interpolation_duration: 1 }
$data merge entity $(bone_eyelid_expressions_right6) { transformation: [-0.9983269219346333f,0.01862977290443246f,-0.054738364079043755f,-0.024187926088677647f,0.010411348873960224f,0.9891181131366957f,0.14675476850694713f,5.000528461738118f,0.05687671540398029f,0.14593933611755333f,-0.9876572023827002f,2.724430099441873f,0f,0f,0f,1f], start_interpolation: 0, interpolation_duration: 1 }
$data merge entity $(bone_right_eye1) { transformation: [-0.9983269219346333f,0.01862977290443246f,-0.054738364079043755f,0.2676903204744517f,0.010411348873960224f,0.9891181131366957f,0.14675476850694713f,4.911271872566359f,0.05687671540398029f,0.14593933611755333f,-0.9876572023827002f,2.1378209650569535f,0f,0f,0f,1f], start_interpolation: 0, interpolation_duration: 1 }
$data merge entity $(bone_tear_left1) { transformation: [-0.9983269219346333f,0.01862977290443246f,-0.054738364079043755f,0.8991233466496455f,0.010411348873960224f,0.9891181131366957f,0.14675476850694713f,4.776899165514987f,0.05687671540398029f,0.14593933611755333f,-0.9876572023827002f,2.583175059112633f,0f,0f,0f,1f], start_interpolation: 0, interpolation_duration: 1 }
$data merge entity $(bone_left_sad_pupil1) { transformation: [-0.9983269219346333f,0.01862977290443246f,-0.054738364079043755f,0.7192961777015507f,0.010411348873960224f,0.9891181131366957f,0.14675476850694713f,4.881670397059695f,0.05687671540398029f,0.14593933611755333f,-0.9876572023827002f,2.665563428711325f,0f,0f,0f,1f], start_interpolation: 0, interpolation_duration: 1 }
$data merge entity $(bone_left_pupil1) { transformation: [-0.9983269219346333f,0.01862977290443246f,-0.054738364079043755f,0.7199109151887666f,0.010411348873960224f,0.9891181131366957f,0.14675476850694713f,4.880022272218064f,0.05687671540398029f,0.14593933611755333f,-0.9876572023827002f,2.676655282058396f,0f,0f,0f,1f], start_interpolation: 0, interpolation_duration: 1 }
$data merge entity $(bone_eyelid_left1) { transformation: [-0.9983269219346333f,0.01862977290443246f,-0.054738364079043755f,0.25586390368816525f,0.010411348873960224f,0.9891181131366957f,0.14675476850694713f,4.913036921736164f,0.05687671540398029f,0.14593933611755333f,-0.9876572023827002f,2.127367863884829f,0f,0f,0f,1f], start_interpolation: 0, interpolation_duration: 1 }
$data merge entity $(bone_left_happy_pupil1) { transformation: [-0.9983269219346333f,0.01862977290443246f,-0.054738364079043755f,0.7468026887119823f,0.010411348873960224f,0.9891181131366957f,0.14675476850694713f,4.853607787812901f,0.05687671540398029f,0.14593933611755333f,-0.9876572023827002f,2.6598691623966766f,0f,0f,0f,1f], start_interpolation: 0, interpolation_duration: 1 }
$data merge entity $(bone_eyelid_expressions_left5) { transformation: [-0.9983269219346333f,0.01862977290443246f,-0.054738364079043755f,0.8503230592388284f,0.010411348873960224f,0.9891181131366957f,0.14675476850694713f,4.991408364140518f,0.05687671540398029f,0.14593933611755333f,-0.9876572023827002f,2.674607429796003f,0f,0f,0f,1f], start_interpolation: 0, interpolation_duration: 1 }
$data merge entity $(bone_eyelid_expressions_left7) { transformation: [-0.9983269219346333f,0.01862977290443246f,-0.054738364079043755f,0.5139726802667106f,0.010411348873960224f,0.9891181131366957f,0.14675476850694713f,4.994916093985748f,0.05687671540398029f,0.14593933611755333f,-0.9876572023827002f,2.6937699950444145f,0f,0f,0f,1f], start_interpolation: 0, interpolation_duration: 1 }
$data merge entity $(bone_eyelid_expressions_left6) { transformation: [-0.9983269219346333f,0.01862977290443246f,-0.054738364079043755f,0.6260894732574165f,0.010411348873960224f,0.9891181131366957f,0.14675476850694713f,4.993746850704005f,0.05687671540398029f,0.14593933611755333f,-0.9876572023827002f,2.687382473294944f,0f,0f,0f,1f], start_interpolation: 0, interpolation_duration: 1 }
$data merge entity $(bone_left_eye1) { transformation: [-0.9983269219346333f,0.01862977290443246f,-0.054738364079043755f,0.2676903204744517f,0.010411348873960224f,0.9891181131366957f,0.14675476850694713f,4.911271872566359f,0.05687671540398029f,0.14593933611755333f,-0.9876572023827002f,2.1378209650569535f,0f,0f,0f,1f], start_interpolation: 0, interpolation_duration: 1 }
$data merge entity $(bone_crest_middle5) { transformation: [-0.9983269219346333f,0.006340622511276987f,-0.0574730671418375f,0.3196022543423167f,0.010411348873960224f,0.9974356098645779f,-0.07080824802734856f,6.211930168448045f,0.05687671540398029f,-0.07128815245359715f,-0.9958328366571403f,2.8109166878642178f,0f,0f,0f,1f], start_interpolation: 0, interpolation_duration: 1 }
$data merge entity $(bone_crest_middle4) { transformation: [-0.9983269219346333f,0.006340622511276987f,-0.0574730671418375f,0.31532976456421014f,0.010411348873960224f,0.9974356098645779f,-0.07080824802734856f,5.539830001644765f,0.05687671540398029f,-0.07128815245359715f,-0.9958328366571403f,2.8589526499667395f,0f,0f,0f,1f], start_interpolation: 0, interpolation_duration: 1 }
$data merge entity $(bone_crest_middle1) { transformation: [-0.9983269219346333f,0.006340622511276987f,-0.0574730671418375f,0.31696628901878665f,0.010411348873960224f,0.9974356098645779f,-0.07080824802734856f,5.041718975614369f,0.05687671540398029f,-0.07128815245359715f,-0.9958328366571403f,2.9788575010633203f,0f,0f,0f,1f], start_interpolation: 0, interpolation_duration: 1 }
$data merge entity $(bone_crest_left5) { transformation: [-0.5521128552626036f,-0.831997782674617f,0.054323886811384836f,-0.7895915613567854f,-0.8286197418457303f,0.5547671850129284f,0.07498462413286207f,5.574606694711772f,-0.09252415077854363f,-0.0036138701349187063f,-0.9957038824195458f,2.877758993006416f,0f,0f,0f,1f], start_interpolation: 0, interpolation_duration: 1 }
$data merge entity $(bone_crest_left4) { transformation: [-0.5521128552626036f,-0.831997782674617f,0.054323886811384836f,-0.32240530643695653f,-0.8286197418457303f,0.5547671850129284f,0.07498462413286207f,5.2630919179711135f,-0.09252415077854363f,-0.0036138701349187063f,-0.9957038824195458f,2.879788265787254f,0f,0f,0f,1f], start_interpolation: 0, interpolation_duration: 1 }
$data merge entity $(bone_crest_left1) { transformation: [-0.5521128552626036f,-0.831997782674617f,0.054323886811384836f,0.19454998754092345f,-0.8286197418457303f,0.5547671850129284f,0.07498462413286207f,4.924636225946663f,-0.09252415077854363f,-0.0036138701349187063f,-0.9957038824195458f,2.826109359167344f,0f,0f,0f,1f], start_interpolation: 0, interpolation_duration: 1 }
$data merge entity $(bone_crest_center1) { transformation: [-0.9983269219346333f,0.01862977290443246f,-0.054738364079043755f,0.3061437345206469f,0.010411348873960224f,0.9891181131366957f,0.14675476850694713f,4.89569668798014f,0.05687671540398029f,0.14593933611755333f,-0.9876572023827002f,2.8156244719806627f,0f,0f,0f,1f], start_interpolation: 0, interpolation_duration: 1 }
$data merge entity $(bone_crest_right5) { transformation: [-0.5206884730525336f,0.8375564716471706f,-0.16547710062774076f,1.415721437584887f,0.8398077691904123f,0.5373557425046328f,0.07727688402567855f,5.551607932979725f,0.15364382459976836f,-0.0987317719846921f,-0.9831813730757504f,2.752117825707798f,0f,0f,0f,1f], start_interpolation: 0, interpolation_duration: 1 }
$data merge entity $(bone_crest_right4) { transformation: [-0.5206884730525336f,0.8375564716471706f,-0.16547710062774076f,0.9454138485251964f,0.8398077691904123f,0.5373557425046328f,0.07727688402567855f,5.249870089288159f,0.15364382459976836f,-0.0987317719846921f,-0.9831813730757504f,2.807558029703108f,0f,0f,0f,1f], start_interpolation: 0, interpolation_duration: 1 }
$data merge entity $(bone_crest_right1) { transformation: [-0.5206884730525336f,0.8375564716471706f,-0.16547710062774076f,0.41878357352233525f,0.8398077691904123f,0.5373557425046328f,0.07727688402567855f,4.9222977393831755f,0.15364382459976836f,-0.0987317719846921f,-0.9831813730757504f,2.813334315668403f,0f,0f,0f,1f], start_interpolation: 0, interpolation_duration: 1 }
$data merge entity $(bone_head1) { transformation: [-1.0464234012465878f,0.019527301026130366f,-0.05737549880681016f,0.23283365326546726f,0.010912937296273406f,1.0367709388997912f,0.15382498521887028f,4.946377438557847f,0.0596168696617241f,0.15297026767529998f,-1.035239645726658f,1.5195741951997104f,0f,0f,0f,1f], start_interpolation: 0, interpolation_duration: 1 }
$data merge entity $(bone_neck10) { transformation: [-1.4824990777015956f,0.032897631862518116f,-0.20810697277070025f,0.07468814560758788f,-0.0111337634248839f,1.4647309841628122f,0.3108592366803113f,4.728445349443725f,0.21039678136783724f,0.30931403384797335f,-1.4499145852562407f,0.393715843050247f,0f,0f,0f,1f], start_interpolation: 0, interpolation_duration: 1 }
$data merge entity $(bone_neck9) { transformation: [-1.1341117944417214f,0.0585814870649506f,-0.15015590424613662f,0.007386049556481061f,-0.008517329020036189f,1.0438944104265278f,0.47159311221131434f,3.3748743796740666f,0.1609535377463956f,0.46801796733891293f,-1.0330737095838847f,-0.15213677661778502f,0f,0f,0f,1f], start_interpolation: 0, interpolation_duration: 1 }
$data merge entity $(bone_neck8) { transformation: [-1.0528045288118388f,-0.026479641850048516f,-0.1455733151291599f,0.03172529987157312f,2.867927397573385e-17f,1.045987436688151f,-0.19026407881539315f,2.6004312129998906f,0.14796202725767363f,-0.18841244187941336f,-1.0358079588571207f,0.02104598813975167f,0f,0f,0f,1f], start_interpolation: 0, interpolation_duration: 1 }
$data merge entity $(bone_neck7) { transformation: [-1.0453904124117555f,-0.058785895889468365f,-0.13464663729947526f,0.0877581274819671f,3.662570463927595e-18f,0.9674760163468021f,-0.42239409400194755f,1.7339612693442743f,0.14692004115022522f,-0.41828338371515394f,-0.9580606062615357f,0.41974027317832324f,0f,0f,0f,1f], start_interpolation: 0, interpolation_duration: 1 }
$data merge entity $(bone_neck6) { transformation: [-1.0394591192916887f,-0.03780995607745242f,-0.1411086771130001f,0.11996898090935103f,3.641789922288289e-18f,1.01390768862361f,-0.27167574636640235f,0.8357149591914683f,0.14608645226426648f,-0.26903181667818193f,-1.0040404086955317f,0.6489324043876866f,0f,0f,0f,1f], start_interpolation: 0, interpolation_duration: 1 }
$data merge entity $(bone_neck_spine6) { transformation: [-1.2657936715811766f,-0.12907561543185475f,0.033033846319225596f,-0.23602104397163273f,0.06928801369483048f,-0.3681708560388893f,1.2164023842621017f,0.7544406444123081f,-0.11380211184323093f,1.211517674151388f,0.3731747219139331f,-1.8731689648914478f,0f,0f,0f,1f], start_interpolation: 0, interpolation_duration: 1 }
$data merge entity $(bone_neck_spine7) { transformation: [-0.821959989075893f,-0.5114233195654625f,0.25065507089025846f,0.8649755407966924f,0.26744973692195756f,0.04196526111322829f,0.9626575481863079f,1.8617366348898068f,-0.5028443243974552f,0.858303620558798f,0.10228626670734098f,-5.06992765726035f,0f,0f,0f,1f], start_interpolation: 0, interpolation_duration: 1 }
$data merge entity $(bone_tail6) { transformation: [-1.1171251414916512f,-1.0212290639255603f,0.8212335567718293f,3.1889596664760056f,0.8609947435573541f,0.24156806043367005f,1.4716096157853977f,1.1733211112067543f,-0.9879379572326341f,1.3652977729049314f,0.3538962015718312f,-8.228352863015319f,0f,0f,0f,1f], start_interpolation: 0, interpolation_duration: 1 }
$data merge entity $(bone_tail5) { transformation: [-0.9228425081887554f,-0.8436240093298107f,0.6784103295071633f,2.6561445026887567f,0.7112565272865099f,0.19955622383651003f,1.215677508692285f,1.2993566209982343f,-0.8161226603226108f,1.1278546819649433f,0.292349036081078f,-7.516023590195355f,0f,0f,0f,1f], start_interpolation: 0, interpolation_duration: 1 }
$data merge entity $(bone_tail4) { transformation: [-0.6799892165601354f,-0.6216176910851237f,0.4998812954263308f,2.3897369207951322f,0.5240837569479546f,0.14704142809006002f,0.8957623748258942f,1.3623743758939744f,-0.6013535391850815f,0.8310508182899582f,0.21541507921763636f,-7.159858953785373f,0f,0f,0f,1f], start_interpolation: 0, interpolation_duration: 1 }
$data merge entity $(bone_segment18) { transformation: [-0.6487350538114087f,-0.5930464431718944f,0.47690538495331936f,2.0567274434281018f,0.4999954352000362f,0.1402830022026908f,0.8545906880326544f,1.4411465695136494f,-0.5737136870734691f,0.7928534514865688f,0.20551401346477607f,-6.714653158272895f,0f,0f,0f,1f], start_interpolation: 0, interpolation_duration: 1 }
$data merge entity $(bone_segment17) { transformation: [-0.6487350538114087f,-0.5930464431718944f,0.47690538495331936f,1.6238151228509614f,0.4999954352000362f,0.1402830022026908f,0.8545906880326544f,1.543550421219227f,-0.5737136870734691f,0.7928534514865688f,0.20551401346477607f,-6.135885624106674f,0f,0f,0f,1f], start_interpolation: 0, interpolation_duration: 1 }
$data merge entity $(bone_segment16) { transformation: [-0.7063499882912796f,-0.6822100919096977f,0.18883613144065126f,0.9725842978102092f,0.3009890189671584f,-0.048009543675601604f,0.9524183398996722f,1.4977209984234257f,-0.6406834666995054f,0.7295782851844087f,0.23924928690652567f,-5.439437602849096f,0f,0f,0f,1f], start_interpolation: 0, interpolation_duration: 1 }
$data merge entity $(bone_segment15) { transformation: [-0.821959989075893f,-0.5588712986326889f,0.10974811125012357f,0.31356369908074444f,0.26744973692195756f,-0.20861877786608252f,0.9407171964740717f,1.2517178985471613f,-0.5028443243974552f,0.8025840000188602f,0.32094627016837673f,-4.493031177045606f,0f,0f,0f,1f], start_interpolation: 0, interpolation_duration: 1 }
$data merge entity $(bone_segment14) { transformation: [-0.9849861741941466f,-0.35842063650257155f,0.0034759172374600263f,-0.08965951698464855f,0.16968453856886012f,-0.4573176954929312f,0.9277622975659655f,0.7372354911176139f,-0.31572866838825886f,0.8723934724327652f,0.48777067894621406f,-3.5115885205587447f,0f,0f,0f,1f], start_interpolation: 0, interpolation_duration: 1 }
$data merge entity $(bone_segment13) { transformation: [-1.0200807823918894f,-0.10706222329587221f,0.008154113126724144f,-0.218826264259442f,0.05583798750701044f,-0.46241817175998595f,0.9138627716459985f,0.15529432419310918f,-0.09171111366189787f,0.9092858332737207f,0.46570586947320886f,-2.429210507175379f,0f,0f,0f,1f], start_interpolation: 0, interpolation_duration: 1 }
$data merge entity $(bone_segment12) { transformation: [-1.1134591688139721f,0.05755782008014011f,0.037008889788757174f,-0.14929332724987673f,0.02311031914312434f,-0.25158266925183126f,1.0865753332709622f,-0.14863104805742527f,0.06440864635184552f,1.0852958762804834f,0.249916522853886f,-1.118114817709023f,0f,0f,0f,1f], start_interpolation: 0, interpolation_duration: 1 }
$data merge entity $(bone_segment11) { transformation: [-1.1802013328253511f,0.1557067009238376f,0.0017544702979558455f,0.02904706430203674f,0.05070724074175506f,0.3716124366233878f,1.1298034402339785f,0.28089573655635425f,0.14722917718634962f,1.1201707285568527f,-0.3750519286056098f,0.17662251014464314f,0f,0f,0f,1f], start_interpolation: 0, interpolation_duration: 1 }
$data merge entity $(bone_segment10) { transformation: [-1.0391709848776678f,0.1054117120693247f,-0.08767686794226369f,0.13096973739622572f,0.04464788492984729f,0.8939054301239012f,0.5455408750877128f,1.1962258038982978f,0.1296357534974148f,0.5371188425095419f,-0.890714947927529f,0.7272068540177165f,0f,0f,0f,1f], start_interpolation: 0, interpolation_duration: 1 }