# This file was generated by Animated Java via MC-Build. It is not recommended to edit this file directly.
$data merge entity $(bone_neck_spine5) { transformation: [-1.5568897531441128f,0.0030929366657887246f,-0.219326071989372f,0.0706338407736194f,-0.028686424873499837f,1.5557359787419736f,0.22557005349197778f,4.288912406937651f,0.21746397664781816f,0.22736577083452594f,-1.540465326020025f,-0.6034957487933492f,0f,0f,0f,1f], start_interpolation: 0, interpolation_duration: 1 }
$data merge entity $(bone_neck_spine2) { transformation: [-1.4827521458515354f,-0.015171217147792699f,-0.20835112149193977f,0.17084499623235236f,-0.027320404641428406f,1.4946979766165056f,0.08559109692473943f,5.730080002780725f,0.2071085491883982f,0.08855548855269255f,-1.4803574757416866f,1.1160187772419523f,0f,0f,0f,1f], start_interpolation: 0, interpolation_duration: 1 }
$data merge entity $(bone_scale_neck_left1) { transformation: [-1.5719912372678284f,0.4743941701258359f,-0.1298029357967441f,0.9537284859662783f,0.3896922853892508f,1.4665858988613218f,0.6405628812278333f,4.84623236909081f,0.30006424895168193f,0.5806298764698732f,-1.5119145061442183f,0.9205806908771333f,0f,0f,0f,1f], start_interpolation: 0, interpolation_duration: 1 }
$data merge entity $(bone_scale_neck_right1) { transformation: [-1.5789116643919447f,-0.3498748659425522f,-0.31253898167494665f,-0.6031612671778338f,-0.44774915113046243f,1.451398354765167f,0.6371958837630614f,4.8175459442173105f,0.14004904336225207f,0.6957625132215156f,-1.4863902150803707f,1.1380446675249516f,0f,0f,0f,1f], start_interpolation: 0, interpolation_duration: 1 }
$data merge entity $(bone_blush_right1) { transformation: [-0.998003279169411f,0.004894421053583542f,-0.06297221140831036f,-0.36378878285681604f,-0.003799654301512117f,0.9905352499725592f,0.13720598087907276f,4.443218739896443f,0.06304773901014767f,0.13717129147292348f,-0.9885388304974967f,2.468019271440266f,0f,0f,0f,1f], start_interpolation: 0, interpolation_duration: 1 }
$data merge entity $(bone_blush_left1) { transformation: [-0.998003279169411f,0.004894421053583542f,-0.06297221140831036f,0.9587604845581164f,-0.003799654301512117f,0.9905352499725592f,0.13720598087907276f,4.4482540239659265f,0.06304773901014767f,0.13717129147292348f,-0.9885388304974967f,2.3844687032402945f,0f,0f,0f,1f], start_interpolation: 0, interpolation_duration: 1 }
$data merge entity $(bone_left_head_scales) { transformation: [-0.856162388880526f,0.004894421053583542f,-0.5166836638688524f,0.948789100140301f,-0.06672500592623791f,0.9905352499725592f,0.11994870631208575f,5.225299143773332f,0.5123804616205955f,0.13717129147292348f,-0.8477324456130695f,2.095331605683801f,0f,0f,0f,1f], start_interpolation: 0, interpolation_duration: 1 }
$data merge entity $(bone_left_head_scales2) { transformation: [-0.7813970497300171f,0.004894421053583542f,-0.624014980041165f,0.9549998805100635f,-0.08181061214734343f,0.9905352499725592f,0.11021316755214154f,4.312251817917478f,0.6186482638893461f,0.13717129147292348f,-0.7736009063996423f,2.1386180901620517f,0f,0f,0f,1f], start_interpolation: 0, interpolation_duration: 1 }
$data merge entity $(bone_left_head_scales1) { transformation: [-0.998003279169411f,0.004894421053583542f,-0.06297221140831036f,0.9482394337133849f,-0.003799654301512117f,0.9905352499725592f,0.13720598087907276f,5.114057392067429f,0.06304773901014767f,0.13717129147292348f,-0.9885388304974967f,2.079926626660963f,0f,0f,0f,1f], start_interpolation: 0, interpolation_duration: 1 }
$data merge entity $(bone_right_head_scales) { transformation: [-0.9143170514607873f,0.004894421053583542f,0.40496959645213143f,-0.3961762565528506f,0.05998433687069095f,0.9905352499725592f,0.12345767652107724f,5.220178515906059f,-0.4005324066018072f,0.13717129147292348f,-0.9059568577241495f,2.1802982852091954f,0f,0f,0f,1f], start_interpolation: 0, interpolation_duration: 1 }
$data merge entity $(bone_right_head_scales2) { transformation: [-0.8536358029474638f,0.004894421053583542f,0.520847348624133f,-0.38996547618308824f,0.0755856229699932f,0.9905352499725592f,0.11457195189939602f,4.307131190050205f,-0.5153568952934237f,0.13717129147292348f,-0.8459263013225049f,2.223584769687446f,0f,0f,0f,1f], start_interpolation: 0, interpolation_duration: 1 }
$data merge entity $(bone_right_head_scales1) { transformation: [-0.998003279169411f,0.004894421053583542f,-0.06297221140831036f,-0.3967259229797667f,-0.003799654301512117f,0.9905352499725592f,0.13720598087907276f,5.108936764200156f,0.06304773901014767f,0.13717129147292348f,-0.9885388304974967f,2.1648933061863573f,0f,0f,0f,1f], start_interpolation: 0, interpolation_duration: 1 }
$data merge entity $(bone_head_left_fin1) { transformation: [-0.6800430587492577f,0.004591561131719513f,-0.7976186769619308f,0.9408741531094749f,0.1626107187423201f,1.026944986114071f,-0.13272885018130035f,4.7084577859398165f,0.7808805225015112f,-0.20985259370976972f,-0.6669802819545887f,1.9388952015469179f,0f,0f,0f,1f], start_interpolation: 0, interpolation_duration: 1 }
$data merge entity $(bone_head_right_fin1) { transformation: [-0.7716526897172612f,-0.03875204175879351f,0.7083259163244096f,-0.4040912035836768f,-0.16813769656922495f,1.0267799659076213f,-0.12699533309658542f,4.703337158072544f,-0.6891712700553361f,-0.20711441015883503f,-0.7621166443924751f,2.023861881072312f,0f,0f,0f,1f], start_interpolation: 0, interpolation_duration: 1 }
$data merge entity $(bone_right_whisker16) { transformation: [0.26448577726531985f,0.9174769884800485f,-0.2971249724172309f,-0.9345311340394644f,0.9094067097515529f,-0.3398179778488012f,-0.23979820305750077f,2.043092089337953f,-0.32097774047932714f,-0.20678422942848473f,-0.924236751366474f,2.6012504026044305f,0f,0f,0f,1f], start_interpolation: 0, interpolation_duration: 1 }
$data merge entity $(bone_right_whisker15) { transformation: [-0.87510552425446f,0.3819778425319802f,-0.2971249724172309f,-0.639695776746702f,0.45561218294386885f,0.8572714625855196f,-0.23979820305750077f,1.889589937857841f,0.16311915942785182f,-0.345222489492063f,-0.924236751366474f,2.546293263930008f,0f,0f,0f,1f], start_interpolation: 0, interpolation_duration: 1 }
$data merge entity $(bone_right_whisker14) { transformation: [-0.7160250686622962f,-0.6316841392762791f,-0.2971249724172309f,-0.3984568620118466f,-0.5844017733619312f,0.7752234446285943f,-0.23979820305750077f,2.086483113453413f,0.38181496610083754f,0.0019388359814024175f,-0.924236751366474f,2.417654432577675f,0f,0f,0f,1f], start_interpolation: 0, interpolation_duration: 1 }
$data merge entity $(bone_right_whisker13) { transformation: [-0.09938266184859648f,-0.9927189387490856f,-0.06806023194771466f,-0.3649734456663722f,-0.9932630188782648f,0.10306849038508144f,-0.052966608524389225f,2.4211273922747036f,0.05959582076557929f,0.06233774890569553f,-0.99627423092673f,2.397575762495522f,0f,0f,0f,1f], start_interpolation: 0, interpolation_duration: 1 }
$data merge entity $(bone_right_whisker12) { transformation: [0.06232386088165894f,-0.997043850313439f,-0.0449365877315591f,-0.39297049254680494f,-0.9841740758706825f,-0.06887795530591942f,0.16327037593196042f,2.863236840419737f,-0.1658828645426994f,0.03404978450780926f,-0.9855574500890752f,2.472093455551813f,0f,0f,0f,1f], start_interpolation: 0, interpolation_duration: 1 }
$data merge entity $(bone_right_whisker11) { transformation: [0.2870225470944148f,-0.957620224000304f,-0.024115639013760376f,-0.5219064023743741f,-0.9493990252851516f,-0.2810269752318513f,-0.14023312725472672f,3.2897246838095513f,0.12751293364611416f,0.06314543354545943f,-0.9898247854925221f,2.4148122548904722f,0f,0f,0f,1f], start_interpolation: 0, interpolation_duration: 1 }
$data merge entity $(bone_right_whisker10) { transformation: [0.06497700300962142f,-0.9940943348942333f,0.0869162954288758f,-0.5510952904451025f,-0.922580268849022f,-0.09303904706372458f,-0.3744187271651087f,3.704165038956573f,0.3802941448541558f,-0.055858652442267454f,-0.9231772171890834f,2.2439769945067694f,0f,0f,0f,1f], start_interpolation: 0, interpolation_duration: 1 }
$data merge entity $(bone_right_whisker1) { transformation: [-0.3452506906499262f,-0.9367075552853291f,0.0581456488237187f,-0.396002206754706f,-0.933454597348286f,0.33630884246529935f,-0.12473522825970135f,4.123490346359123f,0.09728553487080366f,-0.09734124691533731f,-0.9904848339847858f,2.2002745081390254f,0f,0f,0f,1f], start_interpolation: 0, interpolation_duration: 1 }
$data merge entity $(bone_left_whisker16) { transformation: [0.25383773943124394f,-0.9201913717843891f,0.2980171829509164f,1.4670345615377016f,-0.912099959845449f,-0.3302693073285514f,-0.2428906088893691f,2.0306133635484422f,0.3219317711726593f,-0.21016665751322888f,-0.9231413276304725f,2.605670744942429f,0f,0f,0f,1f], start_interpolation: 0, interpolation_duration: 1 }
$data merge entity $(bone_left_whisker15) { transformation: [-0.8791865334664443f,-0.37177519825461297f,0.2980171829509164f,1.1708242548522296f,-0.44649674230306824f,0.8611880231552795f,-0.2428906088893691f,1.8801823322061f,-0.16634812437777619f,-0.3466098537789199f,-0.9231413276304725f,2.5496257225690573f,0f,0f,0f,1f], start_interpolation: 0, interpolation_duration: 1 }
$data merge entity $(bone_left_whisker14) { transformation: [-0.7085030417246698f,0.6396946134937284f,0.2980171829509164f,0.9321196167711644f,0.5918037343833211f,0.7686172598135605f,-0.2428906088893691f,2.0795693325598554f,-0.38443696471183114f,0.0042789465762746726f,-0.9231413276304725f,2.4201035030128253f,0f,0f,0f,1f], start_interpolation: 0, interpolation_duration: 1 }
$data merge entity $(bone_left_whisker13) { transformation: [-0.08883541048087473f,0.9935002086607206f,0.07117306538149819f,0.9021897177321978f,0.9942410149070867f,0.09274793819529548f,-0.053690075777998225f,2.414543111996325f,-0.05994225655762389f,0.06599360083846145f,-0.9960179569300714f,2.399908113840579f,0f,0f,0f,1f], start_interpolation: 0, interpolation_duration: 1 }
$data merge entity $(bone_left_whisker12) { transformation: [0.07193682333518835f,0.9961421479276842f,0.050258477597929216f,0.9345050875898019f,0.983476446709115f,-0.07923470780507044f,0.16277573482389116f,2.8563391720414355f,0.16612998590517788f,0.03771845968573932f,-0.9853822332384933f,2.474536818446421f,0f,0f,0f,1f], start_interpolation: 0, interpolation_duration: 1 }
$data merge entity $(bone_left_whisker11) { transformation: [0.29734049803658164f,0.9544091940652767f,0.026300542029139645f,1.0680760144421726f,0.946362628564819f,-0.290962031704993f,-0.14049509372924265f,3.281463009092038f,-0.1264373500325108f,0.06666473122852526f,-0.9897319890389441f,2.4177387901115037f,0f,0f,0f,1f], start_interpolation: 0, interpolation_duration: 1 }
$data merge entity $(bone_left_whisker10) { transformation: [0.07596026611028743f,0.9932726959070257f,-0.08740360140202302f,1.1021987902339032f,0.9218479476228699f,-0.10336556374663543f,-0.37351294715825123f,3.6955743918132486f,-0.3800347345124608f,-0.052200687705523864f,-0.9234980718805609f,2.2470200617172345f,0f,0f,0f,1f], start_interpolation: 0, interpolation_duration: 1 }
$data merge entity $(bone_left_whisker1) { transformation: [-0.3351712772252361f,0.940503821401791f,-0.055792265161330484f,0.9516335680428791f,0.9369901238483149f,0.32655470329610214f,-0.1241431978237792f,4.116487924010734f,-0.098537925358327f,-0.09388603561671431f,-0.99069454908274f,2.2027549780601734f,0f,0f,0f,1f], start_interpolation: 0, interpolation_duration: 1 }
$data merge entity $(bone_upper_left_tooth1) { transformation: [-0.998003279169411f,-0.0006125935539453044f,-0.06315916003431615f,0.6536080520185221f,-0.003799654301512117f,0.9987242534685818f,0.05035303526911404f,4.437627711761875f,0.06304773901014767f,0.050492477288813134f,-0.996732407591399f,3.1644589318854806f,0f,0f,0f,1f], start_interpolation: 0, interpolation_duration: 1 }
$data merge entity $(bone_upper_right_tooth1) { transformation: [-0.998003279169411f,-0.0006125935539453044f,-0.06315916003431615f,-0.01887462632805359f,-0.003799654301512117f,0.9987242534685818f,0.05035303526911404f,4.435067397828239f,0.06304773901014767f,0.050492477288813134f,-0.996732407591399f,3.2069422716481775f,0f,0f,0f,1f], start_interpolation: 0, interpolation_duration: 1 }
$data merge entity $(bone_top_lip1) { transformation: [-0.998003279169411f,-0.03256800361883787f,-0.054118203105665445f,0.3453115062600323f,-0.003799654301512117f,0.8862189492103415f,-0.46325105146961815f,4.559831792610698f,0.06304773901014767f,-0.4621204379821359f,-0.8845731645290326f,3.190168036023592f,0f,0f,0f,1f], start_interpolation: 0, interpolation_duration: 1 }
$data merge entity $(bone_muzzle1) { transformation: [-0.998003279169411f,-0.0006125935539453044f,-0.06315916003431615f,0.30974296191649f,-0.003799654301512117f,0.9987242534685818f,0.05035303526911404f,4.75634832484026f,0.06304773901014767f,0.050492477288813134f,-0.996732407591399f,2.63898524106975f,0f,0f,0f,1f], start_interpolation: 0, interpolation_duration: 1 }
$data merge entity $(bone_jaw_right_tooth1) { transformation: [-0.998003279169411f,-0.033316901148921926f,-0.05366040313802776f,-0.015248775704186979f,-0.003799654301512117f,0.8796959067274721f,-0.47552147618600693f,4.2399779099753125f,0.06304773901014767f,-0.47436810156750964f,-0.8780659922926891f,3.252579724249517f,0f,0f,0f,1f], start_interpolation: 0, interpolation_duration: 1 }
$data merge entity $(bone_jaw_left_tooth1) { transformation: [-0.998003279169411f,-0.033316901148921926f,-0.05366040313802776f,0.7132741258379367f,-0.003799654301512117f,0.8796959067274721f,-0.47552147618600693f,4.242751583403418f,0.06304773901014767f,-0.47436810156750964f,-0.8780659922926891f,3.2065561061732617f,0f,0f,0f,1f], start_interpolation: 0, interpolation_duration: 1 }
$data merge entity $(bone_tongue1) { transformation: [-0.998003279169411f,-0.00528726235000182f,-0.06294044505677528f,0.2987680513859384f,-0.003799654301512117f,0.9997111488719737f,-0.02373144429374885f,4.217681507520548f,0.06304773901014767f,-0.02344490729178844f,-0.9977350945655803f,2.43279633419238f,0f,0f,0f,1f], start_interpolation: 0, interpolation_duration: 1 }
$data merge entity $(bone_jaw_lips1) { transformation: [-0.998003279169411f,-0.00528726235000182f,-0.06294044505677528f,0.41203918078491253f,-0.003799654301512117f,0.9997111488719737f,-0.02373144429374885f,4.1101033603798935f,0.06304773901014767f,-0.02344490729178844f,-0.9977350945655803f,3.3286865904119725f,0f,0f,0f,1f], start_interpolation: 0, interpolation_duration: 1 }
$data merge entity $(bone_jaw3) { transformation: [-0.998003279169411f,-0.023492711340008306f,-0.05863060021010991f,0.3613420155555106f,-0.003799654301512117f,0.9489047870195075f,-0.3155396453675063f,3.7466855275522573f,0.06304773901014767f,-0.31468682477243576f,-0.9470993532467173f,2.50428273245728f,0f,0f,0f,1f], start_interpolation: 0, interpolation_duration: 1 }
$data merge entity $(bone_jaw1) { transformation: [-0.998003279169411f,0.024846239496628165f,-0.05806995049058411f,0.30916979441162645f,-0.003799654301512117f,0.8940972325744324f,0.4478567866293084f,4.1490568592895265f,0.06304773901014767f,0.4471831873914952f,-0.8922175628847995f,1.7026810158029677f,0f,0f,0f,1f], start_interpolation: 0, interpolation_duration: 1 }
$data merge entity $(bone_tear_right1) { transformation: [-0.998003279169411f,0.004894421053583542f,-0.06297221140831036f,-0.2994598600960067f,-0.003799654301512117f,0.9905352499725592f,0.13720598087907276f,4.818910243036392f,0.06304773901014767f,0.13717129147292348f,-0.9885388304974967f,2.618312209703214f,0f,0f,0f,1f], start_interpolation: 0, interpolation_duration: 1 }
$data merge entity $(bone_right_pupil1) { transformation: [-0.998003279169411f,0.004894421053583542f,-0.06297221140831036f,-0.10973457106717416f,-0.003799654301512117f,0.9905352499725592f,0.13720598087907276f,4.921610754825091f,0.06304773901014767f,0.13717129147292348f,-0.9885388304974967f,2.688644819613474f,0f,0f,0f,1f], start_interpolation: 0, interpolation_duration: 1 }
$data merge entity $(bone_right_sad_pupil1) { transformation: [-0.998003279169411f,0.004894421053583542f,-0.06297221140831036f,-0.11044177851951359f,-0.003799654301512117f,0.9905352499725592f,0.13720598087907276f,4.923151642305666f,0.06304773901014767f,0.13717129147292348f,-0.9885388304974967f,2.6775430651694103f,0f,0f,0f,1f], start_interpolation: 0, interpolation_duration: 1 }
$data merge entity $(bone_right_happy_pupil1) { transformation: [-0.998003279169411f,0.004894421053583542f,-0.06297221140831036f,-0.1385989463076555f,-0.003799654301512117f,0.9905352499725592f,0.13720598087907276f,4.895234881971062f,0.06304773901014767f,0.13717129147292348f,-0.9885388304974967f,2.6754619862086315f,0f,0f,0f,1f], start_interpolation: 0, interpolation_duration: 1 }
$data merge entity $(bone_eyelid_right1) { transformation: [-0.998003279169411f,0.004894421053583542f,-0.06297221140831036f,0.2854330929132051f,-0.003799654301512117f,0.9905352499725592f,0.13720598087907276f,4.946218009954408f,0.06304773901014767f,0.13717129147292348f,-0.9885388304974967f,2.087492687782628f,0f,0f,0f,1f], start_interpolation: 0, interpolation_duration: 1 }
$data merge entity $(bone_eyelid_expressions_right5) { transformation: [-0.998003279169411f,0.004894421053583542f,-0.06297221140831036f,-0.23878426678492937f,-0.003799654301512117f,0.9905352499725592f,0.13720598087907276f,5.033902668539789f,0.06304773901014767f,0.13717129147292348f,-0.9885388304974967f,2.7010906616556505f,0f,0f,0f,1f], start_interpolation: 0, interpolation_duration: 1 }
$data merge entity $(bone_eyelid_expressions_right7) { transformation: [-0.998003279169411f,0.004894421053583542f,-0.06297221140831036f,0.09745707238835855f,-0.003799654301512117f,0.9905352499725592f,0.13720598087907276f,5.035182825506608f,0.06304773901014767f,0.13717129147292348f,-0.9885388304974967f,2.679848991774302f,0f,0f,0f,1f], start_interpolation: 0, interpolation_duration: 1 }
$data merge entity $(bone_eyelid_expressions_right6) { transformation: [-0.998003279169411f,0.004894421053583542f,-0.06297221140831036f,-0.014623374002737444f,-0.003799654301512117f,0.9905352499725592f,0.13720598087907276f,5.034756106517668f,0.06304773901014767f,0.13717129147292348f,-0.9885388304974967f,2.686929548401418f,0f,0f,0f,1f], start_interpolation: 0, interpolation_duration: 1 }
$data merge entity $(bone_right_eye1) { transformation: [-0.998003279169411f,0.004894421053583542f,-0.06297221140831036f,0.2749322557264349f,-0.003799654301512117f,0.9905352499725592f,0.13720598087907276f,4.944634450574939f,0.06304773901014767f,0.13717129147292348f,-0.9885388304974967f,2.0993024978894033f,0f,0f,0f,1f], start_interpolation: 0, interpolation_duration: 1 }
$data merge entity $(bone_tear_left1) { transformation: [-0.998003279169411f,0.004894421053583542f,-0.06297221140831036f,0.9110089609278296f,-0.003799654301512117f,0.9905352499725592f,0.13720598087907276f,4.823518808116937f,0.06304773901014767f,0.13717129147292348f,-0.9885388304974967f,2.541842198130359f,0f,0f,0f,1f], start_interpolation: 0, interpolation_duration: 1 }
$data merge entity $(bone_left_sad_pupil1) { transformation: [-0.998003279169411f,0.004894421053583542f,-0.06297221140831036f,0.730161569413706f,-0.003799654301512117f,0.9905352499725592f,0.13720598087907276f,4.926352034722711f,0.06304773901014767f,0.13717129147292348f,-0.9885388304974967f,2.6244388904660387f,0f,0f,0f,1f], start_interpolation: 0, interpolation_duration: 1 }
$data merge entity $(bone_left_pupil1) { transformation: [-0.998003279169411f,0.004894421053583542f,-0.06297221140831036f,0.7308687768660456f,-0.003799654301512117f,0.9905352499725592f,0.13720598087907276f,4.924811147242136f,0.06304773901014767f,0.13717129147292348f,-0.9885388304974967f,2.6355406449101024f,0f,0f,0f,1f], start_interpolation: 0, interpolation_duration: 1 }
$data merge entity $(bone_eyelid_left1) { transformation: [-0.998003279169411f,0.004894421053583542f,-0.06297221140831036f,0.2630170036349859f,-0.003799654301512117f,0.9905352499725592f,0.13720598087907276f,4.94613266615662f,0.06304773901014767f,0.13717129147292348f,-0.9885388304974967f,2.0889087991080513f,0f,0f,0f,1f], start_interpolation: 0, interpolation_duration: 1 }
$data merge entity $(bone_left_happy_pupil1) { transformation: [-0.998003279169411f,0.004894421053583542f,-0.06297221140831036f,0.7580446248211121f,-0.003799654301512117f,0.9905352499725592f,0.13720598087907276f,4.898648633882576f,0.06304773901014767f,0.13717129147292348f,-0.9885388304974967f,2.618817533191702f,0f,0f,0f,1f], start_interpolation: 0, interpolation_duration: 1 }
$data merge entity $(bone_eyelid_expressions_left5) { transformation: [-0.998003279169411f,0.004894421053583542f,-0.06297221140831036f,0.859604107847811f,-0.003799654301512117f,0.9905352499725592f,0.13720598087907276f,5.038084514631395f,0.06304773901014767f,0.13717129147292348f,-0.9885388304974967f,2.631701206709912f,0f,0f,0f,1f], start_interpolation: 0, interpolation_duration: 1 }
$data merge entity $(bone_eyelid_expressions_left7) { transformation: [-0.998003279169411f,0.004894421053583542f,-0.06297221140831036f,0.523362768674523f,-0.003799654301512117f,0.9905352499725592f,0.13720598087907276f,5.036804357664577f,0.06304773901014767f,0.13717129147292348f,-0.9885388304974967f,2.6529428765912604f,0f,0f,0f,1f], start_interpolation: 0, interpolation_duration: 1 }
$data merge entity $(bone_eyelid_expressions_left6) { transformation: [-0.998003279169411f,0.004894421053583542f,-0.06297221140831036f,0.6354432150656191f,-0.003799654301512117f,0.9905352499725592f,0.13720598087907276f,5.037231076653517f,0.06304773901014767f,0.13717129147292348f,-0.9885388304974967f,2.6458623199641442f,0f,0f,0f,1f], start_interpolation: 0, interpolation_duration: 1 }
$data merge entity $(bone_left_eye1) { transformation: [-0.998003279169411f,0.004894421053583542f,-0.06297221140831036f,0.2749322557264349f,-0.003799654301512117f,0.9905352499725592f,0.13720598087907276f,4.944634450574939f,0.06304773901014767f,0.13717129147292348f,-0.9885388304974967f,2.0993024978894033f,0f,0f,0f,1f], start_interpolation: 0, interpolation_duration: 1 }
$data merge entity $(bone_crest_middle5) { transformation: [-0.998003279169411f,-0.008851277394265942f,-0.06253886516073387f,0.3117365722266522f,-0.003799654301512117f,0.9967524189912198f,-0.08043741581093025f,6.251808876956657f,0.06304773901014767f,-0.08003917867920216f,-0.9947958144675052f,2.7606686331622674f,0f,0f,0f,1f], start_interpolation: 0, interpolation_duration: 1 }
$data merge entity $(bone_crest_middle4) { transformation: [-0.998003279169411f,-0.008851277394265942f,-0.06253886516073387f,0.31770081187708527f,-0.003799654301512117f,0.9967524189912198f,-0.08043741581093025f,5.580169063378589f,0.06304773901014767f,-0.08003917867920216f,-0.9947958144675052f,2.8146012828582143f,0f,0f,0f,1f], start_interpolation: 0, interpolation_duration: 1 }
$data merge entity $(bone_crest_middle1) { transformation: [-0.998003279169411f,-0.008851277394265942f,-0.06253886516073387f,0.3274415698711754f,-0.003799654301512117f,0.9967524189912198f,-0.08043741581093025f,5.0832143562367005f,0.06304773901014767f,-0.08003917867920216f,-0.9947958144675052f,2.938841302437481f,0f,0f,0f,1f], start_interpolation: 0, interpolation_duration: 1 }
$data merge entity $(bone_crest_left5) { transformation: [-0.5403546838753692f,-0.8401187553177375f,0.04708813626939673f,-0.7874775662396232f,-0.8374505093710406f,0.5423928296496915f,0.06698255518256267f,5.598824207972024f,-0.08181356836206459f,-0.0032396462733011167f,-0.99664238557463f,2.8400369176592823f,0f,0f,0f,1f], start_interpolation: 0, interpolation_duration: 1 }
$data merge entity $(bone_crest_left4) { transformation: [-0.5403546838753692f,-0.8401187553177375f,0.04708813626939673f,-0.3157311948453858f,-0.8374505093710406f,0.5423928296496915f,0.06698255518256267f,5.294257921791777f,-0.08181356836206459f,-0.0032396462733011167f,-0.99664238557463f,2.8418560549709504f,0f,0f,0f,1f], start_interpolation: 0, interpolation_duration: 1 }
$data merge entity $(bone_crest_left1) { transformation: [-0.5403546838753692f,-0.8401187553177375f,0.04708813626939673f,0.20583392290262048f,-0.8374505093710406f,0.5423928296496915f,0.06698255518256267f,4.962996234457371f,-0.08181356836206459f,-0.0032396462733011167f,-0.99664238557463f,2.7878933001831787f,0f,0f,0f,1f], start_interpolation: 0, interpolation_duration: 1 }
$data merge entity $(bone_crest_center1) { transformation: [-0.998003279169411f,0.004894421053583542f,-0.06297221140831036f,0.31777695444591997f,-0.003799654301512117f,0.9905352499725592f,0.13720598087907276f,4.93561287149344f,0.06304773901014767f,0.13717129147292348f,-0.9885388304974967f,2.7769615480962857f,0f,0f,0f,1f], start_interpolation: 0, interpolation_duration: 1 }
$data merge entity $(bone_crest_right5) { transformation: [-0.5320988581777715f,0.8288942543038568f,-0.1726415949531425f,1.4171205029716405f,0.8333674038349291f,0.5487471899946458f,0.06614598777257914f,5.607217677925104f,0.1495646193166748f,-0.10867767321319155f,-0.9827612059873063f,2.700763904643147f,0f,0f,0f,1f], start_interpolation: 0, interpolation_duration: 1 }
$data merge entity $(bone_crest_right4) { transformation: [-0.5320988581777715f,0.8288942543038568f,-0.1726415949531425f,0.9516769519709396f,0.8333674038349291f,0.5487471899946458f,0.06614598777257914f,5.299083269480845f,0.1495646193166748f,-0.10867767321319155f,-0.9827612059873063f,2.76178896528532f,0f,0f,0f,1f], start_interpolation: 0, interpolation_duration: 1 }
$data merge entity $(bone_crest_right1) { transformation: [-0.5320988581777715f,0.8288942543038568f,-0.1726415949531425f,0.4299948156848124f,0.8333674038349291f,0.5487471899946458f,0.06614598777257914f,4.963849672435249f,0.1495646193166748f,-0.10867767321319155f,-0.9827612059873063f,2.7737321869289464f,0f,0f,0f,1f], start_interpolation: 0, interpolation_duration: 1 }
$data merge entity $(bone_head1) { transformation: [-1.0460841663168952f,0.005130219984550454f,-0.06600602888501278f,0.2357610126343086f,-0.003982710563433922f,1.0382563492550907f,0.1438161648537155f,4.973762386153641f,0.06608519518641777f,0.1437798042131554f,-1.03616374811261f,1.4810035139544817f,0f,0f,0f,1f], start_interpolation: 0, interpolation_duration: 1 }
$data merge entity $(bone_neck10) { transformation: [-1.4827521458515354f,0.01215385325115494f,-0.2085488899702991f,0.083523772555124f,-0.027320404641428406f,1.4707387482527428f,0.2799560886321488f,4.732009474828224f,0.2071085491883982f,0.281023308505064f,-1.456134001599431f,0.3592010452633678f,0f,0f,0f,1f], start_interpolation: 0, interpolation_duration: 1 }
$data merge entity $(bone_neck9) { transformation: [-1.1343053915764254f,0.043534555829568916f,-0.15376660751902946f,0.03557613314091996f,-0.020900109550692745f,1.0523075782882603f,0.4521062868357429f,3.3686710766747687f,0.1584380401291247f,0.450490456751701f,-1.0412223030238175f,-0.16391314946802485f,0f,0f,0f,1f], start_interpolation: 0, interpolation_duration: 1 }
$data merge entity $(bone_neck8) { transformation: [-1.0531164583157504f,-0.037965627732856166f,-0.1406928346869831f,0.06833168303047363f,-0.010490507701511833f,1.0435243791212077f,-0.2030688474995148f,2.596468706503079f,0.14534721142689008f,-0.19976390736934144f,-1.0340496636235026f,0.017683824559484307f,0f,0f,0f,1f], start_interpolation: 0, interpolation_duration: 1 }
$data merge entity $(bone_neck7) { transformation: [-1.046370016503916f,-0.056459129057325294f,-0.1278623015657336f,0.12211599597898928f,0f,0.9657083128641202f,-0.42642005970537855f,1.7316831979046956f,0.1397726776433732f,-0.42266586574412046f,-0.9572062355486296f,0.42032540928452555f,0f,0f,0f,1f], start_interpolation: 0, interpolation_duration: 1 }
$data merge entity $(bone_neck6) { transformation: [-1.040433165346447f,-0.03597057801746848f,-0.1342440247388126f,0.1527598563909272f,0f,1.01390768862361f,-0.27167574636640246f,0.8334368877518896f,0.13897964117447462f,-0.2692839183479605f,-1.0049812649358174f,0.6497323095858552f,0f,0f,0f,1f], start_interpolation: 0, interpolation_duration: 1 }
$data merge entity $(bone_neck_spine6) { transformation: [-1.267345715951695f,-0.045682619786174675f,0.10832037216085935f,-0.20791935329301292f,0.11689027841276446f,-0.364732656774997f,1.2137924535978746f,0.7367838571636234f,-0.01252467916482035f,1.2185518273130747f,0.36736894953233934f,-1.8621397823375234f,0f,0f,0f,1f], start_interpolation: 0, interpolation_duration: 1 }
$data merge entity $(bone_neck_spine7) { transformation: [-0.8373415184581204f,-0.45929569626187117f,0.2964905476766029f,0.6790350256348364f,0.3084928259549994f,0.0507603758993625f,0.9498713389574686f,1.8223808678760092f,-0.45132178963633834f,0.8868319162241955f,0.09918565705571658f,-5.1175726064552185f,0f,0f,0f,1f], start_interpolation: 0, interpolation_duration: 1 }
$data merge entity $(bone_tail6) { transformation: [-0.9573271057371975f,-1.0246139604284126f,0.9994963642971245f,2.994671980497383f,1.0852640556080198f,0.26444108598727495f,1.3105627719320552f,1.0684192293123385f,-0.9332891726325772f,1.3585061949303736f,0.4987325697302365f,-8.254468981084644f,0f,0f,0f,1f], start_interpolation: 0, interpolation_duration: 1 }
$data merge entity $(bone_tail5) { transformation: [-0.7908354351742066f,-0.8464202281799931f,0.825670909636755f,2.460090783752124f,0.8965224807196684f,0.21845133190253146f,1.0826388115960455f,1.2063884915665688f,-0.7709780121747376f,1.1222442479859607f,0.41199647064671713f,-7.545683140251406f,0f,0f,0f,1f], start_interpolation: 0, interpolation_duration: 1 }
$data merge entity $(bone_tail4) { transformation: [-0.582720846970468f,-0.6236780628694685f,0.6083890913112932f,2.192800185379495f,0.6605955121092293f,0.1609641392966021f,0.7977338611760334f,1.275373122693684f,-0.5680890616024382f,0.8269168143054446f,0.3035763467923178f,-7.191290219834787f,0f,0f,0f,1f], start_interpolation: 0, interpolation_duration: 1 }
$data merge entity $(bone_segment18) { transformation: [-0.5559374043146825f,-0.595012114638201f,0.5804258659963641f,1.858686937413708f,0.6302327370184946f,0.1535657875525347f,0.7610678327741537f,1.361603911602578f,-0.5419781357896554f,0.7889094576230826f,0.2896231482440995f,-6.7482990693140135f,0f,0f,0f,1f], start_interpolation: 0, interpolation_duration: 1 }
$data merge entity $(bone_segment17) { transformation: [-0.5559374043146825f,-0.595012114638201f,0.5804258659963641f,1.424339715058185f,0.6302327370184946f,0.1535657875525347f,0.7610678327741537f,1.4737039371841403f,-0.5419781357896554f,0.7889094576230826f,0.2896231482440995f,-6.1724105736370065f,0f,0f,0f,1f], start_interpolation: 0, interpolation_duration: 1 }
$data merge entity $(bone_segment16) { transformation: [-0.6664781145720543f,-0.7065351020652058f,0.2379392198570649f,0.7498884823738691f,0.3500671755559202f,-0.014799562688578863f,0.936607679630339f,1.4595764249496814f,-0.6582248061223307f,0.7075232310630769f,0.25719833224825545f,-5.497016083047008f,0f,0f,0f,1f], start_interpolation: 0, interpolation_duration: 1 }
$data merge entity $(bone_segment15) { transformation: [-0.8373415184581204f,-0.5203829753543425f,0.16751340372522616f,0.1362532843852279f,0.3084928259549994f,-0.19681403488588936f,0.9306430099701144f,1.2274934687732055f,-0.45132178963633834f,0.8309427144113473f,0.32533497747115214f,-4.5171690833871425f,0f,0f,0f,1f], start_interpolation: 0, interpolation_duration: 1 }
$data merge entity $(bone_segment14) { transformation: [-1.0035413901678407f,-0.2931572760734772f,0.07509119609081093f,-0.1935486511974339f,0.20177421912977248f,-0.45434958545249726f,0.9227831905268359f,0.7163501851391463f,-0.22553722694876793f,0.8979423498808233f,0.4914343227491717f,-3.5069839397712164f,0f,0f,0f,1f], start_interpolation: 0, interpolation_duration: 1 }
$data merge entity $(bone_segment13) { transformation: [-1.0213315475610718f,-0.05141387042434163f,0.07957446643039902f,-0.25764857126718554f,0.09419981260322782f,-0.45932424838153185f,0.9122725700016665f,0.13817880315830205f,-0.010093417915178753f,0.9156808726843197f,0.46208254039517643f,-2.416804694177108f,0f,0f,0f,1f], start_interpolation: 0, interpolation_duration: 1 }
$data merge entity $(bone_segment12) { transformation: [-1.1070224941387041f,0.09705979159003925f,0.09774699749402538f,-0.14039513176244012f,0.07418379871327915f,-0.24693098715732625f,1.0853551182823309f,-0.160127087367327f,0.11606826728725882f,1.0835489678042625f,0.23858682463817446f,-1.1078193639437708f,0f,0f,0f,1f], start_interpolation: 0, interpolation_duration: 1 }
$data merge entity $(bone_segment11) { transformation: [-1.1766767250896843f,0.17702693307025105f,0.034873922654372745f,0.06167519870948589f,0.09016058077145929f,0.3775947100728289f,1.1253515652814086f,0.27643680523849745f,0.15628754009362197f,1.1149917222894994f,-0.38664001981006474f,0.18106647154148348f,0f,0f,0f,1f], start_interpolation: 0, interpolation_duration: 1 }
$data merge entity $(bone_segment10) { transformation: [-1.0400165872223464f,0.10522589297145803f,-0.07725417643025191f,0.16322544827502547f,0.050423572723051334f,0.8959949475200344f,0.5415955274534564f,1.193947732458719f,0.12040830387228446f,0.5336625933041436f,-0.8940812462476043f,0.7280801078617676f,0f,0f,0f,1f], start_interpolation: 0, interpolation_duration: 1 }