# This file was generated by Animated Java via MC-Build. It is not recommended to edit this file directly.
$data merge entity $(bone_neck_spine5) { transformation: [-1.5642291277591225f,-0.0367182201140653f,-0.15446101041437937f,0.11719027695938153f,-0.052666634439208944f,1.5630316561765853f,0.1617945084462686f,4.259690112405427f,0.14977535526054572f,0.16614153501812245f,-1.556272318347609f,-0.664611461891623f,0f,0f,0f,1f], start_interpolation: 0, interpolation_duration: 1 }
$data merge entity $(bone_neck_spine2) { transformation: [-1.489742026437259f,-0.04738403692424169f,-0.1435887509361297f,0.11309056970160622f,-0.05015869946591326f,1.496318790684507f,0.026616971960956717f,5.766404870336018f,0.14264319548623397f,0.03129075539587144f,-1.49025772572809f,1.0013068936399874f,0f,0f,0f,1f], start_interpolation: 0, interpolation_duration: 1 }
$data merge entity $(bone_scale_neck_left1) { transformation: [-1.5909173050711491f,0.4201528332917846f,-0.07422133075948778f,0.9205027762194156f,0.368075209649745f,1.4964561189959527f,0.5815451872370198f,4.892241600399307f,0.21577267969814856f,0.5451107790478277f,-1.5392697847029362f,0.8739752403138231f,0f,0f,0f,1f], start_interpolation: 0, interpolation_duration: 1 }
$data merge entity $(bone_scale_neck_right1) { transformation: [-1.574839350185563f,-0.40800191095025024f,-0.2578188174003759f,-0.6437263515397063f,-0.47466429274957905f,1.468572657167969f,0.5753635725737475f,4.839574965960098f,0.0873493625238694f,0.6244068162001658f,-1.5216902764975264f,1.0237505955743686f,0f,0f,0f,1f], start_interpolation: 0, interpolation_duration: 1 }
$data merge entity $(bone_blush_right1) { transformation: [-0.9979547609362491f,-0.0204971799673161f,-0.06054882936986348f,-0.4160554509932217f,-0.027810274317211985f,0.9920759307378809f,0.12252320716080221f,4.493344145422204f,0.057557656024848684f,0.12395649746566277f,-0.9906169304877492f,2.38776695780716f,0f,0f,0f,1f], start_interpolation: 0, interpolation_duration: 1 }
$data merge entity $(bone_blush_left1) { transformation: [-0.9979547609362491f,-0.0204971799673161f,-0.06054882936986348f,0.9064295202865538f,-0.027810274317211985f,0.9920759307378809f,0.12252320716080221f,4.530198190586712f,0.057557656024848684f,0.12395649746566277f,-0.9906169304877492f,2.3114918218445433f,0f,0f,0f,1f], start_interpolation: 0, interpolation_duration: 1 }
$data merge entity $(bone_left_head_scales) { transformation: [-0.8572383459776962f,-0.0204971799673161f,-0.5145116945209414f,0.8788747682395107f,-0.0812429355886343f,0.9920759307378809f,0.09583805646771251f,5.302866322679912f,0.5084702583262507f,0.12395649746566277f,-0.852110781021858f,2.0119530076745993f,0f,0f,0f,1f], start_interpolation: 0, interpolation_duration: 1 }
$data merge entity $(bone_left_head_scales2) { transformation: [-0.7827473007536667f,-0.0204971799673161f,-0.6220020327750029f,0.9074900794077063f,-0.09305726759277574f,0.9920759307378809f,0.0844138175818033f,4.390908207920059f,0.6153430003754126f,0.12395649746566277f,-0.7784521684888739f,2.067462229198747f,0f,0f,0f,1f], start_interpolation: 0, interpolation_duration: 1 }
$data merge entity $(bone_left_head_scales1) { transformation: [-0.9979547609362491f,-0.0204971799673161f,-0.06054882936986348f,0.8811766976303714f,-0.027810274317211985f,0.9920759307378809f,0.12252320716080221f,5.191451545302122f,0.057557656024848684f,0.12395649746566277f,-0.9906169304877492f,1.9980321119631237f,0f,0f,0f,1f], start_interpolation: 0, interpolation_duration: 1 }
$data merge entity $(bone_right_head_scales) { transformation: [-0.9131550219667746f,-0.0204971799673161f,0.40709675934628425f,-0.46602520255348134f,0.0319069064025841f,0.9920759307378809f,0.12152076766702954f,5.265387632682107f,-0.4063617294734777f,0.12395649746566277f,-0.905265116722924f,2.089520942551837f,0f,0f,0f,1f], start_interpolation: 0, interpolation_duration: 1 }
$data merge entity $(bone_right_head_scales2) { transformation: [-0.8522060643040543f,-0.0204971799673161f,0.5228046380597449f,-0.43740989138528574f,0.04749558147441205f,0.9920759307378809f,0.11631645365542626f,4.353429517922255f,-0.5210460571809377f,0.12395649746566277f,-0.8444795989437779f,2.145030164075984f,0f,0f,0f,1f], start_interpolation: 0, interpolation_duration: 1 }
$data merge entity $(bone_right_head_scales1) { transformation: [-0.9979547609362491f,-0.0204971799673161f,-0.06054882936986348f,-0.46372327316262063f,-0.027810274317211985f,0.9920759307378809f,0.12252320716080221f,5.153972855304318f,0.057557656024848684f,0.12395649746566277f,-0.9906169304877492f,2.075600046840361f,0f,0f,0f,1f], start_interpolation: 0, interpolation_duration: 1 }
$data merge entity $(bone_head_left_fin1) { transformation: [-0.6884457665910118f,-0.019664637926387764f,-0.7901461424972671f,0.8847090092190057f,0.15593357561591004f,1.0238787796911764f,-0.16134485587993921f,4.783966390499692f,0.7748563379644802f,-0.22351900263401583f,-0.6695611316399299f,1.8623909599869384f,0f,0f,0f,1f], start_interpolation: 0, interpolation_duration: 1 }
$data merge entity $(bone_head_right_fin1) { transformation: [-0.763179407244868f,-0.06300613365445451f,0.7157252388343323f,-0.4601909615739863f,-0.19638640561420814f,1.0226709705472177f,-0.11938033219553748f,4.746487700501887f,-0.6911329612111384f,-0.2210192551500937f,-0.7564131918505879f,1.939958894864176f,0f,0f,0f,1f], start_interpolation: 0, interpolation_duration: 1 }
$data merge entity $(bone_right_whisker16) { transformation: [0.26751314169419865f,0.9351929389775557f,-0.23205793653185142f,-0.9672472296989956f,0.920676114956064f,-0.31912946854871693f,-0.2247484675214094f,2.073494719135324f,-0.2842397058299703f,-0.15352703081325692f,-0.9463811285308668f,2.402972235652819f,0f,0f,0f,1f], start_interpolation: 0, interpolation_duration: 1 }
$data merge entity $(bone_right_whisker15) { transformation: [-0.8922747619882022f,0.38729170299849647f,-0.23205793653185142f,-0.6666273147713297f,0.43657161925874577f,0.8711448488079205f,-0.2247484675214094f,1.9264076013186568f,0.11511285930204866f,-0.3018472944784325f,-0.9463811285308668f,2.364189094579375f,0f,0f,0f,1f], start_interpolation: 0, interpolation_duration: 1 }
$data merge entity $(bone_right_whisker14) { transformation: [-0.728097095188773f,-0.6449990186583614f,-0.23205793653185142f,-0.4213211645368314f,-0.60502222125503f,0.7638299798609685f,-0.2247484675214094f,2.1302480957844625f,0.32221534998398166f,-0.023238498130107126f,-0.9463811285308668f,2.255630212016413f,0f,0f,0f,1f], start_interpolation: 0, interpolation_duration: 1 }
$data merge entity $(bone_right_whisker13) { transformation: [-0.0842734741914439f,-0.9964398340954357f,-0.002374568500604024f,-0.3929282459860031f,-0.9959125926505932f,0.0843061242159566f,-0.03241273236951048f,2.4657850532692813f,0.032497528331826064f,-0.00036667089295324204f,-0.9994717485776065f,2.2446813377249284f,0f,0f,0f,1f], start_interpolation: 0, interpolation_duration: 1 }
$data merge entity $(bone_right_whisker12) { transformation: [0.09149791749339566f,-0.9956779731507994f,0.01592183647344632f,-0.43403082610998944f,-0.9790824069677507f,-0.08703196261157245f,0.18391051587718943f,2.9056072282743255f,-0.1817299410130533f,-0.03241621918566775f,-0.9828140298515782f,2.326317834664386f,0f,0f,0f,1f], start_interpolation: 0, interpolation_duration: 1 }
$data merge entity $(bone_right_whisker11) { transformation: [0.2960244878732002f,-0.9542255017794576f,0.042698879764594674f,-0.5670105765217787f,-0.9467883632108961f,-0.29904298316992084f,-0.11901718155487909f,3.3309223133104706f,0.12633803017239953f,-0.005194802265364763f,-0.9919736469088185f,2.2695644226728784f,0f,0f,0f,1f], start_interpolation: 0, interpolation_duration: 1 }
$data merge entity $(bone_right_whisker10) { transformation: [0.05760551802616754f,-0.9864556677934988f,0.153580010974797f,-0.5928880553225961f,-0.9293755468950342f,-0.10917158989843725f,-0.3526225415264937f,3.748415234767224f,0.36461307865529613f,-0.12242050251950998f,-0.9230766617331289f,2.1057733912456946f,0f,0f,0f,1f], start_interpolation: 0, interpolation_duration: 1 }
$data merge entity $(bone_right_whisker1) { transformation: [-0.3331511675608865f,-0.9346145242156451f,0.12452305279738851f,-0.4432303042698542f,-0.9412496335381998f,0.32191675488060734f,-0.10207218177027483f,4.171242218583212f,0.055312086536516425f,-0.15121274434485404f,-0.9869525211633406f,2.080926164871869f,0f,0f,0f,1f], start_interpolation: 0, interpolation_duration: 1 }
$data merge entity $(bone_left_whisker16) { transformation: [0.24961846938159715f,-0.8982496295233398f,0.3617156656889098f,1.4287959696784118f,-0.9143235453916077f,-0.3416519197185615f,-0.21745440923362017f,2.1029282922866983f,0.31890919410720947f,-0.27644451308319384f,-0.9065734151739097f,2.5636075359002026f,0f,0f,0f,1f], start_interpolation: 0, interpolation_duration: 1 }
$data merge entity $(bone_left_whisker15) { transformation: [-0.8579832311056668f,-0.3647280525771337f,0.3617156656889098f,1.1397293537297253f,-0.4580722110205692f,0.8619068565660588f,-0.21745440923362017f,1.948597322753401f,-0.23245348918053835f,-0.35226413139533136f,-0.9065734151739097f,2.4852906865180877f,0f,0f,0f,1f], start_interpolation: 0, interpolation_duration: 1 }
$data merge entity $(bone_left_whisker14) { transformation: [-0.6931552559339145f,0.6234561479097129f,0.3617156656889098f,0.9061956005098033f,0.5875632142328683f,0.7794119893773754f,-0.21745440923362017f,2.1465556322361543f,-0.41749881491033003f,0.06180115248426936f,-0.9065734151739097f,2.344629464697713f,0f,0f,0f,1f], start_interpolation: 0, interpolation_duration: 1 }
$data merge entity $(bone_left_whisker13) { transformation: [-0.10351178316607816f,0.9852119230848806f,0.1365385563024953f,0.8713210251267008f,0.9936057932111597f,0.10864921284251942f,-0.03070629000585015f,2.481315396550461f,-0.04508700969238574f,0.13248703770592718f,-0.9901587480787648f,2.3294390170962744f,0f,0f,0f,1f], start_interpolation: 0, interpolation_duration: 1 }
$data merge entity $(bone_left_whisker12) { transformation: [0.04245402891972222f,0.992924614309195f,0.11089799694953582f,0.8903921709304823f,0.9807279050182635f,-0.06260348830767593f,0.18507722596310772f,2.921876760132884f,0.1907103346622094f,0.1009034863156203f,-0.9764466471356135f,2.4151096752453136f,0f,0f,0f,1f], start_interpolation: 0, interpolation_duration: 1 }
$data merge entity $(bone_left_whisker11) { transformation: [0.2869947911047578f,0.9534071283012934f,0.09299912678631486f,1.0193156122470728f,0.953950312795494f,-0.2756091633715044f,-0.11839928117619203f,3.350409127208985f,-0.08725130713127391f,0.12269652305562759f,-0.9886014225328343f,2.375914752119937f,0f,0f,0f,1f], start_interpolation: 0, interpolation_duration: 1 }
$data merge entity $(bone_left_whisker10) { transformation: [0.0830076602164638f,0.9963413331745822f,-0.020339030293597835f,1.0566042096099373f,0.9311028731255995f,-0.08481443282068284f,-0.3547590050196897f,3.7686779959958754f,-0.35518610333548006f,0.010509985404447648f,-0.9347365255536748f,2.216358494762202f,0f,0f,0f,1f], start_interpolation: 0, interpolation_duration: 1 }
$data merge entity $(bone_left_whisker1) { transformation: [-0.3457061428332239f,0.9382801299629092f,0.010847143594531872f,0.9013065282590751f,0.9329103864369696f,0.3449238449960558f,-0.10346860408433861f,4.187758833653108f,-0.10082397376318433f,-0.025650319099822655f,-0.9945735706546186f,2.1710664752982716f,0f,0f,0f,1f], start_interpolation: 0, interpolation_duration: 1 }
$data merge entity $(bone_upper_left_tooth1) { transformation: [-0.9979547609362491f,-0.025696360205504306f,-0.05853197584963591f,0.5970572198920767f,-0.027810274317211985f,0.9989793834294357f,0.035591854761253455f,4.522284624796299f,0.057557656024848684f,0.0371468512142511f,-0.9976508545968331f,3.089850246738222f,0f,0f,0f,1f], start_interpolation: 0, interpolation_duration: 1 }
$data merge entity $(bone_upper_right_tooth1) { transformation: [-0.9979547609362491f,-0.025696360205504306f,-0.05853197584963591f,-0.07539276550441931f,-0.027810274317211985f,0.9989793834294357f,0.035591854761253455f,4.503545279797397f,0.057557656024848684f,0.0371468512142511f,-0.9976508545968331f,3.128634214176841f,0f,0f,0f,1f], start_interpolation: 0, interpolation_duration: 1 }
$data merge entity $(bone_top_lip1) { transformation: [-0.9979547609362491f,-0.05180514021121732f,-0.03745026798795305f,0.2856769313522983f,-0.027810274317211985f,0.8793584620411342f,-0.4753475400999282f,4.63710484255527f,0.057557656024848684f,-0.4733338385160599f,-0.8790006789238435f,3.112215153198421f,0f,0f,0f,1f], start_interpolation: 0, interpolation_duration: 1 }
$data merge entity $(bone_muzzle1) { transformation: [-0.9979547609362491f,-0.025696360205504306f,-0.05853197584963591f,0.2484811225153939f,-0.027810274317211985f,0.9989793834294357f,0.035591854761253455f,4.825375604400288f,0.057557656024848684f,0.0371468512142511f,-0.9976508545968331f,2.558268464176233f,0f,0f,0f,1f], start_interpolation: 0, interpolation_duration: 1 }
$data merge entity $(bone_jaw_right_tooth1) { transformation: [-0.9979547609362491f,-0.05184313217442496f,-0.03739765729318469f,-0.0665296744752007f,-0.027810274317211985f,0.878875446931905f,-0.4762399998137973f,4.288274924924087f,0.057557656024848684f,-0.4742259360543132f,-0.8785197082629027f,3.1782928775976695f,0f,0f,0f,1f], start_interpolation: 0, interpolation_duration: 1 }
$data merge entity $(bone_jaw_left_tooth1) { transformation: [-0.9979547609362491f,-0.05184313217442496f,-0.03739765729318469f,0.6619578097043366f,-0.027810274317211985f,0.878875446931905f,-0.4762399998137973f,4.308575882006232f,0.057557656024848684f,-0.4742259360543132f,-0.8785197082629027f,3.136276912872499f,0f,0f,0f,1f], start_interpolation: 0, interpolation_duration: 1 }
$data merge entity $(bone_tongue1) { transformation: [-0.9979547609362491f,-0.027871086047778753f,-0.05752823382644994f,0.25200917334484574f,-0.027810274317211985f,0.9996114935832214f,-0.0018575625756938607f,4.294536773069543f,0.057557656024848684f,-0.0002538874524526391f,-0.9983421516564782f,2.3629523381928146f,0f,0f,0f,1f], start_interpolation: 0, interpolation_duration: 1 }
$data merge entity $(bone_jaw_lips1) { transformation: [-0.9979547609362491f,-0.027871086047778753f,-0.05752823382644994f,0.36333174634038023f,-0.027810274317211985f,0.9996114935832214f,-0.0018575625756938607f,4.168667433395253f,0.057557656024848684f,-0.0002538874524526391f,-0.9983421516564782f,3.2567011573575475f,0f,0f,0f,1f], start_interpolation: 0, interpolation_duration: 1 }
$data merge entity $(bone_jaw3) { transformation: [-0.9979547609362491f,-0.04456148346783644f,-0.045831968273456536f,0.3259079509655236f,-0.027810274317211985f,0.9482215621703747f,-0.3163897243552259f,3.804543404987502f,0.057557656024848684f,-0.3144680321214229f,-0.9475214894695555f,2.431899607731296f,0f,0f,0f,1f], start_interpolation: 0, interpolation_duration: 1 }
$data merge entity $(bone_jaw1) { transformation: [-0.9979547609362491f,0.0008983684214484491f,-0.0639178227011272f,0.26848178213247964f,-0.027810274317211985f,0.8942152162672962f,0.4467725770886506f,4.2059406422155865f,0.057557656024848684f,0.4476363925444535f,-0.8923613485033477f,1.6301687086853192f,0f,0f,0f,1f], start_interpolation: 0, interpolation_duration: 1 }
$data merge entity $(bone_tear_right1) { transformation: [-0.9979547609362491f,-0.0204971799673161f,-0.06054882936986348f,-0.3619547794534069f,-0.027810274317211985f,0.9920759307378809f,0.12252320716080221f,4.872473540885186f,0.057557656024848684f,0.12395649746566277f,-0.9906169304877492f,2.533383927840346f,0f,0f,0f,1f], start_interpolation: 0, interpolation_duration: 1 }
$data merge entity $(bone_right_pupil1) { transformation: [-0.9979547609362491f,-0.0204971799673161f,-0.06054882936986348f,-0.17525337108369934f,-0.027810274317211985f,0.9920759307378809f,0.12252320716080221f,4.980785669848341f,0.057557656024848684f,0.12395649746566277f,-0.9906169304877492f,2.6033898080773663f,0f,0f,0f,1f], start_interpolation: 0, interpolation_duration: 1 }
$data merge entity $(bone_right_sad_pupil1) { transformation: [-0.9979547609362491f,-0.0204971799673161f,-0.06054882936986348f,-0.1759333628197867f,-0.027810274317211985f,0.9920759307378809f,0.12252320716080221f,4.98216166289751f,0.057557656024848684f,0.12395649746566277f,-0.9906169304877492f,2.5922647155963023f,0f,0f,0f,1f], start_interpolation: 0, interpolation_duration: 1 }
$data merge entity $(bone_right_happy_pupil1) { transformation: [-0.9979547609362491f,-0.0204971799673161f,-0.06054882936986348f,-0.20337627858977395f,-0.027810274317211985f,0.9920759307378809f,0.12252320716080221f,4.953527529033047f,0.057557656024848684f,0.12395649746566277f,-0.9906169304877492f,2.590400514173793f,0f,0f,0f,1f], start_interpolation: 0, interpolation_duration: 1 }
$data merge entity $(bone_eyelid_right1) { transformation: [-0.9979547609362491f,-0.0204971799673161f,-0.06054882936986348f,0.22270711434068743f,-0.027810274317211985f,0.9920759307378809f,0.12252320716080221f,5.007278349702354f,0.057557656024848684f,0.12395649746566277f,-0.9906169304877492f,2.004163243896155f,0f,0f,0f,1f], start_interpolation: 0, interpolation_duration: 1 }
$data merge entity $(bone_eyelid_expressions_right5) { transformation: [-0.9979547609362491f,-0.0204971799673161f,-0.06054882936986348f,-0.3071211807716502f,-0.027810274317211985f,0.9920759307378809f,0.12252320716080221f,5.08998474247816f,0.057557656024848684f,0.12395649746566277f,-0.9906169304877492f,2.613619184382064f,0f,0f,0f,1f], start_interpolation: 0, interpolation_duration: 1 }
$data merge entity $(bone_eyelid_expressions_right7) { transformation: [-0.9979547609362491f,-0.0204971799673161f,-0.06054882936986348f,0.029103811926597806f,-0.027810274317211985f,0.9920759307378809f,0.12252320716080221f,5.099354414977612f,0.057557656024848684f,0.12395649746566277f,-0.9906169304877492f,2.594227200662755f,0f,0f,0f,1f], start_interpolation: 0, interpolation_duration: 1 }
$data merge entity $(bone_eyelid_expressions_right6) { transformation: [-0.9979547609362491f,-0.0204971799673161f,-0.06054882936986348f,-0.08297118563948488f,-0.027810274317211985f,0.9920759307378809f,0.12252320716080221f,5.096231190811128f,0.057557656024848684f,0.12395649746566277f,-0.9906169304877492f,2.600691195235858f,0f,0f,0f,1f], start_interpolation: 0, interpolation_duration: 1 }
$data merge entity $(bone_right_eye1) { transformation: [-0.9979547609362491f,-0.0204971799673161f,-0.06054882936986348f,0.2121796063201665f,-0.027810274317211985f,0.9920759307378809f,0.12252320716080221f,5.005590034236536f,0.057557656024848684f,0.12395649746566277f,-0.9906169304877492f,2.015934735834529f,0f,0f,0f,1f], start_interpolation: 0, interpolation_duration: 1 }
$data merge entity $(bone_tear_left1) { transformation: [-0.9979547609362491f,-0.0204971799673161f,-0.06054882936986348f,0.8484551942602859f,-0.027810274317211985f,0.9920759307378809f,0.12252320716080221f,4.90620436188321f,0.057557656024848684f,0.12395649746566277f,-0.9906169304877492f,2.4635727864508326f,0f,0f,0f,1f], start_interpolation: 0, interpolation_duration: 1 }
$data merge entity $(bone_left_sad_pupil1) { transformation: [-0.9979547609362491f,-0.0204971799673161f,-0.06054882936986348f,0.6646291189258333f,-0.027810274317211985f,0.9920759307378809f,0.12252320716080221f,5.005585844146139f,0.057557656024848684f,0.12395649746566277f,-0.9906169304877492f,2.543784756298029f,0f,0f,0f,1f], start_interpolation: 0, interpolation_duration: 1 }
$data merge entity $(bone_left_pupil1) { transformation: [-0.9979547609362491f,-0.0204971799673161f,-0.06054882936986348f,0.6653091106619206f,-0.027810274317211985f,0.9920759307378809f,0.12252320716080221f,5.004209851096969f,0.057557656024848684f,0.12395649746566277f,-0.9906169304877492f,2.5549098487790927f,0f,0f,0f,1f], start_interpolation: 0, interpolation_duration: 1 }
$data merge entity $(bone_eyelid_left1) { transformation: [-0.9979547609362491f,-0.0204971799673161f,-0.06054882936986348f,0.2002921148274709f,-0.027810274317211985f,0.9920759307378809f,0.12252320716080221f,5.0066537048690565f,0.057557656024848684f,0.12395649746566277f,-0.9906169304877492f,2.0054560428107755f,0f,0f,0f,1f], start_interpolation: 0, interpolation_duration: 1 }
$data merge entity $(bone_left_happy_pupil1) { transformation: [-0.9979547609362491f,-0.0204971799673161f,-0.06054882936986348f,0.6932237019388873f,-0.027810274317211985f,0.9920759307378809f,0.12252320716080221f,4.9785133223649165f,0.057557656024848684f,0.12395649746566277f,-0.9906169304877492f,2.538688557588968f,0f,0f,0f,1f], start_interpolation: 0, interpolation_duration: 1 }
$data merge entity $(bone_eyelid_expressions_left5) { transformation: [-0.9979547609362491f,-0.0204971799673161f,-0.06054882936986348f,0.7912137953759598f,-0.027810274317211985f,0.9920759307378809f,0.12252320716080221f,5.1205923393097015f,0.057557656024848684f,0.12395649746566277f,-0.9906169304877492f,2.550272037565654f,0f,0f,0f,1f], start_interpolation: 0, interpolation_duration: 1 }
$data merge entity $(bone_eyelid_expressions_left7) { transformation: [-0.9979547609362491f,-0.0204971799673161f,-0.06054882936986348f,0.45498880267771186f,-0.027810274317211985f,0.9920759307378809f,0.12252320716080221f,5.11122266681025f,0.057557656024848684f,0.12395649746566277f,-0.9906169304877492f,2.569664021284963f,0f,0f,0f,1f], start_interpolation: 0, interpolation_duration: 1 }
$data merge entity $(bone_eyelid_expressions_left6) { transformation: [-0.9979547609362491f,-0.0204971799673161f,-0.06054882936986348f,0.5670638002437945f,-0.027810274317211985f,0.9920759307378809f,0.12252320716080221f,5.114345890976734f,0.057557656024848684f,0.12395649746566277f,-0.9906169304877492f,2.56320002671186f,0f,0f,0f,1f], start_interpolation: 0, interpolation_duration: 1 }
$data merge entity $(bone_left_eye1) { transformation: [-0.9979547609362491f,-0.0204971799673161f,-0.06054882936986348f,0.2121796063201665f,-0.027810274317211985f,0.9920759307378809f,0.12252320716080221f,5.005590034236536f,0.057557656024848684f,0.12395649746566277f,-0.9906169304877492f,2.015934735834529f,0f,0f,0f,1f], start_interpolation: 0, interpolation_duration: 1 }
$data merge entity $(bone_crest_middle5) { transformation: [-0.9979547609362491f,-0.03311648021252671f,-0.05467717863063815f,0.21264335561202918f,-0.027810274317211985f,0.995078645595527f,-0.0951056135155714f,6.32189942241576f,0.057557656024848684f,-0.09339051246301822f,-0.9939644502771816f,2.6599798298403923f,0f,0f,0f,1f], start_interpolation: 0, interpolation_duration: 1 }
$data merge entity $(bone_crest_middle4) { transformation: [-0.9979547609362491f,-0.03311648021252671f,-0.05467717863063815f,0.23495817138023564f,-0.027810274317211985f,0.995078645595527f,-0.0951056135155714f,5.651387444426587f,0.057557656024848684f,-0.09339051246301822f,-0.9939644502771816f,2.722908983746137f,0f,0f,0f,1f], start_interpolation: 0, interpolation_duration: 1 }
$data merge entity $(bone_crest_middle1) { transformation: [-0.9979547609362491f,-0.03311648021252671f,-0.05467717863063815f,0.2562996804506232f,-0.027810274317211985f,0.995078645595527f,-0.0951056135155714f,5.156514099767308f,0.057557656024848684f,-0.09339051246301822f,-0.9939644502771816f,2.8538263566122857f,0f,0f,0f,1f], start_interpolation: 0, interpolation_duration: 1 }
$data merge entity $(bone_crest_left5) { transformation: [-0.5189135559511732f,-0.853288051106551f,0.051266200257988476f,-0.870473137004734f,-0.8516508030798414f,0.5212199613063639f,0.05496054538715804f,5.642858012229794f,-0.07361814357595423f,-0.01514112857670194f,-0.9971715575375452f,2.741964288070854f,0f,0f,0f,1f], start_interpolation: 0, interpolation_duration: 1 }
$data merge entity $(bone_crest_left4) { transformation: [-0.5189135559511732f,-0.853288051106551f,0.051266200257988476f,-0.39133189736970786f,-0.8516508030798414f,0.5212199613063639f,0.05496054538715804f,5.350180787863428f,-0.07361814357595423f,-0.01514112857670194f,-0.9971715575375452f,2.7504663866368735f,0f,0f,0f,1f], start_interpolation: 0, interpolation_duration: 1 }
$data merge entity $(bone_crest_left1) { transformation: [-0.5189135559511732f,-0.853288051106551f,0.051266200257988476f,0.1386021835284632f,-0.8516508030798414f,0.5212199613063639f,0.05496054538715804f,5.031322004497692f,-0.07361814357595423f,-0.01514112857670194f,-0.9971715575375452f,2.7038251749829234f,0f,0f,0f,1f], start_interpolation: 0, interpolation_duration: 1 }
$data merge entity $(bone_crest_center1) { transformation: [-0.9979547609362491f,-0.0204971799673161f,-0.06054882936986348f,0.251252656076087f,-0.027810274317211985f,0.9920759307378809f,0.12252320716080221f,5.006591890847016f,0.057557656024848684f,0.12395649746566277f,-0.9906169304877492f,2.6938810010288177f,0f,0f,0f,1f], start_interpolation: 0, interpolation_duration: 1 }
$data merge entity $(bone_crest_right5) { transformation: [-0.5534878484466165f,0.8156438189396118f,-0.168452848736792f,1.3340177550004195f,0.8217659040825299f,0.5677285355819932f,0.04883757542454255f,5.704291154127871f,0.13546955565497903f,-0.11139780299238813f,-0.9844991259412633f,2.6148189169190554f,0f,0f,0f,1f], start_interpolation: 0, interpolation_duration: 1 }
$data merge entity $(bone_crest_right4) { transformation: [-0.5534878484466165f,0.8156438189396118f,-0.168452848736792f,0.8760146340138211f,0.8217659040825299f,0.5677285355819932f,0.04883757542454255f,5.385498275261029f,0.13546955565497903f,-0.11139780299238813f,-0.9844991259412633f,2.677371394185289f,0f,0f,0f,1f], start_interpolation: 0, interpolation_duration: 1 }
$data merge entity $(bone_crest_right1) { transformation: [-0.5534878484466165f,0.8156438189396118f,-0.168452848736792f,0.36275217866062853f,0.8217659040825299f,0.5677285355819932f,0.04883757542454255f,5.0375684528306595f,0.13546955565497903f,-0.11139780299238813f,-0.9844991259412633f,2.690897185836717f,0f,0f,0f,1f], start_interpolation: 0, interpolation_duration: 1 }
$data merge entity $(bone_head1) { transformation: [-1.046033310616771f,-0.021484674314699807f,-0.06346589536815114f,0.17593102553079348f,-0.029150092220515154f,1.0398712555260334f,0.1284260179224554f,5.025562263251945f,0.06033061601562913f,0.12992835997377405f,-1.038341964899268f,1.3970942015202936f,0f,0f,0f,1f], start_interpolation: 0, interpolation_duration: 1 }
$data merge entity $(bone_neck10) { transformation: [-1.489742026437259f,-0.02823656701435994f,-0.14854518717844528f,0.07856354977045918f,-0.05015869946591326f,1.4800433640027373f,0.22169805417138244f,4.739509117648234f,0.14264319548623397f,0.22554072501154313f,-1.473424101142224f,0.2796173119529961f,0f,0f,0f,1f], start_interpolation: 0, interpolation_duration: 1 }
$data merge entity $(bone_neck9) { transformation: [-1.139652650224504f,0.0032861297141623795f,-0.11562519918383943f,0.08004324715357769f,-0.03837140509142367f,1.0694679190757381f,0.4086002371972599f,3.356432346414584f,0.10912204454696905f,0.4103848436746279f,-1.063891351583693f,-0.19127065784879974f,0f,0f,0f,1f], start_interpolation: 0, interpolation_duration: 1 }
$data merge entity $(bone_neck8) { transformation: [-1.0581342108020977f,-0.04813622037011085f,-0.09124162216675134f,0.11883068773203587f,-0.027342094307377055f,1.0375493837847367f,-0.230290736860427f,2.589544912306169f,0.0994712984032408f,-0.22685748366168593f,-1.0338913290561922f,0.010536392036168796f,0f,0f,0f,1f], start_interpolation: 0, interpolation_duration: 1 }
$data merge entity $(bone_neck7) { transformation: [-1.0521108266061212f,-0.035725845547123276f,-0.07882312701315036f,0.15281996991474775f,0f,0.9615132287951795f,-0.43579688354309376f,1.7287531288026177f,0.08654144320606248f,-0.43433004462714286f,-0.9582768930721431f,0.4237545040550882f,0f,0f,0f,1f], start_interpolation: 0, interpolation_duration: 1 }
$data merge entity $(bone_neck6) { transformation: [-1.0461414034764411f,-0.02227148958633103f,-0.08311833069642857f,0.17179337695085434f,0f,1.01390768862361f,-0.27167574636640235f,0.8305068186498117f,0.0860504279254607f,-0.27076131908998324f,-1.010494999568187f,0.6544200236115505f,0f,0f,0f,1f], start_interpolation: 0, interpolation_duration: 1 }
$data merge entity $(bone_neck_spine6) { transformation: [-1.2470079971053405f,0.1243125551234202f,0.22249227472144828f,-0.09524776713981911f,0.17815375586917348f,-0.36940676061711114f,1.2049005158089983f,0.6895278197965508f,0.1822571341312727f,1.2116395513376776f,0.344524749777423f,-1.859288346002865f,0f,0f,0f,1f], start_interpolation: 0, interpolation_duration: 1 }
$data merge entity $(bone_neck_spine7) { transformation: [-0.9214709268347143f,-0.233520457106354f,0.31041830988395663f,0.14395386269865348f,0.31769734247825065f,0.006765382435721307f,0.948168037946205f,1.8430366951728812f,-0.22351673221624785f,0.9723283528280647f,0.06795472541355937f,-5.217165584077226f,0f,0f,0f,1f], start_interpolation: 0, interpolation_duration: 1 }
$data merge entity $(bone_tail6) { transformation: [-0.9726631682767565f,-0.7920025610194962f,1.1798136471254725f,1.9063219683709562f,1.2649561544309431f,0.16878047682476405f,1.1561578679130347f,1.2865933165081702f,-0.6473903196466806f,1.5197193923578427f,0.48645727463612337f,-8.711705866237075f,0f,0f,0f,1f], start_interpolation: 0, interpolation_duration: 1 }
$data merge entity $(bone_tail5) { transformation: [-0.8035043564025379f,-0.6542629851900186f,0.9746286650166947f,1.4931032408825236f,1.0449637797473008f,0.13942735042045726f,0.9550869343629416f,1.3746526957210905f,-0.5348006988385622f,1.255420367599957f,0.40185600948201494f,-7.918808791963419f,0f,0f,0f,1f], start_interpolation: 0, interpolation_duration: 1 }
$data merge entity $(bone_tail4) { transformation: [-0.5920558415597648f,-0.48208851540317155f,0.7181474373807223f,1.2864938771383072f,0.7699733113927479f,0.10273594241507375f,0.7037482674253253f,1.4186823853275508f,-0.3940636728284142f,0.9250465866525998f,0.29610442803937936f,-7.52236025482659f,0f,0f,0f,1f], start_interpolation: 0, interpolation_duration: 1 }
$data merge entity $(bone_segment18) { transformation: [-0.5648433370408688f,-0.4599304097262556f,0.685139418519745f,1.0282321724580368f,0.734583233726249f,0.0980139177326418f,0.6714020737672669f,1.473719497335626f,-0.3759514294810213f,0.8825289174524182f,0.28249465929719675f,-7.0267995834055546f,0f,0f,0f,1f], start_interpolation: 0, interpolation_duration: 1 }
$data merge entity $(bone_segment17) { transformation: [-0.5648433370408688f,-0.4599304097262556f,0.685139418519745f,0.6924919563736849f,0.734583233726249f,0.0980139177326418f,0.6714020737672669f,1.545267742946124f,-0.3759514294810213f,0.8825289174524182f,0.28249465929719675f,-6.382570710558207f,0f,0f,0f,1f], start_interpolation: 0, interpolation_duration: 1 }
$data merge entity $(bone_segment16) { transformation: [-0.7518753886333089f,-0.5973195338069682f,0.2790927704189719f,0.12229679592806778f,0.3819791191204931f,-0.049627409118869106f,0.9228375116021678f,1.4978939222296253f,-0.5373782211100886f,0.800466423278812f,0.2654772168751629f,-5.618453592633364f,0f,0f,0f,1f], start_interpolation: 0, interpolation_duration: 1 }
$data merge entity $(bone_segment15) { transformation: [-0.9214709268347143f,-0.3059056110323599f,0.23940152074974616f,-0.23842686161253243f,0.31769734247825065f,-0.23886908855858177f,0.9176110053358395f,1.216219679617821f,-0.22351673221624785f,0.9216090904879958f,0.31729632010040565f,-4.531692873137022f,0f,0f,0f,1f], start_interpolation: 0, interpolation_duration: 1 }
$data merge entity $(bone_segment14) { transformation: [-1.026250528957948f,-0.08559001613373811f,0.1953443087907362f,-0.3347156297629878f,0.2127474466094907f,-0.4781491220119137f,0.9081779226041288f,0.6783019173544182f,0.014952384420084008f,0.9288288132280538f,0.4855189594060062f,-3.486760458255462f,0f,0f,0f,1f], start_interpolation: 0, interpolation_duration: 1 }
$data merge entity $(bone_segment13) { transformation: [-1.0049417388437154f,0.06752374608457323f,0.1939748877243232f,-0.2587008736623821f,0.14357096796515745f,-0.46178946257300874f,0.9045614856035316f,0.0973725489120213f,0.14687780809402565f,0.9133918369431739f,0.4429851843101035f,-2.398815349366778f,0f,0f,0f,1f], start_interpolation: 0, interpolation_duration: 1 }
$data merge entity $(bone_segment12) { transformation: [-1.09050245603734f,0.14498160904375937f,0.18509080908378f,-0.08355530569005531f,0.1518651167719825f,-0.23607772329127902f,1.0796657705350834f,-0.187822016137846f,0.1794861021807479f,1.0806116429117194f,0.21103814233278573f,-1.0933784653123517f,0f,0f,0f,1f], start_interpolation: 0, interpolation_duration: 1 }
$data merge entity $(bone_segment11) { transformation: [-1.1751520685718517f,0.16854935516295627f,0.08792935509144242f,0.10710216168340683f,0.13991572159355578f,0.3940628603491533f,1.1145675815426115f,0.26807247085020025f,0.12870138873998183f,1.110598225214205f,-0.40881582108426867f,0.19054837136992397f,0f,0f,0f,1f], start_interpolation: 0, interpolation_duration: 1 }
$data merge entity $(bone_segment10) { transformation: [-1.0448594243470475f,0.07547784908966687f,-0.035313958644250736f,0.1782732372563599f,0.047095958210502206f,0.9013272756630466f,0.5329787152328307f,1.1910176633566412f,0.06874556057350178f,0.5297050447822839f,-0.9018657391534545f,0.7331976696704973f,0f,0f,0f,1f], start_interpolation: 0, interpolation_duration: 1 }