# This file was generated by Animated Java via MC-Build. It is not recommended to edit this file directly.
$data merge entity $(bone_neck_spine5) { transformation: [-1.3539151992821452f,-0.014947899003507209f,0.18945145453234336f,0.1155105691437282f,0.02509444340966443f,1.3369543595404336f,0.28482445395723915f,3.77456508568632f,-0.18837611902520648f,0.28553679443718133f,-1.323701188697733f,-0.44182586996204387f,0f,0f,0f,1f], start_interpolation: 0, interpolation_duration: 1 }
$data merge entity $(bone_neck_spine2) { transformation: [-1.289443046935376f,-0.015881330444869782f,0.180292592742349f,-0.18861398463383824f,0.023899469913966118f,1.270762527078612f,0.2828646709206651f,4.857759707623614f,-0.17940582764305377f,0.28342792745339246f,-1.2581347963917182f,1.1795400402171636f,0f,0f,0f,1f], start_interpolation: 0, interpolation_duration: 1 }
$data merge entity $(bone_scale_neck_left1) { transformation: [-1.3812395635957224f,0.2755951141794628f,0.260161525597241f,0.5019724995808746f,0.3735742699664649f,1.1557236270786715f,0.7590814060651996f,4.086325462194271f,-0.06386666720362f,0.7998810219372041f,-1.1864108976100032f,1.0746784450350557f,0f,0f,0f,1f], start_interpolation: 0, interpolation_duration: 1 }
$data merge entity $(bone_scale_neck_right1) { transformation: [-1.3588743856445207f,-0.4412124657900949f,0.10124911097598774f,-0.8519426997012703f,-0.3227870164725243f,1.1690094571370844f,0.7620268036779307f,4.1114199056039356f,-0.31737732187219997f,0.7001484610839771f,-1.2085210740428758f,0.8863023260098493f,0f,0f,0f,1f], start_interpolation: 0, interpolation_duration: 1 }
$data merge entity $(bone_blush_right1) { transformation: [-0.9977987078954281f,-0.0259246549304728f,0.06103810931663753f,-0.8502566474974276f,-0.008084403081957802f,0.9611082301932916f,0.2760536402250969f,3.581005789571007f,-0.06582082458479471f,0.2749525088473546f,-0.9592021355947469f,2.098838630407365f,0f,0f,0f,1f], start_interpolation: 0, interpolation_duration: 1 }
$data merge entity $(bone_blush_left1) { transformation: [-0.9977987078954281f,-0.0259246549304728f,0.06103810931663753f,0.29955045730394464f,-0.008084403081957802f,0.9611082301932916f,0.2760536402250969f,3.5903218009349818f,-0.06582082458479471f,0.2749525088473546f,-0.9592021355947469f,2.1746868462375f,0f,0f,0f,1f], start_interpolation: 0, interpolation_duration: 1 }
$data merge entity $(bone_left_head_scales) { transformation: [-0.9132425255659226f,-0.0259246549304728f,-0.4065907054578486f,0.31370114054122017f,-0.13463833866589744f,0.9611082301932916f,0.2411296075060172f,4.2948334881764305f,0.384526471467521f,0.2749525088473546f,-0.8812153599542414f,2.022007736411784f,0f,0f,0f,1f], start_interpolation: 0, interpolation_duration: 1 }
$data merge entity $(bone_left_head_scales2) { transformation: [-0.8523588725848971f,-0.0259246549304728f,-0.5223143350440795f,0.3250136479112227f,-0.1649602185134868f,0.9611082301932916f,0.2214928806140312f,3.503530138383073f,0.49625847965932607f,0.2749525088473546f,-0.8234856642618374f,1.94770921420605f,0f,0f,0f,1f], start_interpolation: 0, interpolation_duration: 1 }
$data merge entity $(bone_left_head_scales1) { transformation: [-0.9977987078954281f,-0.0259246549304728f,0.06103810931663753f,0.31623284512427413f,-0.008084403081957802f,0.9611082301932916f,0.2760536402250969f,4.200975262571617f,-0.06582082458479471f,0.2749525088473546f,-0.9592021355947469f,1.9951569054696594f,0f,0f,0f,1f], start_interpolation: 0, interpolation_duration: 1 }
$data merge entity $(bone_right_head_scales) { transformation: [-0.856874000903031f,-0.0259246549304728f,0.5148736338589966f,-0.8555942202737346f,0.12029643243894549f,0.9611082301932916f,0.24859553132987128f,4.285359578314761f,-0.5012940403783936f,0.2749525088473546f,-0.8204300110062106f,1.9448739576014775f,0f,0f,0f,1f], start_interpolation: 0, interpolation_duration: 1 }
$data merge entity $(bone_right_head_scales2) { transformation: [-0.782338830138012f,-0.0259246549304728f,0.6223133190965966f,-0.844281712903732f,0.1517155078906029f,0.9611082301932916f,0.23076692683358072f,3.4940562285214036f,-0.6040930056901695f,0.2749525088473546f,-0.7479791162557697f,1.8705754353957436f,0f,0f,0f,1f], start_interpolation: 0, interpolation_duration: 1 }
$data merge entity $(bone_right_head_scales1) { transformation: [-0.9977987078954281f,-0.0259246549304728f,0.06103810931663753f,-0.8530625156906806f,-0.008084403081957802f,0.9611082301932916f,0.2760536402250969f,4.191501352709947f,-0.06582082458479471f,0.2749525088473546f,-0.9592021355947469f,1.918023126659353f,0f,0f,0f,1f], start_interpolation: 0, interpolation_duration: 1 }
$data merge entity $(bone_head_left_fin1) { transformation: [-0.7400532982006461f,0.016492277968034957f,-0.6723459828018389f,0.33019727478207733f,0.051101590381504636f,0.9981882389343796f,-0.03176266855229504f,3.869225903110549f,0.6706040137688012f,-0.05786401662956975f,-0.7395552800816626f,1.8242126124443883f,0f,0f,0f,1f], start_interpolation: 0, interpolation_duration: 1 }
$data merge entity $(bone_head_right_fin1) { transformation: [-0.6446346539907434f,-0.024850658243261294f,0.7640867801886845f,-0.8390980860328774f,-0.06232066238437106f,0.9978532686059164f,-0.020124347752462135f,3.8597519932488797f,-0.7619463878214843f,-0.06059124621069811f,-0.644799506023715f,1.747078833634082f,0f,0f,0f,1f], start_interpolation: 0, interpolation_duration: 1 }
$data merge entity $(bone_right_whisker16) { transformation: [0.23507321133590725f,0.9273133017614994f,-0.29125697534721784f,-1.248255010256167f,0.9478747843891953f,-0.2850278074926522f,-0.14245189389779178f,1.4688439407625142f,-0.21511387317269948f,-0.24258851854965738f,-0.9459792979957451f,2.044226176938932f,0f,0f,0f,1f], start_interpolation: 0, interpolation_duration: 1 }
$data merge entity $(bone_right_whisker15) { transformation: [-0.8886967967464048f,0.35410080169955693f,-0.29125697534721784f,-0.9878946205843686f,0.4063118413949575f,0.9025619898196304f,-0.14245189389779178f,1.3498072684788354f,0.2124351453854036f,-0.24493769976988056f,-0.9459792979957451f,1.981989317939302f,0f,0f,0f,1f], start_interpolation: 0, interpolation_duration: 1 }
$data merge entity $(bone_right_whisker14) { transformation: [-0.6965038094317222f,-0.655783361910539f,-0.29125697534721784f,-0.7838407701649187f,-0.646284155521825f,0.7496827650722492f,-0.14245189389779178f,1.53914832966687f,0.31176791651569985f,0.08901648159154196f,-0.9459792979957451f,1.890651061147593f,0f,0f,0f,1f], start_interpolation: 0, interpolation_duration: 1 }
$data merge entity $(bone_right_whisker13) { transformation: [-0.06792947797572084f,-0.9953472023682288f,-0.06833397953936217f,-0.7639395559142192f,-0.9962364011519497f,0.06397513269058805f,0.058482607816622456f,1.8310144628168552f,-0.053838824669166535f,0.07204949087232708f,-0.9959469121510853f,1.9064241543123879f,0f,0f,0f,1f], start_interpolation: 0, interpolation_duration: 1 }
$data merge entity $(bone_right_whisker12) { transformation: [0.09296300449631835f,-0.9943101514503023f,-0.052011561386812635f,-0.8002532295455936f,-0.9564888276054911f,-0.1036927348201109f,0.2727213585537425f,2.20464291110025f,-0.2765628363697664f,0.024395480491329835f,-0.960686139210256f,2.014456512269328f,0f,0f,0f,1f], start_interpolation: 0, interpolation_duration: 1 }
$data merge entity $(bone_right_whisker11) { transformation: [0.3170363366453348f,-0.9481662553073608f,-0.021649793138100407f,-0.9240955485476775f,-0.9482181014232006f,-0.3164252361664318f,-0.027522755138224914f,2.5750406069686878f,0.019245606768474588f,0.029254439209024062f,-0.999386704137432f,2.0069386971253924f,0f,0f,0f,1f], start_interpolation: 0, interpolation_duration: 1 }
$data merge entity $(bone_right_whisker10) { transformation: [0.09475803207954851f,-0.9907794084013973f,0.09683532023073128f,-0.9611104048287511f,-0.9573132818610667f,-0.1173743101330639f,-0.2641487302509351f,2.948991107695667f,0.27307910159659843f,-0.06767152435525861f,-0.9596084457020116f,1.900267173064221f,0f,0f,0f,1f], start_interpolation: 0, interpolation_duration: 1 }
$data merge entity $(bone_right_whisker1) { transformation: [-0.3154841031941348f,-0.9470269515019796f,0.060081059916245905f,-0.8378744270185422f,-0.9488782561012693f,0.31550034047940856f,-0.009465212918436827f,3.3196466764852253f,-0.00999178312447474f,-0.05999573556715802f,-0.9981486241956903f,1.9041702133472191f,0f,0f,0f,1f], start_interpolation: 0, interpolation_duration: 1 }
$data merge entity $(bone_left_whisker16) { transformation: [0.28307882957399144f,-0.9097471068712736f,0.30368829049926593f,0.8393721124189494f,-0.9343206440274374f,-0.3330827656240762f,-0.12688894903958786f,1.5234533773943992f,0.2165901899698451f,-0.24782266398286532f,-0.9442841822381982f,2.0501742360876904f,0f,0f,0f,1f], start_interpolation: 0, interpolation_duration: 1 }
$data merge entity $(bone_left_whisker15) { transformation: [-0.8650148925348129f,-0.39940287668796187f,0.30368829049926593f,0.5859497806216409f,-0.45218651236765506f,0.8828513763054375f,-0.12688894903958786f,1.3909768600991879f,-0.21743181396879885f,-0.24708457954509302f,-0.9442841822381982f,1.9864735093390191f,0f,0f,0f,1f], start_interpolation: 0, interpolation_duration: 1 }
$data merge entity $(bone_left_whisker14) { transformation: [-0.7275530275700192f,0.6151747835268706f,0.30368829049926593f,0.3727994795757369f,0.6090327993022343f,0.7829292713813383f,-0.12688894903958786f,1.5694044380197643f,-0.31582533376501526f,0.0926376906391479f,-0.9442841822381982f,1.8939465560875497f,0f,0f,0f,1f], start_interpolation: 0, interpolation_duration: 1 }
$data merge entity $(bone_left_whisker13) { transformation: [-0.12022632659823174f,0.990214848691865f,0.07085325555570454f,0.3375769229551612f,0.9913145056778022f,0.115914688288572f,0.06212355327682101f,1.8598286096050578f,0.05330273187623813f,0.07770674661256793f,-0.9955503404175102f,1.9095625908169163f,0f,0f,0f,1f], start_interpolation: 0, interpolation_duration: 1 }
$data merge entity $(bone_left_whisker12) { transformation: [0.04125326256463556f,0.9982164456137405f,0.04315201077636502f,0.3536914786444719f,0.9599997394208357f,-0.051570996336332164f,0.2752107059124076f,2.2348285078163217f,0.2769452448403851f,0.030072579589192266f,-0.9604149995273664f,2.0177443270826916f,0f,0f,0f,1f], start_interpolation: 0, interpolation_duration: 1 }
$data merge entity $(bone_left_whisker11) { transformation: [0.2671333849924493f,0.9632306104274301f,0.02874970883463103f,0.4580404571571475f,0.9634991729563039f,-0.26642573918539303f,-0.02620437391038785f,2.6111953722523777f,-0.01758119264994029f,0.034700383789191325f,-0.9992431060707343f,2.010876673703809f,0f,0f,0f,1f], start_interpolation: 0, interpolation_duration: 1 }
$data merge entity $(bone_left_whisker10) { transformation: [0.04613261108511359f,0.9959301462985053f,-0.07742690674634542f,0.47606100836226994f,0.9609987861191582f,-0.0654047374277995f,-0.2687071889613401f,2.986585523080174f,-0.2726776765193192f,-0.06201099915207159f,-0.9601049529672199f,1.9043619563134497f,0f,0f,0f,1f], start_interpolation: 0, interpolation_duration: 1 }
$data merge entity $(bone_left_whisker1) { transformation: [-0.36471276223352667f,0.9295633916275552f,-0.05381916024862687f,0.33359508561479856f,0.931085247370773f,0.36458934699500817f,-0.012444685060703842f,3.3502906978343825f,0.008053768838101771f,-0.05464896159699574f,-0.9984731482638242f,1.9075079597658333f,0f,0f,0f,1f], start_interpolation: 0, interpolation_duration: 1 }
$data merge entity $(bone_upper_left_tooth1) { transformation: [-0.9977987078954281f,-0.020506182038190737f,0.06306532343872077f,-0.04951309694284706f,-0.008084403081957802f,0.9815105832629111f,0.19123707111778415f,3.4863828812661817f,-0.06582082458479471f,0.19030625696785836f,-0.9795157720066897f,2.8054590643803174f,0f,0f,0f,1f], start_interpolation: 0, interpolation_duration: 1 }
$data merge entity $(bone_upper_right_tooth1) { transformation: [-0.9977987078954281f,-0.020506182038190737f,0.06306532343872077f,-0.6341607773503244f,-0.008084403081957802f,0.9815105832629111f,0.19123707111778415f,3.4816459263353474f,-0.06582082458479471f,0.19030625696785836f,-0.9795157720066897f,2.7668921749751645f,0f,0f,0f,1f], start_interpolation: 0, interpolation_duration: 1 }
$data merge entity $(bone_top_lip1) { transformation: [-0.9977987078954281f,0.010572971944807639f,0.06546717335022333f,-0.31967911784114506f,-0.008084403081957802f,0.9604516737062635f,-0.2783293461021412f,3.589647486635704f,-0.06582082458479471f,-0.27824592492809574f,-0.9582519628531352f,2.8082256489196826f,0f,0f,0f,1f], start_interpolation: 0, interpolation_duration: 1 }
$data merge entity $(bone_muzzle1) { transformation: [-0.9977987078954281f,-0.020506182038190737f,0.06306532343872077f,-0.2918893381403328f,-0.008084403081957802f,0.9815105832629111f,0.19123707111778415f,3.8268009271125876f,-0.06582082458479471f,0.19030625696785836f,-0.9795157720066897f,2.3578233564800675f,0f,0f,0f,1f], start_interpolation: 0, interpolation_duration: 1 }
$data merge entity $(bone_jaw_right_tooth1) { transformation: [-0.9977987078954281f,0.01964129653936507f,0.06334001888590346f,-0.6347978121657698f,-0.008084403081957802f,0.911980926758292f,-0.41015293690999566f,3.399880526467417f,-0.06582082458479471f,-0.4097621367322015f,-0.9098146021864225f,2.7865919732472935f,0f,0f,0f,1f], start_interpolation: 0, interpolation_duration: 1 }
$data merge entity $(bone_jaw_left_tooth1) { transformation: [-0.9977987078954281f,0.01964129653936507f,0.06334001888590346f,-0.0014294917243360128f,-0.008084403081957802f,0.911980926758292f,-0.41015293690999566f,3.4050122276424877f,-0.06582082458479471f,-0.4097621367322015f,-0.9098146021864225f,2.828372770102876f,0f,0f,0f,1f], start_interpolation: 0, interpolation_duration: 1 }
$data merge entity $(bone_tongue1) { transformation: [-0.9977987078954281f,-0.003706421938227249f,0.06621178866810434f,-0.27115473697847003f,-0.008084403081957802f,0.9977884665420457f,-0.06597589304042004f,3.3424207844749296f,-0.06582082458479471f,-0.0663659436163487f,-0.9956220068775546f,2.1029946751947626f,0f,0f,0f,1f], start_interpolation: 0, interpolation_duration: 1 }
$data merge entity $(bone_jaw_lips1) { transformation: [-0.9977987078954281f,-0.003706421938227249f,0.06621178866810434f,-0.2737458094422112f,-0.008084403081957802f,0.9977884665420457f,-0.06597589304042004f,3.282303187039781f,-0.06582082458479471f,-0.0663659436163487f,-0.9956220068775546f,2.8914914613374005f,0f,0f,0f,1f], start_interpolation: 0, interpolation_duration: 1 }
$data merge entity $(bone_jaw3) { transformation: [-0.9977987078954281f,0.008344022258252485f,0.06578841702585395f,-0.2229597456910129f,-0.008084403081957802f,0.9693481973299849f,-0.24555796619111514f,3.019463540610031f,-0.06582082458479471f,-0.24554928146028515f,-0.9671469223573611f,2.1538925714930675f,0f,0f,0f,1f], start_interpolation: 0, interpolation_duration: 1 }
$data merge entity $(bone_jaw1) { transformation: [-0.9977987078954281f,-0.04061932108132802f,0.052419550523691655f,-0.1820069718443788f,-0.008084403081957802f,0.8590683867311024f,0.5117969805948734f,3.419304931699776f,-0.06582082458479471f,0.5102465851665376f,-0.8575057092386412f,1.483966236150379f,0f,0f,0f,1f], start_interpolation: 0, interpolation_duration: 1 }
$data merge entity $(bone_tear_right1) { transformation: [-0.9977987078954281f,-0.0259246549304728f,0.06103810931663753f,-0.8157616510808178f,-0.008084403081957802f,0.9611082301932916f,0.2760536402250969f,3.885641798459182f,-0.06582082458479471f,0.2749525088473546f,-0.9592021355947469f,2.2803353213539874f,0f,0f,0f,1f], start_interpolation: 0, interpolation_duration: 1 }
$data merge entity $(bone_right_pupil1) { transformation: [-0.9977987078954281f,-0.0259246549304728f,0.06103810931663753f,-0.6610920070816834f,-0.008084403081957802f,0.9611082301932916f,0.2760536402250969f,3.96462766616166f,-0.06582082458479471f,0.2749525088473546f,-0.9592021355947469f,2.373995276446026f,0f,0f,0f,1f], start_interpolation: 0, interpolation_duration: 1 }
$data merge entity $(bone_right_sad_pupil1) { transformation: [-0.9977987078954281f,-0.0259246549304728f,0.06103810931663753f,-0.660495931795388f,-0.008084403081957802f,0.9611082301932916f,0.2760536402250969f,3.967323502491983f,-0.06582082458479471f,0.2749525088473546f,-0.9592021355947469f,2.3646280680906084f,0f,0f,0f,1f], start_interpolation: 0, interpolation_duration: 1 }
$data merge entity $(bone_right_happy_pupil1) { transformation: [-0.9977987078954281f,-0.0259246549304728f,0.06103810931663753f,-0.6842230219559613f,-0.008084403081957802f,0.9611082301932916f,0.2760536402250969f,3.9436618758413595f,-0.06582082458479471f,0.2749525088473546f,-0.9592021355947469f,2.3563085131215296f,0f,0f,0f,1f], start_interpolation: 0, interpolation_duration: 1 }
$data merge entity $(bone_eyelid_right1) { transformation: [-0.9977987078954281f,-0.0259246549304728f,0.06103810931663753f,-0.25427707511553577f,-0.008084403081957802f,0.9611082301932916f,0.2760536402250969f,4.058225754812732f,-0.06582082458479471f,0.2749525088473546f,-0.9592021355947469f,1.9075893427859882f,0f,0f,0f,1f], start_interpolation: 0, interpolation_duration: 1 }
$data merge entity $(bone_eyelid_expressions_right5) { transformation: [-0.9977987078954281f,-0.0259246549304728f,0.06103810931663753f,-0.7750847966444456f,-0.008084403081957802f,0.9611082301932916f,0.2760536402250969f,4.06027381426143f,-0.06582082458479471f,0.2749525088473546f,-0.9592021355947469f,2.384086932465753f,0f,0f,0f,1f], start_interpolation: 0, interpolation_duration: 1 }
$data merge entity $(bone_eyelid_expressions_right7) { transformation: [-0.9977987078954281f,-0.0259246549304728f,0.06103810931663753f,-0.482760956440707f,-0.008084403081957802f,0.9611082301932916f,0.2760536402250969f,4.062642291726847f,-0.06582082458479471f,0.2749525088473546f,-0.9592021355947469f,2.4033703771683297f,0f,0f,0f,1f], start_interpolation: 0, interpolation_duration: 1 }
$data merge entity $(bone_eyelid_expressions_right6) { transformation: [-0.9977987078954281f,-0.0259246549304728f,0.06103810931663753f,-0.5802022365086199f,-0.008084403081957802f,0.9611082301932916f,0.2760536402250969f,4.061852799238375f,-0.06582082458479471f,0.2749525088473546f,-0.9592021355947469f,2.396942562267471f,0f,0f,0f,1f], start_interpolation: 0, interpolation_duration: 1 }
$data merge entity $(bone_right_eye1) { transformation: [-0.9977987078954281f,-0.0259246549304728f,0.06103810931663753f,-0.26461727840862237f,-0.008084403081957802f,0.9611082301932916f,0.2760536402250969f,4.055450969233561f,-0.06582082458479471f,0.2749525088473546f,-0.9592021355947469f,1.9163137696513197f,0f,0f,0f,1f], start_interpolation: 0, interpolation_duration: 1 }
$data merge entity $(bone_tear_left1) { transformation: [-0.9977987078954281f,-0.0259246549304728f,0.06103810931663753f,0.23660417365264153f,-0.008084403081957802f,0.9611082301932916f,0.2760536402250969f,3.8941683173346844f,-0.06582082458479471f,0.2749525088473546f,-0.9592021355947469f,2.349755722283263f,0f,0f,0f,1f], start_interpolation: 0, interpolation_duration: 1 }
$data merge entity $(bone_left_sad_pupil1) { transformation: [-0.9977987078954281f,-0.0259246549304728f,0.06103810931663753f,0.07031366871395867f,-0.008084403081957802f,0.9611082301932916f,0.2760536402250969f,3.9732446961555263f,-0.06582082458479471f,0.2749525088473546f,-0.9592021355947469f,2.41283667984705f,0f,0f,0f,1f], start_interpolation: 0, interpolation_duration: 1 }
$data merge entity $(bone_left_pupil1) { transformation: [-0.9977987078954281f,-0.0259246549304728f,0.06103810931663753f,0.06971759342766337f,-0.008084403081957802f,0.9611082301932916f,0.2760536402250969f,3.9705488598252034f,-0.06582082458479471f,0.2749525088473546f,-0.9592021355947469f,2.4222038882024677f,0f,0f,0f,1f], start_interpolation: 0, interpolation_duration: 1 }
$data merge entity $(bone_eyelid_left1) { transformation: [-0.9977987078954281f,-0.0259246549304728f,0.06103810931663753f,-0.2737653311291184f,-0.008084403081957802f,0.9611082301932916f,0.2760536402250969f,4.058067856315037f,-0.06582082458479471f,0.2749525088473546f,-0.9592021355947469f,1.9063037798058164f,0f,0f,0f,1f], start_interpolation: 0, interpolation_duration: 1 }
$data merge entity $(bone_left_happy_pupil1) { transformation: [-0.9977987078954281f,-0.0259246549304728f,0.06103810931663753f,0.09530721858734192f,-0.008084403081957802f,0.9611082301932916f,0.2760536402250969f,3.9499778157491394f,-0.06582082458479471f,0.2749525088473546f,-0.9592021355947469f,2.4077310323284005f,0f,0f,0f,1f], start_interpolation: 0, interpolation_duration: 1 }
$data merge entity $(bone_eyelid_expressions_left5) { transformation: [-0.9977987078954281f,-0.0259246549304728f,0.06103810931663753f,0.1798397480211007f,-0.008084403081957802f,0.9611082301932916f,0.2760536402250969f,4.068010840648459f,-0.06582082458479471f,0.2749525088473546f,-0.9592021355947469f,2.44707951849417f,0f,0f,0f,1f], start_interpolation: 0, interpolation_duration: 1 }
$data merge entity $(bone_eyelid_expressions_left7) { transformation: [-0.9977987078954281f,-0.0259246549304728f,0.06103810931663753f,-0.11248409218263798f,-0.008084403081957802f,0.9611082301932916f,0.2760536402250969f,4.065642363183042f,-0.06582082458479471f,0.2749525088473546f,-0.9592021355947469f,2.4277960737915936f,0f,0f,0f,1f], start_interpolation: 0, interpolation_duration: 1 }
$data merge entity $(bone_eyelid_expressions_left6) { transformation: [-0.9977987078954281f,-0.0259246549304728f,0.06103810931663753f,-0.01504281211472508f,-0.008084403081957802f,0.9611082301932916f,0.2760536402250969f,4.066431855671515f,-0.06582082458479471f,0.2749525088473546f,-0.9592021355947469f,2.4342238886924523f,0f,0f,0f,1f], start_interpolation: 0, interpolation_duration: 1 }
$data merge entity $(bone_left_eye1) { transformation: [-0.9977987078954281f,-0.0259246549304728f,0.06103810931663753f,-0.26461727840862237f,-0.008084403081957802f,0.9611082301932916f,0.2760536402250969f,4.055450969233561f,-0.06582082458479471f,0.2749525088473546f,-0.9592021355947469f,1.9163137696513197f,0f,0f,0f,1f], start_interpolation: 0, interpolation_duration: 1 }
$data merge entity $(bone_crest_middle5) { transformation: [-0.9977987078954281f,-0.012099072278577941f,0.06520238471261329f,-0.32115978877610374f,-0.008084403081957802f,0.9980750708643443f,0.06148817240691534f,5.099104425153542f,-0.06582082458479471f,0.06082569661854961f,-0.9959758298682985f,2.6452734700648173f,0f,0f,0f,1f], start_interpolation: 0, interpolation_duration: 1 }
$data merge entity $(bone_crest_middle4) { transformation: [-0.9977987078954281f,-0.012099072278577941f,0.06520238471261329f,-0.31407048861287445f,-0.008084403081957802f,0.9980750708643443f,0.06148817240691534f,4.5142948133189655f,-0.06582082458479471f,0.06082569661854961f,-0.9959758298682985f,2.6096334134523858f,0f,0f,0f,1f], start_interpolation: 0, interpolation_duration: 1 }
$data merge entity $(bone_crest_middle1) { transformation: [-0.9977987078954281f,-0.012099072278577941f,0.06520238471261329f,-0.3135290991527661f,-0.008084403081957802f,0.9980750708643443f,0.06148817240691534f,4.071184056975519f,-0.06582082458479471f,0.06082569661854961f,-0.9959758298682985f,2.655851130712191f,0f,0f,0f,1f], start_interpolation: 0, interpolation_duration: 1 }
$data merge entity $(bone_crest_left5) { transformation: [-0.5142522227571688f,-0.8401785149970751f,0.1721764046744521f,-1.270273003851224f,-0.8149342064550378f,0.5412574215077588f,0.20717780482539658f,4.531653704505f,-0.26725809723712585f,-0.033770795076245114f,-0.9630330434938924f,2.5111641281745043f,0f,0f,0f,1f], start_interpolation: 0, interpolation_duration: 1 }
$data merge entity $(bone_crest_left4) { transformation: [-0.5142522227571688f,-0.8401785149970751f,0.1721764046744521f,-0.8600295883253084f,-0.8149342064550378f,0.5412574215077588f,0.20717780482539658f,4.267367854159414f,-0.26725809723712585f,-0.033770795076245114f,-0.9630330434938924f,2.527653774207827f,0f,0f,0f,1f], start_interpolation: 0, interpolation_duration: 1 }
$data merge entity $(bone_crest_left1) { transformation: [-0.5142522227571688f,-0.8401785149970751f,0.1721764046744521f,-0.4003547802373066f,-0.8149342064550378f,0.5412574215077588f,0.20717780482539658f,3.9867695225305106f,-0.26725809723712585f,-0.033770795076245114f,-0.9630330434938924f,2.498769287017632f,0f,0f,0f,1f], start_interpolation: 0, interpolation_duration: 1 }
$data merge entity $(bone_crest_center1) { transformation: [-0.9977987078954281f,-0.0259246549304728f,0.06103810931663753f,-0.30228058212508485f,-0.008084403081957802f,0.9611082301932916f,0.2760536402250969f,3.9640947589641016f,-0.06582082458479471f,0.2749525088473546f,-0.9592021355947469f,2.4984844801056187f,0f,0f,0f,1f], start_interpolation: 0, interpolation_duration: 1 }
$data merge entity $(bone_crest_right5) { transformation: [-0.5579814871651919f,0.8284923793982482f,-0.04750828622408586f,0.6463758391557115f,0.8062467132357303f,0.554777391031348f,0.2053978670703106f,4.5471828505049166f,0.19652709069617547f,0.07630480770881873f,-0.9775247715239842f,2.63759785302097f,0f,0f,0f,1f], start_interpolation: 0, interpolation_duration: 1 }
$data merge entity $(bone_crest_right4) { transformation: [-0.5579814871651919f,0.8284923793982482f,-0.04750828622408586f,0.24183854452766063f,0.8062467132357303f,0.554777391031348f,0.2053978670703106f,4.276295452540391f,0.19652709069617547f,0.07630480770881873f,-0.9775247715239842f,2.600339646131898f,0f,0f,0f,1f], start_interpolation: 0, interpolation_duration: 1 }
$data merge entity $(bone_crest_right1) { transformation: [-0.5579814871651919f,0.8284923793982482f,-0.04750828622408586f,-0.20547222010148075f,0.8062467132357303f,0.554777391031348f,0.2053978670703106f,3.9883485075074554f,0.19652709069617547f,0.07630480770881873f,-0.9775247715239842f,2.5116249168193496f,0f,0f,0f,1f], start_interpolation: 0, interpolation_duration: 1 }
$data merge entity $(bone_head1) { transformation: [-0.9977987078954281f,-0.0259246549304728f,0.06103810931663753f,-0.23056728537085452f,-0.008084403081957802f,0.9611082301932916f,0.2760536402250969f,4.156792854598931f,-0.06582082458479471f,0.2749525088473546f,-0.9592021355947469f,1.3876918946322976f,0f,0f,0f,1f], start_interpolation: 0, interpolation_duration: 1 }
$data merge entity $(bone_neck10) { transformation: [-1.289443046935376f,-0.03927836907748492f,0.17667723502780586f,-0.09290124469029735f,0.023899469913966118f,1.222969729089635f,0.44631251832398866f,4.107899605177883f,-0.17940582764305377f,0.4452227065160559f,-1.2103765106588418f,0.391731818833056f,0f,0f,0f,1f], start_interpolation: 0, interpolation_duration: 1 }
$data merge entity $(bone_neck9) { transformation: [-0.9902922600463688f,-0.04642538514402228f,0.13101878989856394f,-0.040360169307191114f,0.01835479289392598f,0.8906464923463722f,0.4543257941707966f,2.9550121737727806f,-0.1377836756298653f,0.45232014026056044f,-0.8811481994787207f,-0.13947791980443686f,0f,0f,0f,1f], start_interpolation: 0, interpolation_duration: 1 }
$data merge entity $(bone_neck8) { transformation: [-0.9905715758831287f,0.028494935836451865f,0.13399996897048624f,-0.06446385849541839f,0.00990072539757518f,0.9904618395111044f,-0.13743114679315294f,2.3127784814845325f,-0.1366379474707396f,-0.1348086907582589f,-0.9814054657515556f,-0.011271588549980172f,0f,0f,0f,1f], start_interpolation: 0, interpolation_duration: 1 }
$data merge entity $(bone_neck7) { transformation: [-0.9911960193339593f,0.05254516830222388f,0.12152965294365117f,-0.11005016384601164f,0f,0.9178795835052268f,-0.3968590054216631f,1.5726140610505581f,-0.13240261045958776f,-0.3933650664107867f,-0.9097985893982932f,0.32999784898457574f,0f,0f,0f,1f], start_interpolation: 0, interpolation_duration: 1 }
$data merge entity $(bone_neck6) { transformation: [-0.9911960193339593f,0.03426831720823152f,0.12789110091100694f,-0.13617622853225503f,0f,0.9659258262890684f,-0.25881904510252074f,0.8017114877620335f,-0.13240261045958776f,-0.2565404072334351f,-0.9574218339895899f,0.5255835041916537f,0f,0f,0f,1f], start_interpolation: 0, interpolation_duration: 1 }
$data merge entity $(bone_neck_spine6) { transformation: [-1.1031284662174035f,0.023426434830404054f,-0.0866052347686742f,0.18701100248864605f,-0.08884125548493288f,-0.1362576917189886f,1.0947523693916517f,0.7126169324503594f,0.0125098306168079f,1.0981014165895204f,0.13768972561302034f,-1.7520386368154224f,0f,0f,0f,1f], start_interpolation: 0, interpolation_duration: 1 }
$data merge entity $(bone_neck_spine7) { transformation: [-0.847571357021782f,0.42216175334900763f,-0.3215622004613513f,-0.5363964326508449f,-0.20268394415257374f,0.3024885011335304f,0.931353813255063f,1.025010861617501f,0.49045082683079566f,0.8545643104478924f,-0.17081518015008845f,-4.780977870396894f,0f,0f,0f,1f], start_interpolation: 0, interpolation_duration: 1 }
$data merge entity $(bone_tail6) { transformation: [-0.8132586001541664f,0.7776182991802142f,-0.9879850766784809f,-2.30879990779762f,-0.7061534530335665f,0.6910396188647008f,1.1251692439860452f,-0.6675556043550251f,1.0402653660139243f,1.0770182485099442f,-0.00859897275933724f,-7.249812287097975f,0f,0f,0f,1f], start_interpolation: 0, interpolation_duration: 1 }
$data merge entity $(bone_tail5) { transformation: [-0.6718223218664854f,0.6423803341053944f,-0.8161615850822235f,-1.9030860125731597f,-0.5833441568538158f,0.5708588155838833f,0.9294876363362983f,-0.30701319451257214f,0.8593496501854158f,0.889710727029954f,-0.007103499235974243f,-6.687889722658004f,0f,0f,0f,1f], start_interpolation: 0, interpolation_duration: 1 }
$data merge entity $(bone_tail4) { transformation: [-0.5431153086246955f,0.5193137858873083f,-0.659802207729629f,-1.70022906496093f,-0.47158769733024264f,0.4614942845983393f,0.7514173733750285f,-0.12674198959134586f,0.6947163487814729f,0.7192608824831628f,-0.005742618329713914f,-6.406928440438018f,0f,0f,0f,1f], start_interpolation: 0, interpolation_duration: 1 }
$data merge entity $(bone_segment18) { transformation: [-0.5431153086246955f,0.5193137858873083f,-0.659802207729629f,-1.4466578804456427f,-0.47158769733024264f,0.4614942845983393f,0.7514173733750285f,0.09859701656018699f,0.6947163487814729f,0.7192608824831628f,-0.005742618329713914f,-6.055726837663037f,0f,0f,0f,1f], start_interpolation: 0, interpolation_duration: 1 }
$data merge entity $(bone_segment17) { transformation: [-0.5431153086246955f,0.5193137858873083f,-0.659802207729629f,-1.1170153405757692f,-0.47158769733024264f,0.4614942845983393f,0.7514173733750285f,0.3915377245571797f,0.6947163487814729f,0.7192608824831628f,-0.005742618329713914f,-5.59916475405556f,0f,0f,0f,1f], start_interpolation: 0, interpolation_duration: 1 }
$data merge entity $(bone_segment16) { transformation: [-0.6842345660056501f,0.6498113107206239f,-0.33101105592201013f,-0.5776211861690015f,-0.18145695135171747f,0.2879185411623543f,0.9403064864506053f,0.6305326073579621f,0.706326010769248f,0.7034544577401486f,-0.07909103865997555f,-5.015242596751726f,0f,0f,0f,1f], start_interpolation: 0, interpolation_duration: 1 }
$data merge entity $(bone_segment15) { transformation: [-0.847571357021782f,0.49100336209575435f,-0.20134173230336572f,-0.07415094183253462f,-0.20268394415257374f,0.051129350801080276f,0.9779084866537444f,0.6829601643317261f,0.49045082683079566f,0.8696559595019893f,0.05618272477962735f,-4.1235055289030065f,0f,0f,0f,1f], start_interpolation: 0, interpolation_duration: 1 }
$data merge entity $(bone_segment14) { transformation: [-0.9619869897774678f,0.2592405898336489f,-0.08587984677203161f,0.19167192860235915f,-0.14559229974070154f,-0.2207825271458816f,0.9643951254352605f,0.4565718308325312f,0.23104959154930255f,0.940239008066449f,0.2501333523445455f,-3.159393264772371f,0f,0f,0f,1f], start_interpolation: 0, interpolation_duration: 1 }
$data merge entity $(bone_segment13) { transformation: [-0.9967090141823126f,0.03443294193580943f,-0.07338605833104565f,0.23045206932904652f,-0.08027068730873935f,-0.29300499740957076f,0.9527353715759692f,0.11856052559365604f,0.011302999898480548f,0.955490682321216f,0.29480467803383353f,-2.1401845460809756f,0f,0f,0f,1f], start_interpolation: 0, interpolation_duration: 1 }
$data merge entity $(bone_segment12) { transformation: [-0.9923484116679723f,-0.09543544262548857f,-0.07833713136776015f,0.11861366000230208f,-0.06585494796187887f,-0.12756879849502883f,0.9896410093965756f,-0.03093416014270589f,-0.10444020149822987f,0.9872275715058874f,0.12030779845711287f,-0.9832772357225135f,0f,0f,0f,1f], start_interpolation: 0, interpolation_duration: 1 }
$data merge entity $(bone_segment11) { transformation: [-1.02317819004974f,-0.15464051645678867f,-0.02722432718320104f,-0.054454713112892544f,-0.07826601272889072f,0.3466864140737589f,0.9722301288595524f,0.37014939209000286f,-0.13612231474714725f,0.9630385780853841f,-0.3543668642257948f,0.13041939770182154f,0f,0f,0f,1f], start_interpolation: 0, interpolation_duration: 1 }
$data merge entity $(bone_segment10) { transformation: [-0.9922145825922509f,-0.10095559443661424f,0.0729259216138895f,-0.14697349297352674f,-0.048105967517147165f,0.8507969169447382f,0.523288087009983f,1.1553398181564667f,-0.11487400916014237f,0.5157058988117919f,-0.8490296743637396f,0.6064142785754503f,0f,0f,0f,1f], start_interpolation: 0, interpolation_duration: 1 }