# This file was generated by Animated Java via MC-Build. It is not recommended to edit this file directly.
$data merge entity $(bone_neck_spine5) { transformation: [-1.3661372730517753f,-0.04761748761553236f,-0.02455984951285879f,0.16553418036022516f,-0.049028328356223796f,1.3637820798263545f,0.08304409623415382f,3.6571143838865434f,0.0216063498422096f,0.08386103847399996f,-1.364442066204648f,-0.6684172979429437f,0f,0f,0f,1f], start_interpolation: 0, interpolation_duration: 1 }
$data merge entity $(bone_neck_spine2) { transformation: [-1.3010831171921666f,-0.04698658138868242f,-0.019899504299443874f,0.04093422504463929f,-0.046693646053546464f,1.3011041361865043f,-0.019202530068716216f,5.020948142895491f,0.020577476040199615f,-0.0184741687828858f,-1.3017896448781734f,0.7274802368058859f,0f,0f,0f,1f], start_interpolation: 0, interpolation_duration: 1 }
$data merge entity $(bone_scale_neck_left1) { transformation: [-1.3949479606326178f,0.3221672008685484f,0.0422835690807015f,0.7518499377133063f,0.31835726628425143f,1.3178089141813791f,0.46204732994671605f,4.261492672111503f,0.0650250454340195f,0.4593989320747225f,-1.3550585902748582f,0.6984513077456214f,0f,0f,0f,1f], start_interpolation: 0, interpolation_duration: 1 }
$data merge entity $(bone_scale_neck_right1) { transformation: [-1.3699015664655028f,-0.40111115003678366f,-0.11806338092019801f,-0.6142873353384688f,-0.41758298330703797f,1.2918516921798748f,0.4562927523719446f,4.212464343755279f,-0.02129715123045821f,0.4708380497909439f,-1.3525225989318275f,0.720057657587831f,0f,0f,0f,1f], start_interpolation: 0, interpolation_duration: 1 }
$data merge entity $(bone_blush_right1) { transformation: [-0.9988161340935593f,-0.033782168177708974f,-0.035001362653616176f,-0.46372323835898743f,-0.03761143064473192f,0.992624212274059f,0.11524996092042815f,3.9262003826298613f,0.030849806470276138f,0.11642997174489333f,-0.9927196739866849f,1.9461555722471404f,0f,0f,0f,1f], start_interpolation: 0, interpolation_duration: 1 }
$data merge entity $(bone_blush_left1) { transformation: [-0.9988161340935593f,-0.033782168177708974f,-0.035001362653616176f,0.6872562911628876f,-0.03761143064473192f,0.992624212274059f,0.11524996092042815f,3.9695416796618765f,0.030849806470276138f,0.11642997174489333f,-0.9927196739866849f,1.9106059905724082f,0f,0f,0f,1f], start_interpolation: 0, interpolation_duration: 1 }
$data merge entity $(bone_left_head_scales) { transformation: [-0.8697989006275346f,-0.033782168177708974f,-0.49224855264423584f,0.6636032394994688f,-0.08657825606360811f,0.992624212274059f,0.08486093791779585f,4.639384783770017f,0.48575104533507324f,0.11642997174489333f,-0.8663082497791228f,1.644901984394809f,0f,0f,0f,1f], start_interpolation: 0, interpolation_duration: 1 }
$data merge entity $(bone_left_head_scales2) { transformation: [-0.7981063212532751f,-0.033782168177708974f,-0.6015688365339223f,0.6951227111207672f,-0.09691414217560229f,0.992624212274059f,0.07283421073692527f,3.847014799436705f,0.5946712949369014f,0.11642997174489333f,-0.795493628294754f,1.6993589899632542f,0f,0f,0f,1f], start_interpolation: 0, interpolation_duration: 1 }
$data merge entity $(bone_left_head_scales1) { transformation: [-0.9988161340935593f,-0.033782168177708974f,-0.035001362653616176f,0.6669022793605731f,-0.03761143064473192f,0.992624212274059f,0.11524996092042815f,4.542448825540128f,0.030849806470276138f,0.11642997174489333f,-0.9927196739866849f,1.6335318699665966f,0f,0f,0f,1f], start_interpolation: 0, interpolation_duration: 1 }
$data merge entity $(bone_right_head_scales) { transformation: [-0.9021225619608222f,-0.033782168177708974f,0.4301553769447215f,-0.506884417641421f,0.019854763197190983f,0.992624212274059f,0.11959498980177709f,4.595308888483221f,-0.4310228202539002f,0.11642997174489333f,-0.8947979604915612f,1.6810541013521638f,0f,0f,0f,1f], start_interpolation: 0, interpolation_duration: 1 }
$data merge entity $(bone_right_head_scales2) { transformation: [-0.8382582349698586f,-0.033782168177708974f,0.5442259609927022f,-0.4753649460201226f,0.03529518157307071f,0.992624212274059f,0.11598027144746499f,3.8029389041499098f,-0.5441299308648085f,0.11642997174489333f,-0.8308830724094349f,1.735511106920609f,0f,0f,0f,1f], start_interpolation: 0, interpolation_duration: 1 }
$data merge entity $(bone_right_head_scales1) { transformation: [-0.9988161340935593f,-0.033782168177708974f,-0.035001362653616176f,-0.5035853777803166f,-0.03761143064473192f,0.992624212274059f,0.11524996092042815f,4.498372930253333f,0.030849806470276138f,0.11642997174489333f,-0.9927196739866849f,1.6696839869239515f,0f,0f,0f,1f], start_interpolation: 0, interpolation_duration: 1 }
$data merge entity $(bone_head_left_fin1) { transformation: [-0.6779844032939392f,-0.022787708579421185f,-0.7347229880899746f,0.6767101028544812f,0.14700866122218995f,0.9751234305504543f,-0.1658998153018043f,4.1873804156046015f,0.7202260772950538f,-0.22048813013224278f,-0.6577684866691064f,1.5181853269729935f,0f,0f,0f,1f], start_interpolation: 0, interpolation_duration: 1 }
$data merge entity $(bone_head_right_fin1) { transformation: [-0.7081154747574946f,-0.06417280097520255f,0.703174463432771f,-0.49377755428640857f,-0.19920365252288066f,0.9735650330844557f,-0.11175433404036657f,4.143304520317806f,-0.6774144811195814f,-0.21920989478182668f,-0.7021799219567796f,1.5543374439303483f,0f,0f,0f,1f], start_interpolation: 0, interpolation_duration: 1 }
$data merge entity $(bone_right_whisker16) { transformation: [0.2665879088457208f,0.9442792649728066f,-0.1930480681065769f,-0.920438626185526f,0.932094782718286f,-0.3035507064596386f,-0.1976266293726754f,1.8049738893768847f,-0.24521460577750306f,-0.12725422723929483f,-0.9610807243739277f,1.8767141160244385f,0f,0f,0f,1f], start_interpolation: 0, interpolation_duration: 1 }
$data merge entity $(bone_right_whisker15) { transformation: [-0.9014041203255897f,0.38756038917872904f,-0.1930480681065769f,-0.6563553878088884f,0.4226165708621926f,0.8844992647794998f,-0.1976266293726754f,1.6811604408821017f,0.09415862091561555f,-0.2597267705573604f,-0.9610807243739277f,1.8491285825530668f,0f,0f,0f,1f], start_interpolation: 0, interpolation_duration: 1 }
$data merge entity $(bone_right_whisker14) { transformation: [-0.7321988411175416f,-0.6531594755237401f,-0.1930480681065769f,-0.44184400857523365f,-0.6230230907372576f,0.7568262308951701f,-0.1976266293726754f,1.8636867369965326f,0.27518554735727596f,-0.024428584948022723f,-0.9610807243739277f,1.7685078167257398f,0f,0f,0f,1f], start_interpolation: 0, interpolation_duration: 1 }
$data merge entity $(bone_right_whisker13) { transformation: [-0.07297458246534917f,-0.9966815711435202f,0.036063223051912036f,-0.4204647363685884f,-0.9973326690920169f,0.07298125099964423f,-0.0011332097421875853f,2.1558740423945846f,-0.0015024898671291143f,-0.036049726010206104f,-0.9993488679028901f,1.7689479993040003f,0f,0f,0f,1f], start_interpolation: 0, interpolation_duration: 1 }
$data merge entity $(bone_right_whisker12) { transformation: [0.11059644039809458f,-0.9925558545027262f,0.05100297112555169f,-0.4636664708990941f,-0.9718139412245781f,-0.0972499136327716f,0.2147559497196067f,2.5354888631854355f,-0.20819724064651415f,-0.07331664197698654f,-0.9753351111266301f,1.850275046431545f,0f,0f,0f,1f], start_interpolation: 0, interpolation_duration: 1 }
$data merge entity $(bone_right_whisker11) { transformation: [0.3028325195164351f,-0.9495182753285676f,0.08189938913319675f,-0.5819604238352015f,-0.9468645891373213f,-0.3095259199602476f,-0.08741369864371257f,2.905357843317202f,0.10835088814190416f,-0.05107592084167617f,-0.9927997458445663f,1.8079504807511135f,0f,0f,0f,1f], start_interpolation: 0, interpolation_duration: 1 }
$data merge entity $(bone_right_whisker10) { transformation: [0.05532049669945813f,-0.9796391036834239f,0.19299447966007588f,-0.6035699928584274f,-0.9396219007872024f,-0.11645519606648409f,-0.32179010374801953f,3.272397648312203f,0.3377133787784691f,-0.16354025144732706f,-0.9269327159781208f,1.676031192165774f,0f,0f,0f,1f], start_interpolation: 0, interpolation_duration: 1 }
$data merge entity $(bone_right_whisker1) { transformation: [-0.3232049504922208f,-0.9321407953128824f,0.16325470189488667f,-0.47731805907240366f,-0.9462339942984966f,0.31588287843800217f,-0.06970821431965424f,3.642020302335053f,0.013408505182668617f,-0.177007188620094f,-0.9841182180843808f,1.6707934948287941f,0f,0f,0f,1f], start_interpolation: 0, interpolation_duration: 1 }
$data merge entity $(bone_left_whisker16) { transformation: [0.24872994674661092f,-0.8827328002654532f,0.3986429692430799f,1.1557696045959092f,-0.9209719853439519f,-0.34298556163024274f,-0.18485536704355368f,1.8497874800710457f,0.29990667849023994f,-0.32115994122663893f,-0.8982829600678477f,2.097067690604458f,0f,0f,0f,1f], start_interpolation: 0, interpolation_duration: 1 }
$data merge entity $(bone_left_whisker15) { transformation: [-0.8427151259493664f,-0.3618217787381016f,0.3986429692430799f,0.9088804075404306f,-0.46026223899200147f,0.8683243429924459f,-0.18485536704355368f,1.7149450272413578f,-0.27926669664357195f,-0.33926071950276454f,-0.8982829600678477f,2.0152512755721617f,0f,0f,0f,1f], start_interpolation: 0, interpolation_duration: 1 }
$data merge entity $(bone_left_whisker14) { transformation: [-0.684068697261109f,0.6108467897112576f,0.3986429692430799f,0.7084696563897152f,0.5924538863398547f,0.7841089757399768f,-0.18485536704355368f,1.888515501754987f,-0.42549783781858574f,0.10972380627491385f,-0.8982829600678477f,1.8905937058987479f,0f,0f,0f,1f], start_interpolation: 0, interpolation_duration: 1 }
$data merge entity $(bone_left_whisker13) { transformation: [-0.11415204847492996f,0.9780198630166566f,0.174489132537981f,0.6750266734380755f,0.9932936636962152f,0.11560388417373628f,0.0018546225750174783f,2.1795195047909877f,-0.01835776375073042f,0.17353065869991172f,-0.9846573530935763f,1.8852154547999012f,0f,0f,0f,1f], start_interpolation: 0, interpolation_duration: 1 }
$data merge entity $(bone_left_whisker12) { transformation: [0.022885691228760205f,0.9890720310241706f,0.14564601808049427f,0.68396639657431f,0.9746950653445126f,-0.05447777755626873f,0.2167987577122767f,2.560259764691188f,0.22236405898894393f,0.13699886568235345f,-0.9652903895055158f,1.9720764153424575f,0f,0f,0f,1f], start_interpolation: 0, interpolation_duration: 1 }
$data merge entity $(bone_left_whisker11) { transformation: [0.2781419136397569f,0.9514236418482751f,0.13202321617419785f,0.79261558158984f,0.9594045406052121f,-0.268495337503846f,-0.08633180876593519f,2.935027163365099f,-0.0466905059184006f,0.1506761675609677f,-0.9874799690050545f,1.9538379364680822f,0f,0f,0f,1f], start_interpolation: 0, interpolation_duration: 1 }
$data merge entity $(bone_left_whisker10) { transformation: [0.08479950356367529f,0.9962035575071675f,0.019685431298753817f,0.8257403876694007f,0.9426462989408957f,-0.07380793025667097f,-0.3255308657013308f,3.3032483738888865f,-0.322842065549683f,0.046161254762951846f,-0.9453264723207134f,1.8277277546127373f,0f,0f,0f,1f], start_interpolation: 0, interpolation_duration: 1 }
$data merge entity $(bone_left_whisker1) { transformation: [-0.3532713776860558f,0.9341849837936183f,0.0499774925572839f,0.6877437557607852f,0.9316326971666283f,0.3561662942952651f,-0.07215322846562044f,3.6671673962196008f,-0.08520476088710999f,0.021070995764220918f,-0.9961406335752372f,1.79444464489121f,0f,0f,0f,1f], start_interpolation: 0, interpolation_duration: 1 }
$data merge entity $(bone_upper_left_tooth1) { transformation: [-0.9988161340935593f,-0.03670418658793343f,-0.03192386194236434f,0.4001402477723998f,-0.03761143064473192f,0.9988916734105714f,0.028298499534156668f,3.964454835913418f,0.030849806470276138f,0.02946570002471187f,-0.9990896165824167f,2.5799793966430418f,0f,0f,0f,1f], start_interpolation: 0, interpolation_duration: 1 }
$data merge entity $(bone_upper_right_tooth1) { transformation: [-0.9988161340935593f,-0.03670418658793343f,-0.03192386194236434f,-0.18510358079804506f,-0.03761143064473192f,0.9988916734105714f,0.028298499534156668f,3.9424168882700203f,0.030849806470276138f,0.02946570002471187f,-0.9990896165824167f,2.5980554551217194f,0f,0f,0f,1f], start_interpolation: 0, interpolation_duration: 1 }
$data merge entity $(bone_top_lip1) { transformation: [-0.9988161340935593f,-0.04776452938906349f,-0.009213034605289463f,0.12796097259736217f,-0.03761143064473192f,0.8784005493633722f,-0.4764429191025744f,4.061656938143417f,0.030849806470276138f,-0.47553235916219966f,-0.8791571331851773f,2.59142950788338f,0f,0f,0f,1f], start_interpolation: 0, interpolation_duration: 1 }
$data merge entity $(bone_muzzle1) { transformation: [-0.9988161340935593f,-0.03670418658793343f,-0.03192386194236434f,0.10699655955110027f,-0.03761143064473192f,0.9988916734105714f,0.028298499534156668f,4.2217965873413315f,0.030849806470276138f,0.02946570002471187f,-0.9990896165824167f,2.1079090456885545f,0f,0f,0f,1f], start_interpolation: 0, interpolation_duration: 1 }
$data merge entity $(bone_jaw_right_tooth1) { transformation: [-0.9988161340935593f,-0.04773270866580159f,-0.009376502430153788f,-0.17614786830529275f,-0.03761143064473192f,0.8800265035907423f,-0.47343292372067813f,3.7419367157520456f,0.030849806470276138f,-0.472519778952457f,-0.8807799656778461f,2.643591041450731f,0f,0f,0f,1f], start_interpolation: 0, interpolation_duration: 1 }
$data merge entity $(bone_jaw_left_tooth1) { transformation: [-0.9988161340935593f,-0.04773270866580159f,-0.009376502430153788f,0.4578662793126892f,-0.03761143064473192f,0.8800265035907423f,-0.47343292372067813f,3.765811159032393f,0.030849806470276138f,-0.472519778952457f,-0.8807799656778461f,2.6240086447654973f,0f,0f,0f,1f], start_interpolation: 0, interpolation_duration: 1 }
$data merge entity $(bone_tongue1) { transformation: [-0.9988161340935593f,-0.03702094525888258f,-0.03155598020242422f,0.11910860215435638f,-0.03761143064473192f,0.9991243383220347f,0.018328580343620227f,3.7659751580268375f,0.030849806470276138f,0.019493747323047816f,-0.9993339197966071f,1.9443296562701446f,0f,0f,0f,1f], start_interpolation: 0, interpolation_duration: 1 }
$data merge entity $(bone_jaw_lips1) { transformation: [-0.9988161340935593f,-0.03702094525888258f,-0.03155598020242422f,0.1966896448542454f,-0.03761143064473192f,0.9991243383220347f,0.018328580343620227f,3.6412864159077896f,0.030849806470276138f,0.019493747323047816f,-0.9993339197966071f,2.7213637097951646f,0f,0f,0f,1f], start_interpolation: 0, interpolation_duration: 1 }
$data merge entity $(bone_jaw3) { transformation: [-0.9988161340935593f,-0.04537932900646867f,-0.0175227501642762f,0.1863236917931609f,-0.03761143064473192f,0.9488676880440114f,-0.3134254151642284f,3.3269253686691727f,0.030849806470276138f,-0.312395305798495f,-0.9494511374240443f,2.0024856218675766f,0f,0f,0f,1f], start_interpolation: 0, interpolation_duration: 1 }
$data merge entity $(bone_jaw1) { transformation: [-0.9988161340935593f,-0.019697575799971993f,-0.04447848673236678f,0.15157487403349937f,-0.03761143064473192f,0.8925760131235568f,0.4493255402058872f,3.677960946955022f,0.030849806470276138f,0.45046649853686144f,-0.8922601768187833f,1.305407358727902f,0f,0f,0f,1f], start_interpolation: 0, interpolation_duration: 1 }
$data merge entity $(bone_tear_right1) { transformation: [-0.9988161340935593f,-0.033782168177708974f,-0.035001362653616176f,-0.42342326718583767f,-0.03761143064473192f,0.992624212274059f,0.11524996092042815f,4.257183340974899f,0.030849806470276138f,0.11642997174489333f,-0.9927196739866849f,2.071695387135813f,0f,0f,0f,1f], start_interpolation: 0, interpolation_duration: 1 }
$data merge entity $(bone_right_pupil1) { transformation: [-0.9988161340935593f,-0.033782168177708974f,-0.035001362653616176f,-0.26372970522712624f,-0.03761143064473192f,0.992624212274059f,0.11524996092042815f,4.353426795655468f,0.030849806470276138f,0.11642997174489333f,-0.9927196739866849f,2.1362617635206105f,0f,0f,0f,1f], start_interpolation: 0, interpolation_duration: 1 }
$data merge entity $(bone_right_sad_pupil1) { transformation: [-0.9988161340935593f,-0.033782168177708974f,-0.035001362653616176f,-0.2640715154092905f,-0.03761143064473192f,0.992624212274059f,0.11524996092042815f,4.3545522835550825f,0.030849806470276138f,0.11642997174489333f,-0.9927196739866849f,2.1265672354543343f,0f,0f,0f,1f], start_interpolation: 0, interpolation_duration: 1 }
$data merge entity $(bone_right_happy_pupil1) { transformation: [-0.9988161340935593f,-0.033782168177708974f,-0.035001362653616176f,-0.2876316133946686f,-0.03761143064473192f,0.992624212274059f,0.11524996092042815f,4.329400368127773f,0.030849806470276138f,0.11642997174489333f,-0.9927196739866849f,2.124477902694361f,0f,0f,0f,1f], start_interpolation: 0, interpolation_duration: 1 }
$data merge entity $(bone_eyelid_right1) { transformation: [-0.9988161340935593f,-0.033782168177708974f,-0.035001362653616176f,0.09601926420912804f,-0.03761143064473192f,0.992624212274059f,0.11524996092042815f,4.376499727578901f,0.030849806470276138f,0.11642997174489333f,-0.9927196739866849f,1.624556961095368f,0f,0f,0f,1f], start_interpolation: 0, interpolation_duration: 1 }
$data merge entity $(bone_eyelid_expressions_right5) { transformation: [-0.9988161340935593f,-0.033782168177708974f,-0.035001362653616176f,-0.3795419769496882f,-0.03761143064473192f,0.992624212274059f,0.11524996092042815f,4.447264313573558f,0.030849806470276138f,0.11642997174489333f,-0.9927196739866849f,2.141401918117062f,0f,0f,0f,1f], start_interpolation: 0, interpolation_duration: 1 }
$data merge entity $(bone_eyelid_expressions_right7) { transformation: [-0.9988161340935593f,-0.033782168177708974f,-0.035001362653616176f,-0.08692006266446581f,-0.03761143064473192f,0.992624212274059f,0.11524996092042815f,4.458283287395257f,0.030849806470276138f,0.11642997174489333f,-0.9927196739866849f,2.132363888877723f,0f,0f,0f,1f], start_interpolation: 0, interpolation_duration: 1 }
$data merge entity $(bone_eyelid_expressions_right6) { transformation: [-0.9988161340935593f,-0.033782168177708974f,-0.035001362653616176f,-0.18446070075953996f,-0.03761143064473192f,0.992624212274059f,0.11524996092042815f,4.454610296121357f,0.030849806470276138f,0.11642997174489333f,-0.9927196739866849f,2.1353765652908363f,0f,0f,0f,1f], start_interpolation: 0, interpolation_duration: 1 }
$data merge entity $(bone_right_eye1) { transformation: [-0.9988161340935593f,-0.033782168177708974f,-0.035001362653616176f,0.08660701058178485f,-0.03761143064473192f,0.992624212274059f,0.11524996092042815f,4.375006940551898f,0.030849806470276138f,0.11642997174489333f,-0.9927196739866849f,1.6345527568029556f,0f,0f,0f,1f], start_interpolation: 0, interpolation_duration: 1 }
$data merge entity $(bone_tear_left1) { transformation: [-0.9988161340935593f,-0.033782168177708974f,-0.035001362653616176f,0.6300156242409632f,-0.03761143064473192f,0.992624212274059f,0.11524996092042815f,4.296851646733015f,0.030849806470276138f,0.11642997174489333f,-0.9927196739866849f,2.0391584818741935f,0f,0f,0f,1f], start_interpolation: 0, interpolation_duration: 1 }
$data merge entity $(bone_left_sad_pupil1) { transformation: [-0.9988161340935593f,-0.033782168177708974f,-0.035001362653616176f,0.4674832703037657f,-0.03761143064473192f,0.992624212274059f,0.11524996092042815f,4.3820997181093295f,0.030849806470276138f,0.11642997174489333f,-0.9927196739866849f,2.1039721623559875f,0f,0f,0f,1f], start_interpolation: 0, interpolation_duration: 1 }
$data merge entity $(bone_left_pupil1) { transformation: [-0.9988161340935593f,-0.033782168177708974f,-0.035001362653616176f,0.46782508048592986f,-0.03761143064473192f,0.992624212274059f,0.11524996092042815f,4.380974230209715f,0.030849806470276138f,0.11642997174489333f,-0.9927196739866849f,2.113666690422264f,0f,0f,0f,1f], start_interpolation: 0, interpolation_duration: 1 }
$data merge entity $(bone_eyelid_left1) { transformation: [-0.9988161340935593f,-0.033782168177708974f,-0.035001362653616176f,0.07651113659011322f,-0.03761143064473192f,0.992624212274059f,0.11524996092042815f,4.3757651293241215f,0.030849806470276138f,0.11642997174489333f,-0.9927196739866849f,1.6251594963779907f,0f,0f,0f,1f], start_interpolation: 0, interpolation_duration: 1 }
$data merge entity $(bone_left_happy_pupil1) { transformation: [-0.9988161340935593f,-0.033782168177708974f,-0.035001362653616176f,0.49269349136592466f,-0.03761143064473192f,0.992624212274059f,0.11524996092042815f,4.35878429831897f,0.030849806470276138f,0.11642997174489333f,-0.9927196739866849f,2.100376491389458f,0f,0f,0f,1f], start_interpolation: 0, interpolation_duration: 1 }
$data merge entity $(bone_eyelid_expressions_left5) { transformation: [-0.9988161340935593f,-0.033782168177708974f,-0.035001362653616176f,0.5763562763820383f,-0.03761143064473192f,0.992624212274059f,0.11524996092042815f,4.483259628057774f,0.030849806470276138f,0.11642997174489333f,-0.9927196739866849f,2.111877689268556f,0f,0f,0f,1f], start_interpolation: 0, interpolation_duration: 1 }
$data merge entity $(bone_eyelid_expressions_left7) { transformation: [-0.9988161340935593f,-0.033782168177708974f,-0.035001362653616176f,0.2837343620968159f,-0.03761143064473192f,0.992624212274059f,0.11524996092042815f,4.472240654236075f,0.030849806470276138f,0.11642997174489333f,-0.9927196739866849f,2.1209157185078946f,0f,0f,0f,1f], start_interpolation: 0, interpolation_duration: 1 }
$data merge entity $(bone_eyelid_expressions_left6) { transformation: [-0.9988161340935593f,-0.033782168177708974f,-0.035001362653616176f,0.3812750001918901f,-0.03761143064473192f,0.992624212274059f,0.11524996092042815f,4.475913645509975f,0.030849806470276138f,0.11642997174489333f,-0.9927196739866849f,2.1179030420947815f,0f,0f,0f,1f], start_interpolation: 0, interpolation_duration: 1 }
$data merge entity $(bone_left_eye1) { transformation: [-0.9988161340935593f,-0.033782168177708974f,-0.035001362653616176f,0.08660701058178485f,-0.03761143064473192f,0.992624212274059f,0.11524996092042815f,4.375006940551898f,0.030849806470276138f,0.11642997174489333f,-0.9927196739866849f,1.6345527568029556f,0f,0f,0f,1f], start_interpolation: 0, interpolation_duration: 1 }
$data merge entity $(bone_crest_middle5) { transformation: [-0.9988161340935593f,-0.04055707732380757f,-0.026859891164106833f,0.06041127703838479f,-0.03761143064473192f,0.9940397120617318f,-0.10232512462286843f,5.523299701712227f,0.030849806470276138f,-0.1011937464628114f,-0.9943883120378914f,2.1863945408046943f,0f,0f,0f,1f], start_interpolation: 0, interpolation_duration: 1 }
$data merge entity $(bone_crest_middle4) { transformation: [-0.9988161340935593f,-0.04055707732380757f,-0.026859891164106833f,0.08417518953280329f,-0.03761143064473192f,0.9940397120617318f,-0.10232512462286843f,4.940854557926055f,0.030849806470276138f,-0.1011937464628114f,-0.9943883120378914f,2.245687751622748f,0f,0f,0f,1f], start_interpolation: 0, interpolation_duration: 1 }
$data merge entity $(bone_crest_middle1) { transformation: [-0.9988161340935593f,-0.04055707732380757f,-0.026859891164106833f,0.10396540948220426f,-0.03761143064473192f,0.9940397120617318f,-0.10232512462286843f,4.511515248026617f,0.030849806470276138f,-0.1011937464628114f,-0.9943883120378914f,2.3629891456807233f,0f,0f,0f,1f], start_interpolation: 0, interpolation_duration: 1 }
$data merge entity $(bone_crest_left5) { transformation: [-0.508171925996866f,-0.8577506494361197f,0.0776216272732701f,-0.8770436494832017f,-0.8573793764934736f,0.5123671905322328f,0.04879002797466912f,4.923734821675713f,-0.08162045327182434f,-0.04175745990863662f,-0.9957883390307806f,2.2364120011984623f,0f,0f,0f,1f], start_interpolation: 0, interpolation_duration: 1 }
$data merge entity $(bone_crest_left4) { transformation: [-0.508171925996866f,-0.8577506494361197f,0.0776216272732701f,-0.4582200901882214f,-0.8573793764934736f,0.5123671905322328f,0.04879002797466912f,4.673555529423646f,-0.08162045327182434f,-0.04175745990863662f,-0.9957883390307806f,2.256801385919476f,0f,0f,0f,1f], start_interpolation: 0, interpolation_duration: 1 }
$data merge entity $(bone_crest_left1) { transformation: [-0.508171925996866f,-0.8577506494361197f,0.0776216272732701f,0.006275943555459559f,-0.8573793764934736f,0.5123671905322328f,0.04879002797466912f,4.400740633531073f,-0.08162045327182434f,-0.04175745990863662f,-0.9957883390307806f,2.230607231620854f,0f,0f,0f,1f], start_interpolation: 0, interpolation_duration: 1 }
$data merge entity $(bone_crest_center1) { transformation: [-0.9988161340935593f,-0.033782168177708974f,-0.035001362653616176f,0.10464133105888225f,-0.03761143064473192f,0.992624212274059f,0.11524996092042815f,4.380179945442567f,0.030849806470276138f,0.11642997174489333f,-0.9927196739866849f,2.224752062985054f,0f,0f,0f,1f], start_interpolation: 0, interpolation_duration: 1 }
$data merge entity $(bone_crest_right5) { transformation: [-0.5651551093210501f,0.8126217399306669f,-0.1422870696878934f,1.041559544366306f,0.8169621625839172f,0.5752667504502939f,0.04050914381430833f,4.99598176332701f,0.1147716311399337f,-0.09334920255907245f,-0.9889961572559645f,2.1771533096303433f,0f,0f,0f,1f], start_interpolation: 0, interpolation_duration: 1 }
$data merge entity $(bone_crest_right4) { transformation: [-0.5651551093210501f,0.8126217399306669f,-0.1422870696878934f,0.644771585415785f,0.8169621625839172f,0.5752667504502939f,0.04050914381430833f,4.715089795333703f,0.1147716311399337f,-0.09334920255907245f,-0.9889961572559645f,2.2227339749423902f,0f,0f,0f,1f], start_interpolation: 0, interpolation_duration: 1 }
$data merge entity $(bone_crest_right1) { transformation: [-0.5651551093210501f,0.8126217399306669f,-0.1422870696878934f,0.20135721974560786f,0.8169621625839172f,0.5752667504502939f,0.04050914381430833f,4.408086616078872f,0.1147716311399337f,-0.09334920255907245f,-0.9889961572559645f,2.2245818787946283f,0f,0f,0f,1f], start_interpolation: 0, interpolation_duration: 1 }
$data merge entity $(bone_head1) { transformation: [-0.9988161340935593f,-0.033782168177708974f,-0.035001362653616176f,0.06945697049330493f,-0.03761143064473192f,0.992624212274059f,0.11524996092042815f,4.388440795915699f,0.030849806470276138f,0.11642997174489333f,-0.9927196739866849f,1.0956686559436575f,0f,0f,0f,1f], start_interpolation: 0, interpolation_duration: 1 }
$data merge entity $(bone_neck10) { transformation: [-1.3010831171921666f,-0.04398719814805856f,-0.025862240835671936f,0.06422628334230623f,-0.046693646053546464f,1.292479443065181f,0.1507899188161791f,4.108134780152672f,0.020577476040199615f,0.15160152570949656f,-1.2930640169097631f,0.12888008618260222f,0f,0f,0f,1f], start_interpolation: 0, interpolation_duration: 1 }
$data merge entity $(bone_neck9) { transformation: [-0.9992318340035841f,-0.028992661410423115f,-0.026366029245495942f,0.1023207767952602f,-0.035860720169123686f,0.9477989951237631f,0.31684550429402747f,2.8894033652351f,0.015803501598873306f,0.31754761914825513f,-0.9481106258820693f,-0.2279620755348083f,0f,0f,0f,1f], start_interpolation: 0, interpolation_duration: 1 }
$data merge entity $(bone_neck8) { transformation: [-0.9993908270190958f,-0.03425829465181706f,-0.006659137904951231f,0.125f,-0.031629685625136524f,0.9697537716589967f,-0.24202724090565852f,2.2649807764462215f,0.01474916463203621f,-0.24166917801138796f,-0.9702466029530622f,-0.03031580018049984f,0f,0f,0f,1f], start_interpolation: 0, interpolation_duration: 1 }
$data merge entity $(bone_neck7) { transformation: [-1f,8.396964030611083e-18f,1.8007347474915316e-17f,0.125f,0f,0.90630778703665f,-0.4226182617406993f,1.5348332417255128f,-1.9868909582906537e-17f,-0.4226182617406993f,-0.90630778703665f,0.3347470533780377f,0f,0f,0f,1f], start_interpolation: 0, interpolation_duration: 1 }
$data merge entity $(bone_neck6) { transformation: [-1f,5.1424522054761905e-18f,1.919189290633179e-17f,0.125f,0f,0.9659258262890684f,-0.25881904510252063f,0.7639306684369882f,-1.9868909582906537e-17f,-0.25881904510252063f,-0.9659258262890684f,0.5320699354236121f,0f,0f,0f,1f], start_interpolation: 0, interpolation_duration: 1 }
$data merge entity $(bone_neck_spine6) { transformation: [-1.0633214548992194f,0.213277661333448f,0.22091129496814754f,0.06389982449662415f,0.1544593936373908f,-0.3166691554989639f,1.0491923651981576f,0.63495580092482f,0.26538925521870393f,1.0388334624226683f,0.27447269095987187f,-1.6540325996633785f,0f,0f,0f,1f], start_interpolation: 0, interpolation_duration: 1 }
$data merge entity $(bone_neck_spine7) { transformation: [-0.971551932223331f,0.09529025415817652f,0.21681007922968523f,-0.3694822485996031f,0.20986028347152036f,-0.07785421532933526f,0.9746267914318315f,1.7330433492340473f,0.10975201325882533f,0.9924003670988456f,0.05564177358523864f,-4.541419938710037f,0f,0f,0f,1f], start_interpolation: 0, interpolation_duration: 1 }
$data merge entity $(bone_tail6) { transformation: [-1.1657910988226035f,-0.19620366280856355f,0.9190372779656538f,0.04746552205275902f,0.9331108766525033f,-0.067949227496446f,1.1691369791600388f,1.7343086606622038f,-0.11148761125260456f,1.4829299736896435f,0.1751670270172113f,-7.94756819348259f,0f,0f,0f,1f], start_interpolation: 0, interpolation_duration: 1 }
$data merge entity $(bone_tail5) { transformation: [-0.9630448207664987f,-0.16208128666794383f,0.7592047078846706f,-0.054901606369100346f,0.7708307241911985f,-0.05613197054054235f,0.9658088088713365f,1.698856889794493f,-0.09209846146954291f,1.2250291087001404f,0.14470319623160932f,-7.17386559851408f,0f,0f,0f,1f], start_interpolation: 0, interpolation_duration: 1 }
$data merge entity $(bone_tail4) { transformation: [-0.7785457077354431f,-0.13102992437997985f,0.6137570691109758f,-0.10608517058002997f,0.6231557854514109f,-0.04537826671067002f,0.7807801739086172f,1.6811310043606373f,-0.07445433516695679f,0.9903393215596924f,0.11698111021671154f,-6.787014301029825f,0f,0f,0f,1f], start_interpolation: 0, interpolation_duration: 1 }
$data merge entity $(bone_segment18) { transformation: [-0.7785457077354431f,-0.13102992437997985f,0.6137570691109758f,-0.170064625843692f,0.6231557854514109f,-0.04537826671067002f,0.7807801739086172f,1.6589736475683179f,-0.07445433516695679f,0.9903393215596924f,0.11698111021671154f,-6.303450179174507f,0f,0f,0f,1f], start_interpolation: 0, interpolation_duration: 1 }
$data merge entity $(bone_segment17) { transformation: [-0.7785457077354431f,-0.13102992437997985f,0.6137570691109758f,-0.25323791768645265f,0.6231557854514109f,-0.04537826671067002f,0.7807801739086172f,1.6301690837383027f,-0.07445433516695679f,0.9903393215596924f,0.11698111021671154f,-5.674816820762593f,0f,0f,0f,1f], start_interpolation: 0, interpolation_duration: 1 }
$data merge entity $(bone_segment16) { transformation: [-0.9342322556930671f,-0.2607653350755623f,0.2433341990875381f,-0.46969351809097215f,0.30157881122530567f,-0.21329438001095652f,0.929276992115738f,1.4531180847057705f,-0.19042140909723204f,0.9415449789992357f,0.2779077895251465f,-4.893260929991743f,0f,0f,0f,1f], start_interpolation: 0, interpolation_duration: 1 }
$data merge entity $(bone_segment15) { transformation: [-0.971551932223331f,0.035928739810202975f,0.23408538751652783f,-0.4328525251215257f,0.20986028347152036f,-0.3274533727617955f,0.9212670351685107f,1.117350466151195f,0.10975201325882533f,0.9441839938923849f,0.3105979414984251f,-3.925103514379434f,0f,0f,0f,1f], start_interpolation: 0, interpolation_duration: 1 }
$data merge entity $(bone_segment14) { transformation: [-0.9607422086618829f,0.14452832936755033f,0.23682476750904274f,-0.2846545311411275f,0.1395586050747249f,-0.4859948269529767f,0.8627470219737321f,0.6190159267951155f,0.23978699765642877f,0.8619284136082133f,0.44674557140473636f,-3.0412901996444504f,0f,0f,0f,1f], start_interpolation: 0, interpolation_duration: 1 }
$data merge entity $(bone_segment13) { transformation: [-0.9607422086618829f,0.15511490315586055f,0.2300299443864544f,-0.1236430873214327f,0.13955860507472484f,-0.4463874244191695f,0.88389007408728f,0.11791911442358749f,0.2397869976564289f,0.8812931601569187f,0.407215620544629f,-2.1045302231132066f,0f,0f,0f,1f], start_interpolation: 0, interpolation_duration: 1 }
$data merge entity $(bone_segment12) { transformation: [-0.9753337107540813f,0.12483472136749627f,0.18204517298674458f,0.022647601781102006f,0.15666869771293845f,-0.18947599347131455f,0.9693058170954049f,-0.10412306542560928f,0.15549621160531885f,0.9739174196199377f,0.1652446305851899f,-0.9632207469960918f,0f,0f,0f,1f], start_interpolation: 0, interpolation_duration: 1 }
$data merge entity $(bone_segment11) { transformation: [-1.0273121245804775f,0.08445969545724777f,0.09510426093123717f,0.11488270764734287f,0.11900798266218716f,0.3650769170157562f,0.9613034935123298f,0.31840424529216593f,0.04489276853441364f,0.9649527793729606f,-0.3720204763555037f,0.15217197422649975f,0f,0f,0f,1f], start_interpolation: 0, interpolation_duration: 1 }
$data merge entity $(bone_segment10) { transformation: [-0.9996573249755573f,0.016826218031705874f,0.020052705789058982f,0.125f,0.024598285159602575f,0.8658184202657466f,0.4997533266479912f,1.1175589988314214f,-0.008953043612087415f,0.5000753358397876f,-0.8659356220267206f,0.6136186632303596f,0f,0f,0f,1f], start_interpolation: 0, interpolation_duration: 1 }