# This file was generated by Animated Java via MC-Build. It is not recommended to edit this file directly.
$data merge entity $(bone_neck_spine5) { transformation: [-1.3649308423590194f,-0.04101062421660427f,0.06695957313717413f,0.19290334075203136f,-0.03898712748208978f,1.365989162741663f,0.04189595826899779f,3.6375956894346366f,-0.06815760870250201f,0.03991736627016856f,-1.364903954277465f,-0.7042346830285986f,0f,0f,0f,1f], start_interpolation: 0, interpolation_duration: 1 }
$data merge entity $(bone_neck_spine2) { transformation: [-1.2999341355800182f,-0.03494544642789309f,0.06611403687742999f,-0.012526327067383311f,-0.03713059760199026f,1.3008605691136426f,-0.04247476181797105f,5.036787786265045f,-0.06491200828809714f,-0.044289981301978004f,-1.2997099044328009f,0.6504549305312017f,0f,0f,0f,1f], start_interpolation: 0, interpolation_duration: 1 }
$data merge entity $(bone_scale_neck_left1) { transformation: [-1.3935246952820939f,0.3019080794341701f,0.13564606007583072f,0.6924742116989799f,0.3293142485734176f,1.323552285188372f,0.4372881115030922f,4.271933681219578f,-0.03317329842283371f,0.4566402066701815f,-1.3571435710074085f,0.6819013878761612f,0f,0f,0f,1f], start_interpolation: 0, interpolation_duration: 1 }
$data merge entity $(bone_scale_neck_right1) { transformation: [-1.3688832035871947f,-0.4207315470770981f,-0.024559288136004984f,-0.6724566306600392f,-0.40821813554589814f,1.302911207730036f,0.4327120947993796f,4.232946553737489f,-0.10476710910904506f,0.4205553096423202f,-1.3651434000805054f,0.6137437791736592f,0f,0f,0f,1f], start_interpolation: 0, interpolation_duration: 1 }
$data merge entity $(bone_blush_right1) { transformation: [-0.999431650542761f,-0.03311437921093213f,-0.00630981638774477f,-0.5726155182030189f,-0.033624664803470344f,0.9926009112758325f,0.11667395961070962f,3.949633135277788f,0.002399543753868638f,0.11681981349010019f,-0.9931502269877963f,1.8650644266204504f,0f,0f,0f,1f], start_interpolation: 0, interpolation_duration: 1 }
$data merge entity $(bone_blush_left1) { transformation: [-0.999431650542761f,-0.03311437921093213f,-0.00630981638774477f,0.5790732978521157f,-0.033624664803470344f,0.9926009112758325f,0.11667395961070962f,3.988380307609912f,0.002399543753868638f,0.11681981349010019f,-0.9931502269877963f,1.8622993273728283f,0f,0f,0f,1f], start_interpolation: 0, interpolation_duration: 1 }
$data merge entity $(bone_left_head_scales) { transformation: [-0.8835931520858109f,-0.03311437921093213f,-0.467083054152616f,0.565656827424978f,-0.08369948099355018f,0.9926009112758325f,0.08796492378100244f,4.658656406087524f,0.46071416135004073f,0.11681981349010019f,-0.8798270243108396f,1.5969734522608148f,0f,0f,0f,1f], start_interpolation: 0, interpolation_duration: 1 }
$data merge entity $(bone_left_head_scales2) { transformation: [-0.8150673176715119f,-0.03311437921093213f,-0.5784191434878702f,0.5924517256934423f,-0.09446514688077154f,0.9926009112758325f,0.07628739711893108f,3.86609603210093f,0.5716131591282351f,0.11681981349010019f,-0.8121647169679171f,1.6511889632530894f,0f,0f,0f,1f], start_interpolation: 0, interpolation_duration: 1 }
$data merge entity $(bone_left_head_scales1) { transformation: [-0.999431650542761f,-0.03311437921093213f,-0.00630981638774477f,0.5688906535197956f,-0.033624664803470344f,0.9926009112758325f,0.11667395961070962f,4.561722723345744f,0.002399543753868638f,0.11681981349010019f,-0.9931502269877963f,1.585565267349672f,0f,0f,0f,1f], start_interpolation: 0, interpolation_duration: 1 }
$data merge entity $(bone_right_head_scales) { transformation: [-0.8894202500194286f,-0.03311437921093213f,0.45588930317002585f,-0.6055521380548199f,0.024048597108220868f,0.9926009112758325f,0.119017208467993f,4.619252502020958f,-0.45645731874130746f,0.11681981349010019f,-0.882042996312331f,1.5997854175973796f,0f,0f,0f,1f], start_interpolation: 0, interpolation_duration: 1 }
$data merge entity $(bone_right_head_scales2) { transformation: [-0.822305641666936f,-0.03311437921093213f,0.5680817455016515f,-0.5787572397863556f,0.03937772105618186f,0.9926009112758325f,0.11486002794187701f,3.8266921280343635f,-0.5676819767855502f,0.11681981349010019f,-0.814917360478342f,1.6540009285896542f,0f,0f,0f,1f], start_interpolation: 0, interpolation_duration: 1 }
$data merge entity $(bone_right_head_scales1) { transformation: [-0.999431650542761f,-0.03311437921093213f,-0.00630981638774477f,-0.6023183119600023f,-0.033624664803470344f,0.9926009112758325f,0.11667395961070962f,4.522318819279177f,0.002399543753868638f,0.11681981349010019f,-0.9931502269877963f,1.5883772326862369f,0f,0f,0f,1f], start_interpolation: 0, interpolation_duration: 1 }
$data merge entity $(bone_head_left_fin1) { transformation: [-0.6975897344672753f,-0.012617798541037718f,-0.716386315842126f,0.580555348243974f,0.14880886037552668f,0.975491720812212f,-0.16208585903948147f,4.206767142817414f,0.7008740867228672f,-0.21967406261734096f,-0.6786153702750765f,1.4700444256578173f,0f,0f,0f,1f], start_interpolation: 0, interpolation_duration: 1 }
$data merge entity $(bone_head_right_fin1) { transformation: [-0.6893643220921489f,-0.05402839433454348f,0.7223972342361666f,-0.5906536172358239f,-0.1954712461667887f,0.9740985115796323f,-0.11367973284780371f,4.1673632387508475f,-0.697544137204546f,-0.21957463957382786f,-0.6820697576550283f,1.4728563909943821f,0f,0f,0f,1f], start_interpolation: 0, interpolation_duration: 1 }
$data merge entity $(bone_right_whisker16) { transformation: [0.2651234436112443f,0.9451650538344748f,-0.19071596854429787f,-1.0185271398456428f,0.9393179126637357f,-0.29783216880437735f,-0.1702288406067661f,1.8188498956265744f,-0.21769570183344994f,-0.1340112690610571f,-0.9667727557021281f,1.754006349229358f,0f,0f,0f,1f], start_interpolation: 0, interpolation_duration: 1 }
$data merge entity $(bone_right_whisker15) { transformation: [-0.9024734822114477f,0.38622407129457115f,-0.19071596854429787f,-0.7541306118540076f,0.4178897637370014f,0.8924070187921593f,-0.1702288406067661f,1.6964212539067498f,0.10444979305377627f,-0.2333252655910557f,-0.9667727557021281f,1.7234058239206345f,0f,0f,0f,1f], start_interpolation: 0, interpolation_duration: 1 }
$data merge entity $(bone_right_whisker14) { transformation: [-0.731439657674546f,-0.6546933988693892f,-0.19071596854429787f,-0.539841649644668f,-0.6321875847877331f,0.7558842500448921f,-0.1702288406067661f,1.881632460387531f,0.255606895097131f,-0.00394385736527492f,-0.9667727557021281f,1.6485209913726468f,0f,0f,0f,1f], start_interpolation: 0, interpolation_duration: 1 }
$data merge entity $(bone_right_whisker13) { transformation: [-0.07088208002717833f,-0.9967583639044069f,0.038059095071093674f,-0.5190754152617055f,-0.9970213147700634f,0.07196044322763898f,0.02775234232737983f,2.173728548699073f,-0.030401128682912892f,-0.035978585256949705f,-0.9988900403836818f,1.657427572041469f,0f,0f,0f,1f], start_interpolation: 0, interpolation_duration: 1 }
$data merge entity $(bone_right_whisker12) { transformation: [0.11304706376281279f,-0.9922017208969763f,0.05249863258871888f,-0.5632344245440543f,-0.9651803277333372f,-0.09711678397198809f,0.24288940945933873f,2.550752114219908f,-0.23589679169326278f,-0.07812858196599358f,-0.9686323494230452f,1.74957475629665f,0f,0f,0f,1f], start_interpolation: 0, interpolation_duration: 1 }
$data merge entity $(bone_right_whisker11) { transformation: [0.30459857791282435f,-0.9487640178104723f,0.08406274348137163f,-0.6822182440412513f,-0.9489761406987438f,-0.30985767768702216f,-0.05858757515825144f,2.921445919180355f,0.0816332696760533f,-0.061927845808936455f,-0.9947366240344533f,1.7176867603294417f,0f,0f,0f,1f], start_interpolation: 0, interpolation_duration: 1 }
$data merge entity $(bone_right_whisker10) { transformation: [0.05661485253820798f,-0.9790648017274045f,0.1955169365823709f,-0.7043334208139888f,-0.9488531279043779f,-0.11368655571331757f,-0.29453880680840916f,3.2920916722680023f,0.3106002255925703f,-0.16884158572022673f,-0.9354250471274135f,1.5963585472073438f,0f,0f,0f,1f], start_interpolation: 0, interpolation_duration: 1 }
$data merge entity $(bone_right_whisker1) { transformation: [-0.32124818860525f,-0.9324454825200889f,0.1653633074346429f,-0.5788458471400629f,-0.9468834474200429f,0.3189558896681388f,-0.040974107042635155f,3.6619680189164563f,-0.014537479829082767f,-0.1697426362876593f,-0.9853811948207325f,1.6020372502655793f,0f,0f,0f,1f], start_interpolation: 0, interpolation_duration: 1 }
$data merge entity $(bone_left_whisker16) { transformation: [0.2500598481617783f,-0.881369927757731f,0.4008205618249141f,1.057138935242596f,-0.9287271608014726f,-0.33538070554207244f,-0.15806847610999886f,1.8615198826025148f,0.27374428419045405f,-0.3327263632392735f,-0.9024174389264775f,1.9798252816618145f,0f,0f,0f,1f], start_interpolation: 0, interpolation_duration: 1 }
$data merge entity $(bone_left_whisker15) { transformation: [-0.8411903260371278f,-0.3629624121033887f,0.4008205618249141f,0.8106964569114061f,-0.45373469702436625f,0.8770058047564274f,-0.15806847610999886f,1.7285897955836576f,-0.29414904401979003f,-0.31483186913592576f,-0.9024174389264775f,1.8936488039216417f,0f,0f,0f,1f], start_interpolation: 0, interpolation_duration: 1 }
$data merge entity $(bone_left_whisker14) { transformation: [-0.6844580538738099f,0.608982799187002f,0.4008205618249141f,0.6101716364405634f,0.6030806211792137f,0.7818619579045627f,-0.15806847610999886f,1.9052735713197553f,-0.4096473322815252f,0.13353587186972182f,-0.9024174389264775f,1.7736349370422886f,0f,0f,0f,1f], start_interpolation: 0, interpolation_duration: 1 }
$data merge entity $(bone_left_whisker13) { transformation: [-0.1161956869471417f,0.9774274208093311f,0.1764488577035854f,0.5761299312802679f,0.993175510295014f,0.11254427447720067f,0.030597255312182048f,2.1962429591014976f,0.010048287671049733f,0.17879995339042676f,-0.9838341367234931f,1.7765787713209165f,0f,0f,0f,1f], start_interpolation: 0, interpolation_duration: 1 }
$data merge entity $(bone_left_whisker12) { transformation: [0.02040021196831402f,0.988908706494456f,0.1471169656127717f,0.5840987640803905f,0.9679236367779673f,-0.05639060110989269f,0.24483450221114367f,2.574338129717891f,0.25041498501120363f,0.13740331264538913f,-0.9583384918471719f,1.874397124840918f,0f,0f,0f,1f], start_interpolation: 0, interpolation_duration: 1 }
$data merge entity $(bone_left_whisker11) { transformation: [0.2762241466662278f,0.9516815105805276f,0.1341734817975559f,0.6919988213718857f,0.9609162588085725f,-0.2707897433414265f,-0.05755743616963038f,2.9496960433149897f,-0.018443545099870506f,0.1448282338504795f,-0.9892849025047838f,1.867192615036281f,0f,0f,0f,1f], start_interpolation: 0, interpolation_duration: 1 }
$data merge entity $(bone_left_whisker10) { transformation: [0.08346855849714609f,0.996261912010641f,0.022253144032030908f,0.7246037270348334f,0.9517328576432617f,-0.07307927010026649f,-0.2981006339540451f,3.3214666908318886f,-0.29536006403134424f,0.046061078564381366f,-0.9542750178103196f,1.7518175900240371f,0f,0f,0f,1f], start_interpolation: 0, interpolation_duration: 1 }
$data merge entity $(bone_left_whisker1) { transformation: [-0.3550514927958886f,0.9333929470366403f,0.052115677925807485f,0.5859117376614394f,0.932980585614108f,0.3573123972219897f,-0.04330216690457256f,3.6859122320873996f,-0.059039514992650866f,0.03324841671013082f,-0.9977017983624675f,1.728755279480033f,0f,0f,0f,1f], start_interpolation: 0, interpolation_duration: 1 }
$data merge entity $(bone_upper_left_tooth1) { transformation: [-0.999431650542761f,-0.033538305734405346f,-0.003399697315647348f,0.27302903721203103f,-0.033624664803470344f,0.9989925707432011f,0.029719110295311837f,3.9835851667185738f,0.002399543753868638f,0.029816533137777684f,-0.999552508146229f,2.5232351580396393f,0f,0f,0f,1f], start_interpolation: 0, interpolation_duration: 1 }
$data merge entity $(bone_upper_right_tooth1) { transformation: [-0.999431650542761f,-0.033538305734405346f,-0.003399697315647348f,-0.312575445527868f,-0.033624664803470344f,0.9989925707432011f,0.029719110295311837f,3.9638832146852905f,0.002399543753868638f,0.029816533137777684f,-0.999552508146229f,2.5246411407079217f,0f,0f,0f,1f], start_interpolation: 0, interpolation_duration: 1 }
$data merge entity $(bone_top_lip1) { transformation: [-0.999431650542761f,-0.030822530233530408f,0.013650916576390407f,0.0010245472589884078f,-0.033624664803470344f,0.8826764505730013f,-0.46877677579067717f,4.081868770937998f,0.002399543753868638f,-0.46896935425873154f,-0.8832111791388976f,2.5270825139084043f,0f,0f,0f,1f], start_interpolation: 0, interpolation_duration: 1 }
$data merge entity $(bone_muzzle1) { transformation: [-0.999431650542761f,-0.033538305734405346f,-0.003399697315647348f,-0.005548298949980806f,-0.033624664803470344f,0.9989925707432011f,0.029719110295311837f,4.242716857616842f,0.002399543753868638f,0.029816533137777684f,-0.999552508146229f,2.0433874220114827f,0f,0f,0f,1f], start_interpolation: 0, interpolation_duration: 1 }
$data merge entity $(bone_jaw_right_tooth1) { transformation: [-0.999431650542761f,-0.030835045169909345f,0.013622623930143442f,-0.3055004224490035f,-0.033624664803470344f,0.8831062914546735f,-0.46796651580003856f,3.756862514617036f,0.002399543753868638f,-0.4681586034481724f,-0.8836411965312788f,2.570483332993619f,0f,0f,0f,1f], start_interpolation: 0, interpolation_duration: 1 }
$data merge entity $(bone_jaw_left_tooth1) { transformation: [-0.999431650542761f,-0.030835045169909345f,0.013622623930143442f,0.32890443385255375f,-0.033624664803470344f,0.8831062914546735f,-0.46796651580003856f,3.7782062959864264f,0.002399543753868638f,-0.4681586034481724f,-0.8836411965312788f,2.5689601851029797f,0f,0f,0f,1f], start_interpolation: 0, interpolation_duration: 1 }
$data merge entity $(bone_tongue1) { transformation: [-0.999431650542761f,-0.033528036945420225f,-0.003499518818209554f,0.009284456270463266f,-0.033624664803470344f,0.9988996769367633f,0.03269277186908942f,3.7902585561391877f,0.002399543753868638f,0.03279186109717763f,-0.9994593218513482f,1.8810925307261677f,0f,0f,0f,1f], start_interpolation: 0, interpolation_duration: 1 }
$data merge entity $(bone_jaw_lips1) { transformation: [-0.999431650542761f,-0.033528036945420225f,-0.003499518818209554f,0.06458417414298005f,-0.033624664803470344f,0.9988996769367633f,0.03269277186908942f,3.6541783535464836f,0.002399543753868638f,0.03279186109717763f,-0.9994593218513482f,2.658120291234571f,0f,0f,0f,1f], start_interpolation: 0, interpolation_duration: 1 }
$data merge entity $(bone_jaw3) { transformation: [-0.999431650542761f,-0.03273213536831969f,0.008061216260742658f,0.0732793827713994f,-0.033624664803470344f,0.9509514552362406f,-0.3075072547126828f,3.34428824884206f,0.002399543753868638f,-0.30760353882604563f,-0.9515115895728579f,1.9372815140732427f,0f,0f,0f,1f], start_interpolation: 0, interpolation_duration: 1 }
$data merge entity $(bone_jaw1) { transformation: [-0.999431650542761f,-0.02884525556423728f,-0.01744497419907249f,0.05965049667837402f,-0.033624664803470344f,0.8898646876481583f,0.45498375750536446f,3.699744309393126f,0.002399543753868638f,0.45531174914368255f,-0.8903288455854351f,1.2417121034596215f,0f,0f,0f,1f], start_interpolation: 0, interpolation_duration: 1 }
$data merge entity $(bone_tear_right1) { transformation: [-0.999431650542761f,-0.03311437921093213f,-0.00630981638774477f,-0.5345789622672682f,-0.033624664803470344f,0.9926009112758325f,0.11667395961070962f,4.280288306978717f,0.002399543753868638f,0.11681981349010019f,-0.9931502269877963f,1.9921645027559423f,0f,0f,0f,1f], start_interpolation: 0, interpolation_duration: 1 }
$data merge entity $(bone_right_pupil1) { transformation: [-0.999431650542761f,-0.03311437921093213f,-0.00630981638774477f,-0.3764021521270349f,-0.033624664803470344f,0.9926009112758325f,0.11667395961070962f,4.375803651201003f,0.002399543753868638f,0.11681981349010019f,-0.9931502269877963f,2.061378439295731f,0f,0f,0f,1f], start_interpolation: 0, interpolation_duration: 1 }
$data merge entity $(bone_right_sad_pupil1) { transformation: [-0.999431650542761f,-0.03311437921093213f,-0.00630981638774477f,-0.37646377142769644f,-0.033624664803470344f,0.9926009112758325f,0.11667395961070962f,4.376943045337826f,0.002399543753868638f,0.11681981349010019f,-0.9931502269877963f,2.051679706610303f,0f,0f,0f,1f], start_interpolation: 0, interpolation_duration: 1 }
$data merge entity $(bone_right_happy_pupil1) { transformation: [-0.999431650542761f,-0.03311437921093213f,-0.00630981638774477f,-0.4000551997106739f,-0.033624664803470344f,0.9926009112758325f,0.11667395961070962f,4.35188903067982f,0.002399543753868638f,0.11681981349010019f,-0.9931502269877963f,2.04888627875003f,0f,0f,0f,1f], start_interpolation: 0, interpolation_duration: 1 }
$data merge entity $(bone_eyelid_right1) { transformation: [-0.999431650542761f,-0.03311437921093213f,-0.00630981638774477f,-0.0021646346662068175f,-0.033624664803470344f,0.9926009112758325f,0.11667395961070962f,4.3980880072038335f,0.002399543753868638f,0.11681981349010019f,-0.9931502269877963f,1.5601368069213415f,0f,0f,0f,1f], start_interpolation: 0, interpolation_duration: 1 }
$data merge entity $(bone_eyelid_expressions_right5) { transformation: [-0.999431650542761f,-0.03311437921093213f,-0.00630981638774477f,-0.4919381443919371f,-0.033624664803470344f,0.9926009112758325f,0.11667395961070962f,4.4701005311142685f,0.002399543753868638f,0.11681981349010019f,-0.9931502269877963f,2.063357370783009f,0f,0f,0f,1f], start_interpolation: 0, interpolation_duration: 1 }
$data merge entity $(bone_eyelid_expressions_right7) { transformation: [-0.999431650542761f,-0.03311437921093213f,-0.00630981638774477f,-0.19913590302198764f,-0.033624664803470344f,0.9926009112758325f,0.11667395961070962f,4.47995150713091f,0.002399543753868638f,0.11681981349010019f,-0.9931502269877963f,2.062654379448868f,0f,0f,0f,1f], start_interpolation: 0, interpolation_duration: 1 }
$data merge entity $(bone_eyelid_expressions_right6) { transformation: [-0.999431650542761f,-0.03311437921093213f,-0.00630981638774477f,-0.29673665014530415f,-0.033624664803470344f,0.9926009112758325f,0.11667395961070962f,4.476667848458696f,0.002399543753868638f,0.11681981349010019f,-0.9931502269877963f,2.0628887098935818f,0f,0f,0f,1f], start_interpolation: 0, interpolation_duration: 1 }
$data merge entity $(bone_right_eye1) { transformation: [-0.999431650542761f,-0.03311437921093213f,-0.00630981638774477f,-0.011863090077876897f,-0.033624664803470344f,0.9926009112758325f,0.11667395961070962f,4.396620247199789f,0.002399543753868638f,0.11681981349010019f,-0.9931502269877963f,1.5698589726512406f,0f,0f,0f,1f], start_interpolation: 0, interpolation_duration: 1 }
$data merge entity $(bone_tear_left1) { transformation: [-0.999431650542761f,-0.03311437921093213f,-0.00630981638774477f,0.51950910666455f,-0.033624664803470344f,0.9926009112758325f,0.11667395961070962f,4.315751820638627f,0.002399543753868638f,0.11681981349010019f,-0.9931502269877963f,1.989633733953034f,0f,0f,0f,1f], start_interpolation: 0, interpolation_duration: 1 }
$data merge entity $(bone_left_sad_pupil1) { transformation: [-0.999431650542761f,-0.03311437921093213f,-0.00630981638774477f,0.3555418319971773f,-0.033624664803470344f,0.9926009112758325f,0.11667395961070962f,4.40157048537943f,0.002399543753868638f,0.11681981349010019f,-0.9931502269877963f,2.04992222827495f,0f,0f,0f,1f], start_interpolation: 0, interpolation_duration: 1 }
$data merge entity $(bone_left_pupil1) { transformation: [-0.999431650542761f,-0.03311437921093213f,-0.00630981638774477f,0.3556034512978389f,-0.033624664803470344f,0.9926009112758325f,0.11667395961070962f,4.400431091242607f,0.002399543753868638f,0.11681981349010019f,-0.9931502269877963f,2.0596209609603777f,0f,0f,0f,1f], start_interpolation: 0, interpolation_duration: 1 }
$data merge entity $(bone_eyelid_left1) { transformation: [-0.999431650542761f,-0.03311437921093213f,-0.00630981638774477f,-0.021684784090870116f,-0.033624664803470344f,0.9926009112758325f,0.11667395961070962f,4.397431275469391f,0.002399543753868638f,0.11681981349010019f,-0.9931502269877963f,1.5601836730102843f,0f,0f,0f,1f], start_interpolation: 0, interpolation_duration: 1 }
$data merge entity $(bone_left_happy_pupil1) { transformation: [-0.999431650542761f,-0.03311437921093213f,-0.00630981638774477f,0.3807507772758581f,-0.033624664803470344f,0.9926009112758325f,0.11667395961070962f,4.378158300057531f,0.002399543753868638f,0.11681981349010019f,-0.9931502269877963f,2.0470116351923204f,0f,0f,0f,1f], start_interpolation: 0, interpolation_duration: 1 }
$data merge entity $(bone_eyelid_expressions_left5) { transformation: [-0.999431650542761f,-0.03311437921093213f,-0.00630981638774477f,0.46454917741656454f,-0.033624664803470344f,0.9926009112758325f,0.11667395961070962f,4.5022803861019645f,0.002399543753868638f,0.11681981349010019f,-0.9931502269877963f,2.061060932424814f,0f,0f,0f,1f], start_interpolation: 0, interpolation_duration: 1 }
$data merge entity $(bone_eyelid_expressions_left7) { transformation: [-0.999431650542761f,-0.03311437921093213f,-0.00630981638774477f,0.171746936046615f,-0.033624664803470344f,0.9926009112758325f,0.11667395961070962f,4.492429410085323f,0.002399543753868638f,0.11681981349010019f,-0.9931502269877963f,2.0617639237589556f,0f,0f,0f,1f], start_interpolation: 0, interpolation_duration: 1 }
$data merge entity $(bone_eyelid_expressions_left6) { transformation: [-0.999431650542761f,-0.03311437921093213f,-0.00630981638774477f,0.2693476831699315f,-0.033624664803470344f,0.9926009112758325f,0.11667395961070962f,4.495713068757537f,0.002399543753868638f,0.11681981349010019f,-0.9931502269877963f,2.061529593314242f,0f,0f,0f,1f], start_interpolation: 0, interpolation_duration: 1 }
$data merge entity $(bone_left_eye1) { transformation: [-0.999431650542761f,-0.03311437921093213f,-0.00630981638774477f,-0.011863090077876897f,-0.033624664803470344f,0.9926009112758325f,0.11667395961070962f,4.396620247199789f,0.002399543753868638f,0.11681981349010019f,-0.9931502269877963f,1.5698589726512406f,0f,0f,0f,1f], start_interpolation: 0, interpolation_duration: 1 }
$data merge entity $(bone_crest_middle5) { transformation: [-0.999431650542761f,-0.03369513042487216f,0.0010070149071989502f,-0.049148722426154194f,-0.033624664803470344f,0.9943251731169743f,-0.10092983712834211f,5.544294589296051f,0.002399543753868638f,-0.10090633424889772f,-0.9948930364105595f,2.1223489928992203f,0f,0f,0f,1f], start_interpolation: 0, interpolation_duration: 1 }
$data merge entity $(bone_crest_middle4) { transformation: [-0.999431650542761f,-0.03369513042487216f,0.0010070149071989502f,-0.02940548194283066f,-0.033624664803470344f,0.9943251731169743f,-0.10092983712834211f,4.961682183172823f,0.002399543753868638f,-0.10090633424889772f,-0.9948930364105595f,2.181473798123184f,0f,0f,0f,1f], start_interpolation: 0, interpolation_duration: 1 }
$data merge entity $(bone_crest_middle1) { transformation: [-0.999431650542761f,-0.03369513042487216f,0.0010070149071989502f,-0.014671807869678533f,-0.033624664803470344f,0.9943251731169743f,-0.10092983712834211f,4.532115232176276f,0.002399543753868638f,-0.10090633424889772f,-0.9948930364105595f,2.298685855260457f,0f,0f,0f,1f], start_interpolation: 0, interpolation_duration: 1 }
$data merge entity $(bone_crest_left5) { transformation: [-0.5090658502461409f,-0.8541645981633509f,0.10608863915431688f,-0.9900329857536159f,-0.8552176369058101f,0.5158742855217123f,0.049764596478874004f,4.948449367175047f,-0.09723555747984257f,-0.065395418661434f,-0.9931106109490926f,2.1448613289696232f,0f,0f,0f,1f], start_interpolation: 0, interpolation_duration: 1 }
$data merge entity $(bone_crest_left4) { transformation: [-0.5090658502461409f,-0.8541645981633509f,0.10608863915431688f,-0.5729604280566671f,-0.8552176369058101f,0.5158742855217123f,0.049764596478874004f,4.696557626197649f,-0.09723555747984257f,-0.065395418661434f,-0.9931106109490926f,2.1767926857379014f,0f,0f,0f,1f], start_interpolation: 0, interpolation_duration: 1 }
$data merge entity $(bone_crest_left1) { transformation: [-0.5090658502461409f,-0.8541645981633509f,0.10608863915431688f,-0.10900050525631677f,-0.8552176369058101f,0.5158742855217123f,0.049764596478874004f,4.4219066230599555f,-0.09723555747984257f,-0.065395418661434f,-0.9931106109490926f,2.1634254491327587f,0f,0f,0f,1f], start_interpolation: 0, interpolation_duration: 1 }
$data merge entity $(bone_crest_center1) { transformation: [-0.999431650542761f,-0.03311437921093213f,-0.00630981638774477f,-0.010591311957539394f,-0.033624664803470344f,0.9926009112758325f,0.11667395961070962f,4.400957171234509f,0.002399543753868638f,0.11681981349010019f,-0.9931502269877963f,2.160339108966451f,0f,0f,0f,1f], start_interpolation: 0, interpolation_duration: 1 }
$data merge entity $(bone_crest_right5) { transformation: [-0.5649226185659493f,0.8172371515099556f,-0.11395557566211731f,0.9297525396432061f,0.8190845984464145f,0.5721065686940313f,0.042361475954196495f,5.013038221001085f,0.09981410531817193f,-0.06940830100957222f,-0.9925823049654358f,2.1402520999505787f,0f,0f,0f,1f], start_interpolation: 0, interpolation_duration: 1 }
$data merge entity $(bone_crest_right4) { transformation: [-0.5649226185659493f,0.8172371515099556f,-0.11395557566211731f,0.5307109617574857f,0.8190845984464145f,0.5721065686940313f,0.042361475954196495f,4.7336893105059525f,0.09981410531817193f,-0.06940830100957222f,-0.9925823049654358f,2.174142871927909f,0f,0f,0f,1f], start_interpolation: 0, interpolation_duration: 1 }
$data merge entity $(bone_crest_right1) { transformation: [-0.5649226185659493f,0.8172371515099556f,-0.11395557566211731f,0.08620098899031621f,0.8190845984464145f,0.5721065686940313f,0.042361475954196495f,4.428473940404383f,0.09981410531817193f,-0.06940830100957222f,-0.9925823049654358f,2.1629567882433314f,0f,0f,0f,1f], start_interpolation: 0, interpolation_duration: 1 }
$data merge entity $(bone_head1) { transformation: [-0.999431650542761f,-0.03311437921093213f,-0.00630981638774477f,-0.013635238566854453f,-0.033624664803470344f,0.9926009112758325f,0.11667395961070962f,4.410820083354182f,0.002399543753868638f,0.11681981349010019f,-0.9931502269877963f,1.0307245824971458f,0f,0f,0f,1f], start_interpolation: 0, interpolation_duration: 1 }
$data merge entity $(bone_neck10) { transformation: [-1.2999341355800182f,-0.04327609677525538f,0.060987126069143874f,0.04280091778998718f,-0.03713059760199026f,1.295275595537085f,0.1276849923531091f,4.113212961744647f,-0.06491200828809714f,0.1257351104441124f,-1.294371708639391f,0.07076420695834573f,0f,0f,0f,1f], start_interpolation: 0, interpolation_duration: 1 }
$data merge entity $(bone_neck9) { transformation: [-0.998349416125454f,-0.04165020076828508f,0.03954369858683493f,0.09374630457653882f,-0.02851629895832852f,0.9571479689584025f,0.28819192600162225f,2.8840118328911273f,-0.0498524223652586f,0.2865886011249693f,-0.9567558255320681f,-0.2463523850200301f,0f,0f,0f,1f], start_interpolation: 0, interpolation_duration: 1 }
$data merge entity $(bone_neck8) { transformation: [-0.9983559621477244f,-0.014104781003721855f,0.055555629750084906f,0.10070585387375146f,-0.02807540890719923f,0.9653519156033312f,-0.25943679472209163f,2.2631785266768594f,-0.049971434427931206f,-0.2605700178336261f,-0.9641608380075384f,-0.03659171834239161f,0f,0f,0f,1f], start_interpolation: 0, interpolation_duration: 1 }
$data merge entity $(bone_neck7) { transformation: [-0.9979915879612646f,0.027238365146024887f,0.057191448860169046f,0.07720423894080962f,0f,0.9028339112819157f,-0.42998945177689907f,1.5360300177976516f,-0.0633465891627443f,-0.4291258557854212f,-0.9010206487855184f,0.3336636389953783f,0f,0f,0f,1f], start_interpolation: 0, interpolation_duration: 1 }
$data merge entity $(bone_neck6) { transformation: [-0.9979915879612646f,0.016395303717603168f,0.061188106479617935f,0.06470450739945996f,0f,0.9659258262890684f,-0.25881904510252063f,0.765127444509127f,-0.0633465891627443f,-0.2582992298164828f,-0.9639858492310239f,0.5305902153891345f,0f,0f,0f,1f], start_interpolation: 0, interpolation_duration: 1 }
$data merge entity $(bone_neck_spine6) { transformation: [-1.063756495225138f,0.2412974143104297f,0.18745493920084788f,0.1516620685036726f,0.12186505297527553f,-0.28761380631459943f,1.061776287547392f,0.5872000185250441f,0.28020118709067965f,1.041151061941393f,0.24986684151492594f,-1.6667492610041348f,0f,0f,0f,1f], start_interpolation: 0, interpolation_duration: 1 }
$data merge entity $(bone_neck_spine7) { transformation: [-0.9389485998339021f,0.3297289796776677f,0.09825643404214865f,-0.6640579290819161f,0.07005333624557902f,-0.09638214441230766f,0.9928761314078149f,1.6577427080114766f,0.3368501995706975f,0.9391428444061156f,0.06739926446165379f,-4.476494511397069f,0f,0f,0f,1f], start_interpolation: 0, interpolation_duration: 1 }
$data merge entity $(bone_tail6) { transformation: [-1.3609107275546828f,0.28264771117209847f,0.5569798422562394f,-1.3253475373134864f,0.5319508531841736f,-0.17528045469233067f,1.3887041922898866f,1.9084474417742425f,0.3273294412472568f,1.4599936011010637f,0.05889315173035641f,-7.834777471735468f,0f,0f,0f,1f], start_interpolation: 0, interpolation_duration: 1 }
$data merge entity $(bone_tail5) { transformation: [-1.1242306010234338f,0.2334915874899944f,0.46011378273341524f,-1.177879166267174f,0.43943766132605644f,-0.14479689735453405f,1.1471904197177327f,1.8169967697608524f,0.27040258189990785f,1.2060816704747919f,0.04865086447290313f,-7.073041679856652f,0f,0f,0f,1f], start_interpolation: 0, interpolation_duration: 1 }
$data merge entity $(bone_tail4) { transformation: [-0.9088516858799969f,0.18875951493927967f,0.3719656685676451f,-1.1041449807440178f,0.3552506567351698f,-0.1170568601771391f,0.9274128866770722f,1.7712714337541575f,0.2185991398938202f,0.9750218136048844f,0.039330383068620633f,-6.6921737839172435f,0f,0f,0f,1f], start_interpolation: 0, interpolation_duration: 1 }
$data merge entity $(bone_segment18) { transformation: [-0.9088516858799969f,0.18875951493927967f,0.3719656685676451f,-1.0119772488400727f,0.3552506567351698f,-0.1170568601771391f,0.9274128866770722f,1.7141147637457887f,0.2185991398938202f,0.9750218136048844f,0.039330383068620633f,-6.216088913992984f,0f,0f,0f,1f], start_interpolation: 0, interpolation_duration: 1 }
$data merge entity $(bone_segment17) { transformation: [-0.9088516858799969f,0.18875951493927967f,0.3719656685676451f,-0.892159197364944f,0.3552506567351698f,-0.1170568601771391f,0.9274128866770722f,1.6398110927349094f,0.2185991398938202f,0.9750218136048844f,0.039330383068620633f,-5.597178583091446f,0f,0f,0f,1f], start_interpolation: 0, interpolation_duration: 1 }
$data merge entity $(bone_segment16) { transformation: [-0.9784165255578715f,0.1037770550381047f,0.178693663465947f,-0.8060161341008922f,0.1380808634597695f,-0.3150110323505443f,0.9389897361758799f,1.3783273256470552f,0.15373606493424843f,0.9433972505498746f,0.29388237441784426f,-4.814085162224851f,0f,0f,0f,1f], start_interpolation: 0, interpolation_duration: 1 }
$data merge entity $(bone_segment15) { transformation: [-0.9389485998339021f,0.2930631007126348f,0.1802485669031822f,-0.5055119780967257f,0.07005333624557902f,-0.3500732547170261f,0.9340991630510604f,1.0193654921969795f,0.3368501995706975f,0.8896981147178656f,0.30817074442045445f,-3.901797056312977f,0f,0f,0f,1f], start_interpolation: 0, interpolation_duration: 1 }
$data merge entity $(bone_segment14) { transformation: [-0.9347147299314786f,0.27992189849528115f,0.21897968945069007f,-0.21848268764746281f,0.06265875963571896f,-0.4767028676012613f,0.8768285213550293f,0.5305588408480302f,0.34983175026008767f,0.8333055302609794f,0.4280416331928845f,-3.0473333778227154f,0f,0f,0f,1f], start_interpolation: 0, interpolation_duration: 1 }
$data merge entity $(bone_segment13) { transformation: [-0.9611352803916539f,0.18529613324753402f,0.2046565801286856f,-0.02443054159358006f,0.1101086596294254f,-0.42250826428644794f,0.8996459579658344f,0.054728809815283996f,0.25317001374781406f,0.8872159317850222f,0.38568489019634494f,-2.1036854030885546f,0f,0f,0f,1f], start_interpolation: 0, interpolation_duration: 1 }
$data merge entity $(bone_segment12) { transformation: [-0.9846563766018583f,0.08907143925387709f,0.15006031696135474f,0.07995005128205718f,0.13470076755333626f,-0.15873220484191575f,0.9780898682465562f,-0.13128549273383605f,0.11093927725490842f,0.9832956655326347f,0.14429868643508725f,-0.951385795042498f,0f,0f,0f,1f], start_interpolation: 0, interpolation_duration: 1 }
$data merge entity $(bone_segment11) { transformation: [-1.0313588242876524f,0.014936699531244612f,0.08731742372039666f,0.09124116794336921f,0.08656878420858083f,0.38643215359816724f,0.9564123055357416f,0.31580010774905964f,-0.01879582609789033f,0.9602059922676273f,-0.3862636809858029f,0.15817770327466008f,0f,0f,0f,1f], start_interpolation: 0, interpolation_duration: 1 }
$data merge entity $(bone_segment10) { transformation: [-0.9979284700349449f,-0.02945035394312997f,0.05719655012619817f,0.059538673642341465f,0.002575040469854951f,0.8700687060642149f,0.4929237424737433f,1.1187557749035602f,-0.06428170704246224f,0.49204991960203304f,-0.8681904968146911f,0.6119751597492112f,0f,0f,0f,1f], start_interpolation: 0, interpolation_duration: 1 }