# This file was generated by Animated Java via MC-Build. It is not recommended to edit this file directly.
$data merge entity $(bone_neck_spine5) { transformation: [-1.5696704687128724f,-0.04716221784909492f,0.07700350910775025f,0.203424900040456f,-0.04483519660440325f,1.5708875371529125f,0.04818035200934747f,4.205884742570334f,-0.07838125000787731f,0.04590497121069384f,-1.569639547419085f,-0.7708866488224244f,0f,0f,0f,1f], start_interpolation: 0, interpolation_duration: 1 }
$data merge entity $(bone_neck_spine2) { transformation: [-1.4949242559170208f,-0.040187263392077045f,0.07603114240904449f,-0.032819217951870816f,-0.042700187242288794f,1.495989654480689f,-0.04884597609066671f,5.814955653925304f,-0.0746488095313117f,-0.050933478497274705f,-1.494666390097721f,0.7870064067713457f,0f,0f,0f,1f], start_interpolation: 0, interpolation_duration: 1 }
$data merge entity $(bone_scale_neck_left1) { transformation: [-1.6025533995744077f,0.3471942913492956f,0.15599296908720528f,0.7779314016294467f,0.3787113858594302f,1.5220851279666279f,0.502881328228556f,4.935373433123018f,-0.03814929318625876f,0.5251362376707087f,-1.5607151066585196f,0.8231698327180491f,0f,0f,0f,1f], start_interpolation: 0, interpolation_duration: 1 }
$data merge entity $(bone_scale_neck_right1) { transformation: [-1.5742156841252737f,-0.48384127913866276f,-0.028243181356405727f,-0.791739067083425f,-0.46945085587778285f,1.4983478888895412f,0.49761890901928646f,4.890538236518615f,-0.1204821754754018f,0.48363860608866815f,-1.569914910092581f,0.7447885827101718f,0f,0f,0f,1f], start_interpolation: 0, interpolation_duration: 1 }
$data merge entity $(bone_blush_right1) { transformation: [-0.999431650542761f,-0.03311437921093213f,-0.00630981638774477f,-0.6769217877578518f,-0.033624664803470344f,0.9926009112758325f,0.11667395961070962f,4.56472780528996f,0.002399543753868638f,0.11681981349010019f,-0.9931502269877963f,2.183807327273982f,0f,0f,0f,1f], start_interpolation: 0, interpolation_duration: 1 }
$data merge entity $(bone_blush_left1) { transformation: [-0.999431650542761f,-0.03311437921093213f,-0.00630981638774477f,0.647520350705553f,-0.033624664803470344f,0.9926009112758325f,0.11667395961070962f,4.609287053471902f,0.002399543753868638f,0.11681981349010019f,-0.9931502269877963f,2.1806274631392166f,0f,0f,0f,1f], start_interpolation: 0, interpolation_duration: 1 }
$data merge entity $(bone_left_head_scales) { transformation: [-0.8835931520858109f,-0.03311437921093213f,-0.467083054152616f,0.6320914097143449f,-0.08369948099355018f,0.9926009112758325f,0.08796492378100244f,5.380104566721156f,0.46071416135004073f,0.11681981349010019f,-0.8798270243108396f,1.8755027067604004f,0f,0f,0f,1f], start_interpolation: 0, interpolation_duration: 1 }
$data merge entity $(bone_left_head_scales2) { transformation: [-0.8150673176715119f,-0.03311437921093213f,-0.5784191434878702f,0.6629055427230788f,-0.09446514688077154f,0.9926009112758325f,0.07628739711893108f,4.468660136636572f,0.5716131591282351f,0.11681981349010019f,-0.8121647169679171f,1.9378505444015164f,0f,0f,0f,1f], start_interpolation: 0, interpolation_duration: 1 }
$data merge entity $(bone_left_head_scales1) { transformation: [-0.999431650542761f,-0.03311437921093213f,-0.00630981638774477f,0.635810309723385f,-0.033624664803470344f,0.9926009112758325f,0.11667395961070962f,5.268630831568108f,0.002399543753868638f,0.11681981349010019f,-0.9931502269877963f,1.8623832941125864f,0f,0f,0f,1f], start_interpolation: 0, interpolation_duration: 1 }
$data merge entity $(bone_right_head_scales) { transformation: [-0.8894202500194286f,-0.03311437921093213f,0.45588930317002585f,-0.7147989005874229f,0.024048597108220868f,0.9926009112758325f,0.119017208467993f,5.3347900770446035f,-0.45645731874130746f,0.11681981349010019f,-0.882042996312331f,1.87873646689745f,0f,0f,0f,1f], start_interpolation: 0, interpolation_duration: 1 }
$data merge entity $(bone_right_head_scales2) { transformation: [-0.822305641666936f,-0.03311437921093213f,0.5680817455016515f,-0.683984767578689f,0.03937772105618186f,0.9926009112758325f,0.11486002794187701f,4.42334564696002f,-0.5676819767855502f,0.11681981349010019f,-0.814917360478342f,1.941084304538566f,0f,0f,0f,1f], start_interpolation: 0, interpolation_duration: 1 }
$data merge entity $(bone_right_head_scales1) { transformation: [-0.999431650542761f,-0.03311437921093213f,-0.00630981638774477f,-0.7110800005783827f,-0.033624664803470344f,0.9926009112758325f,0.11667395961070962f,5.223316341891556f,0.002399543753868638f,0.11681981349010019f,-0.9931502269877963f,1.865617054249636f,0f,0f,0f,1f], start_interpolation: 0, interpolation_duration: 1 }
$data merge entity $(bone_head_left_fin1) { transformation: [-0.731197573237183f,-0.013225687272832503f,-0.7508997190793116f,0.6492247086561901f,0.15597803724257678f,1.0224880667367586f,-0.16989468297758148f,4.860431913960529f,0.7346401560050886f,-0.23025731823822845f,-0.7113090795200996f,1.7295343261669536f,0f,0f,0f,1f], start_interpolation: 0, interpolation_duration: 1 }
$data merge entity $(bone_head_right_fin1) { transformation: [-0.7225758844846092f,-0.05663132479076497f,0.7572002259897319f,-0.6976656016455777f,-0.2048884806826366f,1.02102773674688f,-0.11915649081052342f,4.815117424283977f,-0.7311497792313275f,-0.23015310528246277f,-0.714929889208721f,1.7327680863040031f,0f,0f,0f,1f], start_interpolation: 0, interpolation_duration: 1 }
$data merge entity $(bone_right_whisker16) { transformation: [0.2651234436112443f,0.9451650538344748f,-0.19071596854429787f,-1.1897201526468688f,0.9393179126637357f,-0.29783216880437735f,-0.1702288406067661f,2.1143270796910634f,-0.21769570183344994f,-0.1340112690610571f,-0.9667727557021281f,2.0560905382742254f,0f,0f,0f,1f], start_interpolation: 0, interpolation_duration: 1 }
$data merge entity $(bone_right_whisker15) { transformation: [-0.9024734822114477f,0.38622407129457115f,-0.19071596854429787f,-0.8856641454564884f,0.4178897637370014f,0.8924070187921593f,-0.1702288406067661f,1.973534141713265f,0.10444979305377627f,-0.2333252655910557f,-0.9667727557021281f,2.0208999341691936f,0f,0f,0f,1f], start_interpolation: 0, interpolation_duration: 1 }
$data merge entity $(bone_right_whisker14) { transformation: [-0.731439657674546f,-0.6546933988693892f,-0.19071596854429787f,-0.6392318389157482f,-0.6321875847877331f,0.7558842500448921f,-0.1702288406067661f,2.186527029166163f,0.255606895097131f,-0.00394385736527492f,-0.9667727557021281f,1.9347823767390078f,0f,0f,0f,1f], start_interpolation: 0, interpolation_duration: 1 }
$data merge entity $(bone_right_whisker13) { transformation: [-0.07088208002717833f,-0.9967583639044069f,0.038059095071093674f,-0.6153506693753414f,-0.9970213147700634f,0.07196044322763898f,0.02775234232737983f,2.5224375307244364f,-0.030401128682912892f,-0.035978585256949705f,-0.9988900403836818f,1.9450249445081533f,0f,0f,0f,1f], start_interpolation: 0, interpolation_duration: 1 }
$data merge entity $(bone_right_whisker12) { transformation: [0.11304706376281279f,-0.9922017208969763f,0.05249863258871888f,-0.6661335300500425f,-0.9651803277333372f,-0.09711678397198809f,0.24288940945933873f,2.9560146310733963f,-0.23589679169326278f,-0.07812858196599358f,-0.9686323494230452f,2.050994206401611f,0f,0f,0f,1f], start_interpolation: 0, interpolation_duration: 1 }
$data merge entity $(bone_right_whisker11) { transformation: [0.30459857791282435f,-0.9487640178104723f,0.08406274348137163f,-0.8029649224718192f,-0.9489761406987438f,-0.30985767768702216f,-0.05858757515825144f,3.3823125067779105f,0.0816332696760533f,-0.061927845808936455f,-0.9947366240344533f,2.0143230110393215f,0f,0f,0f,1f], start_interpolation: 0, interpolation_duration: 1 }
$data merge entity $(bone_right_whisker10) { transformation: [0.05661485253820798f,-0.9790648017274045f,0.1955169365823709f,-0.8283973757604672f,-0.9488531279043779f,-0.11368655571331757f,-0.29453880680840916f,3.808555122828705f,0.3106002255925703f,-0.16884158572022673f,-0.9354250471274135f,1.8747955659489093f,0f,0f,0f,1f], start_interpolation: 0, interpolation_duration: 1 }
$data merge entity $(bone_right_whisker1) { transformation: [-0.32124818860525f,-0.9324454825200889f,0.1653633074346429f,-0.6840866660354525f,-0.9468834474200429f,0.3189558896681388f,-0.040974107042635155f,4.2339129214744275f,-0.014537479829082767f,-0.1697426362876593f,-0.9853811948207325f,1.88132607446588f,0f,0f,0f,1f], start_interpolation: 0, interpolation_duration: 1 }
$data merge entity $(bone_left_whisker16) { transformation: [0.2500598481617783f,-0.881369927757731f,0.4008205618249141f,1.1972958337046047f,-0.9287271608014726f,-0.33538070554207244f,-0.15806847610999886f,2.1633975647133954f,0.27374428419045405f,-0.3327263632392735f,-0.9024174389264775f,2.3157823105715503f,0f,0f,0f,1f], start_interpolation: 0, interpolation_duration: 1 }
$data merge entity $(bone_left_whisker15) { transformation: [-0.8411903260371278f,-0.3629624121033887f,0.4008205618249141f,0.9138869836237364f,-0.45373469702436625f,0.8770058047564274f,-0.15806847610999886f,2.0105279646417094f,-0.29414904401979003f,-0.31483186913592576f,-0.9024174389264775f,2.2166793611703515f,0f,0f,0f,1f], start_interpolation: 0, interpolation_duration: 1 }
$data merge entity $(bone_left_whisker14) { transformation: [-0.6844580538738099f,0.608982799187002f,0.4008205618249141f,0.6832834400822676f,0.6030806211792137f,0.7818619579045627f,-0.15806847610999886f,2.2137143067382214f,-0.4096473322815252f,0.13353587186972182f,-0.9024174389264775f,2.0786634142590956f,0f,0f,0f,1f], start_interpolation: 0, interpolation_duration: 1 }
$data merge entity $(bone_left_whisker13) { transformation: [-0.1161956869471417f,0.9774274208093311f,0.1764488577035854f,0.6441354791479279f,0.993175510295014f,0.11254427447720067f,0.030597255312182048f,2.5483291026872252f,0.010048287671049733f,0.17879995339042676f,-0.9838341367234931f,2.082048823679518f,0f,0f,0f,1f], start_interpolation: 0, interpolation_duration: 1 }
$data merge entity $(bone_left_whisker12) { transformation: [0.02040021196831402f,0.988908706494456f,0.1471169656127717f,0.6532996368680689f,0.9679236367779673f,-0.05639060110989269f,0.24483450221114367f,2.9831385488960778f,0.25041498501120363f,0.13740331264538913f,-0.9583384918471719f,2.1945399302275193f,0f,0f,0f,1f], start_interpolation: 0, interpolation_duration: 1 }
$data merge entity $(bone_left_whisker11) { transformation: [0.2762241466662278f,0.9516815105805276f,0.1341734817975559f,0.7773847027532885f,0.9609162588085725f,-0.2707897433414265f,-0.05755743616963038f,3.4148001495327414f,-0.018443545099870506f,0.1448282338504795f,-0.9892849025047838f,2.186254743952187f,0f,0f,0f,1f], start_interpolation: 0, interpolation_duration: 1 }
$data merge entity $(bone_left_whisker10) { transformation: [0.08346855849714609f,0.996261912010641f,0.022253144032030908f,0.8148803442656783f,0.9517328576432617f,-0.07307927010026649f,-0.2981006339540451f,3.842336394177175f,-0.29536006403134424f,0.046061078564381366f,-0.9542750178103196f,2.0535734651881064f,0f,0f,0f,1f], start_interpolation: 0, interpolation_duration: 1 }
$data merge entity $(bone_left_whisker1) { transformation: [-0.3550514927958886f,0.9333929470366403f,0.052115677925807485f,0.6553845564862752f,0.932980585614108f,0.3573123972219897f,-0.04330216690457256f,4.261448766621013f,-0.059039514992650866f,0.03324841671013082f,-0.9977017983624675f,2.0270518080625015f,0f,0f,0f,1f], start_interpolation: 0, interpolation_duration: 1 }
$data merge entity $(bone_upper_left_tooth1) { transformation: [-0.999431650542761f,-0.033538305734405346f,-0.003399697315647348f,0.2955694509694557f,-0.033624664803470344f,0.9989925707432011f,0.029719110295311837f,4.603772641446862f,0.002399543753868638f,0.029816533137777684f,-0.999552508146229f,2.9407036684060497f,0f,0f,0f,1f], start_interpolation: 0, interpolation_duration: 1 }
$data merge entity $(bone_upper_right_tooth1) { transformation: [-0.999431650542761f,-0.033538305734405346f,-0.003399697315647348f,-0.3778757041814281f,-0.033624664803470344f,0.9989925707432011f,0.029719110295311837f,4.5811153966085865f,0.002399543753868638f,0.029816533137777684f,-0.999552508146229f,2.9423205484745742f,0f,0f,0f,1f], start_interpolation: 0, interpolation_duration: 1 }
$data merge entity $(bone_top_lip1) { transformation: [-0.999431650542761f,-0.030822530233530408f,0.013650916576390407f,-0.017235712476543354f,-0.033624664803470344f,0.8826764505730013f,-0.46877677579067717f,4.716798786299201f,0.002399543753868638f,-0.46896935425873154f,-0.8832111791388976f,2.9451281276551295f,0f,0f,0f,1f], start_interpolation: 0, interpolation_duration: 1 }
$data merge entity $(bone_muzzle1) { transformation: [-0.999431650542761f,-0.033538305734405346f,-0.003399697315647348f,-0.02479448561685795f,-0.033624664803470344f,0.9989925707432011f,0.029719110295311837f,4.901774085979871f,0.002399543753868638f,0.029816533137777684f,-0.999552508146229f,2.3888787719736695f,0f,0f,0f,1f], start_interpolation: 0, interpolation_duration: 1 }
$data merge entity $(bone_jaw_right_tooth1) { transformation: [-0.999431650542761f,-0.030835045169909345f,0.013622623930143442f,-0.369739427640734f,-0.033624664803470344f,0.8831062914546735f,-0.46796651580003856f,4.343041591530094f,0.002399543753868638f,-0.4681586034481724f,-0.8836411965312788f,2.995039069603126f,0f,0f,0f,1f], start_interpolation: 0, interpolation_duration: 1 }
$data merge entity $(bone_jaw_left_tooth1) { transformation: [-0.999431650542761f,-0.030835045169909345f,0.013622623930143442f,0.3598261571060568f,-0.033624664803470344f,0.8831062914546735f,-0.46796651580003856f,4.367586940104892f,0.002399543753868638f,-0.4681586034481724f,-0.8836411965312788f,2.993287449528891f,0f,0f,0f,1f], start_interpolation: 0, interpolation_duration: 1 }
$data merge entity $(bone_tongue1) { transformation: [-0.999431650542761f,-0.033528036945420225f,-0.003499518818209554f,-0.007736817113347255f,-0.033624664803470344f,0.9988996769367633f,0.03269277186908942f,4.381447039280569f,0.002399543753868638f,0.03279186109717763f,-0.9994593218513482f,2.2022396469955576f,0f,0f,0f,1f], start_interpolation: 0, interpolation_duration: 1 }
$data merge entity $(bone_jaw_lips1) { transformation: [-0.999431650542761f,-0.033528036945420225f,-0.003499518818209554f,0.05585785844004705f,-0.033624664803470344f,0.9988996769367633f,0.03269277186908942f,4.224954806298959f,0.002399543753868638f,0.03279186109717763f,-0.9994593218513482f,3.095821571580221f,0f,0f,0f,1f], start_interpolation: 0, interpolation_duration: 1 }
$data merge entity $(bone_jaw3) { transformation: [-0.999431650542761f,-0.03273213536831969f,0.008061216260742658f,0.0658573483627293f,-0.033624664803470344f,0.9509514552362406f,-0.3075072547126828f,3.8685811858888712f,0.002399543753868638f,-0.30760353882604563f,-0.9515115895728579f,2.266856977844694f,0f,0f,0f,1f], start_interpolation: 0, interpolation_duration: 1 }
$data merge entity $(bone_jaw1) { transformation: [-0.999431650542761f,-0.02884525556423728f,-0.01744497419907249f,0.05018412935575011f,-0.033624664803470344f,0.8898646876481583f,0.45498375750536446f,4.277355655522597f,0.002399543753868638f,0.45531174914368255f,-0.8903288455854351f,1.466952155639029f,0f,0f,0f,1f], start_interpolation: 0, interpolation_duration: 1 }
$data merge entity $(bone_tear_right1) { transformation: [-0.999431650542761f,-0.03311437921093213f,-0.00630981638774477f,-0.6331797484317383f,-0.033624664803470344f,0.9926009112758325f,0.11667395961070962f,4.944981252746027f,0.002399543753868638f,0.11681981349010019f,-0.9931502269877963f,2.3299724148297973f,0f,0f,0f,1f], start_interpolation: 0, interpolation_duration: 1 }
$data merge entity $(bone_right_pupil1) { transformation: [-0.999431650542761f,-0.03311437921093213f,-0.00630981638774477f,-0.45127641677047003f,-0.033624664803470344f,0.9926009112758325f,0.11667395961070962f,5.054823898601656f,0.002399543753868638f,0.11681981349010019f,-0.9931502269877963f,2.4095684418505545f,0f,0f,0f,1f], start_interpolation: 0, interpolation_duration: 1 }
$data merge entity $(bone_right_sad_pupil1) { transformation: [-0.999431650542761f,-0.03311437921093213f,-0.00630981638774477f,-0.45134727896623084f,-0.033624664803470344f,0.9926009112758325f,0.11667395961070962f,5.0561342018590025f,0.002399543753868638f,0.11681981349010019f,-0.9931502269877963f,2.3984148992623124f,0f,0f,0f,1f], start_interpolation: 0, interpolation_duration: 1 }
$data merge entity $(bone_right_happy_pupil1) { transformation: [-0.999431650542761f,-0.03311437921093213f,-0.00630981638774477f,-0.4784774214916549f,-0.033624664803470344f,0.9926009112758325f,0.11667395961070962f,5.027322085002296f,0.002399543753868638f,0.11681981349010019f,-0.9931502269877963f,2.395202457222999f,0f,0f,0f,1f], start_interpolation: 0, interpolation_duration: 1 }
$data merge entity $(bone_eyelid_right1) { transformation: [-0.999431650542761f,-0.03311437921093213f,-0.00630981638774477f,-0.020903271690517866f,-0.033624664803470344f,0.9926009112758325f,0.11667395961070962f,5.080450908004911f,0.002399543753868638f,0.11681981349010019f,-0.9931502269877963f,1.8331405646200063f,0f,0f,0f,1f], start_interpolation: 0, interpolation_duration: 1 }
$data merge entity $(bone_eyelid_expressions_right5) { transformation: [-0.999431650542761f,-0.03311437921093213f,-0.00630981638774477f,-0.5841428078751078f,-0.033624664803470344f,0.9926009112758325f,0.11667395961070962f,5.163265310501911f,0.002399543753868638f,0.11681981349010019f,-0.9931502269877963f,2.4118442130609243f,0f,0f,0f,1f], start_interpolation: 0, interpolation_duration: 1 }
$data merge entity $(bone_eyelid_expressions_right7) { transformation: [-0.999431650542761f,-0.03311437921093213f,-0.00630981638774477f,-0.24742023029966584f,-0.033624664803470344f,0.9926009112758325f,0.11667395961070962f,5.1745939329210495f,0.002399543753868638f,0.11681981349010019f,-0.9931502269877963f,2.411035773026662f,0f,0f,0f,1f], start_interpolation: 0, interpolation_duration: 1 }
$data merge entity $(bone_eyelid_expressions_right6) { transformation: [-0.999431650542761f,-0.03311437921093213f,-0.00630981638774477f,-0.35966108949147985f,-0.033624664803470344f,0.9926009112758325f,0.11667395961070962f,5.170817725448003f,0.002399543753868638f,0.11681981349010019f,-0.9931502269877963f,2.4113052530380825f,0f,0f,0f,1f], start_interpolation: 0, interpolation_duration: 1 }
$data merge entity $(bone_right_eye1) { transformation: [-0.999431650542761f,-0.03311437921093213f,-0.00630981638774477f,-0.03205649541393846f,-0.033624664803470344f,0.9926009112758325f,0.11667395961070962f,5.07876298400026f,0.002399543753868638f,0.11681981349010019f,-0.9931502269877963f,1.8443210552093903f,0f,0f,0f,1f], start_interpolation: 0, interpolation_duration: 1 }
$data merge entity $(bone_tear_left1) { transformation: [-0.999431650542761f,-0.03311437921093213f,-0.00630981638774477f,0.5790215308398525f,-0.033624664803470344f,0.9926009112758325f,0.11667395961070962f,4.985764293454924f,0.002399543753868638f,0.11681981349010019f,-0.9931502269877963f,2.3270620307064527f,0f,0f,0f,1f], start_interpolation: 0, interpolation_duration: 1 }
$data merge entity $(bone_left_sad_pupil1) { transformation: [-0.999431650542761f,-0.03311437921093213f,-0.00630981638774477f,0.3904591649723739f,-0.033624664803470344f,0.9926009112758325f,0.11667395961070962f,5.084455757906848f,0.002399543753868638f,0.11681981349010019f,-0.9931502269877963f,2.3963937991766566f,0f,0f,0f,1f], start_interpolation: 0, interpolation_duration: 1 }
$data merge entity $(bone_left_pupil1) { transformation: [-0.999431650542761f,-0.03311437921093213f,-0.00630981638774477f,0.3905300271681347f,-0.033624664803470344f,0.9926009112758325f,0.11667395961070962f,5.0831454546495f,0.002399543753868638f,0.11681981349010019f,-0.9931502269877963f,2.4075473417648983f,0f,0f,0f,1f], start_interpolation: 0, interpolation_duration: 1 }
$data merge entity $(bone_eyelid_left1) { transformation: [-0.999431650542761f,-0.03311437921093213f,-0.00630981638774477f,-0.04335144352888066f,-0.033624664803470344f,0.9926009112758325f,0.11667395961070962f,5.079695666510302f,0.002399543753868638f,0.11681981349010019f,-0.9931502269877963f,1.8331944606222905f,0f,0f,0f,1f], start_interpolation: 0, interpolation_duration: 1 }
$data merge entity $(bone_left_happy_pupil1) { transformation: [-0.999431650542761f,-0.03311437921093213f,-0.00630981638774477f,0.41944945204285683f,-0.033624664803470344f,0.9926009112758325f,0.11667395961070962f,5.0575317447866635f,0.002399543753868638f,0.11681981349010019f,-0.9931502269877963f,2.3930466171316325f,0f,0f,0f,1f], start_interpolation: 0, interpolation_duration: 1 }
$data merge entity $(bone_eyelid_expressions_left5) { transformation: [-0.999431650542761f,-0.03311437921093213f,-0.00630981638774477f,0.5158176122046692f,-0.033624664803470344f,0.9926009112758325f,0.11667395961070962f,5.200272143737762f,0.002399543753868638f,0.11681981349010019f,-0.9931502269877963f,2.409203308949001f,0f,0f,0f,1f], start_interpolation: 0, interpolation_duration: 1 }
$data merge entity $(bone_eyelid_expressions_left7) { transformation: [-0.999431650542761f,-0.03311437921093213f,-0.00630981638774477f,0.17909503462922724f,-0.033624664803470344f,0.9926009112758325f,0.11667395961070962f,5.188943521318624f,0.002399543753868638f,0.11681981349010019f,-0.9931502269877963f,2.410011748983263f,0f,0f,0f,1f], start_interpolation: 0, interpolation_duration: 1 }
$data merge entity $(bone_eyelid_expressions_left6) { transformation: [-0.999431650542761f,-0.03311437921093213f,-0.00630981638774477f,0.29133589382104125f,-0.033624664803470344f,0.9926009112758325f,0.11667395961070962f,5.19271972879167f,0.002399543753868638f,0.11681981349010019f,-0.9931502269877963f,2.409742268971842f,0f,0f,0f,1f], start_interpolation: 0, interpolation_duration: 1 }
$data merge entity $(bone_left_eye1) { transformation: [-0.999431650542761f,-0.03311437921093213f,-0.00630981638774477f,-0.03205649541393846f,-0.033624664803470344f,0.9926009112758325f,0.11667395961070962f,5.07876298400026f,0.002399543753868638f,0.11681981349010019f,-0.9931502269877963f,1.8443210552093903f,0f,0f,0f,1f], start_interpolation: 0, interpolation_duration: 1 }
$data merge entity $(bone_crest_middle5) { transformation: [-0.999431650542761f,-0.03369513042487216f,0.0010070149071989502f,-0.07493497261445736f,-0.033624664803470344f,0.9943251731169743f,-0.10092983712834211f,6.398588477410961f,0.002399543753868638f,-0.10090633424889772f,-0.9948930364105595f,2.479684578494568f,0f,0f,0f,1f], start_interpolation: 0, interpolation_duration: 1 }
$data merge entity $(bone_crest_middle4) { transformation: [-0.999431650542761f,-0.03369513042487216f,0.0010070149071989502f,-0.05223024605863529f,-0.033624664803470344f,0.9943251731169743f,-0.10092983712834211f,5.72858421036925f,0.002399543753868638f,-0.10090633424889772f,-0.9948930364105595f,2.547678104502126f,0f,0f,0f,1f], start_interpolation: 0, interpolation_duration: 1 }
$data merge entity $(bone_crest_middle1) { transformation: [-0.999431650542761f,-0.03369513042487216f,0.0010070149071989502f,-0.03528652087451034f,-0.033624664803470344f,0.9943251731169743f,-0.10092983712834211f,5.234582216723219f,0.002399543753868638f,-0.10090633424889772f,-0.9948930364105595f,2.6824719702099897f,0f,0f,0f,1f], start_interpolation: 0, interpolation_duration: 1 }
$data merge entity $(bone_crest_left5) { transformation: [-0.5090658502461409f,-0.8541645981633509f,0.10608863915431688f,-1.1569518754410377f,-0.8552176369058101f,0.5158742855217123f,0.049764596478874004f,5.713366471971806f,-0.09723555747984257f,-0.065395418661434f,-0.9931106109490926f,2.5055737649755305f,0f,0f,0f,1f], start_interpolation: 0, interpolation_duration: 1 }
$data merge entity $(bone_crest_left4) { transformation: [-0.5090658502461409f,-0.8541645981633509f,0.10608863915431688f,-0.6773184340895466f,-0.8552176369058101f,0.5158742855217123f,0.049764596478874004f,5.423690969847798f,-0.09723555747984257f,-0.065395418661434f,-0.9931106109490926f,2.5422948252590505f,0f,0f,0f,1f], start_interpolation: 0, interpolation_duration: 1 }
$data merge entity $(bone_crest_left1) { transformation: [-0.5090658502461409f,-0.8541645981633509f,0.10608863915431688f,-0.14376452286914432f,-0.8552176369058101f,0.5158742855217123f,0.049764596478874004f,5.107842316239451f,-0.09723555747984257f,-0.065395418661434f,-0.9931106109490926f,2.5269225031631364f,0f,0f,0f,1f], start_interpolation: 0, interpolation_duration: 1 }
$data merge entity $(bone_crest_center1) { transformation: [-0.999431650542761f,-0.03311437921093213f,-0.00630981638774477f,-0.03059395057555033f,-0.033624664803470344f,0.9926009112758325f,0.11667395961070962f,5.083750446640188f,0.002399543753868638f,0.11681981349010019f,-0.9931502269877963f,2.5233732119718826f,0f,0f,0f,1f], start_interpolation: 0, interpolation_duration: 1 }
$data merge entity $(bone_crest_right5) { transformation: [-0.5649226185659493f,0.8172371515099556f,-0.11395557566211731f,1.0508014787653064f,0.8190845984464145f,0.5721065686940313f,0.042361475954196495f,5.787643653871751f,0.09981410531817193f,-0.06940830100957222f,-0.9925823049654358f,2.5002731516036287f,0f,0f,0f,1f], start_interpolation: 0, interpolation_duration: 1 }
$data merge entity $(bone_crest_right4) { transformation: [-0.5649226185659493f,0.8172371515099556f,-0.11395557566211731f,0.5919036641967277f,0.8190845984464145f,0.5721065686940313f,0.042361475954196495f,5.466392406802348f,0.09981410531817193f,-0.06940830100957222f,-0.9925823049654358f,2.5392475393775586f,0f,0f,0f,1f], start_interpolation: 0, interpolation_duration: 1 }
$data merge entity $(bone_crest_right1) { transformation: [-0.5649226185659493f,0.8172371515099556f,-0.11395557566211731f,0.08071719551448361f,0.8190845984464145f,0.5721065686940313f,0.042361475954196495f,5.115394731185543f,0.09981410531817193f,-0.06940830100957222f,-0.9925823049654358f,2.526383543140295f,0f,0f,0f,1f], start_interpolation: 0, interpolation_duration: 1 }
$data merge entity $(bone_head1) { transformation: [-1.04758135245693f,-0.03470973341770879f,-0.006613804937675179f,-0.03409446617626265f,-0.03524460308176252f,1.0404215280951103f,0.12229497068570468f,5.095092795577813f,0.0025151467732607456f,0.12244785137959714f,-1.0409973082359059f,1.2243165065321815f,0f,0f,0f,1f], start_interpolation: 0, interpolation_duration: 1 }
$data merge entity $(bone_neck10) { transformation: [-1.4949242559170208f,-0.04976751129154369f,0.07013519497951545f,0.030807113634105224f,-0.042700187242288794f,1.4895669348676477f,0.14683774120607546f,4.752844605726847f,-0.0746488095313117f,0.14459537701072928f,-1.4885274649353f,0.12036207466256144f,0f,0f,0f,1f], start_interpolation: 0, interpolation_duration: 1 }
$data merge entity $(bone_neck9) { transformation: [-1.1436170557765217f,-0.04771063037226409f,0.04529761566636465f,0.08939430843863962f,-0.03266564324035095f,1.0964204761603582f,0.33012610273428034f,3.3392633075452984f,-0.05710633929145349f,0.3282894815620988f,-1.0959712728018716f,-0.24432200611257088f,0f,0f,0f,1f], start_interpolation: 0, interpolation_duration: 1 }
$data merge entity $(bone_neck8) { transformation: [-1.0614031811114806f,-0.014995512616587103f,0.05906402563925043f,0.09872358284928584f,-0.029848400224906473f,1.0263148946485938f,-0.27582049855545293f,2.582191306083091f,-0.0531271825656326f,-0.2770252858869215f,-1.0250485992619207f,-0.005362099926890351f,0f,0f,0f,1f], start_interpolation: 0, interpolation_duration: 1 }
$data merge entity $(bone_neck7) { transformation: [-1.0535438540880147f,0.02875456320591104f,0.06037495724398705f,0.07143147276662862f,0f,0.9530893145466317f,-0.4539244114949491f,1.7294042890420935f,-0.06687271766106112f,-0.4530127442422268f,-0.951175118493306f,0.42461047855289386f,0f,0f,0f,1f], start_interpolation: 0, interpolation_duration: 1 }
$data merge entity $(bone_neck6) { transformation: [-1.047566300305955f,0.017209731890554417f,0.06422759380018749f,0.05677025098907151f,0f,1.01390768862361f,-0.27167574636640235f,0.8311579788892876f,-0.06649329798638842f,-0.2711301095267677f,-1.0118713442156118f,0.655590176065034f,0f,0f,0f,1f], start_interpolation: 0, interpolation_duration: 1 }
$data merge entity $(bone_neck_spine6) { transformation: [-1.2233199695089083f,0.2774920264569941f,0.21557318008097504f,0.1564759020835152f,0.14014481092156683f,-0.33075587726178923f,1.2210427306795006f,0.5702605105442349f,0.3222313651542815f,1.1973237212326018f,0.2873468677421648f,-1.8918842083223142f,0f,0f,0f,1f], start_interpolation: 0, interpolation_duration: 1 }
$data merge entity $(bone_neck_spine7) { transformation: [-0.9389485998339021f,0.3297289796776677f,0.09825643404214865f,-0.7816020951399116f,0.07005333624557902f,-0.09638214441230766f,0.9928761314078149f,1.801384603453632f,0.3368501995706975f,0.9391428444061156f,0.06739926446165379f,-5.123091246274189f,0f,0f,0f,1f], start_interpolation: 0, interpolation_duration: 1 }
$data merge entity $(bone_tail6) { transformation: [-1.5650473366878854f,0.32504486784791325f,0.6405268185946754f,-1.5420851446062174f,0.6117434811617997f,-0.2015725228961803f,1.5970098211333699f,2.0896950472808125f,0.3764288574343454f,1.6789926412662235f,0.06772712448990989f,-8.98511665066335f,0f,0f,0f,1f], start_interpolation: 0, interpolation_duration: 1 }
$data merge entity $(bone_tail5) { transformation: [-1.2928651911769486f,0.26851532561349356f,0.5291308501434275f,-1.3724965179029582f,0.5053533105249649f,-0.16651643195771415f,1.3192689826753925f,1.9845267744654143f,0.310962969184894f,1.3869939210460107f,0.0559484941438386f,-8.109120490002711f,0f,0f,0f,1f], start_interpolation: 0, interpolation_duration: 1 }
$data merge entity $(bone_tail4) { transformation: [-0.952637509288278f,0.1978533978204689f,0.3898858895793676f,-1.2877022045513287f,0.37236559722892143f,-0.12269631828463147f,0.9720929346029207f,1.9319426380577152f,0.22913060887307976f,1.0219955207707445f,0.04122520621124949f,-7.671122409672392f,0f,0f,0f,1f], start_interpolation: 0, interpolation_duration: 1 }
$data merge entity $(bone_segment18) { transformation: [-0.9088516858799969f,0.18875951493927967f,0.3719656685676451f,-1.1817093128617917f,0.3552506567351698f,-0.1170568601771391f,0.9274128866770722f,1.8662124675480911f,0.2185991398938202f,0.9750218136048844f,0.039330383068620633f,-7.123624809259493f,0f,0f,0f,1f], start_interpolation: 0, interpolation_duration: 1 }
$data merge entity $(bone_segment17) { transformation: [-0.9088516858799969f,0.18875951493927967f,0.3719656685676451f,-1.0439185536653937f,0.3552506567351698f,-0.1170568601771391f,0.9274128866770722f,1.7807632458855798f,0.2185991398938202f,0.9750218136048844f,0.039330383068620633f,-6.411877928722723f,0f,0f,0f,1f], start_interpolation: 0, interpolation_duration: 1 }
$data merge entity $(bone_segment16) { transformation: [-0.9784165255578715f,0.1037770550381047f,0.178693663465947f,-0.9448540309117341f,0.1380808634597695f,-0.3150110323505443f,0.9389897361758799f,1.4800569137345472f,0.15373606493424843f,0.9433972505498746f,0.29388237441784426f,-5.511320494726138f,0f,0f,0f,1f], start_interpolation: 0, interpolation_duration: 1 }
$data merge entity $(bone_segment15) { transformation: [-0.9389485998339021f,0.2930631007126348f,0.1802485669031822f,-0.5992742515069427f,0.07005333624557902f,-0.3500732547170261f,0.9340991630510604f,1.0672508052669603f,0.3368501995706975f,0.8896981147178656f,0.30817074442045445f,-4.4621891729274825f,0f,0f,0f,1f], start_interpolation: 0, interpolation_duration: 1 }
$data merge entity $(bone_segment14) { transformation: [-0.9797465593682809f,0.29340771912591296f,0.22952949219766325f,-0.2691905674902905f,0.06567747592025225f,-0.4996690213789259f,0.9190715620973934f,0.5051231562156688f,0.3666856236450135f,0.8734517602344896f,0.4486634306253539f,-3.479555942663682f,0f,0f,0f,1f], start_interpolation: 0, interpolation_duration: 1 }
$data merge entity $(bone_segment13) { transformation: [-0.9858519754277673f,0.19006123563248037f,0.20991955858902614f,-0.04603059952832535f,0.11294022997796856f,-0.43337354842662673f,0.9227813846192525f,-0.042081379471989144f,0.2596805707419798f,0.9100317060724625f,0.3956032190783473f,-2.394360771719397f,0f,0f,0f,1f], start_interpolation: 0, interpolation_duration: 1 }
$data merge entity $(bone_segment12) { transformation: [-1.098443164913596f,0.09936452549578016f,0.1674012715581258f,0.0740070822786574f,0.15026677422046977f,-0.17707528189884278f,1.0911178315367664f,-0.2559978274034771f,0.12375940857831086f,1.0969252102149536f,0.1609738276084127f,-1.0692162224664328f,0f,0f,0f,1f], start_interpolation: 0, interpolation_duration: 1 }
$data merge entity $(bone_segment11) { transformation: [-1.1860626479308f,0.0171772044609313f,0.10041503727845615f,0.08788746238886358f,0.09955410183986795f,0.44439697663789224f,1.0998741513661028f,0.25807543984584014f,-0.021615200012573874f,1.1042368911077711f,-0.4442032331336732f,0.20679812223663518f,0f,0f,0f,1f], start_interpolation: 0, interpolation_duration: 1 }
$data merge entity $(bone_segment10) { transformation: [-1.046005753096524f,-0.0308691860992443f,0.05995211308800719f,0.051763102360160795f,0.0026990984091578587f,0.9119860786219961f,0.5166713706918794f,1.191668823596117f,-0.06737861219945586f,0.5157554495828601f,-0.9100173827289404f,0.7344751212115929f,0f,0f,0f,1f], start_interpolation: 0, interpolation_duration: 1 }