# This file was generated by Animated Java via MC-Build. It is not recommended to edit this file directly.
$data merge entity $(bone_neck_spine5) { transformation: [-1.3615498961383319f,-0.028784428438317026f,0.12064409294046399f,0.20196767978309738f,-0.02741502452770123f,1.3668104698029977f,0.016709764310303f,3.625697808188082f,-0.12096262609621805f,0.01422169021740188f,-1.361751609792152f,-0.7237938900838445f,0f,0f,0f,1f], start_interpolation: 0, interpolation_duration: 1 }
$data merge entity $(bone_neck_spine2) { transformation: [-1.296714186798411f,-0.021273983371054173f,0.11619269482935497f,-0.042849879050192954f,-0.02610954716923926f,1.3007328489404413f,-0.05322926054667447f,5.045100810784071f,-0.11520250104401718f,-0.055339680729622774f,-1.2957958598615722f,0.6064016799642198f,0f,0f,0f,1f], start_interpolation: 0, interpolation_duration: 1 }
$data merge entity $(bone_scale_neck_left1) { transformation: [-1.3881054304396854f,0.2960472486035547f,0.19229861929015052f,0.6533562165488175f,0.34138791375549765f,1.3243562853295965f,0.42543406099234626f,4.274295090006344f,-0.08987226896157766f,0.45814394517993523f,-1.3540629672099593f,0.6709931237661892f,0f,0f,0f,1f], start_interpolation: 0, interpolation_duration: 1 }
$data merge entity $(bone_scale_neck_right1) { transformation: [-1.3674599587171419f,-0.4248023929221375f,0.032490101195828014f,-0.7081936795895142f,-0.39687166278715547f,1.3098418627151474f,0.42221629096737884f,4.246880065478643f,-0.1549372872637433f,0.3941023218014805f,-1.3682606532999522f,0.5500304976699713f,0f,0f,0f,1f], start_interpolation: 0, interpolation_duration: 1 }
$data merge entity $(bone_blush_right1) { transformation: [-0.9994998121363954f,-0.02833126531085565f,0.014052222073248424f,-0.6430268009322166f,-0.02641908242716324f,0.9922523866533358f,0.12139700681839799f,3.961095337929062f,-0.01738268169807923f,0.12096503869567163f,-0.9925045600854123f,1.8119657113861547f,0f,0f,0f,1f], start_interpolation: 0, interpolation_duration: 1 }
$data merge entity $(bone_blush_left1) { transformation: [-0.9994998121363954f,-0.02833126531085565f,0.014052222073248424f,0.5087405607093327f,-0.02641908242716324f,0.9922523866533358f,0.12139700681839799f,3.9915392024447383f,-0.01738268169807923f,0.12096503869567163f,-0.9925045600854123f,1.8319965359991754f,0f,0f,0f,1f], start_interpolation: 0, interpolation_duration: 1 }
$data merge entity $(bone_left_head_scales) { transformation: [-0.8930557551797733f,-0.02833126531085565f,-0.44905317897346003f,0.5053205933215834f,-0.07948891186480142f,0.9922523866533358f,0.09548148548964479f,4.663138025233194f,0.44286897727300145f,0.12096503869567163f,-0.8883887259429402f,1.569715780080497f,0f,0f,0f,1f], start_interpolation: 0, interpolation_duration: 1 }
$data merge entity $(bone_left_head_scales2) { transformation: [-0.8268023378375788f,-0.02833126531085565f,-0.5617786339406293f,0.5253959633779284f,-0.09127170793303051f,0.9922523866533358f,0.08428924315561855f,3.8701580834896117f,0.555038169387747f,0.12096503869567163f,-0.8229824359827208f,1.6205982537682653f,0f,0f,0f,1f], start_interpolation: 0, interpolation_duration: 1 }
$data merge entity $(bone_left_head_scales1) { transformation: [-0.9994998121363954f,-0.02833126531085565f,0.014052222073248424f,0.5080873184495966f,-0.02641908242716324f,0.9922523866533358f,0.12139700681839799f,4.566238378099079f,-0.01738268169807923f,0.12096503869567163f,-0.9925045600854123f,1.5579027880203729f,0f,0f,0f,1f], start_interpolation: 0, interpolation_duration: 1 }
$data merge entity $(bone_right_head_scales) { transformation: [-0.8800785670693869f,-0.02833126531085565f,0.47398212539185497f,-0.665968249025755f,0.03262088723375705f,0.9922523866533358f,0.11987943483701415f,4.6321781630138625f,-0.4737062312247716f,0.12096503869567163f,-0.8723358676061519f,1.5493454499655606f,0f,0f,0f,1f], start_interpolation: 0, interpolation_duration: 1 }
$data merge entity $(bone_right_head_scales2) { transformation: [-0.8106822909184042f,-0.02833126531085565f,0.5848004468168381f,-0.6458928789694101f,0.04798921717613021f,0.9922523866533358f,0.11459596945609223f,3.83919822127028f,-0.5835162878841599f,0.12096503869567163f,-0.8030418427375031f,1.6002279236533288f,0f,0f,0f,1f], start_interpolation: 0, interpolation_duration: 1 }
$data merge entity $(bone_right_head_scales1) { transformation: [-0.9994998121363954f,-0.02833126531085565f,0.014052222073248424f,-0.6632015238977418f,-0.02641908242716324f,0.9922523866533358f,0.12139700681839799f,4.535278515879748f,-0.01738268169807923f,0.12096503869567163f,-0.9925045600854123f,1.5375324579054364f,0f,0f,0f,1f], start_interpolation: 0, interpolation_duration: 1 }
$data merge entity $(bone_head_left_fin1) { transformation: [-0.710158728785021f,-0.001344280240603968f,-0.7040403204654386f,0.519491739918687f,0.1505357457336941f,0.9765821245494253f,-0.1537086310749394f,4.211756355823787f,0.6877598194041606f,-0.2151407607153184f,-0.6933259578957004f,1.4409112106697761f,0f,0f,0f,1f], start_interpolation: 0, interpolation_duration: 1 }
$data merge entity $(bone_head_right_fin1) { transformation: [-0.676889918533803f,-0.042757700251454756f,0.7348413551621249f,-0.6517971024286514f,-0.18719863661075675f,0.9754874724608784f,-0.11567567385998415f,4.180796493604455f,-0.7118825104175375f,-0.21586099726697794f,-0.668301818956473f,1.4205408805548396f,0f,0f,0f,1f], start_interpolation: 0, interpolation_duration: 1 }
$data merge entity $(bone_right_whisker16) { transformation: [0.2641197417379787f,0.9430020542468025f,-0.20245465593701056f,-1.086400337588206f,0.9434896243706736f,-0.2961771482975819f,-0.14868229730266322f,1.8258047675124531f,-0.20017015444153718f,-0.15174393731751523f,-0.9679388858591379f,1.6811426410293233f,0f,0f,0f,1f], start_interpolation: 0, interpolation_duration: 1 }
$data merge entity $(bone_right_whisker15) { transformation: [-0.9004599967687379f,0.3849466281300183f,-0.20245465593701056f,-0.822593697909865f,0.41679341980421714f,0.8967590644519341f,-0.14868229730266322f,1.7036973203041863f,0.12431829884272662f,-0.21826422935199746f,-0.9679388858591379f,1.6447212644152434f,0f,0f,0f,1f], start_interpolation: 0, interpolation_duration: 1 }
$data merge entity $(bone_right_whisker14) { transformation: [-0.7294309652691768f,-0.6534084321432523f,-0.20245465593701056f,-0.6088932198036608f,-0.6365952126258692f,0.7567298789730896f,-0.14868229730266322f,1.8901998240031714f,0.25035375405274257f,0.020428193103398013f,-0.9679388858591379f,1.571375438032604f,0f,0f,0f,1f], start_interpolation: 0, interpolation_duration: 1 }
$data merge entity $(bone_right_whisker13) { transformation: [-0.07293207741441077f,-0.9969911439203384f,0.026259684469414384f,-0.5875264002486577f,-0.996010214142237f,0.07416744375445729f,0.04962704515951746f,2.181999691427655f,-0.051425338193868714f,-0.022535510452266715f,-0.9984225485035392f,1.5864414550815888f,0f,0f,0f,1f], start_interpolation: 0, interpolation_duration: 1 }
$data merge entity $(bone_right_whisker12) { transformation: [0.10860142614718626f,-0.9932219777779557f,0.04142261577499748f,-0.6299488323374023f,-0.9599288088741623f,-0.09394975244003906f,0.2640267522617505f,2.5569718823941248f,-0.2583455285702263f,-0.06843644405798145f,-0.963625467177196f,1.6873576771793335f,0f,0f,0f,1f], start_interpolation: 0, interpolation_duration: 1 }
$data merge entity $(bone_right_whisker11) { transformation: [0.303931697490996f,-0.9499568898631383f,0.07216252948583993f,-0.7486721516698226f,-0.950977325894811f,-0.30705740424458683f,-0.03684937085665532f,2.9284474003217853f,0.05716335272004708f,-0.0574252374843111f,-0.9967119409366348f,1.6650282425230651f,0f,0f,0f,1f], start_interpolation: 0, interpolation_duration: 1 }
$data merge entity $(bone_right_whisker10) { transformation: [0.05868083562332475f,-0.9811897494488157f,0.1839109434131596f,-0.7715943530851839f,-0.9555257423236292f,-0.10854230591091066f,-0.2742063521956052f,3.3016996434169528f,0.2890105798883948f,-0.15964098284623657f,-0.94392141691375f,1.552133484754161f,0f,0f,0f,1f], start_interpolation: 0, interpolation_duration: 1 }
$data merge entity $(bone_right_whisker1) { transformation: [-0.32300691064863557f,-0.9338491053263447f,0.15359812549119783f,-0.6454197786130605f,-0.9458725920253879f,0.3239480575164453f,-0.019562609398968756f,3.67118112467687f,-0.0314892891059651f,-0.151603115114787f,-0.9879397350846324f,1.5644339883111786f,0f,0f,0f,1f], start_interpolation: 0, interpolation_duration: 1 }
$data merge entity $(bone_left_whisker16) { transformation: [0.25170915961113655f,-0.8858218767232562f,0.38982316720064647f,0.9918668891993347f,-0.9348736365546361f,-0.3267243407206983f,-0.13878936866970631f,1.8605184585399217f,0.2503073763255209f,-0.3295008465833022f,-0.9103710284592327f,1.8831447871113567f,0f,0f,0f,1f], start_interpolation: 0, interpolation_duration: 1 }
$data merge entity $(bone_left_whisker15) { transformation: [-0.8453889096188264f,-0.36517870941108793f,0.38982316720064647f,0.7441943570844443f,-0.44595466467967115f,0.8842295788960618f,-0.13878936866970631f,1.7298676778720492f,-0.29401025244697354f,-0.2911744528597f,-0.9103710284592327f,1.7970089709647823f,0f,0f,0f,1f], start_interpolation: 0, interpolation_duration: 1 }
$data merge entity $(bone_left_whisker14) { transformation: [-0.6882410994772366f,0.6118513604659392f,0.38982316720064647f,0.5425612224719726f,0.6129155676795597f,0.7778637528772682f,-0.13878936866970631f,1.9094327855906703f,-0.3881477758359662f,0.14340814013043787f,-0.9103710284592327f,1.683293802262839f,0f,0f,0f,1f], start_interpolation: 0, interpolation_duration: 1 }
$data merge entity $(bone_left_whisker13) { transformation: [-0.11438012883571937f,0.9796686209630802f,0.1648228722836143f,0.5090514191021329f,0.9928815028920043f,0.10718396610546216f,0.05194149232375361f,2.2003160383910623f,0.0332190809993243f,0.16959065572784227f,-0.9849545685702263f,1.6930259548993598f,0f,0f,0f,1f], start_interpolation: 0, interpolation_duration: 1 }
$data merge entity $(bone_left_whisker12) { transformation: [0.025013081014950103f,0.9903711075017382f,0.1361595211651378f,0.5188221538735978f,0.9621605972883902f,-0.060817421525569126f,0.2656091607317601f,2.5761600217068397f,0.2713325096699403f,0.12436362275505375f,-0.9544172874227762f,1.7990152164891802f,0f,0f,0f,1f], start_interpolation: 0, interpolation_duration: 1 }
$data merge entity $(bone_left_whisker11) { transformation: [0.2776188936920174f,0.952870210002645f,0.12233606481628816f,0.6272670342220421f,0.9606910755411325f,-0.2752741228782452f,-0.03601131279522443f,2.9514299730900944f,-0.0006381542469764412f,0.1275245865044369f,-0.9918352043540446f,1.798765937486455f,0f,0f,0f,1f], start_interpolation: 0, interpolation_duration: 1 }
$data merge entity $(bone_left_whisker10) { transformation: [0.08157812301432994f,0.9966123742310234f,0.010430022773755182f,0.6591334885245147f,0.9578685142690389f,-0.07550670252461335f,-0.27710403686320484f,3.325597361476438f,-0.2753777754603366f,0.03259621762508303f,-0.9607833092737689f,1.691196493947261f,0f,0f,0f,1f], start_interpolation: 0, interpolation_duration: 1 }
$data merge entity $(bone_left_whisker1) { transformation: [-0.35414028571968753f,0.9343275273064544f,0.04020857803733539f,0.5207974394152618f,0.9345620741805865f,0.3551525655672194f,-0.021456576481412803f,3.6906606717032293f,-0.03432764969610963f,0.029978773964730226f,-0.9989609029275934f,1.6777872557847182f,0f,0f,0f,1f], start_interpolation: 0, interpolation_duration: 1 }
$data merge entity $(bone_upper_left_tooth1) { transformation: [-0.9994998121363954f,-0.026998724440855985f,0.016467981596926466f,0.1897324591361012f,-0.02641908242716324f,0.9990570130495339f,0.034454560804787565f,3.98583807135031f,-0.01738268169807923f,0.034002258088409065f,-0.9992705783829885f,2.4867664065193593f,0f,0f,0f,1f], start_interpolation: 0, interpolation_duration: 1 }
$data merge entity $(bone_upper_right_tooth1) { transformation: [-0.9994998121363954f,-0.026998724440855985f,0.016467981596926466f,-0.39591196203756795f,-0.02641908242716324f,0.9990570130495339f,0.034454560804787565f,3.970358140240644f,-0.01738268169807923f,0.034002258088409065f,-0.9992705783829885f,2.476581241461891f,0f,0f,0f,1f], start_interpolation: 0, interpolation_duration: 1 }
$data merge entity $(bone_top_lip1) { transformation: [-0.9994998121363954f,-0.015472965677482802f,0.027581023774570484f,-0.08158784182685097f,-0.02641908242716324f,0.8878977791590794f,-0.45928157577686685f,4.08606368875469f,-0.01738268169807923f,-0.4597805140472119f,-0.8878624450214486f,2.4857507976181985f,0f,0f,0f,1f], start_interpolation: 0, interpolation_duration: 1 }
$data merge entity $(bone_muzzle1) { transformation: [-0.9994998121363954f,-0.026998724440855985f,0.016467981596926466f,-0.07750172646324273f,-0.02641908242716324f,0.9990570130495339f,0.034454560804787565f,4.249233446918581f,-0.01738268169807923f,0.034002258088409065f,-0.9992705783829885f,2.0028065100417995f,0f,0f,0f,1f], start_interpolation: 0, interpolation_duration: 1 }
$data merge entity $(bone_jaw_right_tooth1) { transformation: [-0.9994998121363954f,-0.015376894163877584f,0.027634700381637768f,-0.3911570079498498f,-0.02641908242716324f,0.8862941721506804f,-0.4623685461787458f,3.7608097490515395f,-0.01738268169807923f,-0.4628673584706671f,-0.8862571019965764f,2.521654867932283f,0f,0f,0f,1f], start_interpolation: 0, interpolation_duration: 1 }
$data merge entity $(bone_jaw_left_tooth1) { transformation: [-0.9994998121363954f,-0.015376894163877584f,0.027634700381637768f,0.24329111498829173f,-0.02641908242716324f,0.8862941721506804f,-0.4623685461787458f,3.7775796744203447f,-0.01738268169807923f,-0.4628673584706671f,-0.8862571019965764f,2.532688796744541f,0f,0f,0f,1f], start_interpolation: 0, interpolation_duration: 1 }
$data merge entity $(bone_tongue1) { transformation: [-0.9994998121363954f,-0.027121996286101666f,0.016264158655358442f,-0.06274420528287178f,-0.02641908242716324f,0.9987691599345248f,0.04197853317340333f,3.798566167758992f,-0.01738268169807923f,0.041527851872453725f,-0.9989861259776548f,1.8391997834484366f,0f,0f,0f,1f], start_interpolation: 0, interpolation_duration: 1 }
$data merge entity $(bone_jaw_lips1) { transformation: [-0.9994998121363954f,-0.027121996286101666f,0.016264158655358442f,-0.02360095862623516f,-0.02641908242716324f,0.9987691599345248f,0.04197853317340333f,3.6548942867006877f,-0.01738268169807923f,0.041527851872453725f,-0.9989861259776548f,2.6158426986736396f,0f,0f,0f,1f], start_interpolation: 0, interpolation_duration: 1 }
$data merge entity $(bone_jaw3) { transformation: [-0.9994998121363954f,-0.019941999951477843f,0.024544697538271702f,-0.002964811743014279f,-0.02641908242716324f,0.9531188276379738f,-0.3014407611550257f,3.3495848863150495f,-0.01738268169807923f,-0.3019384325321136f,-0.9531689385082969f,1.8932941911087662f,0f,0f,0f,1f], start_interpolation: 0, interpolation_duration: 1 }
$data merge entity $(bone_jaw1) { transformation: [-0.9994998121363954f,-0.031456845467596466f,0.003254598675372894f,-0.00042215652787920555f,-0.02641908242716324f,0.8871075926381367f,0.4608059799606305f,3.709589558159292f,-0.01738268169807923f,0.4604895068913058f,-0.8874949331798945f,1.1999387745619736f,0f,0f,0f,1f], start_interpolation: 0, interpolation_duration: 1 }
$data merge entity $(bone_tear_right1) { transformation: [-0.9994998121363954f,-0.02833126531085565f,0.014052222073248424f,-0.6051416956964472f,-0.02641908242716324f,0.9922523866533358f,0.12139700681839799f,4.290864438355204f,-0.01738268169807923f,0.12096503869567163f,-0.9925045600854123f,1.9413917934526355f,0f,0f,0f,1f], start_interpolation: 0, interpolation_duration: 1 }
$data merge entity $(bone_right_pupil1) { transformation: [-0.9994998121363954f,-0.02833126531085565f,0.014052222073248424f,-0.4476798897324971f,-0.02641908242716324f,0.9922523866533358f,0.12139700681839799f,4.384907952420248f,-0.01738268169807923f,0.12096503869567163f,-0.9925045600854123f,2.01416026453898f,0f,0f,0f,1f], start_interpolation: 0, interpolation_duration: 1 }
$data merge entity $(bone_right_sad_pupil1) { transformation: [-0.9994998121363954f,-0.02833126531085565f,0.014052222073248424f,-0.447542661001313f,-0.02641908242716324f,0.9922523866533358f,0.12139700681839799f,4.386093470064959f,-0.01738268169807923f,0.12096503869567163f,-0.9925045600854123f,2.0044678371943956f,0f,0f,0f,1f], start_interpolation: 0, interpolation_duration: 1 }
$data merge entity $(bone_right_happy_pupil1) { transformation: [-0.9994998121363954f,-0.02833126531085565f,0.014052222073248424f,-0.47125252711137505f,-0.02641908242716324f,0.9922523866533358f,0.12139700681839799f,4.361223879486695f,-0.01738268169807923f,0.12096503869567163f,-0.9925045600854123f,2.0010902505356327f,0f,0f,0f,1f], start_interpolation: 0, interpolation_duration: 1 }
$data merge entity $(bone_eyelid_right1) { transformation: [-0.9994998121363954f,-0.02833126531085565f,0.014052222073248424f,-0.06350904594797409f,-0.02641908242716324f,0.9922523866533358f,0.12139700681839799f,4.40685249278478f,-0.01738268169807923f,0.12096503869567163f,-0.9925045600854123f,1.520475460279092f,0f,0f,0f,1f], start_interpolation: 0, interpolation_duration: 1 }
$data merge entity $(bone_eyelid_expressions_right5) { transformation: [-0.9994998121363954f,-0.02833126531085565f,0.014052222073248424f,-0.5625575878439216f,-0.02641908242716324f,0.9922523866533358f,0.12139700681839799f,4.480026138659017f,-0.01738268169807923f,0.12096503869567163f,-0.9925045600854123f,2.0143286780505933f,0f,0f,0f,1f], start_interpolation: 0, interpolation_duration: 1 }
$data merge entity $(bone_eyelid_expressions_right7) { transformation: [-0.9994998121363954f,-0.02833126531085565f,0.014052222073248424f,-0.269735377257087f,-0.02641908242716324f,0.9922523866533358f,0.12139700681839799f,4.487766104213851f,-0.01738268169807923f,0.12096503869567163f,-0.9925045600854123f,2.019421260579327f,0f,0f,0f,1f], start_interpolation: 0, interpolation_duration: 1 }
$data merge entity $(bone_eyelid_expressions_right6) { transformation: [-0.9994998121363954f,-0.02833126531085565f,0.014052222073248424f,-0.3673427807860319f,-0.02641908242716324f,0.9922523866533358f,0.12139700681839799f,4.485186115695573f,-0.01738268169807923f,0.12096503869567163f,-0.9925045600854123f,2.017723733069749f,0f,0f,0f,1f], start_interpolation: 0, interpolation_duration: 1 }
$data merge entity $(bone_right_eye1) { transformation: [-0.9994998121363954f,-0.02833126531085565f,0.014052222073248424f,-0.07340701503205264f,-0.02641908242716324f,0.9922523866533358f,0.12139700681839799f,4.405408976288241f,-0.01738268169807923f,0.12096503869567163f,-0.9925045600854123f,1.5299981348727183f,0f,0f,0f,1f], start_interpolation: 0, interpolation_duration: 1 }
$data merge entity $(bone_tear_left1) { transformation: [-0.9994998121363954f,-0.02833126531085565f,0.014052222073248424f,0.4490182624161572f,-0.02641908242716324f,0.9922523866533358f,0.12139700681839799f,4.318728314352603f,-0.01738268169807923f,0.12096503869567163f,-0.9925045600854123f,1.9597250905560784f,0f,0f,0f,1f], start_interpolation: 0, interpolation_duration: 1 }
$data merge entity $(bone_left_sad_pupil1) { transformation: [-0.9994998121363954f,-0.02833126531085565f,0.014052222073248424f,0.2845128654657734f,-0.02641908242716324f,0.9922523866533358f,0.12139700681839799f,4.405443383952042f,-0.01738268169807923f,0.12096503869567163f,-0.9925045600854123f,2.017199293516231f,0f,0f,0f,1f], start_interpolation: 0, interpolation_duration: 1 }
$data merge entity $(bone_left_pupil1) { transformation: [-0.9994998121363954f,-0.02833126531085565f,0.014052222073248424f,0.2843756367345893f,-0.02641908242716324f,0.9922523866533358f,0.12139700681839799f,4.40425786630733f,-0.01738268169807923f,0.12096503869567163f,-0.9925045600854123f,2.0268917208608155f,0f,0f,0f,1f], start_interpolation: 0, interpolation_duration: 1 }
$data merge entity $(bone_eyelid_left1) { transformation: [-0.9994998121363954f,-0.02833126531085565f,0.014052222073248424f,-0.08303052665376306f,-0.02641908242716324f,0.9922523866533358f,0.12139700681839799f,4.406336495081124f,-0.01738268169807923f,0.12096503869567163f,-0.9925045600854123f,1.5201359547771764f,0f,0f,0f,1f], start_interpolation: 0, interpolation_duration: 1 }
$data merge entity $(bone_left_happy_pupil1) { transformation: [-0.9994998121363954f,-0.02833126531085565f,0.014052222073248424f,0.3096067011201838f,-0.02641908242716324f,0.9922523866533358f,0.12139700681839799f,4.381863787632916f,-0.01738268169807923f,0.12096503869567163f,-0.9925045600854123f,2.0146704706122573f,0f,0f,0f,1f], start_interpolation: 0, interpolation_duration: 1 }
$data merge entity $(bone_eyelid_expressions_left5) { transformation: [-0.9994998121363954f,-0.02833126531085565f,0.014052222073248424f,0.39399496673973805f,-0.02641908242716324f,0.9922523866533358f,0.12139700681839799f,4.5053100261381385f,-0.01738268169807923f,0.12096503869567163f,-0.9925045600854123f,2.030964447644458f,0f,0f,0f,1f], start_interpolation: 0, interpolation_duration: 1 }
$data merge entity $(bone_eyelid_expressions_left7) { transformation: [-0.9994998121363954f,-0.02833126531085565f,0.014052222073248424f,0.10117275615290351f,-0.02641908242716324f,0.9922523866533358f,0.12139700681839799f,4.497570060583306f,-0.01738268169807923f,0.12096503869567163f,-0.9925045600854123f,2.025871865115724f,0f,0f,0f,1f], start_interpolation: 0, interpolation_duration: 1 }
$data merge entity $(bone_eyelid_expressions_left6) { transformation: [-0.9994998121363954f,-0.02833126531085565f,0.014052222073248424f,0.19878015968184837f,-0.02641908242716324f,0.9922523866533358f,0.12139700681839799f,4.500150049101584f,-0.01738268169807923f,0.12096503869567163f,-0.9925045600854123f,2.027569392625302f,0f,0f,0f,1f], start_interpolation: 0, interpolation_duration: 1 }
$data merge entity $(bone_left_eye1) { transformation: [-0.9994998121363954f,-0.02833126531085565f,0.014052222073248424f,-0.07340701503205264f,-0.02641908242716324f,0.9922523866533358f,0.12139700681839799f,4.405408976288241f,-0.01738268169807923f,0.12096503869567163f,-0.9925045600854123f,1.5299981348727183f,0f,0f,0f,1f], start_interpolation: 0, interpolation_duration: 1 }
$data merge entity $(bone_crest_middle5) { transformation: [-0.9994998121363954f,-0.024618243679137473f,0.01985113642753459f,-0.11337061223852644f,-0.02641908242716324f,0.9950071644338914f,-0.0962433104632959f,5.550705342792502f,-0.01738268169807923f,-0.09671961953700084f,-0.9951598653350129f,2.0872153098859876f,0f,0f,0f,1f], start_interpolation: 0, interpolation_duration: 1 }
$data merge entity $(bone_crest_middle4) { transformation: [-0.9994998121363954f,-0.024618243679137473f,0.01985113642753459f,-0.09894586008278183f,-0.02641908242716324f,0.9950071644338914f,-0.0962433104632959f,4.9676933323820185f,-0.01738268169807923f,-0.09671961953700084f,-0.9951598653350129f,2.143886961958449f,0f,0f,0f,1f], start_interpolation: 0, interpolation_duration: 1 }
$data merge entity $(bone_crest_middle1) { transformation: [-0.9994998121363954f,-0.024618243679137473f,0.01985113642753459f,-0.08958124282576709f,-0.02641908242716324f,0.9950071644338914f,-0.0962433104632959f,4.537483425240764f,-0.01738268169807923f,-0.09671961953700084f,-0.9951598653350129f,2.259278697449595f,0f,0f,0f,1f], start_interpolation: 0, interpolation_duration: 1 }
$data merge entity $(bone_crest_left5) { transformation: [-0.5131365107913781f,-0.8490158350973385f,0.12594853332539527f,-1.0587375760741906f,-0.8510521376318407f,0.5223302426781284f,0.05367845579077629f,4.961569091868392f,-0.11136058694674963f,-0.07964439300902451f,-0.9905834595515409f,2.0883609591589565f,0f,0f,0f,1f], start_interpolation: 0, interpolation_duration: 1 }
$data merge entity $(bone_crest_left4) { transformation: [-0.5131365107913781f,-0.8490158350973385f,0.12594853332539527f,-0.6441790628430684f,-0.8510521376318407f,0.5223302426781284f,0.05367845579077629f,4.706525028060712f,-0.11136058694674963f,-0.07964439300902451f,-0.9905834595515409f,2.127249822932894f,0f,0f,0f,1f], start_interpolation: 0, interpolation_duration: 1 }
$data merge entity $(bone_crest_left1) { transformation: [-0.5131365107913781f,-0.8490158350973385f,0.12594853332539527f,-0.18201486756005475f,-0.8510521376318407f,0.5223302426781284f,0.05367845579077629f,4.428597576221423f,-0.11136058694674963f,-0.07964439300902451f,-0.9905834595515409f,2.1216592400983108f,0f,0f,0f,1f], start_interpolation: 0, interpolation_duration: 1 }
$data merge entity $(bone_crest_center1) { transformation: [-0.9994998121363954f,-0.02833126531085565f,0.014052222073248424f,-0.08371579160262699f,-0.02641908242716324f,0.9922523866533358f,0.12139700681839799f,4.406952963035043f,-0.01738268169807923f,0.12096503869567163f,-0.9925045600854123f,2.1204035573944324f,0f,0f,0f,1f], start_interpolation: 0, interpolation_duration: 1 }
$data merge entity $(bone_crest_right5) { transformation: [-0.5609252044158402f,0.8224999047690935f,-0.09411068858466434f,0.8611788793775044f,0.8226622123498462f,0.5665122540938603f,0.047861783639460365f,5.012316906399171f,0.09268117080995869f,-0.0505744265051563f,-0.9944105932465571f,2.1217509570626953f,0f,0f,0f,1f], start_interpolation: 0, interpolation_duration: 1 }
$data merge entity $(bone_crest_right4) { transformation: [-0.5609252044158402f,0.8224999047690935f,-0.09411068858466434f,0.4595675977519704f,0.8226622123498462f,0.5665122540938603f,0.047861783639460365f,4.735699594829903f,0.09268117080995869f,-0.0505744265051563f,-0.9944105932465571f,2.146445501254666f,0f,0f,0f,1f], start_interpolation: 0, interpolation_duration: 1 }
$data merge entity $(bone_crest_right1) { transformation: [-0.5609252044158402f,0.8224999047690935f,-0.09411068858466434f,0.013199939497834962f,0.8226622123498462f,0.5665122540938603f,0.047861783639460365f,4.433757553257979f,0.09268117080995869f,-0.0505744265051563f,-0.9944105932465571f,2.125054295117467f,0f,0f,0f,1f], start_interpolation: 0, interpolation_duration: 1 }
$data merge entity $(bone_head1) { transformation: [-0.9994998121363954f,-0.02833126531085565f,0.014052222073248424f,-0.06447607225292236f,-0.02641908242716324f,0.9922523866533358f,0.12139700681839799f,4.422162623180284f,-0.01738268169807923f,0.12096503869567163f,-0.9925045600854123f,0.9910081348905304f,0f,0f,0f,1f], start_interpolation: 0, interpolation_duration: 1 }
$data merge entity $(bone_neck10) { transformation: [-1.296714186798411f,-0.036258171514045735f,0.1124218381749629f,0.02650193890095244f,-0.02610954716923926f,1.2965527117959637f,0.11700582902400723f,4.116563462821101f,-0.11520250104401718f,0.1142690573927868f,-1.2919334244535248f,0.036224852749557834f,0f,0f,0f,1f], start_interpolation: 0, interpolation_duration: 1 }
$data merge entity $(bone_neck9) { transformation: [-0.9958764954611797f,-0.04317521316984728f,0.07978663268804445f,0.07741838957126422f,-0.020052132225975752f,0.9624961661676464f,0.27055321492411577f,2.881433895668614f,-0.0884755208018052f,0.2678376954058578f,-0.9593930639412234f,-0.2569581070459051f,0f,0f,0f,1f], start_interpolation: 0, interpolation_duration: 1 }
$data merge entity $(bone_neck8) { transformation: [-0.9958844384244016f,0.0023920685110094004f,0.0906005701546785f,0.07215824925345866f,-0.022226515281604072f,0.9626790002443699f,-0.2697315786238932f,2.262768802721734f,-0.08786448271372685f,-0.27063521666024815f,-0.958663868194014f,-0.040838231955085014f,0f,0f,0f,1f], start_interpolation: 0, interpolation_duration: 1 }
$data merge entity $(bone_neck7) { transformation: [-0.9951300791128439f,0.042847257018463564f,0.08877070581480535f,0.035215693140942333f,0f,0.9005816876749418f,-0.4346868111923271f,1.537562838348351f,-0.09857040958048716f,-0.4325699208111302f,-0.8961959261035433f,0.33212003151708513f,0f,0f,0f,1f], start_interpolation: 0, interpolation_duration: 1 }
$data merge entity $(bone_neck6) { transformation: [-0.9951300791128439f,0.02551189928298605f,0.09521170432168394f,0.015765495838107893f,0f,0.9659258262890684f,-0.25881904510252074f,0.7666602650598264f,-0.09857040958048716f,-0.25755861682878217f,-0.9612218439321797f,0.5284819667378721f,0f,0f,0f,1f], start_interpolation: 0, interpolation_duration: 1 }
$data merge entity $(bone_neck_spine6) { transformation: [-1.0730179397267638f,0.23060101825364507f,0.14281928764097174f,0.19568966304476285f,0.08830868047635446f,-0.25400762098562896f,1.0736029913106184f,0.5551913237765572f,0.25646784495218444f,1.0522570866375596f,0.227861680946971f,-1.6720107606464603f,0f,0f,0f,1f], start_interpolation: 0, interpolation_duration: 1 }
$data merge entity $(bone_neck_spine7) { transformation: [-0.8950070077171737f,0.44593283100454745f,0.01031340726534101f,-0.7758049144489827f,-0.023712708784241553f,-0.0706558535163038f,0.9972188615374243f,1.53728313967177f,0.4454213326495093f,0.8922733104806803f,0.0738117593922733f,-4.44619130730097f,0f,0f,0f,1f], start_interpolation: 0, interpolation_duration: 1 }
$data merge entity $(bone_tail6) { transformation: [-1.3650680608292571f,0.5737480902333932f,0.2227029410255138f,-2.092417215270013f,0.1705537256005421f,-0.16796291822745996f,1.4781387507498471f,1.77351131475097f,0.591350063559356f,1.372878679540941f,0.08776967172261671f,-7.606572154186269f,0f,0f,0f,1f], start_interpolation: 0, interpolation_duration: 1 }
$data merge entity $(bone_tail5) { transformation: [-1.1276649198154736f,0.473965813671064f,0.1839719947602071f,-1.793070385583025f,0.14089220810479566f,-0.13875197592703215f,1.2210711419237867f,1.6858784878496864f,0.48850657424468547f,1.13411717005556f,0.07250538098824859f,-6.890287625730125f,0f,0f,0f,1f], start_interpolation: 0, interpolation_duration: 1 }
$data merge entity $(bone_tail4) { transformation: [-0.9116280614929301f,0.38316394199934434f,0.14872683365877792f,-1.643396970739531f,0.11390022718366638f,-0.11217001843364283f,0.9871396178920718f,1.6420620743990446f,0.39491899896833516f,0.9168441964238632f,0.058614876419973594f,-6.532145361502054f,0f,0f,0f,1f], start_interpolation: 0, interpolation_duration: 1 }
$data merge entity $(bone_segment18) { transformation: [-0.9116280614929301f,0.38316394199934434f,0.14872683365877792f,-1.4563052021851637f,0.11390022718366638f,-0.11217001843364283f,0.9871396178920718f,1.5872915575857425f,0.39491899896833516f,0.9168441964238632f,0.058614876419973594f,-6.084467531216965f,0f,0f,0f,1f], start_interpolation: 0, interpolation_duration: 1 }
$data merge entity $(bone_segment17) { transformation: [-0.9116280614929301f,0.38316394199934434f,0.14872683365877792f,-1.213085903064486f,0.11390022718366638f,-0.11217001843364283f,0.9871396178920718f,1.5160898857284497f,0.39491899896833516f,0.9168441964238632f,0.058614876419973594f,-5.502486351846349f,0f,0f,0f,1f], start_interpolation: 0, interpolation_duration: 1 }
$data merge entity $(bone_segment16) { transformation: [-0.9315296588927421f,0.34189104818695126f,0.12394759284794295f,-0.9292896228311769f,0.0073055193398551925f,-0.3231672589149012f,0.9463136647817173f,1.247835813386979f,0.3635919745956264f,0.8824247468963328f,0.2985421947976473f,-4.770004872489041f,0f,0f,0f,1f], start_interpolation: 0, interpolation_duration: 1 }
$data merge entity $(bone_segment15) { transformation: [-0.8950070077171737f,0.428068732037322f,0.1253778959350909f,-0.49035195814446975f,-0.023712708784241553f,-0.3263475471912341f,0.9449523722835872f,0.9132020980053424f,0.4454213326495093f,0.8427659456184883f,0.30223401086990614f,-3.9058405727825836f,0f,0f,0f,1f], start_interpolation: 0, interpolation_duration: 1 }
$data merge entity $(bone_segment14) { transformation: [-0.9236442886666705f,0.33779904953143763f,0.18103322940581265f,-0.1439759796210231f,0.010785600468714754f,-0.4492642744895398f,0.8933338023885119f,0.45253072279634177f,0.3830990718286452f,0.8270752165329613f,0.41131701564728124f,-3.05776539957984f,0f,0f,0f,1f], start_interpolation: 0, interpolation_duration: 1 }
$data merge entity $(bone_segment13) { transformation: [-0.9695032678942994f,0.1827816161227193f,0.16326142946158856f,0.04838563584978642f,0.0797894901245179f,-0.39446095280160043f,0.9154420757101583f,0.006443997178128685f,0.23172624108620896f,0.9005506301826791f,0.36784713084328347f,-2.0993575552039156f,0f,0f,0f,1f], start_interpolation: 0, interpolation_duration: 1 }
$data merge entity $(bone_segment12) { transformation: [-0.9923980919345062f,0.05259972445211509f,0.11126228521971289f,0.1100259379421088f,0.10349373034268838f,-0.13253007484718798f,0.985761039522639f,-0.14886468428341976f,0.06659635804235903f,0.9897823236694825f,0.12607885170373978f,-0.9394563946537406f,0f,0f,0f,1f], start_interpolation: 0, interpolation_duration: 1 }
$data merge entity $(bone_segment11) { transformation: [-1.0320307322628584f,-0.03442082168834313f,0.07263770793018036f,0.06406932699202655f,0.053676938329521966f,0.40117958273768933f,0.952744556846191f,0.3150840993666697f,-0.05983156249522153f,0.9536344222723796f,-0.39818341841501576f,0.16226325289107396f,0f,0f,0f,1f], start_interpolation: 0, interpolation_duration: 1 }
$data merge entity $(bone_segment10) { transformation: [-0.9954955594470908f,-0.056947966461244f,0.07579921000282744f,0.0077272043374291555f,-0.01273407420378247f,0.8725706837046043f,0.48832186649120307f,1.1202885954542596f,-0.09394910577166912f,0.48515701690814345f,-0.8693654205623174f,0.6096335586917524f,0f,0f,0f,1f], start_interpolation: 0, interpolation_duration: 1 }