# This file was generated by Animated Java via MC-Build. It is not recommended to edit this file directly.
$data merge entity $(bone_neck_spine5) { transformation: [-1.3535704135231417f,0.030854557004719767f,0.1899915579784645f,0.1593048589878074f,0.024337211858318948f,1.3661113250880261f,-0.048468626362338285f,3.5966056878092085f,-0.19093584239216332f,-0.044603855601631194f,-1.3530541971080516f,-0.7709306949388136f,0f,0f,0f,1f], start_interpolation: 0, interpolation_duration: 1 }
$data merge entity $(bone_neck_spine2) { transformation: [-1.2891146795458488f,0.031034590340223846f,0.18066876909488766f,-0.09585636416885857f,0.023178297007922805f,1.300583212898362f,-0.058026544091745805f,5.0581383891030285f,-0.1818436594211079f,-0.054232531508618544f,-1.2881819448350265f,0.5249700952722147f,0f,0f,0f,1f], start_interpolation: 0, interpolation_duration: 1 }
$data merge entity $(bone_scale_neck_left1) { transformation: [-1.3676619101116436f,0.32215720074897136f,0.2778039885209255f,0.5663130167832774f,0.39389318999047723f,1.312289297271511f,0.4173779744410902f,4.261438499378735f,-0.16065015689900056f,0.47494310888253566f,-1.3416705962404094f,0.6240530806333582f,0f,0f,0f,1f], start_interpolation: 0, interpolation_duration: 1 }
$data merge entity $(bone_scale_neck_right1) { transformation: [-1.3717542463360777f,-0.39446783821236786f,0.11893204226690779f,-0.7872573967398641f,-0.3446384554739045f,1.3251742238493482f,0.4202344938919429f,4.285775711237054f,-0.22577431446087481f,0.3738553456406858f,-1.3640812138096408f,0.43311723824119486f,0f,0f,0f,1f], start_interpolation: 0, interpolation_duration: 1 }
$data merge entity $(bone_blush_right1) { transformation: [-0.9979313374205866f,0.0009876511578610445f,0.06428118184312914f,-0.7927264359174737f,0.011113392193334144f,0.9874791908279577f,0.1573573646059166f,3.9671805594280394f,-0.06332091524856696f,0.1577462272986348f,-0.98544740573261f,1.6826483132089052f,0f,0f,0f,1f], start_interpolation: 0, interpolation_duration: 1 }
$data merge entity $(bone_blush_left1) { transformation: [-0.9979313374205866f,0.0009876511578610445f,0.06428118184312914f,0.3572335036882803f,0.011113392193334144f,0.9874791908279577f,0.1573573646059166f,3.954374111392752f,-0.06332091524856696f,0.1577462272986348f,-0.98544740573261f,1.755615774139871f,0f,0f,0f,1f], start_interpolation: 0, interpolation_duration: 1 }
$data merge entity $(bone_left_head_scales) { transformation: [-0.9148576536332655f,0.0009876511578610445f,-0.40377530649338383f,0.389576960985068f,-0.06280184562025592f,0.9874791908279577f,0.14470928051943238f,4.634867683393054f,0.3988626352208555f,0.1577462272986348f,-0.9033408692169984f,1.5195431812591922f,0f,0f,0f,1f], start_interpolation: 0, interpolation_duration: 1 }
$data merge entity $(bone_left_head_scales2) { transformation: [-0.8543276663141367f,0.0009876511578610445f,-0.5197338387246216f,0.37938916977143694f,-0.08115291849009888f,0.9874791908279577f,0.13527398679088895f,3.8403491703527677f,0.5133599540193802f,0.1577462272986348f,-0.8435506418599107f,1.5406565885062464f,0f,0f,0f,1f], start_interpolation: 0, interpolation_duration: 1 }
$data merge entity $(bone_left_head_scales1) { transformation: [-0.9979313374205866f,0.0009876511578610445f,0.06428118184312914f,0.38948051067668316f,0.011113392193334144f,0.9874791908279577f,0.1573573646059166f,4.538434168663762f,-0.06332091524856696f,0.1577462272986348f,-0.98544740573261f,1.5041382762495599f,0f,0f,0f,1f], start_interpolation: 0, interpolation_duration: 1 }
$data merge entity $(bone_right_head_scales) { transformation: [-0.8554941604869177f,0.0009876511578610445f,0.5178115158220934f,-0.7798738250546817f,0.08251724415794726f,0.9874791908279577f,0.13444609365221422f,4.647891189869618f,-0.5111953108053334f,0.1577462272986348f,-0.8448641796074006f,1.4453389837022779f,0f,0f,0f,1f], start_interpolation: 0, interpolation_duration: 1 }
$data merge entity $(bone_right_head_scales2) { transformation: [-0.7805873239021056f,0.0009876511578610445f,0.625045961756845f,-0.7900616162683128f,0.09936003435840886f,0.9874791908279577f,0.12252522701084069f,3.853372676829331f,-0.6170988683636075f,0.1577462272986348f,-0.7709118720303915f,1.466452390949332f,0f,0f,0f,1f], start_interpolation: 0, interpolation_duration: 1 }
$data merge entity $(bone_right_head_scales1) { transformation: [-0.9979313374205866f,0.0009876511578610445f,0.06428118184312914f,-0.7799702753630666f,0.011113392193334144f,0.9874791908279577f,0.1573573646059166f,4.551457675140325f,-0.06332091524856696f,0.1577462272986348f,-0.98544740573261f,1.4299340786926455f,0f,0f,0f,1f], start_interpolation: 0, interpolation_duration: 1 }
$data merge entity $(bone_head_left_fin1) { transformation: [-0.7355318503015903f,0.04295103054572552f,-0.6761272854773566f,0.39382689661428766f,0.15112393562151233f,0.9832444172033548f,-0.10194102275679029f,4.188333945444957f,0.6604199067821803f,-0.17715988545236658f,-0.7296985142593623f,1.3741939160493928f,0f,0f,0f,1f], start_interpolation: 0, interpolation_duration: 1 }
$data merge entity $(bone_head_right_fin1) { transformation: [-0.6493401575556751f,0.0016025989434701772f,0.760496411209282f,-0.7756238894254621f,-0.13570140585040702f,0.98370489110546f,-0.11793988157285251f,4.20135745192152f,-0.7482930497043214f,-0.17978353342790268f,-0.6385416140490643f,1.2999897184924785f,0f,0f,0f,1f], start_interpolation: 0, interpolation_duration: 1 }
$data merge entity $(bone_right_whisker16) { transformation: [0.25971818154997395f,0.9182542668919264f,-0.29892401627695475f,-1.2478947592846557f,0.9550935110980591f,-0.28997240792249795f,-0.060929366499336085f,1.8253957903682774f,-0.14262836755273012f,-0.2696759239872907f,-0.9523297983318828f,1.5036013261653531f,0f,0f,0f,1f], start_interpolation: 0, interpolation_duration: 1 }
$data merge entity $(bone_right_whisker15) { transformation: [-0.8764984490565417f,0.37735248945028993f,-0.29892401627695475f,-0.9911081042876219f,0.41215637299265995f,0.9090735594546379f,-0.060929366499336085f,1.704646852968084f,0.24875207135421384f,-0.17660793358777443f,-0.9523297983318828f,1.4307247427607983f,0f,0f,0f,1f], start_interpolation: 0, interpolation_duration: 1 }
$data merge entity $(bone_right_whisker14) { transformation: [-0.7124217506051576f,-0.6349013165504831f,-0.29892401627695475f,-0.7823907945400171f,-0.6497156360033541f,0.757731617811179f,-0.060929366499336085f,1.8949932307034416f,0.26518831346316774f,0.15080820140733833f,-0.9523297983318828f,1.3530328540508858f,0f,0f,0f,1f], start_interpolation: 0, interpolation_duration: 1 }
$data merge entity $(bone_right_whisker13) { transformation: [-0.09506030204050962f,-0.9929463546747366f,-0.07085954920911286f,-0.7545410966765866f,-0.9869076948733181f,0.08468663567415799f,0.13726389014604795f,2.184126344435859f,-0.13029482252108449f,0.08298018122626667f,-0.9879967351908888f,1.3912051653363597f,0f,0f,0f,1f], start_interpolation: 0, interpolation_duration: 1 }
$data merge entity $(bone_right_whisker12) { transformation: [0.06592246564086711f,-0.9966402433843575f,-0.04860507988468797f,-0.7802920598175503f,-0.9343237868493429f,-0.07875342880463129f,0.3476161083422598f,2.5490965736738835f,-0.3502760195207951f,0.02249717133957193f,-0.9363763065297978f,1.5280317354616704f,0f,0f,0f,1f], start_interpolation: 0, interpolation_duration: 1 }
$data merge entity $(bone_right_whisker11) { transformation: [0.2913628757446213f,-0.9562445899951434f,-0.026532220842668652f,-0.894105683155293f,-0.9549653041815614f,-0.2923762347528538f,0.05057079355875363f,2.922129895619806f,-0.05611543858192994f,0.010602898507665465f,-0.9983679863136607f,1.5499518286577367f,0f,0f,0f,1f], start_interpolation: 0, interpolation_duration: 1 }
$data merge entity $(bone_right_whisker10) { transformation: [0.06997499995089218f,-0.9938626836927013f,0.0856765157147154f,-0.9214396675111103f,-0.9777751183173642f,-0.08535043667570064f,-0.19149705208888168f,3.3040733012125263f,0.1976343021374006f,-0.07037235907945988f,-0.977746599941035f,1.4727509293853147f,0f,0f,0f,1f], start_interpolation: 0, interpolation_duration: 1 }
$data merge entity $(bone_right_whisker1) { transformation: [-0.3410600836439632f,-0.9383921520959311f,0.05566137107132267f,-0.7882130723376872f,-0.9365127071307133f,0.3443093323312848f,0.06629504545807202f,3.669898577435461f,-0.08137547989090865f,-0.02951698755550128f,-0.9962463443938817f,1.504538226217701f,0f,0f,0f,1f], start_interpolation: 0, interpolation_duration: 1 }
$data merge entity $(bone_left_whisker16) { transformation: [0.25861256852118064f,-0.9194397386368982f,0.29622644449506846f,0.840452380031625f,-0.9554988672912786f,-0.2885352548184589f,-0.06139479889966787f,1.8237626160941325f,0.1419205905003263f,-0.2671665655394761f,-0.9531424721676603f,1.5007497025978571f,0f,0f,0f,1f], start_interpolation: 0, interpolation_duration: 1 }
$data merge entity $(bone_left_whisker15) { transformation: [-0.8778180903851152f,-0.37641107020708053f,0.29622644449506846f,0.5832791113641108f,-0.41078442453304675f,0.9096630338917389f,-0.06139479889966787f,1.7034156167192165f,-0.24635656425937413f,-0.17557867466306193f,-0.9531424721676603f,1.4285749279124935f,0f,0f,0f,1f], start_interpolation: 0, interpolation_duration: 1 }
$data merge entity $(bone_left_whisker14) { transformation: [-0.7121262395385737f,0.6364951787267991f,0.29622644449506846f,0.3746483771242943f,0.6508296917491573f,0.7567373329007668f,-0.06139479889966787f,1.8940883779738524f,-0.26324310304041515f,0.14907211829102665f,-0.9531424721676603f,1.3514529250686218f,0f,0f,0f,1f], start_interpolation: 0, interpolation_duration: 1 }
$data merge entity $(bone_left_whisker13) { transformation: [-0.0931603969338621f,0.9933005110743884f,0.06837569116640727f,0.34735529208507687f,0.9870548912841249f,0.0831333080581833f,0.13715500240015815f,2.1832646156547484f,0.13055183658305777f,0.08026797487579845f,-0.9881868599481216f,1.3897005334425645f,0f,0f,0f,1f], start_interpolation: 0, interpolation_duration: 1 }
$data merge entity $(bone_left_whisker12) { transformation: [0.06834009222784138f,0.9965735704207719f,0.04659131392314357f,0.3740506406115774f,0.9342187879478844f,-0.08031220486359716f,0.3475416608050514f,2.5481938296968907f,0.35009268492711443f,0.01977545166974412f,-0.9365062965467886f,1.5264554884922186f,0f,0f,0f,1f], start_interpolation: 0, interpolation_duration: 1 }
$data merge entity $(bone_left_whisker11) { transformation: [0.29300832436423424f,0.9558115110677625f,0.023884663774565093f,0.4885070173163564f,0.9545083016111549f,-0.2938715421067832f,0.05053136545918657f,2.921048635013748f,0.055317483751995855f,0.007991999132980529f,-0.9984368302207235f,1.548063880582842f,0f,0f,0f,1f], start_interpolation: 0, interpolation_duration: 1 }
$data merge entity $(bone_left_whisker10) { transformation: [0.07096423599480883f,0.9935320814669655f,-0.08864581380748873f,0.5162274220018286f,0.9776648979761045f,-0.08690466199673176f,-0.1913607247807323f,3.302948985785664f,-0.19782675368879316f,-0.07308613287862976f,-0.9775085640063726f,1.470787804923157f,0f,0f,0f,1f], start_interpolation: 0, interpolation_duration: 1 }
$data merge entity $(bone_left_whisker1) { transformation: [-0.3393713797428148f,0.9388454216913327f,-0.05827813295466697f,0.3836604767897916f,0.9370448328201644f,0.342841254513068f,0.0663841508866096f,3.6689821236060407f,0.08230460434561737f,-0.032080342472133455f,-0.9960907607895889f,1.5029380409956639f,0f,0f,0f,1f], start_interpolation: 0, interpolation_duration: 1 }
$data merge entity $(bone_upper_left_tooth1) { transformation: [-0.9979313374205866f,0.006586366995260546f,0.06395049306895767f,0.008227376239188178f,0.011113392193334144f,0.9974361323677812f,0.07069409000163666f,3.9362690676801f,-0.06332091524856696f,0.07125855469349687f,-0.9954459704449448f,2.3946691252000796f,0f,0f,0f,1f], start_interpolation: 0, interpolation_duration: 1 }
$data merge entity $(bone_upper_right_tooth1) { transformation: [-0.9979313374205866f,0.006586366995260546f,0.06395049306895767f,-0.5764980167806867f,0.011113392193334144f,0.9974361323677812f,0.07069409000163666f,3.942780820918382f,-0.06332091524856696f,0.07125855469349687f,-0.9954459704449448f,2.357567026421622f,0f,0f,0f,1f], start_interpolation: 0, interpolation_duration: 1 }
$data merge entity $(bone_top_lip1) { transformation: [-0.9979313374205866f,0.0356645143513175f,0.053489141047914836f,-0.2590639304826426f,0.011113392193334144f,0.9151883063508924f,-0.4028732510759957f,4.046400077306406f,-0.06332091524856696f,-0.40144539645469834f,-0.9136914442837987f,2.385318743936038f,0f,0f,0f,1f], start_interpolation: 0, interpolation_duration: 1 }
$data merge entity $(bone_muzzle1) { transformation: [-0.9979313374205866f,0.006586366995260546f,0.06395049306895767f,-0.22687330393599422f,0.011113392193334144f,0.9974361323677812f,0.07069409000163666f,4.2270274843923294f,-0.06332091524856696f,0.07125855469349687f,-0.9954459704449448f,1.9096994060273977f,0f,0f,0f,1f], start_interpolation: 0, interpolation_duration: 1 }
$data merge entity $(bone_jaw_right_tooth1) { transformation: [-0.9979313374205866f,0.03746010517922312f,0.05224735700416434f,-0.5811405878003086f,0.011113392193334144f,0.9009815734937178f,-0.43371499482810344f,3.737101332378292f,-0.06332091524856696f,-0.4322371394787198f,-0.8995340554683506f,2.394634877939516f,0f,0f,0f,1f], start_interpolation: 0, interpolation_duration: 1 }
$data merge entity $(bone_jaw_left_tooth1) { transformation: [-0.9979313374205866f,0.03746010517922312f,0.05224735700416434f,0.052311921304555836f,0.011113392193334144f,0.9009815734937178f,-0.43371499482810344f,3.73004693303682f,-0.06332091524856696f,-0.4322371394787198f,-0.8995340554683506f,2.4348288182828446f,0f,0f,0f,1f], start_interpolation: 0, interpolation_duration: 1 }
$data merge entity $(bone_tongue1) { transformation: [-0.9979313374205866f,0.006800224015915783f,0.06392810608247691f,-0.22033978675145172f,0.011113392193334144f,0.9976670022819154f,0.06735759104788391f,3.779849538289665f,-0.06332091524856696f,0.06792870903491527f,-0.9956787394440707f,1.7282480578878991f,0f,0f,0f,1f], start_interpolation: 0, interpolation_duration: 1 }
$data merge entity $(bone_jaw_lips1) { transformation: [-0.9979313374205866f,0.006800224015915783f,0.06392810608247691f,-0.2223201984513646f,0.011113392193334144f,0.9976670022819154f,0.06735759104788391f,3.6146414050309215f,-0.06332091524856696f,0.06792870903491527f,-0.9956787394440707f,2.5015852234307276f,0f,0f,0f,1f], start_interpolation: 0, interpolation_duration: 1 }
$data merge entity $(bone_jaw3) { transformation: [-0.9979313374205866f,0.027818343677465038f,0.05795848125168137f,-0.1790776200102853f,0.011113392193334144f,0.9626074573764741f,-0.27067208115569846f,3.3326750649311356f,-0.06332091524856696f,-0.2694680366170399f,-0.9609253035141918f,1.770598842732189f,0f,0f,0f,1f], start_interpolation: 0, interpolation_duration: 1 }
$data merge entity $(bone_jaw1) { transformation: [-0.9979313374205866f,-0.02131229566462383f,0.060653374576050724f,-0.13169217112274567f,0.011113392193334144f,0.8720603247947152f,0.4892721966685756f,3.7149189685784605f,-0.06332091524856696f,0.48893412232369265f,-0.8700194743335601f,1.0908961284090952f,0f,0f,0f,1f], start_interpolation: 0, interpolation_duration: 1 }
$data merge entity $(bone_tear_right1) { transformation: [-0.9979313374205866f,0.0009876511578610445f,0.06428118184312914f,-0.7493114570010684f,0.011113392193334144f,0.9874791908279577f,0.1573573646059166f,4.290324977753808f,-0.06332091524856696f,0.1577462272986348f,-0.98544740573261f,1.8262689107019574f,0f,0f,0f,1f], start_interpolation: 0, interpolation_duration: 1 }
$data merge entity $(bone_right_pupil1) { transformation: [-0.9979313374205866f,0.0009876511578610445f,0.06428118184312914f,-0.5921823109643817f,0.011113392193334144f,0.9874791908279577f,0.1573573646059166f,4.37574760573313f,-0.06332091524856696f,0.1577462272986348f,-0.98544740573261f,1.9096179320175246f,0f,0f,0f,1f], start_interpolation: 0, interpolation_duration: 1 }
$data merge entity $(bone_right_sad_pupil1) { transformation: [-0.9979313374205866f,0.0009876511578610445f,0.06428118184312914f,-0.5915545650479448f,0.011113392193334144f,0.9874791908279577f,0.1573573646059166f,4.37728429874686f,-0.06332091524856696f,0.1577462272986348f,-0.98544740573261f,1.899994422195917f,0f,0f,0f,1f], start_interpolation: 0, interpolation_duration: 1 }
$data merge entity $(bone_right_happy_pupil1) { transformation: [-0.9979313374205866f,0.0009876511578610445f,0.06428118184312914f,-0.6159419235053519f,0.011113392193334144f,0.9874791908279577f,0.1573573646059166f,4.353447548230443f,-0.06332091524856696f,0.1577462272986348f,-0.98544740573261f,1.8945973442445554f,0f,0f,0f,1f], start_interpolation: 0, interpolation_duration: 1 }
$data merge entity $(bone_eyelid_right1) { transformation: [-0.9979313374205866f,0.0009876511578610445f,0.06428118184312914f,-0.18501638867233422f,0.011113392193334144f,0.9874791908279577f,0.1573573646059166f,4.401723813601197f,-0.06332091524856696f,0.1577462272986348f,-0.98544740573261f,1.434923678448021f,0f,0f,0f,1f], start_interpolation: 0, interpolation_duration: 1 }
$data merge entity $(bone_eyelid_expressions_right5) { transformation: [-0.9979313374205866f,0.0009876511578610445f,0.06428118184312914f,-0.7035301698814931f,0.011113392193334144f,0.9874791908279577f,0.1573573646059166f,4.474965896040555f,-0.06332091524856696f,0.1577462272986348f,-0.98544740573261f,1.9082881113941312f,0f,0f,0f,1f], start_interpolation: 0, interpolation_duration: 1 }
$data merge entity $(bone_eyelid_expressions_right7) { transformation: [-0.9979313374205866f,0.0009876511578610445f,0.06428118184312914f,-0.4111674733715557f,0.011113392193334144f,0.9874791908279577f,0.1573573646059166f,4.471710019421414f,-0.06332091524856696f,0.1577462272986348f,-0.98544740573261f,1.9268391607833597f,0f,0f,0f,1f], start_interpolation: 0, interpolation_duration: 1 }
$data merge entity $(bone_eyelid_expressions_right6) { transformation: [-0.9979313374205866f,0.0009876511578610445f,0.06428118184312914f,-0.5086217055415349f,0.011113392193334144f,0.9874791908279577f,0.1573573646059166f,4.472795311627794f,-0.06332091524856696f,0.1577462272986348f,-0.98544740573261f,1.9206554776536169f,0f,0f,0f,1f], start_interpolation: 0, interpolation_duration: 1 }
$data merge entity $(bone_right_eye1) { transformation: [-0.9979313374205866f,0.0009876511578610445f,0.06428118184312914f,-0.19538955780576894f,0.011113392193334144f,0.9874791908279577f,0.1573573646059166f,4.400295649808105f,-0.06332091524856696f,0.1577462272986348f,-0.98544740573261f,1.4439288199566542f,0f,0f,0f,1f], start_interpolation: 0, interpolation_duration: 1 }
$data merge entity $(bone_tear_left1) { transformation: [-0.9979313374205866f,0.0009876511578610445f,0.06428118184312914f,0.3031942504347065f,0.011113392193334144f,0.9874791908279577f,0.1573573646059166f,4.2786038219249f,-0.06332091524856696f,0.1577462272986348f,-0.98544740573261f,1.8930526885031804f,0f,0f,0f,1f], start_interpolation: 0, interpolation_duration: 1 }
$data merge entity $(bone_left_sad_pupil1) { transformation: [-0.9979313374205866f,0.0009876511578610445f,0.06428118184312914f,0.13935217622689883f,0.011113392193334144f,0.9874791908279577f,0.1573573646059166f,4.369144607199007f,-0.06332091524856696f,0.1577462272986348f,-0.98544740573261f,1.9463720456689886f,0f,0f,0f,1f], start_interpolation: 0, interpolation_duration: 1 }
$data merge entity $(bone_left_pupil1) { transformation: [-0.9979313374205866f,0.0009876511578610445f,0.06428118184312914f,0.138724430310462f,0.011113392193334144f,0.9874791908279577f,0.1573573646059166f,4.367607914185277f,-0.06332091524856696f,0.1577462272986348f,-0.98544740573261f,1.9559955554905961f,0f,0f,0f,1f], start_interpolation: 0, interpolation_duration: 1 }
$data merge entity $(bone_eyelid_left1) { transformation: [-0.9979313374205866f,0.0009876511578610445f,0.06428118184312914f,-0.20450723510633007f,0.011113392193334144f,0.9874791908279577f,0.1573573646059166f,4.401940872042473f,-0.06332091524856696f,0.1577462272986348f,-0.98544740573261f,1.4336869418220723f,0f,0f,0f,1f], start_interpolation: 0, interpolation_duration: 1 }
$data merge entity $(bone_left_happy_pupil1) { transformation: [-0.9979313374205866f,0.0009876511578610445f,0.06428118184312914f,0.16369193385448133f,0.011113392193334144f,0.9874791908279577f,0.1573573646059166f,4.344765210579401f,-0.06332091524856696f,0.1577462272986348f,-0.98544740573261f,1.9440668092824982f,0f,0f,0f,1f], start_interpolation: 0, interpolation_duration: 1 }
$data merge entity $(bone_eyelid_expressions_left5) { transformation: [-0.9979313374205866f,0.0009876511578610445f,0.06428118184312914f,0.2515213053843026f,0.011113392193334144f,0.9874791908279577f,0.1573573646059166f,4.464330032418028f,-0.06332091524856696f,0.1577462272986348f,-0.98544740573261f,1.9688882060656114f,0f,0f,0f,1f], start_interpolation: 0, interpolation_duration: 1 }
$data merge entity $(bone_eyelid_expressions_left7) { transformation: [-0.9979313374205866f,0.0009876511578610445f,0.06428118184312914f,-0.040841391125634854f,0.011113392193334144f,0.9874791908279577f,0.1573573646059166f,4.467585909037169f,-0.06332091524856696f,0.1577462272986348f,-0.98544740573261f,1.9503371566763827f,0f,0f,0f,1f], start_interpolation: 0, interpolation_duration: 1 }
$data merge entity $(bone_eyelid_expressions_left6) { transformation: [-0.9979313374205866f,0.0009876511578610445f,0.06428118184312914f,0.0566128410443443f,0.011113392193334144f,0.9874791908279577f,0.1573573646059166f,4.466500616830788f,-0.06332091524856696f,0.1577462272986348f,-0.98544740573261f,1.9565208398061256f,0f,0f,0f,1f], start_interpolation: 0, interpolation_duration: 1 }
$data merge entity $(bone_left_eye1) { transformation: [-0.9979313374205866f,0.0009876511578610445f,0.06428118184312914f,-0.19538955780576894f,0.011113392193334144f,0.9874791908279577f,0.1573573646059166f,4.400295649808105f,-0.06332091524856696f,0.1577462272986348f,-0.98544740573261f,1.4439288199566542f,0f,0f,0f,1f], start_interpolation: 0, interpolation_duration: 1 }
$data merge entity $(bone_crest_middle5) { transformation: [-0.9979313374205866f,0.014877234063458977f,0.06254369433108438f,-0.22084831046615397f,0.011113392193334144f,0.9981303583649797f,-0.060102248079041465f,5.524932546957095f,-0.06332091524856696f,-0.05928284420318056f,-0.9962308999801528f,2.042540161181809f,0f,0f,0f,1f], start_interpolation: 0, interpolation_duration: 1 }
$data merge entity $(bone_crest_middle4) { transformation: [-0.9979313374205866f,0.014877234063458977f,0.06254369433108438f,-0.22956543980021196f,0.011113392193334144f,0.9981303583649797f,-0.060102248079041465f,4.940090540102615f,-0.06332091524856696f,-0.05928284420318056f,-0.9962308999801528f,2.07727620270711f,0f,0f,0f,1f], start_interpolation: 0, interpolation_duration: 1 }
$data merge entity $(bone_crest_middle1) { transformation: [-0.9979313374205866f,0.014877234063458977f,0.06254369433108438f,-0.24068414333279992f,0.011113392193334144f,0.9981303583649797f,-0.060102248079041465f,4.505861073866684f,-0.06332091524856696f,-0.05928284420318056f,-0.9962308999801528f,2.1762946755428825f,0f,0f,0f,1f], start_interpolation: 0, interpolation_duration: 1 }
$data merge entity $(bone_crest_left5) { transformation: [-0.5370210932910904f,-0.8255298462701113f,0.17351892772169825f,-1.185375263569296f,-0.8268602811896466f,0.5558650746395132f,0.08553416970420165f,4.9714152390901925f,-0.16706412167614115f,-0.0975422560393934f,-0.981109110922595f,1.9784474345556182f,0f,0f,0f,1f], start_interpolation: 0, interpolation_duration: 1 }
$data merge entity $(bone_crest_left4) { transformation: [-0.5370210932910904f,-0.8255298462701113f,0.17351892772169825f,-0.7822845183202183f,-0.8268602811896466f,0.5558650746395132f,0.08553416970420165f,4.699996745613868f,-0.16706412167614115f,-0.0975422560393934f,-0.981109110922595f,2.0260754892623534f,0f,0f,0f,1f], start_interpolation: 0, interpolation_duration: 1 }
$data merge entity $(bone_crest_left1) { transformation: [-0.5370210932910904f,-0.8255298462701113f,0.17351892772169825f,-0.33041209465357174f,-0.8268602811896466f,0.5558650746395132f,0.08553416970420165f,4.405612875919998f,-0.16706412167614115f,-0.0975422560393934f,-0.981109110922595f,2.0305606311329947f,0f,0f,0f,1f], start_interpolation: 0, interpolation_duration: 1 }
$data merge entity $(bone_crest_center1) { transformation: [-0.9979313374205866f,0.0009876511578610445f,0.06428118184312914f,-0.2329819747520478f,0.011113392193334144f,0.9874791908279577f,0.1573573646059166f,4.380419513618542f,-0.06332091524856696f,0.1577462272986348f,-0.98544740573261f,2.0328931373060257f,0f,0f,0f,1f], start_interpolation: 0, interpolation_duration: 1 }
$data merge entity $(bone_crest_right5) { transformation: [-0.535355140215116f,0.8433628514073952f,-0.04619496413291223f,0.73152834447585f,0.8388027237354128f,0.5372795684203967f,0.08798099801687441f,4.950067776800767f,0.09901951574970624f,0.008352617792043077f,-0.9950504355442058f,2.1000791404187065f,0f,0f,0f,1f], start_interpolation: 0, interpolation_duration: 1 }
$data merge entity $(bone_crest_right4) { transformation: [-0.535355140215116f,0.8433628514073952f,-0.04619496413291223f,0.31973007718708285f,0.8388027237354128f,0.5372795684203967f,0.08798099801687441f,4.687724237532994f,0.09901951574970624f,0.008352617792043077f,-0.9950504355442058f,2.0960007137624355f,0f,0f,0f,1f], start_interpolation: 0, interpolation_duration: 1 }
$data merge entity $(bone_crest_right1) { transformation: [-0.535355140215116f,0.8433628514073952f,-0.04619496413291223f,-0.1355036303136134f,0.8388027237354128f,0.5372795684203967f,0.08798099801687441f,4.403442291507238f,0.09901951574970624f,0.008352617792043077f,-0.9950504355442058f,2.0429279973924803f,0f,0f,0f,1f], start_interpolation: 0, interpolation_duration: 1 }
$data merge entity $(bone_head1) { transformation: [-0.9979313374205866f,0.0009876511578610445f,0.06428118184312914f,-0.16091175755593695f,0.011113392193334144f,0.9874791908279577f,0.1573573646059166f,4.436597008198589f,-0.06332091524856696f,0.1577462272986348f,-0.98544740573261f,0.9069333272634243f,0f,0f,0f,1f], start_interpolation: 0, interpolation_duration: 1 }
$data merge entity $(bone_neck10) { transformation: [-1.2891146795458488f,0.007187078634616809f,0.1831739496340765f,-0.03255644203204249f,0.023178297007922805f,1.297030527065106f,0.11223005548190164f,4.127451764609912f,-0.1818436594211079f,0.11437291946242342f,-1.2842401355534823f,-0.04239964515715883f,0f,0f,0f,1f], start_interpolation: 0, interpolation_duration: 1 }
$data merge entity $(bone_neck9) { transformation: [-0.990040073891212f,-0.014167932448153071f,0.14007113114281586f,-0.021409219741555963f,0.017800932102084714f,0.9743409840135583f,0.2243719538796869f,2.8795397754384173f,-0.13965593043541086f,0.22463062249309615f,-0.9643844174044829f,-0.2804861572380191f,0f,0f,0f,1f], start_interpolation: 0, interpolation_duration: 1 }
$data merge entity $(bone_neck8) { transformation: [-0.9904984803493792f,0.04947625590736861f,0.1283154726716892f,-0.05900446437057558f,0.009643290842123132f,0.9557335104116806f,-0.2940756093556559f,2.2664105532570384f,-0.13718515724124336f,-0.29004406075207734f,-0.9471297036072411f,-0.05214185315983966f,0f,0f,0f,1f], start_interpolation: 0, interpolation_duration: 1 }
$data merge entity $(bone_neck7) { transformation: [-0.9911960193339593f,0.05932173217809855f,0.11836968931235438f,-0.1100501638460118f,0f,0.8940132592663904f,-0.4480405029189726f,1.5468621573050552f,-0.13240261045958782f,-0.4440959629936708f,-0.8861423838166249f,0.32999784898457574f,0f,0f,0f,1f], start_interpolation: 0, interpolation_duration: 1 }
$data merge entity $(bone_neck6) { transformation: [-0.9911960193339593f,0.03426831720823154f,0.127891100911007f,-0.1361762285322552f,0f,0.9659258262890684f,-0.25881904510252074f,0.7759595840165305f,-0.13240261045958782f,-0.2565404072334351f,-0.9574218339895899f,0.5255835041916537f,0f,0f,0f,1f], start_interpolation: 0, interpolation_duration: 1 }
$data merge entity $(bone_neck_spine6) { transformation: [-1.10406400532493f,0.021562960799130382f,-0.07429258633813664f,0.21011794461825298f,-0.07610280300560307f,-0.11201152605696257f,1.0984550327266212f,0.4631231005150851f,0.013882112156465707f,1.1008769841673172f,0.11322027296429628f,-1.6807924108838335f,0f,0f,0f,1f], start_interpolation: 0, interpolation_duration: 1 }
$data merge entity $(bone_neck_spine7) { transformation: [-0.8482322552136429f,0.4699588332547323f,-0.24421452917676273f,-0.5054681530395826f,-0.20840741237952332f,0.1277313931163643f,0.9696654277006188f,0.9561591927711153f,0.4868966950806388f,0.8733976106324104f,-0.010402983281155298f,-4.60115590701019f,0f,0f,0f,1f], start_interpolation: 0, interpolation_duration: 1 }
$data merge entity $(bone_tail6) { transformation: [-0.913441262210689f,0.9630955435877886f,-0.6930124934633658f,-2.6675265969586404f,-0.7956307079819154f,0.15163717758235326f,1.2594332950081482f,0.4451686448475886f,0.8802221984767062f,1.136506674850714f,0.41923232343491174f,-7.198761078115398f,0f,0f,0f,1f], start_interpolation: 0, interpolation_duration: 1 }
$data merge entity $(bone_tail5) { transformation: [-0.754581912261004f,0.7956006664420863f,-0.5724885815566936f,-2.165041965521533f,-0.6572601500720171f,0.1252654945245527f,1.0404014176154268f,0.5242836940209904f,0.7271400770024965f,0.9388533400940683f,0.3463223541418836f,-6.605801073845459f,0f,0f,0f,1f], start_interpolation: 0, interpolation_duration: 1 }
$data merge entity $(bone_tail4) { transformation: [-0.6100199038067906f,0.6431803282394971f,-0.4628118217216217f,-1.9137996498029792f,-0.5313429423740096f,0.10126726294195418f,0.8410824091880503f,0.5638412186076912f,0.5878353464609656f,0.7589888054655204f,0.279974282085228f,-6.309321071710491f,0f,0f,0f,1f], start_interpolation: 0, interpolation_duration: 1 }
$data merge entity $(bone_segment18) { transformation: [-0.6100199038067906f,0.6431803282394971f,-0.4628118217216217f,-1.5997467551547873f,-0.5313429423740096f,0.10126726294195418f,0.8410824091880503f,0.6132881243410673f,0.5878353464609656f,0.7589888054655204f,0.279974282085228f,-5.9387210690417795f,0f,0f,0f,1f], start_interpolation: 0, interpolation_duration: 1 }
$data merge entity $(bone_segment17) { transformation: [-0.6100199038067906f,0.6431803282394971f,-0.4628118217216217f,-1.1914779921121377f,-0.5313429423740096f,0.10126726294195418f,0.8410824091880503f,0.6775691017944562f,0.5878353464609656f,0.7589888054655204f,0.279974282085228f,-5.456941065572455f,0f,0f,0f,1f], start_interpolation: 0, interpolation_duration: 1 }
$data merge entity $(bone_segment16) { transformation: [-0.6778363565326242f,0.7281051983377271f,-0.10198379241897196f,-0.5870937942732042f,-0.23504842994768635f,-0.0831767274725968f,0.9684182296849212f,0.6085259198103671f,0.6966276690899555f,0.6804002146975912f,0.22752019360436374f,-4.892155731106681f,0f,0f,0f,1f], start_interpolation: 0, interpolation_duration: 1 }
$data merge entity $(bone_segment15) { transformation: [-0.8482322552136429f,0.5171527455751151f,-0.11425882442637572f,-0.0568102172674709f,-0.20840741237952332f,-0.12758882862742355f,0.9696841966716552f,0.4776975310810754f,0.4868966950806388f,0.846329798928055f,0.21600342535698236f,-4.024337089627718f,0f,0f,0f,1f], start_interpolation: 0, interpolation_duration: 1 }
$data merge entity $(bone_segment14) { transformation: [-0.9636363200120439f,0.26245362075572864f,-0.05023086407632012f,0.21230726495275856f,-0.12955732310669643f,-0.29447376887969856f,0.9468368916931854f,0.17574688916341583f,0.23370909863133846f,0.9189141942499278f,0.31776840752808233f,-3.082091089664413f,0f,0f,0f,1f], start_interpolation: 0, interpolation_duration: 1 }
$data merge entity $(bone_segment13) { transformation: [-0.997554301281819f,0.030843009389624403f,-0.06272260171527833f,0.24697069786314552f,-0.06876112083329783f,-0.27201162598671513f,0.9598341437924637f,-0.1398862505175141f,0.012542896630783132f,0.9617995550528474f,0.2734671673972117f,-2.0555843329430306f,0f,0f,0f,1f], start_interpolation: 0, interpolation_duration: 1 }
$data merge entity $(bone_segment12) { transformation: [-0.9925111718723946f,-0.10130255008594843f,-0.06825955650727507f,0.1282567719811747f,-0.06411609437814944f,-0.043612786683786375f,0.9969889925567718f,-0.19099498491257627f,-0.10397451683070326f,0.993899249513631f,0.036791054158087755f,-0.8908586499192442f,0f,0f,0f,1f], start_interpolation: 0, interpolation_duration: 1 }
$data merge entity $(bone_segment11) { transformation: [-1.023321457128235f,-0.15551130955897602f,-0.013337537038770563f,-0.057105915051012104f,-0.07920991655306926f,0.44120524028630753f,0.933066014265668f,0.318451660970266f,-0.13448957734584507f,0.9234189896559507f,-0.4480606934804503f,0.17555855652482644f,0f,0f,0f,1f], start_interpolation: 0, interpolation_duration: 1 }
$data merge entity $(bone_segment10) { transformation: [-0.9922145825922509f,-0.09667794377785863f,0.07850858092062618f,-0.14697349297352694f,-0.048105967517147165f,0.8789798802445832f,0.47442616497665624f,1.1295879144109637f,-0.11487400916014243f,0.46695582800957036f,-0.8767874410068681f,0.6064142785754503f,0f,0f,0f,1f], start_interpolation: 0, interpolation_duration: 1 }