# This file was generated by Animated Java via MC-Build. It is not recommended to edit this file directly.
$data merge entity $(bone_neck_spine5) { transformation: [-1.556605975551613f,0.03548274055542774f,0.2184902916752342f,0.1885466730950364f,0.027987793637066796f,1.5710280238512302f,-0.05573892031668904f,4.1571047694925625f,-0.21957621875098784f,-0.05129443394187588f,-1.5560123266742596f,-0.8493958705739776f,0f,0f,0f,1f], start_interpolation: 0, interpolation_duration: 1 }
$data merge entity $(bone_neck_spine2) { transformation: [-1.482481881477726f,0.03568977889125743f,0.20776908445912082f,-0.10488873353512947f,0.026655041559111223f,1.4956706948331164f,-0.06673052570550768f,5.837867375980454f,-0.20912020833427405f,-0.062367411234911324f,-1.4814092365602805f,0.6408900381687046f,0f,0f,0f,1f], start_interpolation: 0, interpolation_duration: 1 }
$data merge entity $(bone_scale_neck_left1) { transformation: [-1.57281119662839f,0.370480780861317f,0.3194745867990643f,0.6566060545598267f,0.4529771684890488f,1.5091326918622374f,0.4799846706072537f,4.921662502797518f,-0.18474768043385062f,0.5461845752149159f,-1.5429211856764706f,0.7548354713340197f,0f,0f,0f,1f], start_interpolation: 0, interpolation_duration: 1 }
$data merge entity $(bone_scale_neck_right1) { transformation: [-1.577517383286489f,-0.453638013944223f,0.13677184860694394f,-0.8999999209917857f,-0.3963342237949901f,1.5239503574267503f,0.48326966797573423f,4.9496502964345845f,-0.259640461630006f,0.42993364748678864f,-1.5686933958810867f,0.535259252583032f,0f,0f,0f,1f], start_interpolation: 0, interpolation_duration: 1 }
$data merge entity $(bone_blush_right1) { transformation: [-0.9979313374205866f,0.0009876511578610445f,0.06428118184312914f,-0.9062893160460369f,0.011113392193334144f,0.9874791908279577f,0.1573573646059166f,4.583265871854217f,-0.06332091524856696f,0.1577462272986348f,-0.98544740573261f,1.9722199887958989f,0f,0f,0f,1f], start_interpolation: 0, interpolation_duration: 1 }
$data merge entity $(bone_blush_left1) { transformation: [-0.9979313374205866f,0.0009876511578610445f,0.06428118184312914f,0.4161646145005803f,0.011113392193334144f,0.9874791908279577f,0.1573573646059166f,4.568538456613636f,-0.06332091524856696f,0.1577462272986348f,-0.98544740573261f,2.0561325688665093f,0f,0f,0f,1f], start_interpolation: 0, interpolation_duration: 1 }
$data merge entity $(bone_left_head_scales) { transformation: [-0.9148576536332655f,0.0009876511578610445f,-0.40377530649338383f,0.4533595903918864f,-0.06280184562025592f,0.9874791908279577f,0.14470928051943238f,5.351106064413985f,0.3988626352208555f,0.1577462272986348f,-0.9033408692169984f,1.7846490870537288f,0f,0f,0f,1f], start_interpolation: 0, interpolation_duration: 1 }
$data merge entity $(bone_left_head_scales2) { transformation: [-0.8543276663141367f,0.0009876511578610445f,-0.5197338387246216f,0.44164363049621064f,-0.08115291849009888f,0.9874791908279577f,0.13527398679088895f,4.437409774417655f,0.5133599540193802f,0.1577462272986348f,-0.8435506418599107f,1.8089295053878414f,0f,0f,0f,1f], start_interpolation: 0, interpolation_duration: 1 }
$data merge entity $(bone_left_head_scales1) { transformation: [-0.9979313374205866f,0.0009876511578610445f,0.06428118184312914f,0.45324867253724377f,0.011113392193334144f,0.9874791908279577f,0.1573573646059166f,5.240207522475298f,-0.06332091524856696f,0.1577462272986348f,-0.98544740573261f,1.7669334462926516f,0f,0f,0f,1f], start_interpolation: 0, interpolation_duration: 1 }
$data merge entity $(bone_right_head_scales) { transformation: [-0.8554941604869177f,0.0009876511578610445f,0.5178115158220934f,-0.891508813553826f,0.08251724415794726f,0.9874791908279577f,0.13444609365221422f,5.366083096862033f,-0.5111953108053334f,0.1577462272986348f,-0.8448641796074006f,1.6993142598632773f,0f,0f,0f,1f], start_interpolation: 0, interpolation_duration: 1 }
$data merge entity $(bone_right_head_scales2) { transformation: [-0.7805873239021056f,0.0009876511578610445f,0.625045961756845f,-0.9032247734495017f,0.09936003435840886f,0.9874791908279577f,0.12252522701084069f,4.452386806865703f,-0.6170988683636075f,0.1577462272986348f,-0.7709118720303915f,1.7235946781973897f,0f,0f,0f,1f], start_interpolation: 0, interpolation_duration: 1 }
$data merge entity $(bone_right_head_scales1) { transformation: [-0.9979313374205866f,0.0009876511578610445f,0.06428118184312914f,-0.8916197314084686f,0.011113392193334144f,0.9874791908279577f,0.1573573646059166f,5.255184554923346f,-0.06332091524856696f,0.1577462272986348f,-0.98544740573261f,1.6815986191022f,0f,0f,0f,1f], start_interpolation: 0, interpolation_duration: 1 }
$data merge entity $(bone_head_left_fin1) { transformation: [-0.7709676295478908f,0.045020285923579484f,-0.7087011260537396f,0.4582470163654889f,0.15840464606161123f,1.0306142654279955f,-0.10685224390522939f,4.837592265773672f,0.6922370116662176f,-0.18569493201712903f,-0.764853260389045f,1.6174974320624593f,0f,0f,0f,1f], start_interpolation: 0, interpolation_duration: 1 }
$data merge entity $(bone_head_right_fin1) { transformation: [-0.6806234724379145f,0.0016798074863196518f,0.7971349101868125f,-0.8866213875802235f,-0.14223910378851257f,1.0310969236196552f,-0.12362188107571129f,4.85256929822172f,-0.7843436263176806f,-0.18844497969981985f,-0.6693046866009071f,1.5321626048720078f,0f,0f,0f,1f], start_interpolation: 0, interpolation_duration: 1 }
$data merge entity $(bone_right_whisker16) { transformation: [0.25971818154997395f,0.9182542668919264f,-0.29892401627695475f,-1.4297328879182956f,0.9550935110980591f,-0.28997240792249795f,-0.060929366499336085f,2.120213387435492f,-0.14262836755273012f,-0.2696759239872907f,-0.9523297983318828f,1.7663159536958135f,0f,0f,0f,1f], start_interpolation: 0, interpolation_duration: 1 }
$data merge entity $(bone_right_whisker15) { transformation: [-0.8764984490565417f,0.37735248945028993f,-0.29892401627695475f,-1.1344282346717067f,0.41215637299265995f,0.9090735594546379f,-0.060929366499336085f,1.9813521094252693f,0.24875207135421384f,-0.17660793358777443f,-0.9523297983318828f,1.6825078827805755f,0f,0f,0f,1f], start_interpolation: 0, interpolation_duration: 1 }
$data merge entity $(bone_right_whisker14) { transformation: [-0.7124217506051576f,-0.6349013165504831f,-0.29892401627695475f,-0.8944033284619617f,-0.6497156360033541f,0.757731617811179f,-0.060929366499336085f,2.2002504438209303f,0.26518831346316774f,0.15080820140733833f,-0.9523297983318828f,1.5931622107641763f,0f,0f,0f,1f], start_interpolation: 0, interpolation_duration: 1 }
$data merge entity $(bone_right_whisker13) { transformation: [-0.09506030204050962f,-0.9929463546747366f,-0.07085954920911286f,-0.8623761759190165f,-0.9869076948733181f,0.08468663567415799f,0.13726389014604795f,2.5327535246132102f,-0.13029482252108449f,0.08298018122626667f,-0.9879967351908888f,1.6370603687424714f,0f,0f,0f,1f], start_interpolation: 0, interpolation_duration: 1 }
$data merge entity $(bone_right_whisker12) { transformation: [0.06592246564086711f,-0.9966402433843575f,-0.04860507988468797f,-0.8919897835311248f,-0.9343237868493429f,-0.07875342880463129f,0.3476161083422598f,2.9524692882369385f,-0.3502760195207951f,0.02249717133957193f,-0.9363763065297978f,1.7944109243865787f,0f,0f,0f,1f], start_interpolation: 0, interpolation_duration: 1 }
$data merge entity $(bone_right_whisker11) { transformation: [0.2913628757446213f,-0.9562445899951434f,-0.026532220842668652f,-1.022875450369529f,-0.9549653041815614f,-0.2923762347528538f,0.05057079355875363f,3.3814576084747494f,-0.05611543858192994f,0.010602898507665465f,-0.9983679863136607f,1.819619031562055f,0f,0f,0f,1f], start_interpolation: 0, interpolation_duration: 1 }
$data merge entity $(bone_right_whisker10) { transformation: [0.06997499995089218f,-0.9938626836927013f,0.0856765157147154f,-1.0543095323787188f,-0.9777751183173642f,-0.08535043667570064f,-0.19149705208888168f,3.8206925249063777f,0.1976343021374006f,-0.07037235907945988f,-0.977746599941035f,1.7308379973987698f,0f,0f,0f,1f], start_interpolation: 0, interpolation_duration: 1 }
$data merge entity $(bone_right_whisker1) { transformation: [-0.3410600836439632f,-0.9383921520959311f,0.05566137107132267f,-0.9010989479292824f,-0.9365127071307133f,0.3443093323312848f,0.06629504545807202f,4.241391592562753f,-0.08137547989090865f,-0.02951698755550128f,-0.9962463443938817f,1.7673933887560138f,0f,0f,0f,1f], start_interpolation: 0, interpolation_duration: 1 }
$data merge entity $(bone_left_whisker16) { transformation: [0.25861256852118064f,-0.9194397386368982f,0.29622644449506846f,0.9718663222954265f,-0.9554988672912786f,-0.2885352548184589f,-0.06139479889966787f,2.1183352370202253f,0.1419205905003263f,-0.2671665655394761f,-0.9531424721676603f,1.7630365865931932f,0f,0f,0f,1f], start_interpolation: 0, interpolation_duration: 1 }
$data merge entity $(bone_left_whisker15) { transformation: [-0.8778180903851152f,-0.37641107020708053f,0.29622644449506846f,0.6761170633277851f,-0.41078442453304675f,0.9096630338917389f,-0.06139479889966787f,1.979936187739072f,-0.24635656425937413f,-0.17557867466306193f,-0.9531424721676603f,1.680035595705025f,0f,0f,0f,1f], start_interpolation: 0, interpolation_duration: 1 }
$data merge entity $(bone_left_whisker14) { transformation: [-0.7121262395385737f,0.6364951787267991f,0.29622644449506846f,0.43619171895199643f,0.6508296917491573f,0.7567373329007668f,-0.06139479889966787f,2.199209863181903f,-0.26324310304041515f,0.14907211829102665f,-0.9531424721676603f,1.5913452924345728f,0f,0f,0f,1f], start_interpolation: 0, interpolation_duration: 1 }
$data merge entity $(bone_left_whisker13) { transformation: [-0.0931603969338621f,0.9933005110743884f,0.06837569116640727f,0.4048046711568964f,0.9870548912841249f,0.0831333080581833f,0.13715500240015815f,2.5317625365149334f,0.13055183658305777f,0.08026797487579845f,-0.9881868599481216f,1.6353300420646069f,0f,0f,0f,1f], start_interpolation: 0, interpolation_duration: 1 }
$data merge entity $(bone_left_whisker12) { transformation: [0.06834009222784138f,0.9965735704207719f,0.04659131392314357f,0.435504321962372f,0.9342187879478844f,-0.08031220486359716f,0.3475416608050514f,2.951431132663397f,0.35009268492711443f,0.01977545166974412f,-0.9365062965467886f,1.7925982403717091f,0f,0f,0f,1f], start_interpolation: 0, interpolation_duration: 1 }
$data merge entity $(bone_left_whisker11) { transformation: [0.29300832436423424f,0.9558115110677625f,0.023884663774565093f,0.5671291551728679f,0.9545083016111549f,-0.2938715421067832f,0.05053136545918657f,3.3802141587777834f,0.055317483751995855f,0.007991999132980529f,-0.9984368302207235f,1.817447891275926f,0f,0f,0f,1f], start_interpolation: 0, interpolation_duration: 1 }
$data merge entity $(bone_left_whisker10) { transformation: [0.07096423599480883f,0.9935320814669655f,-0.08864581380748873f,0.5990076205611609f,0.9776648979761045f,-0.08690466199673176f,-0.1913607247807323f,3.8193995621654864f,-0.19782675368879316f,-0.07308613287862976f,-0.9775085640063726f,1.7285804042672885f,0f,0f,0f,1f], start_interpolation: 0, interpolation_duration: 1 }
$data merge entity $(bone_left_whisker1) { transformation: [-0.3393713797428148f,0.9388454216913327f,-0.05827813295466697f,0.44655563356731826f,0.9370448328201644f,0.342841254513068f,0.0663841508866096f,4.24033767065892f,0.08230460434561737f,-0.032080342472133455f,-0.9960907607895889f,1.7655531757506713f,0f,0f,0f,1f], start_interpolation: 0, interpolation_duration: 1 }
$data merge entity $(bone_upper_left_tooth1) { transformation: [-0.9979313374205866f,0.006586366995260546f,0.06395049306895767f,0.014807567934124188f,0.011113392193334144f,0.9974361323677812f,0.07069409000163666f,4.547717656344086f,-0.06332091524856696f,0.07125855469349687f,-0.9954459704449448f,2.7910439225857497f,0f,0f,0f,1f], start_interpolation: 0, interpolation_duration: 1 }
$data merge entity $(bone_upper_right_tooth1) { transformation: [-0.9979313374205866f,0.006586366995260546f,0.06395049306895767f,-0.657626634038732f,0.011113392193334144f,0.9974361323677812f,0.07069409000163666f,4.55520617256811f,-0.06332091524856696f,0.07125855469349687f,-0.9954459704449448f,2.748376508990524f,0f,0f,0f,1f], start_interpolation: 0, interpolation_duration: 1 }
$data merge entity $(bone_top_lip1) { transformation: [-0.9979313374205866f,0.0356645143513175f,0.053489141047914836f,-0.2925774347959811f,0.011113392193334144f,0.9151883063508924f,-0.4028732510759957f,4.674368317414338f,-0.06332091524856696f,-0.40144539645469834f,-0.9136914442837987f,2.780290984132102f,0f,0f,0f,1f], start_interpolation: 0, interpolation_duration: 1 }
$data merge entity $(bone_muzzle1) { transformation: [-0.9979313374205866f,0.006586366995260546f,0.06395049306895767f,-0.2555582142673355f,0.011113392193334144f,0.9974361323677812f,0.07069409000163666f,4.88208983556315f,-0.06332091524856696f,0.07125855469349687f,-0.9954459704449448f,2.2333287455371655f,0f,0f,0f,1f], start_interpolation: 0, interpolation_duration: 1 }
$data merge entity $(bone_jaw_right_tooth1) { transformation: [-0.9979313374205866f,0.03746010517922312f,0.05224735700416434f,-0.6629655907112971f,0.011113392193334144f,0.9009815734937178f,-0.43371499482810344f,4.318674760747006f,-0.06332091524856696f,-0.4322371394787198f,-0.8995340554683506f,2.791004538236101f,0f,0f,0f,1f], start_interpolation: 0, interpolation_duration: 1 }
$data merge entity $(bone_jaw_left_tooth1) { transformation: [-0.9979313374205866f,0.03746010517922312f,0.05224735700416434f,0.06550479475929705f,0.011113392193334144f,0.9009815734937178f,-0.43371499482810344f,4.310562201504314f,-0.06332091524856696f,-0.4322371394787198f,-0.8995340554683506f,2.8372275696309286f,0f,0f,0f,1f], start_interpolation: 0, interpolation_duration: 1 }
$data merge entity $(bone_tongue1) { transformation: [-0.9979313374205866f,0.006800224015915783f,0.06392810608247691f,-0.24804466950511161f,0.011113392193334144f,0.9976670022819154f,0.06735759104788391f,4.3678351975450855f,-0.06332091524856696f,0.06792870903491527f,-0.9956787394440707f,2.024659695176742f,0f,0f,0f,1f], start_interpolation: 0, interpolation_duration: 1 }
$data merge entity $(bone_jaw_lips1) { transformation: [-0.9979313374205866f,0.006800224015915783f,0.06392810608247691f,-0.25032214296001143f,0.011113392193334144f,0.9976670022819154f,0.06735759104788391f,4.17784584429753f,-0.06332091524856696f,0.06792870903491527f,-0.9956787394440707f,2.913997435550994f,0f,0f,0f,1f], start_interpolation: 0, interpolation_duration: 1 }
$data merge entity $(bone_jaw3) { transformation: [-0.9979313374205866f,0.027818343677465038f,0.05795848125168137f,-0.20059317775277025f,0.011113392193334144f,0.9626074573764741f,-0.27067208115569846f,3.853584553182777f,-0.06332091524856696f,-0.2694680366170399f,-0.9609253035141918f,2.0733630977476754f,0f,0f,0f,1f], start_interpolation: 0, interpolation_duration: 1 }
$data merge entity $(bone_jaw1) { transformation: [-0.9979313374205866f,-0.02131229566462383f,0.060653374576050724f,-0.14609991153209967f,0.011113392193334144f,0.8720603247947152f,0.4892721966685756f,4.2931650423772005f,-0.06332091524856696f,0.48893412232369265f,-0.8700194743335601f,1.2917049762761175f,0f,0f,0f,1f], start_interpolation: 0, interpolation_duration: 1 }
$data merge entity $(bone_tear_right1) { transformation: [-0.9979313374205866f,0.0009876511578610445f,0.06428118184312914f,-0.8563620902921708f,0.011113392193334144f,0.9874791908279577f,0.1573573646059166f,4.95488195292885f,-0.06332091524856696f,0.1577462272986348f,-0.98544740573261f,2.137383675912909f,0f,0f,0f,1f], start_interpolation: 0, interpolation_duration: 1 }
$data merge entity $(bone_right_pupil1) { transformation: [-0.9979313374205866f,0.0009876511578610445f,0.06428118184312914f,-0.6756635723499811f,0.011113392193334144f,0.9874791908279577f,0.1573573646059166f,5.053117975105071f,-0.06332091524856696f,0.1577462272986348f,-0.98544740573261f,2.2332350504258116f,0f,0f,0f,1f], start_interpolation: 0, interpolation_duration: 1 }
$data merge entity $(bone_right_sad_pupil1) { transformation: [-0.9979313374205866f,0.0009876511578610445f,0.06428118184312914f,-0.6749416645460788f,0.011113392193334144f,0.9874791908279577f,0.1573573646059166f,5.05488517207086f,-0.06332091524856696f,0.1577462272986348f,-0.98544740573261f,2.222168014130963f,0f,0f,0f,1f], start_interpolation: 0, interpolation_duration: 1 }
$data merge entity $(bone_right_happy_pupil1) { transformation: [-0.9979313374205866f,0.0009876511578610445f,0.06428118184312914f,-0.7029871267720968f,0.011113392193334144f,0.9874791908279577f,0.1573573646059166f,5.027472908976981f,-0.06332091524856696f,0.1577462272986348f,-0.98544740573261f,2.2159613744868967f,0f,0f,0f,1f], start_interpolation: 0, interpolation_duration: 1 }
$data merge entity $(bone_eyelid_right1) { transformation: [-0.9979313374205866f,0.0009876511578610445f,0.06428118184312914f,-0.20742276171412646f,0.011113392193334144f,0.9874791908279577f,0.1573573646059166f,5.082990614153348f,-0.06332091524856696f,0.1577462272986348f,-0.98544740573261f,1.687336658820882f,0f,0f,0f,1f], start_interpolation: 0, interpolation_duration: 1 }
$data merge entity $(bone_eyelid_expressions_right5) { transformation: [-0.9979313374205866f,0.0009876511578610445f,0.06428118184312914f,-0.8037136101046591f,0.011113392193334144f,0.9874791908279577f,0.1573573646059166f,5.167219008958609f,-0.06332091524856696f,0.1577462272986348f,-0.98544740573261f,2.231705756708909f,0f,0f,0f,1f], start_interpolation: 0, interpolation_duration: 1 }
$data merge entity $(bone_eyelid_expressions_right7) { transformation: [-0.9979313374205866f,0.0009876511578610445f,0.06428118184312914f,-0.46749650911823104f,0.011113392193334144f,0.9874791908279577f,0.1573573646059166f,5.163474750846597f,-0.06332091524856696f,0.1577462272986348f,-0.98544740573261f,2.253039463506522f,0f,0f,0f,1f], start_interpolation: 0, interpolation_duration: 1 }
$data merge entity $(bone_eyelid_expressions_right6) { transformation: [-0.9979313374205866f,0.0009876511578610445f,0.06428118184312914f,-0.5795688761137071f,0.011113392193334144f,0.9874791908279577f,0.1573573646059166f,5.164722836883935f,-0.06332091524856696f,0.1577462272986348f,-0.98544740573261f,2.2459282279073176f,0f,0f,0f,1f], start_interpolation: 0, interpolation_duration: 1 }
$data merge entity $(bone_right_eye1) { transformation: [-0.9979313374205866f,0.0009876511578610445f,0.06428118184312914f,-0.2193519062175764f,0.011113392193334144f,0.9874791908279577f,0.1573573646059166f,5.0813482257912925f,-0.06332091524856696f,0.1577462272986348f,-0.98544740573261f,1.6976925715558102f,0f,0f,0f,1f], start_interpolation: 0, interpolation_duration: 1 }
$data merge entity $(bone_tear_left1) { transformation: [-0.9979313374205866f,0.0009876511578610445f,0.06428118184312914f,0.35401947325897043f,0.011113392193334144f,0.9874791908279577f,0.1573573646059166f,4.941402623725607f,-0.06332091524856696f,0.1577462272986348f,-0.98544740573261f,2.2141850203843156f,0f,0f,0f,1f], start_interpolation: 0, interpolation_duration: 1 }
$data merge entity $(bone_left_sad_pupil1) { transformation: [-0.9979313374205866f,0.0009876511578610445f,0.06428118184312914f,0.1656010879199914f,0.011113392193334144f,0.9874791908279577f,0.1573573646059166f,5.04552452679083f,-0.06332091524856696f,0.1577462272986348f,-0.98544740573261f,2.275502281124995f,0f,0f,0f,1f], start_interpolation: 0, interpolation_duration: 1 }
$data merge entity $(bone_left_pupil1) { transformation: [-0.9979313374205866f,0.0009876511578610445f,0.06428118184312914f,0.1648791801160891f,0.011113392193334144f,0.9874791908279577f,0.1573573646059166f,5.043757329825041f,-0.06332091524856696f,0.1577462272986348f,-0.98544740573261f,2.286569317419844f,0f,0f,0f,1f], start_interpolation: 0, interpolation_duration: 1 }
$data merge entity $(bone_eyelid_left1) { transformation: [-0.9979313374205866f,0.0009876511578610445f,0.06428118184312914f,-0.22983723511322166f,0.011113392193334144f,0.9874791908279577f,0.1573573646059166f,5.083240231360815f,-0.06332091524856696f,0.1577462272986348f,-0.98544740573261f,1.6859144117010412f,0f,0f,0f,1f], start_interpolation: 0, interpolation_duration: 1 }
$data merge entity $(bone_left_happy_pupil1) { transformation: [-0.9979313374205866f,0.0009876511578610445f,0.06428118184312914f,0.19359180919171126f,0.011113392193334144f,0.9874791908279577f,0.1573573646059166f,5.017488220678283f,-0.06332091524856696f,0.1577462272986348f,-0.98544740573261f,2.2728512592805314f,0f,0f,0f,1f], start_interpolation: 0, interpolation_duration: 1 }
$data merge entity $(bone_eyelid_expressions_left5) { transformation: [-0.9979313374205866f,0.0009876511578610445f,0.06428118184312914f,0.29459558645100586f,0.011113392193334144f,0.9874791908279577f,0.1573573646059166f,5.154987765792703f,-0.06332091524856696f,0.1577462272986348f,-0.98544740573261f,2.301395865581111f,0f,0f,0f,1f], start_interpolation: 0, interpolation_duration: 1 }
$data merge entity $(bone_eyelid_expressions_left7) { transformation: [-0.9979313374205866f,0.0009876511578610445f,0.06428118184312914f,-0.04162151453542222f,0.011113392193334144f,0.9874791908279577f,0.1573573646059166f,5.158732023904716f,-0.06332091524856696f,0.1577462272986348f,-0.98544740573261f,2.2800621587834984f,0f,0f,0f,1f], start_interpolation: 0, interpolation_duration: 1 }
$data merge entity $(bone_eyelid_expressions_left6) { transformation: [-0.9979313374205866f,0.0009876511578610445f,0.06428118184312914f,0.07045085246005384f,0.011113392193334144f,0.9874791908279577f,0.1573573646059166f,5.1574839378673785f,-0.06332091524856696f,0.1577462272986348f,-0.98544740573261f,2.2871733943827026f,0f,0f,0f,1f], start_interpolation: 0, interpolation_duration: 1 }
$data merge entity $(bone_left_eye1) { transformation: [-0.9979313374205866f,0.0009876511578610445f,0.06428118184312914f,-0.2193519062175764f,0.011113392193334144f,0.9874791908279577f,0.1573573646059166f,5.0813482257912925f,-0.06332091524856696f,0.1577462272986348f,-0.98544740573261f,1.6976925715558102f,0f,0f,0f,1f], start_interpolation: 0, interpolation_duration: 1 }
$data merge entity $(bone_crest_middle5) { transformation: [-0.9979313374205866f,0.014877234063458977f,0.06254369433108438f,-0.2486294717770192f,0.011113392193334144f,0.9981303583649797f,-0.060102248079041465f,6.3746806575126325f,-0.06332091524856696f,-0.05928284420318056f,-0.9962308999801528f,2.386095613964739f,0f,0f,0f,1f], start_interpolation: 0, interpolation_duration: 1 }
$data merge entity $(bone_crest_middle4) { transformation: [-0.9979313374205866f,0.014877234063458977f,0.06254369433108438f,-0.2586541705111859f,0.011113392193334144f,0.9981303583649797f,-0.060102248079041465f,5.70211234962998f,-0.06332091524856696f,-0.05928284420318056f,-0.9962308999801528f,2.426042061718835f,0f,0f,0f,1f], start_interpolation: 0, interpolation_duration: 1 }
$data merge entity $(bone_crest_middle1) { transformation: [-0.9979313374205866f,0.014877234063458977f,0.06254369433108438f,-0.271440679573662f,0.011113392193334144f,0.9981303583649797f,-0.060102248079041465f,5.202748463458659f,-0.06332091524856696f,-0.05928284420318056f,-0.9962308999801528f,2.539913305479973f,0f,0f,0f,1f], start_interpolation: 0, interpolation_duration: 1 }
$data merge entity $(bone_crest_left5) { transformation: [-0.5370210932910904f,-0.8255298462701113f,0.17351892772169825f,-1.3578354678456317f,-0.8268602811896466f,0.5558650746395132f,0.08553416970420165f,5.738135753465693f,-0.16706412167614115f,-0.0975422560393934f,-0.981109110922595f,2.31238897834462f,0f,0f,0f,1f], start_interpolation: 0, interpolation_duration: 1 }
$data merge entity $(bone_crest_left4) { transformation: [-0.5370210932910904f,-0.8255298462701113f,0.17351892772169825f,-0.8942811108091924f,-0.8268602811896466f,0.5558650746395132f,0.08553416970420165f,5.42600448596792f,-0.16706412167614115f,-0.0975422560393934f,-0.981109110922595f,2.367161241257365f,0f,0f,0f,1f], start_interpolation: 0, interpolation_duration: 1 }
$data merge entity $(bone_crest_left1) { transformation: [-0.5370210932910904f,-0.8255298462701113f,0.17351892772169825f,-0.3746278235925496f,-0.8268602811896466f,0.5558650746395132f,0.08553416970420165f,5.087463035819971f,-0.16706412167614115f,-0.0975422560393934f,-0.981109110922595f,2.3723191544086024f,0f,0f,0f,1f], start_interpolation: 0, interpolation_duration: 1 }
$data merge entity $(bone_crest_center1) { transformation: [-0.9979313374205866f,0.0009876511578610445f,0.06428118184312914f,-0.2625831857057971f,0.011113392193334144f,0.9874791908279577f,0.1573573646059166f,5.058490669173295f,-0.06332091524856696f,0.1577462272986348f,-0.98544740573261f,2.375001536507588f,0f,0f,0f,1f], start_interpolation: 0, interpolation_duration: 1 }
$data merge entity $(bone_crest_right5) { transformation: [-0.535355140215116f,0.8433628514073952f,-0.04619496413291223f,0.8466036814062847f,0.8388027237354128f,0.5372795684203967f,0.08798099801687441f,5.713586171832852f,0.09901951574970624f,0.008352617792043077f,-0.9950504355442058f,2.452265440087171f,0f,0f,0f,1f], start_interpolation: 0, interpolation_duration: 1 }
$data merge entity $(bone_crest_right4) { transformation: [-0.535355140215116f,0.8433628514073952f,-0.04619496413291223f,0.3730356740242024f,0.8388027237354128f,0.5372795684203967f,0.08798099801687441f,5.4118911016749145f,0.09901951574970624f,0.008352617792043077f,-0.9950504355442058f,2.447575249432459f,0f,0f,0f,1f], start_interpolation: 0, interpolation_duration: 1 }
$data merge entity $(bone_crest_right1) { transformation: [-0.535355140215116f,0.8433628514073952f,-0.04619496413291223f,-0.15048308960159756f,0.8388027237354128f,0.5372795684203967f,0.08798099801687441f,5.084966863745295f,0.09901951574970624f,0.008352617792043077f,-0.9950504355442058f,2.386541625607011f,0f,0f,0f,1f], start_interpolation: 0, interpolation_duration: 1 }
$data merge entity $(bone_head1) { transformation: [-1.0460087586244424f,0.0010352333099975788f,0.0673780616975507f,-0.1797024359302696f,0.011648803015148413f,1.0350530580944082f,0.16493838347364947f,5.1230947879403494f,-0.06637153225924008f,0.16534598043672f,-1.0329233875192065f,1.080147754958596f,0f,0f,0f,1f], start_interpolation: 0, interpolation_duration: 1 }
$data merge entity $(bone_neck10) { transformation: [-1.482481881477726f,0.008265140429809331f,0.21065004207918797f,-0.03209382307779096f,0.026655041559111223f,1.491585106124872f,0.12906456380418688f,4.767577757813371f,-0.20912020833427405f,0.13152885738178693f,-1.4768761558865047f,-0.011585163325074754f,0f,0f,0f,1f], start_interpolation: 0, interpolation_duration: 1 }
$data merge entity $(bone_neck9) { transformation: [-1.1340986393304613f,-0.016229477306331605f,0.1604525750298077f,-0.019274517443731452f,0.0203911067927201f,1.1161152092264692f,0.2570198260750712f,3.332478970266152f,-0.15997695937571976f,0.25731613299258f,-1.1047098843900967f,-0.2853846522180642f,0f,0f,0f,1f], start_interpolation: 0, interpolation_duration: 1 }
$data merge entity $(bone_neck8) { transformation: [-1.0530494911526929f,0.05260073300568551f,0.13641872843285707f,-0.06281507498462835f,0.010252274703897836f,1.0160890771499183f,-0.31264679041522536f,2.584195849350563f,-0.14584854282223336f,-0.308360645317801f,-1.0069419309834797f,-0.023614756460083375f,0f,0f,0f,1f], start_interpolation: 0, interpolation_duration: 1 }
$data merge entity $(bone_neck7) { transformation: [-1.046370016503916f,0.06262382078566849f,0.12495862709634285f,-0.12211599597898942f,0f,0.9437776692060235f,-0.47298025747598577f,1.7402364285494971f,-0.13977267764337348f,-0.4688161484337482f,-0.9354686688532925f,0.42032540928452555f,0f,0f,0f,1f], start_interpolation: 0, interpolation_duration: 1 }
$data merge entity $(bone_neck6) { transformation: [-1.040433165346447f,0.035970578017468564f,0.13424402473881286f,-0.1527598563909274f,0f,1.01390768862361f,-0.27167574636640246f,0.8419901183966911f,-0.13897964117447487f,-0.2692839183479605f,-1.0049812649358174f,0.6497323095858552f,0f,0f,0f,1f], start_interpolation: 0, interpolation_duration: 1 }
$data merge entity $(bone_neck_spine6) { transformation: [-1.2696736061236693f,0.024797404918999937f,-0.08543647428885712f,0.24761875990067417f,-0.08751822345644351f,-0.12881325496550694f,1.263223287635614f,0.4256956322175123f,0.015964428979935563f,1.2660085317924143f,0.1302033139089407f,-1.9078022523097724f,0f,0f,0f,1f], start_interpolation: 0, interpolation_duration: 1 }
$data merge entity $(bone_neck_spine7) { transformation: [-0.8482322552136429f,0.4699588332547323f,-0.24421452917676273f,-0.5753052524058366f,-0.20840741237952332f,0.1277313931163643f,0.9696654277006188f,0.992687138311947f,0.4868966950806388f,0.8733976106324104f,-0.010402983281155298f,-5.26622027285508f,0f,0f,0f,1f], start_interpolation: 0, interpolation_duration: 1 }
$data merge entity $(bone_tail6) { transformation: [-1.0504574515422924f,1.107559875125957f,-0.7969643674828708f,-3.0616724629127536f,-0.9149753141792027f,0.17438275421970625f,1.4483482892593706f,0.4050480081998913f,1.0122555282482124f,1.3069826760783214f,0.4821171719501485f,-8.25346621962607f,0f,0f,0f,1f], start_interpolation: 0, interpolation_duration: 1 }
$data merge entity $(bone_tail5) { transformation: [-0.8677691991001547f,0.9149407664083993f,-0.6583618687901976f,-2.4838151367600805f,-0.7558491725828197f,0.1440553187032356f,1.1964616302577409f,0.49603031474930326f,0.836211088552871f,1.0796813411081785f,0.39827070726316616f,-7.571562214715642f,0f,0f,0f,1f], start_interpolation: 0, interpolation_duration: 1 }
$data merge entity $(bone_tail4) { transformation: [-0.6394088835474823f,0.674166880511452f,-0.48510874542435606f,-2.194886473683744f,-0.5569414955873407f,0.10614602430764727f,0.8816033065057037f,0.5415214680240092f,0.6161555389336943f,0.7955546723954998f,0.2934626264044382f,-7.230610212260427f,0f,0f,0f,1f], start_interpolation: 0, interpolation_duration: 1 }
$data merge entity $(bone_segment18) { transformation: [-0.6100199038067906f,0.6431803282394971f,-0.4628118217216217f,-1.8337256448383235f,-0.5313429423740096f,0.10126726294195418f,0.8410824091880503f,0.5983854096173917f,0.5878353464609656f,0.7589888054655204f,0.279974282085228f,-6.804420209191409f,0f,0f,0f,1f], start_interpolation: 0, interpolation_duration: 1 }
$data merge entity $(bone_segment17) { transformation: [-0.6100199038067906f,0.6431803282394971f,-0.4628118217216217f,-1.3642165673392759f,-0.5313429423740096f,0.10126726294195418f,0.8410824091880503f,0.6723085336887891f,0.5878353464609656f,0.7589888054655204f,0.279974282085228f,-6.250373205201686f,0f,0f,0f,1f], start_interpolation: 0, interpolation_duration: 1 }
$data merge entity $(bone_segment16) { transformation: [-0.6778363565326242f,0.7281051983377271f,-0.10198379241897196f,-0.6691747398245016f,-0.23504842994768635f,-0.0831767274725968f,0.9684182296849212f,0.5929088744070865f,0.6966276690899555f,0.6804002146975912f,0.22752019360436374f,-5.600870070566045f,0f,0f,0f,1f], start_interpolation: 0, interpolation_duration: 1 }
$data merge entity $(bone_segment15) { transformation: [-0.8482322552136429f,0.5171527455751151f,-0.11425882442637572f,-0.05934862626790821f,-0.20840741237952332f,-0.12758882862742355f,0.9696841966716552f,0.44245622736840107f,0.4868966950806388f,0.846329798928055f,0.21600342535698236f,-4.602878632865238f,0f,0f,0f,1f], start_interpolation: 0, interpolation_duration: 1 }
$data merge entity $(bone_segment14) { transformation: [-1.01006150730429f,0.27509787071401226f,-0.05265084060083029f,0.25013647828535557f,-0.13579901705845124f,-0.30866065618249633f,0.9924527315273616f,0.09521298916309273f,0.2449685213518585f,0.9631847999624887f,0.33307756257826315f,-3.5192957329074384f,0f,0f,0f,1f], start_interpolation: 0, interpolation_duration: 1 }
$data merge entity $(bone_segment13) { transformation: [-1.0232075531702511f,0.03163617271702685f,-0.0643355852880345f,0.28999942613230056f,-0.07052939184431037f,-0.2790067166289516f,0.9845173786100433f,-0.26776512146997666f,0.012865451589712775f,0.9865333326730215f,0.28049968895462696f,-2.338812962677849f,0f,0f,0f,1f], start_interpolation: 0, interpolation_duration: 1 }
$data merge entity $(bone_segment12) { transformation: [-1.1072056595073876f,-0.11300906222153162f,-0.07614762374688527f,0.1534784113680342f,-0.07152534356572852f,-0.04865267576996609f,1.1122009366836116f,-0.32654016602429814f,-0.11598980116498044f,1.1087541432562538f,0.04104262454419488f,-0.9993784272004952f,0f,0f,0f,1f], start_interpolation: 0, interpolation_duration: 1 }
$data merge entity $(bone_segment11) { transformation: [-1.17681967569747f,-0.1788380059928224f,-0.015338167594586146f,-0.05884202150944008f,-0.09109140403602964f,0.5073860263292536f,1.073025916405518f,0.25938901200992215f,-0.1546630139477218f,1.0619318381043432f,-0.5152697975025178f,0.2271126317656441f,0f,0f,0f,1f], start_interpolation: 0, interpolation_duration: 1 }
$data merge entity $(bone_segment10) { transformation: [-1.0400165872223464f,-0.10133560513173984f,0.08229089536602092f,-0.16322544827502566f,-0.05042357272305139f,0.9213265671834497f,0.4972826338622503f,1.2025009631035206f,-0.1204083038722847f,0.4894523978485731f,-0.919028502617876f,0.7280801078617676f,0f,0f,0f,1f], start_interpolation: 0, interpolation_duration: 1 }