# This file was generated by Animated Java via MC-Build. It is not recommended to edit this file directly.
$data merge entity $(bone_neck_spine5) { transformation: [-1.557754316270428f,0.043317258057559996f,0.2086727122837776f,0.1748464122409238f,0.03534357431953556f,1.5706372576802334f,-0.062198328737019595f,4.154591273819113f,-0.2101702106670043f,-0.056933430405462226f,-1.557114723649833f,-0.8557424503657989f,0f,0f,0f,1f], start_interpolation: 0, interpolation_duration: 1 }
$data merge entity $(bone_neck_spine2) { transformation: [-1.4835755393051688f,0.04170840975039491f,0.19864115740575428f,-0.1018204545137107f,0.03366054697098624f,1.4957057864436503f,-0.06265340901039311f,5.837466441285779f,-0.2001621053971469f,-0.05760981373952447f,-1.4828386704587608f,0.6377376614403957f,0f,0f,0f,1f], start_interpolation: 0, interpolation_duration: 1 }
$data merge entity $(bone_scale_neck_left1) { transformation: [-1.5719351753307946f,0.38017816877677063f,0.31231305669305254f,0.656418225321165f,0.46027904264501407f,1.5057060666953168f,0.48378458476514224f,4.917654470819314f,-0.17383350740638578f,0.54897074743572f,-1.5432006062078685f,0.7440827932896666f,0f,0f,0f,1f], start_interpolation: 0, interpolation_duration: 1 }
$data merge entity $(bone_scale_neck_right1) { transformation: [-1.580717467733515f,-0.4445485956653247f,0.12947553487745886f,-0.9013360909492623f,-0.38874914102317204f,1.524418126349343f,0.4879329485174962f,4.95299804513885f,-0.25151833609811125f,0.43769967213515176f,-1.5678688097085451f,0.5339125826226624f,0f,0f,0f,1f], start_interpolation: 0, interpolation_duration: 1 }
$data merge entity $(bone_blush_right1) { transformation: [-0.9977773291621453f,0.0053777678465656824f,0.06641898089434957f,-0.90743753748364f,0.016234359310001622f,0.9863233773789126f,0.16402024513348717f,4.578835954912054f,-0.06462853075731564f,0.1647339517186544f,-0.984218409786825f,1.9622745101112595f,0f,0f,0f,1f], start_interpolation: 0, interpolation_duration: 1 }
$data merge entity $(bone_blush_left1) { transformation: [-0.9977773291621453f,0.0053777678465656824f,0.06641898089434957f,0.41481230204080466f,0.016234359310001622f,0.9863233773789126f,0.16402024513348717f,4.5573222580529995f,-0.06462853075731564f,0.1647339517186544f,-0.984218409786825f,2.0479199361246163f,0f,0f,0f,1f], start_interpolation: 0, interpolation_duration: 1 }
$data merge entity $(bone_left_head_scales) { transformation: [-0.9157081723869055f,0.0053777678465656824f,-0.4018079424760312f,0.4560505447758127f,-0.06133606815517887f,0.9863233773789126f,0.15298392719210313f,5.3416075882530984f,0.39713527892532585f,0.1647339517186544f,-0.9028545261469643f,1.7820351188142707f,0f,0f,0f,1f], start_interpolation: 0, interpolation_duration: 1 }
$data merge entity $(bone_left_head_scales2) { transformation: [-0.8554277012958309f,0.0053777678465656824f,-0.5178943207534901f,0.44003021213605126f,-0.08077973907658072f,0.9863233773789126f,0.1436691650653507f,4.427827315329147f,0.5115838949873714f,0.1647339517186544f,-0.8432939247621234f,1.7998304704813266f,0f,0f,0f,1f], start_interpolation: 0, interpolation_duration: 1 }
$data merge entity $(bone_left_head_scales1) { transformation: [-0.9977773291621453f,0.0053777678465656824f,0.06641898089434957f,0.4554465962383566f,0.016234359310001622f,0.9863233773789126f,0.16402024513348717f,5.230838849582615f,-0.06462853075731564f,0.1647339517186544f,-0.984218409786825f,1.7635347238458672f,0f,0f,0f,1f], start_interpolation: 0, interpolation_duration: 1 }
$data merge entity $(bone_right_head_scales) { transformation: [-0.8543704277460052f,0.0053777678465656824f,0.519636653639922f,-0.8886103089778596f,0.0901361733105372f,0.9863233773789126f,0.1379915413957981f,5.363485924041968f,-0.5117876927535876f,0.1647339517186544f,-0.8431702572417479f,1.694938075410857f,0f,0f,0f,1f], start_interpolation: 0, interpolation_duration: 1 }
$data merge entity $(bone_right_head_scales2) { transformation: [-0.7792349765609323f,0.0053777678465656824f,0.626708808711886f,-0.9046306416176212f,0.10737655630960043f,0.9863233773789126f,0.12504587314640442f,4.449705651118017f,-0.6174650811658697f,0.1647339517186544f,-0.7691551200453532f,1.7127334270779129f,0f,0f,0f,1f], start_interpolation: 0, interpolation_duration: 1 }
$data merge entity $(bone_right_head_scales1) { transformation: [-0.9977773291621453f,0.0053777678465656824f,0.06641898089434957f,-0.8892142575153158f,0.016234359310001622f,0.9863233773789126f,0.16402024513348717f,5.252717185371485f,-0.06462853075731564f,0.1647339517186544f,-0.984218409786825f,1.6764376804424534f,0f,0f,0f,1f], start_interpolation: 0, interpolation_duration: 1 }
$data merge entity $(bone_head_left_fin1) { transformation: [-0.7712038507253645f,0.05010048992324421f,-0.7081029300610145f,0.4587761394562665f,0.1571137043292802f,1.0316796760097324f,-0.09811996761902836f,4.8292715568635325f,0.6922680857611987f,-0.1783316714526011f,-0.766575443396552f,1.6112593999119666f,0f,0f,0f,1f], start_interpolation: 0, interpolation_duration: 1 }
$data merge entity $(bone_head_right_fin1) { transformation: [-0.6801632308201536f,0.006766700114103205f,0.7975007142536173f,-0.8858847142974059f,-0.1334992023719107f,1.0323847394477004f,-0.12261692683614799f,4.851149892652402f,-0.7862767581656775f,-0.18113850929673495f,-0.6690537333005492f,1.524162356508553f,0f,0f,0f,1f], start_interpolation: 0, interpolation_duration: 1 }
$data merge entity $(bone_right_whisker16) { transformation: [0.2590558395467436f,0.9130520410721805f,-0.3150016544252689f,-1.4343388717863732f,0.956370082137465f,-0.28809581463997486f,-0.04854964036228773f,2.1158284289002807f,-0.1350790064706946f,-0.2886810902723868f,-0.9478485586474431f,1.74817380585006f,0f,0f,0f,1f], start_interpolation: 0, interpolation_duration: 1 }
$data merge entity $(bone_right_whisker15) { transformation: [-0.8714271819794777f,0.37601678714739495f,-0.3150016544252689f,-1.1407427997327406f,0.4104624601826859f,0.910584153827349f,-0.04854964036228773f,1.9775378539363875f,0.26858003516285955f,-0.17160383032403742f,-0.9478485586474431f,1.6576854150969482f,0f,0f,0f,1f], start_interpolation: 0, interpolation_duration: 1 }
$data merge entity $(bone_right_whisker14) { transformation: [-0.7090679831299495f,-0.63086967989385f,-0.3150016544252689f,-0.9018478249477482f,-0.6518005779336875f,0.7568348162089289f,-0.04854964036228773f,2.1971386345878736f,0.2690327153067747f,0.1708932648310863f,-0.9478485586474431f,1.567044510037537f,0f,0f,0f,1f], start_interpolation: 0, interpolation_duration: 1 }
$data merge entity $(bone_right_whisker13) { transformation: [-0.09906799292326267f,-0.9912524503191185f,-0.08720156256914025f,-0.8684704249882504f,-0.9850472880312032f,0.08527877352761284f,0.1496975989386527f,2.529014918153074f,-0.14095166944924067f,0.10072790339309867f,-0.9848789348734706f,1.6145331096078377f,0f,0f,0f,1f], start_interpolation: 0, interpolation_duration: 1 }
$data merge entity $(bone_right_whisker12) { transformation: [0.05829174903451001f,-0.9962657090435145f,-0.06369229920893699f,-0.8946561716248468f,-0.9299876339742221f,-0.07738757552596798f,0.3593524228514967f,2.9467828006024317f,-0.3629394889641055f,0.038285769395894856f,-0.9310258466939775f,1.7775723331659319f,0f,0f,0f,1f], start_interpolation: 0, interpolation_duration: 1 }
$data merge entity $(bone_right_whisker11) { transformation: [0.28860604848260646f,-0.9564721360322279f,-0.04321575838976631f,-1.0243034199666428f,-0.9546690156448581f,-0.2909115336327702f,0.06306782196261115f,3.3756380224741456f,-0.07289457693774926f,0.023054990639270335f,-0.99707314077739f,1.8103179438996864f,0f,0f,0f,1f], start_interpolation: 0, interpolation_duration: 1 }
$data merge entity $(bone_right_whisker10) { transformation: [0.07147268391847426f,-0.9950617938809708f,0.0688743915535674f,-1.0564102896956449f,-0.9802788705149772f,-0.08282983148936228f,-0.17942283867257464f,3.815997671338295f,0.18424166595906216f,-0.05469227892333707f,-0.9813581217633044f,1.727553133019639f,0f,0f,0f,1f], start_interpolation: 0, interpolation_duration: 1 }
$data merge entity $(bone_right_whisker1) { transformation: [-0.3441168238682533f,-0.938115237559032f,0.03903091839024818f,-0.9018265602235779f,-0.9348618131683063f,0.3461948276211081f,0.07862907609821229f,4.235955126472495f,-0.08727543646692737f,-0.009430927205319573f,-0.9961395764658458f,1.7667588954950164f,0f,0f,0f,1f], start_interpolation: 0, interpolation_duration: 1 }
$data merge entity $(bone_left_whisker16) { transformation: [0.25918814234336573f,-0.9243343358504774f,0.2800491786034218f,0.9668583125104199f,-0.9576196740831175f,-0.28366550131674073f,-0.049984429292193766f,2.110038652720966f,0.12564261489454606f,-0.2552252317671166f,-0.9586834797741547f,1.704451856971983f,0f,0f,0f,1f], start_interpolation: 0, interpolation_duration: 1 }
$data merge entity $(bone_left_whisker15) { transformation: [-0.8825956861816615f,-0.3776205930521666f,0.2800491786034218f,0.6694994143339812f,-0.40623315328258436f,0.9124013272691038f,-0.049984429292193766f,1.9731729907263453f,-0.23664209242569212f,-0.15788130256780808f,-0.9586834797741547f,1.6247238082543427f,0f,0f,0f,1f], start_interpolation: 0, interpolation_duration: 1 }
$data merge entity $(bone_left_whisker14) { transformation: [-0.7152415387425101f,0.6403139845581967f,0.2800491786034218f,0.42852448184749126f,0.6552348787048349f,0.7537697331128348f,-0.049984429292193766f,2.193930835602486f,-0.2430983237003218f,0.147747049453487f,-0.9586834797741547f,1.5428205644295274f,0f,0f,0f,1f], start_interpolation: 0, interpolation_duration: 1 }
$data merge entity $(bone_left_whisker13) { transformation: [-0.08912119804645613f,0.9946619191858145f,0.052010369930968026f,0.39849829695879263f,0.9855010505552504f,0.08049032891926883f,0.14936193057458144f,2.525959998143073f,0.14437829273565522f,0.06456758840207447f,-0.9874137608493602f,1.5914636415719112f,0f,0f,0f,1f], start_interpolation: 0, interpolation_duration: 1 }
$data merge entity $(bone_left_whisker12) { transformation: [0.07594833338213003f,0.9966144422555134f,0.031488158793558554f,0.43261571234529633f,0.9296639537548019f,-0.08219281605501588f,0.3591229233534618f,2.943582477368863f,0.36049519240271f,0.0019986186924647893f,-0.9327589301517595f,1.7534048412840662f,0f,0f,0f,1f], start_interpolation: 0, interpolation_duration: 1 }
$data merge entity $(bone_left_whisker11) { transformation: [0.2956673283231134f,0.9552638882651708f,0.007192686478578139f,0.565435019990445f,0.9532602133601646f,-0.29552111912079204f,0.06294627692031152f,3.3718048388392496f,0.06225589600034753f,-0.011754655677713263f,-0.9979909976964181f,1.7813713570654723f,0f,0f,0f,1f], start_interpolation: 0, interpolation_duration: 1 }
$data merge entity $(bone_left_whisker10) { transformation: [0.06944295890422703f,0.9920002828769986f,-0.105418756540666f,0.5966300991857032f,0.9799390941578154f,-0.08762104345398926f,-0.17900258234225205f,3.8120118537929555f,-0.1868075137669422f,-0.09087349182236003f,-0.9781845231265034f,1.6974539192404787f,0f,0f,0f,1f], start_interpolation: 0, interpolation_duration: 1 }
$data merge entity $(bone_left_whisker1) { transformation: [-0.3362007357989481f,0.9388080880582264f,-0.07488951224773163f,0.4456024249010194f,0.9365021975678424f,0.3416691826502891f,0.07890376149263073f,4.232706200356635f,0.09966292790626041f,-0.04360669012365735f,-0.9940652681678455f,1.7422243751358693f,0f,0f,0f,1f], start_interpolation: 0, interpolation_duration: 1 }
$data merge entity $(bone_upper_left_tooth1) { transformation: [-0.9977773291621453f,0.011146099428706552f,0.06569753326861608f,0.012316291955949243f,0.016234359310001622f,0.9968654254390786f,0.07743235203685046f,4.533184182776649f,-0.06462853075731564f,0.07832680276693538f,-0.9948306715117201f,2.782106559242733f,0f,0f,0f,1f], start_interpolation: 0, interpolation_duration: 1 }
$data merge entity $(bone_upper_right_tooth1) { transformation: [-0.9977773291621453f,0.011146099428706552f,0.06569753326861608f,-0.660014134920887f,0.016234359310001622f,0.9968654254390786f,0.07743235203685046f,4.544123350671084f,-0.06462853075731564f,0.07832680276693538f,-0.9948306715117201f,2.738558037541026f,0f,0f,0f,1f], start_interpolation: 0, interpolation_duration: 1 }
$data merge entity $(bone_top_lip1) { transformation: [-0.9977773291621453f,0.04029523603916474f,0.05307254810731748f,-0.294457859985203f,0.016234359310001622f,0.9194470887582433f,-0.39287847555164557f,4.661345888319215f,-0.06462853075731564f,-0.3911436372057443f,-0.9180576278674512f,2.7718229571737054f,0f,0f,0f,1f], start_interpolation: 0, interpolation_duration: 1 }
$data merge entity $(bone_muzzle1) { transformation: [-0.9977773291621453f,0.011146099428706552f,0.06569753326861608f,-0.2556895164491619f,0.016234359310001622f,0.9968654254390786f,0.07743235203685046f,4.872754958933893f,-0.06462853075731564f,0.07832680276693538f,-0.9948306715117201f,2.226396919437433f,0f,0f,0f,1f], start_interpolation: 0, interpolation_duration: 1 }
$data merge entity $(bone_jaw_right_tooth1) { transformation: [-0.9977773291621453f,0.04237922522223283f,0.05142375598513582f,-0.6664726575216221f,0.016234359310001622f,0.9030517284358406f,-0.4292249076496317f,4.310104100791554f,-0.06462853075731564f,-0.4274360502327852f,-0.9017325412635091f,2.779484464490538f,0f,0f,0f,1f], start_interpolation: 0, interpolation_duration: 1 }
$data merge entity $(bone_jaw_left_tooth1) { transformation: [-0.9977773291621453f,0.04237922522223283f,0.05142375598513582f,0.06188530492828373f,0.016234359310001622f,0.9030517284358406f,-0.4292249076496317f,4.298253335572583f,-0.06462853075731564f,-0.4274360502327852f,-0.9017325412635091f,2.8266620296673874f,0f,0f,0f,1f], start_interpolation: 0, interpolation_duration: 1 }
$data merge entity $(bone_tongue1) { transformation: [-0.9977773291621453f,0.011684023606804008f,0.06560400142073024f,-0.25025809082931316f,0.016234359310001622f,0.997466411245017f,0.06926185108543292f,4.358613951282601f,-0.06462853075731564f,0.07017294372008775f,-0.9954390543784224f,2.013393420186839f,0f,0f,0f,1f], start_interpolation: 0, interpolation_duration: 1 }
$data merge entity $(bone_jaw_lips1) { transformation: [-0.9977773291621453f,0.011684023606804008f,0.06560400142073024f,-0.25468064229662524f,0.016234359310001622f,0.997466411245017f,0.06926185108543292f,4.166652091440377f,-0.06462853075731564f,0.07017294372008775f,-0.9954390543784224f,2.9022994012057404f,0f,0f,0f,1f], start_interpolation: 0, interpolation_duration: 1 }
$data merge entity $(bone_jaw3) { transformation: [-0.9977773291621453f,0.032805748049897665f,0.05800158881394684f,-0.20533303109837123f,0.016234359310001622f,0.9638664665573059f,-0.26589072985745094f,3.8465805007057265f,-0.06462853075731564f,-0.26435812365278405f,-0.9622566889717783f,2.060038494560044f,0f,0f,0f,1f], start_interpolation: 0, interpolation_duration: 1 }
$data merge entity $(bone_jaw1) { transformation: [-0.9977773291621453f,-0.01781614986195562f,0.06421048367791561f,-0.1476439246689939f,0.016234359310001622f,0.8695696527978316f,0.4935433765241437f,4.289998378051637f,-0.06462853075731564f,0.49348880811742357f,-0.8673476519106944f,1.2807808385465296f,0f,0f,0f,1f], start_interpolation: 0, interpolation_duration: 1 }
$data merge entity $(bone_tear_right1) { transformation: [-0.9977773291621453f,0.0053777678465656824f,0.06641898089434957f,-0.8560094286335413f,0.016234359310001622f,0.9863233773789126f,0.16402024513348717f,4.94903672479816f,-0.06462853075731564f,0.1647339517186544f,-0.984218409786825f,2.1301340428243853f,0f,0f,0f,1f], start_interpolation: 0, interpolation_duration: 1 }
$data merge entity $(bone_right_pupil1) { transformation: [-0.9977773291621453f,0.0053777678465656824f,0.06641898089434957f,-0.674990469017228f,0.016234359310001622f,0.9863233773789126f,0.16402024513348717f,5.045745052707862f,-0.06462853075731564f,0.1647339517186544f,-0.984218409786825f,2.226929662600594f,0f,0f,0f,1f], start_interpolation: 0, interpolation_duration: 1 }
$data merge entity $(bone_right_sad_pupil1) { transformation: [-0.9977773291621453f,0.0053777678465656824f,0.06641898089434957f,-0.6742445527278872f,0.016234359310001622f,0.9863233773789126f,0.16402024513348717f,5.047587076945201f,-0.06462853075731564f,0.1647339517186544f,-0.984218409786825f,2.2158764285063084f,0f,0f,0f,1f], start_interpolation: 0, interpolation_duration: 1 }
$data merge entity $(bone_right_happy_pupil1) { transformation: [-0.9977773291621453f,0.0053777678465656824f,0.06641898089434957f,-0.7024089471399231f,0.016234359310001622f,0.9863233773789126f,0.16402024513348717f,5.02035103956559f,-0.06462853075731564f,0.1647339517186544f,-0.984218409786825f,2.2094368904537784f,0f,0f,0f,1f], start_interpolation: 0, interpolation_duration: 1 }
$data merge entity $(bone_eyelid_right1) { transformation: [-0.9977773291621453f,0.0053777678465656824f,0.06641898089434957f,-0.20583833004070898f,0.016234359310001622f,0.9863233773789126f,0.16402024513348717f,5.077284614243756f,-0.06462853075731564f,0.1647339517186544f,-0.984218409786825f,1.681908184292298f,0f,0f,0f,1f], start_interpolation: 0, interpolation_duration: 1 }
$data merge entity $(bone_eyelid_expressions_right5) { transformation: [-0.9977773291621453f,0.0053777678465656824f,0.06641898089434957f,-0.8025035774322636f,0.016234359310001622f,0.9863233773789126f,0.16402024513348717f,5.160452483627894f,-0.06462853075731564f,0.1647339517186544f,-0.984218409786825f,2.226030046707763f,0f,0f,0f,1f], start_interpolation: 0, interpolation_duration: 1 }
$data merge entity $(bone_eyelid_expressions_right7) { transformation: [-0.9977773291621453f,0.0053777678465656824f,0.06641898089434957f,-0.4663383639938455f,0.016234359310001622f,0.9863233773789126f,0.16402024513348717f,5.154982899680677f,-0.06462853075731564f,0.1647339517186544f,-0.984218409786825f,2.2478043075586167f,0f,0f,0f,1f], start_interpolation: 0, interpolation_duration: 1 }
$data merge entity $(bone_eyelid_expressions_right6) { transformation: [-0.9977773291621453f,0.0053777678465656824f,0.06641898089434957f,-0.5783934351399849f,0.016234359310001622f,0.9863233773789126f,0.16402024513348717f,5.15680609432975f,-0.06462853075731564f,0.1647339517186544f,-0.984218409786825f,2.240546220608332f,0f,0f,0f,1f], start_interpolation: 0, interpolation_duration: 1 }
$data merge entity $(bone_right_eye1) { transformation: [-0.9977773291621453f,0.0053777678465656824f,0.06641898089434957f,-0.21778975344466375f,0.016234359310001622f,0.9863233773789126f,0.16402024513348717f,5.075624909471324f,-0.06462853075731564f,0.1647339517186544f,-0.984218409786825f,1.6922356096915552f,0f,0f,0f,1f], start_interpolation: 0, interpolation_duration: 1 }
$data merge entity $(bone_tear_left1) { transformation: [-0.9977773291621453f,0.0053777678465656824f,0.06641898089434957f,0.35418533974476385f,0.016234359310001622f,0.9863233773789126f,0.16402024513348717f,4.929346222588177f,-0.06462853075731564f,0.1647339517186544f,-0.984218409786825f,2.2085213818874574f,0f,0f,0f,1f], start_interpolation: 0, interpolation_duration: 1 }
$data merge entity $(bone_left_sad_pupil1) { transformation: [-0.9977773291621453f,0.0053777678465656824f,0.06641898089434957f,0.16616848086815808f,0.016234359310001622f,0.9863233773789126f,0.16402024513348717f,5.033913117077158f,-0.06462853075731564f,0.1647339517186544f,-0.984218409786825f,2.270312080633442f,0f,0f,0f,1f], start_interpolation: 0, interpolation_duration: 1 }
$data merge entity $(bone_left_pupil1) { transformation: [-0.9977773291621453f,0.0053777678465656824f,0.06641898089434957f,0.16542256457881724f,0.016234359310001622f,0.9863233773789126f,0.16402024513348717f,5.032071092839819f,-0.06462853075731564f,0.1647339517186544f,-0.984218409786825f,2.2813653147277275f,0f,0f,0f,1f], start_interpolation: 0, interpolation_duration: 1 }
$data merge entity $(bone_eyelid_left1) { transformation: [-0.9977773291621453f,0.0053777678465656824f,0.06641898089434957f,-0.22824934426993684f,0.016234359310001622f,0.9863233773789126f,0.16402024513348717f,5.07764925317357f,-0.06462853075731564f,0.1647339517186544f,-0.984218409786825f,1.680456566902241f,0f,0f,0f,1f], start_interpolation: 0, interpolation_duration: 1 }
$data merge entity $(bone_left_happy_pupil1) { transformation: [-0.9977773291621453f,0.0053777678465656824f,0.06641898089434957f,0.1940316220291918f,0.016234359310001622f,0.9863233773789126f,0.16402024513348717f,5.005765482373009f,-0.06462853075731564f,0.1647339517186544f,-0.984218409786825f,2.267501586056054f,0f,0f,0f,1f], start_interpolation: 0, interpolation_duration: 1 }
$data merge entity $(bone_eyelid_expressions_left5) { transformation: [-0.9977773291621453f,0.0053777678465656824f,0.06641898089434957f,0.2956361197999021f,0.016234359310001622f,0.9863233773789126f,0.16402024513348717f,5.142585176066985f,-0.06462853075731564f,0.1647339517186544f,-0.984218409786825f,2.297159298820551f,0f,0f,0f,1f], start_interpolation: 0, interpolation_duration: 1 }
$data merge entity $(bone_eyelid_expressions_left7) { transformation: [-0.9977773291621453f,0.0053777678465656824f,0.06641898089434957f,-0.040529093638515964f,0.016234359310001622f,0.9863233773789126f,0.16402024513348717f,5.148054760014203f,-0.06462853075731564f,0.1647339517186544f,-0.984218409786825f,2.2753850379696976f,0f,0f,0f,1f], start_interpolation: 0, interpolation_duration: 1 }
$data merge entity $(bone_eyelid_expressions_left6) { transformation: [-0.9977773291621453f,0.0053777678465656824f,0.06641898089434957f,0.07152597750762343f,0.016234359310001622f,0.9863233773789126f,0.16402024513348717f,5.14623156536513f,-0.06462853075731564f,0.1647339517186544f,-0.984218409786825f,2.282643124919982f,0f,0f,0f,1f], start_interpolation: 0, interpolation_duration: 1 }
$data merge entity $(bone_left_eye1) { transformation: [-0.9977773291621453f,0.0053777678465656824f,0.06641898089434957f,-0.21778975344466375f,0.016234359310001622f,0.9863233773789126f,0.16402024513348717f,5.075624909471324f,-0.06462853075731564f,0.1647339517186544f,-0.984218409786825f,1.6922356096915552f,0f,0f,0f,1f], start_interpolation: 0, interpolation_duration: 1 }
$data merge entity $(bone_crest_middle5) { transformation: [-0.9977773291621453f,0.01962599185875529f,0.0636806238475692f,-0.24200312057626736f,0.016234359310001622f,0.9984440535988045f,-0.0533471406073614f,6.364179188119493f,-0.06462853075731564f,-0.05219475334502374f,-0.9965434565212912f,2.3897356365122264f,0f,0f,0f,1f], start_interpolation: 0, interpolation_duration: 1 }
$data merge entity $(bone_crest_middle4) { transformation: [-0.9977773291621453f,0.01962599185875529f,0.0636806238475692f,-0.2552276658717177f,0.016234359310001622f,0.9984440535988045f,-0.0533471406073614f,5.691399503565611f,-0.06462853075731564f,-0.05219475334502374f,-0.9965434565212912f,2.424905929293541f,0f,0f,0f,1f], start_interpolation: 0, interpolation_duration: 1 }
$data merge entity $(bone_crest_middle1) { transformation: [-0.9977773291621453f,0.01962599185875529f,0.0636806238475692f,-0.2705098221492844f,0.016234359310001622f,0.9984440535988045f,-0.0533471406073614f,5.191308109788024f,-0.06462853075731564f,-0.05219475334502374f,-0.9965434565212912f,2.535221383110927f,0f,0f,0f,1f], start_interpolation: 0, interpolation_duration: 1 }
$data merge entity $(bone_crest_left5) { transformation: [-0.5406409315755217f,-0.8227834014247922f,0.17531359743328764f,-1.3540656669615025f,-0.8231339843876242f,0.560401080235607f,0.09165736749939878f,5.733373128543979f,-0.1736600899784024f,-0.094752855421955f,-0.9802367415772982f,2.3099820607483403f,0f,0f,0f,1f], start_interpolation: 0, interpolation_duration: 1 }
$data merge entity $(bone_crest_left4) { transformation: [-0.5406409315755217f,-0.8227834014247922f,0.17531359743328764f,-0.8920535030755108f,-0.8231339843876242f,0.560401080235607f,0.09165736749939878f,5.418694787591368f,-0.1736600899784024f,-0.094752855421955f,-0.9802367415772982f,2.363188009837817f,0f,0f,0f,1f], start_interpolation: 0, interpolation_duration: 1 }
$data merge entity $(bone_crest_left1) { transformation: [-0.5406409315755217f,-0.8227834014247922f,0.17531359743328764f,-0.37399585341379743f,-0.8231339843876242f,0.560401080235607f,0.09165736749939878f,5.077695388550542f,-0.1736600899784024f,-0.094752855421955f,-0.9802367415772982f,2.3666719633668127f,0f,0f,0f,1f], start_interpolation: 0, interpolation_duration: 1 }
$data merge entity $(bone_crest_center1) { transformation: [-0.9977773291621453f,0.0053777678465656824f,0.06641898089434957f,-0.2620917674693868f,0.016234359310001622f,0.9863233773789126f,0.16402024513348717f,5.048180363693812f,-0.06462853075731564f,0.1647339517186544f,-0.984218409786825f,2.36930501077626f,0f,0f,0f,1f], start_interpolation: 0, interpolation_duration: 1 }
$data merge entity $(bone_crest_right5) { transformation: [-0.5315698047767995f,0.8458517401982476f,-0.04436638652348354f,0.850033276685594f,0.8405794141856751f,0.5332515132383779f,0.0952316758030003f,5.697511285264769f,0.10421032145052969f,0.013328812121723432f,-0.9944659630528341f,2.452747056713201f,0f,0f,0f,1f], start_interpolation: 0, interpolation_duration: 1 }
$data merge entity $(bone_crest_right4) { transformation: [-0.5315698047767995f,0.8458517401982476f,-0.04436638652348354f,0.37506769991411715f,0.8405794141856751f,0.5332515132383779f,0.0952316758030003f,5.398078062499078f,0.10421032145052969f,0.013328812121723432f,-0.9944659630528341f,2.445262616312819f,0f,0f,0f,1f], start_interpolation: 0, interpolation_duration: 1 }
$data merge entity $(bone_crest_right1) { transformation: [-0.5315698047767995f,0.8458517401982476f,-0.04436638652348354f,-0.14988571112151872f,0.8405794141856751f,0.5332515132383779f,0.0952316758030003f,5.074048999252398f,0.10421032145052969f,0.013328812121723432f,-0.9944659630528341f,2.3811881372673813f,0f,0f,0f,1f], start_interpolation: 0, interpolation_duration: 1 }
$data merge entity $(bone_head1) { transformation: [-1.0458473306973002f,0.005636853016256995f,0.06961885367181168f,-0.17706633179964562f,0.01701648339134284f,1.0338415609245108f,0.17192226215163686f,5.121551873189726f,-0.0677421448693217f,0.17267035303843323f,-1.0316351821333252f,1.0750575370216437f,0f,0f,0f,1f], start_interpolation: 0, interpolation_duration: 1 }
$data merge entity $(bone_neck10) { transformation: [-1.4835755393051688f,0.015423714628745352f,0.20238579467555406f,-0.03749356748193694f,0.03366054697098624f,1.491087727004363f,0.13311138057508148f,4.769067413748163f,-0.2001621053971469f,0.13643233153487205f,-1.477672369694638f,-0.018713725846247642f,0f,0f,0f,1f], start_interpolation: 0, interpolation_duration: 1 }
$data merge entity $(bone_neck9) { transformation: [-1.1349352875684549f,-0.008864684376730884f,0.15502083376548448f,-0.033794500813823285f,0.025750318432804488f,1.1170582478824154f,0.25240035744232703f,3.3329931587292836f,-0.15312401062881748f,0.25355558898850233f,-1.1065490270024985f,-0.28763021048833404f,0f,0f,0f,1f], start_interpolation: 0, interpolation_duration: 1 }
$data merge entity $(bone_neck8) { transformation: [-1.0538623156594134f,0.05550066865413123f,0.12877900764038375f,-0.07925828039876467f,0.015050219230970515f,1.0154642315692617f,-0.3144773802699765f,2.5852338696947155f,-0.13941968272448985f,-0.3099067723998815f,-1.0073778247939593f,-0.024692997580652465f,0f,0f,0f,1f], start_interpolation: 0, interpolation_duration: 1 }
$data merge entity $(bone_neck7) { transformation: [-1.0475051551230958f,0.05886910893845093f,0.11702132650647827f,-0.13499432082767418f,0f,0.9430563512897763f,-0.47441683269675206f,1.7419574350945033f,-0.13099451455898067f,-0.47075020887813823f,-0.9357677547611106f,0.4210034491140259f,0f,0f,0f,1f], start_interpolation: 0, interpolation_duration: 1 }
$data merge entity $(bone_neck6) { transformation: [-1.0415618634628228f,0.033711512759501225f,0.12581307841846506f,-0.16371365057477294f,0f,1.01390768862361f,-0.27167574636640246f,0.8437111249416973f,-0.13025128327070276f,-0.26957604691664977f,-1.0060715035965089f,0.6506592180067055f,0f,0f,0f,1f], start_interpolation: 0, interpolation_duration: 1 }
$data merge entity $(bone_neck_spine6) { transformation: [-1.2670839182801035f,-0.024149064065013486f,-0.11790053120081045f,0.23111557864301346f,-0.11534186272173004f,-0.11222269545839474f,1.2625718553193888f,0.4140814084934279f,-0.03435065147171153f,1.267599407480749f,0.1095314722563007f,-1.911997522973732f,0f,0f,0f,1f], start_interpolation: 0, interpolation_duration: 1 }
$data merge entity $(bone_neck_spine7) { transformation: [-0.8669513360360175f,0.42367529029514667f,-0.26247786447372495f,-0.4422132270780106f,-0.21914039594455648f,0.14896206415075558f,0.9642550442228495f,0.9211501959304216f,0.44763028026556356f,0.8934817020159224f,-0.03629848966697713f,-5.316896135159271f,0f,0f,0f,1f], start_interpolation: 0, interpolation_duration: 1 }
$data merge entity $(bone_tail6) { transformation: [-1.015599040969344f,1.0729772150205918f,-0.8846357564308207f,-2.8428507833269503f,-0.9844798471467486f,0.21893284719276543f,1.3957685254042342f,0.22854210158477767f,0.9821710421668882f,1.3289432802019248f,0.4843054196084177f,-8.347848961753884f,0f,0f,0f,1f], start_interpolation: 0, interpolation_duration: 1 }
$data merge entity $(bone_tail5) { transformation: [-0.8389731208007624f,0.8863724819735322f,-0.7307860596602431f,-2.2830365841857723f,-0.8132659606864445f,0.18085756942011055f,1.1530261731600195f,0.3427679349027422f,0.8113586870074294f,1.0978227097320248f,0.4000783901113016f,-7.654487250344184f,0f,0f,0f,1f], start_interpolation: 0, interpolation_duration: 1 }
$data merge entity $(bone_tail4) { transformation: [-0.6181907205900353f,0.6531165656647079f,-0.5384739386970212f,-2.003129484615183f,-0.5992486026110643f,0.13326347220429197f,0.8495982328547512f,0.3998808515617245f,0.5978432430581058f,0.8089219966446497f,0.2947946032399064f,-7.307806394639334f,0f,0f,0f,1f], start_interpolation: 0, interpolation_duration: 1 }
$data merge entity $(bone_segment18) { transformation: [-0.589776985606394f,0.6230975433919201f,-0.513724204868711f,-1.6532456101519464f,-0.5717054991370154f,0.1271383188234736f,0.8105483761893776f,0.47127199738545233f,0.5703647337498451f,0.7717417309603615f,0.28124503762515296f,-6.874455325008271f,0f,0f,0f,1f], start_interpolation: 0, interpolation_duration: 1 }
$data merge entity $(bone_segment17) { transformation: [-0.589776985606394f,0.6230975433919201f,-0.513724204868711f,-1.1983965733497386f,-0.5717054991370154f,0.1271383188234736f,0.8105483761893776f,0.5640804869562986f,0.5703647337498451f,0.7717417309603615f,0.28124503762515296f,-6.311098934487889f,0f,0f,0f,1f], start_interpolation: 0, interpolation_duration: 1 }
$data merge entity $(bone_segment16) { transformation: [-0.6819359184403739f,0.7195179122322137f,-0.13136733657146193f,-0.5115520819366627f,-0.24084467680035565f,-0.05131014460128676f,0.9692064334897531f,0.5151003440385664f,0.6906209125112097f,0.6925758030988314f,0.20828228960762113f,-5.649973106822745f,0f,0f,0f,1f], start_interpolation: 0, interpolation_duration: 1 }
$data merge entity $(bone_segment15) { transformation: [-0.8669513360360175f,0.4771731751002387f,-0.14387891405664974f,0.05113015334999571f,-0.21914039594455648f,-0.105681264880503f,0.9699530695443569f,0.3904810790549655f,0.44763028026556356f,0.8724317917281637f,0.1961884323077159f,-4.621202219604231f,0f,0f,0f,1f], start_interpolation: 0, interpolation_duration: 1 }
$data merge entity $(bone_segment14) { transformation: [-1.0194368370231575f,0.22705064653736734f,-0.08872281134158834f,0.306562130704534f,-0.15140328891813407f,-0.2907440486831384f,0.9956003918667775f,0.06339402428643481f,0.1910517664146648f,0.9811172713225838f,0.31556825012592143f,-3.5174452893663246f,0f,0f,0f,1f], start_interpolation: 0, interpolation_duration: 1 }
$data merge entity $(bone_segment13) { transformation: [-1.0211205694374952f,-0.0026666430520088788f,-0.09694990206114844f,0.3060041845406839f,-0.09295197172280596f,-0.2657486369938455f,0.9863220593254233f,-0.28366572376463095f,-0.02768258383308517f,0.990688731526676f,0.26431633245332714f,-2.33151487226862f,0f,0f,0f,1f], start_interpolation: 0, interpolation_duration: 1 }
$data merge entity $(bone_segment12) { transformation: [-1.1029327302623175f,-0.13283881844178314f,-0.10181906512425358f,0.1455277595774559f,-0.097855282868749f,-0.03877433289001228f,1.110583079249494f,-0.33050719973914244f,-0.1357851881556422f,1.1069436664146926f,0.026683014327683805f,-0.9942674900226824f,0f,0f,0f,1f], start_interpolation: 0, interpolation_duration: 1 }
$data merge entity $(bone_segment11) { transformation: [-1.1756377963543f,-0.18455967100692516f,-0.03059968140957809f,-0.07318495279073632f,-0.10816487097049847f,0.5117038695262053f,1.0693840991342591f,0.26034977221216216f,-0.15264001229195298f,1.0588766305056843f,-0.5221150724675439f,0.22873031957555945f,0f,0f,0f,1f], start_interpolation: 0, interpolation_duration: 1 }
$data merge entity $(bone_segment10) { transformation: [-1.0409795337152346f,-0.09785729577453785f,0.07389694225663844f,-0.17352197042343298f,-0.051478465222999086f,0.9220463759203511f,0.49583832677154405f,1.2042219696485268f,-0.11129589403689073f,0.48880428429077283f,-0.9205209360219289f,0.7290920107015596f,0f,0f,0f,1f], start_interpolation: 0, interpolation_duration: 1 }