# This file was generated by Animated Java via MC-Build. It is not recommended to edit this file directly.
$data merge entity $(bone_neck_spine5) { transformation: [-1.563998511361303f,0.058446676575676676f,0.15003945485614206f,0.12482801636034593f,0.05154972299230263f,1.5696721038572146f,-0.07410336017027051f,4.151863718846856f,-0.15254664229568252f,-0.06879438877093258f,-1.56333491279207f,-0.8730602902176066f,0f,0f,0f,1f], start_interpolation: 0, interpolation_duration: 1 }
$data merge entity $(bone_neck_spine2) { transformation: [-1.4895223917726692f,0.05306184048400834f,0.14388108693050852f,-0.08024812313805728f,0.04909497427838344f,1.4959601751664087f,-0.04344098871711021f,5.833369018974972f,-0.14528251647207852f,-0.03849515663774967f,-1.489834015924929f,0.6402284073654471f,0f,0f,0f,1f], start_interpolation: 0, interpolation_duration: 1 }
$data merge entity $(bone_scale_neck_left1) { transformation: [-1.5730142009005224f,0.41349521400831235f,0.2601982178939426f,0.6730408564497288f,0.47603625947527956f,1.4945333805137564f,0.5028066577051068f,4.905733955734149f,-0.10986757605293736f,0.5553798370124864f,-1.5467829302167475f,0.7060930136191965f,0f,0f,0f,1f], start_interpolation: 0, interpolation_duration: 1 }
$data merge entity $(bone_scale_neck_right1) { transformation: [-1.5922757226074635f,-0.4145374342692854f,0.07662779927670042f,-0.8909576549115736f,-0.3717076315630058f,1.5218255124034088f,0.50885717767719f,4.957283678726452f,-0.1988631204380874f,0.4746165886536333f,-1.5646877113156115f,0.5535463713235141f,0f,0f,0f,1f], start_interpolation: 0, interpolation_duration: 1 }
$data merge entity $(bone_blush_right1) { transformation: [-0.9978345221955078f,0.017392224138631344f,0.06343324723182742f,-0.8780662763227398f,0.02887568471456629f,0.9823349356899749f,0.18488988332312215f,4.55816359895289f,-0.05909704854836234f,0.18632118683199816f,-0.980709923570873f,1.9489588001278504f,0f,0f,0f,1f], start_interpolation: 0, interpolation_duration: 1 }
$data merge entity $(bone_blush_left1) { transformation: [-0.9978345221955078f,0.017392224138631344f,0.06343324723182742f,0.4442593551414245f,0.02887568471456629f,0.9823349356899749f,0.18488988332312215f,4.51989767692392f,-0.05909704854836234f,0.18632118683199816f,-0.980709923570873f,2.027273931846725f,0f,0f,0f,1f], start_interpolation: 0, interpolation_duration: 1 }
$data merge entity $(bone_left_head_scales) { transformation: [-0.9143802448489216f,0.017392224138631344f,-0.40448272938351504f,0.4930949670161176f,-0.0597596020683798f,0.9823349356899749f,0.1773326368258298f,5.3093327082633675f,0.40042172492343003f,0.18632118683199816f,-0.89718830662624f,1.7784643214736278f,0f,0f,0f,1f], start_interpolation: 0, interpolation_duration: 1 }
$data merge entity $(bone_left_head_scales2) { transformation: [-0.853762004611986f,0.017392224138631344f,-0.5203728951631077f,0.4667833641303451f,-0.08239490422965573f,0.9823349356899749f,0.16801533822826598f,4.395620163626634f,0.5141026349260512f,0.18632118683199816f,-0.837247213252816f,1.776273862421418f,0f,0f,0f,1f], start_interpolation: 0, interpolation_duration: 1 }
$data merge entity $(bone_left_head_scales1) { transformation: [-0.9978345221955078f,0.017392224138631344f,0.06343324723182742f,0.49114173871929867f,0.02887568471456629f,0.9823349356899749f,0.18488988332312215f,5.199011890290373f,-0.05909704854836234f,0.18632118683199816f,-0.980709923570873f,1.757539578811831f,0f,0f,0f,1f], start_interpolation: 0, interpolation_duration: 1 }
$data merge entity $(bone_right_head_scales) { transformation: [-0.8557998169643388f,0.017392224138631344f,0.5170146843401218f,-0.8516429632864223f,0.11098569238289796f,0.9823349356899749f,0.15066602207950372f,5.348247205241982f,-0.5052611694659435f,0.18632118683199816f,-0.8426123461992605f,1.6988218146408738f,0f,0f,0f,1f], start_interpolation: 0, interpolation_duration: 1 }
$data merge entity $(bone_right_head_scales2) { transformation: [-0.7809943728251731f,0.017392224138631344f,0.6242958434547885f,-0.8779545661721949f,0.12970205655801847f,0.9823349356899749f,0.1348905135567114f,4.434534660605249f,-0.6109215711857249f,0.18632118683199816f,-0.7694538642423471f,1.696631355588664f,0f,0f,0f,1f], start_interpolation: 0, interpolation_duration: 1 }
$data merge entity $(bone_right_head_scales1) { transformation: [-0.9978345221955078f,0.017392224138631344f,0.06343324723182742f,-0.8535961915832413f,0.02887568471456629f,0.9823349356899749f,0.18488988332312215f,5.237926387268987f,-0.05909704854836234f,0.18632118683199816f,-0.980709923570873f,1.6778970719790771f,0f,0f,0f,1f], start_interpolation: 0, interpolation_duration: 1 }
$data merge entity $(bone_head_left_fin1) { transformation: [-0.7659530230713644f,0.06093834622371354f,-0.7129359595591531f,0.4891600043158454f,0.15050080087864307f,1.0347266580378955f,-0.07324923279999869f,4.800882109899842f,0.6995288939049609f,-0.15589246014615388f,-0.7648738886161919f,1.5964684721108173f,0f,0f,0f,1f], start_interpolation: 0, interpolation_duration: 1 }
$data merge entity $(bone_head_right_fin1) { transformation: [-0.685497251470717f,0.01760207250276794f,0.7927539866155664f,-0.8555779259866946f,-0.10849822472570458f,1.035980738297533f,-0.11682141555828851f,4.839796606878457f,-0.7854914712984707f,-0.15845906394169793f,-0.6756989504189403f,1.5168259652780633f,0f,0f,0f,1f], start_interpolation: 0, interpolation_duration: 1 }
$data merge entity $(bone_right_whisker16) { transformation: [0.25768091713718944f,0.8973595207720639f,-0.35825470746812016f,-1.416649377038329f,0.9594945084613588f,-0.28134914420820156f,-0.014592713449124411f,2.097324067925171f,-0.11388956570218528f,-0.3399831606610012f,-0.9335098378116445f,1.704987295994298f,0f,0f,0f,1f], start_interpolation: 0, interpolation_duration: 1 }
$data merge entity $(bone_right_whisker15) { transformation: [-0.8560483767526399f,0.3726053424685447f,-0.35825470746812016f,-1.1282346407300665f,0.4041813279226516f,0.9145624674525374f,-0.014592713449124411f,1.9611496947481057f,0.32220898624627464f,-0.157291932059545f,-0.9335098378116445f,1.596430557464059f,0f,0f,0f,1f], start_interpolation: 0, interpolation_duration: 1 }
$data merge entity $(bone_right_whisker14) { transformation: [-0.6994768003198478f,-0.6183734877816472f,-0.35825470746812016f,-0.8925710703098056f,-0.658060675748969f,0.7528234851191892f,-0.014592713449124411f,2.182859590386186f,0.2787263045482388f,0.22554607037534252f,-0.9335098378116445f,1.5025237458730998f,0f,0f,0f,1f], start_interpolation: 0, interpolation_duration: 1 }
$data merge entity $(bone_right_whisker13) { transformation: [-0.11063298057427229f,-0.9851451536070313f,-0.13133685672282294f,-0.855297263378044f,-0.9792122325872096f,0.08544095014132776f,0.18396534344957438f,2.5127699617168373f,-0.17001102070402802f,0.14895929096073796f,-0.9741187722632432f,1.5598028495282654f,0f,0f,0f,1f], start_interpolation: 0, interpolation_duration: 1 }
$data merge entity $(bone_right_whisker12) { transformation: [0.03670441005137603f,-0.993870627739805f,-0.1042782892018577f,-0.8717855725808106f,-0.9171013825622861f,-0.07495070327245948f,0.3915449478429101f,2.9247490984147393f,-0.3969607542127106f,0.08126233687908271f,-0.9142311481347734f,1.7381250633347565f,0f,0f,0f,1f], start_interpolation: 0, interpolation_duration: 1 }
$data merge entity $(bone_right_whisker11) { transformation: [0.2799026182593986f,-0.9559484073448908f,-0.08841474303700578f,-0.9975230768770248f,-0.952648946087183f,-0.287967656665396f,0.09764534926774734f,3.352696867164841f,-0.11880450248417859f,0.05689702285187659f,-0.991286143845499f,1.7914942734350712f,0f,0f,0f,1f], start_interpolation: 0, interpolation_duration: 1 }
$data merge entity $(bone_right_whisker10) { transformation: [0.07461794001110982f,-0.9969471885766461f,0.022988393106515653f,-1.0310428546163906f,-0.986319590487818f,-0.07718123618572069f,-0.14565961073951522f,3.79577012070429f,0.14698921201381224f,-0.011805082378588804f,-0.9890676476265882f,1.7254639633507416f,0f,0f,0f,1f], start_interpolation: 0, interpolation_duration: 1 }
$data merge entity $(bone_right_whisker1) { transformation: [-0.3527021923970334f,-0.9357155481454303f,-0.0061299622529905895f,-0.8726024166255357f,-0.9299985952783215f,0.34980793720884246f,0.11285840618245263f,4.213542927176974f,-0.10345905595294674f,0.04550626357537632f,-0.9935921717267769f,1.7719397111421045f,0f,0f,0f,1f], start_interpolation: 0, interpolation_duration: 1 }
$data merge entity $(bone_left_whisker16) { transformation: [0.2595759945385949f,-0.9365272894826858f,0.23566276564937644f,0.9799743818021834f,-0.9623487730996004f,-0.2712296114288528f,-0.017869997141788968f,2.084099308059002f,0.08065446034159177f,-0.2221511511074543f,-0.9716705841429175f,1.5509979701161518f,0f,0f,0f,1f], start_interpolation: 0, interpolation_duration: 1 }
$data merge entity $(bone_left_whisker15) { transformation: [-0.8946337025350962f,-0.3795966269276269f,0.23566276564937644f,0.6785597066316676f,-0.39452092544388045f,0.9187131775418576f,-0.017869997141788968f,1.9511796603264446f,-0.20972309761981128f,-0.10896099410390618f,-0.9716705841429175f,1.4803393092969772f,0f,0f,0f,1f], start_interpolation: 0, interpolation_duration: 1 }
$data merge entity $(bone_left_whisker14) { transformation: [-0.7221199191773826f,0.6503890245182014f,0.23566276564937644f,0.4352673510494443f,0.6659051591279451f,0.7458223530097088f,-0.017869997141788968f,2.1755324727279493f,-0.1873850084025843f,0.14402477056855106f,-0.9716705841429175f,1.417206664864466f,0f,0f,0f,1f], start_interpolation: 0, interpolation_duration: 1 }
$data merge entity $(bone_left_whisker13) { transformation: [-0.07719777700971436f,0.9969867563019622f,0.0076099266258213664f,0.40925833438113235f,0.9802486975956891f,0.07450338915165536f,0.18319862408564244f,2.505792043695247f,0.1820796366613083f,0.02160214719441f,-0.9830464654073459f,1.4785518549505512f,0f,0f,0f,1f], start_interpolation: 0, interpolation_duration: 1 }
$data merge entity $(bone_left_whisker12) { transformation: [0.0972799928174984f,0.9952137966298098f,-0.009279116073597257f,0.452958331154618f,0.9163620460071775f,-0.0859266287880065f,0.3910207348756175f,2.917439056550034f,0.38835190695420474f,-0.04654152407053273f,-0.9203350927255919f,1.6530068131526354f,0f,0f,0f,1f], start_interpolation: 0, interpolation_duration: 1 }
$data merge entity $(bone_left_whisker11) { transformation: [0.30325792585087047f,0.9521464406857739f,-0.03810230830330584f,0.5891874775329388f,0.9494310199814127f,-0.29849667527918405f,0.09736772126494497f,3.343941272557309f,0.08133491689110287f,-0.06570304663168691f,-0.9945188489705115f,1.6895439828498107f,0f,0f,0f,1f], start_interpolation: 0, interpolation_duration: 1 }
$data merge entity $(bone_left_whisker10) { transformation: [0.06602930869873486f,0.9863302426118197f,-0.15097278861462593f,0.6188490810499485f,0.9855434878212381f,-0.08812511825261131f,-0.1446996791499987f,3.7866658862270057f,-0.15602616449146073f,-0.13923582887415378f,-0.9778901880844344f,1.6194541042696624f,0f,0f,0f,1f], start_interpolation: 0, interpolation_duration: 1 }
$data merge entity $(bone_left_whisker1) { transformation: [-0.32631960461223886f,0.9376329069976327f,-0.11983341504305464f,0.4722601961655444f,0.933745491375891f,0.3394706519451303f,0.11348583084748648f,4.206121868681019f,0.14708797701004767f,-0.07486125956138487f,-0.986286428394903f,1.6855287814421447f,0f,0f,0f,1f], start_interpolation: 0, interpolation_duration: 1 }
$data merge entity $(bone_upper_left_tooth1) { transformation: [-0.9978345221955078f,0.02285461325231357f,0.0616760323622532f,0.04513329199803895f,0.02887568471456629f,0.9947110697922034f,0.09857019055026292f,4.484131862392314f,-0.05909704854836234f,0.10013767665537962f,-0.9932169876552327f,2.762824660626469f,0f,0f,0f,1f], start_interpolation: 0, interpolation_duration: 1 }
$data merge entity $(bone_upper_right_tooth1) { transformation: [-0.9978345221955078f,0.02285461325231357f,0.0616760323622532f,-0.6272356731532309f,0.02887568471456629f,0.9947110697922034f,0.09857019055026292f,4.503589110881622f,-0.05909704854836234f,0.10013767665537962f,-0.9932169876552327f,2.7230034072100917f,0f,0f,0f,1f], start_interpolation: 0, interpolation_duration: 1 }
$data merge entity $(bone_top_lip1) { transformation: [-0.9978345221955078f,0.04826755967549651f,0.04468231191237662f,-0.26021211021368706f,0.02887568471456629f,0.9318273874630267f,-0.361751178030003f,4.615931545003098f,-0.05909704854836234f,-0.35967758153213036f,-0.9312032947729887f,2.7569437975807656f,0f,0f,0f,1f], start_interpolation: 0, interpolation_duration: 1 }
$data merge entity $(bone_muzzle1) { transformation: [-0.9978345221955078f,0.02285461325231357f,0.0616760323622532f,-0.22172955221142177f,0.02887568471456629f,0.9947110697922034f,0.09857019055026292f,4.838847091004618f,-0.05909704854836234f,0.10013767665537962f,-0.9932169876552327f,2.2160980762148417f,0f,0f,0f,1f], start_interpolation: 0, interpolation_duration: 1 }
$data merge entity $(bone_jaw_right_tooth1) { transformation: [-0.9978345221955078f,0.05082839396917755f,0.04174614570683868f,-0.635843304519658f,0.02887568471456629f,0.9087744744084761f,-0.4162873400619608f,4.279670913499224f,-0.05909704854836234f,-0.41418043052528636f,-0.9082742481336572f,2.758930759158104f,0f,0f,0f,1f], start_interpolation: 0, interpolation_duration: 1 }
$data merge entity $(bone_jaw_left_tooth1) { transformation: [-0.9978345221955078f,0.05082839396917755f,0.04174614570683868f,0.092556407727551f,0.02887568471456629f,0.9087744744084761f,-0.4162873400619608f,4.258592227635808f,-0.05909704854836234f,-0.41418043052528636f,-0.9082742481336572f,2.802070450359179f,0f,0f,0f,1f], start_interpolation: 0, interpolation_duration: 1 }
$data merge entity $(bone_tongue1) { transformation: [-0.9978345221955078f,0.024519701790185415f,0.06103319210874448f,-0.22317641319725928f,0.02887568471456629f,0.9970194095552813f,0.07154363565197713f,4.324254995285821f,-0.05909704854836234f,0.07315108470937581f,-0.99556840933143f,1.9890906096555119f,0f,0f,0f,1f], start_interpolation: 0, interpolation_duration: 1 }
$data merge entity $(bone_jaw_lips1) { transformation: [-0.9978345221955078f,0.024519701790185415f,0.06103319210874448f,-0.2251468948889633f,0.02887568471456629f,0.9970194095552813f,0.07154363565197713f,4.129590984854717f,-0.05909704854836234f,0.07315108470937581f,-0.99556840933143f,2.8774175753227285f,0f,0f,0f,1f], start_interpolation: 0, interpolation_duration: 1 }
$data merge entity $(bone_jaw3) { transformation: [-0.9978345221955078f,0.04280705432739433f,0.049938185936956515f,-0.1838861459892893f,0.02887568471456629f,0.9672556861246351f,-0.2521559685825942f,3.8215737485516614f,-0.05909704854836234f,-0.25016793111702534f,-0.9663971984093803f,2.030241455775866f,0f,0f,0f,1f], start_interpolation: 0, interpolation_duration: 1 }
$data merge entity $(bone_jaw1) { transformation: [-0.9978345221955078f,-0.005042471518655167f,0.06558078831369811f,-0.12496590648870114f,0.02887568471456629f,0.8622542501013906f,0.505651859498562f,4.275870341069901f,-0.05909704854836234f,0.5064505717866966f,-0.860241452843212f,1.2573682754870428f,0f,0f,0f,1f], start_interpolation: 0, interpolation_duration: 1 }
$data merge entity $(bone_tear_right1) { transformation: [-0.9978345221955078f,0.017392224138631344f,0.06343324723182742f,-0.8216106960946667f,0.02887568471456629f,0.9823349356899749f,0.18488988332312215f,4.923977423972602f,-0.05909704854836234f,0.18632118683199816f,-0.980709923570873f,2.1246383265741353f,0f,0f,0f,1f], start_interpolation: 0, interpolation_duration: 1 }
$data merge entity $(bone_right_pupil1) { transformation: [-0.9978345221955078f,0.017392224138631344f,0.06343324723182742f,-0.6390306715825184f,0.02887568471456629f,0.9823349356899749f,0.18488988332312215f,5.016489108647128f,-0.05909704854836234f,0.18632118683199816f,-0.980709923570873f,2.2225968855842995f,0f,0f,0f,1f], start_interpolation: 0, interpolation_duration: 1 }
$data merge entity $(bone_right_sad_pupil1) { transformation: [-0.9978345221955078f,0.017392224138631344f,0.06343324723182742f,-0.6383182864817702f,0.02887568471456629f,0.9823349356899749f,0.18488988332312215f,5.018565508703979f,-0.05909704854836234f,0.18632118683199816f,-0.980709923570873f,2.211583053434822f,0f,0f,0f,1f], start_interpolation: 0, interpolation_duration: 1 }
$data merge entity $(bone_right_happy_pupil1) { transformation: [-0.9978345221955078f,0.017392224138631344f,0.06343324723182742f,-0.6668216022568326f,0.02887568471456629f,0.9823349356899749f,0.18488988332312215f,4.991796365547203f,-0.05909704854836234f,0.18632118683199816f,-0.980709923570873f,2.2046927370742018f,0f,0f,0f,1f], start_interpolation: 0, interpolation_duration: 1 }
$data merge entity $(bone_eyelid_right1) { transformation: [-0.9978345221955078f,0.017392224138631344f,0.06343324723182742f,-0.17223853435726377f,0.02887568471456629f,0.9823349356899749f,0.18488988332312215f,5.054740024402217f,-0.05909704854836234f,0.18632118683199816f,-0.980709923570873f,1.675981066810221f,0f,0f,0f,1f], start_interpolation: 0, interpolation_duration: 1 }
$data merge entity $(bone_eyelid_expressions_right5) { transformation: [-0.9978345221955078f,0.017392224138631344f,0.06343324723182742f,-0.7652354179088301f,0.02887568471456629f,0.9823349356899749f,0.18488988332312215f,5.132615622260226f,-0.05909704854836234f,0.18632118683199816f,-0.980709923570873f,2.224875410429815f,0f,0f,0f,1f], start_interpolation: 0, interpolation_duration: 1 }
$data merge entity $(bone_eyelid_expressions_right7) { transformation: [-0.9978345221955078f,0.017392224138631344f,0.06343324723182742f,-0.4290509353331951f,0.02887568471456629f,0.9823349356899749f,0.18488988332312215f,5.122886998015572f,-0.05909704854836234f,0.18632118683199816f,-0.980709923570873f,2.2447860371380033f,0f,0f,0f,1f], start_interpolation: 0, interpolation_duration: 1 }
$data merge entity $(bone_eyelid_expressions_right6) { transformation: [-0.9978345221955078f,0.017392224138631344f,0.06343324723182742f,-0.5411124295250734f,0.02887568471456629f,0.9823349356899749f,0.18488988332312215f,5.12612987276379f,-0.05909704854836234f,0.18632118683199816f,-0.980709923570873f,2.2381491615686073f,0f,0f,0f,1f], start_interpolation: 0, interpolation_duration: 1 }
$data merge entity $(bone_right_eye1) { transformation: [-0.9978345221955078f,0.017392224138631344f,0.06343324723182742f,-0.18415706887719968f,0.02887568471456629f,0.9823349356899749f,0.18488988332312215f,5.052987911820187f,-0.05909704854836234f,0.18632118683199816f,-0.980709923570873f,1.686331211402759f,0f,0f,0f,1f], start_interpolation: 0, interpolation_duration: 1 }
$data merge entity $(bone_tear_left1) { transformation: [-0.9978345221955078f,0.017392224138631344f,0.06343324723182742f,0.3886534411776191f,0.02887568471456629f,0.9823349356899749f,0.18488988332312215f,4.888954376691848f,-0.05909704854836234f,0.18632118683199816f,-0.980709923570873f,2.1963165827236137f,0f,0f,0f,1f], start_interpolation: 0, interpolation_duration: 1 }
$data merge entity $(bone_left_sad_pupil1) { transformation: [-0.9978345221955078f,0.017392224138631344f,0.06343324723182742f,0.20214291995731704f,0.02887568471456629f,0.9823349356899749f,0.18488988332312215f,4.994243948092345f,-0.05909704854836234f,0.18632118683199816f,-0.980709923570873f,2.261359620205293f,0f,0f,0f,1f], start_interpolation: 0, interpolation_duration: 1 }
$data merge entity $(bone_left_pupil1) { transformation: [-0.9978345221955078f,0.017392224138631344f,0.06343324723182742f,0.20143053485656898f,0.02887568471456629f,0.9823349356899749f,0.18488988332312215f,4.992167548035494f,-0.05909704854836234f,0.18632118683199816f,-0.980709923570873f,2.2723734523547705f,0f,0f,0f,1f], start_interpolation: 0, interpolation_duration: 1 }
$data merge entity $(bone_eyelid_left1) { transformation: [-0.9978345221955078f,0.017392224138631344f,0.06343324723182742f,-0.19465083319563944f,0.02887568471456629f,0.9823349356899749f,0.18488988332312215f,5.05538859935186f,-0.05909704854836234f,0.18632118683199816f,-0.980709923570873f,1.674653691696342f,0f,0f,0f,1f], start_interpolation: 0, interpolation_duration: 1 }
$data merge entity $(bone_left_happy_pupil1) { transformation: [-0.9978345221955078f,0.017392224138631344f,0.06343324723182742f,0.2296703512781938f,0.02887568471456629f,0.9823349356899749f,0.18488988332312215f,4.96585336756146f,-0.05909704854836234f,0.18632118683199816f,-0.980709923570873f,2.2577877416293712f,0f,0f,0f,1f], start_interpolation: 0, interpolation_duration: 1 }
$data merge entity $(bone_eyelid_expressions_left5) { transformation: [-0.9978345221955078f,0.017392224138631344f,0.06343324723182742f,0.3329672251715775f,0.02887568471456629f,0.9823349356899749f,0.18488988332312215f,5.10083544972769f,-0.05909704854836234f,0.18632118683199816f,-0.980709923570873f,2.289916791009897f,0f,0f,0f,1f], start_interpolation: 0, interpolation_duration: 1 }
$data merge entity $(bone_eyelid_expressions_left7) { transformation: [-0.9978345221955078f,0.017392224138631344f,0.06343324723182742f,-0.003217257404057497f,0.02887568471456629f,0.9823349356899749f,0.18488988332312215f,5.110564073972344f,-0.05909704854836234f,0.18632118683199816f,-0.980709923570873f,2.2700061643017087f,0f,0f,0f,1f], start_interpolation: 0, interpolation_duration: 1 }
$data merge entity $(bone_eyelid_expressions_left6) { transformation: [-0.9978345221955078f,0.017392224138631344f,0.06343324723182742f,0.10884423678782085f,0.02887568471456629f,0.9823349356899749f,0.18488988332312215f,5.107321199224126f,-0.05909704854836234f,0.18632118683199816f,-0.980709923570873f,2.2766430398711046f,0f,0f,0f,1f], start_interpolation: 0, interpolation_duration: 1 }
$data merge entity $(bone_left_eye1) { transformation: [-0.9978345221955078f,0.017392224138631344f,0.06343324723182742f,-0.18415706887719968f,0.02887568471456629f,0.9823349356899749f,0.18488988332312215f,5.052987911820187f,-0.05909704854836234f,0.18632118683199816f,-0.980709923570873f,1.686331211402759f,0f,0f,0f,1f], start_interpolation: 0, interpolation_duration: 1 }
$data merge entity $(bone_crest_middle5) { transformation: [-0.9978345221955078f,0.03070942652317766f,0.058165259712994355f,-0.1902985154054843f,0.02887568471456629f,0.9990671703360565f,-0.032108939393414776f,6.32606576161601f,-0.05909704854836234f,-0.030359846497019227f,-0.9977904682715453f,2.412072056731841f,0f,0f,0f,1f], start_interpolation: 0, interpolation_duration: 1 }
$data merge entity $(bone_crest_middle4) { transformation: [-0.9978345221955078f,0.03070942652317766f,0.058165259712994355f,-0.21099139069942235f,0.02887568471456629f,0.9990671703360565f,-0.032108939393414776f,5.65286620347941f,-0.05909704854836234f,-0.030359846497019227f,-0.9977904682715453f,2.4325293751722157f,0f,0f,0f,1f], start_interpolation: 0, interpolation_duration: 1 }
$data merge entity $(bone_crest_middle1) { transformation: [-0.9978345221955078f,0.03070942652317766f,0.058165259712994355f,-0.23141024155958426f,0.02887568471456629f,0.9990671703360565f,-0.032108939393414776f,5.15067103471951f,-0.05909704854836234f,-0.030359846497019227f,-0.9977904682715453f,2.531915132630732f,0f,0f,0f,1f], start_interpolation: 0, interpolation_duration: 1 }
$data merge entity $(bone_crest_left5) { transformation: [-0.5508045510327684f,-0.8168208051814048f,0.17151710930514155f,-1.3098339838265092f,-0.8129779875961931f,0.5715708344111137f,0.11123656293965144f,5.709717288808426f,-0.18889451618730005f,-0.07817002925280725f,-0.9788811512543188f,2.3242374409348683f,0f,0f,0f,1f], start_interpolation: 0, interpolation_duration: 1 }
$data merge entity $(bone_crest_left4) { transformation: [-0.5508045510327684f,-0.8168208051814048f,0.17151710930514155f,-0.851169957479529f,-0.8129779875961931f,0.5715708344111137f,0.11123656293965144f,5.3887668690951545f,-0.18889451618730005f,-0.07817002925280725f,-0.9788811512543188f,2.36813174447038f,0f,0f,0f,1f], start_interpolation: 0, interpolation_duration: 1 }
$data merge entity $(bone_crest_left1) { transformation: [-0.5508045510327684f,-0.8168208051814048f,0.17151710930514155f,-0.33700844081714276f,-0.8129779875961931f,0.5715708344111137f,0.11123656293965144f,5.041967601130311f,-0.18889451618730005f,-0.07817002925280725f,-0.9788811512543188f,2.361449007463815f,0f,0f,0f,1f], start_interpolation: 0, interpolation_duration: 1 }
$data merge entity $(bone_crest_center1) { transformation: [-0.9978345221955078f,0.017392224138631344f,0.06343324723182742f,-0.22543524744913868f,0.02887568471456629f,0.9823349356899749f,0.18488988332312215f,5.011144874915463f,-0.05909704854836234f,0.18632118683199816f,-0.980709923570873f,2.362854764326938f,0f,0f,0f,1f], start_interpolation: 0, interpolation_duration: 1 }
$data merge entity $(bone_crest_right5) { transformation: [-0.5214676449084044f,0.8519099833385282f,-0.048175466804492084f,0.8943912997370536f,0.8440077757719588f,0.523280518681438f,0.11759410361474716f,5.6459306459209735f,0.12538887410832342f,0.020661051682661913f,-0.9918925098987355f,2.4547833437842397f,0f,0f,0f,1f], start_interpolation: 0, interpolation_duration: 1 }
$data merge entity $(bone_crest_right4) { transformation: [-0.5214676449084044f,0.8519099833385282f,-0.048175466804492084f,0.41602387745223546f,0.8440077757719588f,0.523280518681438f,0.11759410361474716f,5.3520963702941895f,0.12538887410832342f,0.020661051682661913f,-0.9918925098987355f,2.443181679021026f,0f,0f,0f,1f], start_interpolation: 0, interpolation_duration: 1 }
$data merge entity $(bone_crest_right1) { transformation: [-0.5214676449084044f,0.8519099833385282f,-0.048175466804492084f,-0.11288545243338619f,0.8440077757719588f,0.523280518681438f,0.11759410361474716f,5.035481851633876f,0.12538887410832342f,0.020661051682661913f,-0.9918925098987355f,2.374722758602607f,0f,0f,0f,1f], start_interpolation: 0, interpolation_duration: 1 }
$data merge entity $(bone_head1) { transformation: [-1.0459072791241972f,0.018230130770310188f,0.06648927606981907f,-0.14595250248446578f,0.030266830983366994f,1.029660967747955f,0.19379733863947038f,5.11202950596052f,-0.06194417198103081f,0.1952975981767688f,-1.0279576672845734f,1.0701080718505942f,0f,0f,0f,1f], start_interpolation: 0, interpolation_duration: 1 }
$data merge entity $(bone_neck10) { transformation: [-1.4895223917726692f,0.03382763867338538f,0.14957612427669656f,-0.04952780553933507f,0.04909497427838344f,1.4888322153321198f,0.1521926403407361f,4.773817097603659f,-0.14528251647207852f,0.15629653590231185f,-1.4821129056035185f,-0.032786334162606234f,0f,0f,0f,1f], start_interpolation: 0, interpolation_duration: 1 }
$data merge entity $(bone_neck9) { transformation: [-1.1394846297060925f,0.012838948321624142f,0.11661084241227514f,-0.07160738881259501f,0.03755765532296335f,1.1186239346686608f,0.24384024239567617f,3.336166972908519f,-0.11114112510114015f,0.24638141709742492f,-1.1131630590883141f,-0.29223504913538734f,0f,0f,0f,1f], start_interpolation: 0, interpolation_duration: 1 }
$data merge entity $(bone_neck8) { transformation: [-1.0580366350382082f,0.055457744474227674f,0.08816493005597524f,-0.11576071908186952f,0.026770740816280662f,1.0144802470206922f,-0.31686478699581244f,2.589217003638946f,-0.10065755684543144f,-0.31312043111171345f,-1.0109964338548587f,-0.02678615695912112f,0f,0f,0f,1f], start_interpolation: 0, interpolation_duration: 1 }
$data merge entity $(bone_neck7) { transformation: [-1.0521108266061212f,0.03915719892974477f,0.07717600121906149f,-0.15281996991474783f,1.8312852319637973e-18f,0.9414209880973167f,-0.4776537825914037f,1.7474886040636521f,-0.08654144320606276f,-0.4760460584815846f,-0.9382522803947578f,0.4237545040550882f,0f,0f,0f,1f], start_interpolation: 0, interpolation_duration: 1 }
$data merge entity $(bone_neck6) { transformation: [-1.0461414034764411f,0.0222714895863311f,0.08311833069642882f,-0.17179337695085448f,1.8208949611441444e-18f,1.01390768862361f,-0.27167574636640235f,0.8492422939108462f,-0.08605042792546098f,-0.27076131908998324f,-1.010494999568187f,0.6544200236115505f,0f,0f,0f,1f], start_interpolation: 0, interpolation_duration: 1 }
$data merge entity $(bone_neck_spine6) { transformation: [-1.2473401502958643f,-0.16443284200079297f,-0.19258701526360372f,0.15404969432048277f,-0.18368022923278965f,-0.07886778424421553f,1.256991175193409f,0.38341972423070414f,-0.17432581956093354f,1.2596535561798967f,0.05356113847239172f,-1.9332688601465577f,0f,0f,0f,1f], start_interpolation: 0, interpolation_duration: 1 }
$data merge entity $(bone_neck_spine7) { transformation: [-0.9358442916677737f,0.22244960002437789f,-0.27333429569272416f,0.026644123684596288f,-0.23573766386909856f,0.18138587962924774f,0.9547391876867022f,0.7846619190189531f,0.26196033208557196f,0.9579224071500355f,-0.11730919100180728f,-5.44675319407352f,0f,0f,0f,1f], start_interpolation: 0, interpolation_duration: 1 }
$data merge entity $(bone_tail6) { transformation: [-1.0641539945347733f,0.8268623747157003f,-1.0719966542495953f,-1.8041875470798365f,-1.0859539710451782f,0.29289154718545785f,1.303925017738997f,-0.08146798948619806f,0.8084443000071317f,1.481828293829602f,0.34044773302102754f,-8.807725431994937f,0f,0f,0f,1f], start_interpolation: 0, interpolation_duration: 1 }
$data merge entity $(bone_tail5) { transformation: [-0.8790837346156823f,0.6830602225912308f,-0.8855624535105352f,-1.3727810907064277f,-0.8970924108634081f,0.2419538868053782f,1.0771554494365627f,0.0713449916540408f,0.6678452913102393f,1.2241190253374972f,0.28123943162606624f,-8.034597626518623f,0f,0f,0f,1f], start_interpolation: 0, interpolation_duration: 1 }
$data merge entity $(bone_tail4) { transformation: [-0.6477459097168186f,0.5033075324356436f,-0.6525197025867101f,-1.1570778625197233f,-0.6610154606361953f,0.17828181133027865f,0.7936934890585198f,0.14775148222416024f,0.4920965304391236f,0.9019824397223662f,0.20722905488236457f,-7.648033723780466f,0f,0f,0f,1f], start_interpolation: 0, interpolation_duration: 1 }
$data merge entity $(bone_segment18) { transformation: [-0.6179737374689648f,0.4801741427460551f,-0.6225281137721657f,-0.8874488272863427f,-0.6306333835634759f,0.17008749205174412f,0.7572131672011717f,0.24325959543680953f,0.4694784290400583f,0.8605248617475495f,0.1977042411796969f,-7.1648288453577695f,0f,0f,0f,1f], start_interpolation: 0, interpolation_duration: 1 }
$data merge entity $(bone_segment17) { transformation: [-0.6179737374689648f,0.4801741427460551f,-0.6225281137721657f,-0.5369310814829475f,-0.6306333835634759f,0.17008749205174412f,0.7572131672011717f,0.36742014261325373f,0.4694784290400583f,0.8605248617475495f,0.1977042411796969f,-6.536662503408263f,0f,0f,0f,1f], start_interpolation: 0, interpolation_duration: 1 }
$data merge entity $(bone_segment16) { transformation: [-0.7725382313899163f,0.6035318428956734f,-0.19731699281078824f,0.039194286124983435f,-0.24588085615654245f,0.002164813773291422f,0.9692976416751732f,0.36948665185484786f,0.5854291465383885f,0.7973359569167061f,0.14672452484521686f,-5.775533696878887f,0f,0f,0f,1f], start_interpolation: 0, interpolation_duration: 1 }
$data merge entity $(bone_segment15) { transformation: [-0.9358442916677737f,0.2856139351161809f,-0.20644646235838796f,0.3759900152780971f,-0.23573766386909856f,-0.07189937922097797f,0.9691533589175543f,0.28470296004886064f,0.26196033208557196f,0.9556438454440483f,0.13461658545115743f,-4.64863922092802f,0f,0f,0f,1f], start_interpolation: 0, interpolation_duration: 1 }
$data merge entity $(bone_segment14) { transformation: [-1.031790553688809f,0.049256983268243314f,-0.17792470582531586f,0.43140412145487084f,-0.18459199176816088f,-0.2586109887069872f,0.9988600257895146f,-0.006234402246499904f,0.003041039094853709f,1.0145783873828964f,0.2632425610761242f,-3.5072385351222612f,0f,0f,0f,1f], start_interpolation: 0, interpolation_duration: 1 }
$data merge entity $(bone_segment13) { transformation: [-1.0052094152384317f,-0.10354972010049575f,-0.17585533488156463f,0.3115044517334693f,-0.1480246553228952f,-0.23849591191424369f,0.9865606992171942f,-0.3204780572319096f,-0.1404861016461641f,0.9922150811646083f,0.21878413968329907f,-2.318223510523818f,0f,0f,0f,1f], start_interpolation: 0, interpolation_duration: 1 }
$data merge entity $(bone_segment12) { transformation: [-1.0902920723513276f,-0.17247055803084413f,-0.1612171975071314f,0.10315075746801997f,-0.16073044921762628f,-0.0157113524004799f,1.1038082973468375f,-0.3394582144942343f,-0.17292426334619518f,1.10203490925195f,-0.009494162832950606f,-0.9869061704879053f,0f,0f,0f,1f], start_interpolation: 0, interpolation_duration: 1 }
$data merge entity $(bone_segment11) { transformation: [-1.1753083103994255f,-0.17525282829253463f,-0.07113130508336224f,-0.10396770176177339f,-0.1420841540251754f,0.5225918275390669f,1.0601097659420347f,0.2639262474375441f,-0.12484113729995108f,1.0551336734491004f,-0.5368709923927807f,0.23198323925072384f,0f,0f,0f,1f], start_interpolation: 0, interpolation_duration: 1 }
$data merge entity $(bone_segment10) { transformation: [-1.0448594243470475f,-0.07385206972324464f,0.038598616243635274f,-0.17827323725636007f,-0.0470959582105022f,0.9238909691345776f,0.4928312549919895f,1.2097531386176756f,-0.06874556057350208f,0.4895370741571445f,-0.9242849663130255f,0.7331976696704973f,0f,0f,0f,1f], start_interpolation: 0, interpolation_duration: 1 }