# This file was generated by Animated Java via MC-Build. It is not recommended to edit this file directly.
$data merge entity $(bone_neck_spine5) { transformation: [-1.5663346536176415f,0.06033908339476904f,0.12236888267947481f,0.10657895217585f,0.054564189660836426f,1.569504498512988f,-0.0754822754744007f,4.1526732710866145f,-0.12505078024466793f,-0.07095082606436776f,-1.5656779612032694f,-0.8778054938855502f,0f,0f,0f,1f], start_interpolation: 0, interpolation_duration: 1 }
$data merge entity $(bone_neck_spine2) { transformation: [-1.4917472891596582f,0.05455994977989147f,0.1179301439363735f,-0.06922645358553756f,0.05196589491508229f,1.4960886571787317f,-0.034821793618964245f,5.831146293923824f,-0.11909598118539798f,-0.030597768303960417f,-1.4923385023259075f,0.6446305888078208f,0f,0f,0f,1f], start_interpolation: 0, interpolation_duration: 1 }
$data merge entity $(bone_scale_neck_left1) { transformation: [-1.5739909698732912f,0.4252471852236077f,0.2340349099053516f,0.683743313931376f,0.47880263420200014f,1.4906619830697776f,0.5115955145907521f,4.902120958758625f,-0.07972167256294364f,0.5569082191237162f,-1.5480803503803964f,0.691934917424637f,0f,0f,0f,1f], start_interpolation: 0, interpolation_duration: 1 }
$data merge entity $(bone_scale_neck_right1) { transformation: [-1.5960269424979532f,-0.404022294192394f,0.050190292426134715f,-0.8825913396862648f,-0.3683731942356563f,1.519550073523686f,0.51799985005833f,4.956685148419462f,-0.17336167231232463f,0.49070219144339206f,-1.5627578733519152f,0.5668841371799691f,0f,0f,0f,1f], start_interpolation: 0, interpolation_duration: 1 }
$data merge entity $(bone_blush_right1) { transformation: [-0.9980168565036054f,0.020887440898520973f,0.05938071191365437f,-0.8580183437055297f,0.031954067510429895f,0.9808687660382231f,0.19202968879887455f,4.548899592508762f,-0.0542336768456695f,0.19354632164772467f,-0.9795910012206295f,1.9494321460903627f,0f,0f,0f,1f], start_interpolation: 0, interpolation_duration: 1 }
$data merge entity $(bone_blush_left1) { transformation: [-0.9980168565036054f,0.020887440898520973f,0.05938071191365437f,0.4645489163290334f,0.031954067510429895f,0.9808687660382231f,0.19202968879887455f,4.506554212028631f,-0.0542336768456695f,0.19354632164772467f,-0.9795910012206295f,2.0213023604258837f,0f,0f,0f,1f], start_interpolation: 0, interpolation_duration: 1 }
$data merge entity $(bone_left_head_scales) { transformation: [-0.9126707247922118f,0.020887440898520973f,-0.40816156472648113f,0.5143451003785272f,-0.06032583845697589f,0.9808687660382231f,0.18508716061660402f,5.297690814156315f,0.40421892746594834f,0.19354632164772467f,-0.8939501552407239f,1.7781521501955089f,0f,0f,0f,1f], start_interpolation: 0, interpolation_duration: 1 }
$data merge entity $(bone_left_head_scales2) { transformation: [-0.8515869253672238f,0.020887440898520973f,-0.5237971204162056f,0.48557594175377655f,-0.08396846485034175f,0.9808687660382231f,0.17562961231333013f,4.384092780881929f,0.5174446883042432f,0.19354632164772467f,-0.8335411303123322f,1.7692818687449736f,0f,0f,0f,1f], start_interpolation: 0, interpolation_duration: 1 }
$data merge entity $(bone_left_head_scales1) { transformation: [-0.9980168565036054f,0.020887440898520973f,0.05938071191365437f,0.5119993428557441f,0.031954067510429895f,0.9808687660382231f,0.19202968879887455f,5.187534653907882f,-0.0542336768456695f,0.19354632164772467f,-0.9795910012206295f,1.7564159910260866f,0f,0f,0f,1f], start_interpolation: 0, interpolation_duration: 1 }
$data merge entity $(bone_right_head_scales) { transformation: [-0.8578328020341338f,0.020887440898520973f,0.5135042342249742f,-0.8306385538939097f,0.11701304654869502f,0.9808687660382231f,0.1555776678962847f,5.340753912949668f,-0.5004306452363398f,0.19354632164772467f,-0.8438655050924742f,1.7050637966339621f,0f,0f,0f,1f], start_interpolation: 0, interpolation_duration: 1 }
$data merge entity $(bone_right_head_scales2) { transformation: [-0.7834681711123798f,0.020887440898520973f,0.621080783527017f,-0.8594077125186603f,0.13631894429937597f,0.9808687660382231f,0.13897341197422386f,4.427155879675283f,-0.6062959428191206f,0.19354632164772467f,-0.7713268121216256f,1.6961935151834269f,0f,0f,0f,1f], start_interpolation: 0, interpolation_duration: 1 }
$data merge entity $(bone_right_head_scales1) { transformation: [-0.9980168565036054f,0.020887440898520973f,0.05938071191365437f,-0.8329843114166928f,0.031954067510429895f,0.9808687660382231f,0.19202968879887455f,5.230597752701235f,-0.0542336768456695f,0.19354632164772467f,-0.9795910012206295f,1.6833276374645398f,0f,0f,0f,1f], start_interpolation: 0, interpolation_duration: 1 }
$data merge entity $(bone_head_left_fin1) { transformation: [-0.7622955853325889f,0.06298666367326541f,-0.7166682069179083f,0.508204287533031f,0.14730499865963467f,1.0356956474880588f,-0.06565791018110187f,4.7906237121087605f,0.7041888070521315f,-0.14846684477948466f,-0.7620701529707709f,1.5923963197845574f,0f,0f,0f,1f], start_interpolation: 0, interpolation_duration: 1 }
$data merge entity $(bone_head_right_fin1) { transformation: [-0.6894199127266788f,0.019642471114768415f,0.7892968739895133f,-0.8367793667394059f,-0.10082460634097487f,1.0370834229010428f,-0.1138752419326442f,4.833686810902114f,-0.783077123096633f,-0.15082223078026763f,-0.6802338362727467f,1.5193079662230107f,0f,0f,0f,1f], start_interpolation: 0, interpolation_duration: 1 }
$data merge entity $(bone_right_whisker16) { transformation: [0.2575636509039903f,0.8926473171901076f,-0.3699212522231057f,-1.4010152213305709f,0.9602829416446013f,-0.2789899842650805f,-0.004610928991175378f,2.0896221991418655f,-0.10732025773077002f,-0.3540414605566323f,-0.929051670515439f,1.693093134057853f,0f,0f,0f,1f], start_interpolation: 0, interpolation_duration: 1 }
$data merge entity $(bone_right_whisker15) { transformation: [-0.8513917930404575f,0.3718740134737083f,-0.3699212522231057f,-1.1141693535581512f,0.4019452621011138f,0.9156520876448135f,-0.004610928991175378f,1.954201187984752f,0.33700448219247975f,-0.1526138017829676f,-0.929051670515439f,1.5795515848816757f,0f,0f,0f,1f], start_interpolation: 0, interpolation_duration: 1 }
$data merge entity $(bone_right_whisker14) { transformation: [-0.6968460338428493f,-0.6144622626908666f,-0.3699212522231057f,-0.8793921253591447f,-0.6599932092647771f,0.7512574146444202f,-0.004610928991175378f,2.1765621813405605f,0.28073932542818153f,0.24093240685014106f,-0.929051670515439f,1.4849665582481577f,0f,0f,0f,1f], start_interpolation: 0, interpolation_duration: 1 }
$data merge entity $(bone_right_whisker13) { transformation: [-0.11410516915091658f,-0.9830860346147995f,-0.14325452494909036f,-0.8409484892682597f,-0.9772856770433717f,0.08515274758011526f,0.19406626452177544f,2.5058234690163057f,-0.1785853180385198f,0.16214455934414207f,-0.9704722695967025f,1.54513446325137f,0f,0f,0f,1f], start_interpolation: 0, interpolation_duration: 1 }
$data merge entity $(bone_right_whisker12) { transformation: [0.030468196115303634f,-0.9928793562924533f,-0.11516194195029349f,-0.8546353742419313f,-0.9130459975827319f,-0.07452827803367298f,0.40098945381579504f,2.9159808507429235f,-0.40671697201325824f,0.09293072485254222f,-0.9088152645366095f,1.7278393530229508f,0f,0f,0f,1f], start_interpolation: 0, interpolation_duration: 1 }
$data merge entity $(bone_right_whisker11) { transformation: [0.27707666598100644f,-0.9555595668452469f,-0.10066993284677285f,-0.9791034077880866f,-0.9517370638875943f,-0.2873328157303696f,0.10787221248810505f,3.343518984911179f,-0.13200409990402256f,0.06592243332115003f,-0.9890546751285023f,1.787138069776711f,0f,0f,0f,1f], start_interpolation: 0, interpolation_duration: 1 }
$data merge entity $(bone_right_whisker10) { transformation: [0.07508574046543039f,-0.9971226848336215f,0.010415515779266443f,-1.0128333302627917f,-0.9878618654853126f,-0.07580461434693588f,-0.13558242940584353f,3.787285057297159f,0.13598186018229141f,-0.0001087837416581753f,-0.9907113211564009f,1.7260524685229472f,0f,0f,0f,1f], start_interpolation: 0, interpolation_duration: 1 }
$data merge entity $(bone_right_whisker1) { transformation: [-0.35525481449835067f,-0.9345883996199806f,-0.01839945845686037f,-0.8532462065623607f,-0.9284501360118042f,0.3504999223369482f,0.12300467219360345f,4.204362266833711f,-0.10850973097102867f,0.060780981709384535f,-0.9922355116337243f,1.7747970742325891f,0f,0f,0f,1f], start_interpolation: 0, interpolation_duration: 1 }
$data merge entity $(bone_left_whisker16) { transformation: [0.25923271719221036f,-0.9396066781576172f,0.2234674220076624f,0.9934746855305918f,-0.9634473192512544f,-0.26777097447610293f,-0.008244286245009502f,2.0749605824812414f,0.06758447576710827f,-0.21316189994866688f,-0.9746765325201789f,1.5089840057299386f,0f,0f,0f,1f], start_interpolation: 0, interpolation_duration: 1 }
$data merge entity $(bone_left_whisker15) { transformation: [-0.8977315532979286f,-0.3796582272446323f,0.2234674220076624f,0.6910163008745513f,-0.3912352666558724f,0.9202537681906109f,-0.008244286245009502f,1.9431479193989407f,-0.2025167260697151f,-0.09482949233463335f,-0.9746765325201789f,1.4407532728255912f,0f,0f,0f,1f], start_interpolation: 0, interpolation_duration: 1 }
$data merge entity $(bone_left_whisker14) { transformation: [-0.7234849563288888f,0.6531705973687383f,0.2234674220076624f,0.4472640450801507f,0.6686899878352072f,0.7434956166066218f,-0.008244286245009502f,2.1684389797535757f,-0.17153197408861087f,0.14346581062993524f,-0.9746765325201789f,1.3829617385867525f,0f,0f,0f,1f], start_interpolation: 0, interpolation_duration: 1 }
$data merge entity $(bone_left_whisker13) { transformation: [-0.0735583519061121f,0.9972810692483182f,-0.004431453913477632f,0.4224812019086579f,0.9784347529275661f,0.07302683164246551f,0.19321624187380262f,2.498087407253586f,0.19301451533091843f,0.009876779798786175f,-0.9811461899698621f,1.447991043068361f,0f,0f,0f,1f], start_interpolation: 0, interpolation_duration: 1 }
$data merge entity $(bone_left_whisker12) { transformation: [0.10339691273330207f,0.994434071807773f,-0.020247352049946224f,0.46892903380057094f,0.9122263328580876f,-0.08669672676416229f,0.40040828563937825f,2.90787658021718f,0.39642426272556475f,-0.05987114827855508f,-0.916113120485838f,1.6260722548396107f,0f,0f,0f,1f], start_interpolation: 0, interpolation_duration: 1 }
$data merge entity $(bone_left_whisker11) { transformation: [0.30556465675513667f,0.9508363945941298f,-0.05040229416754173f,0.6061944069522925f,0.9481695133624833f,-0.2990058015758701f,0.10756442048337048f,3.333812103797983f,0.08720558739018622f,-0.08065780395725711f,-0.9929196866759795f,1.6652466398000458f,0f,0f,0f,1f], start_interpolation: 0, interpolation_duration: 1 }
$data merge entity $(bone_left_whisker10) { transformation: [0.06543628190926573f,0.9843889203854863f,-0.16339077829604567f,0.6355896117162205f,0.9870014400483419f,-0.08793753814045549f,-0.13451820221923735f,3.777191656944699f,-0.14678641065299894f,-0.1524645624664709f,-0.9773475875242733f,1.599307431889519f,0f,0f,0f,1f], start_interpolation: 0, interpolation_duration: 1 }
$data merge entity $(bone_left_whisker1) { transformation: [-0.32316241034967813f,0.9370921056438939f,-0.13200167452301229f,0.4904189976919511f,0.9326041285837438f,0.33903950147624284f,0.12370026591441496f,4.196134917831928f,0.16067232457876002f,-0.08313003054633049f,-0.9835007890875451f,1.671484452696384f,0f,0f,0f,1f], start_interpolation: 0, interpolation_duration: 1 }
$data merge entity $(bone_upper_left_tooth1) { transformation: [-0.9980168565036054f,0.02598332793153054f,0.05733428995168743f,0.06874304620452376f,0.031954067510429895f,0.9938727544079382f,0.1058106120156064f,4.466359798164553f,-0.0542336768456695f,0.10743283816031686f,-0.9927320351336603f,2.7584168729997187f,0f,0f,0f,1f], start_interpolation: 0, interpolation_duration: 1 }
$data merge entity $(bone_upper_right_tooth1) { transformation: [-0.9980168565036054f,0.02598332793153054f,0.05733428995168743f,-0.6037487809316946f,0.031954067510429895f,0.9938727544079382f,0.1058106120156064f,4.487891347561229f,-0.0542336768456695f,0.10743283816031686f,-0.9927320351336603f,2.721872696218945f,0f,0f,0f,1f], start_interpolation: 0, interpolation_duration: 1 }
$data merge entity $(bone_top_lip1) { transformation: [-0.9980168565036054f,0.048938204700073665f,0.039590481878796435f,-0.2362721614280186f,0.031954067510429895f,0.9357595968390591f,-0.3511878621096416f,4.599006639496273f,-0.0542336768456695f,-0.34922632925416064f,-0.9354676259772243f,2.7549392105806074f,0f,0f,0f,1f], start_interpolation: 0, interpolation_duration: 1 }
$data merge entity $(bone_muzzle1) { transformation: [-0.9980168565036054f,0.02598332793153054f,0.05733428995168743f,-0.19970053956238454f,0.031954067510429895f,0.9938727544079382f,0.1058106120156064f,4.825846631727076f,-0.0542336768456695f,0.10743283816031686f,-0.9927320351336603f,2.2155947226712325f,0f,0f,0f,1f], start_interpolation: 0, interpolation_duration: 1 }
$data merge entity $(bone_jaw_right_tooth1) { transformation: [-0.9980168565036054f,0.05144618847383059f,0.03627180483759695f,-0.6126523119098575f,0.031954067510429895f,0.910521392057779f,-0.41222534149989243f,4.268119359271928f,-0.0542336768456695f,-0.41024880779434236f,-0.9103596124604386f,2.756228933086544f,0f,0f,0f,1f], start_interpolation: 0, interpolation_duration: 1 }
$data merge entity $(bone_jaw_left_tooth1) { transformation: [-0.9980168565036054f,0.05144618847383059f,0.03627180483759695f,0.11588050082104587f,0.031954067510429895f,0.910521392057779f,-0.41222534149989243f,4.244793514092195f,-0.0542336768456695f,-0.41024880779434236f,-0.9103596124604386f,2.7958184579323824f,0f,0f,0f,1f], start_interpolation: 0, interpolation_duration: 1 }
$data merge entity $(bone_tongue1) { transformation: [-0.9980168565036054f,0.027961708422172625f,0.05639589521210761f,-0.20358907245165345f,0.031954067510429895f,0.9969515649583934f,0.07117945417428445f,4.310842656565483f,-0.0542336768456695f,0.07284037334558044f,-0.9958679572647551f,1.983715728818754f,0f,0f,0f,1f], start_interpolation: 0, interpolation_duration: 1 }
$data merge entity $(bone_jaw_lips1) { transformation: [-0.9980168565036054f,0.027961708422172625f,0.05639589521210761f,-0.20182752947812344f,0.031954067510429895f,0.9969515649583934f,0.07117945417428445f,4.116341744153605f,-0.0542336768456695f,0.07284037334558044f,-0.9958679572647551f,2.8720788582450276f,0f,0f,0f,1f], start_interpolation: 0, interpolation_duration: 1 }
$data merge entity $(bone_jaw3) { transformation: [-0.9980168565036054f,0.044366072461216405f,0.04465429149620131f,-0.16544534383358186f,0.031954067510429895f,0.9682707055215536f,-0.2478523318396092f,3.81210556254492f,-0.0542336768456695f,-0.2459339188545554f,-0.9677681622437475f,2.023314387288622f,0f,0f,0f,1f], start_interpolation: 0, interpolation_duration: 1 }
$data merge entity $(bone_jaw1) { transformation: [-0.9980168565036054f,-0.0002038016341048693f,0.06294690301798458f,-0.10889148565336132f,0.031954067510429895f,0.8599288464752594f,0.5094127173218872f,4.269781050763803f,-0.0542336768456695f,0.5104138883931587f,-0.858216971884835f,1.2522600766108405f,0f,0f,0f,1f], start_interpolation: 0, interpolation_duration: 1 }
$data merge entity $(bone_tear_right1) { transformation: [-0.9980168565036054f,0.020887440898520973f,0.05938071191365437f,-0.7997690658465954f,0.031954067510429895f,0.9808687660382231f,0.19202968879887455f,4.9132426068230695f,-0.0542336768456695f,0.19354632164772467f,-0.9795910012206295f,2.1275654463913107f,0f,0f,0f,1f], start_interpolation: 0, interpolation_duration: 1 }
$data merge entity $(bone_right_pupil1) { transformation: [-0.9980168565036054f,0.020887440898520973f,0.05938071191365437f,-0.6164896539006542f,0.031954067510429895f,0.9808687660382231f,0.19202968879887455f,5.0045381019561415f,-0.0542336768456695f,0.19354632164772467f,-0.9795910012206295f,2.225358831447155f,0f,0f,0f,1f], start_interpolation: 0, interpolation_duration: 1 }
$data merge entity $(bone_right_sad_pupil1) { transformation: [-0.9980168565036054f,0.020887440898520973f,0.05938071191365437f,-0.6158227806711551f,0.031954067510429895f,0.9808687660382231f,0.19202968879887455f,5.006694685375269f,-0.0542336768456695f,0.19354632164772467f,-0.9795910012206295f,2.2143575653201655f,0f,0f,0f,1f], start_interpolation: 0, interpolation_duration: 1 }
$data merge entity $(bone_right_happy_pupil1) { transformation: [-0.9980168565036054f,0.020887440898520973f,0.05938071191365437f,-0.6444293466804615f,0.031954067510429895f,0.9808687660382231f,0.19202968879887455f,4.980053134220909f,-0.0542336768456695f,0.19354632164772467f,-0.9795910012206295f,2.2074009405412145f,0f,0f,0f,1f], start_interpolation: 0, interpolation_duration: 1 }
$data merge entity $(bone_eyelid_right1) { transformation: [-0.9980168565036054f,0.020887440898520973f,0.05938071191365437f,-0.15213605021621296f,0.031954067510429895f,0.9808687660382231f,0.19202968879887455f,5.045629687194425f,-0.0542336768456695f,0.19354632164772467f,-0.9795910012206295f,1.6768753789772033f,0f,0f,0f,1f], start_interpolation: 0, interpolation_duration: 1 }
$data merge entity $(bone_eyelid_expressions_right5) { transformation: [-0.9980168565036054f,0.020887440898520973f,0.05938071191365437f,-0.7423709313538395f,0.031954067510429895f,0.9808687660382231f,0.19202968879887455f,5.120977714441239f,-0.0542336768456695f,0.19354632164772467f,-0.9795910012206295f,2.229089443430167f,0f,0f,0f,1f], start_interpolation: 0, interpolation_duration: 1 }
$data merge entity $(bone_eyelid_expressions_right7) { transformation: [-0.9980168565036054f,0.020887440898520973f,0.05938071191365437f,-0.4061250177857302f,0.031954067510429895f,0.9808687660382231f,0.19202968879887455f,5.110211939742901f,-0.0542336768456695f,0.19354632164772467f,-0.9795910012206295f,2.247361531820554f,0f,0f,0f,1f], start_interpolation: 0, interpolation_duration: 1 }
$data merge entity $(bone_eyelid_expressions_right6) { transformation: [-0.9980168565036054f,0.020887440898520973f,0.05938071191365437f,-0.5182069889751f,0.031954067510429895f,0.9808687660382231f,0.19202968879887455f,5.113800531309014f,-0.0542336768456695f,0.19354632164772467f,-0.9795910012206295f,2.241270835690425f,0f,0f,0f,1f], start_interpolation: 0, interpolation_duration: 1 }
$data merge entity $(bone_right_eye1) { transformation: [-0.9980168565036054f,0.020887440898520973f,0.05938071191365437f,-0.16401112056464898f,0.031954067510429895f,0.9808687660382231f,0.19202968879887455f,5.043831962931908f,-0.0542336768456695f,0.19354632164772467f,-0.9795910012206295f,1.68726757549118f,0f,0f,0f,1f], start_interpolation: 0, interpolation_duration: 1 }
$data merge entity $(bone_tear_left1) { transformation: [-0.9980168565036054f,0.020887440898520973f,0.05938071191365437f,0.410716222998598f,0.031954067510429895f,0.9808687660382231f,0.19202968879887455f,4.8744858179090516f,-0.0542336768456695f,0.19354632164772467f,-0.9795910012206295f,2.1933449645967027f,0f,0f,0f,1f], start_interpolation: 0, interpolation_duration: 1 }
$data merge entity $(bone_left_sad_pupil1) { transformation: [-0.9980168565036054f,0.020887440898520973f,0.05938071191365437f,0.22479200324911788f,0.031954067510429895f,0.9808687660382231f,0.19202968879887455f,4.979780248629424f,-0.0542336768456695f,0.19354632164772467f,-0.9795910012206295f,2.2600377862961323f,0f,0f,0f,1f], start_interpolation: 0, interpolation_duration: 1 }
$data merge entity $(bone_left_pupil1) { transformation: [-0.9980168565036054f,0.020887440898520973f,0.05938071191365437f,0.22412513001961884f,0.031954067510429895f,0.9808687660382231f,0.19202968879887455f,4.977623665210296f,-0.0542336768456695f,0.19354632164772467f,-0.9795910012206295f,2.271039052423122f,0f,0f,0f,1f], start_interpolation: 0, interpolation_duration: 1 }
$data merge entity $(bone_eyelid_left1) { transformation: [-0.9980168565036054f,0.020887440898520973f,0.05938071191365437f,-0.1745524444540869f,0.031954067510429895f,0.9808687660382231f,0.19202968879887455f,5.046347405507648f,-0.0542336768456695f,0.19354632164772467f,-0.9795910012206295f,1.6756572397511775f,0f,0f,0f,1f], start_interpolation: 0, interpolation_duration: 1 }
$data merge entity $(bone_left_happy_pupil1) { transformation: [-0.9980168565036054f,0.020887440898520973f,0.05938071191365437f,0.25222642283449637f,0.031954067510429895f,0.9808687660382231f,0.19202968879887455f,4.951344401692007f,-0.0542336768456695f,0.19354632164772467f,-0.9795910012206295f,2.256126509582246f,0f,0f,0f,1f], start_interpolation: 0, interpolation_duration: 1 }
$data merge entity $(bone_eyelid_expressions_left5) { transformation: [-0.9980168565036054f,0.020887440898520973f,0.05938071191365437f,0.3560323863019841f,0.031954067510429895f,0.9808687660382231f,0.19202968879887455f,5.085809517093335f,-0.0542336768456695f,0.19354632164772467f,-0.9795910012206295f,2.2887782655054303f,0f,0f,0f,1f], start_interpolation: 0, interpolation_duration: 1 }
$data merge entity $(bone_eyelid_expressions_left7) { transformation: [-0.9980168565036054f,0.020887440898520973f,0.05938071191365437f,0.01978647273387485f,0.031954067510429895f,0.9808687660382231f,0.19202968879887455f,5.096575291791673f,-0.0542336768456695f,0.19354632164772467f,-0.9795910012206295f,2.2705061771150437f,0f,0f,0f,1f], start_interpolation: 0, interpolation_duration: 1 }
$data merge entity $(bone_eyelid_expressions_left6) { transformation: [-0.9980168565036054f,0.020887440898520973f,0.05938071191365437f,0.13186844392324462f,0.031954067510429895f,0.9808687660382231f,0.19202968879887455f,5.09298670022556f,-0.0542336768456695f,0.19354632164772467f,-0.9795910012206295f,2.2765968732451727f,0f,0f,0f,1f], start_interpolation: 0, interpolation_duration: 1 }
$data merge entity $(bone_left_eye1) { transformation: [-0.9980168565036054f,0.020887440898520973f,0.05938071191365437f,-0.16401112056464898f,0.031954067510429895f,0.9808687660382231f,0.19202968879887455f,5.043831962931908f,-0.0542336768456695f,0.19354632164772467f,-0.9795910012206295f,1.68726757549118f,0f,0f,0f,1f], start_interpolation: 0, interpolation_duration: 1 }
$data merge entity $(bone_crest_middle5) { transformation: [-0.9980168565036054f,0.03324466351014068f,0.053452282297009f,-0.16337718226776324f,0.031954067510429895f,0.9991810915000559f,-0.024821038622431735f,6.311474223420287f,-0.0542336768456695f,-0.02306379710400877f,-0.9982618742388918f,2.4224868632763545f,0f,0f,0f,1f], start_interpolation: 0, interpolation_duration: 1 }
$data merge entity $(bone_crest_middle4) { transformation: [-0.9980168565036054f,0.03324466351014068f,0.053452282297009f,-0.18577837154705726f,0.031954067510429895f,0.9991810915000559f,-0.024821038622431735f,5.638197901999352f,-0.0542336768456695f,-0.02306379710400877f,-0.9982618742388918f,2.438027898434329f,0f,0f,0f,1f], start_interpolation: 0, interpolation_duration: 1 }
$data merge entity $(bone_crest_middle1) { transformation: [-0.9980168565036054f,0.03324466351014068f,0.053452282297009f,-0.20708148911058724f,0.031954067510429895f,0.9991810915000559f,-0.024821038622431735f,5.135331309093148f,-0.0542336768456695f,-0.02306379710400877f,-0.9982618742388918f,2.5337661494253436f,0f,0f,0f,1f], start_interpolation: 0, interpolation_duration: 1 }
$data merge entity $(bone_crest_left5) { transformation: [-0.5538503551016501f,-0.8156403185497649f,0.1672741908060344f,-1.2849549922787054f,-0.8100874187832362f,0.5742958033222808f,0.11807922855240092f,5.6987604467764035f,-0.19237504537462677f,-0.0701084947952388f,-0.9788138949129485f,2.335279818153987f,0f,0f,0f,1f], start_interpolation: 0, interpolation_duration: 1 }
$data merge entity $(bone_crest_left4) { transformation: [-0.5538503551016501f,-0.8156403185497649f,0.1672741908060344f,-0.8269538368430462f,-0.8100874187832362f,0.5742958033222808f,0.11807922855240092f,5.376279893153052f,-0.19237504537462677f,-0.0701084947952388f,-0.9788138949129485f,2.3746473811493605f,0f,0f,0f,1f], start_interpolation: 0, interpolation_duration: 1 }
$data merge entity $(bone_crest_left1) { transformation: [-0.5538503551016501f,-0.8156403185497649f,0.1672741908060344f,-0.3137597280011785f,-0.8100874187832362f,0.5742958033222808f,0.11807922855240092f,5.028181709598776f,-0.19237504537462677f,-0.0701084947952388f,-0.9788138949129485f,2.3629890061498426f,0f,0f,0f,1f], start_interpolation: 0, interpolation_duration: 1 }
$data merge entity $(bone_crest_center1) { transformation: [-0.9980168565036054f,0.020887440898520973f,0.05938071191365437f,-0.20226418868608048f,0.031954067510429895f,0.9808687660382231f,0.19202968879887455f,4.997054430470268f,-0.0542336768456695f,0.19354632164772467f,-0.9795910012206295f,2.3636457320433255f,0f,0f,0f,1f], start_interpolation: 0, interpolation_duration: 1 }
$data merge entity $(bone_crest_right5) { transformation: [-0.5186177771441806f,0.8533953971569488f,-0.05245852972932124f,0.9196730693838606f,0.8444252347001201f,0.5208573472586698f,0.12511453476038964f,5.628173629070184f,0.1340955787178539f,0.020589315627156213f,-0.990754488180765f,2.4550824899044223f,0f,0f,0f,1f], start_interpolation: 0, interpolation_duration: 1 }
$data merge entity $(bone_crest_right4) { transformation: [-0.5186177771441806f,0.8533953971569488f,-0.05245852972932124f,0.44047155242561303f,0.8444252347001201f,0.5208573472586698f,0.12511453476038964f,5.335700020990364f,0.1340955787178539f,0.020589315627156213f,-0.990754488180765f,2.443521106617689f,0f,0f,0f,1f], start_interpolation: 0, interpolation_duration: 1 }
$data merge entity $(bone_crest_right1) { transformation: [-0.5186177771441806f,0.8533953971569488f,-0.05245852972932124f,-0.08959578562243904f,0.8444252347001201f,0.5208573472586698f,0.12511453476038964f,5.02100452646655f,0.1340955787178539f,0.020589315627156213f,-0.990754488180765f,2.3751703984101007f,0f,0f,0f,1f], start_interpolation: 0, interpolation_duration: 1 }
$data merge entity $(bone_head1) { transformation: [-1.0460983977674505f,0.02189373687930908f,0.062241501419911124f,-0.1285059717035929f,0.03349352128371882f,1.0281241623187098f,0.2012811191186119f,5.107365970859731f,-0.056846497214536364f,0.20287081891460715f,-1.0267848385190186f,1.0713298589220468f,0f,0f,0f,1f], start_interpolation: 0, interpolation_duration: 1 }
$data merge entity $(bone_neck10) { transformation: [-1.4917472891596582f,0.03870020921010912f,0.12404273769927779f,-0.0517355838558902f,0.05196589491508229f,1.4878345674468536f,0.16075486729780855f,4.7755534435753635f,-0.11909598118539798f,0.1644532620575073f,-1.4835651497484565f,-0.03504628889098094f,0f,0f,0f,1f], start_interpolation: 0, interpolation_duration: 1 }
$data merge entity $(bone_neck9) { transformation: [-1.1411866762071392f,0.019388510894755923f,0.0974946367300386f,-0.08122557993401239f,0.039753909610037975f,1.1187660026085988f,0.24283823129077273f,3.3377713700893663f,-0.09110842560682951f,0.2453056573970478f,-1.1152186053554631f,-0.29302317550704865f,0f,0f,0f,1f], start_interpolation: 0, interpolation_duration: 1 }
$data merge entity $(bone_neck8) { transformation: [-1.0595536725591532f,0.052566613724506946f,0.0698061851476469f,-0.12264389538438569f,0.029471839818318215f,1.0144859908492292f,-0.3166065735661528f,2.5908089873649516f,-0.08226519933150635f,-0.313600164045102f,-1.0125104994451917f,-0.027168686240441053f,0f,0f,0f,1f], start_interpolation: 0, interpolation_duration: 1 }
$data merge entity $(bone_neck7) { transformation: [-1.0535438540880147f,0.03030209728856866f,0.0596132809639777f,-0.15132015828046336f,-1.8312852319637973e-18f,0.9410653636113617f,-0.47835404698300577f,1.7494171451440081f,-0.06687271766106134f,-0.47739331495626736f,-0.9391753166058477f,0.42461047855289386f,0f,0f,0f,1f], start_interpolation: 0, interpolation_duration: 1 }
$data merge entity $(bone_neck6) { transformation: [-1.0475663003059548f,0.017209731890554473f,0.0642275938001877f,-0.16598138005802052f,-1.8208949611441444e-18f,1.01390768862361f,-0.27167574636640235f,0.8511708349912022f,-0.06649329798638864f,-0.2711301095267677f,-1.0118713442156118f,0.655590176065034f,0f,0f,0f,1f], start_interpolation: 0, interpolation_duration: 1 }
$data merge entity $(bone_neck_spine6) { transformation: [-1.2388632495513412f,-0.204660214959497f,-0.2081283590492488f,0.12094981036556199f,-0.19900888499079f,-0.07169991490680147f,1.2550856362869385f,0.3743040910654674f,-0.21353847691346658f,1.2541764975998393f,0.03778889072713073f,-1.942865322441176f,0f,0f,0f,1f], start_interpolation: 0, interpolation_duration: 1 }
$data merge entity $(bone_neck_spine7) { transformation: [-0.955104447271799f,0.13948089954944295f,-0.26138204502702417f,0.19209991972015888f,-0.23465992626144436f,0.18242387093546114f,0.9548069178215539f,0.7617454490427753f,0.18085965224063807f,0.9732762249093525f,-0.14150327281584324f,-5.473617804606852f,0f,0f,0f,1f], start_interpolation: 0, interpolation_duration: 1 }
$data merge entity $(bone_tail6) { transformation: [-1.126996080951141f,0.6974346766591607f,-1.099439240177113f,-1.345785655939618f,-1.086432797944458f,0.297613368204162f,1.3024561398158012f,-0.1147795375535285f,0.7175273838666175f,1.546063741372468f,0.2452413067613636f,-8.976434702503791f,0f,0f,0f,1f], start_interpolation: 0, interpolation_duration: 1 }
$data merge entity $(bone_tail5) { transformation: [-0.9309967625248555f,0.5761416894140893f,-0.9082324157984846f,-0.9819066942044037f,-0.8974879635193347f,0.2458545215599599f,1.075942028543488f,0.04049700237907773f,0.5927400127593797f,1.2771830906989952f,0.20259064471590907f,-8.169792750483373f,0f,0f,0f,1f], start_interpolation: 0, interpolation_duration: 1 }
$data merge entity $(bone_tail4) { transformation: [-0.6859976144919987f,0.4245254553577499f,-0.669223885325199f,-0.7999672133367965f,-0.6613069204879307f,0.1811559632547073f,0.7927993894530962f,0.11813527234538085f,0.43675579887533234f,0.9410822773571542f,0.14927731715909087f,-7.766471774473164f,0f,0f,0f,1f], start_interpolation: 0, interpolation_duration: 1 }
$data merge entity $(bone_segment18) { transformation: [-0.6544672893538572f,0.4050131052357167f,-0.6384645266208111f,-0.5725428622522877f,-0.6309114471238892f,0.17282954009890086f,0.7563601628571155f,0.21518310980325975f,0.41668130874068976f,0.8978275639879435f,0.1424161236996047f,-7.262320554460403f,0f,0f,0f,1f], start_interpolation: 0, interpolation_duration: 1 }
$data merge entity $(bone_segment17) { transformation: [-0.6544672893538572f,0.4050131052357167f,-0.6384645266208111f,-0.27689120584242577f,-0.6309114471238892f,0.17282954009890086f,0.7563601628571155f,0.3413452984985025f,0.41668130874068976f,0.8978275639879435f,0.1424161236996047f,-6.606923968443812f,0f,0f,0f,1f], start_interpolation: 0, interpolation_duration: 1 }
$data merge entity $(bone_segment16) { transformation: [-0.8194074493883903f,0.5336016931278575f,-0.20938162521552867f,0.23247955102523163f,-0.2444962770122685f,0.005026488263976607f,0.969637202742795f,0.3461435331450231f,0.5184525073851532f,0.8457209749715422f,0.1263448854494386f,-5.79960731508963f,0f,0f,0f,1f], start_interpolation: 0, interpolation_duration: 1 }
$data merge entity $(bone_segment15) { transformation: [-0.955104447271799f,0.20237885444967668f,-0.2163753545884273f,0.47112453808381033f,-0.23465992626144436f,-0.07091428645966992f,0.9694874331227246f,0.2625214619535666f,0.18085965224063807f,0.9767363837021494f,0.11522075743477396f,-4.647840534503355f,0f,0f,0f,1f], start_interpolation: 0, interpolation_duration: 1 }
$data merge entity $(bone_segment14) { transformation: [-1.0290494093886493f,-0.015286844970374093f,-0.1987431091456894f,0.45392683749213947f,-0.18918907298007945f,-0.25419711601474143f,0.9991328835044406f,-0.023450293563017477f,-0.06276946492508786f,1.016772018008861f,0.24679922141769092f,-3.503972014243386f,0f,0f,0f,1f], start_interpolation: 0, interpolation_duration: 1 }
$data merge entity $(bone_segment13) { transformation: [-0.9983780305207867f,-0.13330088407829382f,-0.1938189730149443f,0.2986871730583939f,-0.16037774849257783f,-0.2325405487866761f,0.9860514605139178f,-0.33050749207585434f,-0.17208689021849954f,0.990075441215024f,0.2055002061823525f,-2.317170321606123f,0f,0f,0f,1f], start_interpolation: 0, interpolation_duration: 1 }
$data merge entity $(bone_segment12) { transformation: [-1.087497068414474f,-0.17784760961050045f,-0.173764884650011f,0.08383771178396379f,-0.17451815374826532f,-0.009353697109021739f,1.1017848263405907f,-0.34180726039547793f,-0.17710850175499043f,1.1012522950250319f,-0.01870407709241092f,-0.9867984215758829f,0f,0f,0f,1f], start_interpolation: 0, interpolation_duration: 1 }
$data merge entity $(bone_segment11) { transformation: [-1.1763040793165058f,-0.1634928945958088f,-0.08186346731832211f,-0.10935576394845728f,-0.1467060545722345f,0.5258300972303973f,1.0578765917061717f,0.2653437108609116f,-0.10912784895040675f,1.055412536946905f,-0.5397391317294887f,0.23250595941602703f,0f,0f,0f,1f], start_interpolation: 0, interpolation_duration: 1 }
$data merge entity $(bone_segment10) { transformation: [-1.0460604103731042f,-0.06193760704777933f,0.024424346632425292f,-0.17098852868693123f,-0.043238529503886396f,0.9243757288961063f,0.49227547107215f,1.2116816796980316f,-0.05062850423987988f,0.4902738445870437f,-0.925064057186012f,0.7344751212115929f,0f,0f,0f,1f], start_interpolation: 0, interpolation_duration: 1 }