# This file was generated by Animated Java via MC-Build. It is not recommended to edit this file directly.
$data merge entity $(bone_neck_spine5) { transformation: [-1.5700465659380236f,0.05933510439350336f,0.058756461172139056f,0.07058070588690815f,0.05653478448332408f,1.5694926486225087f,-0.07426869879005965f,4.1569626277236f,-0.06145563022445644f,-0.07205114060968464f,-1.5694110469240368f,-0.8845041406407527f,0f,0f,0f,1f], start_interpolation: 0, interpolation_duration: 1 }
$data merge entity $(bone_neck_spine2) { transformation: [-1.4952824437504981f,0.05436792608942527f,0.05804156879599605f,-0.04220046112134826f,0.05384265188888006f,1.4963568683438704f,-0.014538675377253056f,5.825551293658275f,-0.05852917164233944f,-0.012431124522224415f,-1.4961998813307005f,0.6585958903043992f,0f,0f,0f,1f], start_interpolation: 0, interpolation_duration: 1 }
$data merge entity $(bone_scale_neck_left1) { transformation: [-1.575575823126825f,0.4482836284573576f,0.1722140960345736f,0.7113906109866317f,0.48011869018408204f,1.4828737639012197f,0.5325659813647734f,4.895836459353657f,-0.010097016976379946f,0.5596269021662631f,-1.549119382571157f,0.6630754653126844f,0f,0f,0f,1f], start_interpolation: 0, interpolation_duration: 1 }
$data merge entity $(bone_scale_neck_right1) { transformation: [-1.6019544229066964f,-0.38295106036676874f,-0.012066197881400242f,-0.8586559549513912f,-0.3657010725502875f,1.5128051525665351f,0.5392016104773653f,4.952371243836981f,-0.1142796276810312f,0.5270902546716097f,-1.5563325836610167f,0.6016198350882279f,0f,0f,0f,1f], start_interpolation: 0, interpolation_duration: 1 }
$data merge entity $(bone_blush_right1) { transformation: [-0.9985217179997565f,0.02693825908045198f,0.047209203345628496f,-0.8047870450768831f,0.03614147962199109f,0.9777804545716101f,0.2064925570292273f,4.526947741681803f,-0.04059768630781387f,0.20789351325967328f,-0.9773086078670352f,1.9566462346522058f,0f,0f,0f,1f], start_interpolation: 0, interpolation_duration: 1 }
$data merge entity $(bone_blush_left1) { transformation: [-0.9985217179997565f,0.02693825908045198f,0.047209203345628496f,0.5184492550458412f,0.03614147962199109f,0.9777804545716101f,0.2064925570292273f,4.479053222299926f,-0.04059768630781387f,0.20789351325967328f,-0.9773086078670352f,2.0104460982456662f,0f,0f,0f,1f], start_interpolation: 0, interpolation_duration: 1 }
$data merge entity $(bone_left_head_scales) { transformation: [-0.9074983652062881f,0.02693825908045198f,-0.4191909437781652f,0.5678838768878826f,-0.06328976789980584f,0.9777804545716101f,0.19984941315131302f,5.273573258414077f,0.415260306828263f,0.20789351325967328f,-0.8856292478895709f,1.7785130512609626f,0f,0f,0f,1f], start_interpolation: 0, interpolation_duration: 1 }
$data merge entity $(bone_left_head_scales2) { transformation: [-0.8450191931844142f,0.02693825908045198f,-0.5340570131995982f,0.5357288125020069f,-0.08883389807785641f,0.9777804545716101f,0.18987870130698836f,4.360313508127531f,0.5273055107831269f,0.20789351325967328f,-0.8238502202720441f,1.756368229638076f,0f,0f,0f,1f], start_interpolation: 0, interpolation_duration: 1 }
$data merge entity $(bone_left_head_scales1) { transformation: [-0.9985217179997565f,0.02693825908045198f,0.047209203345628496f,0.5648585841200584f,0.03614147962199109f,0.9777804545716101f,0.2064925570292273f,5.163763930019804f,-0.04059768630781387f,0.20789351325967328f,-0.9773086078670352f,1.7551656352210578f,0f,0f,0f,1f], start_interpolation: 0, interpolation_duration: 1 }
$data merge entity $(bone_right_head_scales) { transformation: [-0.8639007968527387f,0.02693825908045198f,0.5029410933647372f,-0.7777801571352269f,0.1274055358033979f,0.9777804545716101f,0.16647285695987976f,5.322279549310901f,-0.48728148194226717f,0.20789351325967328f,-0.8481373971832029f,1.7238013255726978f,0f,0f,0f,1f], start_interpolation: 0, interpolation_duration: 1 }
$data merge entity $(bone_right_head_scales2) { transformation: [-0.7908630199484992f,0.02693825908045198f,0.6114000440592507f,-0.8099352215211025f,0.14804463190982228f,0.9777804545716101f,0.14841889913491718f,4.409019799024355f,-0.5938168662480249f,0.20789351325967328f,-0.777278467798977f,1.7016565039498113f,0f,0f,0f,1f], start_interpolation: 0, interpolation_duration: 1 }
$data merge entity $(bone_right_head_scales1) { transformation: [-0.9985217179997565f,0.02693825908045198f,0.047209203345628496f,-0.780805449903051f,0.03614147962199109f,0.9777804545716101f,0.2064925570292273f,5.212470220916628f,-0.04059768630781387f,0.20789351325967328f,-0.9773086078670352f,1.700453909532793f,0f,0f,0f,1f], start_interpolation: 0, interpolation_duration: 1 }
$data merge entity $(bone_head_left_fin1) { transformation: [-0.752457395425543f,0.06474219925671183f,-0.7268366485875527f,0.5574900900774881f,0.13931024737910774f,1.0375860034350377f,-0.05179902002983532f,4.769371787289052f,0.716293041338357f,-0.13378688701170868f,-0.7534590538437617f,1.585295997655252f,0f,0f,0f,1f], start_interpolation: 0, interpolation_duration: 1 }
$data merge entity $(bone_head_right_fin1) { transformation: [-0.6999924742563681f,0.021376080401317204f,0.77989024689138f,-0.7881739439456213f,-0.08673884465365878f,1.0391556395006776f,-0.10633497894512359f,4.818078078185876f,-0.7753464431064152f,-0.13555005756467917f,-0.6921988681597334f,1.5305842719669873f,0f,0f,0f,1f], start_interpolation: 0, interpolation_duration: 1 }
$data merge entity $(bone_right_whisker16) { transformation: [0.2580576597034094f,0.8849830646512772f,-0.3875709219598815f,-1.3576050743030945f,0.9614628734925504f,-0.2746226117874895f,0.013098243793165626f,2.0723750400788084f,-0.09484401490788277f,-0.3760151544491939f,-0.9217468288313785f,1.6710133039953559f,0f,0f,0f,1f], start_interpolation: 0, interpolation_duration: 1 }
$data merge entity $(bone_right_whisker15) { transformation: [-0.8437286281570515f,0.37136341025925934f,-0.3875709219598815f,-1.0733410345431504f,0.3977692651116928f,0.9173919815117406f,0.013098243793165626f,1.9383609810323885f,0.36041866455654525f,-0.1431124375397692f,-0.9217468288313785f,1.5495831875187853f,0f,0f,0f,1f], start_interpolation: 0, interpolation_duration: 1 }
$data merge entity $(bone_right_whisker14) { transformation: [-0.6931446767510508f,-0.6077328669266195f,-0.3875709219598815f,-0.839810845598705f,-0.6633349412136941f,0.7482079869759204f,0.013098243793165626f,2.1618478508748926f,0.28202342607788033f,0.26616831269441554f,-0.9217468288313785f,1.4545655293187183f,0f,0f,0f,1f], start_interpolation: 0, interpolation_duration: 1 }
$data merge entity $(bone_right_whisker13) { transformation: [-0.12012031922481044f,-0.9795843819323191f,-0.16120033369570153f,-0.7993406208598772f,-0.9736174812611659f,0.08450840139605292f,0.21196068096735873f,2.4898732718076095f,-0.19401059015422967f,0.18240824753217572f,-0.9638916547725934f,1.5199304254156023f,0f,0f,0f,1f], start_interpolation: 0, interpolation_duration: 1 }
$data merge entity $(bone_right_whisker12) { transformation: [0.02025161656159382f,-0.9911251435989551f,-0.1313804466143746f,-0.8084380267371557f,-0.905593050209466f,-0.07386840858852986f,0.41766575826240926f,2.896682649831393f,-0.4236638991452512f,0.11051881260015572f,-0.8990519966178232f,1.7102481926097581f,0f,0f,0f,1f], start_interpolation: 0, interpolation_duration: 1 }
$data merge entity $(bone_right_whisker11) { transformation: [0.27194561903034004f,-0.9549002884422793f,-0.11920998038359347f,-0.9306010977859414f,-0.9498361655290091f,-0.28623550595526237f,0.12601783121322024f,3.3233668648151276f,-0.1544565924243893f,0.07895995354220073f,-0.984839320292026f,1.7796329899879018f,0f,0f,0f,1f], start_interpolation: 0, interpolation_duration: 1 }
$data merge entity $(bone_right_whisker10) { transformation: [0.07500204092303739f,-0.9971442623065423f,-0.008832553793794565f,-0.964293420856837f,-0.9903379491022009f,-0.07344816921593864f,-0.11762700798232228f,3.7682452403883815f,0.11664236119620305f,0.01756947887582592f,-0.9930185662849444f,1.727235054294295f,0f,0f,0f,1f], start_interpolation: 0, interpolation_duration: 1 }
$data merge entity $(bone_right_whisker1) { transformation: [-0.35975823462248124f,-0.9323126576552797f,-0.03697459934961826f,-0.8026832763975192f,-0.9254939032097237f,0.3515346278811066f,0.14101219990526503f,4.1839944547208745f,-0.11846960683207419f,0.08495006636984445f,-0.9893171576803936f,1.7804538229883908f,0f,0f,0f,1f], start_interpolation: 0, interpolation_duration: 1 }
$data merge entity $(bone_left_whisker16) { transformation: [0.2578771674890643f,-0.944216416654825f,0.20482852586331435f,1.0328930262574123f,-0.9651202193738375f,-0.2616558283171585f,0.008898857424226664f,2.0554293370141683f,0.0451921303283226f,-0.19997896396167025f,-0.9787574190417178f,1.4409595655753893f,0f,0f,0f,1f], start_interpolation: 0, interpolation_duration: 1 }
$data merge entity $(bone_left_whisker15) { transformation: [-0.902478789584379f,-0.378915966070282f,0.20482852586331435f,0.7288352309384566f,-0.3853907937030024f,0.9227105431637337f,0.008898857424226664f,1.9255857590575904f,-0.19236935951258816f,-0.07090799807857867f,-0.9787574190417178f,1.3761476231614802f,0f,0f,0f,1f], start_interpolation: 0, interpolation_duration: 1 }
$data merge entity $(bone_left_whisker14) { transformation: [-0.7248185079940122f,0.6577867477093127f,0.20482852586331435f,0.4846336828350056f,0.6733865631244775f,0.7392370032269399f,0.008898857424226664f,2.1524591616727706f,-0.1455632751511773f,0.14437883362202977f,-0.9787574190417178f,1.3271053087794917f,0f,0f,0f,1f], start_interpolation: 0, interpolation_duration: 1 }
$data merge entity $(bone_left_whisker13) { transformation: [-0.06723035172430498f,0.9974812914841046f,-0.022608691829219322f,0.4619828319122661f,0.9749455680051463f,0.0704934277664355f,0.2109782360075574f,2.4809320337057543f,0.21204060751221326f,-0.007858102884330146f,-0.9772292622434668f,1.3985447712713994f,0f,0f,0f,1f], start_interpolation: 0, interpolation_duration: 1 }
$data merge entity $(bone_left_whisker12) { transformation: [0.11339032843762219f,0.9928752739761745f,-0.03662408693120332f,0.5129198935151041f,0.904645692536851f,-0.08793254105885714f,0.41699405175308357f,2.887315840900043f,0.4108026343529568f,-0.08041491497022536f,-0.9081710395399107f,1.5830850171721418f,0f,0f,0f,1f], start_interpolation: 0, interpolation_duration: 1 }
$data merge entity $(bone_left_whisker11) { transformation: [0.30972439399325996f,0.9483175583645765f,-0.06902614188085252f,0.652053898629264f,0.9457128377087562f,-0.2997269889611469f,0.1256620892757086f,3.3121477797145236f,0.09847856801537852f,-0.10419952296307414f,-0.9896688491894186f,1.6273234363978002f,0f,0f,0f,1f], start_interpolation: 0, interpolation_duration: 1 }
$data merge entity $(bone_left_whisker10) { transformation: [0.06528571999468247f,0.9810640044905191f,-0.18234909886753625f,0.6813814681581253f,0.9893434807361489f,-0.08747124243289617f,-0.11639698824336822f,3.756579421451465f,-0.13014319763113713f,-0.1728068310000277f,-0.9763199000686561f,1.5688606718369378f,0f,0f,0f,1f], start_interpolation: 0, interpolation_duration: 1 }
$data merge entity $(bone_left_whisker1) { transformation: [-0.3175280144194428f,0.9362476064197224f,-0.15038743143024494f,0.5387419304306412f,0.9302950330091312f,0.33828882467968396f,0.14181615794886582f,4.174485393311036f,0.1836494258564011f,-0.09487407744046081f,-0.9784026767197828f,1.651359437358368f,0f,0f,0f,1f], start_interpolation: 0, interpolation_duration: 1 }
$data merge entity $(bone_upper_left_tooth1) { transformation: [-0.9985217179997565f,0.030950304053881564f,0.044681734095564564f,0.13220815542393746f,0.03614147962199109f,0.9920567169217204f,0.12048760874559213f,4.429152071562118f,-0.04059768630781387f,0.12192435806462126f,-0.9917087671171322f,2.752027766368445f,0f,0f,0f,1f], start_interpolation: 0, interpolation_duration: 1 }
$data merge entity $(bone_upper_right_tooth1) { transformation: [-0.9985217179997565f,0.030950304053881564f,0.044681734095564564f,-0.5406238615876172f,0.03614147962199109f,0.9920567169217204f,0.12048760874559213f,4.453505217010529f,-0.04059768630781387f,0.12192435806462126f,-0.9917087671171322f,2.724671903524313f,0f,0f,0f,1f], start_interpolation: 0, interpolation_duration: 1 }
$data merge entity $(bone_top_lip1) { transformation: [-0.9985217179997565f,0.04750157102277934f,0.026419300391613415f,-0.17234937621533475f,0.03614147962199109f,0.9432784180598847f,-0.3300297251357439f,4.5628677984380825f,-0.04059768630781387f,-0.3285870155267997f,-0.943600763614381f,2.754551621778872f,0f,0f,0f,1f], start_interpolation: 0, interpolation_duration: 1 }
$data merge entity $(bone_muzzle1) { transformation: [-0.9985217179997565f,0.030950304053881564f,0.044681734095564564f,-0.14204573895533065f,0.03614147962199109f,0.9920567169217204f,0.12048760874559213f,4.797643344041317f,-0.04059768630781387f,0.12192435806462126f,-0.9917087671171322f,2.218222921265001f,0f,0f,0f,1f], start_interpolation: 0, interpolation_duration: 1 }
$data merge entity $(bone_jaw_right_tooth1) { transformation: [-0.9985217179997565f,0.04946434035620821f,0.022531260859961794f,-0.5495189171067463f,0.03614147962199109f,0.9138262400566506f,-0.40449400049278583f,4.243029598861972f,-0.04059768630781387f,-0.40308173118742285f,-0.9142630616236239f,2.7560777783506456f,0f,0f,0f,1f], start_interpolation: 0, interpolation_duration: 1 }
$data merge entity $(bone_jaw_left_tooth1) { transformation: [-0.9985217179997565f,0.04946434035620821f,0.022531260859961794f,0.1793824346557713f,0.03614147962199109f,0.9138262400566506f,-0.40449400049278583f,4.216647024626193f,-0.04059768630781387f,-0.40308173118742285f,-0.9142630616236239f,2.7857132964317888f,0f,0f,0f,1f], start_interpolation: 0, interpolation_duration: 1 }
$data merge entity $(bone_tongue1) { transformation: [-0.9985217179997565f,0.033222890917250655f,0.043018812186239166f,-0.15089951314073463f,0.03614147962199109f,0.9969655160846258f,0.06894601648281817f,4.281459331561473f,-0.04059768630781387f,0.07039885835165438f,-0.996692444342404f,1.976461159685074f,0f,0f,0f,1f], start_interpolation: 0, interpolation_duration: 1 }
$data merge entity $(bone_jaw_lips1) { transformation: [-0.9985217179997565f,0.033222890917250655f,0.043018812186239166f,-0.13777062986352423f,0.03614147962199109f,0.9969655160846258f,0.06894601648281817f,4.088728088532822f,-0.04059768630781387f,0.07039885835165438f,-0.996692444342404f,2.8651146681298822f,0f,0f,0f,1f], start_interpolation: 0, interpolation_duration: 1 }
$data merge entity $(bone_jaw3) { transformation: [-0.9985217179997565f,0.04480035349155789f,0.030778352942383243f,-0.11389168676604806f,0.03614147962199109f,0.9701828121765634f,-0.23966456644215922f,3.791687047805976f,-0.04059768630781387f,-0.23819789941182606f,-0.9703677594511505f,2.0133630253428114f,0f,0f,0f,1f], start_interpolation: 0, interpolation_duration: 1 }
$data merge entity $(bone_jaw1) { transformation: [-0.9985217179997565f,0.009915051674122884f,0.05344221583274712f,-0.0658771959788143f,0.03614147962199109f,0.8554912856220672f,0.516554405339298f,4.255778896353002f,-0.04059768630781387f,0.5177222730142117f,-0.8545849728911984f,1.2455718387608754f,0f,0f,0f,1f], start_interpolation: 0, interpolation_duration: 1 }
$data merge entity $(bone_tear_right1) { transformation: [-0.9985217179997565f,0.02693825908045198f,0.047209203345628496f,-0.7429008189845049f,0.03614147962199109f,0.9777804545716101f,0.2064925570292273f,4.8883798883949705f,-0.04059768630781387f,0.20789351325967328f,-0.9773086078670352f,2.1394225500466937f,0f,0f,0f,1f], start_interpolation: 0, interpolation_duration: 1 }
$data merge entity $(bone_right_pupil1) { transformation: [-0.9985217179997565f,0.02693825908045198f,0.047209203345628496f,-0.5580281692795585f,0.03614147962199109f,0.9777804545716101f,0.2064925570292273f,4.977578065526329f,-0.04059768630781387f,0.20789351325967328f,-0.9773086078670352f,2.236146616457482f,0f,0f,0f,1f], start_interpolation: 0, interpolation_duration: 1 }
$data merge entity $(bone_right_sad_pupil1) { transformation: [-0.9985217179997565f,0.02693825908045198f,0.047209203345628496f,-0.5574979877966729f,0.03614147962199109f,0.9777804545716101f,0.2064925570292273f,4.9798970737351524f,-0.04059768630781387f,0.20789351325967328f,-0.9773086078670352f,2.2251709826777253f,0f,0f,0f,1f], start_interpolation: 0, interpolation_duration: 1 }
$data merge entity $(bone_right_happy_pupil1) { transformation: [-0.9985217179997565f,0.02693825908045198f,0.047209203345628496f,-0.5862886098394312f,0.03614147962199109f,0.9777804545716101f,0.2064925570292273f,4.953459794431775f,-0.04059768630781387f,0.20789351325967328f,-0.9773086078670352f,2.2181943903507686f,0f,0f,0f,1f], start_interpolation: 0, interpolation_duration: 1 }
$data merge entity $(bone_eyelid_right1) { transformation: [-0.9985217179997565f,0.02693825908045198f,0.047209203345628496f,-0.10076732361015457f,0.03614147962199109f,0.9777804545716101f,0.2064925570292273f,5.025316205328157f,-0.04059768630781387f,0.20789351325967328f,-0.9773086078670352f,1.682268945584714f,0f,0f,0f,1f], start_interpolation: 0, interpolation_duration: 1 }
$data merge entity $(bone_eyelid_expressions_right5) { transformation: [-0.9985217179997565f,0.02693825908045198f,0.047209203345628496f,-0.6834318061123211f,0.03614147962199109f,0.9777804545716101f,0.2064925570292273f,5.094374075352027f,-0.04059768630781387f,0.20789351325967328f,-0.9773086078670352f,2.243275206262298f,0f,0f,0f,1f], start_interpolation: 0, interpolation_duration: 1 }
$data merge entity $(bone_eyelid_expressions_right7) { transformation: [-0.9985217179997565f,0.02693825908045198f,0.047209203345628496f,-0.34701579760654366f,0.03614147962199109f,0.9777804545716101f,0.2064925570292273f,5.082197502627821f,-0.04059768630781387f,0.20789351325967328f,-0.9773086078670352f,2.2569531376843646f,0f,0f,0f,1f], start_interpolation: 0, interpolation_duration: 1 }
$data merge entity $(bone_eyelid_expressions_right6) { transformation: [-0.9985217179997565f,0.02693825908045198f,0.047209203345628496f,-0.45915446710846947f,0.03614147962199109f,0.9777804545716101f,0.2064925570292273f,5.086256360202556f,-0.04059768630781387f,0.20789351325967328f,-0.9773086078670352f,2.2523938272103425f,0f,0f,0f,1f], start_interpolation: 0, interpolation_duration: 1 }
$data merge entity $(bone_right_eye1) { transformation: [-0.9985217179997565f,0.02693825908045198f,0.047209203345628496f,-0.11251137204323262f,0.03614147962199109f,0.9777804545716101f,0.2064925570292273f,5.023403082876807f,-0.04059768630781387f,0.20789351325967328f,-0.9773086078670352f,1.6927886483170684f,0f,0f,0f,1f], start_interpolation: 0, interpolation_duration: 1 }
$data merge entity $(bone_tear_left1) { transformation: [-0.9985217179997565f,0.02693825908045198f,0.047209203345628496f,0.4681968116362934f,0.03614147962199109f,0.9777804545716101f,0.2064925570292273f,4.844544226587829f,-0.04059768630781387f,0.20789351325967328f,-0.9773086078670352f,2.188663103166132f,0f,0f,0f,1f], start_interpolation: 0, interpolation_duration: 1 }
$data merge entity $(bone_left_sad_pupil1) { transformation: [-0.9985217179997565f,0.02693825908045198f,0.047209203345628496f,0.2835420334677703f,0.03614147962199109f,0.9777804545716101f,0.2064925570292273f,4.949455641924637f,-0.04059768630781387f,0.20789351325967328f,-0.9773086078670352f,2.259365811232891f,0f,0f,0f,1f], start_interpolation: 0, interpolation_duration: 1 }
$data merge entity $(bone_left_pupil1) { transformation: [-0.9985217179997565f,0.02693825908045198f,0.047209203345628496f,0.2830118519848848f,0.03614147962199109f,0.9777804545716101f,0.2064925570292273f,4.947136633715814f,-0.04059768630781387f,0.20789351325967328f,-0.9773086078670352f,2.270341445012648f,0f,0f,0f,1f], start_interpolation: 0, interpolation_duration: 1 }
$data merge entity $(bone_eyelid_left1) { transformation: [-0.9985217179997565f,0.02693825908045198f,0.047209203345628496f,-0.12319505751053973f,0.03614147962199109f,0.9777804545716101f,0.2064925570292273f,5.026127976843105f,-0.04059768630781387f,0.20789351325967328f,-0.9773086078670352f,1.6813570834899094f,0f,0f,0f,1f], start_interpolation: 0, interpolation_duration: 1 }
$data merge entity $(bone_left_happy_pupil1) { transformation: [-0.9985217179997565f,0.02693825908045198f,0.047209203345628496f,0.310820746175975f,0.03614147962199109f,0.9777804545716101f,0.2064925570292273f,4.920988933833892f,-0.04059768630781387f,0.20789351325967328f,-0.9773086078670352f,2.2546688741429453f,0f,0f,0f,1f], start_interpolation: 0, interpolation_duration: 1 }
$data merge entity $(bone_eyelid_expressions_left5) { transformation: [-0.9985217179997565f,0.02693825908045198f,0.047209203345628496f,0.4155271550065516f,0.03614147962199109f,0.9777804545716101f,0.2064925570292273f,5.05459727111962f,-0.04059768630781387f,0.20789351325967328f,-0.9773086078670352f,2.287956448907715f,0f,0f,0f,1f], start_interpolation: 0, interpolation_duration: 1 }
$data merge entity $(bone_eyelid_expressions_left7) { transformation: [-0.9985217179997565f,0.02693825908045198f,0.047209203345628496f,0.07911114650077423f,0.03614147962199109f,0.9777804545716101f,0.2064925570292273f,5.066773843843826f,-0.04059768630781387f,0.20789351325967328f,-0.9773086078670352f,2.2742785174856484f,0f,0f,0f,1f], start_interpolation: 0, interpolation_duration: 1 }
$data merge entity $(bone_eyelid_expressions_left6) { transformation: [-0.9985217179997565f,0.02693825908045198f,0.047209203345628496f,0.19124981600270005f,0.03614147962199109f,0.9777804545716101f,0.2064925570292273f,5.062714986269091f,-0.04059768630781387f,0.20789351325967328f,-0.9773086078670352f,2.2788378279596704f,0f,0f,0f,1f], start_interpolation: 0, interpolation_duration: 1 }
$data merge entity $(bone_left_eye1) { transformation: [-0.9985217179997565f,0.02693825908045198f,0.047209203345628496f,-0.11251137204323262f,0.03614147962199109f,0.9777804545716101f,0.2064925570292273f,5.023403082876807f,-0.04059768630781387f,0.20789351325967328f,-0.9773086078670352f,1.6927886483170684f,0f,0f,0f,1f], start_interpolation: 0, interpolation_duration: 1 }
$data merge entity $(bone_crest_middle5) { transformation: [-0.9985217179997565f,0.03651765652546078f,0.04025965033011248f,-0.09769001100909289f,0.03614147962199109f,0.999296322962674f,-0.010032565176082281f,6.27987066546493f,-0.04059768630781387f,-0.008562690883571922f,-0.9991388833346867f,2.4468007468588877f,0f,0f,0f,1f], start_interpolation: 0, interpolation_duration: 1 }
$data merge entity $(bone_crest_middle4) { transformation: [-0.9985217179997565f,0.03651765652546078f,0.04025965033011248f,-0.12229663503503814f,0.03614147962199109f,0.999296322962674f,-0.010032565176082281f,5.606516697843597f,-0.04059768630781387f,-0.008562690883571922f,-0.9991388833346867f,2.4525705288019197f,0f,0f,0f,1f], start_interpolation: 0, interpolation_duration: 1 }
$data merge entity $(bone_crest_middle1) { transformation: [-0.9985217179997565f,0.03651765652546078f,0.04025965033011248f,-0.14414262810969583f,0.03614147962199109f,0.999296322962674f,-0.010032565176082281f,5.102346253805743f,-0.04059768630781387f,-0.008562690883571922f,-0.9991388833346867f,2.5410542093712305f,0f,0f,0f,1f], start_interpolation: 0, interpolation_duration: 1 }
$data merge entity $(bone_crest_left5) { transformation: [-0.5592248252806113f,-0.8144278837322432f,0.15483803469848537f,-1.2225028805257026f,-0.8052328684227603f,0.5780398478479813f,0.13217398348970244f,5.672333034349341f,-0.19714873167617178f,-0.050765701997533f,-0.979058333859211f,2.3652283246477346f,0f,0f,0f,1f], start_interpolation: 0, interpolation_duration: 1 }
$data merge entity $(bone_crest_left4) { transformation: [-0.5592248252806113f,-0.8144278837322432f,0.15483803469848537f,-0.7651825356565232f,-0.8052328684227603f,0.5780398478479813f,0.13217398348970244f,5.347750111973766f,-0.19714873167617178f,-0.050765701997533f,-0.979058333859211f,2.39373445614049f,0f,0f,0f,1f], start_interpolation: 0, interpolation_duration: 1 }
$data merge entity $(bone_crest_left1) { transformation: [-0.5592248252806113f,-0.8144278837322432f,0.15483803469848537f,-0.2534356377504628f,-0.8052328684227603f,0.5780398478479813f,0.13217398348970244f,4.998130776316354f,-0.19714873167617178f,-0.050765701997533f,-0.979058333859211f,2.3701147806683562f,0f,0f,0f,1f], start_interpolation: 0, interpolation_duration: 1 }
$data merge entity $(bone_crest_center1) { transformation: [-0.9985217179997565f,0.02693825908045198f,0.047209203345628496f,-0.14205328175955623f,0.03614147962199109f,0.9777804545716101f,0.2064925570292273f,4.966619938032902f,-0.04059768630781387f,0.20789351325967328f,-0.9773086078670352f,2.3688373118441333f,0f,0f,0f,1f], start_interpolation: 0, interpolation_duration: 1 }
$data merge entity $(bone_crest_right5) { transformation: [-0.5137858307335224f,0.8554521382234788f,-0.06500584086328082f,0.9832404246464439f,0.8440704741147014f,0.5175985638010203f,0.14013122949187407f,5.592496186258631f,0.15352248977022057f,0.017127929238498124f,-0.9879966999817121f,2.4549089727144806f,0f,0f,0f,1f], start_interpolation: 0, interpolation_duration: 1 }
$data merge entity $(bone_crest_right4) { transformation: [-0.5137858307335224f,0.8554521382234788f,-0.06500584086328082f,0.5028839993744709f,0.8440704741147014f,0.5175985638010203f,0.14013122949187407f,5.30185246146802f,0.15352248977022057f,0.017127929238498124f,-0.9879966999817121f,2.4452912390112225f,0f,0f,0f,1f], start_interpolation: 0, interpolation_duration: 1 }
$data merge entity $(bone_crest_right1) { transformation: [-0.5137858307335224f,0.8554521382234788f,-0.06500584086328082f,-0.02915829874661125f,0.8440704741147014f,0.5175985638010203f,0.14013122949187407f,4.990013061166884f,0.15352248977022057f,0.017127929238498124f,-0.9879966999817121f,2.3792334016164f,0f,0f,0f,1f], start_interpolation: 0, interpolation_duration: 1 }
$data merge entity $(bone_head1) { transformation: [-1.0466275820179733f,0.028236065833025827f,0.04948360506931109f,-0.08486403686844354f,0.0378826706975297f,1.0248870650132107f,0.21644076615693736f,5.096043870165008f,-0.04255356442420593f,0.2179092163724439f,-1.0243924861106288f,1.0774550824104954f,0f,0f,0f,1f], start_interpolation: 0, interpolation_duration: 1 }
$data merge entity $(bone_neck10) { transformation: [-1.4952824437504981f,0.04632685597949228f,0.06464145350021866f,-0.05270505804338544f,0.05384265188888006f,1.4854530058378541f,0.18089946923328698f,4.779298840242369f,-0.05852917164233944f,0.182968498781532f,-1.4850222712823273f,-0.03551383551262244f,0f,0f,0f,1f], start_interpolation: 0, interpolation_duration: 1 }
$data merge entity $(bone_neck9) { transformation: [-1.1438910694691318f,0.030677242097405598f,0.0525383336678993f,-0.09437891236693666f,0.04118962869499327f,1.1185288213719349f,0.24369004646643977f,3.34177730092194f,-0.0447748163063897f,0.24523525659281578f,-1.1180532336374336f,-0.2932620432467292f,0f,0f,0f,1f], start_interpolation: 0, interpolation_duration: 1 }
$data merge entity $(bone_neck8) { transformation: [-1.0619025054312248f,0.042965042697249274f,0.028411467083371875f,-0.1273303082037094f,0.03265434002874837f,1.0150416952754082f,-0.31450626118828007f,2.5943341837714895f,-0.039835918880990535f,-0.31326426440845f,-1.0151693147492484f,-0.02757448301833426f,0f,0f,0f,1f], start_interpolation: 0, interpolation_duration: 1 }
$data merge entity $(bone_neck7) { transformation: [-1.0554122495464102f,0.010465163913098633f,0.020544505485938752f,-0.13723305184995618f,0f,0.9406551326907044f,-0.47916023853888107f,1.753330543809708f,-0.02305637355244292f,-0.4790459419939902f,-0.9404307534059617f,0.4257265066014904f,0f,0f,0f,1f], start_interpolation: 0, interpolation_duration: 1 }
$data merge entity $(bone_neck6) { transformation: [-1.0494240949390545f,0.005933570835525636f,0.02214438782849059f,-0.14228794744657106f,0f,1.01390768862361f,-0.27167574636640235f,0.855084233656902f,-0.02292555724859927f,-0.2716109421597031f,-1.013665836031664f,0.6571158324514911f,0f,0f,0f,1f], start_interpolation: 0, interpolation_duration: 1 }
$data merge entity $(bone_neck_spine6) { transformation: [-1.2238305983765005f,-0.2690175237833169f,-0.223279212851574f,0.04748766543089819f,-0.21566026565630958f,-0.058871000445608467f,1.2530004882841401f,0.3575733603884325f,-0.2751630149768969f,1.2426379785443287f,0.011024426733321508f,-1.9639652661218627f,0f,0f,0f,1f], start_interpolation: 0, interpolation_duration: 1 }
$data merge entity $(bone_neck_spine7) { transformation: [-0.9757809938995922f,-0.03712098284250252f,-0.21557709659685595f,0.5085672767130107f,-0.21873738486803662f,0.1760540131641628f,0.9597702542326916f,0.7331114892735848f,0.002325597862038842f,0.9836803429374806f,-0.1799099066560389f,-5.493860280951743f,0f,0f,0f,1f], start_interpolation: 0, interpolation_duration: 1 }
$data merge entity $(bone_tail6) { transformation: [-1.2958896130009552f,0.3762282508873363f,-1.0697777113389566f,-0.30775674064818226f,-1.0308948118588355f,0.28597329512960856f,1.3493617375938811f,-0.11297116734780853f,0.47247003643183233f,1.6558905504996686f,0.010024318786509447f,-9.242816771319651f,0f,0f,0f,1f], start_interpolation: 0, interpolation_duration: 1 }
$data merge entity $(bone_tail5) { transformation: [-1.0705175063920933f,0.3107972507330169f,-0.8837294137147901f,-0.11146374018522417f,-0.8516087576225162f,0.23623880902011143f,1.1146901310558148f,0.03623229098068288f,0.39030133444368753f,1.3679095851953784f,0.008280958997551283f,-8.37887387540678f,0f,0f,0f,1f], start_interpolation: 0, interpolation_duration: 1 }
$data merge entity $(bone_tail4) { transformation: [-0.7888023731310161f,0.2290085005401177f,-0.6511690416845821f,-0.013317239953745147f,-0.6275011898271171f,0.17407070138324f,0.8213506228832319f,0.11083402014492859f,0.2875904569585066f,1.0079333785650155f,0.006101759261353576f,-7.946902427450345f,0f,0f,0f,1f], start_interpolation: 0, interpolation_duration: 1 }
$data merge entity $(bone_segment18) { transformation: [-0.752546860328721f,0.2184826439935533f,-0.6212395329363467f,0.10936588533560362f,-0.5986595202325788f,0.1660699362264948f,0.7835991035705865f,0.20408618160023573f,0.27437201359519636f,0.9616060058856298f,0.005821305730086393f,-7.406938117504801f,0f,0f,0f,1f], start_interpolation: 0, interpolation_duration: 1 }
$data merge entity $(bone_segment17) { transformation: [-0.752546860328721f,0.2184826439935533f,-0.6212395329363467f,0.26885394821175723f,-0.5986595202325788f,0.1660699362264948f,0.7835991035705865f,0.32531399149213513f,0.27437201359519636f,0.9616060058856298f,0.005821305730086393f,-6.704984514575592f,0f,0f,0f,1f], start_interpolation: 0, interpolation_duration: 1 }
$data merge entity $(bone_segment16) { transformation: [-0.912521724836398f,0.3477645776277422f,-0.21532278153739945f,0.6008264820312087f,-0.23234642377539924f,-0.007468471818472381f,0.972604421791038f,0.3181846641458883f,0.3366292338172476f,0.937552142803852f,0.08761699871325263f,-5.810006761068985f,0f,0f,0f,1f], start_interpolation: 0, interpolation_duration: 1 }
$data merge entity $(bone_segment15) { transformation: [-0.9757809938995922f,0.01993934226236555f,-0.21783910249187993f,0.624338938849379f,-0.21873738486803662f,-0.07835170258120834f,0.972633007440997f,0.22579239767439507f,0.002325597862038842f,0.9967263583013996f,0.08081558180087535f,-4.634667818052442f,0f,0f,0f,1f], start_interpolation: 0, interpolation_duration: 1 }
$data merge entity $(bone_segment14) { transformation: [-1.0142417424815904f,-0.1410216531948907f,-0.22383426717832772f,0.46568957900512686f,-0.1861449359799612f,-0.24976399030269672f,1.0008212677507722f,-0.05519209141613873f,-0.1879865650574401f,1.0081696486720013f,0.21663381287243796f,-3.5004769632964403f,0f,0f,0f,1f], start_interpolation: 0, interpolation_duration: 1 }
$data merge entity $(bone_segment13) { transformation: [-0.9862634822210621f,-0.18225715596038972f,-0.21484944626785096f,0.25206362555451894f,-0.17379680232302597f,-0.2220672238997925f,0.9861918836590162f,-0.3496392751385961f,-0.2217490179519698f,0.9846634394522108f,0.1826441782994119f,-2.3195677617788304f,0f,0f,0f,1f], start_interpolation: 0, interpolation_duration: 1 }
$data merge entity $(bone_segment12) { transformation: [-1.0857580285554038f,-0.17571662442051147f,-0.18635195872708085f,0.039788508804907724f,-0.1891955486919012f,0.003108316873346435f,1.0993949535599397f,-0.3458842614660971f,-0.17265117715882852f,1.1016296507720515f,-0.03282628150118497f,-0.9887399957454793f,0f,0f,0f,1f], start_interpolation: 0, interpolation_duration: 1 }
$data merge entity $(bone_segment11) { transformation: [-1.1794648832387145f,-0.12835263949517642f,-0.09752450985600142f,-0.11205102214311743f,-0.1451293224295958f,0.5320309952633121f,1.0549897348939483f,0.2685314617356541f,-0.07016345102087318f,1.0571619842271562f,-0.5427784724241471f,0.23277189253305852f,0f,0f,0f,1f], start_interpolation: 0, interpolation_duration: 1 }
$data merge entity $(bone_segment10) { transformation: [-1.0476161546288603f,-0.03385096093903736f,-0.0054500485609814756f,-0.14401431199789524f,-0.03244982125532153f,0.9250747493875305f,0.4917915362948704f,1.2155950783637315f,-0.011072474263278845f,0.4916970800343184f,-0.9256276680310435f,0.7361406752137738f,0f,0f,0f,1f], start_interpolation: 0, interpolation_duration: 1 }