# This file was generated by Animated Java via MC-Build. It is not recommended to edit this file directly.
$data merge entity $(bone_neck_spine5) { transformation: [-1.559949641706113f,0.0005263138010411668f,0.19640782543319193f,0.11310621993922292f,0.04316225777037875f,1.534743953876525f,0.33869929303182167f,4.356849629292081f,-0.19160722951333478f,0.34143800987862394f,-1.5227363365221804f,-0.45227451470561475f,0f,0f,0f,1f], start_interpolation: 0, interpolation_duration: 1 }
$data merge entity $(bone_neck_spine2) { transformation: [-1.485666325434393f,0.0013555560585520592f,0.18705083165297348f,-0.19515037329628737f,0.04110691216226547f,1.4631188956022732f,0.3158917548593126f,5.601908116703345f,-0.18248307572698547f,0.3185522586380207f,-1.4516951013466508f,1.4162953653081762f,0f,0f,0f,1f], start_interpolation: 0, interpolation_duration: 1 }
$data merge entity $(bone_scale_neck_left1) { transformation: [-1.585116176879866f,0.3448172831428895f,0.2855920655014546f,0.5882254991570197f,0.4449257037645732f,1.3305257495733462f,0.8630164706942487f,4.7063458707072705f,-0.050029039177562254f,0.9076658811511613f,-1.3735701016951152f,1.2875329884907911f,0f,0f,0f,1f], start_interpolation: 0, interpolation_duration: 1 }
$data merge entity $(bone_scale_neck_right1) { transformation: [-1.571979463687265f,-0.48107175934559543f,0.10249687284646919f,-0.9717241425490926f,-0.3575720019522106f,1.3533772793846752f,0.8680825328866464f,4.7495081284776495f,-0.33775421537422756f,0.8062226633152536f,-1.3960595216506608f,1.0959257589774567f,0f,0f,0f,1f], start_interpolation: 0, interpolation_duration: 1 }
$data merge entity $(bone_blush_right1) { transformation: [-0.9978545833297389f,-0.010418307957655647f,0.0646350476686835f,-0.9698280693993545f,0.007003807018702214f,0.9646044153515879f,0.26360817242920553f,4.1565834768425205f,-0.06509360348819473f,0.2634953144621749f,-0.9624619691402885f,2.4867266801374353f,0f,0f,0f,1f], start_interpolation: 0, interpolation_duration: 1 }
$data merge entity $(bone_blush_left1) { transformation: [-0.9978545833297389f,-0.010418307957655647f,0.0646350476686835f,0.3525241469858561f,0.007003807018702214f,0.9646044153515879f,0.26360817242920553f,4.147302064611682f,-0.06509360348819473f,0.2634953144621749f,-0.9624619691402885f,2.5729884183537246f,0f,0f,0f,1f], start_interpolation: 0, interpolation_duration: 1 }
$data merge entity $(bone_left_head_scales) { transformation: [-0.9149529689774138f,-0.010418307957655647f,-0.40342598257761647f,0.3815312262794005f,-0.11550825535752883f,0.9646044153515879f,0.23705730283726947f,4.954981308847377f,0.3866767480773518f,0.2634953144621749f,-0.8837710742906243f,2.387754415835779f,0f,0f,0f,1f], start_interpolation: 0, interpolation_duration: 1 }
$data merge entity $(bone_left_head_scales2) { transformation: [-0.8544677621428792f,-0.010418307957655647f,-0.5193999444723111f,0.3800031965901381f,-0.1454622532977803f,0.9646044153515879f,0.21995239200734643f,4.043937879289273f,0.4987239480154053f,0.2634953144621749f,-0.8257388466896826f,2.3131538302610704f,0f,0f,0f,1f], start_interpolation: 0, interpolation_duration: 1 }
$data merge entity $(bone_left_head_scales1) { transformation: [-0.9978545833297389f,-0.010418307957655647f,0.0646350476686835f,0.38270125109886377f,0.007003807018702214f,0.9646044153515879f,0.26360817242920553f,4.846651711420197f,-0.06509360348819473f,0.2634953144621749f,-0.9624619691402885f,2.35816265688739f,0f,0f,0f,1f], start_interpolation: 0, interpolation_duration: 1 }
$data merge entity $(bone_right_head_scales) { transformation: [-0.8552626817226241f,-0.010418307957655647f,0.5180899575478425f,-0.9632337395360678f,0.1279331607556859f,0.9646044153515879f,0.2305893064807664f,4.964420033149925f,-0.5021542110066246f,0.2634953144621749f,-0.823657312008334f,2.3000306142598914f,0f,0f,0f,1f], start_interpolation: 0, interpolation_duration: 1 }
$data merge entity $(bone_right_head_scales2) { transformation: [-0.7803214815325122f,-0.010418307957655647f,0.6252918073333481f,-0.9647617692253303f,0.1569366189721313f,0.9646044153515879f,0.2119179546659911f,4.053376603591821f,-0.6053670647503888f,0.2634953144621749f,-0.7510665324536691f,2.225430028685183f,0f,0f,0f,1f], start_interpolation: 0, interpolation_duration: 1 }
$data merge entity $(bone_right_head_scales1) { transformation: [-0.9978545833297389f,-0.010418307957655647f,0.0646350476686835f,-0.9620637147166046f,0.007003807018702214f,0.9646044153515879f,0.26360817242920553f,4.856090435722745f,-0.06509360348819473f,0.2634953144621749f,-0.9624619691402885f,2.2704388553115025f,0f,0f,0f,1f], start_interpolation: 0, interpolation_duration: 1 }
$data merge entity $(bone_head_left_fin1) { transformation: [-0.7741828723525563f,0.03386742982839766f,-0.7058109345837155f,0.3925329313220356f,0.07425956742275074f,1.0450744543418211f,-0.031306541704632894f,4.462619298059127f,0.7027101784002457f,-0.07312715025308018f,-0.774290658017861f,2.16612725840313f,0f,0f,0f,1f], start_interpolation: 0, interpolation_duration: 1 }
$data merge entity $(bone_head_right_fin1) { transformation: [-0.6772965831189672f,-0.009469715154049579f,0.7999092829911697f,-0.9522320344934327f,-0.06407182848005731f,1.0453786319296874f,-0.041874989256241675f,4.472058022361675f,-0.7973953456822831f,-0.07595418635525907f,-0.6760671729085184f,2.0784034568272425f,0f,0f,0f,1f], start_interpolation: 0, interpolation_duration: 1 }
$data merge entity $(bone_right_whisker16) { transformation: [0.2332507518924189f,0.9167683017552373f,-0.3242375173209284f,-1.4353458110609174f,0.941200745475434f,-0.2966491381364641f,-0.16168007162102568f,1.7268399273861426f,-0.24440794475243324f,-0.2674605947419374f,-0.9320566435588455f,2.515224898608229f,0f,0f,0f,1f], start_interpolation: 0, interpolation_duration: 1 }
$data merge entity $(bone_right_whisker15) { transformation: [-0.8784798893686434f,0.35091753495147043f,-0.3242375173209284f,-1.139373582709177f,0.4169626130579491f,0.894428160196506f,-0.16168007162102568f,1.5863593595101733f,0.23327079390001323f,-0.27722761390430944f,-0.9320566435588455f,2.4366326877727755f,0f,0f,0f,1f], start_interpolation: 0, interpolation_duration: 1 }
$data merge entity $(bone_right_whisker14) { transformation: [-0.6893009383533614f,-0.6478690058543749f,-0.3242375173209284f,-0.9071384032834843f,-0.6344111917895473f,0.7558981374317479f,-0.16168007162102568f,1.800101411431456f,0.349838042695962f,0.0942536847050425f,-0.9320566435588455f,2.318767331591031f,0f,0f,0f,1f], start_interpolation: 0, interpolation_duration: 1 }
$data merge entity $(bone_right_whisker13) { transformation: [-0.07568099185497597f,-0.9919061265754072f,-0.10195402657089808f,-0.881640412863595f,-0.9967129558715572f,0.07228844185698265f,0.036574099738375f,2.1359080225405256f,-0.028907975882618564f,0.10438686333089009f,-0.9941165483454685f,2.328506835184296f,0f,0f,0f,1f], start_interpolation: 0, interpolation_duration: 1 }
$data merge entity $(bone_right_whisker12) { transformation: [0.0777465069438455f,-0.9934990705871407f,-0.08315694439142368f,-0.9165656015297755f,-0.9630604381258778f,-0.0964099317011719f,0.2514353149145269f,2.568532828729885f,-0.2578179070096229f,0.06053694584188344f,-0.9642951856217652f,2.444323473098775f,0f,0f,0f,1f], start_interpolation: 0, interpolation_duration: 1 }
$data merge entity $(bone_right_whisker11) { transformation: [0.3118361480508735f,-0.9484883358509005f,-0.05592936190931488f,-1.056648246162004f,-0.9496641697434621f,-0.3092861957533358f,-0.04979973716687483f,2.995139779981831f,0.029936290255377807f,0.06864346925395523f,-0.9971920039062323f,2.430875530210617f,0f,0f,0f,1f], start_interpolation: 0, interpolation_duration: 1 }
$data merge entity $(bone_right_whisker10) { transformation: [0.09830527404787934f,-0.9931962150986164f,0.06242877067630337f,-1.1008088184881997f,-0.9515604243573077f,-0.11217794761568739f,-0.28626712501730367f,3.42259856436109f,0.2913225564409865f,-0.03126317934112378f,-0.9561138957918001f,2.3000079755593927f,0f,0f,0f,1f], start_interpolation: 0, interpolation_duration: 1 }
$data merge entity $(bone_right_whisker1) { transformation: [-0.3213064469712112f,-0.9466209508750784f,0.025902557771368205f,-0.9564719380128509f,-0.9467139045251101f,0.3204549700564222f,-0.03227065454803102f,3.8478802011594793f,0.02224747431860974f,-0.0348910809591825f,-0.9991434643513126f,2.2900139929553296f,0f,0f,0f,1f], start_interpolation: 0, interpolation_duration: 1 }
$data merge entity $(bone_left_whisker16) { transformation: [0.2847212372324138f,-0.9196537498322415f,0.2705010119913441f,0.9645911400542966f,-0.9311122120749252f,-0.3324171055050736f,-0.15009635735942276f,1.773583466802915f,0.227955841324109f,-0.20913117507231288f,-0.9509470469059208f,2.4389968172250707f,0f,0f,0f,1f], start_interpolation: 0, interpolation_duration: 1 }
$data merge entity $(bone_left_whisker15) { transformation: [-0.8746224055742027f,-0.40232430970456445f,0.2705010119913441f,0.6699185522387693f,-0.45110776265748986f,0.8797572790136978f,-0.15009635735942276f,1.6215989178606942f,-0.17758782091615716f,-0.2533027434576255f,-0.9509470469059208f,2.3791649830296855f,0f,0f,0f,1f], start_interpolation: 0, interpolation_duration: 1 }
$data merge entity $(bone_left_whisker14) { transformation: [-0.73426105552263f,0.6226474964652572f,0.2705010119913441f,0.42253567708710227f,0.6066844941602448f,0.7806439700996604f,-0.15009635735942276f,1.8259994554439796f,-0.30462210505529774f,0.05389885984497132f,-0.9509470469059208f,2.2765335120882035f,0f,0f,0f,1f], start_interpolation: 0, interpolation_duration: 1 }
$data merge entity $(bone_left_whisker13) { transformation: [-0.1124094307735063f,0.9929659648523268f,0.037184842584910296f,0.38466335910188776f,0.9930495212634244f,0.11094776863629224f,0.039284105604057123f,2.16057180391652f,0.03488220451260579f,0.04134229407659928f,-0.9985359515454738f,2.2882858173195015f,0f,0f,0f,1f], start_interpolation: 0, interpolation_duration: 1 }
$data merge entity $(bone_left_whisker12) { transformation: [0.056423121531208494f,0.9983351467461132f,0.011973559541411577f,0.4100096832272353f,0.9656736581582802f,-0.0576150036901141f,0.25328817044819224f,2.59437051754231f,0.25355633949061285f,-0.0027287581800849725f,-0.9673167715815311f,2.4021880792000503f,0f,0f,0f,1f], start_interpolation: 0, interpolation_duration: 1 }
$data merge entity $(bone_left_whisker11) { transformation: [0.27213058142851315f,0.9622443417875919f,-0.0055473731751314315f,0.5322558428533253f,0.9610380818059513f,-0.2720708813299272f,-0.04881844785625472f,3.0260868433535775f,-0.04848455393335768f,0.007953755724269977f,-0.9987922635862586f,2.3804079084877996f,0f,0f,0f,1f], start_interpolation: 0, interpolation_duration: 1 }
$data merge entity $(bone_left_whisker10) { transformation: [0.0425364112631066f,0.9928229812248082f,-0.1117729022113178f,0.551363996350424f,0.9543035959501277f,-0.07349627868989683f,-0.28966004863527883f,3.4547779118467985f,-0.29579604539870197f,-0.09434418355480093f,-0.9505808090614218f,2.2475307787188514f,0f,0f,0f,1f], start_interpolation: 0, interpolation_duration: 1 }
$data merge entity $(bone_left_whisker1) { transformation: [-0.3586540579866518f,0.9293172990184156f,-0.0879580833967219f,0.39024986873923273f,0.9334703230007801f,0.35699259388298965f,-0.03448831671035846f,3.874110283507305f,-0.0006502049881899064f,-0.0944756352601665f,-0.9955269617522479f,2.247238694446813f,0f,0f,0f,1f], start_interpolation: 0, interpolation_duration: 1 }
$data merge entity $(bone_upper_left_tooth1) { transformation: [-0.9978545833297389f,-0.004745347563409195f,0.06529710716667306f,-0.05015556950760236f,0.007003807018702214f,0.98390877039156f,0.178534249469991f,4.042817034758033f,-0.06509360348819473f,0.17860854745244037f,-0.9817646406149751f,3.300001215241846f,0f,0f,0f,1f], start_interpolation: 0, interpolation_duration: 1 }
$data merge entity $(bone_upper_right_tooth1) { transformation: [-0.9978545833297389f,-0.004745347563409195f,0.06529710716667306f,-0.7225380524153365f,0.007003807018702214f,0.98390877039156f,0.178534249469991f,4.047536396909307f,-0.06509360348819473f,0.17860854745244037f,-0.9817646406149751f,3.2561393144539026f,0f,0f,0f,1f], start_interpolation: 0, interpolation_duration: 1 }
$data merge entity $(bone_top_lip1) { transformation: [-0.9978545833297389f,0.0261062971616973f,0.06003908540558138f,-0.3589167328223626f,0.007003807018702214f,0.9543610835889876f,-0.2985730544072891f,4.166527396913107f,-0.06509360348819473f,-0.2975119886313129f,-0.9524964248781008f,3.3019623022575084f,0f,0f,0f,1f], start_interpolation: 0, interpolation_duration: 1 }
$data merge entity $(bone_muzzle1) { transformation: [-0.9978545833297389f,-0.004745347563409195f,0.06529710716667306f,-0.32305026391010777f,0.007003807018702214f,0.98390877039156f,0.178534249469991f,4.432524912867979f,-0.06509360348819473f,0.17860854745244037f,-0.9817646406149751f,2.7807663121031485f,0f,0f,0f,1f], start_interpolation: 0, interpolation_duration: 1 }
$data merge entity $(bone_jaw_right_tooth1) { transformation: [-0.9978545833297389f,0.03358142786148674f,0.05620069599762357f,-0.7247881552134272f,0.007003807018702214f,0.9082570427645268f,-0.41835402586312126f,3.9478112902334983f,-0.06509360348819473f,-0.41706286333287956f,-0.906543650804252f,3.279902325027462f,0f,0f,0f,1f], start_interpolation: 0, interpolation_duration: 1 }
$data merge entity $(bone_jaw_left_tooth1) { transformation: [-0.9978545833297389f,0.03358142786148674f,0.05620069599762357f,0.0036262012699514456f,0.007003807018702214f,0.9082570427645268f,-0.41835402586312126f,3.9426986479029518f,-0.06509360348819473f,-0.41706286333287956f,-0.906543650804252f,3.3274193842144015f,0f,0f,0f,1f], start_interpolation: 0, interpolation_duration: 1 }
$data merge entity $(bone_tongue1) { transformation: [-0.9978545833297389f,0.011428043850032814f,0.06446417874754372f,-0.30828823350308915f,0.007003807018702214f,0.9976303789059822f,-0.068443946197973f,3.8748302400132473f,-0.06509360348819473f,-0.06784561074725454f,-0.9955700858740453f,2.4944655918133405f,0f,0f,0f,1f], start_interpolation: 0, interpolation_duration: 1 }
$data merge entity $(bone_jaw_lips1) { transformation: [-0.9978545833297389f,0.011428043850032814f,0.06446417874754372f,-0.311649327741299f,0.007003807018702214f,0.9976303789059822f,-0.068443946197973f,3.8070855731345588f,-0.06509360348819473f,-0.06784561074725454f,-0.9955700858740453f,3.4013405119879807f,0f,0f,0f,1f], start_interpolation: 0, interpolation_duration: 1 }
$data merge entity $(bone_jaw3) { transformation: [-0.9978545833297389f,0.023312102071611843f,0.061178234894742514f,-0.25864805945943087f,0.007003807018702214f,0.9671049916532015f,-0.2542811078446563f,3.497171724851542f,-0.06509360348819473f,-0.25330708836600635f,-0.9651934219463258f,2.5555103180406737f,0f,0f,0f,1f], start_interpolation: 0, interpolation_duration: 1 }
$data merge entity $(bone_jaw1) { transformation: [-0.9978545833297389f,-0.02677539929654621f,0.05974369021364559f,-0.20497208778310866f,0.007003807018702214f,0.8636503934019224f,0.504042602032754f,3.950022500115345f,-0.06509360348819473f,0.5033796539086727f,-0.8616099737211188f,1.781407607275606f,0f,0f,0f,1f], start_interpolation: 0, interpolation_duration: 1 }
$data merge entity $(bone_tear_right1) { transformation: [-0.9978545833297389f,-0.010418307957655647f,0.0646350476686835f,-0.9244242196388127f,0.007003807018702214f,0.9646044153515879f,0.26360817242920553f,4.508699797573981f,-0.06509360348819473f,0.2634953144621749f,-0.9624619691402885f,2.691233086463232f,0f,0f,0f,1f], start_interpolation: 0, interpolation_duration: 1 }
$data merge entity $(bone_right_pupil1) { transformation: [-0.9978545833297389f,-0.010418307957655647f,0.0646350476686835f,-0.7450447115606273f,0.007003807018702214f,0.9646044153515879f,0.26360817242920553f,4.597968912870289f,-0.06509360348819473f,0.2634953144621749f,-0.9624619691402885f,2.7977402391402526f,0f,0f,0f,1f], start_interpolation: 0, interpolation_duration: 1 }
$data merge entity $(bone_right_sad_pupil1) { transformation: [-0.9978545833297389f,-0.010418307957655647f,0.0646350476686835f,-0.7443188296776295f,0.007003807018702214f,0.9646044153515879f,0.26360817242920553f,4.600929356213f,-0.06509360348819473f,0.2634953144621749f,-0.9624619691402885f,2.7869313400727593f,0f,0f,0f,1f], start_interpolation: 0, interpolation_duration: 1 }
$data merge entity $(bone_right_happy_pupil1) { transformation: [-0.9978545833297389f,-0.010418307957655647f,0.0646350476686835f,-0.7720419054006744f,0.007003807018702214f,0.9646044153515879f,0.26360817242920553f,4.57404394108356f,-0.06509360348819473f,0.2634953144621749f,-0.9624619691402885f,2.7777059392228067f,0f,0f,0f,1f], start_interpolation: 0, interpolation_duration: 1 }
$data merge entity $(bone_eyelid_right1) { transformation: [-0.9978545833297389f,-0.010418307957655647f,0.0646350476686835f,-0.2759939379815487f,0.007003807018702214f,0.9646044153515879f,0.26360817242920553f,4.691758464737557f,-0.06509360348819473f,0.2634953144621749f,-0.9624619691402885f,2.2598352502891683f,0f,0f,0f,1f], start_interpolation: 0, interpolation_duration: 1 }
$data merge entity $(bone_eyelid_expressions_right5) { transformation: [-0.9978545833297389f,-0.010418307957655647f,0.0646350476686835f,-0.8743618051170843f,0.007003807018702214f,0.9646044153515879f,0.26360817242920553f,4.7101634955355145f,-0.06509360348819473f,0.2634953144621749f,-0.9624619691402885f,2.8081162580964723f,0f,0f,0f,1f], start_interpolation: 0, interpolation_duration: 1 }
$data merge entity $(bone_eyelid_expressions_right7) { transformation: [-0.9978545833297389f,-0.010418307957655647f,0.0646350476686835f,-0.5381705636632172f,0.007003807018702214f,0.9646044153515879f,0.26360817242920553f,4.7078038144598775f,-0.06509360348819473f,0.2634953144621749f,-0.9624619691402885f,2.8300472084904444f,0f,0f,0f,1f], start_interpolation: 0, interpolation_duration: 1 }
$data merge entity $(bone_eyelid_expressions_right6) { transformation: [-0.9978545833297389f,-0.010418307957655647f,0.0646350476686835f,-0.6502343108145063f,0.007003807018702214f,0.9646044153515879f,0.26360817242920553f,4.7085903748184235f,-0.06509360348819473f,0.2634953144621749f,-0.9624619691402885f,2.822736891692454f,0f,0f,0f,1f], start_interpolation: 0, interpolation_duration: 1 }
$data merge entity $(bone_right_eye1) { transformation: [-0.9978545833297389f,-0.010418307957655647f,0.0646350476686835f,-0.2879261945796755f,0.007003807018702214f,0.9646044153515879f,0.26360817242920553f,4.6888766774307005f,-0.06509360348819473f,0.2634953144621749f,-0.9624619691402885f,2.2699131176768628f,0f,0f,0f,1f], start_interpolation: 0, interpolation_duration: 1 }
$data merge entity $(bone_tear_left1) { transformation: [-0.9978545833297389f,-0.010418307957655647f,0.0646350476686835f,0.2858642495951088f,0.007003807018702214f,0.9646044153515879f,0.26360817242920553f,4.500204945701689f,-0.06509360348819473f,0.2634953144621749f,-0.9624619691402885f,2.770184507881531f,0f,0f,0f,1f], start_interpolation: 0, interpolation_duration: 1 }
$data merge entity $(bone_left_sad_pupil1) { transformation: [-0.9978545833297389f,-0.010418307957655647f,0.0646350476686835f,0.09615927395703816f,0.007003807018702214f,0.9646044153515879f,0.26360817242920553f,4.595030153523908f,-0.06509360348819473f,0.2634953144621749f,-0.9624619691402885f,2.8417587160576887f,0f,0f,0f,1f], start_interpolation: 0, interpolation_duration: 1 }
$data merge entity $(bone_left_pupil1) { transformation: [-0.9978545833297389f,-0.010418307957655647f,0.0646350476686835f,0.09543339207404028f,0.007003807018702214f,0.9646044153515879f,0.26360817242920553f,4.592069710181197f,-0.06509360348819473f,0.2634953144621749f,-0.9624619691402885f,2.8525676151251824f,0f,0f,0f,1f], start_interpolation: 0, interpolation_duration: 1 }
$data merge entity $(bone_eyelid_left1) { transformation: [-0.9978545833297389f,-0.010418307957655647f,0.0646350476686835f,-0.2984066874118065f,0.007003807018702214f,0.9646044153515879f,0.26360817242920553f,4.691915776809266f,-0.06509360348819473f,0.2634953144621749f,-0.9624619691402885f,2.2583731869295702f,0f,0f,0f,1f], start_interpolation: 0, interpolation_duration: 1 }
$data merge entity $(bone_left_happy_pupil1) { transformation: [-0.9978545833297389f,-0.010418307957655647f,0.0646350476686835f,0.12446807180963765f,0.007003807018702214f,0.9646044153515879f,0.26360817242920553f,4.567751458215195f,-0.06509360348819473f,0.2634953144621749f,-0.9624619691402885f,2.8361884736067315f,0f,0f,0f,1f], start_interpolation: 0, interpolation_duration: 1 }
$data merge entity $(bone_eyelid_expressions_left5) { transformation: [-0.9978545833297389f,-0.010418307957655647f,0.0646350476686835f,0.22386291696554828f,0.007003807018702214f,0.9646044153515879f,0.26360817242920553f,4.702455204021767f,-0.06509360348819473f,0.2634953144621749f,-0.9624619691402885f,2.8797573627167807f,0f,0f,0f,1f], start_interpolation: 0, interpolation_duration: 1 }
$data merge entity $(bone_eyelid_expressions_left7) { transformation: [-0.9978545833297389f,-0.010418307957655647f,0.0646350476686835f,-0.11232832448831889f,0.007003807018702214f,0.9646044153515879f,0.26360817242920553f,4.704814885097404f,-0.06509360348819473f,0.2634953144621749f,-0.9624619691402885f,2.857826412322809f,0f,0f,0f,1f], start_interpolation: 0, interpolation_duration: 1 }
$data merge entity $(bone_eyelid_expressions_left6) { transformation: [-0.9978545833297389f,-0.010418307957655647f,0.0646350476686835f,-0.00026457733702983655f,0.007003807018702214f,0.9646044153515879f,0.26360817242920553f,4.704028324738858f,-0.06509360348819473f,0.2634953144621749f,-0.9624619691402885f,2.8651367291207994f,0f,0f,0f,1f], start_interpolation: 0, interpolation_duration: 1 }
$data merge entity $(bone_left_eye1) { transformation: [-0.9978545833297389f,-0.010418307957655647f,0.0646350476686835f,-0.2879261945796755f,0.007003807018702214f,0.9646044153515879f,0.26360817242920553f,4.6888766774307005f,-0.06509360348819473f,0.2634953144621749f,-0.9624619691402885f,2.2699131176768628f,0f,0f,0f,1f], start_interpolation: 0, interpolation_duration: 1 }
$data merge entity $(bone_crest_middle5) { transformation: [-0.9978545833297389f,0.003818232304275698f,0.06535787351118551f,-0.3331777372046687f,0.007003807018702214f,0.9987946902295192f,0.048580998925129126f,5.899856222511985f,-0.06509360348819473f,0.04893452637340226f,-0.9966786016131443f,3.0938946362013833f,0f,0f,0f,1f], start_interpolation: 0, interpolation_duration: 1 }
$data merge entity $(bone_crest_middle4) { transformation: [-0.9978545833297389f,0.003818232304275698f,0.06535787351118551f,-0.3357505695190732f,0.007003807018702214f,0.9987946902295192f,0.048580998925129126f,5.226840269134672f,-0.06509360348819473f,0.04893452637340226f,-0.9966786016131443f,3.0609211760474304f,0f,0f,0f,1f], start_interpolation: 0, interpolation_duration: 1 }
$data merge entity $(bone_crest_middle1) { transformation: [-0.9978545833297389f,0.003818232304275698f,0.06535787351118551f,-0.34318521391311607f,0.007003807018702214f,0.9987946902295192f,0.048580998925129126f,4.717986381215848f,-0.06509360348819473f,0.04893452637340226f,-0.9966786016131443f,3.120140198282414f,0f,0f,0f,1f], start_interpolation: 0, interpolation_duration: 1 }
$data merge entity $(bone_crest_left5) { transformation: [-0.5273601649988207f,-0.8314954654793087f,0.17466123571005815f,-1.4350193205650612f,-0.8097759697327837f,0.5541117909890345f,0.19293263573137184f,5.2629408060060285f,-0.25720446188926516f,-0.039691484908885105f,-0.965541532410689f,2.9481417559141123f,0f,0f,0f,1f], start_interpolation: 0, interpolation_duration: 1 }
$data merge entity $(bone_crest_left4) { transformation: [-0.5273601649988207f,-0.8314954654793087f,0.17466123571005815f,-0.968115128523457f,-0.8097759697327837f,0.5541117909890345f,0.19293263573137184f,4.9517940483705845f,-0.25720446188926516f,-0.039691484908885105f,-0.965541532410689f,2.970429454959629f,0f,0f,0f,1f], start_interpolation: 0, interpolation_duration: 1 }
$data merge entity $(bone_crest_left1) { transformation: [-0.5273601649988207f,-0.8314954654793087f,0.17466123571005815f,-0.4447128795303024f,-0.8097759697327837f,0.5541117909890345f,0.19293263573137184f,4.620366234653778f,-0.25720446188926516f,-0.039691484908885105f,-0.965541532410689f,2.94072850387687f,0f,0f,0f,1f], start_interpolation: 0, interpolation_duration: 1 }
$data merge entity $(bone_crest_center1) { transformation: [-0.9978545833297389f,-0.010418307957655647f,0.0646350476686835f,-0.332356629918227f,0.007003807018702214f,0.9646044153515879f,0.26360817242920553f,4.592497621593149f,-0.06509360348819473f,0.2634953144621749f,-0.9624619691402885f,2.9406409756313923f,0f,0f,0f,1f], start_interpolation: 0, interpolation_duration: 1 }
$data merge entity $(bone_crest_right5) { transformation: [-0.5449335886214828f,0.8372688723231949f,-0.0450357572464182f,0.7692502782214222f,0.8173022552689545f,0.5423989587017282f,0.194474659355818f,5.247469334365766f,0.18725492656908418f,0.06916794805346352f,-0.9798731486461298f,3.0919341016542083f,0f,0f,0f,1f], start_interpolation: 0, interpolation_duration: 1 }
$data merge entity $(bone_crest_right4) { transformation: [-0.5449335886214828f,0.8372688723231949f,-0.0450357572464182f,0.2991041829227532f,0.8173022552689545f,0.5423989587017282f,0.194474659355818f,4.942899606579151f,0.18725492656908418f,0.06916794805346352f,-0.9798731486461298f,3.053094677698406f,0f,0f,0f,1f], start_interpolation: 0, interpolation_duration: 1 }
$data merge entity $(bone_crest_right1) { transformation: [-0.5449335886214828f,0.8372688723231949f,-0.0450357572464182f,-0.22058538522772442f,0.8173022552689545f,0.5423989587017282f,0.194474659355818f,4.618793113936687f,0.18725492656908418f,0.06916794805346352f,-0.9798731486461298f,2.9553491374728513f,0f,0f,0f,1f], start_interpolation: 0, interpolation_duration: 1 }
$data merge entity $(bone_head1) { transformation: [-1.0459283067453637f,-0.010920231648323947f,0.0677489757464716f,-0.2474176786050588f,0.007341230013092812f,1.0110762426536821f,0.27630804531967496f,4.797536262566204f,-0.06822962344791242f,0.27618975018496184f,-1.0088305796327237f,1.6606277894905277f,0f,0f,0f,1f], start_interpolation: 0, interpolation_duration: 1 }
$data merge entity $(bone_neck10) { transformation: [-1.485666325434393f,-0.023071073718700947f,0.18562752142870187f,-0.10823674747149846f,0.04110691216226547f,1.409369562708302f,0.5041645953137928f,4.733942667914791f,-0.18248307572698547f,0.5053112337489668f,-1.397696235168552f,0.5131758518082443f,0f,0f,0f,1f], start_interpolation: 0, interpolation_duration: 1 }
$data merge entity $(bone_neck9) { transformation: [-1.1365347389573113f,-0.036665871322032695f,0.13832045952052638f,-0.06828614968461984f,0.0314467878041331f,1.016201952910542f,0.5277621044904034f,3.412912624769472f,-0.13959955293114396f,0.5274252110769202f,-1.0072352059178769f,-0.10965847574479731f,0f,0f,0f,1f], start_interpolation: 0, interpolation_duration: 1 }
$data merge entity $(bone_neck8) { transformation: [-1.0551837509690205f,0.036977837879466076f,0.12453926526853584f,-0.0997962185482159f,0.020045253386755f,1.0533116303824215f,-0.14290883287853418f,2.6315141138099465f,-0.12835722381123552f,-0.13948973511984306f,-1.0461152777244902f,0.02734652472503485f,0f,0f,0f,1f], start_interpolation: 0, interpolation_duration: 1 }
$data merge entity $(bone_neck7) { transformation: [-1.048936094893222f,0.04691123810330396f,0.10935729250386876f,-0.14455080511696647f,3.662570463927595e-18f,0.9701675436106887f,-0.41617490335002977f,1.7624775452576462f,-0.11899446072889944f,-0.41352253374879316f,-0.9639844631796826f,0.42185817658199143f,0f,0f,0f,1f], start_interpolation: 0, interpolation_duration: 1 }
$data merge entity $(bone_neck6) { transformation: [-1.0429846844257427f,0.030623292087288728f,0.11428768196478349f,-0.17063923460011665f,3.641789922288289e-18f,1.01390768862361f,-0.27167574636640235f,0.8642312351048402f,-0.11831931485242339f,-0.2699443000796246f,-1.0074458431107787f,0.6518276657189489f,0f,0f,0f,1f], start_interpolation: 0, interpolation_duration: 1 }
$data merge entity $(bone_neck_spine6) { transformation: [-1.2609672722291834f,-0.065967926232038f,-0.15998481050476787f,0.17946602470193398f,-0.148050582763477f,-0.19799456832738818f,1.2485449709053158f,0.7391341137338499f,-0.08959872670410525f,1.2555603339299175f,0.1884825842127261f,-1.9726235957142615f,0f,0f,0f,1f], start_interpolation: 0, interpolation_duration: 1 }
$data merge entity $(bone_neck_spine7) { transformation: [-0.8884111735513972f,0.3203467997150771f,-0.32879098926420897f,-0.3256975539406967f,-0.2434633990064993f,0.278395644221791f,0.9290971093607688f,1.2078055924995224f,0.3891672648787808f,0.9054688250793853f,-0.16933708027519187f,-5.512348847282439f,0f,0f,0f,1f], start_interpolation: 0, interpolation_duration: 1 }
$data merge entity $(bone_tail6) { transformation: [-0.8871997908154506f,0.7962462594857147f,-1.2426465156910693f,-2.13140998095296f,-0.9725651427398521f,0.7751276282029813f,1.1910483368238927f,-0.7002610577581314f,1.1100880648991593f,1.3154736758212062f,0.05035309242749465f,-8.524019970517836f,0f,0f,0f,1f], start_interpolation: 0, interpolation_duration: 1 }
$data merge entity $(bone_tail5) { transformation: [-0.7329041750214592f,0.6577686491403729f,-1.026534078179579f,-1.7159771499169347f,-0.8034233787850952f,0.640322823298115f,0.9839094956371286f,-0.2958466430435326f,0.9170292710036533f,1.0866956452436052f,0.04159603287488689f,-7.837685878785032f,0f,0f,0f,1f], start_interpolation: 0, interpolation_duration: 1 }
$data merge entity $(bone_tail4) { transformation: [-0.5400346552789699f,0.4846716362086958f,-0.756393531290216f,-1.5082607343989223f,-0.591996173841649f,0.471816817167032f,0.7249859441536736f,-0.09363943568623312f,0.6757057786342707f,0.8007231070216037f,0.030649708434127176f,-7.49451883291863f,0f,0f,0f,1f], start_interpolation: 0, interpolation_duration: 1 }
$data merge entity $(bone_segment18) { transformation: [-0.5152131866512408f,0.4623948032400974f,-0.721627617429672f,-1.2486152150014067f,-0.5647864118141447f,0.45013082681277095f,0.6916636088323247f,0.1591195735103912f,0.6446484943989068f,0.763919684711294f,0.029240964071316364f,-7.065560025585628f,0f,0f,0f,1f], start_interpolation: 0, interpolation_duration: 1 }
$data merge entity $(bone_segment17) { transformation: [-0.5152131866512408f,0.4623948032400974f,-0.721627617429672f,-0.911076039784636f,-0.5647864118141447f,0.45013082681277095f,0.6916636088323247f,0.4877062854660032f,0.6446484943989068f,0.763919684711294f,0.029240964071316364f,-6.507913576052725f,0f,0f,0f,1f], start_interpolation: 0, interpolation_duration: 1 }
$data merge entity $(bone_segment16) { transformation: [-0.7094275493231611f,0.6076230030398655f,-0.35708099702749396f,-0.33104529225390456f,-0.22059661802173935f,0.2897575244281992f,0.9313311490305759f,0.7643058754353049f,0.6693651353175669f,0.7394828349691811f,-0.07152239095023613f,-5.802010772163687f,0f,0f,0f,1f], start_interpolation: 0, interpolation_duration: 1 }
$data merge entity $(bone_segment15) { transformation: [-0.8884111735513972f,0.3945286170935202f,-0.2346758551775265f,0.13418254479729236f,-0.2434633990064993f,0.028441516027944508f,0.9694929878602705f,0.7978440889155227f,0.3891672648787808f,0.9184433844610711f,0.07078551749095488f,-4.718983050741086f,0f,0f,0f,1f], start_interpolation: 0, interpolation_duration: 1 }
$data merge entity $(bone_segment14) { transformation: [-1.024233906205016f,0.16764140320261847f,-0.14668491175796933f,0.3227791234002381f,-0.18615195426229178f,-0.2650688954197289f,0.9968756836388711f,0.49964158156832766f,0.12234195245097161f,1.0001550073055647f,0.28878643676125476f,-3.593808667522325f,0f,0f,0f,1f], start_interpolation: 0, interpolation_duration: 1 }
$data merge entity $(bone_segment13) { transformation: [-1.0161912723258713f,-0.02996645678513039f,-0.13620176702106096f,0.29041623813817713f,-0.11931135199174323f,-0.3318576344000995f,0.9631868580911288f,0.07359476287570738f,-0.07220603269683776f,0.9700856321899128f,0.3252902809554388f,-2.434361175758192f,0f,0f,0f,1f], start_interpolation: 0, interpolation_duration: 1 }
$data merge entity $(bone_segment12) { transformation: [-1.0982055493477334f,-0.13761839381303448f,-0.13956944600391552f,0.1241658295049811f,-0.11799142000996234f,-0.1701375396651804f,1.0961775055128564f,-0.13194051994128908f,-0.15651350541583303f,1.0938867749784145f,0.152935042882422f,-1.1128872194084294f,0f,0f,0f,1f], start_interpolation: 0, interpolation_duration: 1 }
$data merge entity $(bone_segment11) { transformation: [-1.1746939816707505f,-0.1821418253407001f,-0.06357079336789137f,-0.08115591237916643f,-0.12030459245433685f,0.3849781019283157f,1.1200185297357426f,0.3134932591047235f,-0.15081013010491423f,1.111638006447502f,-0.39829648273680457f,0.1724531602285636f,0f,0f,0f,1f], start_interpolation: 0, interpolation_duration: 1 }
$data merge entity $(bone_segment10) { transformation: [-1.0421884020427992f,-0.09579938891669541f,0.05780146845745363f,-0.1795490407471699f,-0.051266911882277354f,0.8901854231371796f,0.5510143502716681f,1.2247420798116697f,-0.09944966776568477f,0.5450390697394468f,-0.8897850156436817f,0.7303676011823138f,0f,0f,0f,1f], start_interpolation: 0, interpolation_duration: 1 }