# This file was generated by Animated Java via MC-Build. It is not recommended to edit this file directly.
$data merge entity $(bone_neck_spine5) { transformation: [-1.5710570316959287f,0.056606837011483474f,0.024385748275893182f,0.053839551872799166f,0.05544361061310673f,1.5696519527224702f,-0.07167948739605615f,4.160426990510274f,-0.02692591238198034f,-0.07076446053446962f,-1.5704415245160537f,-0.8859906000758784f,0f,0f,0f,1f], start_interpolation: 0, interpolation_duration: 1 }
$data merge entity $(bone_neck_spine2) { transformation: [-1.4962447920913602f,0.05284692232900655f,0.025553994283908813f,-0.026544656461658645f,0.05280343867914925f,1.4964615306635722f,-0.002994293192734972f,5.822195129218349f,-0.025643726078076506f,-0.0020908678625590708f,-1.4971747757922058f,0.6682669150138604f,0f,0f,0f,1f], start_interpolation: 0, interpolation_duration: 1 }
$data merge entity $(bone_scale_neck_left1) { transformation: [-1.5758203940169448f,0.45910146697426274f,0.13809782641313811f,0.7277351230254774f,0.47861504956999723f,1.4789788917713702f,0.5446137648439606f,4.893223141020294f,0.027799297887944694f,0.5611616180339525f,-1.5483474798378198f,0.6492326543409187f,0f,0f,0f,1f], start_interpolation: 0, interpolation_duration: 1 }
$data merge entity $(bone_scale_neck_right1) { transformation: [-1.6037548776724915f,-0.37266819591245637f,-0.04630106839716496f,-0.8433219086704506f,-0.36640579826846215f,1.5083325768244866f,0.5511213201491385f,4.9486667516334f,-0.08229315995035716f,0.5469061476003292f,-1.5515078415464183f,0.6223067419589383f,0f,0f,0f,1f], start_interpolation: 0, interpolation_duration: 1 }
$data merge entity $(bone_blush_right1) { transformation: [-0.9987903896461874f,0.029442854310161994f,0.03938116149236684f,-0.7726734640820477f,0.03720606320469278f,0.9761675099873427f,0.21380528830204404f,4.514303554100236f,-0.03214757240019389f,0.21501188519517322f,-0.9760821803585968f,1.9630788174419584f,0f,0f,0f,1f], start_interpolation: 0, interpolation_duration: 1 }
$data merge entity $(bone_blush_left1) { transformation: [-0.9987903896461874f,0.029442854310161994f,0.03938116149236684f,0.5509188784471283f,0.03720606320469278f,0.9761675099873427f,0.21380528830204404f,4.464998253544799f,-0.03214757240019389f,0.21501188519517322f,-0.9760821803585968f,2.00568062969495f,0f,0f,0f,1f], start_interpolation: 0, interpolation_duration: 1 }
$data merge entity $(bone_left_head_scales) { transformation: [-0.9041220923971507f,0.029442854310161994f,-0.4262585604647358f,0.5991078829182757f,-0.06572211425330932f,0.9761675099873427f,0.20682745500340788f,5.261203304843878f,0.42218934820465714f,0.21501188519517322f,-0.8806395650249567f,1.7793310239055535f,0f,0f,0f,1f], start_interpolation: 0, interpolation_duration: 1 }
$data merge entity $(bone_left_head_scales2) { transformation: [-0.8407492957630298f,0.029442854310161994f,-0.5406234734119857f,0.5660212849468085f,-0.09215625260322488f,0.9761675099873427f,0.1964795601360161f,4.348160803456713f,0.5335239889452957f,0.21501188519517322f,-0.8179988034494415f,1.7505841896597514f,0f,0f,0f,1f], start_interpolation: 0, interpolation_duration: 1 }
$data merge entity $(bone_left_head_scales1) { transformation: [-0.9987903896461874f,0.029442854310161994f,0.03938116149236684f,0.5958013123658649f,0.03720606320469278f,0.9761675099873427f,0.21380528830204404f,5.151575117687097f,-0.03214757240019389f,0.21501188519517322f,-0.9760821803585968f,1.7551841813299238f,0f,0f,0f,1f], start_interpolation: 0, interpolation_duration: 1 }
$data merge entity $(bone_right_head_scales) { transformation: [-0.86775369898378f,0.029442854310161994f,0.4961215941984766f,-0.746918228128344f,0.13172647649826158f,0.9761675099873427f,0.17246775882600407f,5.311344288459577f,-0.47921983816336355f,0.21501188519517322f,-0.8509513710756319f,1.7360071470381047f,0f,0f,0f,1f], start_interpolation: 0, interpolation_duration: 1 }
$data merge entity $(bone_right_head_scales2) { transformation: [-0.7955730832267163f,0.029442854310161994f,0.60514179129788f,-0.7800048260998111f,0.15311109807136394f,0.9761675099873427f,0.15379851784881718f,4.398301787072412f,-0.5861914882463902f,0.21501188519517322f,-0.7811206234201605f,1.7072603127923025f,0f,0f,0f,1f], start_interpolation: 0, interpolation_duration: 1 }
$data merge entity $(bone_right_head_scales1) { transformation: [-0.9987903896461874f,0.029442854310161994f,0.03938116149236684f,-0.7502247986807548f,0.03720606320469278f,0.9761675099873427f,0.21380528830204404f,5.201716101302796f,-0.03214757240019389f,0.21501188519517322f,-0.9760821803585968f,1.711860304462475f,0f,0f,0f,1f], start_interpolation: 0, interpolation_duration: 1 }
$data merge entity $(bone_head_left_fin1) { transformation: [-0.7464566125675764f,0.0644990921870163f,-0.7330195022551335f,0.5867186859988357f,0.13448871113593827f,1.0385138302015007f,-0.045574215104342966f,4.758478191889545f,0.7234573312617041f,-0.12650727098642803f,-0.7478506523741444f,1.582419996541124f,0f,0f,0f,1f], start_interpolation: 0, interpolation_duration: 1 }
$data merge entity $(bone_head_right_fin1) { transformation: [-0.7063840669393102f,0.02112130483574204f,0.7741128073359138f,-0.7593074250477839f,-0.08036876494059057f,1.0401297014739936f,-0.10171658546529827f,4.808619175505244f,-0.7702191958276412f,-0.1279034503789123f,-0.6993413299562417f,1.5390961196736752f,0f,0f,0f,1f], start_interpolation: 0, interpolation_duration: 1 }
$data merge entity $(bone_right_whisker16) { transformation: [0.25871895120017835f,0.8823060935427155f,-0.39319265200061004f,-1.3309390482325485f,0.9618539056709992f,-0.27277098188895615f,0.02080998762084607f,2.0629669211958053f,-0.08889076687330812f,-0.3835778261796787f,-0.9192205844235365f,1.660333275101935f,0f,0f,0f,1f], start_interpolation: 0, interpolation_duration: 1 }
$data merge entity $(bone_right_whisker15) { transformation: [-0.8409882430464012f,0.3716696294701175f,-0.39319265200061004f,-1.0475982827530481f,0.39598451610491425f,0.9180213545557518f,0.02080998762084607f,1.929554169187802f,0.3686936913792859f,-0.13819724711139686f,-0.9192205844235365f,1.5361151857212185f,0f,0f,0f,1f], start_interpolation: 0, interpolation_duration: 1 }
$data merge entity $(bone_right_whisker14) { transformation: [-0.6922640688144287f,-0.6051198207307534f,-0.39319265200061004f,-0.8143647830059997f,-0.6646596144273205f,0.7468564395950175f,0.02080998762084607f,2.153487340064194f,0.28106592816956283f,0.27574528317676583f,-0.9192205844235365f,1.4414201220312781f,0f,0f,0f,1f], start_interpolation: 0, interpolation_duration: 1 }
$data merge entity $(bone_right_whisker13) { transformation: [-0.12256951247142893f,-0.9783381698096365f,-0.1668266768417066f,-0.7730693906206062f,-0.9719153690482828f,0.08429913697267337f,0.21971383869343095f,2.4809392954564373f,-0.200891089947406f,0.1890716292815859f,-0.9611944074850574f,1.5091031552655116f,0f,0f,0f,1f], start_interpolation: 0, interpolation_duration: 1 }
$data merge entity $(bone_right_whisker12) { transformation: [0.01648114028901696f,-0.9905245433425048f,-0.13634332052174805f,-0.780473027859813f,-0.902267595916109f,-0.07349453393791877f,0.42486673068270886f,2.886254817059377f,-0.4308614131882074f,0.11601587183385939f,-0.8949294721418504f,1.7026541807211517f,0f,0f,0f,1f], start_interpolation: 0, interpolation_duration: 1 }
$data merge entity $(bone_right_whisker11) { transformation: [0.2697618869461063f,-0.9547692276510219f,-0.12507696143553876f,-0.9016551255113843f,-0.9489347690525419f,-0.28565271902196204f,0.1338855040643292f,3.312534107844699f,-0.16355833343023418f,0.08257267130250259f,-0.9830719330341466f,1.7761276508167647f,0f,0f,0f,1f], start_interpolation: 0, interpolation_duration: 1 }
$data merge entity $(bone_right_whisker10) { transformation: [0.07443028931911709f,-0.9971123761815701f,-0.015067889613864772f,-0.9350906070414564f,-0.9913150890062307f,-0.07233791645334026f,-0.10982540758749396f,3.757851432984216f,0.10841829338465953f,0.02311136319503152f,-0.9938366759940115f,1.7274241205853746f,0f,0f,0f,1f], start_interpolation: 0, interpolation_duration: 1 }
$data merge entity $(bone_right_whisker1) { transformation: [-0.3616775585257058f,-0.9313179483495548f,-0.04285116965569111f,-0.772618266297487f,-0.9240862962742842f,0.3520221180225452f,0.14881177863663209f,4.172968323888679f,-0.12350652086817654f,0.09342005943531342f,-0.9879366537375469f,1.782905565506626f,0f,0f,0f,1f], start_interpolation: 0, interpolation_duration: 1 }
$data merge entity $(bone_left_whisker16) { transformation: [0.2568968657387069f,-0.9457623662474121f,0.19884050634547468f,1.058080971444347f,-0.9657663317455453f,-0.258899835052153f,0.016317716651618852f,2.044839346535496f,0.036047091982340046f,-0.19622543667950898f,-0.979896007318916f,1.4154909078190407f,0f,0f,0f,1f], start_interpolation: 0, interpolation_duration: 1 }
$data merge entity $(bone_left_whisker15) { transformation: [-0.9041394684185932f,-0.37814583785097894f,0.19884050634547468f,0.7534636700728484f,-0.3827427129300571f,0.9237108572611985f,0.016317716651618852f,1.915887944229959f,-0.1898416112096704f,-0.061351263179853226f,-0.979896007318916f,1.3515305993548452f,0f,0f,0f,1f], start_interpolation: 0, interpolation_duration: 1 }
$data merge entity $(bone_left_whisker14) { transformation: [-0.7248223679940663f,0.6596173041178873f,0.19884050634547468f,0.5092608214810979f,0.6754122828737035f,0.7372597780067828f,0.016317716651618852f,2.1434438403153373f,-0.13583365929992045f,0.14612676634224275f,-0.979896007318916f,1.3057663293758681f,0f,0f,0f,1f], start_interpolation: 0, interpolation_duration: 1 }
$data merge entity $(bone_left_whisker13) { transformation: [-0.06466531674361571f,0.9975050542031103f,-0.028320728269196602f,0.487474166914157f,0.9733360826955739f,0.06930669435379566f,0.21866287348469882f,2.471374454114139f,0.2200801375255925f,-0.013425682738668458f,-0.9753894012699325f,1.3799144225851743f,0f,0f,0f,1f], start_interpolation: 0, interpolation_duration: 1 }
$data merge entity $(bone_left_whisker12) { transformation: [0.11707817188815017f,0.9922491369724666f,-0.041645550119118586f,0.540067876942037f,0.9012541651440229f,-0.0885395639620982f,0.424148176259138f,2.8762347236124306f,0.41717338299306683f,-0.0871917185906826f,-0.9046347178454537f,1.567316528226591f,0f,0f,0f,1f], start_interpolation: 0, interpolation_duration: 1 }
$data merge entity $(bone_left_whisker11) { transformation: [0.3115484707710877f,0.947271830972629f,-0.07492415235396316f,0.6800212915462366f,0.9445238613064637f,-0.3000851603632598f,0.133504951041097f,3.300532551933694f,0.10398185314239083f,-0.1123609130237018f,-0.9882119203093812f,1.6140271263178996f,0f,0f,0f,1f], start_interpolation: 0, interpolation_duration: 1 }
$data merge entity $(bone_left_whisker10) { transformation: [0.06577072956874366f,0.979872734729164f,-0.18847714680136907f,0.7095667364696956f,0.9902512618233658f,-0.08733902356218727f,-0.10850960059108367f,3.745371985955909f,-0.12278700904097295f,-0.17950297684883493f,-0.9760645632913733f,1.558868899600275f,0f,0f,0f,1f], start_interpolation: 0, interpolation_duration: 1 }
$data merge entity $(bone_left_whisker1) { transformation: [-0.315189914254816f,0.9360869568462424f,-0.15619387687865097f,0.5679775171755399f,0.9292222790399802f,0.33785249132994777f,0.1496718084272839f,4.1627960566184f,0.1928763181103053f,-0.09796378578071131f,-0.9763205531933268f,1.6455125581263887f,0f,0f,0f,1f], start_interpolation: 0, interpolation_duration: 1 }
$data merge entity $(bone_upper_left_tooth1) { transformation: [-0.9987903896461874f,0.032763109740603785f,0.0366651904473774f,0.17071740760308068f,0.03720606320469278f,0.9910872566041536f,0.1279130902513945f,4.4098118982538494f,-0.03214757240019389f,0.12912253264623547f,-0.9911074135288246f,2.7500038055638614f,0f,0f,0f,1f], start_interpolation: 0, interpolation_duration: 1 }
$data merge entity $(bone_upper_right_tooth1) { transformation: [-0.9987903896461874f,0.032763109740603785f,0.0366651904473774f,-0.5022956479202292f,0.03720606320469278f,0.9910872566041536f,0.1279130902513945f,4.434882390061699f,-0.03214757240019389f,0.12912253264623547f,-0.9911074135288246f,2.728341867130137f,0f,0f,0f,1f], start_interpolation: 0, interpolation_duration: 1 }
$data merge entity $(bone_top_lip1) { transformation: [-0.9987903896461874f,0.04552024955675769f,0.018592052891163027f,-0.13369915469043195f,0.03720606320469278f,0.9468567336616267f,-0.31949653328392214f,4.543736646063496f,-0.03214757240019389f,-0.318418329874281f,-0.9474050352351143f,2.7560266009139536f,0f,0f,0f,1f], start_interpolation: 0, interpolation_duration: 1 }
$data merge entity $(bone_muzzle1) { transformation: [-0.9987903896461874f,0.032763109740603785f,0.0366651904473774f,-0.10759161471240836f,0.03720606320469278f,0.9910872566041536f,0.1279130902513945f,4.78251846115995f,-0.03214757240019389f,0.12912253264623547f,-0.9911074135288246f,2.2212481576545797f,0f,0f,0f,1f], start_interpolation: 0, interpolation_duration: 1 }
$data merge entity $(bone_jaw_right_tooth1) { transformation: [-0.9987903896461874f,0.046967435443188196f,0.014553953356639938f,-0.5109130715489669f,0.03720606320469278f,0.9154077002625183f,-0.4008047544140368f,4.229494935548575f,-0.03214757240019389f,-0.3997784415247748f,-0.9160478870019826f,2.7583703021799115f,0f,0f,0f,1f], start_interpolation: 0, interpolation_duration: 1 }
$data merge entity $(bone_jaw_left_tooth1) { transformation: [-0.9987903896461874f,0.046967435443188196f,0.014553953356639938f,0.21818440526795196f,0.03720606320469278f,0.9154077002625183f,-0.4008047544140368f,4.202335236090072f,-0.03214757240019389f,-0.3997784415247748f,-0.9160478870019826f,2.7818374021497796f,0f,0f,0f,1f], start_interpolation: 0, interpolation_duration: 1 }
$data merge entity $(bone_tongue1) { transformation: [-0.9987903896461874f,0.03494035626519085f,0.0345966624760083f,-0.11890626514378166f,0.03720606320469278f,0.9970475864363061f,0.06717007698630204f,4.265587555134597f,-0.03214757240019389f,0.06837603297646691f,-0.9971415404561059f,1.9745110245910338f,0f,0f,0f,1f], start_interpolation: 0, interpolation_duration: 1 }
$data merge entity $(bone_jaw_lips1) { transformation: [-0.9987903896461874f,0.03494035626519085f,0.0345966624760083f,-0.09841733089699672f,0.03720606320469278f,0.9970475864363061f,0.06717007698630204f,4.074381504495576f,-0.03214757240019389f,0.06837603297646691f,-0.9971415404561059f,2.8633547720850476f,0f,0f,0f,1f], start_interpolation: 0, interpolation_duration: 1 }
$data merge entity $(bone_jaw3) { transformation: [-0.9987903896461874f,0.04372662708532208f,0.022488655676995886f,-0.08189572391913696f,0.03720606320469278f,0.9710996155898426f,-0.2357567506182356f,3.7807741707279403f,-0.03214757240019389f,-0.23463486246719956f,-0.9715518590913061f,2.010239179184095f,0f,0f,0f,1f], start_interpolation: 0, interpolation_duration: 1 }
$data merge entity $(bone_jaw1) { transformation: [-0.9987903896461874f,0.015017513601473456f,0.04682127545941974f,-0.039829734248564536f,0.03720606320469278f,0.8533763204638873f,0.5199659263185672f,4.247931057654778f,-0.03214757240019389f,0.52107900548453f,-0.8529028101911894f,1.243959310652948f,0f,0f,0f,1f], start_interpolation: 0, interpolation_duration: 1 }
$data merge entity $(bone_tear_right1) { transformation: [-0.9987903896461874f,0.029442854310161994f,0.03938116149236684f,-0.7089964659863094f,0.03720606320469278f,0.9761675099873427f,0.21380528830204404f,4.874302799018571f,-0.03214757240019389f,0.21501188519517322f,-0.9760821803585968f,2.1480546718083477f,0f,0f,0f,1f], start_interpolation: 0, interpolation_duration: 1 }
$data merge entity $(bone_right_pupil1) { transformation: [-0.9987903896461874f,0.029442854310161994f,0.03938116149236684f,-0.5232652775261571f,0.03720606320469278f,0.9761675099873427f,0.21380528830204404f,4.962629812645958f,-0.03214757240019389f,0.21501188519517322f,-0.9760821803585968f,2.243929698443913f,0f,0f,0f,1f], start_interpolation: 0, interpolation_duration: 1 }
$data merge entity $(bone_right_sad_pupil1) { transformation: [-0.9987903896461874f,0.029442854310161994f,0.03938116149236684f,-0.5228230086226784f,0.03720606320469278f,0.9761675099873427f,0.21380528830204404f,4.965030946254819f,-0.03214757240019389f,0.21501188519517322f,-0.9760821803585968f,2.232967838019964f,0f,0f,0f,1f], start_interpolation: 0, interpolation_duration: 1 }
$data merge entity $(bone_right_happy_pupil1) { transformation: [-0.9987903896461874f,0.029442854310161994f,0.03938116149236684f,-0.5516914923862636f,0.03720606320469278f,0.9761675099873427f,0.21380528830204404f,4.93866884073022f,-0.03214757240019389f,0.21501188519517322f,-0.9760821803585968f,2.2260286354309144f,0f,0f,0f,1f], start_interpolation: 0, interpolation_duration: 1 }
$data merge entity $(bone_eyelid_right1) { transformation: [-0.9987903896461874f,0.029442854310161994f,0.03938116149236684f,-0.07051244582386056f,0.03720606320469278f,0.9761675099873427f,0.21380528830204404f,5.014186620838505f,-0.03214757240019389f,0.21501188519517322f,-0.9760821803585968f,1.6867011509160346f,0f,0f,0f,1f], start_interpolation: 0, interpolation_duration: 1 }
$data merge entity $(bone_eyelid_expressions_right5) { transformation: [-0.9987903896461874f,0.029442854310161994f,0.03938116149236684f,-0.6485102481052725f,0.03720606320469278f,0.9761675099873427f,0.21380528830204404f,5.079464297637176f,-0.03214757240019389f,0.21501188519517322f,-0.9760821803585968f,2.252962820615497f,0f,0f,0f,1f], start_interpolation: 0, interpolation_duration: 1 }
$data merge entity $(bone_eyelid_expressions_right7) { transformation: [-0.9987903896461874f,0.029442854310161994f,0.03938116149236684f,-0.3120037203436175f,0.03720606320469278f,0.9761675099873427f,0.21380528830204404f,5.0669290517332515f,-0.03214757240019389f,0.21501188519517322f,-0.9760821803585968f,2.263793789832359f,0f,0f,0f,1f], start_interpolation: 0, interpolation_duration: 1 }
$data merge entity $(bone_eyelid_expressions_right6) { transformation: [-0.9987903896461874f,0.029442854310161994f,0.03938116149236684f,-0.42417256293083583f,0.03720606320469278f,0.9761675099873427f,0.21380528830204404f,5.07110746703456f,-0.03214757240019389f,0.21501188519517322f,-0.9760821803585968f,2.2601834667600715f,0f,0f,0f,1f], start_interpolation: 0, interpolation_duration: 1 }
$data merge entity $(bone_right_eye1) { transformation: [-0.9987903896461874f,0.029442854310161994f,0.03938116149236684f,-0.08217159898606112f,0.03720606320469278f,0.9761675099873427f,0.21380528830204404f,5.0122033287597745f,-0.03214757240019389f,0.21501188519517322f,-0.9760821803585968f,1.6973019790327548f,0f,0f,0f,1f], start_interpolation: 0, interpolation_duration: 1 }
$data merge entity $(bone_tear_left1) { transformation: [-0.9987903896461874f,0.029442854310161994f,0.03938116149236684f,0.5024270339556484f,0.03720606320469278f,0.9761675099873427f,0.21380528830204404f,4.829175913764442f,-0.03214757240019389f,0.21501188519517322f,-0.9760821803585968f,2.187046160989052f,0f,0f,0f,1f], start_interpolation: 0, interpolation_duration: 1 }
$data merge entity $(bone_left_sad_pupil1) { transformation: [-0.9987903896461874f,0.029442854310161994f,0.03938116149236684f,0.3184433107814589f,0.03720606320469278f,0.9761675099873427f,0.21380528830204404f,4.933692831495007f,-0.03214757240019389f,0.21501188519517322f,-0.9760821803585968f,2.2600452610621193f,0f,0f,0f,1f], start_interpolation: 0, interpolation_duration: 1 }
$data merge entity $(bone_left_pupil1) { transformation: [-0.9987903896461874f,0.029442854310161994f,0.03938116149236684f,0.3180010418779801f,0.03720606320469278f,0.9761675099873427f,0.21380528830204404f,4.931291697886146f,-0.03214757240019389f,0.21501188519517322f,-0.9760821803585968f,2.2710071214860683f,0f,0f,0f,1f], start_interpolation: 0, interpolation_duration: 1 }
$data merge entity $(bone_eyelid_left1) { transformation: [-0.9987903896461874f,0.029442854310161994f,0.03938116149236684f,-0.09294621434130422f,0.03720606320469278f,0.9761675099873427f,0.21380528830204404f,5.015022303898766f,-0.03214757240019389f,0.21501188519517322f,-0.9760821803585968f,1.685979086301577f,0f,0f,0f,1f], start_interpolation: 0, interpolation_duration: 1 }
$data merge entity $(bone_left_happy_pupil1) { transformation: [-0.9987903896461874f,0.029442854310161994f,0.03938116149236684f,0.34565924831148276f,0.03720606320469278f,0.9761675099873427f,0.21380528830204404f,4.905241518319754f,-0.03214757240019389f,0.21501188519517322f,-0.9760821803585968f,2.254911220009214f,0f,0f,0f,1f], start_interpolation: 0, interpolation_duration: 1 }
$data merge entity $(bone_eyelid_expressions_left5) { transformation: [-0.9987903896461874f,0.029442854310161994f,0.03938116149236684f,0.45074440924946696f,0.03720606320469278f,0.9761675099873427f,0.21380528830204404f,5.038515827684355f,-0.03214757240019389f,0.21501188519517322f,-0.9760821803585968f,2.2883439867239135f,0f,0f,0f,1f], start_interpolation: 0, interpolation_duration: 1 }
$data merge entity $(bone_eyelid_expressions_left7) { transformation: [-0.9987903896461874f,0.029442854310161994f,0.03938116149236684f,0.11423788148781204f,0.03720606320469278f,0.9761675099873427f,0.21380528830204404f,5.05105107358828f,-0.03214757240019389f,0.21501188519517322f,-0.9760821803585968f,2.2775130175070513f,0f,0f,0f,1f], start_interpolation: 0, interpolation_duration: 1 }
$data merge entity $(bone_eyelid_expressions_left6) { transformation: [-0.9987903896461874f,0.029442854310161994f,0.03938116149236684f,0.22640672407503037f,0.03720606320469278f,0.9761675099873427f,0.21380528830204404f,5.046872658286971f,-0.03214757240019389f,0.21501188519517322f,-0.9760821803585968f,2.2811233405793385f,0f,0f,0f,1f], start_interpolation: 0, interpolation_duration: 1 }
$data merge entity $(bone_left_eye1) { transformation: [-0.9987903896461874f,0.029442854310161994f,0.03938116149236684f,-0.08217159898606112f,0.03720606320469278f,0.9761675099873427f,0.21380528830204404f,5.0122033287597745f,-0.03214757240019389f,0.21501188519517322f,-0.9760821803585968f,1.6973019790327548f,0f,0f,0f,1f], start_interpolation: 0, interpolation_duration: 1 }
$data merge entity $(bone_crest_middle5) { transformation: [-0.9987903896461874f,0.03726858449106704f,0.03207507070061576f,-0.06014758148048096f,0.03720606320469278f,0.9993043763388696f,-0.0025440697301678528f,6.262949492935002f,-0.03214757240019389f,-0.001347605289299253f,-0.9994822247287638f,2.4605933251379355f,0f,0f,0f,1f], start_interpolation: 0, interpolation_duration: 1 }
$data merge entity $(bone_crest_middle4) { transformation: [-0.9987903896461874f,0.03726858449106704f,0.03207507070061576f,-0.08526020188950074f,0.03720606320469278f,0.9993043763388696f,-0.0025440697301678528f,5.5895900987222875f,-0.03214757240019389f,-0.001347605289299253f,-0.9994822247287638f,2.461501379483264f,0f,0f,0f,1f], start_interpolation: 0, interpolation_duration: 1 }
$data merge entity $(bone_crest_middle1) { transformation: [-0.9987903896461874f,0.03726858449106704f,0.03207507070061576f,-0.10679631431692391f,0.03720606320469278f,0.9993043763388696f,-0.0025440697301678528f,5.084784837194045f,-0.03214757240019389f,-0.001347605289299253f,-0.9994822247287638f,2.5463676836136613f,0f,0f,0f,1f], start_interpolation: 0, interpolation_duration: 1 }
$data merge entity $(bone_crest_left5) { transformation: [-0.5614815366429737f,-0.8143400998097918f,0.1469308880080134f,-1.1860897284530139f,-0.8033005244157809f,0.5790253098649271f,0.13942007749659713f,5.6568993435981705f,-0.19861206278163668f,-0.03974786003804168f,-0.9792718499681382f,2.383667888013309f,0f,0f,0f,1f], start_interpolation: 0, interpolation_duration: 1 }
$data merge entity $(bone_crest_left4) { transformation: [-0.5614815366429737f,-0.8143400998097918f,0.1469308880080134f,-0.7288186763137265f,-0.8033005244157809f,0.5790253098649271f,0.13942007749659713f,5.331763061203314f,-0.19861206278163668f,-0.03974786003804168f,-0.9792718499681382f,2.405987243015139f,0f,0f,0f,1f], start_interpolation: 0, interpolation_duration: 1 }
$data merge entity $(bone_crest_left1) { transformation: [-0.5614815366429737f,-0.8143400998097918f,0.1469308880080134f,-0.2175700052295924f,-0.8033005244157809f,0.5790253098649271f,0.13942007749659713f,4.981941914686213f,-0.19861206278163668f,-0.03974786003804168f,-0.9792718499681382f,2.375550123973043f,0f,0f,0f,1f], start_interpolation: 0, interpolation_duration: 1 }
$data merge entity $(bone_crest_center1) { transformation: [-0.9987903896461874f,0.029442854310161994f,0.03938116149236684f,-0.10622779469945104f,0.03720606320469278f,0.9761675099873427f,0.21380528830204404f,4.950356803405908f,-0.03214757240019389f,0.21501188519517322f,-0.9760821803585968f,2.3731238136713193f,0f,0f,0f,1f], start_interpolation: 0, interpolation_duration: 1 }
$data merge entity $(bone_crest_right5) { transformation: [-0.5118178337119623f,0.8559892357730183f,-0.07297214081495901f,1.0202470747620112f,0.8432821307917981f,0.5168036670892479f,0.14761171217200605f,5.574710820958963f,0.164066306661786f,0.014014204359512089f,-0.9863497600215306f,2.4546821597322164f,0f,0f,0f,1f], start_interpolation: 0, interpolation_duration: 1 }
$data merge entity $(bone_crest_right4) { transformation: [-0.5118178337119623f,0.8559892357730183f,-0.07297214081495901f,0.5395890566277479f,0.8432821307917981f,0.5168036670892479f,0.14761171217200605f,5.284513449302403f,0.164066306661786f,0.014014204359512089f,-0.9863497600215306f,2.4468128555264355f,0f,0f,0f,1f], start_interpolation: 0, interpolation_duration: 1 }
$data merge entity $(bone_crest_right1) { transformation: [-0.5118178337119623f,0.8559892357730183f,-0.07297214081495901f,0.006767679944844174f,0.8432821307917981f,0.5168036670892479f,0.14761171217200605f,4.973585084083596f,0.164066306661786f,0.014014204359512089f,-0.9863497600215306f,2.3827707701176175f,0f,0f,0f,1f], start_interpolation: 0, interpolation_duration: 1 }
$data merge entity $(bone_head1) { transformation: [-1.0469091974807037f,0.030861325155833844f,0.041278430991348036f,-0.05950009457093641f,0.03899854281221051f,1.023196413463295f,0.22410580349367887f,5.08945158366873f,-0.03369634867468238f,0.22537053070587806f,-1.0231069729019142f,1.0823262344277405f,0f,0f,0f,1f], start_interpolation: 0, interpolation_duration: 1 }
$data merge entity $(bone_neck10) { transformation: [-1.4962447920913602f,0.049059344012622845f,0.03223328386251117f,-0.05125168302268406f,0.05280343867914925f,1.4840499285088238f,0.19235874880192239f,4.781292213637452f,-0.025643726078076506f,0.1933475423739203f,-1.4846391510582044f,-0.03348342341340649f,0f,0f,0f,1f], start_interpolation: 0, interpolation_duration: 1 }
$data merge entity $(bone_neck9) { transformation: [-1.1446272659498913f,0.0352384570897655f,0.027835618989820465f,-0.09752793318561169f,0.0403946305895492f,1.1181526881564336f,0.2455422332036021f,3.3441592663202524f,-0.019617450449728537f,0.24633506776139494f,-1.1185358011826794f,-0.292609695992504f,0f,0f,0f,1f], start_interpolation: 0, interpolation_duration: 1 }
$data merge entity $(bone_neck8) { transformation: [-1.0625033987774632f,0.03655072689469089f,0.006380387662779492f,-0.12500000000000003f,0.033059403788966865f,1.0155943770517062f,-0.31267439057107593f,2.5962461198332742f,-0.016844607575591412f,-0.3122855152922489f,-1.0161122740776227f,-0.027622718236643973f,0f,0f,0f,1f], start_interpolation: 0, interpolation_duration: 1 }
$data merge entity $(bone_neck7) { transformation: [-1.0556640625f,1.1605783194638178e-16f,2.277763202241202e-16f,-0.12500000000000014f,0f,0.9406035670386972f,-0.479261455291455f,1.7552912739909399f,-2.556393404993362e-16f,-0.479261455291455f,-0.9406035670386972f,0.4258769192552695f,0f,0f,0f,1f], start_interpolation: 0, interpolation_duration: 1 }
$data merge entity $(bone_neck6) { transformation: [-1.0496744791666666f,6.578892954478313e-17f,2.4552762763669993e-16f,-0.1250000000000002f,0f,1.01390768862361f,-0.27167574636640235f,0.8570449638381339f,-2.5418890452487183e-16f,-0.27167574636640235f,-1.01390768862361f,0.6573214527547895f,0f,0f,0f,1f], start_interpolation: 0, interpolation_duration: 1 }
$data merge entity $(bone_neck_spine6) { transformation: [-1.2187427493170373f,-0.29164439379680107f,-0.2226994096776095f,0.008577195790968328f,-0.21662632448762803f,-0.0516535959380716f,1.2531521496140672f,0.35007687043483193f,-0.29618324571595916f,1.2378452335046868f,-0.00017709770438788055f,-1.9746144945616508f,0f,0f,0f,1f], start_interpolation: 0, interpolation_duration: 1 }
$data merge entity $(bone_neck_spine7) { transformation: [-0.9750541270289482f,-0.1253166841284388f,-0.18320801850047083f,0.6501805205697051f,-0.2032210076064826f,0.17201589052302357f,0.9639044327499366f,0.7198250995440074f,-0.08927861687560879f,0.9770907133355756f,-0.19319178678751864f,-5.4878061337099f,0f,0f,0f,1f], start_interpolation: 0, interpolation_duration: 1 }
$data merge entity $(bone_tail6) { transformation: [-1.386887903129435f,0.1924281900274233f,-1.0024047452816334f,0.2455869004295546f,-0.9704090795767734f,0.27574731415459197f,1.3955542176994113f,-0.09943728387825496f,0.3164650058937418f,1.6888566392522562f,-0.11364457587309346f,-9.312615132557836f,0f,0f,0f,1f], start_interpolation: 0, interpolation_duration: 1 }
$data merge entity $(bone_tail5) { transformation: [-1.1456900069330114f,0.158962417848741f,-0.8280734852326537f,0.34598421696560155f,-0.8016422831286388f,0.22779125951901075f,1.1528491363603832f,0.04443088002848866f,0.2614276135643954f,1.3951424411214288f,-0.09388030180820763f,-8.431472538165355f,0f,0f,0f,1f], start_interpolation: 0, interpolation_duration: 1 }
$data merge entity $(bone_tail4) { transformation: [-0.844192636687482f,0.11713020262538809f,-0.6101594101714289f,0.39618287523362505f,-0.5906837875684706f,0.16784619122453423f,0.849467784686598f,0.11636496198186047f,0.19263087315271238f,1.0279996934578948f,-0.06917495922710035f,-7.990901240969115f,0f,0f,0f,1f], start_interpolation: 0, interpolation_duration: 1 }
$data merge entity $(bone_segment18) { transformation: [-0.8053912359950139f,0.1117465784053392f,-0.5821148161635497f,0.4589311980686544f,-0.5635343464007273f,0.16013152156576682f,0.8104239237755371f,0.20628256442357523f,0.18377703177799146f,0.980750018106414f,-0.06599548905144481f,-7.440187119473814f,0f,0f,0f,1f], start_interpolation: 0, interpolation_duration: 1 }
$data merge entity $(bone_segment17) { transformation: [-0.8053912359950139f,0.1117465784053392f,-0.5821148161635497f,0.5405040177541927f,-0.5635343464007273f,0.16013152156576682f,0.8104239237755371f,0.3231754475978046f,0.18377703177799146f,0.980750018106414f,-0.06599548905144481f,-6.724258761529922f,0f,0f,0f,1f], start_interpolation: 0, interpolation_duration: 1 }
$data merge entity $(bone_segment16) { transformation: [-0.9493261575902658f,0.23509044438453566f,-0.20859609170351986f,0.7649189683263448f,-0.21907502898692324f,-0.019072076069482143f,0.9755215977049296f,0.3049694374826495f,0.22535744538239783f,0.9717863648320454f,0.06960806661040142f,-5.796601367366518f,0f,0f,0f,1f], start_interpolation: 0, interpolation_duration: 1 }
$data merge entity $(bone_segment15) { transformation: [-0.9750541270289482f,-0.07362889726115161f,-0.20939970117438694f,0.6780958301985708f,-0.2032210076064826f,-0.08332223366612407f,0.9755811741953069f,0.20671592463905103f,-0.08927861687560879f,0.9937988684160364f,0.0662807491190591f,-4.624714518135694f,0f,0f,0f,1f], start_interpolation: 0, interpolation_duration: 1 }
$data merge entity $(bone_segment14) { transformation: [-1.0036704994375594f,-0.19879211482306783f,-0.22760145357203745f,0.45445470102261953f,-0.17839814957804653f,-0.2474335214410255f,1.0028090300349288f,-0.07164678698210264f,-0.24391561411902488f,0.9989662384568548f,0.203093145225222f,-3.5008774998717325f,0f,0f,0f,1f], start_interpolation: 0, interpolation_duration: 1 }
$data merge entity $(bone_segment13) { transformation: [-0.9821632744496124f,-0.20029586438917382f,-0.2175556959819646f,0.21917737104484786f,-0.17457533208708848f,-0.2163604323251725f,0.9873222516351666f,-0.35925176790047686f,-0.2386888509593318f,0.9824272705171849f,0.17308351277650832f,-2.3223998008174824f,0f,0f,0f,1f], start_interpolation: 0, interpolation_duration: 1 }
$data merge entity $(bone_segment12) { transformation: [-1.0869860688029265f,-0.1681769184401316f,-0.1861496481974039f,0.016010623935964016f,-0.18974664320316503f,0.009660890776407484f,1.0992619159118602f,-0.34758089313703155f,-0.16410782678826355f,1.1027679141528666f,-0.038018809732100305f,-0.9901969515052949f,0f,0f,0f,1f], start_interpolation: 0, interpolation_duration: 1 }
$data merge entity $(bone_segment11) { transformation: [-1.1813231363093053f,-0.10577416962562786f,-0.10203094404004315f,-0.10932951914950563f,-0.13896381658026982f,0.5349797798192142f,1.0543284752615656f,0.2703094083230344f,-0.047828298978101196f,1.058173568516026f,-0.543234749985922f,0.23256707925606324f,0f,0f,0f,1f], start_interpolation: 0, interpolation_duration: 1 }
$data merge entity $(bone_segment10) { transformation: [-1.0478178992256817f,-0.01835965731974841f,-0.020390465187287612f,-0.1250000000000002f,-0.02578335879359385f,0.9252595858799473f,0.4918385051739674f,1.2175558085449634f,0.009384375140273645f,0.4921715348793989f,-0.9253941386149237f,0.7363651502149133f,0f,0f,0f,1f], start_interpolation: 0, interpolation_duration: 1 }