# This file was generated by Animated Java via MC-Build. It is not recommended to edit this file directly.
$data merge entity $(bone_neck_spine5) { transformation: [-1.5713504889503886f,0.05258401443884369f,-0.010571558897000073f,0.03859643693986996f,0.05299184360290215f,1.5699095519699897f,-0.0677868623082253f,4.164736985316654f,0.008288603234732739f,-0.06810371220076218f,-1.57076808568214f,-0.8859521764791845f,0f,0f,0f,1f], start_interpolation: 0, interpolation_duration: 1 }
$data merge entity $(bone_neck_spine2) { transformation: [-1.4965242751908459f,0.050516298293157076f,-0.007581494265546066f,-0.009744456768215642f,0.05046842247895441f,1.4965156192988793f,0.009392614705503448f,5.8184619459592355f,0.007893907842602606f,0.009131620079539021f,-1.4973471813235975f,0.6798578730531781f,0f,0f,0f,1f], start_interpolation: 0, interpolation_duration: 1 }
$data merge entity $(bone_scale_neck_left1) { transformation: [-1.5755438586332222f,0.4691626658642893f,0.10297098290257622f,0.7453384781744434f,0.47568901018853577f,1.4750807972855569f,0.5575945551231023f,4.890962552545818f,0.06660777692327406f,0.5630968968802722f,-1.546460594265117f,0.6364541836328543f,0f,0f,0f,1f], start_interpolation: 0, interpolation_duration: 1 }
$data merge entity $(bone_scale_neck_right1) { transformation: [-1.6046253249325837f,-0.3627623630191375f,-0.0814623557199531f,-0.8260120107759445f,-0.36844175428265813f,1.5031364356233652f,0.5638143403996351f,4.94395439614872f,-0.049832932121139574f,0.5674851581459459f,-1.5454877401642344f,0.644742786867587f,0f,0f,0f,1f], start_interpolation: 0, interpolation_duration: 1 }
$data merge entity $(bone_blush_right1) { transformation: [-0.999032124306746f,0.03156607797717004f,0.030633271524436494f,-0.7377423840783215f,0.03757291641606266f,0.9745122505326836f,0.2211654347173534f,4.500581100119526f,-0.02287117301631469f,0.22210235541944046f,-0.9747550734220336f,1.971234175117341f,0f,0f,0f,1f], start_interpolation: 0, interpolation_duration: 1 }
$data merge entity $(bone_blush_left1) { transformation: [-0.999032124306746f,0.03156607797717004f,0.030633271524436494f,0.5861703040898956f,0.03757291641606266f,0.9745122505326836f,0.2211654347173534f,4.450789647408006f,-0.02287117301631469f,0.22210235541944046f,-0.9747550734220336f,2.0015429463899377f,0f,0f,0f,1f], start_interpolation: 0, interpolation_duration: 1 }
$data merge entity $(bone_left_head_scales) { transformation: [-0.9002971875983964f,0.03156607797717004f,-0.43412965427802486f,0.6324734334903331f,-0.06879524888111394f,0.9745122505326836f,0.213525378569176f,5.248675298001884f,0.4298048251634731f,0.22210235541944046f,-0.8751790422441186f,1.7807867082193818f,0f,0f,0f,1f], start_interpolation: 0, interpolation_duration: 1 }
$data merge entity $(bone_left_head_scales2) { transformation: [-0.8359297296510054f,0.03156607797717004f,-0.5479279786675767f,0.5989528953292377f,-0.09607735059709233f,0.9745122505326836f,0.20271905747602453f,4.335880075366325f,0.5403615731969109f,0.22210235541944046f,-0.8115909769885911f,1.7454459691367799f,0f,0f,0f,1f], start_interpolation: 0, interpolation_duration: 1 }
$data merge entity $(bone_left_head_scales1) { transformation: [-0.999032124306746f,0.03156607797717004f,0.030633271524436494f,0.6289284149675064f,0.03757291641606266f,0.9745122505326836f,0.2211654347173534f,5.139233004240889f,-0.02287117301631469f,0.22210235541944046f,-0.9747550734220336f,1.7558435726009876f,0f,0f,0f,1f], start_interpolation: 0, interpolation_duration: 1 }
$data merge entity $(bone_right_head_scales) { transformation: [-0.8720074463078747f,0.03156607797717004f,0.4884737416737551f,-0.7138784527824301f,0.13545041667140878f,0.9745122505326836f,0.17882689446855046f,5.2993106736407185f,-0.4703787816294022f,0.22210235541944046f,-0.8540575773974348f,1.749964228959114f,0f,0f,0f,1f], start_interpolation: 0, interpolation_duration: 1 }
$data merge entity $(bone_right_head_scales2) { transformation: [-0.800788684221485f,0.03156607797717004f,0.5981145926525805f,-0.7473989909435256f,0.15763321318132661f,0.9745122505326836f,0.15961717847354268f,4.38651545100516f,-0.5778315094601136f,0.22210235541944046f,-0.7853542451608592f,1.714623489876512f,0f,0f,0f,1f], start_interpolation: 0, interpolation_duration: 1 }
$data merge entity $(bone_right_head_scales1) { transformation: [-0.999032124306746f,0.03156607797717004f,0.030633271524436494f,-0.7174234713052569f,0.03757291641606266f,0.9745122505326836f,0.2211654347173534f,5.189868379879724f,-0.02287117301631469f,0.22210235541944046f,-0.9747550734220336f,1.7250210933407197f,0f,0f,0f,1f], start_interpolation: 0, interpolation_duration: 1 }
$data merge entity $(bone_head_left_fin1) { transformation: [-0.7398871028734955f,0.06355826538307748f,-0.7397314512227622f,0.6182147908313744f,0.12911499529461298f,1.0394314850322433f,-0.03983345251056145f,4.7474531096449715f,0.7311440289140786f,-0.11923813505055096f,-0.7415429010907789f,1.5802050712203721f,0f,0f,0f,1f], start_interpolation: 0, interpolation_duration: 1 }
$data merge entity $(bone_head_right_fin1) { transformation: [-0.7133052039138966f,0.020169979417869962f,0.7677656257119168f,-0.7281370954413888f,-0.07446142435236046f,1.041063288857509f,-0.09652938879832612f,4.798088485283806f,-0.7644124412762691f,-0.12023143743898038f,-0.7070312716553521f,1.5493825919601043f,0f,0f,0f,1f], start_interpolation: 0, interpolation_duration: 1 }
$data merge entity $(bone_right_whisker16) { transformation: [0.2596735898713297f,0.8805354764200428f,-0.3965184755961121f,-1.3018001023491275f,0.9621147377269171f,-0.2712271113811516f,0.02776842632382756f,2.053113643504513f,-0.08309547624270489f,-0.38870699610061626f,-0.9176066766378902f,1.6496964255506354f,0f,0f,0f,1f], start_interpolation: 0, interpolation_duration: 1 }
$data merge entity $(bone_right_whisker15) { transformation: [-0.8391081684479754f,0.37238498916419716f,-0.3965184755961121f,-1.0190927604403859f,0.3944878990383927f,0.9184814706959379f,0.02776842632382756f,1.9202051228323982f,0.37453541775933374f,-0.1331210270145471f,-0.9176066766378902f,1.5235101764032037f,0f,0f,0f,1f], start_interpolation: 0, interpolation_duration: 1 }
$data merge entity $(bone_right_whisker14) { transformation: [-0.6921178510169756f,-0.6031135704115591f,-0.3965184755961121f,-0.7859085235254872f,-0.6657091189712573f,0.7456944973767814f,0.02776842632382756f,2.1444918865483f,0.27893413061537653f,0.28318498859828445f,-0.9176066766378902f,1.4295333452876717f,0f,0f,0f,1f], start_interpolation: 0, interpolation_duration: 1 }
$data merge entity $(bone_right_whisker13) { transformation: [-0.12459671292179603f,-0.9775281038490836f,-0.17004253971962022f,-0.7439301388008587f,-0.970321935865181f,0.08424933571205168f,0.2266658117381748f,2.4714069918935024f,-0.20724623014166316f,0.19323782139450105f,-0.9590141523850291f,1.4993575146225093f,0f,0f,0f,1f], start_interpolation: 0, interpolation_duration: 1 }
$data merge entity $(bone_right_whisker12) { transformation: [0.013705928100255955f,-0.9901913255948462f,-0.13904418812604774f,-0.7500870986896455f,-0.8992450967160847f,-0.07301215530512542f,0.43130903214491095f,2.8753647501839312f,-0.4372303781383336f,0.11912331381564814f,-0.8914253937030223f,1.6957695985518388f,0f,0f,0f,1f], start_interpolation: 0, interpolation_duration: 1 }
$data merge entity $(bone_right_whisker11) { transformation: [0.26789865242513733f,-0.9548409886868402f,-0.1284873470515015f,-0.8704321964587503f,-0.9481162126635223f,-0.28497715888773084f,0.14093851920910588f,3.301276330091373f,-0.17118983414144054f,0.08406369749073944f,-0.9816452187276274f,1.772671281857564f,0f,0f,0f,1f], start_interpolation: 0, interpolation_duration: 1 }
$data merge entity $(bone_right_whisker10) { transformation: [0.0735051965498677f,-0.9971168066951188f,-0.018843032831650015f,-0.9034521089713861f,-0.9921473055605305f,-0.07119554075420373f,-0.10283442539196608f,3.746967502511142f,0.10119639395326621f,0.02625392890303935f,-0.9945199953082942f,1.7272119642613704f,0f,0f,0f,1f], start_interpolation: 0, interpolation_duration: 1 }
$data merge entity $(bone_right_whisker1) { transformation: [-0.3633566772481189f,-0.930500903875446f,-0.046260058216399405f,-0.7402254766138326f,-0.9227243177920497f,0.35257476381263275f,0.1557911078260345f,4.16147256714429f,-0.12865363754827636f,0.09929301994321885f,-0.9867062063938546f,1.78500559050376f,0f,0f,0f,1f], start_interpolation: 0, interpolation_duration: 1 }
$data merge entity $(bone_left_whisker16) { transformation: [0.255740163501318f,-0.9468165855789834f,0.19528267215724754f,1.0862836894442733f,-0.9663301182875248f,-0.2562818672755536f,0.022928301205588753f,2.0335823796855785f,0.028338512006417193f,-0.19457121518434156f,-0.9804789497786021f,1.3959891507159534f,0f,0f,0f,1f], start_interpolation: 0, interpolation_duration: 1 }
$data merge entity $(bone_left_whisker15) { transformation: [-0.9053356486962193f,-0.3771366345966949f,0.19528267215724754f,0.7812633781159573f,-0.38022073114125493f,0.9246115338963903f,0.022928301205588753f,1.9054806685100583f,-0.1892077134003935f,-0.05349271194138269f,-0.9804789497786021f,1.3322424113378912f,0f,0f,0f,1f], start_interpolation: 0, interpolation_duration: 1 }
$data merge entity $(bone_left_whisker14) { transformation: [-0.7244132468556648f,0.6611279193432681f,0.19528267215724754f,0.5371983681890002f,0.677294408681505f,0.735354728666782f,0.022928301205588753f,2.133670679247479f,-0.12844349632739024f,0.14887342708571225f,-0.9804789497786021f,1.2889679911885263f,0f,0f,0f,1f], start_interpolation: 0, interpolation_duration: 1 }
$data merge entity $(bone_left_whisker13) { transformation: [-0.06256474124137448f,0.9975408112401299f,-0.03159086994344326f,0.5161194270481074f,0.971852660938798f,0.06809596949695258f,0.22553346617397688f,2.4611015073958047f,0.2271300477250381f,-0.016591228063461725f,-0.9737230985099243f,1.3654912982833878f,0f,0f,0f,1f], start_interpolation: 0, interpolation_duration: 1 }
$data merge entity $(bone_left_whisker12) { transformation: [0.11980104380720596f,0.9918053298350755f,-0.04438352862764916f,0.5699363021958758f,0.8981531920270818f,-0.08922218097443987f,0.4305348372358836f,2.86456876162672f,0.4230467510267255f,-0.09144173080657284f,-0.9014820332723386f,1.5555318309711745f,0f,0f,0f,1f], start_interpolation: 0, interpolation_duration: 1 }
$data merge entity $(bone_left_whisker11) { transformation: [0.313183896834456f,0.9464546831840968f,-0.0783541922457005f,0.7106243808519791f,0.9433637510417114f,-0.30052716073135105f,0.1405284984736726f,3.288345446664989f,0.10945629257423767f,-0.11792776747502708f,-0.986971307421983f,1.6047016499010078f,0f,0f,0f,1f], start_interpolation: 0, interpolation_duration: 1 }
$data merge entity $(bone_left_whisker10) { transformation: [0.06664087926422367f,0.9790935478004978f,-0.1921843330407707f,0.7405607133339546f,0.9910011020691291f,-0.08735824238469171f,-0.10141673030239862f,3.7335217229851057f,-0.11608535182641769f,-0.18369638576436978f,-0.9761044149825594f,1.5525539332602343f,0f,0f,0f,1f], start_interpolation: 0, interpolation_duration: 1 }
$data merge entity $(bone_left_whisker1) { transformation: [-0.3132455394038531f,0.9361721880548198f,-0.15955834781120254f,0.59984494367988f,0.9282579998342448f,0.3373079273860876f,0.1567177330943414f,4.150512621348145f,0.20053507869526593f,-0.09902018195879764f,-0.9746695264434658f,1.6426380506428733f,0f,0f,0f,1f], start_interpolation: 0, interpolation_duration: 1 }
$data merge entity $(bone_upper_left_tooth1) { transformation: [-0.999032124306746f,0.03411582505291035f,0.027765537706117727f,0.21267468594378225f,0.03757291641606266f,0.9900797749390139f,0.13538949445471554f,4.3900315221398f,-0.02287117301631469f,0.13630168648138963f,-0.9904033318336457f,2.7488214458915654f,0f,0f,0f,1f], start_interpolation: 0, interpolation_duration: 1 }
$data merge entity $(bone_upper_right_tooth1) { transformation: [-0.999032124306746f,0.03411582505291035f,0.027765537706117727f,-0.46050125719259927f,0.03757291641606266f,0.9900797749390139f,0.13538949445471554f,4.415349209959218f,-0.02287117301631469f,0.13630168648138963f,-0.9904033318336457f,2.7334102062614316f,0f,0f,0f,1f], start_interpolation: 0, interpolation_duration: 1 }
$data merge entity $(bone_top_lip1) { transformation: [-0.999032124306746f,0.04279968159372327f,0.010148983132636293f,-0.09164942518804728f,0.03757291641606266f,0.9503089111743773f,-0.3090327641117706f,4.523945108584656f,-0.02287117301631469f,-0.3083523319160172f,-0.9509972391373236f,2.7585960194170323f,0f,0f,0f,1f], start_interpolation: 0, interpolation_duration: 1 }
$data merge entity $(bone_muzzle1) { transformation: [-0.999032124306746f,0.03411582505291035f,0.027765537706117727f,-0.07031137440421453f,0.03757291641606266f,0.9900797749390139f,0.13538949445471554f,4.7667553824991495f,-0.02287117301631469f,0.13630168648138963f,-0.9904033318336457f,2.2254223134733735f,0f,0f,0f,1f], start_interpolation: 0, interpolation_duration: 1 }
$data merge entity $(bone_jaw_right_tooth1) { transformation: [-0.999032124306746f,0.04356565341229496f,0.006070292077851215f,-0.46868234697729416f,0.03757291641606266f,0.9169555816941795f,-0.3972162347536673f,4.215299558072386f,-0.02287117301631469f,-0.3966037002382211f,-0.9177049713291351f,2.7621241973135384f,0f,0f,0f,1f], start_interpolation: 0, interpolation_duration: 1 }
$data merge entity $(bone_jaw_left_tooth1) { transformation: [-0.999032124306746f,0.04356565341229496f,0.006070292077851215f,0.2605915914204525f,0.03757291641606266f,0.9169555816941795f,-0.3972162347536673f,4.187872062934685f,-0.02287117301631469f,-0.3966037002382211f,-0.9177049713291351f,2.7788197069128504f,0f,0f,0f,1f], start_interpolation: 0, interpolation_duration: 1 }
$data merge entity $(bone_tongue1) { transformation: [-0.999032124306746f,0.035994235779734395f,0.025282990206530534f,-0.08402154030414095f,0.03757291641606266f,0.9971762097639234f,0.06502217031788005f,4.248989899369573f,-0.02287117301631469f,0.06590919261748468f,-0.9975634755610134f,1.9737053135170646f,0f,0f,0f,1f], start_interpolation: 0, interpolation_duration: 1 }
$data merge entity $(bone_jaw_lips1) { transformation: [-0.999032124306746f,0.035994235779734395f,0.025282990206530534f,-0.055287388232228146f,0.03757291641606266f,0.9971762097639234f,0.06502217031788005f,4.0596763972535514f,-0.02287117301631469f,0.06590919261748468f,-0.9975634755610134f,2.862725844274379f,0f,0f,0f,1f], start_interpolation: 0, interpolation_duration: 1 }
$data merge entity $(bone_jaw3) { transformation: [-0.999032124306746f,0.04184969808824597f,0.013543167025230568f,-0.04664465209706018f,0.03757291641606266f,0.972000841324941f,-0.2319539618450145f,3.769409722294568f,-0.02287117301631469f,-0.23122060296074304f,-0.972632480545107f,2.0083518012988404f,0f,0f,0f,1f], start_interpolation: 0, interpolation_duration: 1 }
$data merge entity $(bone_jaw1) { transformation: [-0.999032124306746f,0.020015740066525838f,0.039168670551090995f,-0.011454049648814357f,0.03757291641606266f,0.8513246055635906f,0.5232921668761998f,4.239555028472404f,-0.02287117301631469f,0.5242573662921542f,-0.8512526788993215f,1.243554472600231f,0f,0f,0f,1f], start_interpolation: 0, interpolation_duration: 1 }
$data merge entity $(bone_tear_right1) { transformation: [-0.999032124306746f,0.03156607797717004f,0.030633271524436494f,-0.6723330579741519f,0.03757291641606266f,0.9745122505326836f,0.2211654347173534f,4.8591651974361625f,-0.02287117301631469f,0.22210235541944046f,-0.9747550734220336f,2.1583420272696294f,0f,0f,0f,1f], start_interpolation: 0, interpolation_duration: 1 }
$data merge entity $(bone_right_pupil1) { transformation: [-0.999032124306746f,0.03156607797717004f,0.030633271524436494f,-0.48572917010738265f,0.03757291641606266f,0.9745122505326836f,0.2211654347173534f,4.946742391530544f,-0.02287117301631469f,0.22210235541944046f,-0.9747550734220336f,2.253204983912804f,0f,0f,0f,1f], start_interpolation: 0, interpolation_duration: 1 }
$data merge entity $(bone_right_sad_pupil1) { transformation: [-0.999032124306746f,0.03156607797717004f,0.030633271524436494f,-0.4853851441088172f,0.03757291641606266f,0.9745122505326836f,0.2211654347173534f,4.949226183033717f,-0.02287117301631469f,0.22210235541944046f,-0.9747550734220336f,2.2422580275218333f,0f,0f,0f,1f], start_interpolation: 0, interpolation_duration: 1 }
$data merge entity $(bone_right_happy_pupil1) { transformation: [-0.999032124306746f,0.03156607797717004f,0.030633271524436494f,-0.5143200259989774f,0.03757291641606266f,0.9745122505326836f,0.2211654347173534f,4.922920849965185f,-0.02287117301631469f,0.22210235541944046f,-0.9747550734220336f,2.235380196670008f,0f,0f,0f,1f], start_interpolation: 0, interpolation_duration: 1 }
$data merge entity $(bone_eyelid_right1) { transformation: [-0.999032124306746f,0.03156607797717004f,0.030633271524436494f,-0.038001430902276895f,0.03757291641606266f,0.9745122505326836f,0.2211654347173534f,5.002449081458331f,-0.02287117301631469f,0.22210235541944046f,-0.9747550734220336f,1.6923275271461278f,0f,0f,0f,1f], start_interpolation: 0, interpolation_duration: 1 }
$data merge entity $(bone_eyelid_expressions_right5) { transformation: [-0.999032124306746f,0.03156607797717004f,0.030633271524436494f,-0.6108651556599606f,0.03757291641606266f,0.9745122505326836f,0.2211654347173534f,5.063521020124001f,-0.02287117301631469f,0.22210235541944046f,-0.9747550734220336f,2.2642473504304466f,0f,0f,0f,1f], start_interpolation: 0, interpolation_duration: 1 }
$data merge entity $(bone_eyelid_expressions_right7) { transformation: [-0.999032124306746f,0.03156607797717004f,0.030633271524436494f,-0.2742771840917698f,0.03757291641606266f,0.9745122505326836f,0.2211654347173534f,5.0508621762142925f,-0.02287117301631469f,0.22210235541944046f,-0.9747550734220336f,2.2719529702455135f,0f,0f,0f,1f], start_interpolation: 0, interpolation_duration: 1 }
$data merge entity $(bone_eyelid_expressions_right6) { transformation: [-0.999032124306746f,0.03156607797717004f,0.030633271524436494f,-0.3864731746145001f,0.03757291641606266f,0.9745122505326836f,0.2211654347173534f,5.055081790850862f,-0.02287117301631469f,0.22210235541944046f,-0.9747550734220336f,2.269384430307158f,0f,0f,0f,1f], start_interpolation: 0, interpolation_duration: 1 }
$data merge entity $(bone_right_eye1) { transformation: [-0.999032124306746f,0.03156607797717004f,0.030633271524436494f,-0.04956505595311537f,0.03757291641606266f,0.9745122505326836f,0.2211654347173534f,5.000387251418815f,-0.02287117301631469f,0.22210235541944046f,-0.9747550734220336f,1.7030176295432624f,0f,0f,0f,1f], start_interpolation: 0, interpolation_duration: 1 }
$data merge entity $(bone_tear_left1) { transformation: [-0.999032124306746f,0.03156607797717004f,0.030633271524436494f,0.5393836396713351f,0.03757291641606266f,0.9745122505326836f,0.2211654347173534f,4.813593359361212f,-0.02287117301631469f,0.22210235541944046f,-0.9747550734220336f,2.1860822586038706f,0f,0f,0f,1f], start_interpolation: 0, interpolation_duration: 1 }
$data merge entity $(bone_left_sad_pupil1) { transformation: [-0.999032124306746f,0.03156607797717004f,0.030633271524436494f,0.3560847848116598f,0.03757291641606266f,0.9745122505326836f,0.2211654347173534f,4.917579073259446f,-0.02287117301631469f,0.22210235541944046f,-0.9747550734220336f,2.261522077059501f,0f,0f,0f,1f], start_interpolation: 0, interpolation_duration: 1 }
$data merge entity $(bone_left_pupil1) { transformation: [-0.999032124306746f,0.03156607797717004f,0.030633271524436494f,0.3557407588130943f,0.03757291641606266f,0.9745122505326836f,0.2211654347173534f,4.9150952817562725f,-0.02287117301631469f,0.22210235541944046f,-0.9747550734220336f,2.272469033450471f,0f,0f,0f,1f], start_interpolation: 0, interpolation_duration: 1 }
$data merge entity $(bone_eyelid_left1) { transformation: [-0.999032124306746f,0.03156607797717004f,0.030633271524436494f,-0.06044062900682295f,0.03757291641606266f,0.9745122505326836f,0.2211654347173534f,5.003293004385645f,-0.02287117301631469f,0.22210235541944046f,-0.9747550734220336f,1.6918138191584566f,0f,0f,0f,1f], start_interpolation: 0, interpolation_duration: 1 }
$data merge entity $(bone_left_happy_pupil1) { transformation: [-0.999032124306746f,0.03156607797717004f,0.030633271524436494f,0.3832478981828646f,0.03757291641606266f,0.9745122505326836f,0.2211654347173534f,4.889163932872628f,-0.02287117301631469f,0.22210235541944046f,-0.9747550734220336f,2.255928516176853f,0f,0f,0f,1f], start_interpolation: 0, interpolation_duration: 1 }
$data merge entity $(bone_eyelid_expressions_left5) { transformation: [-0.999032124306746f,0.03156607797717004f,0.030633271524436494f,0.4886555514627961f,0.03757291641606266f,0.9745122505326836f,0.2211654347173534f,5.022168796685619f,-0.02287117301631469f,0.22210235541944046f,-0.9747550734220336f,2.289419041826332f,0f,0f,0f,1f], start_interpolation: 0, interpolation_duration: 1 }
$data merge entity $(bone_eyelid_expressions_left7) { transformation: [-0.999032124306746f,0.03156607797717004f,0.030633271524436494f,0.1520675798946052f,0.03757291641606266f,0.9745122505326836f,0.2211654347173534f,5.034827640595328f,-0.02287117301631469f,0.22210235541944046f,-0.9747550734220336f,2.281713422011265f,0f,0f,0f,1f], start_interpolation: 0, interpolation_duration: 1 }
$data merge entity $(bone_eyelid_expressions_left6) { transformation: [-0.999032124306746f,0.03156607797717004f,0.030633271524436494f,0.2642635704173355f,0.03757291641606266f,0.9745122505326836f,0.2211654347173534f,5.030608025958759f,-0.02287117301631469f,0.22210235541944046f,-0.9747550734220336f,2.2842819619496204f,0f,0f,0f,1f], start_interpolation: 0, interpolation_duration: 1 }
$data merge entity $(bone_left_eye1) { transformation: [-0.999032124306746f,0.03156607797717004f,0.030633271524436494f,-0.04956505595311537f,0.03757291641606266f,0.9745122505326836f,0.2211654347173534f,5.000387251418815f,-0.02287117301631469f,0.22210235541944046f,-0.9747550734220336f,1.7030176295432624f,0f,0f,0f,1f], start_interpolation: 0, interpolation_duration: 1 }
$data merge entity $(bone_crest_middle5) { transformation: [-0.999032124306746f,0.03744808935195768f,0.023074990943409368f,-0.02042831060221575f,0.03757291641606266f,0.9992813803911959f,0.004999875544250576f,6.245330756095945f,-0.02287117301631469f,0.005862030992259931f,-0.9997212341635558f,2.475501560649774f,0f,0f,0f,1f], start_interpolation: 0, interpolation_duration: 1 }
$data merge entity $(bone_crest_middle4) { transformation: [-0.999032124306746f,0.03744808935195768f,0.023074990943409368f,-0.04566188643507786f,0.03757291641606266f,0.9992813803911959f,0.004999875544250576f,5.5719868571995335f,-0.02287117301631469f,0.005862030992259931f,-0.9997212341635558f,2.4715515592975676f,0f,0f,0f,1f], start_interpolation: 0, interpolation_duration: 1 }
$data merge entity $(bone_crest_middle1) { transformation: [-0.999032124306746f,0.03744808935195768f,0.023074990943409368f,-0.06653064883752301f,0.03757291641606266f,0.9992813803911959f,0.004999875544250576f,5.066557799134993f,-0.02287117301631469f,0.005862030992259931f,-0.9997212341635558f,2.5527944531506206f,0f,0f,0f,1f], start_interpolation: 0, interpolation_duration: 1 }
$data merge entity $(bone_crest_left5) { transformation: [-0.5634021292597177f,-0.8145530138460195f,0.13813554350703108f,-1.147134499947729f,-0.8017073826643307f,0.579410994072922f,0.1467929580359258f,5.640019892532212f,-0.19960789895974762f,-0.028040819920163745f,-0.9794745525490083f,2.4041436875076503f,0f,0f,0f,1f], start_interpolation: 0, interpolation_duration: 1 }
$data merge entity $(bone_crest_left4) { transformation: [-0.5634021292597177f,-0.8145530138460195f,0.13813554350703108f,-0.6897438915869272f,-0.8017073826643307f,0.579410994072922f,0.1467929580359258f,5.3146670394150926f,-0.19960789895974762f,-0.028040819920163745f,-0.9794745525490083f,2.419889265099539f,0f,0f,0f,1f], start_interpolation: 0, interpolation_duration: 1 }
$data merge entity $(bone_crest_left1) { transformation: [-0.5634021292597177f,-0.8145530138460195f,0.13813554350703108f,-0.17885758786694586f,-0.8017073826643307f,0.579410994072922f,0.1467929580359258f,4.965021669625974f,-0.19960789895974762f,-0.028040819920163745f,-0.9794745525490083f,2.3822096086815074f,0f,0f,0f,1f], start_interpolation: 0, interpolation_duration: 1 }
$data merge entity $(bone_crest_center1) { transformation: [-0.999032124306746f,0.03156607797717004f,0.030633271524436494f,-0.06754784063086301f,0.03757291641606266f,0.9745122505326836f,0.2211654347173534f,4.933441831764497f,-0.02287117301631469f,0.22210235541944046f,-0.9747550734220336f,2.3785424445332985f,0f,0f,0f,1f], start_interpolation: 0, interpolation_duration: 1 }
$data merge entity $(bone_crest_right5) { transformation: [-0.5101570089721023f,0.8561805872354817f,-0.08182070787853245f,1.0597362972701738f,0.8420832092139275f,0.5165758435110686f,0.15506536254367387f,5.557020987904939f,0.17503055435155096f,0.010207837279945342f,-0.9845100837987667f,2.4546663109546674f,0f,0f,0f,1f], start_interpolation: 0, interpolation_duration: 1 }
$data merge entity $(bone_crest_right4) { transformation: [-0.5101570089721023f,0.8561805872354817f,-0.08182070787853245f,0.5789708308049375f,0.8420832092139275f,0.5165758435110686f,0.15506536254367387f,5.266951544527141f,0.17503055435155096f,0.010207837279945342f,-0.9845100837987667f,2.448934371075792f,0f,0f,0f,1f], start_interpolation: 0, interpolation_duration: 1 }
$data merge entity $(bone_crest_right1) { transformation: [-0.5101570089721023f,0.8561805872354817f,-0.08182070787853245f,0.045534393178514654f,0.8420832092139275f,0.5165758435110686f,0.15506536254367387f,4.956582440352835f,0.17503055435155096f,0.010207837279945342f,-0.9845100837987667f,2.387346688558219f,0f,0f,0f,1f], start_interpolation: 0, interpolation_duration: 1 }
$data merge entity $(bone_head1) { transformation: [-1.0471625782121488f,0.03308683954638264f,0.032109093199441885f,-0.032416135293429044f,0.039383069941315664f,1.0214614084359503f,0.2318205402961841f,5.082274637212854f,-0.023973039424652755f,0.23280259910501233f,-1.0217159298238758f,1.0884634602307097f,0f,0f,0f,1f], start_interpolation: 0, interpolation_duration: 1 }
$data merge entity $(bone_neck10) { transformation: [-1.4965242751908459f,0.05107370793619706f,-0.0009229334698525748f,-0.04839583777155813f,0.05046842247895441f,1.48248673848702f,0.20464674496955051f,4.783339421457553f,0.007893907842602606f,0.2044965238134732f,-1.4833452530180575f,-0.029768989688698344f,0f,0f,0f,1f], start_interpolation: 0, interpolation_duration: 1 }
$data merge entity $(bone_neck9) { transformation: [-1.1448410705209977f,0.03899924710207934f,0.0024759790677212484f,-0.09822213207164558f,0.03860834319640015f,1.117599947430001f,0.24833022739615346f,3.3467742812332304f,0.006038839499590998f,0.24826913768824982f,-1.1182638848624091f,-0.2913735825824281f,0f,0f,0f,1f], start_interpolation: 0, interpolation_duration: 1 }
$data merge entity $(bone_neck8) { transformation: [-1.0626290905717266f,0.029308809052382964f,-0.015828675862326468f,-0.1195917769450751f,0.03265434002874838f,1.0163251523397003f,-0.3103337174653935f,2.5982422105305467f,0.006576271353169952f,-0.3106675326301975f,-1.0167264008677424f,-0.02757448301833426f,0f,0f,0f,1f], start_interpolation: 0, interpolation_duration: 1 }
$data merge entity $(bone_neck7) { transformation: [-1.0554122495464102f,-0.010465163913098404f,-0.0205445054859383f,-0.10968903329882854f,4.578213079909493e-19f,0.9406551326907044f,-0.47916023853888107f,1.7572385705687656f,0.023056373552442413f,-0.4790459419939902f,-0.9404307534059617f,0.4257265066014904f,0f,0f,0f,1f], start_interpolation: 0, interpolation_duration: 1 }
$data merge entity $(bone_neck6) { transformation: [-1.0494240949390545f,-0.005933570835525504f,-0.0221443878284901f,-0.10463413770221378f,4.552237402860361e-19f,1.01390768862361f,-0.27167574636640235f,0.8589922604159597f,0.022925557248598766f,-0.2716109421597031f,-1.013665836031664f,0.6571158324514911f,0f,0f,0f,1f], start_interpolation: 0, interpolation_duration: 1 }
$data merge entity $(bone_neck_spine6) { transformation: [-1.2159971506133849f,-0.3071647524752166f,-0.21676280366722964f,-0.030753384676891593f,-0.21268743650534777f,-0.043058415953503376f,1.2541512650733437f,0.3433277985094468f,-0.31000056866016007f,1.234415309435655f,-0.010191161757293536f,-1.984744077993768f,0f,0f,0f,1f], start_interpolation: 0, interpolation_duration: 1 }
$data merge entity $(bone_neck_spine7) { transformation: [-0.9668203701288957f,-0.2097204210748704f,-0.14586197889787605f,0.7749812205227853f,-0.18292948819435695f,0.1698203743522983f,0.9683479967469317f,0.7023200005296734f,-0.1783120137645694f,0.9629010257752474f,-0.20254984647784785f,-5.473127495078915f,0f,0f,0f,1f], start_interpolation: 0, interpolation_duration: 1 }
$data merge entity $(bone_tail6) { transformation: [-1.4701615396598746f,0.0010816550476330734f,-0.8966191024366998f,0.7991097153428891f,-0.8855721343445325f,0.2677350628969005f,1.4523711194096323f,-0.09426393315239419f,0.14031742480712978f,1.7010639916373154f,-0.22802248612263f,-9.328097172402238f,0f,0f,0f,1f], start_interpolation: 0, interpolation_duration: 1 }
$data merge entity $(bone_tail5) { transformation: [-1.2144812718929399f,0.0008935411263055824f,-0.7406853454911868f,0.7996740571068716f,-0.7315595892411355f,0.22117244326265695f,1.1997848377731746f,0.045423925750336505f,0.11591439440588981f,1.405226775700391f,-0.1883664015795639f,-8.440585524591464f,0f,0f,0f,1f], start_interpolation: 0, interpolation_duration: 1 }
$data merge entity $(bone_tail4) { transformation: [-0.8948809371842713f,0.0006583987246462186f,-0.5457681493092954f,0.7999562279888628f,-0.5390439078618893f,0.16296916871985245f,0.8840519857276021f,0.11526785520170185f,0.08541060640433985f,1.0354302557792352f,-0.13879629590073128f,-7.996829700686077f,0f,0f,0f,1f], start_interpolation: 0, interpolation_duration: 1 }
$data merge entity $(bone_segment18) { transformation: [-0.8537497636739384f,0.0006281369199109266f,-0.5206831536267564f,0.8003089415913518f,-0.514267976693082f,0.15547866034390895f,0.8434185404208677f,0.20257276701590854f,0.0814849015137056f,0.9878390514763388f,-0.13241683882206415f,-7.442134920804344f,0f,0f,0f,1f], start_interpolation: 0, interpolation_duration: 1 }
$data merge entity $(bone_segment17) { transformation: [-0.8537497636739384f,0.0006281369199109266f,-0.5206831536267564f,0.8007674692745875f,-0.514267976693082f,0.15547866034390895f,0.8434185404208677f,0.3160691523743774f,0.0814849015137056f,0.9878390514763388f,-0.13241683882206415f,-6.72103170695809f,0f,0f,0f,1f], start_interpolation: 0, interpolation_duration: 1 }
$data merge entity $(bone_segment16) { transformation: [-0.9741798122439199f,0.11330970832188272f,-0.19528083217871414f,0.9089317660369317f,-0.19989158211449792f,-0.03075598799081622f,0.9793351952229999f,0.2867097986038472f,0.10496213039074706f,0.9930835711070435f,0.052611519471662815f,-5.773044215984324f,0f,0f,0f,1f], start_interpolation: 0, interpolation_duration: 1 }
$data merge entity $(bone_segment15) { transformation: [-0.9668203701288957f,-0.16482251292132322f,-0.19517149161218608f,0.7145731875676956f,-0.18292948819435695f,-0.08659301842801709f,0.9793050860219585f,0.1845993789243251f,-0.1783120137645694f,0.9825147268076061f,0.05356899619554811f,-4.614463617722425f,0f,0f,0f,1f], start_interpolation: 0, interpolation_duration: 1 }
$data merge entity $(bone_segment14) { transformation: [-0.9923425834970642f,-0.2512099411792576f,-0.22544391864997948f,0.43196200374103083f,-0.1668381120132521f,-0.2435382958278989f,1.0057481498219463f,-0.08938120388206117f,-0.2934219476852372f,0.9880576207606157f,0.19058042055427676f,-3.5028987943667325f,0f,0f,0f,1f], start_interpolation: 0, interpolation_duration: 1 }
$data merge entity $(bone_segment13) { transformation: [-0.9799506449060807f,-0.21344419792366218f,-0.21501609182586515f,0.18077957575687265f,-0.17140105177195672f,-0.2096787768706304f,0.9893179983224257f,-0.36899356293388014f,-0.24982398768495254f,0.981106516503661f,0.16465597551995395f,-2.3257811066412497f,0f,0f,0f,1f], start_interpolation: 0, interpolation_duration: 1 }
$data merge entity $(bone_segment12) { transformation: [-1.0895016017083965f,-0.15645912963154873f,-0.1816058419254543f,-0.00823145332821977f,-0.18571542013775622f,0.016585017871719874f,1.0998675379776093f,-0.3489579708740843f,-0.15155831811408932f,1.1044090542587963f,-0.042244505835617535f,-0.9915956719661931f,0f,0f,0f,1f], start_interpolation: 0, interpolation_duration: 1 }
$data merge entity $(bone_segment11) { transformation: [-1.1831291052111599f,-0.08054168813905975f,-0.104122032996374f,-0.10398450840717256f,-0.12937772949557022f,0.5377558842744148f,1.0541360694522128f,0.27221293081343834f,-0.024285065249214408f,1.0589874816452267f,-0.5432113678908872f,0.23217962954210658f,0f,0f,0f,1f], start_interpolation: 0, interpolation_duration: 1 }
$data merge entity $(bone_segment10) { transformation: [-1.0475956677220781f,-0.002404404323918722f,-0.03482432820535215f,-0.10290777315088961f,-0.018480885459508604f,0.9253164666517274f,0.4920600486129396f,1.2195031051227891f,0.029613710806643066f,0.4924011102832559f,-0.9248455940043454f,0.7361406752137738f,0f,0f,0f,1f], start_interpolation: 0, interpolation_duration: 1 }