# This file was generated by Animated Java via MC-Build. It is not recommended to edit this file directly.
$data merge entity $(bone_neck_spine5) { transformation: [-1.5697433475224591f,0.04142810386738866f,-0.07879549908198083f,0.014392309231060163f,0.044272884600111244f,1.5706369124614374f,-0.05620317125778342f,4.1757082562947625f,0.07723296028776065f,-0.058331783619218834f,-1.5692838074808624f,-0.8807002643443643f,0f,0f,0f,1f], start_interpolation: 0, interpolation_duration: 1 }
$data merge entity $(bone_neck_spine2) { transformation: [-1.4949936643071036f,0.043889334948306866f,-0.07253931102128083f,0.02622192611954506f,0.04216465200010593f,1.4963600968526165f,0.03637147718978433f,5.809803921326604f,0.07355520027405774f,0.034270519532863274f,-1.4951954540084782f,0.7092444022336792f,0f,0f,0f,1f], start_interpolation: 0, interpolation_duration: 1 }
$data merge entity $(bone_scale_neck_left1) { transformation: [-1.5733742252078375f,0.4862559241237426f,0.0332235540524175f,0.7830275229625617f,0.465819642958538f,1.4672125499106774f,0.5859645675774791f,4.887365948863531f,0.14338998752803225f,0.5691200141243027f,-1.5390246267807208f,0.6162781759766457f,0f,0f,0f,1f], start_interpolation: 0, interpolation_duration: 1 }
$data merge entity $(bone_scale_neck_right1) { transformation: [-1.603542353876236f,-0.34481823082146873f,-0.15102115035942748f,-0.7867158245598967f,-0.3762182050470727f,1.4906520823757117f,0.5911609868198231f,4.931638833463642f,0.012917521197637408f,0.610009703070189f,-1.5299596009842877f,0.6935111362644063f,0f,0f,0f,1f], start_interpolation: 0, interpolation_duration: 1 }
$data merge entity $(bone_blush_right1) { transformation: [-0.9993396335477468f,0.03455484860718992f,0.011236514512483302f,-0.6623805717875104f,0.036231114330047f,0.97108263867834f,0.23597842107259814f,4.470043376345391f,-0.0027573855476024367f,0.23622970028183907f,-0.9716933289519357f,1.9923836658085121f,0f,0f,0f,1f], start_interpolation: 0, interpolation_duration: 1 }
$data merge entity $(bone_blush_left1) { transformation: [-0.9993396335477468f,0.03455484860718992f,0.011236514512483302f,0.6619396261854313f,0.036231114330047f,0.97108263867834f,0.23597842107259814f,4.422030073468561f,-0.0027573855476024367f,0.23622970028183907f,-0.9716933289519357f,1.9960377402109502f,0f,0f,0f,1f], start_interpolation: 0, interpolation_duration: 1 }
$data merge entity $(bone_left_head_scales) { transformation: [-0.8916135259749401f,0.03455484860718992f,-0.45147677984174206f,0.7028037396726853f,-0.0768253177747947f,0.97108263867834f,0.22604508268554568f,5.223249730772257f,0.44623221628131754f,0.23622970028183907f,-0.8631757282601361f,1.7865717694993464f,0f,0f,0f,1f], start_interpolation: 0, interpolation_duration: 1 }
$data merge entity $(bone_left_head_scales2) { transformation: [-0.8250561037107257f,0.03455484860718992f,-0.5639932518810933f,0.6698654980007926f,-0.10567287044424124f,0.97108263867834f,0.21408351947216295f,4.311040448331734f,0.5550816788381245f,0.23622970028183907f,-0.7975461482089936f,1.7380227216330544f,0f,0f,0f,1f], start_interpolation: 0, interpolation_duration: 1 }
$data merge entity $(bone_left_head_scales1) { transformation: [-0.9993396335477468f,0.03455484860718992f,0.011236514512483302f,0.698923068198245f,0.036231114330047f,0.97108263867834f,0.23597842107259814f,5.114192598498811f,-0.0027573855476024367f,0.23622970028183907f,-0.9716933289519357f,1.7600420668309757f,0f,0f,0f,1f], start_interpolation: 0, interpolation_duration: 1 }
$data merge entity $(bone_right_head_scales) { transformation: [-0.8812366359874712f,0.03455484860718992f,0.47141060004121604f,-0.6439625633506453f,0.1411000995925355f,0.97108263867834f,0.19258574908982734f,5.272076818443609f,-0.4511238779852624f,0.23622970028183907f,-0.8606292903546165f,1.7828557616324603f,0f,0f,0f,1f], start_interpolation: 0, interpolation_duration: 1 }
$data merge entity $(bone_right_head_scales2) { transformation: [-0.8121661038085718f,0.03455484860718992f,0.5824020795482605f,-0.6769008050225379f,0.16503045318489362f,0.97108263867834f,0.1725208925872516f,4.359867536003086f,-0.5595991148545474f,0.23622970028183907f,-0.7943830054569143f,1.7343067137661683f,0f,0f,0f,1f], start_interpolation: 0, interpolation_duration: 1 }
$data merge entity $(bone_right_head_scales1) { transformation: [-0.9993396335477468f,0.03455484860718992f,0.011236514512483302f,-0.6478432348250855f,0.036231114330047f,0.97108263867834f,0.23597842107259814f,5.163019686170163f,-0.0027573855476024367f,0.23622970028183907f,-0.9716933289519357f,1.7563260589640897f,0f,0f,0f,1f], start_interpolation: 0, interpolation_duration: 1 }
$data merge entity $(bone_head_left_fin1) { transformation: [-0.7256096104646209f,0.059767968696189215f,-0.7540515109357491f,0.6853169934873056f,0.1167609880253369f,1.0412264088797591f,-0.029826752285195646f,4.725104728777941f,0.7473504953513458f,-0.10464489186991709f,-0.727455759293172f,1.5787118291815885f,0f,0f,0f,1f], start_interpolation: 0, interpolation_duration: 1 }
$data merge entity $(bone_head_right_fin1) { transformation: [-0.7280299993197581f,0.01636632750589847f,0.7539095843929936f,-0.661449309536025f,-0.06405920263751019f,1.042799937809553f,-0.08449796617086829f,4.773931816449293f,-0.751361388862306f,-0.10476464600969386f,-0.7232949815245121f,1.5749958213147024f,0f,0f,0f,1f], start_interpolation: 0, interpolation_duration: 1 }
$data merge entity $(bone_right_whisker16) { transformation: [0.26243979497369097f,0.8799054235626167f,-0.39609569500217867f,-1.2388025778020015f,0.9622651066186498f,-0.2692355914408009f,0.039472279966081575f,2.032241393007919f,-0.07191118548852948f,-0.39150816324390236f,-0.9173604196361541f,1.6285076907224678f,0f,0f,0f,1f], start_interpolation: 0, interpolation_duration: 1 }
$data merge entity $(bone_right_whisker15) { transformation: [-0.8381224435611756f,0.3750452905980621f,-0.39609569500217867f,-0.9564273404693789f,0.3925330439060748f,0.918890498675501f,0.039472279966081575f,1.8999914905200326f,0.37877246341421833f,-0.1223980450991943f,-0.9173604196361541f,1.5008939213104509f,0f,0f,0f,1f], start_interpolation: 0, interpolation_duration: 1 }
$data merge entity $(bone_right_whisker14) { transformation: [-0.6941123175841384f,-0.6010959083030902f,-0.39609569500217867f,-0.722571139720817f,-0.6669059816922261f,0.7440956596415594f,0.039472279966081575f,2.1246814941175107f,0.27100646147482244f,0.29155678404707946f,-0.9173604196361541f,1.4095880334112187f,0f,0f,0f,1f], start_interpolation: 0, interpolation_duration: 1 }
$data merge entity $(bone_right_whisker13) { transformation: [-0.12727854698538305f,-0.9773565327945877f,-0.1690395790370753f,-0.6796892073868744f,-0.9675099234201744f,0.0848002501478735f,0.2381878789072746f,2.4506491929260656f,-0.21845988089527593f,0.19386367730598753f,-0.9563953968211172f,1.4831902393769123f,0f,0f,0f,1f], start_interpolation: 0, interpolation_duration: 1 }
$data merge entity $(bone_right_whisker12) { transformation: [0.01131143100645423f,-0.990439322223147f,-0.13748454648701203f,-0.684770514284305f,-0.894181168754581f,-0.07155983499814281f,0.44194934942788444f,2.8523321398275376f,-0.4475623855657198f,0.11793701288904906f,-0.8864416348624035f,1.684243654767763f,0f,0f,0f,1f], start_interpolation: 0, interpolation_duration: 1 }
$data merge entity $(bone_right_whisker11) { transformation: [0.2652649121361498f,-0.9556788927176839f,-0.12771992954626274f,-0.8039324865329661f,-0.9468392397865752f,-0.2832064788779066f,0.152609122669513f,3.2776700795754135f,-0.18201642890074876f,0.08044839548107505f,-0.9799990179968241f,1.7660088474380213f,0f,0f,0f,1f], start_interpolation: 0, interpolation_duration: 1 }
$data merge entity $(bone_right_whisker10) { transformation: [0.07064545734785728f,-0.9973249773750603f,-0.018764563942372553f,-0.8356677505759489f,-0.9934531324266684f,-0.06865319754902525f,-0.09131052588795832f,3.7239478539077058f,0.08977802085005582f,0.025092388689198622f,-0.9956456593598535f,1.7256788771342852f,0f,0f,0f,1f], start_interpolation: 0, interpolation_duration: 1 }
$data merge entity $(bone_right_whisker1) { transformation: [-0.365931466989996f,-0.9295313676565664f,-0.04544885047020117f,-0.6712844743890366f,-0.9201415073916006f,0.354055646848219f,0.16728480298581494f,4.137292671681276f,-0.13940504955582877f,0.10303414714259798f,-0.9848604960505496f,1.7883022392394428f,0f,0f,0f,1f], start_interpolation: 0, interpolation_duration: 1 }
$data merge entity $(bone_left_whisker16) { transformation: [0.2529802682468465f,-0.9474690094218114f,0.1957126977561871f,1.149310449620786f,-0.9673170255317747f,-0.2513244775395077f,0.03367163651879157f,2.0088341680455595f,0.017284559413350664f,-0.19783448429114847f,-0.9800830377223871f,1.3754043160514098f,0f,0f,0f,1f], start_interpolation: 0, interpolation_duration: 1 }
$data merge entity $(bone_left_whisker15) { transformation: [-0.9063427295811213f,-0.3744855090286371f,0.1957126977561871f,0.8439508385802715f,-0.37543456980629125f,0.9262370672179512f,0.03367163651879157f,1.882344981929182f,-0.19388589512857105f,-0.04295926953581801f,-0.9800830377223871f,1.310081431462194f,0f,0f,0f,1f], start_interpolation: 0, interpolation_duration: 1 }
$data merge entity $(bone_left_whisker14) { transformation: [-0.7224361218819316f,0.6631610586706594f,0.1957126977561871f,0.6005519498602852f,0.6807903613727162f,0.7317039734456503f,0.03367163651879157f,2.1117128282901065f,-0.1208740404809944f,0.15756492473471764f,-0.9800830377223871f,1.2693572674329527f,0f,0f,0f,1f], start_interpolation: 0, interpolation_duration: 1 }
$data merge entity $(bone_left_whisker13) { transformation: [-0.059885198463766616f,0.9977365616735131f,-0.03058621429453262f,0.5803757843622388f,0.9693444194612827f,0.06544126342783908f,0.2368308204187902f,2.4382985946125113f,0.2382963689698698f,-0.015465915455736143f,-0.9710693311988038f,1.3496426651815905f,0f,0f,0f,1f], start_interpolation: 0, interpolation_duration: 1 }
$data merge entity $(bone_left_whisker12) { transformation: [0.12219717533291709f,0.9915815973971118f,-0.04282272812477114f,0.6352690467188227f,0.8928725765953694f,-0.09098672518839596f,0.4410215162590574f,2.8393936973799625f,0.43341251978294654f,-0.09212682314550434f,-0.896474336583326f,1.5443396955528361f,0f,0f,0f,1f], start_interpolation: 0, interpolation_duration: 1 }
$data merge entity $(bone_left_whisker11) { transformation: [0.3158247509081911f,0.945640055378237f,-0.07758616099552575f,0.7771434465408618f,0.9411436565750639f,-0.3018423641279896f,0.15211773370039688f,3.262173074357042f,0.12042983186195094f,-0.12106226861359706f,-0.9853124289867817f,1.598439034084572f,0f,0f,0f,1f], start_interpolation: 0, interpolation_duration: 1 }
$data merge entity $(bone_left_whisker10) { transformation: [0.06950233417602078f,0.9789095704732826f,-0.1921079862470528f,0.8083651982214961f,0.9920794659182128f,-0.08802337228895181f,-0.08961149052613135f,3.707833771937489f,-0.10463153849351098f,-0.184358180634041f,-0.9772739136934884f,1.55143658515194f,0f,0f,0f,1f], start_interpolation: 0, interpolation_duration: 1 }
$data merge entity $(bone_left_whisker1) { transformation: [-0.31067903282679465f,0.9371645766388008f,-0.1587485270962367f,0.6688023514438345f,0.9267733434894918f,0.33575912092892396f,0.1683953161769809f,4.124157734833159f,0.21111539109955124f,-0.09480700926858475f,-0.9728524670444283f,1.6462735772474415f,0f,0f,0f,1f], start_interpolation: 0, interpolation_duration: 1 }
$data merge entity $(bone_upper_left_tooth1) { transformation: [-0.9993396335477468f,0.03540268374407586f,0.008182102686474301f,0.3032305075547862f,0.036231114330047f,0.9879542506213065f,0.15044502329321724f,4.349313040147022f,-0.0027573855476024367f,0.1506421211448197f,-0.9885845174601571f,2.749467022661532f,0f,0f,0f,1f], start_interpolation: 0, interpolation_duration: 1 }
$data merge entity $(bone_upper_right_tooth1) { transformation: [-0.9993396335477468f,0.03540268374407586f,0.008182102686474301f,-0.3701526439568791f,0.036231114330047f,0.9879542506213065f,0.15044502329321724f,4.373726583982698f,-0.0027573855476024367f,0.1506421211448197f,-0.9885845174601571f,2.747609018728089f,0f,0f,0f,1f], start_interpolation: 0, interpolation_duration: 1 }
$data merge entity $(bone_top_lip1) { transformation: [-0.9993396335477468f,0.035485325817034175f,-0.00781591148324948f,-0.0010296016823858369f,0.036231114330047f,0.9568093934168147f,-0.2884494600857336f,4.482549650769505f,-0.0027573855476024367f,-0.2885421569216655f,-0.9574632214889172f,2.7672250364897626f,0f,0f,0f,1f], start_interpolation: 0, interpolation_duration: 1 }
$data merge entity $(bone_muzzle1) { transformation: [-0.9993396335477468f,0.03540268374407586f,0.008182102686474301f,0.009528671745910853f,0.036231114330047f,0.9879542506213065f,0.15044502329321724f,4.7334558974743635f,-0.0027573855476024367f,0.1506421211448197f,-0.9885845174601571f,2.237488384495516f,0f,0f,0f,1f], start_interpolation: 0, interpolation_duration: 1 }
$data merge entity $(bone_jaw_right_tooth1) { transformation: [-0.9993396335477468f,0.03443102044805454f,-0.011610411343303602f,-0.3770687071253178f,0.036231114330047f,0.9199719705256941f,-0.39030613600285f,4.184964272445222f,-0.0027573855476024367f,-0.3904690490653232f,-0.9206119261376992f,2.7738756182195337f,0f,0f,0f,1f], start_interpolation: 0, interpolation_duration: 1 }
$data merge entity $(bone_jaw_left_tooth1) { transformation: [-0.9993396335477468f,0.03443102044805454f,-0.011610411343303602f,0.35242970701231957f,0.036231114330047f,0.9199719705256941f,-0.39030613600285f,4.15851626662324f,-0.0027573855476024367f,-0.3904690490653232f,-0.9206119261376992f,2.775888455814097f,0f,0f,0f,1f], start_interpolation: 0, interpolation_duration: 1 }
$data merge entity $(bone_tongue1) { transformation: [-0.9993396335477468f,0.03600094468077403f,0.004922276175400068f,-0.008589158320126848f,0.036231114330047f,0.9975526589565937f,0.05979965688056893f,4.213810948782669f,-0.0027573855476024367f,0.05993850674418372f,-0.9981982629889815f,1.9758456523672332f,0f,0f,0f,1f], start_interpolation: 0, interpolation_duration: 1 }
$data merge entity $(bone_jaw_lips1) { transformation: [-0.9993396335477468f,0.03600094468077403f,0.004922276175400068f,0.038454223673957774f,0.036231114330047f,0.9975526589565937f,0.05979965688056893f,4.029216275489961f,-0.0027573855476024367f,0.05993850674418372f,-0.9981982629889815f,2.865078177913426f,0f,0f,0f,1f], start_interpolation: 0, interpolation_duration: 1 }
$data merge entity $(bone_jaw3) { transformation: [-0.9993396335477468f,0.03592406265309411f,-0.005455139150528785f,0.030527278710704944f,0.036231114330047f,0.9737714783767382f,-0.22462505259740229f,3.7453850286662234f,-0.0027573855476024367f,-0.22467436351858044f,-0.9744300011814411f,2.0085377926074868f,0f,0f,0f,1f], start_interpolation: 0, interpolation_duration: 1 }
$data merge entity $(bone_jaw1) { transformation: [-0.9993396335477468f,0.02925951419542837f,0.02154478242411812f,0.04988391916987357f,0.036231114330047f,0.847394313602249f,0.529726517770233f,4.221311196975417f,-0.0027573855476024367f,0.5301572956242528f,-0.8478948276297721f,1.2467572834088632f,0f,0f,0f,1f], start_interpolation: 0, interpolation_duration: 1 }
$data merge entity $(bone_tear_right1) { transformation: [-0.9993396335477468f,0.03455484860718992f,0.011236514512483302f,-0.5938186809268197f,0.036231114330047f,0.97108263867834f,0.23597842107259814f,4.825857542764376f,-0.0027573855476024367f,0.23622970028183907f,-0.9716933289519357f,2.1836056028973334f,0f,0f,0f,1f], start_interpolation: 0, interpolation_duration: 1 }
$data merge entity $(bone_right_pupil1) { transformation: [-0.9993396335477468f,0.03455484860718992f,0.011236514512483302f,-0.40551514987490034f,0.036231114330047f,0.97108263867834f,0.23597842107259814f,4.912300073802387f,-0.0027573855476024367f,0.23622970028183907f,-0.9716933289519357f,2.2761216850487345f,0f,0f,0f,1f], start_interpolation: 0, interpolation_duration: 1 }
$data merge entity $(bone_right_sad_pupil1) { transformation: [-0.9993396335477468f,0.03455484860718992f,0.011236514512483302f,-0.405388958549809f,0.036231114330047f,0.97108263867834f,0.23597842107259814f,4.914950222085917f,-0.0027573855476024367f,0.23622970028183907f,-0.9716933289519357f,2.2652091134833565f,0f,0f,0f,1f], start_interpolation: 0, interpolation_duration: 1 }
$data merge entity $(bone_right_happy_pupil1) { transformation: [-0.9993396335477468f,0.03455484860718992f,0.011236514512483302f,-0.4344163861755756f,0.036231114330047f,0.97108263867834f,0.23597842107259814f,4.888703505972975f,-0.0027573855476024367f,0.23622970028183907f,-0.9716933289519357f,2.2584993568716873f,0f,0f,0f,1f], start_interpolation: 0, interpolation_duration: 1 }
$data merge entity $(bone_eyelid_right1) { transformation: [-0.9993396335477468f,0.03455484860718992f,0.011236514512483302f,0.031068153325205176f,0.036231114330047f,0.97108263867834f,0.23597842107259814f,4.977263699810586f,-0.0027573855476024367f,0.23622970028183907f,-0.9716933289519357f,1.7075079040618228f,0f,0f,0f,1f], start_interpolation: 0, interpolation_duration: 1 }
$data merge entity $(bone_eyelid_expressions_right5) { transformation: [-0.9993396335477468f,0.03455484860718992f,0.011236514512483302f,-0.5305730319774238f,0.036231114330047f,0.97108263867834f,0.23597842107259814f,5.028686603907312f,-0.0027573855476024367f,0.23622970028183907f,-0.9716933289519357f,2.291382699722086f,0f,0f,0f,1f], start_interpolation: 0, interpolation_duration: 1 }
$data merge entity $(bone_eyelid_expressions_right7) { transformation: [-0.9993396335477468f,0.03455484860718992f,0.011236514512483302f,-0.1938814562215911f,0.036231114330047f,0.97108263867834f,0.23597842107259814f,5.016479831989474f,-0.0027573855476024367f,0.23622970028183907f,-0.9716933289519357f,2.2923117016888073f,0f,0f,0f,1f], start_interpolation: 0, interpolation_duration: 1 }
$data merge entity $(bone_eyelid_expressions_right6) { transformation: [-0.9993396335477468f,0.03455484860718992f,0.011236514512483302f,-0.30611198147353536f,0.036231114330047f,0.97108263867834f,0.23597842107259814f,5.0205487559620865f,-0.0027573855476024367f,0.23622970028183907f,-0.9716933289519357f,2.2920020343665666f,0f,0f,0f,1f], start_interpolation: 0, interpolation_duration: 1 }
$data merge entity $(bone_right_eye1) { transformation: [-0.9993396335477468f,0.03455484860718992f,0.011236514512483302f,0.019718909474919392f,0.036231114330047f,0.97108263867834f,0.23597842107259814f,4.9750204439243175f,-0.0027573855476024367f,0.23622970028183907f,-0.9716933289519357f,1.718389508894977f,0f,0f,0f,1f], start_interpolation: 0, interpolation_duration: 1 }
$data merge entity $(bone_tear_left1) { transformation: [-0.9993396335477468f,0.03455484860718992f,0.011236514512483302f,0.6182709917941779f,0.036231114330047f,0.97108263867834f,0.23597842107259814f,4.781913163860159f,-0.0027573855476024367f,0.23622970028183907f,-0.9716933289519357f,2.1869500099775308f,0f,0f,0f,1f], start_interpolation: 0, interpolation_duration: 1 }
$data merge entity $(bone_left_sad_pupil1) { transformation: [-0.9993396335477468f,0.03455484860718992f,0.011236514512483302f,0.4363399808397726f,0.036231114330047f,0.97108263867834f,0.23597842107259814f,4.884433292291322f,-0.0027573855476024367f,0.23622970028183907f,-0.9716933289519357f,2.2675316184001604f,0f,0f,0f,1f], start_interpolation: 0, interpolation_duration: 1 }
$data merge entity $(bone_left_pupil1) { transformation: [-0.9993396335477468f,0.03455484860718992f,0.011236514512483302f,0.43621378951468126f,0.036231114330047f,0.97108263867834f,0.23597842107259814f,4.881783144007792f,-0.0027573855476024367f,0.23622970028183907f,-0.9716933289519357f,2.2784441899655383f,0f,0f,0f,1f], start_interpolation: 0, interpolation_duration: 1 }
$data merge entity $(bone_eyelid_left1) { transformation: [-0.9993396335477468f,0.03455484860718992f,0.011236514512483302f,0.008622048274816335f,0.036231114330047f,0.97108263867834f,0.23597842107259814f,4.978077484605109f,-0.0027573855476024367f,0.23622970028183907f,-0.9716933289519357f,1.7074459705973748f,0f,0f,0f,1f], start_interpolation: 0, interpolation_duration: 1 }
$data merge entity $(bone_left_happy_pupil1) { transformation: [-0.9993396335477468f,0.03455484860718992f,0.011236514512483302f,0.4634278158399781f,0.036231114330047f,0.97108263867834f,0.23597842107259814f,4.856152114192074f,-0.0027573855476024367f,0.23622970028183907f,-0.9716933289519357f,2.2609766954496116f,0f,0f,0f,1f], start_interpolation: 0, interpolation_duration: 1 }
$data merge entity $(bone_eyelid_expressions_left5) { transformation: [-0.9993396335477468f,0.03455484860718992f,0.011236514512483302f,0.5692861154916297f,0.036231114330047f,0.97108263867834f,0.23597842107259814f,4.9888111489757065f,-0.0027573855476024367f,0.23622970028183907f,-0.9716933289519357f,2.2944174394800427f,0f,0f,0f,1f], start_interpolation: 0, interpolation_duration: 1 }
$data merge entity $(bone_eyelid_expressions_left7) { transformation: [-0.9993396335477468f,0.03455484860718992f,0.011236514512483302f,0.23259453973579686f,0.036231114330047f,0.97108263867834f,0.23597842107259814f,5.001017920893545f,-0.0027573855476024367f,0.23622970028183907f,-0.9716933289519357f,2.293488437513321f,0f,0f,0f,1f], start_interpolation: 0, interpolation_duration: 1 }
$data merge entity $(bone_eyelid_expressions_left6) { transformation: [-0.9993396335477468f,0.03455484860718992f,0.011236514512483302f,0.3448250649877411f,0.036231114330047f,0.97108263867834f,0.23597842107259814f,4.996948996920932f,-0.0027573855476024367f,0.23622970028183907f,-0.9716933289519357f,2.293798104835562f,0f,0f,0f,1f], start_interpolation: 0, interpolation_duration: 1 }
$data merge entity $(bone_left_eye1) { transformation: [-0.9993396335477468f,0.03455484860718992f,0.011236514512483302f,0.019718909474919392f,0.036231114330047f,0.97108263867834f,0.23597842107259814f,4.9750204439243175f,-0.0027573855476024367f,0.23622970028183907f,-0.9716933289519357f,1.718389508894977f,0f,0f,0f,1f], start_interpolation: 0, interpolation_duration: 1 }
$data merge entity $(bone_crest_middle5) { transformation: [-0.9993396335477468f,0.03616778758492509f,0.003491126160252854f,0.06224463809633313f,0.036231114330047f,0.9991391810798285f,0.02020403884210978f,6.20814941037569f,-0.0027573855476024367f,0.02031718416371109f,-0.9997897823305657f,2.5089900515769177f,0f,0f,0f,1f], start_interpolation: 0, interpolation_duration: 1 }
$data merge entity $(bone_crest_middle4) { transformation: [-0.9993396335477468f,0.03616778758492509f,0.003491126160252854f,0.03787376560258478f,0.036231114330047f,0.9991391810798285f,0.02020403884210978f,5.534901329374633f,-0.0027573855476024367f,0.02031718416371109f,-0.9997897823305657f,2.4952997614666046f,0f,0f,0f,1f], start_interpolation: 0, interpolation_duration: 1 }
$data merge entity $(bone_crest_middle1) { transformation: [-0.9993396335477468f,0.03616778758492509f,0.003491126160252854f,0.019301557603312352f,0.036231114330047f,0.9991391810798285f,0.02020403884210978f,5.028263505161713f,-0.0027573855476024367f,0.02031718416371109f,-0.9997897823305657f,2.569243212486068f,0f,0f,0f,1f], start_interpolation: 0, interpolation_duration: 1 }
$data merge entity $(bone_crest_left5) { transformation: [-0.566088057437326f,-0.8157498036739116f,0.11872897301336811f,-1.0648008651015393f,-0.799535827099214f,0.5783955296186246f,0.16186745349812376f,5.602091922922577f,-0.2007156506394329f,-0.0032968353258040067f,-0.9796439957786829f,2.450485518926851f,0f,0f,0f,1f], start_interpolation: 0, interpolation_duration: 1 }
$data merge entity $(bone_crest_left4) { transformation: [-0.566088057437326f,-0.8157498036739116f,0.11872897301336811f,-0.6067382312026144f,-0.799535827099214f,0.5783955296186246f,0.16186745349812376f,5.277309276896494f,-0.2007156506394329f,-0.0032968353258040067f,-0.9796439957786829f,2.452336769231868f,0f,0f,0f,1f], start_interpolation: 0, interpolation_duration: 1 }
$data merge entity $(bone_crest_left1) { transformation: [-0.566088057437326f,-0.8157498036739116f,0.11872897301336811f,-0.09620242380806646f,-0.799535827099214f,0.5783955296186246f,0.16186745349812376f,4.9291376031585665f,-0.2007156506394329f,-0.0032968353258040067f,-0.9796439957786829f,2.399363838163798f,0f,0f,0f,1f], start_interpolation: 0, interpolation_duration: 1 }
$data merge entity $(bone_crest_center1) { transformation: [-0.9993396335477468f,0.03455484860718992f,0.011236514512483302f,0.015057945993416408f,0.036231114330047f,0.97108263867834f,0.23597842107259814f,4.897804745100416f,-0.0027573855476024367f,0.23622970028183907f,-0.9716933289519357f,2.3930411647139946f,0f,0f,0f,1f], start_interpolation: 0, interpolation_duration: 1 }
$data merge entity $(bone_crest_right5) { transformation: [-0.5078015299839994f,0.8554980611725708f,-0.10129498248127385f,1.1427492227490952f,0.8384697541782206f,0.5178043447677471f,0.16984443431552138f,5.522057070969115f,0.1977525662898569f,0.0013144845441278308f,-0.9802510875567338f,2.456576607985571f,0f,0f,0f,1f], start_interpolation: 0, interpolation_duration: 1 }
$data merge entity $(bone_crest_right4) { transformation: [-0.5078015299839994f,0.8554980611725708f,-0.10129498248127385f,0.6623670106648879f,0.8384697541782206f,0.5178043447677471f,0.16984443431552138f,5.2312977953426945f,0.1977525662898569f,0.0013144845441278308f,-0.9802510875567338f,2.455838494105812f,0f,0f,0f,1f], start_interpolation: 0, interpolation_duration: 1 }
$data merge entity $(bone_crest_right1) { transformation: [-0.5078015299839994f,0.8554980611725708f,-0.10129498248127385f,0.12825862669582197f,0.8384697541782206f,0.5178043447677471f,0.16984443431552138f,4.920999755213342f,0.1977525662898569f,0.0013144845441278308f,-0.9802510875567338f,2.3999831728082794f,0f,0f,0f,1f], start_interpolation: 0, interpolation_duration: 1 }
$data merge entity $(bone_head1) { transformation: [-1.047484902351479f,0.03621960042810921f,0.011777857008527414f,0.02471909661772434f,0.03797662374438518f,1.017866567885499f,0.247347173129481f,5.066250033381753f,-0.0028902283409114066f,0.24761055823812547f,-1.0185066794352966f,1.1049332214649916f,0f,0f,0f,1f], start_interpolation: 0, interpolation_duration: 1 }
$data merge entity $(bone_neck10) { transformation: [-1.4949936643071036f,0.05298213565748665f,-0.06619001938977256f,-0.03833593289473461f,0.04216465200010593f,1.478811098366343f,0.23137449979258606f,4.787461034974068f,0.07355520027405774f,0.229139499723926f,-1.4779306492061597f,-0.016834216011574976f,0f,0f,0f,1f], start_interpolation: 0, interpolation_duration: 1 }
$data merge entity $(bone_neck9) { transformation: [-1.143670153194935f,0.04401318308305787f,-0.04763999270054388f,-0.09209587247605622f,0.03225595878008106f,1.1159275091127288f,0.2566193601955545f,3.3526211037423765f,0.05626972820965421f,0.2548662053291789f,-1.1153766554697357f,-0.2869883671433847f,0f,0f,0f,1f], start_interpolation: 0, interpolation_duration: 1 }
$data merge entity $(bone_neck8) { transformation: [-1.0614516460517078f,0.013210991475869115f,-0.05861749052341712f,-0.10010773566270621f,0.029471839818318243f,1.018280046514874f,-0.3041829957842952f,2.6024368390533192f,0.05236364338700824f,-0.3053217220749446f,-1.0170185997696146f,-0.027168686240441053f,0f,0f,0f,1f], start_interpolation: 0, interpolation_duration: 1 }
$data merge entity $(bone_neck7) { transformation: [-1.0535438540880147f,-0.030302097288568437f,-0.059613280963977264f,-0.07143147276662876f,0f,0.9410653636113617f,-0.47835404698300577f,1.7610449968323758f,0.06687271766106084f,-0.47739331495626736f,-0.9391753166058477f,0.42461047855289386f,0f,0f,0f,1f], start_interpolation: 0, interpolation_duration: 1 }
$data merge entity $(bone_neck6) { transformation: [-1.047566300305955f,-0.017209731890554348f,-0.06422759380018722f,-0.0567702509890717f,0f,1.01390768862361f,-0.27167574636640235f,0.8627986866795698f,0.06649329798638814f,-0.2711301095267677f,-1.0118713442156118f,0.655590176065034f,0f,0f,0f,1f], start_interpolation: 0, interpolation_duration: 1 }
$data merge entity $(bone_neck_spine6) { transformation: [-1.2183745648384892f,-0.3154928553534783f,-0.18977103702157014f,-0.10738186396063759f,-0.19068179258854867f,-0.020471439473842466f,1.2582554361725586f,0.3328595152024886f,-0.31494323654676337f,1.2328951889367918f,-0.027669104912724972f,-2.0019544080979803f,0f,0f,0f,1f], start_interpolation: 0, interpolation_duration: 1 }
$data merge entity $(bone_neck_spine7) { transformation: [-0.9320653584877954f,-0.35713639396613533f,-0.06089140835851631f,0.9603062828166092f,-0.1314956547570483f,0.1768749224652172f,0.9754097367685737f,0.6441350265551471f,-0.3375841528967752f,0.9171525815848685f,-0.21182087197719177f,-5.429325963637999f,0f,0f,0f,1f], start_interpolation: 0, interpolation_duration: 1 }
$data merge entity $(bone_tail6) { transformation: [-1.5775122622258693f,-0.37470515294836715f,-0.5799595230773361f,1.8281640409816164f,-0.6435051138615866f,0.2734896160977471f,1.5736602351993962f,-0.15511456857562356f,-0.25031613709095196f,1.6583429729002908f,-0.39056670783774705f,-9.194127742187991f,0f,0f,0f,1f], start_interpolation: 0, interpolation_duration: 1 }
$data merge entity $(bone_tail5) { transformation: [-1.3031623035778919f,-0.3095390393921294f,-0.4790969973247559f,1.6326657003129033f,-0.5315911810160933f,0.22592620460248672f,1.2999801942951534f,-0.01242433408984249f,-0.20678289585774293f,1.369935499352414f,-0.32264206299639975f,-8.328905321544362f,0f,0f,0f,1f], start_interpolation: 0, interpolation_duration: 1 }
$data merge entity $(bone_tail4) { transformation: [-0.9602248552679202f,-0.22808139744683215f,-0.3530188401340306f,1.5349165299785466f,-0.3916987649592266f,0.16647194023341125f,0.9578801431648497f,0.05892078315304805f,-0.1523663443162316f,1.0094261574175682f,-0.23773625694471556f,-7.896294111222546f,0f,0f,0f,1f], start_interpolation: 0, interpolation_duration: 1 }
$data merge entity $(bone_segment18) { transformation: [-0.916090296702811f,-0.21759815309213304f,-0.33679312946948514f,1.4127300670606007f,-0.3736952192406038f,0.15882043490591286f,0.9138533539759064f,0.14810217970666123f,-0.14536317072654148f,0.963030172542475f,-0.22680924886154233f,-7.355530098320277f,0f,0f,0f,1f], start_interpolation: 0, interpolation_duration: 1 }
$data merge entity $(bone_segment17) { transformation: [-0.916090296702811f,-0.21759815309213304f,-0.33679312946948514f,1.253887665267271f,-0.3736952192406038f,0.15882043490591286f,0.9138533539759064f,0.2640379952263585f,-0.14536317072654148f,0.963030172542475f,-0.22680924886154233f,-6.652536881547327f,0f,0f,0f,1f], start_interpolation: 0, interpolation_duration: 1 }
$data merge entity $(bone_segment16) { transformation: [-0.9788372990914055f,-0.1395448331011406f,-0.14968226836274906f,1.1206795848411333f,-0.1450667756697012f,-0.0427383106828916f,0.9884983901842069f,0.223240437909438f,-0.14433701016800846f,0.9892930184504222f,0.021590533597221864f,-5.708167813641772f,0f,0f,0f,1f], start_interpolation: 0, interpolation_duration: 1 }
$data merge entity $(bone_segment15) { transformation: [-0.9320653584877954f,-0.32920741027333866f,-0.15125028439027774f,0.7324784638401016f,-0.1314956547570483f,-0.08160656102211356f,0.987952054493617f,0.1270100449072875f,-0.3375841528967752f,0.9407246410184362f,0.03277330458926747f,-4.598866051893958f,0f,0f,0f,1f], start_interpolation: 0, interpolation_duration: 1 }
$data merge entity $(bone_segment14) { transformation: [-0.9718786211273575f,-0.33540563360845843f,-0.20403481262879558f,0.3551471260305859f,-0.134309350202149f,-0.22782248541314892f,1.0142648133567602f,-0.12929025118250498f,-0.368901263577445f,0.9665791090795705f,0.16826134923707303f,-3.511464554179441f,0f,0f,0f,1f], start_interpolation: 0, interpolation_duration: 1 }
$data merge entity $(bone_segment13) { transformation: [-0.9818665610757236f,-0.22383093461791076f,-0.19475980276379734f,0.09090067128561091f,-0.15366709167430098f,-0.19232720488285063f,0.9957360508796995f,-0.38818040593534286f,-0.2538071965112152f,0.9823459527036339f,0.15057206921967572f,-2.3324686113766298f,0f,0f,0f,1f], start_interpolation: 0, interpolation_duration: 1 }
$data merge entity $(bone_segment12) { transformation: [-1.0973211952478714f,-0.1214725348565522f,-0.16001405852919162f,-0.05584467283639846f,-0.16430774999900818f,0.031376054161339054f,1.102947137313119f,-0.35027644788808765f,-0.11559861133129258f,1.10848267812017f,-0.04875443115746826f,-0.9933620203589744f,0f,0f,0f,1f], start_interpolation: 0, interpolation_duration: 1 }
$data merge entity $(bone_segment11) { transformation: [-1.1858979505897511f,-0.02461815926264702f,-0.10081090170658506f,-0.08606324994726583f,-0.10093201162112947f,0.5423854132086887f,1.054871382420577f,0.2763865435139715f,0.0241168136056152f,1.05940306335894f,-0.5424079364542457f,0.23098440495362804f,0f,0f,0f,1f], start_interpolation: 0, interpolation_duration: 1 }
$data merge entity $(bone_segment10) { transformation: [-1.046005753096524f,0.02931272474535693f,-0.06072830215105542f,-0.051763102360161f,-0.002699098409157864f,0.9250079240872369f,0.49297895824139554f,1.2233095313863993f,0.06737861219945558f,0.4921141153929613f,-0.9230162610020756f,0.7344751212115929f,0f,0f,0f,1f], start_interpolation: 0, interpolation_duration: 1 }