# This file was generated by Animated Java via MC-Build. It is not recommended to edit this file directly.
$data merge entity $(bone_neck_spine5) { transformation: [-1.5680013400118815f,0.034726977370774646f,-0.11038582481584791f,0.006182339415003776f,0.03821524233406814f,1.5710498792730199f,-0.04859081853827946f,4.182246159072596f,0.10922723346736292f,-0.05114205153844794f,-1.5676329600994445f,-0.8753323620641014f,0f,0f,0f,1f], start_interpolation: 0, interpolation_duration: 1 }
$data merge entity $(bone_neck_spine2) { transformation: [-1.4933346095351248f,0.03981681854610603f,-0.10276500673609647f,0.044752312177252306f,0.03639546888958869f,1.4960917276554984f,0.05078576541828234f,5.804836567725028f,0.1040259366355837f,0.04815023453401116f,-1.4930018222043255f,0.7272247789144817f,0f,0f,0f,1f], start_interpolation: 0, interpolation_duration: 1 }
$data merge entity $(bone_scale_neck_left1) { transformation: [-1.571637764019758f,0.4929601396746061f,0.00034675155334804063f,0.8024579216718037f,0.45907838002053525f,1.4631943148820996f,0.6011360234856138f,4.885914025442365f,0.1796019502744002f,0.5736791598327132f,-1.5335222339010726f,0.6099523852984545f,0f,0f,0f,1f], start_interpolation: 0, interpolation_duration: 1 }
$data merge entity $(bone_scale_neck_right1) { transformation: [-1.6017532625910542f,-0.3371917387583036f,-0.18369348907823876f,-0.7655434183400771f,-0.3817366686277564f,1.4834267307601088f,0.6056214420981406f,4.924129267776434f,0.04145699508608471f,0.6315076774016296f,-1.5207019602074905f,0.7191796187658174f,0f,0f,0f,1f], start_interpolation: 0, interpolation_duration: 1 }
$data merge entity $(bone_blush_right1) { transformation: [-0.9993742438705915f,0.035355494472541535f,0.0010534223679483506f,-0.6235604461355944f,0.03454859471355313f,0.9693143739366561f,0.24338454980361263f,4.45332554915004f,0.0075838836622049224f,0.2432686446922221f,-0.9699293021752704f,2.005257349471975f,0f,0f,0f,1f], start_interpolation: 0, interpolation_duration: 1 }
$data merge entity $(bone_blush_left1) { transformation: [-0.9993742438705915f,0.035355494472541535f,0.0010534223679483506f,0.7008056172749453f,0.03454859471355313f,0.9693143739366561f,0.24338454980361263f,4.407541913382176f,0.0075838836622049224f,0.2432686446922221f,-0.9699293021752704f,1.995207222392276f,0f,0f,0f,1f], start_interpolation: 0, interpolation_duration: 1 }
$data merge entity $(bone_left_head_scales) { transformation: [-0.8869421970300595f,0.035355494472541535f,-0.4605252741577738f,0.7382519438626755f,-0.08173750057264571f,0.9693143739366561f,0.23183749800221123f,5.210400767849363f,0.4545904971813944f,0.2432686446922221f,-0.8568359506824988f,1.7914567859858053f,0f,0f,0f,1f], start_interpolation: 0, interpolation_duration: 1 }
$data merge entity $(bone_left_head_scales2) { transformation: [-0.8192436731241408f,0.035355494472541535f,-0.5723546042941104f,0.7063097853927445f,-0.11129909075234092f,0.9693143739366561f,0.2191852113567216f,4.298532546303614f,0.5625409464596935f,0.2432686446922221f,-0.7901696337279995f,1.7362865237869671f,0f,0f,0f,1f], start_interpolation: 0, interpolation_duration: 1 }
$data merge entity $(bone_left_head_scales1) { transformation: [-0.9993742438705915f,0.035355494472541535f,0.0010534223679483506f,0.7342813561045287f,0.03454859471355313f,0.9693143739366561f,0.24338454980361263f,5.101542219995149f,0.0075838836622049224f,0.2432686446922221f,-0.9699293021752704f,1.7641365768650967f,0f,0f,0f,1f], start_interpolation: 0, interpolation_duration: 1 }
$data merge entity $(bone_right_head_scales) { transformation: [-0.8859693643949578f,0.035355494472541535f,0.46239406826233864f,-0.6085610019785513f,0.14302745613665666f,0.9693143739366561f,0.19993196660580645f,5.2569603974438f,-0.4411365232495162f,0.2432686446922221f,-0.8638396462104166f,1.8016772542024486f,0f,0f,0f,1f], start_interpolation: 0, interpolation_duration: 1 }
$data merge entity $(bone_right_head_scales2) { transformation: [-0.8180352366285801f,0.035355494472541535f,0.5740804304665198f,-0.6405031604484823f,0.16790019472617873f,0.9693143739366561f,0.17955269168324883f,4.345092175898051f,-0.5501162388486034f,0.2432686446922221f,-0.7988695076573364f,1.7465069920036105f,0f,0f,0f,1f], start_interpolation: 0, interpolation_duration: 1 }
$data merge entity $(bone_right_head_scales1) { transformation: [-0.9993742438705915f,0.035355494472541535f,0.0010534223679483506f,-0.6125315897366981f,0.03454859471355313f,0.9693143739366561f,0.24338454980361263f,5.148101849589586f,0.0075838836622049224f,0.2432686446922221f,-0.9699293021752704f,1.77435704508174f,0f,0f,0f,1f], start_interpolation: 0, interpolation_duration: 1 }
$data merge entity $(bone_head_left_fin1) { transformation: [-0.7182253592476328f,0.05701578802491284f,-0.7612993703364533f,0.7194803925411641f,0.10983433272653395f,1.0420928694105251f,-0.025574770838245303f,4.713822845778893f,0.7554892128371515f,-0.09729773617515429f,-0.7200308311781268f,1.579990523272037f,0f,0f,0f,1f], start_interpolation: 0, interpolation_duration: 1 }
$data merge entity $(bone_head_right_fin1) { transformation: [-0.7354645947185492f,0.013612643697186979f,0.7467139505006096f,-0.6273325533000627f,-0.05957994067393603f,1.0435933259730885f,-0.07770713402829107f,4.76038247537333f,-0.7444576943050178f,-0.096968365672388f,-0.7314745897664905f,1.5902109914886804f,0f,0f,0f,1f], start_interpolation: 0, interpolation_duration: 1 }
$data merge entity $(bone_right_whisker16) { transformation: [0.26420308163355655f,0.8810433514625281f,-0.3923765340830261f,-1.2063194485060431f,0.9621708628345809f,-0.2688321699459456f,0.04423228588160713f,2.0212754622826496f,-0.06651287369742942f,-0.38921957459232454f,-0.9187405294133263f,1.6181625771009147f,0f,0f,0f,1f], start_interpolation: 0, interpolation_duration: 1 }
$data merge entity $(bone_right_whisker15) { transformation: [-0.839020481236652f,0.3769420214919112f,-0.3923765340830261f,-0.9236416496518977f,0.3921207724557578f,0.9188497182316525f,0.04423228588160713f,1.889164459843942f,0.377208075038322f,-0.11674719585156604f,-0.9187405294133263f,1.4910758721319488f,0f,0f,0f,1f], start_interpolation: 0, interpolation_duration: 1 }
$data merge entity $(bone_right_whisker14) { transformation: [-0.6962108666845342f,-0.6011082137280783f,-0.3923765340830261f,-0.6890784182005656f,-0.6670432555021057f,0.7437047802554719f,0.04423228588160713f,2.1139007129183818f,0.2652239137022181f,0.29252711876644644f,-0.9187405294133263f,1.4017182058943851f,0f,0f,0f,1f], start_interpolation: 0, interpolation_duration: 1 }
$data merge entity $(bone_right_whisker13) { transformation: [-0.12789425538298682f,-0.9779896436911002f,-0.1648615063408856f,-0.6459890450490711f,-0.9663139792882666f,0.08544340735072443f,0.24276885626532405f,2.4394654813309327f,-0.22333909839548186f,0.19035672032595186f,-0.955972785258367f,1.4769642888498942f,0f,0f,0f,1f], start_interpolation: 0, interpolation_duration: 1 }
$data merge entity $(bone_right_whisker12) { transformation: [0.011719950262516682f,-0.991010166908758f,-0.13327224710838936f,-0.651253866456061f,-0.8921665529665854f,-0.0705515249395571f,0.44616288964505324f,2.840243425046391f,-0.4515545200012563f,0.11367203443318194f,-0.8849729849290632f,1.6798110458817086f,0f,0f,0f,1f], start_interpolation: 0, interpolation_duration: 1 }
$data merge entity $(bone_right_whisker11) { transformation: [0.2645322040396782f,-0.9564260347092736f,-0.12357974411773692f,-0.7700866924895102f,-0.9464186511853087f,-0.2820804452927508f,0.15723345404850933f,3.2653924285085414f,-0.18524159822915404f,0.07536486259351044f,-0.9797987996378488f,1.7630250450862115f,0f,0f,0f,1f], start_interpolation: 0, interpolation_duration: 1 }
$data merge entity $(bone_right_whisker10) { transformation: [0.06876000829896346f,-0.9975213872026548f,-0.014937982863072255f,-0.8009749774675602f,-0.993957258542915f,-0.06721475818578268f,-0.08678216678488604f,3.711896665744616f,0.08556301448978682f,0.02081485900307107f,-0.9961153106925433f,1.7245885346708776f,0f,0f,0f,1f], start_interpolation: 0, interpolation_duration: 1 }
$data merge entity $(bone_right_whisker1) { transformation: [-0.3667871492986812f,-0.9293891443317632f,-0.04126748729471709f,-0.6362073127435433f,-0.9189321105275176f,0.3550317041878648f,0.17180298385913717f,4.124698199770649f,-0.14502056182069278f,0.10093714588660208f,-0.9842665945918702f,1.7897344901762668f,0f,0f,0f,1f], start_interpolation: 0, interpolation_duration: 1 }
$data merge entity $(bone_left_whisker16) { transformation: [0.251422155195704f,-0.9470585056826152f,0.19966744023740818f,1.1827442166641648f,-0.9677775017013689f,-0.24895434746436101f,0.03779470967280013f,1.9952980347953104f,0.013914276028752795f,-0.20273608384499756f,-0.9791345531793827f,1.3744557343135593f,0f,0f,0f,1f], start_interpolation: 0, interpolation_duration: 1 }
$data merge entity $(bone_left_whisker15) { transformation: [-0.9061391123219343f,-0.372887144360673f,0.19966744023740818f,0.8774532071416381f,-0.37314482072352473f,0.9270029680038556f,0.03779470967280013f,1.8695802973445135f,-0.19918547107564097f,-0.04025760651833635f,-0.9791345531793827f,1.3073473480624889f,0f,0f,0f,1f], start_interpolation: 0, interpolation_duration: 1 }
$data merge entity $(bone_left_whisker14) { transformation: [-0.7209014591646935f,0.663652016860686f,0.19966744023740818f,0.6345713678722837f,0.68245219299626f,0.7299524396803837f,0.03779470967280013f,2.099508038148917f,-0.12066519982501533f,0.16350974381179648f,-0.9791345531793827f,1.2666935453870687f,0f,0f,0f,1f], start_interpolation: 0, interpolation_duration: 1 }
$data merge entity $(bone_left_whisker13) { transformation: [-0.059343994463287086f,0.9978896774039272f,-0.02635302737499153f,0.6145775416126802f,0.968349909987456f,0.0639587300958713f,0.2412627875819423f,2.4257587402443f,0.2424391514348029f,-0.011201454156010055f,-0.9701019458161926f,1.3483747048060208f,0f,0f,0f,1f], start_interpolation: 0, interpolation_duration: 1 }
$data merge entity $(bone_left_whisker12) { transformation: [0.12184180193692666f,0.9917997371024119f,-0.0385727466529053f,0.669311163576534f,0.8907142724001754f,-0.09211156172449472f,0.44513317685755655f,2.8258842922990666f,0.43792997184868365f,-0.08859312433965223f,-0.8946332198595968f,1.5451010593474217f,0f,0f,0f,1f], start_interpolation: 0, interpolation_duration: 1 }
$data merge entity $(bone_left_whisker11) { transformation: [0.31678877375483677f,0.9456497726898673f,-0.07342601878427754f,0.8116186205367146f,0.9400976712266393f,-0.30276262177991964f,0.15668810869749833f,3.2481937930454086f,0.12594142041900513f,-0.11866466308278792f,-0.9849149487942049f,1.6016763068012716f,0f,0f,0f,1f], start_interpolation: 0, interpolation_duration: 1 }
$data merge entity $(bone_left_whisker10) { transformation: [0.07144357194986614f,0.9794998416517243f,-0.18835040809961445f,0.8437124126235686f,0.9924327582156625f,-0.08871185194775875f,-0.08489657086391475f,3.6940131961501006f,-0.0998650912356116f,-0.18085980075253302f,-0.9784256210996606f,1.5568150353477743f,0f,0f,0f,1f], start_interpolation: 0, interpolation_duration: 1 }
$data merge entity $(bone_left_whisker1) { transformation: [-0.3100926893115588f,0.9380498768645824f,-0.15461226519867977f,0.7044129623468918f,0.926292147508318f,0.3347261499795809f,0.1730354356317687f,4.110120996788603f,0.21406863735716608f,-0.08955910358075837f,-0.9727043669408793f,1.6529786810355638f,0f,0f,0f,1f], start_interpolation: 0, interpolation_duration: 1 }
$data merge entity $(bone_upper_left_tooth1) { transformation: [-0.9993742438705915f,0.03531276795086343f,-0.002032020603163682f,0.34983114154469447f,0.03454859471355313f,0.9868382013112547f,0.15797708389537474f,4.328482753112631f,0.0075838836622049224f,0.15780802531055282f,-0.9874406877661978f,2.7516345149599153f,0f,0f,0f,1f], start_interpolation: 0, interpolation_duration: 1 }
$data merge entity $(bone_upper_right_tooth1) { transformation: [-0.9993742438705915f,0.03531276795086343f,-0.002032020603163682f,-0.3235753313759189f,0.03454859471355313f,0.9868382013112547f,0.15797708389537474f,4.35176256790985f,0.0075838836622049224f,0.15780802531055282f,-0.9874406877661978f,2.756744749068237f,0f,0f,0f,1f], start_interpolation: 0, interpolation_duration: 1 }
$data merge entity $(bone_top_lip1) { transformation: [-0.9993742438705915f,0.031065949755009037f,-0.016912346197451824f,0.04554923557929545f,0.03454859471355313f,0.9598391029119466f,-0.27841568045731235f,4.4610618672045765f,0.0075838836622049224f,-0.2788257579331739f,-0.9603117626175308f,2.7734715419316807f,0f,0f,0f,1f], start_interpolation: 0, interpolation_duration: 1 }
$data merge entity $(bone_muzzle1) { transformation: [-0.9993742438705915f,0.03531276795086343f,-0.002032020603163682f,0.05035689243935876f,0.03454859471355313f,0.9868382013112547f,0.15797708389537474f,4.716009536116717f,0.0075838836622049224f,0.15780802531055282f,-0.9874406877661978f,2.245584324061082f,0f,0f,0f,1f], start_interpolation: 0, interpolation_duration: 1 }
$data merge entity $(bone_jaw_right_tooth1) { transformation: [-0.9993742438705915f,0.028914185039437816f,-0.020373772149220645f,-0.32970692079986413f,0.03454859471355313f,0.9214392292460215f,-0.3869833864777872f,4.168879342148437f,0.0075838836622049224f,-0.38744511444848906f,-0.9218615774608436f,2.781877769424019f,0f,0f,0f,1f], start_interpolation: 0, interpolation_duration: 1 }
$data merge entity $(bone_jaw_left_tooth1) { transformation: [-0.9993742438705915f,0.028914185039437816f,-0.020373772149220645f,0.399816758197467f,0.03454859471355313f,0.9214392292460215f,-0.3869833864777872f,4.143659542784784f,0.0075838836622049224f,-0.38744511444848906f,-0.9218615774608436f,2.776341682473337f,0f,0f,0f,1f], start_interpolation: 0, interpolation_duration: 1 }
$data merge entity $(bone_tongue1) { transformation: [-0.9993742438705915f,0.03492305461221242f,-0.005612570234361226f,0.03033450774453978f,0.03454859471355313f,0.9977874638399589f,0.05680291900194434f,4.195343543957881f,0.0075838836622049224f,0.056573467812882416f,-0.9983696346785708f,1.979022057195103f,0f,0f,0f,1f], start_interpolation: 0, interpolation_duration: 1 }
$data merge entity $(bone_jaw_lips1) { transformation: [-0.9993742438705915f,0.03492305461221242f,-0.005612570234361226f,0.08698394379667877f,0.03454859471355313f,0.9977874638399589f,0.05680291900194434f,4.013505404714848f,0.0075838836622049224f,0.056573467812882416f,-0.9983696346785708f,2.868262457873316f,0f,0f,0f,1f], start_interpolation: 0, interpolation_duration: 1 }
$data merge entity $(bone_jaw3) { transformation: [-0.9993742438705915f,0.03201278200478139f,-0.01504335322983389f,0.07077203051536692f,0.03454859471355313f,0.9746394567403205f,-0.22109799630085203f,3.732769888691453f,0.0075838836622049224f,-0.22147936958833708f,-0.9751355667574384f,2.010819055250815f,0f,0f,0f,1f], start_interpolation: 0, interpolation_duration: 1 }
$data merge entity $(bone_jaw1) { transformation: [-0.9993742438705915f,0.033273712320827695f,0.011999198159627508f,0.08155256011190726f,0.03454859471355313f,0.845514061564144f,0.5328342765819628f,4.2114881840580605f,0.0075838836622049224f,0.5329154077015372f,-0.8461345359592067f,1.2506200580999651f,0f,0f,0f,1f], start_interpolation: 0, interpolation_duration: 1 }
$data merge entity $(bone_tear_right1) { transformation: [-0.9993742438705915f,0.035355494472541535f,0.0010534223679483506f,-0.5536526567482172f,0.03454859471355313f,0.9693143739366561f,0.24338454980361263f,4.807790578846134f,0.0075838836622049224f,0.2432686446922221f,-0.9699293021752704f,2.198487075012193f,0f,0f,0f,1f], start_interpolation: 0, interpolation_duration: 1 }
$data merge entity $(bone_right_pupil1) { transformation: [-0.9993742438705915f,0.035355494472541535f,0.0010534223679483506f,-0.36456663064892336f,0.03454859471355313f,0.9693143739366561f,0.24338454980361263f,4.893847254562201f,0.0075838836622049224f,0.2432686446922221f,-0.9699293021752704f,2.2897585367853037f,0f,0f,0f,1f], start_interpolation: 0, interpolation_duration: 1 }
$data merge entity $(bone_right_sad_pupil1) { transformation: [-0.9993742438705915f,0.035355494472541535f,0.0010534223679483506f,-0.36455480022193953f,0.03454859471355313f,0.9693143739366561f,0.24338454980361263f,4.896580577143003f,0.0075838836622049224f,0.2432686446922221f,-0.9699293021752704f,2.278865776067515f,0f,0f,0f,1f], start_interpolation: 0, interpolation_duration: 1 }
$data merge entity $(bone_right_happy_pupil1) { transformation: [-0.9993742438705915f,0.035355494472541535f,0.0010534223679483506f,-0.39360567834383536f,0.03454859471355313f,0.9693143739366561f,0.24338454980361263f,4.8703362683941185f,0.0075838836622049224f,0.2432686446922221f,-0.9699293021752704f,2.2722487349077287f,0f,0f,0f,1f], start_interpolation: 0, interpolation_duration: 1 }
$data merge entity $(bone_eyelid_right1) { transformation: [-0.9993742438705915f,0.035355494472541535f,0.0010534223679483506f,0.06615427318902262f,0.03454859471355313f,0.9693143739366561f,0.24338454980361263f,4.963879538678561f,0.0075838836622049224f,0.2432686446922221f,-0.9699293021752704f,1.7172885660060948f,0f,0f,0f,1f], start_interpolation: 0, interpolation_duration: 1 }
$data merge entity $(bone_eyelid_expressions_right5) { transformation: [-0.9993742438705915f,0.035355494472541535f,0.0010534223679483506f,-0.48965342729012484f,0.03454859471355313f,0.9693143739366561f,0.24338454980361263f,5.009901077084116f,0.0075838836622049224f,0.2432686446922221f,-0.9699293021752704f,2.3071654440001934f,0f,0f,0f,1f], start_interpolation: 0, interpolation_duration: 1 }
$data merge entity $(bone_eyelid_expressions_right7) { transformation: [-0.9993742438705915f,0.035355494472541535f,0.0010534223679483506f,-0.15295019082981814f,0.03454859471355313f,0.9693143739366561f,0.24338454980361263f,4.998261169685508f,0.0075838836622049224f,0.2432686446922221f,-0.9699293021752704f,2.3046103269460327f,0f,0f,0f,1f], start_interpolation: 0, interpolation_duration: 1 }
$data merge entity $(bone_eyelid_expressions_right6) { transformation: [-0.9993742438705915f,0.035355494472541535f,0.0010534223679483506f,-0.26518460298325375f,0.03454859471355313f,0.9693143739366561f,0.24338454980361263f,5.002141138818377f,0.0075838836622049224f,0.2432686446922221f,-0.9699293021752704f,2.305462032630753f,0f,0f,0f,1f], start_interpolation: 0, interpolation_duration: 1 }
$data merge entity $(bone_right_eye1) { transformation: [-0.9993742438705915f,0.035355494472541535f,0.0010534223679483506f,0.05491900154669526f,0.03454859471355313f,0.9693143739366561f,0.24338454980361263f,4.961534213011046f,0.0075838836622049224f,0.2432686446922221f,-0.9699293021752704f,1.7282664972923556f,0f,0f,0f,1f], start_interpolation: 0, interpolation_duration: 1 }
$data merge entity $(bone_tear_left1) { transformation: [-0.9993742438705915f,0.035355494472541535f,0.0010534223679483506f,0.6584789945088869f,0.03454859471355313f,0.9693143739366561f,0.24338454980361263f,4.765886912211141f,0.0075838836622049224f,0.2432686446922221f,-0.9699293021752704f,2.189288653617214f,0f,0f,0f,1f], start_interpolation: 0, interpolation_duration: 1 }
$data merge entity $(bone_left_sad_pupil1) { transformation: [-0.9993742438705915f,0.035355494472541535f,0.0010534223679483506f,0.47720329092882713f,0.03454859471355313f,0.9693143739366561f,0.24338454980361263f,4.86748080864648f,0.0075838836622049224f,0.2432686446922221f,-0.9699293021752704f,2.272477983432113f,0f,0f,0f,1f], start_interpolation: 0, interpolation_duration: 1 }
$data merge entity $(bone_left_pupil1) { transformation: [-0.9993742438705915f,0.035355494472541535f,0.0010534223679483506f,0.4771914605018433f,0.03454859471355313f,0.9693143739366561f,0.24338454980361263f,4.864747486065678f,0.0075838836622049224f,0.2432686446922221f,-0.9699293021752704f,2.2833707441499014f,0f,0f,0f,1f], start_interpolation: 0, interpolation_duration: 1 }
$data merge entity $(bone_eyelid_left1) { transformation: [-0.9993742438705915f,0.035355494472541535f,0.0010534223679483506f,0.0437073907583355f,0.03454859471355313f,0.9693143739366561f,0.24338454980361263f,4.964655532505135f,0.0075838836622049224f,0.2432686446922221f,-0.9699293021752704f,1.7174589071430388f,0f,0f,0f,1f], start_interpolation: 0, interpolation_duration: 1 }
$data merge entity $(bone_left_happy_pupil1) { transformation: [-0.9993742438705915f,0.035355494472541535f,0.0010534223679483506f,0.504269618883649f,0.03454859471355313f,0.9693143739366561f,0.24338454980361263f,4.839296515331161f,0.0075838836622049224f,0.2432686446922221f,-0.9699293021752704f,2.2654350894299666f,0f,0f,0f,1f], start_interpolation: 0, interpolation_duration: 1 }
$data merge entity $(bone_eyelid_expressions_left5) { transformation: [-0.9993742438705915f,0.035355494472541535f,0.0010534223679483506f,0.6102438118135438f,0.03454859471355313f,0.9693143739366561f,0.24338454980361263f,4.971877379581993f,0.0075838836622049224f,0.2432686446922221f,-0.9699293021752704f,2.298818728289935f,0f,0f,0f,1f], start_interpolation: 0, interpolation_duration: 1 }
$data merge entity $(bone_eyelid_expressions_left7) { transformation: [-0.9993742438705915f,0.035355494472541535f,0.0010534223679483506f,0.273540575353237f,0.03454859471355313f,0.9693143739366561f,0.24338454980361263f,4.983517286980602f,0.0075838836622049224f,0.2432686446922221f,-0.9699293021752704f,2.301373845344096f,0f,0f,0f,1f], start_interpolation: 0, interpolation_duration: 1 }
$data merge entity $(bone_eyelid_expressions_left6) { transformation: [-0.9993742438705915f,0.035355494472541535f,0.0010534223679483506f,0.3857749875066726f,0.03454859471355313f,0.9693143739366561f,0.24338454980361263f,4.9796373178477324f,0.0075838836622049224f,0.2432686446922221f,-0.9699293021752704f,2.3005221396593756f,0f,0f,0f,1f], start_interpolation: 0, interpolation_duration: 1 }
$data merge entity $(bone_left_eye1) { transformation: [-0.9993742438705915f,0.035355494472541535f,0.0010534223679483506f,0.05491900154669526f,0.03454859471355313f,0.9693143739366561f,0.24338454980361263f,4.961534213011046f,0.0075838836622049224f,0.2432686446922221f,-0.9699293021752704f,1.7282664972923556f,0f,0f,0f,1f], start_interpolation: 0, interpolation_duration: 1 }
$data merge entity $(bone_crest_middle5) { transformation: [-0.9993742438705915f,0.03474543041392568f,-0.00662387752258882f,0.1034089930208757f,0.03454859471355313f,0.9990158109163082f,0.02781733528844582f,6.188682006064144f,0.0075838836622049224f,0.027571082760425136f,-0.9995910764427698f,2.5277799232690135f,0f,0f,0f,1f], start_interpolation: 0, interpolation_duration: 1 }
$data merge entity $(bone_crest_middle4) { transformation: [-0.9993742438705915f,0.03474543041392568f,-0.00662387752258882f,0.07999654479274218f,0.03454859471355313f,0.9990158109163082f,0.02781733528844582f,5.515517055349053f,0.0075838836622049224f,0.027571082760425136f,-0.9995910764427698f,2.5092017522683365f,0f,0f,0f,1f], start_interpolation: 0, interpolation_duration: 1 }
$data merge entity $(bone_crest_middle1) { transformation: [-0.9993742438705915f,0.03474543041392568f,-0.00662387752258882f,0.06299513037350749f,0.03454859471355313f,0.9990158109163082f,0.02781733528844582f,5.008300319455892f,0.0075838836622049224f,0.027571082760425136f,-0.9995910764427698f,2.579462555846642f,0f,0f,0f,1f], start_interpolation: 0, interpolation_duration: 1 }
$data merge entity $(bone_crest_left5) { transformation: [-0.5667819114241982f,-0.8166813978389218f,0.10858065806669534f,-1.0231817732032973f,-0.7989485048731232f,0.5770133808654995f,0.16951945275739594f,5.58116818849134f,-0.2010958762464638f,0.009330205036894884f,-0.9795271286853855f,2.4760089696977814f,0f,0f,0f,1f], start_interpolation: 0, interpolation_duration: 1 }
$data merge entity $(bone_crest_left4) { transformation: [-0.5667819114241982f,-0.8166813978389218f,0.10858065806669534f,-0.5645960273464808f,-0.7989485048731232f,0.5770133808654995f,0.16951945275739594f,5.257161651384248f,-0.2010958762464638f,0.009330205036894884f,-0.9795271286853855f,2.4707698408928844f,0f,0f,0f,1f], start_interpolation: 0, interpolation_duration: 1 }
$data merge entity $(bone_crest_left1) { transformation: [-0.5667819114241982f,-0.8166813978389218f,0.10858065806669534f,-0.05405464846762123f,-0.7989485048731232f,0.5770133808654995f,0.16951945275739594f,4.910273375149992f,-0.2010958762464638f,0.009330205036894884f,-0.9795271286853855f,2.4100040551651056f,0f,0f,0f,1f], start_interpolation: 0, interpolation_duration: 1 }
$data merge entity $(bone_crest_center1) { transformation: [-0.9993742438705915f,0.035355494472541535f,0.0010534223679483506f,0.05718712945215845f,0.03454859471355313f,0.9693143739366561f,0.24338454980361263f,4.879179117400922f,0.0075838836622049224f,0.2432686446922221f,-0.9699293021752704f,2.4023223846248776f,0f,0f,0f,1f], start_interpolation: 0, interpolation_duration: 1 }
$data merge entity $(bone_crest_right5) { transformation: [-0.5071448682229457f,0.8546243476581563f,-0.11145091756015954f,1.1844447691565665f,0.8360743976901738f,0.519235961447546f,0.17712599432792403f,5.5048500372495415f,0.20924551168936495f,-0.003352719718834357f,-0.9778573899645808f,2.4592561036222973f,0f,0f,0f,1f], start_interpolation: 0, interpolation_duration: 1 }
$data merge entity $(bone_crest_right4) { transformation: [-0.5071448682229457f,0.8546243476581563f,-0.11145091756015954f,0.7045531676883634f,0.8360743976901738f,0.519235961447546f,0.17712599432792403f,5.213286875303898f,0.20924551168936495f,-0.003352719718834357f,-0.9778573899645808f,2.461138734323791f,0f,0f,0f,1f], start_interpolation: 0, interpolation_duration: 1 }
$data merge entity $(bone_crest_right1) { transformation: [-0.5071448682229457f,0.8546243476581563f,-0.11145091756015954f,0.17041417583924987f,0.8360743976901738f,0.519235961447546f,0.17712599432792403f,4.902513436884252f,0.20924551168936495f,-0.003352719718834357f,-0.9778573899645808f,2.4083006437956653f,0f,0f,0f,1f], start_interpolation: 0, interpolation_duration: 1 }
$data merge entity $(bone_head1) { transformation: [-1.0475211800987314f,0.03705881907603636f,0.001104173185154195f,0.05358438115173061f,0.036213045240117515f,1.0160131133059997f,0.25511010754154695f,5.057437681028064f,0.00794925305738927f,0.2549886184599462f,-1.0166576669936098f,1.115504553253624f,0f,0f,0f,1f], start_interpolation: 0, interpolation_duration: 1 }
$data merge entity $(bone_neck10) { transformation: [-1.4933346095351248f,0.05288970516652089f,-0.09668870014640793f,-0.03117322925254131f,0.03639546888958869f,1.476663582948881f,0.24563044257768243f,4.789450296479999f,0.1040259366355837f,0.2426141454326182f,-1.4739441178779868f,-0.007464874364226937f,0f,0f,0f,1f], start_interpolation: 0, interpolation_duration: 1 }
$data merge entity $(bone_neck9) { transformation: [-1.1424009762943712f,0.0452542220319577f,-0.0711351758870832f,-0.08536316047527744f,0.027842533700535365f,1.114782685481157f,0.2620543950539488f,3.355803030913135f,0.07957984152622158f,0.25961465297289893f,-1.1128591237362253f,-0.28379437698967536f,0f,0f,0f,1f], start_interpolation: 0, interpolation_duration: 1 }
$data merge entity $(bone_neck8) { transformation: [-1.0602636243169545f,0.004812153683795967f,-0.07815387081979835f,-0.08649352951186734f,0.02677074081628063f,1.0194741345033322f,-0.3004096435065758f,2.6046090582097743f,0.07358336621371522f,-0.3015617178166418f,-1.0168265122237188f,-0.02678615695912112f,0f,0f,0f,1f], start_interpolation: 0, interpolation_duration: 1 }
$data merge entity $(bone_neck7) { transformation: [-1.0521108266061212f,-0.03915719892974456f,-0.07717600121906108f,-0.049434278678989224f,0f,0.9414209880973167f,-0.4776537825914037f,1.7628806586344803f,0.0865414432060623f,-0.4760460584815846f,-0.9382522803947578f,0.4237545040550882f,0f,0f,0f,1f], start_interpolation: 0, interpolation_duration: 1 }
$data merge entity $(bone_neck6) { transformation: [-1.0461414034764411f,-0.02227148958633098f,-0.08311833069642836f,-0.030460871642882692f,0f,1.01390768862361f,-0.27167574636640235f,0.8646343484816743f,0.08605042792546051f,-0.27076131908998324f,-1.010494999568187f,0.6544200236115505f,0f,0f,0f,1f], start_interpolation: 0, interpolation_duration: 1 }
$data merge entity $(bone_neck_spine6) { transformation: [-1.223292954121574f,-0.3079276303628483f,-0.16947062097114046f,-0.14298094228460978f,-0.17304957300028917f,-0.006507335029564187f,1.260950779527869f,0.3296135828073561f,-0.305930649327001f,1.2349589457008856f,-0.03561191868497776f,-2.0085200453561103f,0f,0f,0f,1f], start_interpolation: 0, interpolation_duration: 1 }
$data merge entity $(bone_neck_spine7) { transformation: [-0.9091742960068223f,-0.41612185156145837f,-0.015643021880782385f,1.0157143099361343f,-0.10279868992498906f,0.18788214704726802f,0.9767971786254372f,0.6010739794041232f,-0.4035276060323568f,0.8896869693740445f,-0.21359439996362892f,-5.40689669995854f,0f,0f,0f,1f], start_interpolation: 0, interpolation_duration: 1 }
$data merge entity $(bone_tail6) { transformation: [-1.588108907449206f,-0.5444458744678372f,-0.383132777744959f,2.2657077762565816f,-0.49212640187876044f,0.2926491055149217f,1.6240289539113235f,-0.23663157650276712f,-0.4483565993508748f,1.607245198575312f,-0.42548932889351165f,-9.058638655332668f,0f,0f,0f,1f], start_interpolation: 0, interpolation_duration: 1 }
$data merge entity $(bone_tail5) { transformation: [-1.311916053979779f,-0.4497596354299524f,-0.3165009903110531f,1.9816490591429274f,-0.40653920155201945f,0.24175360890363093f,1.3415891358397891f,-0.08394508666889494f,-0.3703815385942009f,1.3277242944752576f,-0.3514911847381183f,-8.220075943032505f,0f,0f,0f,1f], start_interpolation: 0, interpolation_duration: 1 }
$data merge entity $(bone_tail4) { transformation: [-0.9666749871429948f,-0.3314018366325965f,-0.23321125601867068f,1.8396197005861004f,-0.29955520114359324f,0.1781342381395175f,0.9885393632503707f,-0.007601841751958854f,-0.27291271264835854f,0.9783231643501897f,-0.2589935045438766f,-7.800794586882424f,0f,0f,0f,1f], start_interpolation: 0, interpolation_duration: 1 }
$data merge entity $(bone_segment18) { transformation: [-0.9222439628892175f,-0.316169702526502f,-0.22249222934452062f,1.6620830023900666f,-0.2857868254388567f,0.16994670172813597f,0.9431033925171239f,0.08782721439421125f,-0.26036889852663275f,0.933356758038442f,-0.24708945526670467f,-7.276692891694823f,0f,0f,0f,1f], start_interpolation: 0, interpolation_duration: 1 }
$data merge entity $(bone_segment17) { transformation: [-0.9222439628892175f,-0.316169702526502f,-0.22249222934452062f,1.4312852947352224f,-0.2857868254388567f,0.16994670172813597f,0.9431033925171239f,0.21188498738423253f,-0.26036889852663275f,0.933356758038442f,-0.24708945526670467f,-6.595360687950939f,0f,0f,0f,1f], start_interpolation: 0, interpolation_duration: 1 }
$data merge entity $(bone_segment16) { transformation: [-0.9581876071443031f,-0.2605190859253651f,-0.11834828001997699f,1.182596421207835f,-0.11225333260566271f,-0.03820664785973999f,0.9929448329984119f,0.17541330937359204f,-0.26320277132658987f,0.9647124223974384f,0.0073650008872259455f,-5.674456007390884f,0f,0f,0f,1f], start_interpolation: 0, interpolation_duration: 1 }
$data merge entity $(bone_segment15) { transformation: [-0.9091742960068223f,-0.39789413132073675f,-0.12281025910328222f,0.7133999724092124f,-0.10279868992498906f,-0.07133349489907545f,0.9921410997711915f,0.09129690791789516f,-0.4035276060323568f,0.9146539196690732f,0.02395158457795979f,-4.595896819890487f,0f,0f,0f,1f], start_interpolation: 0, interpolation_duration: 1 }
$data merge entity $(bone_segment14) { transformation: [-0.964769539303526f,-0.36537221641665213f,-0.18546718720037064f,0.3023562289404788f,-0.11447935483842452f,-0.21519614255262637f,1.019441168273785f,-0.1507987524538095f,-0.3934328549740251f,0.9585765288835443f,0.15816707914649888f,-3.5174982248964994f,0f,0f,0f,1f], start_interpolation: 0, interpolation_duration: 1 }
$data merge entity $(bone_segment13) { transformation: [-0.9858302042038567f,-0.22066771585303274f,-0.17758991942893454f,0.041449517683485856f,-0.1394575970649389f,-0.18162193070843718f,0.9998293177986933f,-0.3969077343284809f,-0.2465441115164655f,0.9850953483237713f,0.14455714306325973f,-2.3350263261689235f,0f,0f,0f,1f], start_interpolation: 0, interpolation_duration: 1 }
$data merge entity $(bone_segment12) { transformation: [-1.10186467894517f,-0.09893651590794572f,-0.14345618252529582f,-0.07807110556101235f,-0.1473686491231928f,0.0388833519373888f,1.1050992930001335f,-0.3499345574913669f,-0.09300855735006039f,1.1104834676634254f,-0.05147579525903964f,-0.9935026739580737f,0f,0f,0f,1f], start_interpolation: 0, interpolation_duration: 1 }
$data merge entity $(bone_segment11) { transformation: [-1.1865882253541986f,0.004688253687946302f,-0.09544236276139967f,-0.0739483299276657f,-0.08275937527648569f,0.5439878229096696f,1.0556282372176253f,0.2786404410361061f,0.04777143640259266f,1.0588569826396304f,-0.5419064689230767f,0.23022885212042254f,0f,0f,0f,1f], start_interpolation: 0, interpolation_duration: 1 }
$data merge entity $(bone_segment10) { transformation: [-1.0447942496435887f,0.044288901843519864f,-0.07154486082423571f,-0.023981011337377137f,0.005390778610645417f,0.9246335200325639f,0.493658780093431f,1.2251451931885038f,0.0839709083125531f,0.4916976152381244f,-0.9218771825744899f,0.7331976696704973f,0f,0f,0f,1f], start_interpolation: 0, interpolation_duration: 1 }