# This file was generated by Animated Java via MC-Build. It is not recommended to edit this file directly.
$data merge entity $(bone_neck_spine5) { transformation: [-1.56348422664009f,0.020164505033354065f,-0.16471084160140276f,-0.001179500408592063f,0.02343066186266839f,1.5718050513721291f,-0.029984664786830758f,4.197046801842435f,0.16427803471237362f,-0.0322717953399119f,-1.5633267265972337f,-0.85920475249505f,0f,0f,0f,1f], start_interpolation: 0, interpolation_duration: 1 }
$data merge entity $(bone_neck_spine2) { transformation: [-1.489032596800085f,0.030623420394640246f,-0.15504326323370612f,0.08098694625118172f,0.02231491605968417f,1.4950379344698832f,0.08098086626668034f,5.7935133030969554f,0.1564552711546415f,0.07821804333646944f,-1.4871442322480257f,0.7699386487932021f,0f,0f,0f,1f], start_interpolation: 0, interpolation_duration: 1 }
$data merge entity $(bone_scale_neck_left1) { transformation: [-1.5677190648451242f,0.502013595379701f,-0.05739655575683955f,0.8407916442230015f,0.4426980061327982f,1.454841160908614f,0.6328591887061401f,4.883298454838527f,0.24357850874994535f,0.5869196089906134f,-1.5196216514300958f,0.6071658174330163f,0f,0f,0f,1f], start_interpolation: 0, interpolation_duration: 1 }
$data merge entity $(bone_scale_neck_right1) { transformation: [-1.5965300263129296f,-0.325746773521298f,-0.240906611489542f,-0.7226925824170878f,-0.3952779879190506f,1.4672461298725266f,0.6356093041156909f,4.906729116701195f,0.08889470279817475f,0.6738938453141043f,-1.5003399274497322f,0.7714438521453899f,0f,0f,0f,1f], start_interpolation: 0, interpolation_duration: 1 }
$data merge entity $(bone_blush_right1) { transformation: [-0.9991919458349179f,0.03537945337518919f,-0.019072222143831724f,-0.5479436633149934f,0.029269065683799254f,0.9657020095079778f,0.25799796632192884f,4.417340056593065f,0.027545910270461132f,0.25723126386799566f,-0.965957193521662f,2.035339706043621f,0f,0f,0f,1f], start_interpolation: 0, interpolation_duration: 1 }
$data merge entity $(bone_blush_left1) { transformation: [-0.9991919458349179f,0.03537945337518919f,-0.019072222143831724f,0.7761808195931936f,0.029269065683799254f,0.9657020095079778f,0.25799796632192884f,4.378552827947639f,0.027545910270461132f,0.25723126386799566f,-0.965957193521662f,1.9988359948746601f,0f,0f,0f,1f], start_interpolation: 0, interpolation_duration: 1 }
$data merge entity $(bone_left_head_scales) { transformation: [-0.8774875082537743f,0.03537945337518919f,-0.4782927629992488f,0.8057318736578062f,-0.09316822482807474f,0.9657020095079778f,0.2423619415556803f,5.1845780616355555f,0.470462915372687f,0.25723126386799566f,-0.8440952091724641f,1.8066151173167961f,0f,0f,0f,1f], start_interpolation: 0, interpolation_duration: 1 }
$data merge entity $(bone_left_head_scales2) { transformation: [-0.807550747857214f,0.03537945337518919f,-0.5887360052809132f,0.777158495937725f,-0.1240057391194362f,0.9657020095079778f,0.22812760792524872f,4.273493590993102f,0.576614573437662f,0.25723126386799566f,-0.7754661247199499f,1.7382311848206347f,0f,0f,0f,1f], start_interpolation: 0, interpolation_duration: 1 }
$data merge entity $(bone_left_head_scales1) { transformation: [-0.9991919458349179f,0.03537945337518919f,-0.019072222143831724f,0.8017585952025847f,0.029269065683799254f,0.9657020095079778f,0.25799796632192884f,5.07612519923964f,0.027545910270461132f,0.25723126386799566f,-0.965957193521662f,1.7777268406128708f,0f,0f,0f,1f], start_interpolation: 0, interpolation_duration: 1 }
$data merge entity $(bone_right_head_scales) { transformation: [-0.895100652506224f,0.03537945337518919f,0.4444582276905282f,-0.5408353970962824f,0.1450921815051445f,0.9657020095079778f,0.21533204057532146f,5.224022700935988f,-0.4215958737333784f,0.25723126386799566f,-0.8695337809078283f,1.8437375354547223f,0f,0f,0f,1f], start_interpolation: 0, interpolation_duration: 1 }
$data merge entity $(bone_right_head_scales2) { transformation: [-0.829429502278323f,0.03537945337518919f,0.557489905764406f,-0.5694087748163635f,0.17195736909806209f,0.9657020095079778f,0.1945515151447722f,4.312938230293534f,-0.5314859960179632f,0.25723126386799566f,-0.8070654948179035f,1.7753536029585608f,0f,0f,0f,1f], start_interpolation: 0, interpolation_duration: 1 }
$data merge entity $(bone_right_head_scales1) { transformation: [-0.9991919458349179f,0.03537945337518919f,-0.019072222143831724f,-0.5448086755515038f,0.029269065683799254f,0.9657020095079778f,0.25799796632192884f,5.115569838540073f,0.027545910270461132f,0.25723126386799566f,-0.965957193521662f,1.814849258750797f,0f,0f,0f,1f], start_interpolation: 0, interpolation_duration: 1 }
$data merge entity $(bone_head_left_fin1) { transformation: [-0.7038617083654564f,0.05003055404732657f,-0.7750811810279957f,0.78525239560323f,0.09470906799715771f,1.0437231951334003f,-0.018635514610808167f,4.691158005323662f,0.7708982332066565f,-0.08254716002030267f,-0.7053914363221399f,1.5880351019888828f,0f,0f,0f,1f], start_interpolation: 0, interpolation_duration: 1 }
$data merge entity $(bone_head_right_fin1) { transformation: [-0.7495630748454138f,0.00663532698182908f,0.7326570598099135f,-0.5613148751508585f,-0.05213427981597976f,1.044994360054853f,-0.06280129255669213f,4.730602644624095f,-0.7308299471980686f,-0.08135083229178637f,-0.7469570458795309f,1.625157520126809f,0f,0f,0f,1f], start_interpolation: 0, interpolation_duration: 1 }
$data merge entity $(bone_right_whisker16) { transformation: [0.26825103623463475f,0.8859377110967698f,-0.3783592916999151f,-1.142765560970791f,0.9617092927011383f,-0.2691813567215952f,0.05154254093268601f,1.99831007264127f,-0.056183786729989665f,-0.3776979868229879f,-0.9242227073917526f,1.5990987863112607f,0f,0f,0f,1f], start_interpolation: 0, interpolation_duration: 1 }
$data merge entity $(bone_right_whisker15) { transformation: [-0.8433446048453779f,0.38159418740663775f,-0.3783592916999151f,-0.8586309040648774f,0.3924067248981746f,0.9183465188744881f,0.05154254093268601f,1.866102728803506f,0.3671332724405155f,-0.10500260667515407f,-0.9242227073917526f,1.4754064240144074f,0f,0f,0f,1f], start_interpolation: 0, interpolation_duration: 1 }
$data merge entity $(bone_right_whisker14) { transformation: [-0.7022546144827091f,-0.6030611103545646f,-0.3783592916999151f,-0.6220314489901368f,-0.6664663532821212f,0.7437512799431226f,0.05154254093268601f,2.0906446154073453f,0.2503219055148239f,0.2883597245817912f,-0.9242227073917526f,1.391069453894667f,0f,0f,0f,1f], start_interpolation: 0, interpolation_duration: 1 }
$data merge entity $(bone_right_whisker13) { transformation: [-0.12760862809604398f,-0.980465829299247f,-0.1496756346637138f,-0.579038307688247f,-0.9644034207276105f,0.08741972640030196f,0.24956729257853458f,2.4155656897735813f,-0.23160759945288714f,0.1761946338928524f,-0.9567201110372013f,1.469101311132212f,0f,0f,0f,1f], start_interpolation: 0, interpolation_duration: 1 }
$data merge entity $(bone_right_whisker12) { transformation: [0.015661445657652144f,-0.9928295596887381f,-0.11850816228504699f,-0.5860737227297704f,-0.8892237078419405f,-0.06802581498751809f,0.4523866553150253f,2.815021652280703f,-0.4572044581275907f,0.0982952384581805f,-0.8839129649262453f,1.6744861263067157f,0f,0f,0f,1f], start_interpolation: 0, interpolation_duration: 1 }
$data merge entity $(bone_right_whisker11) { transformation: [0.26426155009349617f,-0.9583496039975907f,-0.10831375563539401f,-0.7047849659358332f,-0.9460523620756564f,-0.27941220798918276f,0.16405409546147026f,3.240006111806877f,-0.18748536303736896f,0.05911729479831536f,-0.9804868097544582f,1.7587080667336588f,0f,0f,0f,1f], start_interpolation: 0, interpolation_duration: 1 }
$data merge entity $(bone_right_whisker10) { transformation: [0.06428418885442995f,-0.9979316082356908f,-0.00021988054950754926f,-0.7336626288977841f,-0.9947177069883368f,-0.06405948521838563f,-0.08020639474144747f,3.6868519567430433f,0.08002641106030856f,0.005374722102909573f,-0.9967782531210857f,1.7227587023901607f,0f,0f,0f,1f], start_interpolation: 0, interpolation_duration: 1 }
$data merge entity $(bone_right_whisker1) { transformation: [-0.36750054030856183f,-0.9296626690932606f,-0.025897385337331214f,-0.5685744955560473f,-0.9167479208810546f,0.3574261557015047f,0.17838103256991078f,4.09867231182633f,-0.1565777839707121f,0.08929650001449507f,-0.9836206243526935f,1.7930963787832541f,0f,0f,0f,1f], start_interpolation: 0, interpolation_duration: 1 }
$data merge entity $(bone_left_whisker16) { transformation: [0.24808694509361723f,-0.9446911161212278f,0.21450306010811596f,1.2496004871385478f,-0.9686717964487933f,-0.24449643999847803f,0.043548152575493326f,1.966050471027468f,0.011305681703653758f,-0.2185867927156169f,-0.9757520154278523f,1.3911635604495087f,0f,0f,0f,1f], start_interpolation: 0, interpolation_duration: 1 }
$data merge entity $(bone_left_whisker15) { transformation: [-0.904227308381306f,-0.3692714610984077f,0.21450306010811596f,0.9449535912483618f,-0.36884178016209884f,0.9284714856225342f,0.043548152575493326f,1.8417824884533234f,-0.2152410648188508f,-0.039740261752178554f,-0.9757520154278523f,1.3186458188845638f,0f,0f,0f,1f], start_interpolation: 0, interpolation_duration: 1 }
$data merge entity $(bone_left_whisker14) { transformation: [-0.7168165740104671f,0.6634473878373107f,0.21450306010811596f,0.7034480072311637f,0.6856016654717385f,0.7266731828749704f,0.043548152575493326f,2.0727713308241724f,-0.12698171335383407f,0.17827969279255873f,-0.9757520154278523f,1.275863893975313f,0f,0f,0f,1f], start_interpolation: 0, interpolation_duration: 1 }
$data merge entity $(bone_left_whisker13) { transformation: [-0.05988843963393042f,0.9981447334344581f,-0.010975696573255464f,0.6832707497373103f,0.9669317046887984f,0.060739365945809184f,0.24769700824215837f,2.3985442196109257f,0.2479041211150548f,0.004221438327890719f,-0.9687753744767752f,1.3593862785306783f,0f,0f,0f,1f], start_interpolation: 0, interpolation_duration: 1 }
$data merge entity $(bone_left_whisker12) { transformation: [0.11808492784687147f,0.9927211660485361f,-0.023677759493552518f,0.7363167134185221f,0.8874202193122666f,-0.09479975932053436f,0.4511079249897277f,2.797190021255108f,0.4455797394082994f,-0.07428116929615536f,-0.8921552576299867f,1.5595490520930002f,0f,0f,0f,1f], start_interpolation: 0, interpolation_duration: 1 }
$data merge entity $(bone_left_whisker11) { transformation: [0.31786298287923126f,0.9463554270538381f,-0.05809070322233867f,0.8791067252588018f,0.938202766676925f,-0.30509599728308306f,0.16337686813501048f,3.2186482953482582f,0.1368893447821311f,-0.10643231712026749f,-0.9848520036825481f,1.6210423124443483f,0f,0f,0f,1f], start_interpolation: 0, interpolation_duration: 1 }
$data merge entity $(bone_left_whisker10) { transformation: [0.07611319364344331f,0.9818224407070144f,-0.17387201234677613f,0.9132981989658173f,0.9928245336461632f,-0.0907552648891737f,-0.07786480132367002f,3.6646436913221203f,-0.09222920981811805f,-0.16669786087115118f,-0.9816850798689507f,1.5796112220963656f,0f,0f,0f,1f], start_interpolation: 0, interpolation_duration: 1 }
$data merge entity $(bone_left_whisker1) { transformation: [-0.3103149437026176f,0.9403576976123624f,-0.13939883879006496f,0.7738989078494071f,0.9258878505749853f,0.3322100680182289f,0.17991153066148258f,4.080569874197602f,0.21549089046285708f,-0.07323845471131253f,-0.9737555159684715f,1.6764137705464772f,0f,0f,0f,1f], start_interpolation: 0, interpolation_duration: 1 }
$data merge entity $(bone_upper_left_tooth1) { transformation: [-0.9991919458349179f,0.0335825701869536f,-0.022083169117433906f,0.4404336061259492f,0.029269065683799254f,0.9845132261905649f,0.17284973025678438f,4.286274726752388f,0.027545910270461132f,0.17206370458491227f,-0.9847006166301958f,2.760658968449649f,0f,0f,0f,1f], start_interpolation: 0, interpolation_duration: 1 }
$data merge entity $(bone_upper_right_tooth1) { transformation: [-0.9991919458349179f,0.0335825701869536f,-0.022083169117433906f,-0.23285002925109508f,0.029269065683799254f,0.9845132261905649f,0.17284973025678438f,4.305997046402604f,0.027545910270461132f,0.17206370458491227f,-0.9847006166301958f,2.7792201775186123f,0f,0f,0f,1f], start_interpolation: 0, interpolation_duration: 1 }
$data merge entity $(bone_top_lip1) { transformation: [-0.9991919458349179f,0.02111295281444181f,-0.034200856744912175f,0.13599426038473128f,0.029269065683799254f,0.9653939144080981f,-0.2591484358776017f,4.4169361079678096f,0.027545910270461132f,-0.25994005702712547f,-0.9652317802373204f,2.7904220960044634f,0f,0f,0f,1f], start_interpolation: 0, interpolation_duration: 1 }
$data merge entity $(bone_muzzle1) { transformation: [-0.9991919458349179f,0.0335825701869536f,-0.022083169117433906f,0.1292512634264549f,0.029269065683799254f,0.9845132261905649f,0.17284973025678438f,4.679843457982969f,0.027545910270461132f,0.17206370458491227f,-0.9847006166301958f,2.2664749617061575f,0f,0f,0f,1f], start_interpolation: 0, interpolation_duration: 1 }
$data merge entity $(bone_jaw_right_tooth1) { transformation: [-0.9991919458349179f,0.016558395665889274f,-0.036623420260848256f,-0.2372185458441909f,0.029269065683799254f,0.92424873875124f,-0.38066729661311827f,4.135162596449788f,0.027545910270461132f,-0.38143163011175973f,-0.9239865444786831f,2.8022790684908356f,0f,0f,0f,1f], start_interpolation: 0, interpolation_duration: 1 }
$data merge entity $(bone_jaw_left_tooth1) { transformation: [-0.9991919458349179f,0.016558395665889274f,-0.036623420260848256f,0.49217205914760703f,0.029269065683799254f,0.92424873875124f,-0.38066729661311827f,4.113796750162054f,0.027545910270461132f,-0.38143163011175973f,-0.9239865444786831f,2.782171091999459f,0f,0f,0f,1f], start_interpolation: 0, interpolation_duration: 1 }
$data merge entity $(bone_tongue1) { transformation: [-0.9991919458349179f,0.030604044296891637f,-0.026054708812511148f,0.10632112857765791f,0.029269065683799254f,0.9983120915391565f,0.05016263231442905f,4.157016403756553f,0.027545910270461132f,0.04935950120685004f,-0.9984011530782518f,1.9902471445203254f,0f,0f,0f,1f], start_interpolation: 0, interpolation_duration: 1 }
$data merge entity $(bone_jaw_lips1) { transformation: [-0.9991919458349179f,0.030604044296891637f,-0.026054708812511148f,0.18188411236383212f,0.029269065683799254f,0.9983120915391565f,0.05016263231442905f,3.9813728493295053f,0.027545910270461132f,0.04935950120685004f,-0.9984011530782518f,2.8793266319433037f,0f,0f,0f,1f], start_interpolation: 0, interpolation_duration: 1 }
$data merge entity $(bone_jaw3) { transformation: [-0.9991919458349179f,0.022666426617437934f,-0.03319169298223808f,0.15015428308584577f,0.029269065683799254f,0.9763095059882408f,-0.2143899958276851f,3.7065233861118743f,0.027545910270461132f,-0.2151882469406584f,-0.9761840201550004f,2.0204113652883304f,0f,0f,0f,1f], start_interpolation: 0, interpolation_duration: 1 }
$data merge entity $(bone_jaw1) { transformation: [-0.9991919458349179f,0.039497655153260106f,-0.007442487220344856f,0.1434676734738172f,0.029269065683799254f,0.8419516920894851f,0.5387584523528616f,4.190564183147648f,0.027545910270461132f,0.5381052716941613f,-0.842427408980931f,1.2635429900320247f,0f,0f,0f,1f], start_interpolation: 0, interpolation_duration: 1 }
$data merge entity $(bone_tear_right1) { transformation: [-0.9991919458349179f,0.03537945337518919f,-0.019072222143831724f,-0.4760025091539504f,0.029269065683799254f,0.9657020095079778f,0.25799796632192884f,4.7692046054561725f,0.027545910270461132f,0.25723126386799566f,-0.965957193521662f,2.2325352757660903f,0f,0f,0f,1f], start_interpolation: 0, interpolation_duration: 1 }
$data merge entity $(bone_right_pupil1) { transformation: [-0.9991919458349179f,0.03537945337518919f,-0.019072222143831724f,-0.28559145008597114f,0.029269065683799254f,0.9657020095079778f,0.25799796632192884f,4.854849211876798f,0.027545910270461132f,0.25723126386799566f,-0.965957193521662f,2.321408142329459f,0f,0f,0f,1f], start_interpolation: 0, interpolation_duration: 1 }
$data merge entity $(bone_right_sad_pupil1) { transformation: [-0.9991919458349179f,0.03537945337518919f,-0.019072222143831724f,-0.2858056400807505f,0.029269065683799254f,0.9657020095079778f,0.25799796632192884f,4.857746649975139f,0.027545910270461132f,0.25723126386799566f,-0.965957193521662f,2.3105599902537763f,0f,0f,0f,1f], start_interpolation: 0, interpolation_duration: 1 }
$data merge entity $(bone_right_happy_pupil1) { transformation: [-0.9991919458349179f,0.03537945337518919f,-0.019072222143831724f,-0.3148520727028361f,0.029269065683799254f,0.9657020095079778f,0.25799796632192884f,4.831455534225509f,0.027545910270461132f,0.25723126386799566f,-0.965957193521662f,2.3041113873321755f,0f,0f,0f,1f], start_interpolation: 0, interpolation_duration: 1 }
$data merge entity $(bone_eyelid_right1) { transformation: [-0.9991919458349179f,0.03537945337518919f,-0.019072222143831724f,0.1335222460708797f,0.029269065683799254f,0.9657020095079778f,0.25799796632192884f,4.935736958066822f,0.027545910270461132f,0.25723126386799566f,-0.965957193521662f,1.7417981290657807f,0f,0f,0f,1f], start_interpolation: 0, interpolation_duration: 1 }
$data merge entity $(bone_eyelid_expressions_right5) { transformation: [-0.9991919458349179f,0.03537945337518919f,-0.019072222143831724f,-0.410878032654857f,0.029269065683799254f,0.9657020095079778f,0.25799796632192884f,4.969979613118776f,0.027545910270461132f,0.25723126386799566f,-0.965957193521662f,2.3430058221299412f,0f,0f,0f,1f], start_interpolation: 0, interpolation_duration: 1 }
$data merge entity $(bone_eyelid_expressions_right7) { transformation: [-0.9991919458349179f,0.03537945337518919f,-0.019072222143831724f,-0.07423621496633488f,0.029269065683799254f,0.9657020095079778f,0.25799796632192884f,4.960118453293668f,0.027545910270461132f,0.25723126386799566f,-0.965957193521662f,2.3337252175954597f,0f,0f,0f,1f], start_interpolation: 0, interpolation_duration: 1 }
$data merge entity $(bone_eyelid_expressions_right6) { transformation: [-0.9991919458349179f,0.03537945337518919f,-0.019072222143831724f,-0.1864501541958423f,0.029269065683799254f,0.9657020095079778f,0.25799796632192884f,4.963405506568704f,0.027545910270461132f,0.25723126386799566f,-0.965957193521662f,2.336818752440287f,0f,0f,0f,1f], start_interpolation: 0, interpolation_duration: 1 }
$data merge entity $(bone_right_eye1) { transformation: [-0.9991919458349179f,0.03537945337518919f,-0.019072222143831724f,0.12251504214270832f,0.029269065683799254f,0.9657020095079778f,0.25799796632192884f,4.933168225295983f,0.027545910270461132f,0.25723126386799566f,-0.965957193521662f,1.752955634625946f,0f,0f,0f,1f], start_interpolation: 0, interpolation_duration: 1 }
$data merge entity $(bone_tear_left1) { transformation: [-0.9991919458349179f,0.03537945337518919f,-0.019072222143831724f,0.7359080345247293f,0.029269065683799254f,0.9657020095079778f,0.25799796632192884f,4.733704430085783f,0.027545910270461132f,0.25723126386799566f,-0.965957193521662f,2.199125099441957f,0f,0f,0f,1f], start_interpolation: 0, interpolation_duration: 1 }
$data merge entity $(bone_left_sad_pupil1) { transformation: [-0.9991919458349179f,0.03537945337518919f,-0.019072222143831724f,0.5557989041405548f,0.029269065683799254f,0.9657020095079778f,0.25799796632192884f,4.833093750412369f,0.027545910270461132f,0.25723126386799566f,-0.965957193521662f,2.2873584789175725f,0f,0f,0f,1f], start_interpolation: 0, interpolation_duration: 1 }
$data merge entity $(bone_left_pupil1) { transformation: [-0.9991919458349179f,0.03537945337518919f,-0.019072222143831724f,0.5560130941353342f,0.029269065683799254f,0.9657020095079778f,0.25799796632192884f,4.830196312314027f,0.027545910270461132f,0.25723126386799566f,-0.965957193521662f,2.298206630993255f,0f,0f,0f,1f], start_interpolation: 0, interpolation_duration: 1 }
$data merge entity $(bone_eyelid_left1) { transformation: [-0.9991919458349179f,0.03537945337518919f,-0.019072222143831724f,0.11107945822497822f,0.029269065683799254f,0.9657020095079778f,0.25799796632192884f,4.936394368721828f,0.027545910270461132f,0.25723126386799566f,-0.965957193521662f,1.742416836034746f,0f,0f,0f,1f], start_interpolation: 0, interpolation_duration: 1 }
$data merge entity $(bone_left_happy_pupil1) { transformation: [-0.9991919458349179f,0.03537945337518919f,-0.019072222143831724f,0.5828594411332229f,0.029269065683799254f,0.9657020095079778f,0.25799796632192884f,4.8051591080252205f,0.027545910270461132f,0.25723126386799566f,-0.965957193521662f,2.279363108573558f,0f,0f,0f,1f], start_interpolation: 0, interpolation_duration: 1 }
$data merge entity $(bone_eyelid_expressions_left5) { transformation: [-0.9991919458349179f,0.03537945337518919f,-0.019072222143831724f,0.6888185717943153f,0.029269065683799254f,0.9657020095079778f,0.25799796632192884f,4.937766491023423f,0.027545910270461132f,0.25723126386799566f,-0.965957193521662f,2.312689180650635f,0f,0f,0f,1f], start_interpolation: 0, interpolation_duration: 1 }
$data merge entity $(bone_eyelid_expressions_left7) { transformation: [-0.9991919458349179f,0.03537945337518919f,-0.019072222143831724f,0.35217675410579313f,0.029269065683799254f,0.9657020095079778f,0.25799796632192884f,4.947627650848531f,0.027545910270461132f,0.25723126386799566f,-0.965957193521662f,2.3219697851851167f,0f,0f,0f,1f], start_interpolation: 0, interpolation_duration: 1 }
$data merge entity $(bone_eyelid_expressions_left6) { transformation: [-0.9991919458349179f,0.03537945337518919f,-0.019072222143831724f,0.46439069333530053f,0.029269065683799254f,0.9657020095079778f,0.25799796632192884f,4.944340597573495f,0.027545910270461132f,0.25723126386799566f,-0.965957193521662f,2.3188762503402893f,0f,0f,0f,1f], start_interpolation: 0, interpolation_duration: 1 }
$data merge entity $(bone_left_eye1) { transformation: [-0.9991919458349179f,0.03537945337518919f,-0.019072222143831724f,0.12251504214270832f,0.029269065683799254f,0.9657020095079778f,0.25799796632192884f,4.933168225295983f,0.027545910270461132f,0.25723126386799566f,-0.965957193521662f,1.752955634625946f,0f,0f,0f,1f], start_interpolation: 0, interpolation_duration: 1 }
$data merge entity $(bone_crest_middle5) { transformation: [-0.9991919458349179f,0.030412834666530383f,-0.026277649555794348f,0.1806331668760478f,0.029269065683799254f,0.9986519961778686f,0.042866214248005324f,6.1483433845858295f,0.027545910270461132f,0.042062453774176306f,-0.9987351865283746f,2.5699233937251447f,0f,0f,0f,1f], start_interpolation: 0, interpolation_duration: 1 }
$data merge entity $(bone_crest_middle4) { transformation: [-0.9991919458349179f,0.030412834666530383f,-0.026277649555794348f,0.16014014351676464f,0.029269065683799254f,0.9986519961778686f,0.042866214248005324f,5.475423582473789f,0.027545910270461132f,0.042062453774176306f,-0.9987351865283746f,2.5415805293655924f,0f,0f,0f,1f], start_interpolation: 0, interpolation_duration: 1 }
$data merge entity $(bone_crest_middle1) { transformation: [-0.9991919458349179f,0.030412834666530383f,-0.026277649555794348f,0.14698371285703107f,0.029269065683799254f,0.9986519961778686f,0.042866214248005324f,4.967123157888141f,0.027545910270461132f,0.042062453774176306f,-0.9987351865283746f,2.6044457222801283f,0f,0f,0f,1f], start_interpolation: 0, interpolation_duration: 1 }
$data merge entity $(bone_crest_left5) { transformation: [-0.5667041694945725f,-0.8191431253419861f,0.08860544273593096f,-0.9437825556711474f,-0.7987385564947597f,0.5725818812693965f,0.18484238586067459f,5.535870628939275f,-0.20214624074202925f,0.033978367338092175f,-0.9787657369906771f,2.530853825049364f,0f,0f,0f,1f], start_interpolation: 0, interpolation_duration: 1 }
$data merge entity $(bone_crest_left4) { transformation: [-0.5667041694945725f,-0.8191431253419861f,0.08860544273593096f,-0.4838144921246221f,-0.7987385564947597f,0.5725818812693965f,0.18484238586067459f,5.214352482718667f,-0.20214624074202925f,0.033978367338092175f,-0.9787657369906771f,2.5117741754210408f,0f,0f,0f,1f], start_interpolation: 0, interpolation_duration: 1 }
$data merge entity $(bone_crest_left1) { transformation: [-0.5667041694945725f,-0.8191431253419861f,0.08860544273593096f,0.027125781055183998f,-0.7987385564947597f,0.5725818812693965f,0.18484238586067459f,4.871061855066417f,-0.20214624074202925f,0.033978367338092175f,-0.9787657369906771f,2.4358265707156628f,0f,0f,0f,1f], start_interpolation: 0, interpolation_duration: 1 }
$data merge entity $(bone_crest_center1) { transformation: [-0.9991919458349179f,0.03537945337518919f,-0.019072222143831724f,0.13834641338537707f,0.029269065683799254f,0.9657020095079778f,0.25799796632192884f,4.840661933241561f,0.027545910270461132f,0.25723126386799566f,-0.965957193521662f,2.4255110591373397f,0f,0f,0f,1f], start_interpolation: 0, interpolation_duration: 1 }
$data merge entity $(bone_crest_right5) { transformation: [-0.5070267128262318f,0.8518577536285803f,-0.13138599645127785f,1.2634412887158182f,0.8301910715519253f,0.5236336939985232f,0.1912865369672606f,5.471215004012047f,0.23174705434178028f,-0.012088097134380305f,-0.9727009718878551f,2.470004665668379f,0f,0f,0f,1f], start_interpolation: 0, interpolation_duration: 1 }
$data merge entity $(bone_crest_right4) { transformation: [-0.5070267128262318f,0.8518577536285803f,-0.13138599645127785f,0.7851031946372697f,0.8301910715519253f,0.5236336939985232f,0.1912865369672606f,5.177182412167173f,0.23174705434178028f,-0.012088097134380305f,-0.9727009718878551f,2.47679241552411f,0f,0f,0f,1f], start_interpolation: 0, interpolation_duration: 1 }
$data merge entity $(bone_crest_right1) { transformation: [-0.5070267128262318f,0.8518577536285803f,-0.13138599645127785f,0.2515536595141987f,0.8301910715519253f,0.5236336939985232f,0.1912865369672606f,4.8644877485163445f,0.23174705434178028f,-0.012088097134380305f,-0.9727009718878551f,2.429639501026008f,0f,0f,0f,1f], start_interpolation: 0, interpolation_duration: 1 }
$data merge entity $(bone_head1) { transformation: [-1.0473300994754018f,0.037083932248733444f,-0.01999106617940694f,0.1087479532022328f,0.030679163900336443f,1.0122267156952105f,0.2704275558452508f,5.038300889506834f,0.028872991885053646f,0.2696239159033026f,-1.0124941937303873f,1.1418631321114336f,0f,0f,0f,1f], start_interpolation: 0, interpolation_duration: 1 }
$data merge entity $(bone_neck10) { transformation: [-1.489032596800085f,0.050598639567222804f,-0.14971968816681872f,-0.01310691648679238f,0.02231491605968417f,1.4716775535726103f,0.2754296725405848f,4.793041265120218f,0.1564552711546415f,0.2716601510500035f,-1.4642120038243933f,0.017114034071552042f,0f,0f,0f,1f], start_interpolation: 0, interpolation_duration: 1 }
$data merge entity $(bone_neck9) { transformation: [-1.1391099365520658f,0.045249909504219595f,-0.11211220556543092f,-0.06528267342523741f,0.0170709107856584f,1.1118056065901418f,0.27529080198621253f,3.362539472309929f,0.11968828243330082f,0.27208250098660125f,-1.1062702997927676f,-0.2754288446470198f,0f,0f,0f,1f], start_interpolation: 0, interpolation_duration: 1 }
$data merge entity $(bone_neck8) { transformation: [-1.0572608620441395f,-0.01156755479461746f,-0.11115664020955002f,-0.0531529749054777f,0.01947194667196593f,1.022199071581129f,-0.29158195888703536f,2.6090344975448354f,0.11004749101822331f,-0.29200237521580236f,-1.016323914894185f,-0.02556886197399072f,0f,0f,0f,1f], start_interpolation: 0, interpolation_duration: 1 }
$data merge entity $(bone_neck7) { transformation: [-1.048936094893222f,-0.05361858362926641f,-0.10622960591922061f,-0.0023955079561519717f,0f,0.9424201484298442f,-0.4756793843414644f,1.7663603620280788f,0.11899446072889924f,-0.4726477802519187f,-0.9364139079449731f,0.42185817658199143f,0f,0f,0f,1f], start_interpolation: 0, interpolation_duration: 1 }
$data merge entity $(bone_neck6) { transformation: [-1.0429846844257427f,-0.030623292087288676f,-0.11428768196478332f,0.023692921526998173f,0f,1.01390768862361f,-0.27167574636640235f,0.8681140518752728f,0.11831931485242321f,-0.2699443000796246f,-1.0074458431107787f,0.6518276657189489f,0f,0f,0f,1f], start_interpolation: 0, interpolation_duration: 1 }
$data merge entity $(bone_neck_spine6) { transformation: [-1.2383259745447746f,-0.2695068325515467f,-0.11789917935455274f,-0.20450699018283192f,-0.125937981960435f,0.02469910664640036f,1.2662997067627049f,0.3283296466748254f,-0.2658453948899202f,1.2436805819243186f,-0.05069718608483245f,-2.017199049948751f,0f,0f,0f,1f], start_interpolation: 0, interpolation_duration: 1 }
$data merge entity $(bone_neck_spine7) { transformation: [-0.8638408377181056f,-0.49819874242172124f,0.07467944924741304f,1.0450867582359453f,-0.045555437477403746f,0.22488928731625824f,0.9733188123973705f,0.4907614029187799f,-0.5017008164301947f,0.8373904832870988f,-0.21696421201081825f,-5.376859436052239f,0f,0f,0f,1f], start_interpolation: 0, interpolation_duration: 1 }
$data merge entity $(bone_tail6) { transformation: [-1.5145319233809467f,-0.8186844332937205f,0.03536649925674667f,2.9131863723267237f,-0.15901854221271855f,0.3665368040482351f,1.6750121826535393f,-0.5071388447591617f,-0.8038706947138204f,1.469934865049391f,-0.3979765523490989f,-8.719063730393117f,0f,0f,0f,1f], start_interpolation: 0, interpolation_duration: 1 }
$data merge entity $(bone_tail5) { transformation: [-1.251135067140782f,-0.6763045318513343f,0.029215803733834204f,2.486046667999565f,-0.13136314356702836f,0.30279127290941155f,1.3837057161050976f,-0.31590225134269123f,-0.664067095633156f,1.2142940189538447f,-0.3287632388970817f,-7.9521411921064775f,0f,0f,0f,1f], start_interpolation: 0, interpolation_duration: 1 }
$data merge entity $(bone_tail4) { transformation: [-0.921888996840576f,-0.4983296550483516f,0.02152743433019362f,2.2724768158359856f,-0.09679389525991564f,0.2231093589858822f,1.0195726329195456f,-0.220283954634456f,-0.4893125967823254f,0.8947429613344118f,-0.24224659708206017f,-7.568679922963158f,0f,0f,0f,1f], start_interpolation: 0, interpolation_duration: 1 }
$data merge entity $(bone_segment18) { transformation: [-0.8795164590975931f,-0.47542506220761993f,0.020537974615638138f,2.0055145006315116f,-0.09234498330386982f,0.21285464310702798f,0.9727102883008832f,-0.10076108374916196f,-0.46682245258239247f,0.8536181295712153f,-0.23111228143977916f,-7.089353336534009f,0f,0f,0f,1f], start_interpolation: 0, interpolation_duration: 1 }
$data merge entity $(bone_segment17) { transformation: [-0.8795164590975931f,-0.47542506220761993f,0.020537974615638138f,1.658463490865695f,-0.09234498330386982f,0.21285464310702798f,0.9727102883008832f,0.05461864840172048f,-0.46682245258239247f,0.8536181295712153f,-0.23111228143977916f,-6.4662287741761135f,0f,0f,0f,1f], start_interpolation: 0, interpolation_duration: 1 }
$data merge entity $(bone_segment16) { transformation: [-0.8823792281074085f,-0.4686008212149246f,-0.04266342885038949f,1.211141906161018f,-0.04685060391168001f,-0.0027239011111340507f,0.9988981936493064f,0.05201844006565257f,-0.4682007248154204f,0.8834058244767434f,-0.019550717707545132f,-5.622938546221018f,0f,0f,0f,1f], start_interpolation: 0, interpolation_duration: 1 }
$data merge entity $(bone_segment15) { transformation: [-0.8638408377181056f,-0.5005514956728734f,-0.056808514063746596f,0.6208919735194217f,-0.045555437477403746f,-0.03468707493049056f,0.9983594087046052f,0.011115468406895396f,-0.5017008164301947f,0.8650115646697539f,0.007161269500599046f,-4.6029175849527295f,0f,0f,0f,1f], start_interpolation: 0, interpolation_duration: 1 }
$data merge entity $(bone_segment14) { transformation: [-0.9603212971644185f,-0.3977006600483819f,-0.13524935946133732f,0.1734787309649921f,-0.07006336796692106f,-0.18111054332508456f,1.0300316954301925f,-0.19263389283382473f,-0.41418513820120656f,0.9527372954381212f,0.139346744488967f,-3.5310881275848427f,0f,0f,0f,1f], start_interpolation: 0, interpolation_duration: 1 }
$data merge entity $(bone_segment13) { transformation: [-0.9979450500743182f,-0.19739237267303447f,-0.1312841957962348f,-0.060663108877753905f,-0.1014911972269388f,-0.1576038045271037f,1.0084414655830118f,-0.4100516653719128f,-0.2142401123524651f,0.9941282129747049f,0.13380538946586115f,-2.337442935227266f,0f,0f,0f,1f], start_interpolation: 0, interpolation_duration: 1 }
$data merge entity $(bone_segment12) { transformation: [-1.1100390422479227f,-0.04633615630297479f,-0.10069839371140471f,-0.11663967353906574f,-0.1028492784946823f,0.05255818454522348f,1.1095645742101312f,-0.34655855652533407f,-0.041342856579027885f,1.1133573007117046f,-0.056570048201406195f,-0.9924475383943342f,0f,0f,0f,1f], start_interpolation: 0, interpolation_duration: 1 }
$data merge entity $(bone_segment11) { transformation: [-1.1862462065324388f,0.06233267572722305f,-0.07782940257660068f,-0.044930201381579146f,-0.040738404204791565f,0.5451206854949531f,1.057500194586132f,0.2834047912696228f,0.09101187170689727f,1.0564473089858974f,-0.5410718653064581f,0.22847208403703478f,0f,0f,0f,1f], start_interpolation: 0, interpolation_duration: 1 }
$data merge entity $(bone_segment10) { transformation: [-1.042121186865526f,0.07064857923281236f,-0.08756373772028023f,0.032602727674051424f,0.020974884092511355f,0.9234577189679885f,0.49544030270146483f,1.2286248965821023f,0.11053815697969048f,0.49082564883673135f,-0.9195361310577788f,0.7303676011823138f,0f,0f,0f,1f], start_interpolation: 0, interpolation_duration: 1 }