# This file was generated by Animated Java via MC-Build. It is not recommended to edit this file directly.
$data merge entity $(bone_neck_spine5) { transformation: [-1.355727817124683f,0.004619627932416602f,-0.17658540446016055f,-0.002744518545416845f,0.0054854003801485945f,1.3671617591936156f,-0.006347813603043286f,3.649567799796864f,0.1765606309834158f,-0.007003098788076056f,-1.3557208268483423f,-0.7609169382509123f,0f,0f,0f,1f], start_interpolation: 0, interpolation_duration: 1 }
$data merge entity $(bone_neck_spine2) { transformation: [-1.291169349642555f,0.017778827377260432f,-0.1672920523669767f,0.09203815278332497f,0.005224190838236755f,1.2984047921113206f,0.09766632273659277f,5.011885818812784f,0.16815298188896738f,0.09617648394432082f,-1.2875929735605114f,0.6807467395547706f,0f,0f,0f,1f], start_interpolation: 0, interpolation_duration: 1 }
$data merge entity $(bone_scale_neck_left1) { transformation: [-1.360656128703904f,0.43875582863592427f,-0.08699218735774619f,0.7554236062885169f,0.36841603722480665f,1.2572755060437564f,0.5787809117626154f,4.229434060505391f,0.2536610757267496f,0.5274571481582154f,-1.3072507157851272f,0.5055170978137303f,0f,0f,0f,1f], start_interpolation: 0, interpolation_duration: 1 }
$data merge entity $(bone_scale_neck_right1) { transformation: [-1.3831262773478241f,-0.27901141129594714f,-0.24611735347059654f,-0.6003042108361658f,-0.3573144393501523f,1.2601796588102983f,0.5794247469304574f,4.23491946088554f,0.10367020181620779f,0.6209341980356549f,-1.286527352747691f,0.6820777287971461f,0f,0f,0f,1f], start_interpolation: 0, interpolation_duration: 1 }
$data merge entity $(bone_blush_right1) { transformation: [-0.9987580970415885f,0.03302135889995001f,-0.037307552188065654f,-0.42447832186135614f,0.02164956052654712f,0.9620658574540772f,0.2719569496265147f,3.7930785046991344f,0.044872710224276885f,0.2708115133770201f,-0.9615859629276916f,1.7672523487869585f,0f,0f,0f,1f], start_interpolation: 0, interpolation_duration: 1 }
$data merge entity $(bone_blush_left1) { transformation: [-0.9987580970415885f,0.03302135889995001f,-0.037307552188065654f,0.7264343290264119f,0.02164956052654712f,0.9620658574540772f,0.2719569496265147f,3.768130768936121f,0.044872710224276885f,0.2708115133770201f,-0.9615859629276916f,1.7155435616144519f,0f,0f,0f,1f], start_interpolation: 0, interpolation_duration: 1 }
$data merge entity $(bone_left_head_scales) { transformation: [-0.8686825413143217f,0.03302135889995001f,-0.49426736921639103f,0.7443970448365295f,-0.10637234962907821f,0.9620658574540772f,0.2512254150271035f,4.471559718261478f,0.4838135649711371f,0.2708115133770201f,-0.832217254430817f,1.5583401139270774f,0f,0f,0f,1f], start_interpolation: 0, interpolation_duration: 1 }
$data merge entity $(bone_left_head_scales2) { transformation: [-0.796736004108789f,0.03302135889995001f,-0.6034246677201388f,0.7240640816609921f,-0.1382538162443979f,0.9620658574540772f,0.23519176902054104f,3.680108323332533f,0.5883006221742584f,0.2708115133770201f,-0.7619471780719634f,1.4876259378895165f,0f,0f,0f,1f], start_interpolation: 0, interpolation_duration: 1 }
$data merge entity $(bone_left_head_scales1) { transformation: [-0.9987580970415885f,0.03302135889995001f,-0.037307552188065654f,0.7411723027564562f,0.02164956052654712f,0.9620658574540772f,0.2719569496265147f,4.377607974369478f,0.044872710224276885f,0.2708115133770201f,-0.9615859629276916f,1.5318936770738527f,0f,0f,0f,1f], start_interpolation: 0, interpolation_duration: 1 }
$data merge entity $(bone_right_head_scales) { transformation: [-0.9031359622863876f,0.03302135889995001f,0.4280829633160388f,-0.42602260013408205f,0.14477913907026801f,0.9620658574540772f,0.2312321059265414f,4.496930297003526f,-0.4042084048051356f,0.2708115133770201f,-0.8736570778671316f,1.6109253212211518f,0f,0f,0f,1f], start_interpolation: 0, interpolation_duration: 1 }
$data merge entity $(bone_right_head_scales2) { transformation: [-0.8395334697748118f,0.03302135889995001f,0.5423035524355942f,-0.4463555633096193f,0.1737223797709566f,0.9620658574540772f,0.2103564134697747f,3.7054789020745806f,-0.5147854775482505f,0.2708115133770201f,-0.8134230365116711f,1.540211145183591f,0f,0f,0f,1f], start_interpolation: 0, interpolation_duration: 1 }
$data merge entity $(bone_right_head_scales1) { transformation: [-0.9987580970415885f,0.03302135889995001f,-0.037307552188065654f,-0.4292473422141553f,0.02164956052654712f,0.9620658574540772f,0.2719569496265147f,4.4029785531115255f,0.044872710224276885f,0.2708115133770201f,-0.9615859629276916f,1.5844788843679272f,0f,0f,0f,1f], start_interpolation: 0, interpolation_duration: 1 }
$data merge entity $(bone_head_left_fin1) { transformation: [-0.659508862378136f,0.0394429858045726f,-0.7506612493765193f,0.7263470552014419f,0.0747375514503057f,0.9971149478471012f,-0.013269483150664146f,4.045207872329986f,0.7479721644873621f,-0.06485392548406876f,-0.660554017095799f,1.362291264604354f,0f,0f,0f,1f], start_interpolation: 0, interpolation_duration: 1 }
$data merge entity $(bone_head_right_fin1) { transformation: [-0.7265104751734865f,-0.0019397018755897243f,0.6871526519048211f,-0.4440725897691695f,-0.04469353015208427f,0.9980119788742704f,-0.04443622830537705f,4.070578451072033f,-0.6857003848808451f,-0.0629946631080498f,-0.7251528491250406f,1.4148764718984284f,0f,0f,0f,1f], start_interpolation: 0, interpolation_duration: 1 }
$data merge entity $(bone_right_whisker16) { transformation: [0.2725037108340952f,0.8935940642769507f,-0.35669507407679213f,-0.9500650909307506f,0.9610169931177102f,-0.2708099606591002f,0.055752167193854896f,1.7019676914121464f,-0.04677677330302604f,-0.3579826999965461f,-0.9325557999297093f,1.3443769823127716f,0f,0f,0f,1f], start_interpolation: 0, interpolation_duration: 1 }
$data merge entity $(bone_right_whisker15) { transformation: [-0.8503803714405127f,0.38680983441226857f,-0.35669507407679213f,-0.700930216485288f,0.3939310326747266f,0.91744756653937f,0.055752167193854896f,1.5865582091832227f,0.34881451426871346f,-0.09310271023413495f,-0.9325557999297093f,1.2421852300856095f,0f,0f,0f,1f], start_interpolation: 0, interpolation_duration: 1 }
$data merge entity $(bone_right_whisker14) { transformation: [-0.7099550394267958f,-0.6072334527361348f,-0.35669507407679213f,-0.4929355760282189f,-0.6650074254777446f,0.7447528582775969f,0.055752167193854896f,1.7813846033661556f,0.23179509496958334f,0.27678640495064355f,-0.9325557999297093f,1.1742765108562394f,0f,0f,0f,1f], start_interpolation: 0, interpolation_duration: 1 }
$data merge entity $(bone_right_whisker13) { transformation: [-0.12524486030709955f,-0.9840026446931832f,-0.12669854065250874f,-0.4562427458601233f,-0.9632326747264349f,0.09000691806587016f,0.25314337644829216f,2.0635816760399157f,-0.23769000674410598f,0.15374508101758577f,-0.9590964032655334f,1.2439122550195516f,0f,0f,0f,1f], start_interpolation: 0, interpolation_duration: 1 }
$data merge entity $(bone_right_whisker12) { transformation: [0.023445884531443716f,-0.9950483295579429f,-0.09658733013436657f,-0.4654012945052185f,-0.8877850916519792f,-0.06514504487107695f,0.4556245759056816f,2.41037272746647f,-0.4596606591160756f,0.07506627053938594f,-0.8849164556545902f,1.4234671999867687f,0f,0f,0f,1f], start_interpolation: 0, interpolation_duration: 1 }
$data merge entity $(bone_right_whisker11) { transformation: [0.2655544778221651f,-0.9603356093449664f,-0.08506666052354776f,-0.5691335124045017f,-0.9462869466882705f,-0.27651350033001737f,0.16757475544553796f,2.7800160660165756f,-0.18445008494437598f,0.03599724377327875f,-0.982182449753985f,1.4955180144181657f,0f,0f,0f,1f], start_interpolation: 0, interpolation_duration: 1 }
$data merge entity $(bone_right_whisker10) { transformation: [0.05928486136262072f,-0.9979850940167008f,0.022606577221935254f,-0.5922916613742755f,-0.9951734293595832f,-0.06086157320633076f,-0.07697866200147416f,3.168755686860163f,0.07819942908935834f,-0.017933795675398156f,-0.9967764183921946f,1.464971362430135f,0f,0f,0f,1f], start_interpolation: 0, interpolation_duration: 1 }
$data merge entity $(bone_right_whisker1) { transformation: [-0.36665856210867886f,-0.9303520677405728f,-0.002555167946804701f,-0.44906566055057284f,-0.9150477499106418f,0.3601281357000932f,0.18164619803521082f,3.5261962141690075f,-0.16807472807018858f,0.06894023446446612f,-0.9833606306213993f,1.5306255530825525f,0f,0f,0f,1f], start_interpolation: 0, interpolation_duration: 1 }
$data merge entity $(bone_left_whisker16) { transformation: [0.24471047380290714f,-0.9401412611912368f,0.2371733395997685f,1.1337834223056558f,-0.9694974521463083f,-0.24074327308779914f,0.04601485352350915f,1.6678000439205967f,0.013837423639290445f,-0.2411992650667159f,-0.970376957804699f,1.2116648161297745f,0f,0f,0f,1f], start_interpolation: 0, interpolation_duration: 1 }
$data merge entity $(bone_left_whisker15) { transformation: [-0.9001570960316869f,-0.3653300007484916f,0.2371733395997685f,0.8700655230776225f,-0.3652284918089095f,0.9297799643067167f,0.04601485352350915f,1.5607995092109552f,-0.2373296256997628f,-0.04520186419726027f,-0.970376957804699f,1.1421346523505471f,0f,0f,0f,1f], start_interpolation: 0, interpolation_duration: 1 }
$data merge entity $(bone_left_whisker14) { transformation: [-0.7115242517349304f,0.6614242558117596f,0.2371733395997685f,0.6616111524521546f,0.6883145915353773f,0.7239514184907f,0.04601485352350915f,1.7624541746998352f,-0.14126663538335468f,0.1959905545917032f,-0.970376957804699f,1.10074794276558f,0f,0f,0f,1f], start_interpolation: 0, interpolation_duration: 1 }
$data merge entity $(bone_left_whisker13) { transformation: [-0.06257038186881311f,0.9979655349203349f,0.012236765257232923f,0.6432799858890258f,0.9663121716032209f,0.057509742925567334f,0.25086533534967026f,2.0455534437242164f,0.24965122536101894f,0.027521275039592234f,-0.9679446498100687f,1.173887950195566f,0f,0f,0f,1f], start_interpolation: 0, interpolation_duration: 1 }
$data merge entity $(bone_left_whisker12) { transformation: [0.11052745080667704f,0.993871790216756f,-0.0015960042349451517f,0.686454771360384f,0.8855884090879522f,-0.0977562069155625f,0.4540670585921771f,2.3914864160241978f,0.4511284210812343f,-0.05160027733280218f,-0.890966081886359f,1.350109989680423f,0f,0f,0f,1f], start_interpolation: 0, interpolation_duration: 1 }
$data merge entity $(bone_left_whisker11) { transformation: [0.31755789540314955f,0.9476016240831073f,-0.03475838175432419f,0.8105008242522393f,0.9367259935336766f,-0.30779683326602214f,0.1667498799692377f,2.7573950072482902f,0.14731393724108047f,-0.08551182062420115f,-0.9853863873770862f,1.40765449641522f,0f,0f,0f,1f], start_interpolation: 0, interpolation_duration: 1 }
$data merge entity $(bone_left_whisker10) { transformation: [0.08135076944456374f,0.9851285122526489f,-0.15134023476147995f,0.8422784685665221f,0.9928675090262915f,-0.09337752923879317f,-0.07412655767797052f,3.1452338779616853f,-0.08715596268015505f,-0.1442305493997051f,-0.9856984258834718f,1.3736091984932843f,0f,0f,0f,1f], start_interpolation: 0, interpolation_duration: 1 }
$data merge entity $(bone_left_whisker1) { transformation: [-0.31230714557631445f,0.9428416429606317f,-0.11624922847602635f,0.7202834898257743f,0.9261803542298501f,0.3294144720224851f,0.1835103731695214f,3.5070230788327206f,0.2113153999609217f,-0.05035615078065542f,-0.9761199003288024f,1.4561542766030193f,0f,0f,0f,1f], start_interpolation: 0, interpolation_duration: 1 }
$data merge entity $(bone_upper_left_tooth1) { transformation: [-0.9987580970415885f,0.029644135238866998f,-0.040043586749994246f,0.4463637611947665f,0.02164956052654712f,0.9821075163509271f,0.18707250694856511f,3.6761011063974927f,0.044872710224276885f,0.18597325499370415f,-0.9815296166210037f,2.3815865582397575f,0f,0f,0f,1f], start_interpolation: 0, interpolation_duration: 1 }
$data merge entity $(bone_upper_right_tooth1) { transformation: [-0.9987580970415885f,0.029644135238866998f,-0.040043586749994246f,-0.13884606129053925f,0.02164956052654712f,0.9821075163509271f,0.18707250694856511f,3.6887863957685165f,0.044872710224276885f,0.18597325499370415f,-0.9815296166210037f,2.4078791618867945f,0f,0f,0f,1f], start_interpolation: 0, interpolation_duration: 1 }
$data merge entity $(bone_top_lip1) { transformation: [-0.9987580970415885f,0.010148510115245465f,-0.04877777502413688f,0.18132733325768602f,0.02164956052654712f,0.9701745191434006f,-0.24143880991646527f,3.787415021451734f,0.044872710224276885f,-0.24219498373689008f,-0.9691893673218951f,2.413614916639871f,0f,0f,0f,1f], start_interpolation: 0, interpolation_duration: 1 }
$data merge entity $(bone_muzzle1) { transformation: [-0.9987580970415885f,0.029644135238866998f,-0.040043586749994246f,0.1661172032877963f,0.02164956052654712f,0.9821075163509271f,0.18707250694856511f,4.022622424700681f,0.044872710224276885f,0.18597325499370415f,-0.9815296166210037f,1.9615945845486151f,0f,0f,0f,1f], start_interpolation: 0, interpolation_duration: 1 }
$data merge entity $(bone_jaw_right_tooth1) { transformation: [-0.9987580970415885f,0.003214141698723078f,-0.04971853665389881f,-0.14100494707814235f,0.02164956052654712f,0.926776604815735f,-0.37498856155251775f,3.5508362436611915f,0.044872710224276885f,-0.37559924661713495f,-0.9256952229636752f,2.426383849983127f,0f,0f,0f,1f], start_interpolation: 0, interpolation_duration: 1 }
$data merge entity $(bone_jaw_left_tooth1) { transformation: [-0.9987580970415885f,0.003214141698723078f,-0.04971853665389881f,0.4929723606142722f,0.02164956052654712f,0.926776604815735f,-0.37498856155251775f,3.5370938468425828f,0.044872710224276885f,-0.37559924661713495f,-0.9256952229636752f,2.39790019603217f,0f,0f,0f,1f], start_interpolation: 0, interpolation_duration: 1 }
$data merge entity $(bone_tongue1) { transformation: [-0.9987580970415885f,0.023525331699461555f,-0.04391836019587775f,0.14506520315086452f,0.02164956052654712f,0.9988529952345373f,0.0427082010859853f,3.5659947876501943f,0.044872710224276885f,0.04170434844742105f,-0.9981218298372718f,1.7133352778656954f,0f,0f,0f,1f], start_interpolation: 0, interpolation_duration: 1 }
$data merge entity $(bone_jaw_lips1) { transformation: [-0.9987580970415885f,0.023525331699461555f,-0.04391836019587775f,0.2255019095878271f,0.02164956052654712f,0.9988529952345373f,0.0427082010859853f,3.41939633675749f,0.044872710224276885f,0.04170434844742105f,-0.9981218298372718f,2.486243326334974f,0f,0f,0f,1f], start_interpolation: 0, interpolation_duration: 1 }
$data merge entity $(bone_jaw3) { transformation: [-0.9987580970415885f,0.011798844950398325f,-0.04840507051643464f,0.186821271345583f,0.02164956052654712f,0.9778128660924054f,-0.20835857417721787f,3.1849987418367656f,0.044872710224276885f,-0.2091477615514739f,-0.9768539572091294f,1.738394677190776f,0f,0f,0f,1f], start_interpolation: 0, interpolation_duration: 1 }
$data merge entity $(bone_jaw1) { transformation: [-0.9987580970415885f,0.042570596880579264f,-0.025884510331388638f,0.16659899764918562f,0.02164956052654712f,0.8387498690644644f,0.5440863476263225f,3.61006620091983f,0.044872710224276885f,0.5428502569084547f,-0.8386298578345232f,1.0832151007575548f,0f,0f,0f,1f], start_interpolation: 0, interpolation_duration: 1 }
$data merge entity $(bone_tear_right1) { transformation: [-0.9987580970415885f,0.03302135889995001f,-0.037307552188065654f,-0.3611452552949618f,0.02164956052654712f,0.9620658574540772f,0.2719569496265147f,4.096950034597781f,0.044872710224276885f,0.2708115133770201f,-0.9615859629276916f,1.9421382187422669f,0f,0f,0f,1f], start_interpolation: 0, interpolation_duration: 1 }
$data merge entity $(bone_right_pupil1) { transformation: [-0.9987580970415885f,0.03302135889995001f,-0.037307552188065654f,-0.19480213475731523f,0.02164956052654712f,0.9620658574540772f,0.2719569496265147f,4.171478353161058f,0.044872710224276885f,0.2708115133770201f,-0.9615859629276916f,2.0176971311305727f,0f,0f,0f,1f], start_interpolation: 0, interpolation_duration: 1 }
$data merge entity $(bone_right_sad_pupil1) { transformation: [-0.9987580970415885f,0.03302135889995001f,-0.037307552188065654f,-0.1951664663216518f,0.02164956052654712f,0.9620658574540772f,0.2719569496265147f,4.174134182747254f,0.044872710224276885f,0.2708115133770201f,-0.9615859629276916f,2.0083066432113568f,0f,0f,0f,1f], start_interpolation: 0, interpolation_duration: 1 }
$data merge entity $(bone_right_happy_pupil1) { transformation: [-0.9987580970415885f,0.03302135889995001f,-0.037307552188065654f,-0.22035607201414453f,0.02164956052654712f,0.9620658574540772f,0.2719569496265147f,4.15117509437814f,0.044872710224276885f,0.2708115133770201f,-0.9615859629276916f,2.0027906297558866f,0f,0f,0f,1f], start_interpolation: 0, interpolation_duration: 1 }
$data merge entity $(bone_eyelid_right1) { transformation: [-0.9987580970415885f,0.03302135889995001f,-0.037307552188065654f,0.16051453262812582f,0.02164956052654712f,0.9620658574540772f,0.2719569496265147f,4.251810055999182f,0.044872710224276885f,0.2708115133770201f,-0.9615859629276916f,1.5086879274610534f,0f,0f,0f,1f], start_interpolation: 0, interpolation_duration: 1 }
$data merge entity $(bone_eyelid_expressions_right5) { transformation: [-0.9987580970415885f,0.03302135889995001f,-0.037307552188065654f,-0.3041066281060235f,0.02164956052654712f,0.9620658574540772f,0.2719569496265147f,4.270517267003212f,0.044872710224276885f,0.2708115133770201f,-0.9615859629276916f,2.039792481740875f,0f,0f,0f,1f], start_interpolation: 0, interpolation_duration: 1 }
$data merge entity $(bone_eyelid_expressions_right7) { transformation: [-0.9987580970415885f,0.03302135889995001f,-0.037307552188065654f,-0.011501716863370634f,0.02164956052654712f,0.9620658574540772f,0.2719569496265147f,4.2641746223177f,0.044872710224276885f,0.2708115133770201f,-0.9615859629276916f,2.0266461799173565f,0f,0f,0f,1f], start_interpolation: 0, interpolation_duration: 1 }
$data merge entity $(bone_eyelid_expressions_right6) { transformation: [-0.9987580970415885f,0.03302135889995001f,-0.037307552188065654f,-0.10903668727758825f,0.02164956052654712f,0.9620658574540772f,0.2719569496265147f,4.266288837212871f,0.044872710224276885f,0.2708115133770201f,-0.9615859629276916f,2.031028280525196f,0f,0f,0f,1f], start_interpolation: 0, interpolation_duration: 1 }
$data merge entity $(bone_right_eye1) { transformation: [-0.9987580970415885f,0.03302135889995001f,-0.037307552188065654f,0.15112536715104063f,0.02164956052654712f,0.9620658574540772f,0.2719569496265147f,4.249365647902502f,0.044872710224276885f,0.2708115133770201f,-0.9615859629276916f,1.5185166254410531f,0f,0f,0f,1f], start_interpolation: 0, interpolation_duration: 1 }
$data merge entity $(bone_tear_left1) { transformation: [-0.9987580970415885f,0.03302135889995001f,-0.037307552188065654f,0.6922324251785886f,0.02164956052654712f,0.9620658574540772f,0.2719569496265147f,4.074116513729938f,0.044872710224276885f,0.2708115133770201f,-0.9615859629276916f,1.8948115321775998f,0f,0f,0f,1f], start_interpolation: 0, interpolation_duration: 1 }
$data merge entity $(bone_left_sad_pupil1) { transformation: [-0.9987580970415885f,0.03302135889995001f,-0.037307552188065654f,0.5363458117849804f,0.02164956052654712f,0.9620658574540772f,0.2719569496265147f,4.158277571033475f,0.044872710224276885f,0.2708115133770201f,-0.9615859629276916f,1.9754408886525603f,0f,0f,0f,1f], start_interpolation: 0, interpolation_duration: 1 }
$data merge entity $(bone_left_pupil1) { transformation: [-0.9987580970415885f,0.03302135889995001f,-0.037307552188065654f,0.536710143349317f,0.02164956052654712f,0.9620658574540772f,0.2719569496265147f,4.155621741447279f,0.044872710224276885f,0.2708115133770201f,-0.9615859629276916f,1.984831376571776f,0f,0f,0f,1f], start_interpolation: 0, interpolation_duration: 1 }
$data merge entity $(bone_eyelid_left1) { transformation: [-0.9987580970415885f,0.03302135889995001f,-0.037307552188065654f,0.1410075385452823f,0.02164956052654712f,0.9620658574540772f,0.2719569496265147f,4.252232898978216f,0.044872710224276885f,0.2708115133770201f,-0.9615859629276916f,1.5095643475826213f,0f,0f,0f,1f], start_interpolation: 0, interpolation_duration: 1 }
$data merge entity $(bone_left_happy_pupil1) { transformation: [-0.9987580970415885f,0.03302135889995001f,-0.037307552188065654f,0.5599236912995964f,0.02164956052654712f,0.9620658574540772f,0.2719569496265147f,4.134261375216775f,0.044872710224276885f,0.2708115133770201f,-0.9615859629276916f,1.9677338248931702f,0f,0f,0f,1f], start_interpolation: 0, interpolation_duration: 1 }
$data merge entity $(bone_eyelid_expressions_left5) { transformation: [-0.9987580970415885f,0.03302135889995001f,-0.037307552188065654f,0.6517360819533092f,0.02164956052654712f,0.9620658574540772f,0.2719569496265147f,4.2497979610305405f,0.044872710224276885f,0.2708115133770201f,-0.9615859629276916f,1.9968478957840476f,0f,0f,0f,1f], start_interpolation: 0, interpolation_duration: 1 }
$data merge entity $(bone_eyelid_expressions_left7) { transformation: [-0.9987580970415885f,0.03302135889995001f,-0.037307552188065654f,0.3591311707106563f,0.02164956052654712f,0.9620658574540772f,0.2719569496265147f,4.256140605716053f,0.044872710224276885f,0.2708115133770201f,-0.9615859629276916f,2.009994197607566f,0f,0f,0f,1f], start_interpolation: 0, interpolation_duration: 1 }
$data merge entity $(bone_eyelid_expressions_left6) { transformation: [-0.9987580970415885f,0.03302135889995001f,-0.037307552188065654f,0.4566661411248739f,0.02164956052654712f,0.9620658574540772f,0.2719569496265147f,4.254026390820882f,0.044872710224276885f,0.2708115133770201f,-0.9615859629276916f,2.0056120969997266f,0f,0f,0f,1f], start_interpolation: 0, interpolation_duration: 1 }
$data merge entity $(bone_left_eye1) { transformation: [-0.9987580970415885f,0.03302135889995001f,-0.037307552188065654f,0.15112536715104063f,0.02164956052654712f,0.9620658574540772f,0.2719569496265147f,4.249365647902502f,0.044872710224276885f,0.2708115133770201f,-0.9615859629276916f,1.5185166254410531f,0f,0f,0f,1f], start_interpolation: 0, interpolation_duration: 1 }
$data merge entity $(bone_crest_middle5) { transformation: [-0.9987580970415885f,0.024163788651134915f,-0.04357034440864375f,0.20638121862039716f,0.02164956052654712f,0.9981233124037776f,0.05728132125849272f,5.295871356624348f,0.044872710224276885f,0.05626690460772263f,-0.9974068755141972f,2.24347485103084f,0f,0f,0f,1f], start_interpolation: 0, interpolation_duration: 1 }
$data merge entity $(bone_crest_middle4) { transformation: [-0.9987580970415885f,0.024163788651134915f,-0.04357034440864375f,0.1922227487076228f,0.02164956052654712f,0.9981233124037776f,0.05728132125849272f,4.71103347826276f,0.044872710224276885f,0.05626690460772263f,-0.9974068755141972f,2.2105059616122524f,0f,0f,0f,1f], start_interpolation: 0, interpolation_duration: 1 }
$data merge entity $(bone_crest_middle1) { transformation: [-0.9987580970415885f,0.024163788651134915f,-0.04357034440864375f,0.1847950972233921f,0.02164956052654712f,0.9981233124037776f,0.05728132125849272f,4.2682096423192935f,0.044872710224276885f,0.05626690460772263f,-0.9974068755141972f,2.2588318676281607f,0f,0f,0f,1f], start_interpolation: 0, interpolation_duration: 1 }
$data merge entity $(bone_crest_left5) { transformation: [-0.5644822659989995f,-0.8224167033876484f,0.07064373547333797f,-0.7680727459661685f,-0.7997658140936131f,0.5660956571123869f,0.1997757482921167f,4.756796335964566f,-0.20429002418085612f,0.056271422476131816f,-0.9772917236080011f,2.218193949559298f,0f,0f,0f,1f], start_interpolation: 0, interpolation_duration: 1 }
$data merge entity $(bone_crest_left4) { transformation: [-0.5644822659989995f,-0.8224167033876484f,0.07064373547333797f,-0.3665020900151683f,-0.7997658140936131f,0.5660956571123869f,0.1997757482921167f,4.480382440890159f,-0.20429002418085612f,0.056271422476131816f,-0.9772917236080011f,2.1907176690533743f,0f,0f,0f,1f], start_interpolation: 0, interpolation_duration: 1 }
$data merge entity $(bone_crest_left1) { transformation: [-0.5644822659989995f,-0.8224167033876484f,0.07064373547333797f,0.07867503267709097f,-0.7997658140936131f,0.5660956571123869f,0.1997757482921167f,4.186081831517886f,-0.20429002418085612f,0.056271422476131816f,-0.9772917236080011f,2.112774438055061f,0f,0f,0f,1f], start_interpolation: 0, interpolation_duration: 1 }
$data merge entity $(bone_crest_center1) { transformation: [-0.9987580970415885f,0.03302135889995001f,-0.037307552188065654f,0.17540382789046494f,0.02164956052654712f,0.9620658574540772f,0.2719569496265147f,4.160479981295296f,0.044872710224276885f,0.2708115133770201f,-0.9615859629276916f,2.1017808128625135f,0f,0f,0f,1f], start_interpolation: 0, interpolation_duration: 1 }
$data merge entity $(bone_crest_right5) { transformation: [-0.5087824027483295f,0.8478586275858431f,-0.14925218350793643f,1.1504189658302644f,0.8230304148772024f,0.5298899662839265f,0.20454231791656058f,4.71521018756963f,0.2525102034387851f,-0.018771554540564894f,-0.9674121282573594f,2.131998981121878f,0f,0f,0f,1f], start_interpolation: 0, interpolation_duration: 1 }
$data merge entity $(bone_crest_right4) { transformation: [-0.5087824027483295f,0.8478586275858431f,-0.14925218350793643f,0.7364254953293645f,0.8230304148772024f,0.5298899662839265f,0.20454231791656058f,4.456474852470056f,0.2525102034387851f,-0.018771554540564894f,-0.9674121282573594f,2.141164779237388f,0f,0f,0f,1f], start_interpolation: 0, interpolation_duration: 1 }
$data merge entity $(bone_crest_right1) { transformation: [-0.5087824027483295f,0.8478586275858431f,-0.14925218350793643f,0.2737449735055262f,0.8230304148772024f,0.5298899662839265f,0.20454231791656058f,4.181853401727545f,0.2525102034387851f,-0.018771554540564894f,-0.9674121282573594f,2.1040102368393825f,0f,0f,0f,1f], start_interpolation: 0, interpolation_duration: 1 }
$data merge entity $(bone_head1) { transformation: [-0.9987580970415885f,0.03302135889995001f,-0.037307552188065654f,0.12947476007249217f,0.02164956052654712f,0.9620658574540772f,0.2719569496265147f,4.348460403197306f,0.044872710224276885f,0.2708115133770201f,-0.9615859629276916f,0.9888165714575751f,0f,0f,0f,1f], start_interpolation: 0, interpolation_duration: 1 }
$data merge entity $(bone_neck10) { transformation: [-1.291169349642555f,0.03946272162857581f,-0.16354024302822603f,0.0011135204263083634f,0.005224190838236755f,1.2745487459069573f,0.2663066072810294f,4.155839237112952f,0.16815298188896738f,0.26341828875974477f,-1.2640238869472284f,0.009174065379751295f,0f,0f,0f,1f], start_interpolation: 0, interpolation_duration: 1 }
$data merge entity $(bone_neck9) { transformation: [-0.9916180605254822f,0.03669276064123518f,-0.12388407224581331f,-0.03942005889138215f,0.004012178563765828f,0.9671093299018149f,0.2543294053782128f,2.915645292639055f,0.12914149009072695f,0.2517005866766858f,-0.9591502959410264f,-0.2635341845056397f,0f,0f,0f,1f], start_interpolation: 0, interpolation_duration: 1 }
$data merge entity $(bone_neck8) { transformation: [-0.9917782303099588f,-0.024534299133338603f,-0.1255946258773914f,-0.018249784223161286f,0.009643290842123078f,0.9643300673765454f,-0.2645269893513364f,2.2956879808545527f,0.127604658320064f,-0.2635632548736331f,-0.9561649762752429f,-0.05214185315983966f,0f,0f,0f,1f], start_interpolation: 0, interpolation_duration: 1 }
$data merge entity $(bone_neck7) { transformation: [-0.9911960193339593f,-0.0593217321780984f,-0.11836968931235409f,0.0327959152522748f,0f,0.8940132592663904f,-0.4480405029189726f,1.5761395849025694f,0.1324026104595875f,-0.4440959629936708f,-0.8861423838166249f,0.32999784898457574f,0f,0f,0f,1f], start_interpolation: 0, interpolation_duration: 1 }
$data merge entity $(bone_neck6) { transformation: [-0.9911960193339593f,-0.03426831720823146f,-0.1278911009110067f,0.05892197993851814f,0f,0.9659258262890684f,-0.25881904510252074f,0.8052370116140448f,0.1324026104595875f,-0.2565404072334351f,-0.9574218339895899f,0.5255835041916537f,0f,0f,0f,1f], start_interpolation: 0, interpolation_duration: 1 }
$data merge entity $(bone_neck_spine6) { transformation: [-1.0915892927445616f,-0.1760399505309497f,-0.04883061846679522f,-0.22057350442631837f,-0.05711792822184225f,0.04787369235500095f,1.1042587239290005f,0.38829311266736993f,-0.17352819874139597f,1.0916316791458194f,-0.05630203232750228f,-1.7791637731817547f,0f,0f,0f,1f], start_interpolation: 0, interpolation_duration: 1 }
$data merge entity $(bone_neck_spine7) { transformation: [-0.833812386456566f,-0.5290501116702806f,0.15767968649534386f,0.8344938151875461f,0.006617121262214783f,0.2760281622293787f,0.9611267696628126f,0.4151193313745644f,-0.5520082589036215f,0.8024427911059678f,-0.22665491193498818f,-4.700848465166908f,0f,0f,0f,1f], start_interpolation: 0, interpolation_duration: 1 }
$data merge entity $(bone_tail6) { transformation: [-1.171354016654751f,-0.8583029260916119f,0.36529458853558977f,2.7870031994110027f,0.1431954017125128f,0.4139893729685148f,1.43188762047919f,-0.666532270618835f,-0.9217478648085936f,1.1550424961081482f,-0.24176845863157234f,-7.324365494205823f,0f,0f,0f,1f], start_interpolation: 0, interpolation_duration: 1 }
$data merge entity $(bone_tail5) { transformation: [-0.9676402746278379f,-0.7090328519887229f,0.30176509487722636f,2.339192977102335f,0.11829185358859753f,0.3419912211479036f,1.182863686482809f,-0.450537815157001f,-0.7614438883201426f,0.954165540263253f,-0.1997217701739076f,-6.721734626671137f,0f,0f,0f,1f], start_interpolation: 0, interpolation_duration: 1 }
$data merge entity $(bone_tail4) { transformation: [-0.7822607693833468f,-0.5731970845550939f,0.2439532556481156f,2.1152878659480017f,0.09562962479583463f,0.2764729029911473f,0.9562519065461025f,-0.34254058742608406f,-0.6155672697156521f,0.7713675104443981f,-0.16145928367743267f,-6.420419192903794f,0f,0f,0f,1f], start_interpolation: 0, interpolation_duration: 1 }
$data merge entity $(bone_segment18) { transformation: [-0.7822607693833468f,-0.5731970845550939f,0.2439532556481156f,1.8354064770050849f,0.09562962479583463f,0.2764729029911473f,0.9562519065461025f,-0.2075440527624379f,-0.6155672697156521f,0.7713675104443981f,-0.16145928367743267f,-6.043774900694616f,0f,0f,0f,1f], start_interpolation: 0, interpolation_duration: 1 }
$data merge entity $(bone_segment17) { transformation: [-0.7822607693833468f,-0.5731970845550939f,0.2439532556481156f,1.4715606713792928f,0.09562962479583463f,0.2764729029911473f,0.9562519065461025f,-0.032048557699697916f,-0.6155672697156521f,0.7713675104443981f,-0.16145928367743267f,-5.554137320822683f,0f,0f,0f,1f], start_interpolation: 0, interpolation_duration: 1 }
$data merge entity $(bone_segment16) { transformation: [-0.7893815539417967f,-0.6124111734153463f,0.042770515223372885f,0.9632115528216324f,0.00523787126202293f,0.06294859778670056f,0.9980030254169228f,0.020203696322465634f,-0.6138805478275696f,0.7880292054947755f,-0.04648273105354912f,-4.90001151548034f,0f,0f,0f,1f], start_interpolation: 0, interpolation_duration: 1 }
$data merge entity $(bone_segment15) { transformation: [-0.833812386456566f,-0.5518336721542293f,0.015378636753132308f,0.39736647883536214f,0.006617121262214783f,0.017864817933866045f,0.9998185145247067f,0.038522113149183745f,-0.5520082589036215f,0.8337628239235477f,-0.011244356149831353f,-4.045078932355609f,0f,0f,0f,1f], start_interpolation: 0, interpolation_duration: 1 }
$data merge entity $(bone_segment14) { transformation: [-0.9254610819429481f,-0.37250017065816016f,-0.06903193948187622f,0.01540829603158475f,-0.02013030630296225f,-0.13360822068673592f,0.9908297604195554f,-0.09847850376592626f,-0.37830748945419634f,0.9183640161856118f,0.11615066593996412f,-3.1033970798215345f,0f,0f,0f,1f], start_interpolation: 0, interpolation_duration: 1 }
$data merge entity $(bone_segment13) { transformation: [-0.986283031562145f,-0.1489794953441792f,-0.07106962515434044f,-0.14289319517155846f,-0.05160772808749982f,-0.13065589310032233f,0.9900836732316133f,-0.26300316920964645f,-0.15678783133340246f,0.9801704686253057f,0.12117519705210988f,-2.0534379251949755f,0f,0f,0f,1f], start_interpolation: 0, interpolation_duration: 1 }
$data merge entity $(bone_segment12) { transformation: [-0.9989984249016672f,0.010637238942759142f,-0.04346258381254504f,-0.1304276807855126f,-0.042808790358426774f,0.055454731346230746f,0.9975430718717693f,-0.19801715591328228f,0.013021309920131674f,0.998404538210335f,-0.05494382193633679f,-0.8834326069797391f,0f,0f,0f,1f], start_interpolation: 0, interpolation_duration: 1 }
$data merge entity $(bone_segment11) { transformation: [-1.0293982130230515f,0.09903673768321017f,-0.0456015956746896f,-0.015325148333819955f,0.004601944021088664f,0.47202773974429585f,0.9212584311349237f,0.34748383806517524f,0.10893393892739588f,0.9159312198058438f,-0.46984237723815875f,0.17500433877295207f,0f,0f,0f,1f], start_interpolation: 0, interpolation_duration: 1 }
$data merge entity $(bone_segment10) { transformation: [-0.9921739784571467f,0.08601539795123304f,-0.09051048440820642f,0.06971924437978985f,0.032915956626721976f,0.8794152284400436f,0.47491619869940604f,1.158865342008478f,0.12044640414667811f,0.46822025511829035f,-0.8753641850253517f,0.6064142785754503f,0f,0f,0f,1f], start_interpolation: 0, interpolation_duration: 1 }