# This file was generated by Animated Java via MC-Build. It is not recommended to edit this file directly.
$data merge entity $(bone_neck_spine5) { transformation: [-1.5620847835982283f,0.009888178835984038f,0.17836072529238445f,0.10138169026933413f,0.048807938342094834f,1.5337464696755407f,0.34243064621796426f,4.3558808601385f,-0.171837450988753f,0.345750178935262f,-1.5241220094731802f,-0.4500000645043994f,0f,0f,0f,1f], start_interpolation: 0, interpolation_duration: 1 }
$data merge entity $(bone_neck_spine2) { transformation: [-1.487699793903074f,0.011351544588976234f,0.16974907169178433f,-0.17840003209411906f,0.046483750801995065f,1.4643308238752795f,0.3094653144443667f,5.602744483224527f,-0.16365471522738376f,0.31273097443044734f,-1.4552012759407733f,1.4199462861770487f,0f,0f,0f,1f], start_interpolation: 0, interpolation_duration: 1 }
$data merge entity $(bone_scale_neck_left1) { transformation: [-1.58381230441929f,0.36177897376387425f,0.2714951921307048f,0.5996336389245198f,0.45121959159880304f,1.3326270738627461f,0.8564817820614149f,4.703484667723547f,-0.031536413320790393f,0.897928803963903f,-1.3805015025288774f,1.2847255974286944f,0f,0f,0f,1f], start_interpolation: 0, interpolation_duration: 1 }
$data merge entity $(bone_scale_neck_right1) { transformation: [-1.577604531511697f,-0.4652404836083423f,0.088149392529424f,-0.9624511446737078f,-0.35243990971345224f,1.3584676140862773f,0.8622104919087821f,4.752292606065642f,-0.31623588194985774f,0.8069523621182886f,-1.4006704941122958f,1.1128881464399414f,0f,0f,0f,1f], start_interpolation: 0, interpolation_duration: 1 }
$data merge entity $(bone_blush_right1) { transformation: [-0.9979532803736332f,-0.0021405796173018434f,0.06391140829622266f,-0.9557923322482111f,0.014365934335766505f,0.9663880855630421f,0.2566859715926426f,4.169772240378396f,-0.06231268026786307f,0.25707875447166073f,-0.9643794086754106f,2.5005012840187026f,0f,0f,0f,1f], start_interpolation: 0, interpolation_duration: 1 }
$data merge entity $(bone_blush_left1) { transformation: [-0.9979532803736332f,-0.0021405796173018434f,0.06391140829622266f,0.36669067699692576f,0.014365934335766505f,0.9663880855630421f,0.2566859715926426f,4.150734571536956f,-0.06231268026786307f,0.25707875447166073f,-0.9643794086754106f,2.583077755818986f,0f,0f,0f,1f], start_interpolation: 0, interpolation_duration: 1 }
$data merge entity $(bone_left_head_scales) { transformation: [-0.9147063748478347f,-0.0021405796173018434f,-0.4041134317634521f,0.4014570063910598f,-0.10578165203523818f,0.9663880855630421f,0.23431668778491702f,4.956912295442769f,0.39002883214632755f,0.25707875447166073f,-0.8841877764897406f,2.392374877692808f,0f,0f,0f,1f], start_interpolation: 0, interpolation_duration: 1 }
$data merge entity $(bone_left_head_scales2) { transformation: [-0.8541335475356912f,-0.0021405796173018434f,-0.5200493254423055f,0.39261385728639114f,-0.13546114036814924f,0.9663880855630421f,0.21850479979158136f,4.045432443081705f,0.5021017450918247f,0.25707875447166073f,-0.8257144491741947f,2.3238621764062657f,0f,0f,0f,1f], start_interpolation: 0, interpolation_duration: 1 }
$data merge entity $(bone_left_head_scales1) { transformation: [-0.9979532803736332f,-0.0021405796173018434f,0.06391140829622266f,0.40169740351604977f,0.014365934335766505f,0.9663880855630421f,0.2566859715926426f,4.848382383489888f,-0.06231268026786307f,0.25707875447166073f,-0.9643794086754106f,2.363503728508979f,0f,0f,0f,1f], start_interpolation: 0, interpolation_duration: 1 }
$data merge entity $(bone_right_head_scales) { transformation: [-0.855684366546477f,-0.0021405796173018434f,0.517493654808304f,-0.9434409691124692f,0.1312671308043419f,0.9663880855630421f,0.2210497872701855f,4.976272636637455f,-0.5005728770302582f,0.25707875447166073f,-0.826642189088453f,2.3083988046755706f,0f,0f,0f,1f], start_interpolation: 0, interpolation_duration: 1 }
$data merge entity $(bone_right_head_scales2) { transformation: [-0.7808173919102429f,-0.0021405796173018434f,0.624755646960784f,-0.9522841182171379f,0.15899690932667834f,0.9663880855630421f,0.20202487694925716f,4.06479278427639f,-0.6041888639449174f,0.25707875447166073f,-0.7542322789991486f,2.2398861033890283f,0f,0f,0f,1f], start_interpolation: 0, interpolation_duration: 1 }
$data merge entity $(bone_right_head_scales1) { transformation: [-0.9979532803736332f,-0.0021405796173018434f,0.06391140829622266f,-0.9432005719874793f,0.014365934335766505f,0.9663880855630421f,0.2566859715926426f,4.8677427246845735f,-0.06231268026786307f,0.25707875447166073f,-0.9643794086754106f,2.2795276554917416f,0f,0f,0f,1f], start_interpolation: 0, interpolation_duration: 1 }
$data merge entity $(bone_head_left_fin1) { transformation: [-0.7715507700548938f,0.041799921529910314f,-0.7082636329877224f,0.40798203204962313f,0.08497904399214147f,1.0442683245059738f,-0.030942309882123785f,4.463015747084791f,0.704388507384281f,-0.08019745020106969f,-0.7720624312005895f,2.1740091119391023f,0f,0f,0f,1f], start_interpolation: 0, interpolation_duration: 1 }
$data merge entity $(bone_head_right_fin1) { transformation: [-0.6800722501543399f,-0.0015415098968465867f,0.7976055142377243f,-0.9369159434539059f,-0.06408235333663784f,1.0448922416473272f,-0.05261989510855641f,4.4823760882794765f,-0.7950285432523946f,-0.08290370991478681f,-0.678035241209123f,2.090033038921865f,0f,0f,0f,1f], start_interpolation: 0, interpolation_duration: 1 }
$data merge entity $(bone_right_whisker16) { transformation: [0.23293898847269517f,0.9111247197251483f,-0.3399870185096591f,-1.4270015145282013f,0.9375591285779459f,-0.3032602093095361f,-0.17034120426279506f,1.7410980093322226f,-0.25830661638734786f,-0.2790788249855337f,-0.9248744246519163f,2.5710332508321994f,0f,0f,0f,1f], start_interpolation: 0, interpolation_duration: 1 }
$data merge entity $(bone_right_whisker15) { transformation: [-0.8729252822572201f,0.349871803438152f,-0.3399870185096591f,-1.1329007114239622f,0.4230417992135146f,0.8899547798896825f,-0.17034120426279506f,1.598569278151888f,0.24297548788786233f,-0.29252386383069995f,-0.9248744246519163f,2.4891713921199803f,0f,0f,0f,1f], start_interpolation: 0, interpolation_duration: 1 }
$data merge entity $(bone_right_whisker14) { transformation: [-0.686005705337609f,-0.6432767674097688f,-0.3399870185096591f,-0.9017757423404906f,-0.6277877572972338f,0.7595172189740075f,-0.17034120426279506f,1.8100798018506628f,0.3678025340205787f,0.09658464988199544f,-0.9248744246519163f,2.365253546185313f,0f,0f,0f,1f], start_interpolation: 0, interpolation_duration: 1 }
$data merge entity $(bone_right_whisker13) { transformation: [-0.08005479039017686f,-0.989785519220595f,-0.11796548849897459f,-0.8748041576875502f,-0.9966469492993829f,0.07747260262955441f,0.026322125560765464f,2.1458641744173494f,-0.016914165300669498f,0.11967715647950544f,-0.9926687711564021f,2.370952166330558f,0f,0f,0f,1f], start_interpolation: 0, interpolation_duration: 1 }
$data merge entity $(bone_right_whisker12) { transformation: [0.0697601523600877f,-0.992753959236325f,-0.09784220747355571f,-0.9061417261305583f,-0.9660824180118333f,-0.09167865348146062f,0.2414120670228313f,2.579846510633603f,-0.24863282717916996f,0.07768269380259174f,-0.9654776622648841f,2.482642694164951f,0f,0f,0f,1f], start_interpolation: 0, interpolation_duration: 1 }
$data merge entity $(bone_right_whisker11) { transformation: [0.3085499696906867f,-0.9484536617613231f,-0.07233648937717485f,-1.0447481578275466f,-0.9505593978400197f,-0.30463851168721795f,-0.06026780546042845f,3.0068556151320496f,0.035124740310721714f,0.08735575933236772f,-0.9955577451507117f,2.466864002228494f,0f,0f,0f,1f], start_interpolation: 0, interpolation_duration: 1 }
$data merge entity $(bone_right_whisker10) { transformation: [0.09929300599273894f,-0.9940062035033567f,0.045744577359174025f,-1.0893524378633472f,-0.9487747190791248f,-0.10843196978303753f,-0.29676428418072565f,3.433063008468375f,0.29994571408382215f,-0.01393468068575595f,-0.953854492717276f,2.332122763479902f,0f,0f,0f,1f], start_interpolation: 0, interpolation_duration: 1 }
$data merge entity $(bone_right_whisker1) { transformation: [-0.3246174603003132f,-0.9457974696802732f,0.009521072133296025f,-0.9435281881190659f,-0.9450947057439115f,0.32394241698842374f,-0.043096492322783286f,3.857617270814273f,0.03767627427180281f,-0.022988188751857902f,-0.9990255459871408f,2.3151978746468656f,0f,0f,0f,1f], start_interpolation: 0, interpolation_duration: 1 }
$data merge entity $(bone_left_whisker16) { transformation: [0.2847325104729565f,-0.924231971566949f,0.2544064861854698f,0.9715431653839267f,-0.9297725105374566f,-0.33086694746733525f,-0.16140056295602934f,1.777176007277952f,0.2333462580129438f,-0.19058416987545823f,-0.9535340571076837f,2.455383587079101f,0f,0f,0f,1f], start_interpolation: 0, interpolation_duration: 1 }
$data merge entity $(bone_left_whisker15) { transformation: [-0.8791599885341463f,-0.40293306435114196f,0.2544064861854698f,0.6753418020594341f,-0.4493960002962598f,0.8786313750346052f,-0.16140056295602934f,1.625768175146888f,-0.15849589735498923f,-0.25622617441900347f,-0.9535340571076837f,2.401984090411649f,0f,0f,0f,1f], start_interpolation: 0, interpolation_duration: 1 }
$data merge entity $(bone_left_whisker14) { transformation: [-0.7367304400222536f,0.6265026724056159f,0.2544064861854698f,0.42712695654412436f,0.6063875006501539f,0.7786167589595903f,-0.16140056295602934f,1.8300686514401525f,-0.2992030377517516f,0.035360205540759845f,-0.9535340571076837f,2.3011783794503655f,0f,0f,0f,1f], start_interpolation: 0, interpolation_duration: 1 }
$data merge entity $(bone_left_whisker13) { transformation: [-0.10792651567218885f,0.9939350918511991f,0.02109266226935043f,0.3907649956975373f,0.9938194059016081f,0.10731097451002763f,0.028413785440930928f,2.1649003848737998f,0.02597798429893694f,0.0240288979451059f,-0.9993736820605734f,2.3099307276760817f,0f,0f,0f,1f], start_interpolation: 0, interpolation_duration: 1 }
$data merge entity $(bone_left_whisker12) { transformation: [0.06433164052434064f,0.9979247388151307f,-0.002766891432677065f,0.41966397483933093f,0.9680993758232679f,-0.06173562069979144f,0.24284215381068222f,2.5997887763569083f,0.24216737715482342f,-0.01830106001205088f,-0.9700618705239316f,2.41871685413235f,0f,0f,0f,1f], start_interpolation: 0, interpolation_duration: 1 }
$data merge entity $(bone_left_whisker11) { transformation: [0.27507798419685103f,0.9611705458889747f,-0.021983728657517507f,0.5432341630527602f,0.9593381078210221f,-0.2759146697601849f,-0.05951041836106777f,3.0307414419796332f,-0.06326529453482535f,-0.004719822731679826f,-0.9979855839543993f,2.390296897603034f,0f,0f,0f,1f], start_interpolation: 0, interpolation_duration: 1 }
$data merge entity $(bone_left_whisker10) { transformation: [0.04146697307902214f,0.9908608469961822f,-0.12835603621829406f,0.5618619048656022f,0.9508919772141611f,-0.0785763535961874f,-0.2993830394749685f,3.457899947368807f,-0.3067326813585526f,-0.10963821662876179f,-0.9454599534835187f,2.2525068258989966f,0f,0f,0f,1f], start_interpolation: 0, interpolation_duration: 1 }
$data merge entity $(bone_left_whisker1) { transformation: [-0.3549485803655405f,0.9290524954552067f,-0.10427351526126077f,0.40241234727951947f,0.9348729315053644f,0.3521431979691584f,-0.04480814727949073f,3.8778623970684825f,-0.00490991191914919f,-0.11338707515632962f,-0.9935387581531175f,2.250301201404066f,0f,0f,0f,1f], start_interpolation: 0, interpolation_duration: 1 }
$data merge entity $(bone_upper_left_tooth1) { transformation: [-0.9979532803736332f,0.0034378121945067746f,0.06385476989873026f,-0.03469268188896357f,0.014365934335766505f,0.9850823436439958f,0.1714829325953846f,4.054237811212165f,-0.06231268026786307f,0.17204928854304524f,-0.9831155436619172f,3.311909325411138f,0f,0f,0f,1f], start_interpolation: 0, interpolation_duration: 1 }
$data merge entity $(bone_upper_right_tooth1) { transformation: [-0.9979532803736332f,0.0034378121945067746f,0.06385476989873026f,-0.7071416696407281f,0.014365934335766505f,0.9850823436439958f,0.1714829325953846f,4.0639179818095075f,-0.06231268026786307f,0.17204928854304524f,-0.9831155436619172f,3.2699212889025198f,0f,0f,0f,1f], start_interpolation: 0, interpolation_duration: 1 }
$data merge entity $(bone_top_lip1) { transformation: [-0.9979532803736332f,0.03290971240627733f,0.054828833845346404f,-0.342473418635789f,0.014365934335766505f,0.9508693605488555f,-0.309258919192432f,4.180366852147699f,-0.06231268026786307f,-0.3078382854661631f,-0.9493959763339469f,3.3139189668145073f,0f,0f,0f,1f], start_interpolation: 0, interpolation_duration: 1 }
$data merge entity $(bone_muzzle1) { transformation: [-0.9979532803736332f,0.0034378121945067746f,0.06385476989873026f,-0.3060383451052008f,0.014365934335766505f,0.9850823436439958f,0.1714829325953846f,4.4426025850783f,-0.06231268026786307f,0.17204928854304524f,-0.9831155436619172f,2.7908594596544223f,0f,0f,0f,1f], start_interpolation: 0, interpolation_duration: 1 }
$data merge entity $(bone_jaw_right_tooth1) { transformation: [-0.9979532803736332f,0.03933622743256189f,0.0504173720346296f,-0.7101529562395197f,0.014365934335766505f,0.9061775302700054f,-0.4226534083198835f,3.9607457854624055f,-0.06231268026786307f,-0.421064062637893f,-0.904887940594142f,3.2943618736256166f,0f,0f,0f,1f], start_interpolation: 0, interpolation_duration: 1 }
$data merge entity $(bone_jaw_left_tooth1) { transformation: [-0.9979532803736332f,0.03933622743256189f,0.0504173720346296f,0.018333447158225186f,0.014365934335766505f,0.9061775302700054f,-0.4226534083198835f,3.9502589339819507f,-0.06231268026786307f,-0.421064062637893f,-0.904887940594142f,3.33984891317662f,0f,0f,0f,1f], start_interpolation: 0, interpolation_duration: 1 }
$data merge entity $(bone_tongue1) { transformation: [-0.9979532803736332f,0.018620080746568412f,0.06117632535953559f,-0.2964273483155025f,0.014365934335766505f,0.9974953796965419f,-0.06925739971087891f,3.8847919904533397f,-0.06231268026786307f,-0.06823679415860093f,-0.9957212811830386f,2.5083359656811357f,0f,0f,0f,1f], start_interpolation: 0, interpolation_duration: 1 }
$data merge entity $(bone_jaw_lips1) { transformation: [-0.9979532803736332f,0.018620080746568412f,0.06117632535953559f,-0.29775782149502666f,0.014365934335766505f,0.9974953796965419f,-0.06925739971087891f,3.8173821951634315f,-0.06231268026786307f,-0.06823679415860093f,-0.9957212811830386f,3.4152410913843894f,0f,0f,0f,1f], start_interpolation: 0, interpolation_duration: 1 }
$data merge entity $(bone_jaw3) { transformation: [-0.9979532803736332f,0.029983736973269372f,0.0564820830761604f,-0.24953769641484322f,0.014365934335766505f,0.965803651554821f,-0.2588762765763497f,3.503449485385513f,-0.06231268026786307f,-0.2575350115236607f,-0.9642576666624658f,2.570607728286081f,0f,0f,0f,1f], start_interpolation: 0, interpolation_duration: 1 }
$data merge entity $(bone_jaw1) { transformation: [-0.9979532803736332f,-0.01873716021958238f,0.061140567697807534f,-0.19460671762384424f,0.014365934335766505f,0.8659794819646044f,0.4998731406536824f,3.952554260191556f,-0.06231268026786307f,0.499728381866811f,-0.8639378879494832f,1.794413532081467f,0f,0f,0f,1f], start_interpolation: 0, interpolation_duration: 1 }
$data merge entity $(bone_tear_right1) { transformation: [-0.9979532803736332f,-0.0021405796173018434f,0.06391140829622266f,-0.9070561022024486f,0.014365934335766505f,0.9663880855630421f,0.2566859715926426f,4.522875917287557f,-0.06231268026786307f,0.25707875447166073f,-0.9643794086754106f,2.7025232045149434f,0f,0f,0f,1f], start_interpolation: 0, interpolation_duration: 1 }
$data merge entity $(bone_right_pupil1) { transformation: [-0.9979532803736332f,-0.0021405796173018434f,0.06391140829622266f,-0.7266799167769987f,0.014365934335766505f,0.9663880855630421f,0.2566859715926426f,4.6114475647937185f,-0.06231268026786307f,0.25707875447166073f,-0.9643794086754106f,2.8079236382186594f,0f,0f,0f,1f], start_interpolation: 0, interpolation_duration: 1 }
$data merge entity $(bone_right_sad_pupil1) { transformation: [-0.9979532803736332f,-0.0021405796173018434f,0.06391140829622266f,-0.7259621617033595f,0.014365934335766505f,0.9663880855630421f,0.2566859715926426f,4.6143302685762535f,-0.06231268026786307f,0.25707875447166073f,-0.9643794086754106f,2.797093205406387f,0f,0f,0f,1f], start_interpolation: 0, interpolation_duration: 1 }
$data merge entity $(bone_right_happy_pupil1) { transformation: [-0.9979532803736332f,-0.0021405796173018434f,0.06391140829622266f,-0.7539204123749128f,0.014365934335766505f,0.9663880855630421f,0.2566859715926426f,4.587601473162549f,-0.06231268026786307f,0.25707875447166073f,-0.9643794086754106f,2.788126031370534f,0f,0f,0f,1f], start_interpolation: 0, interpolation_duration: 1 }
$data merge entity $(bone_eyelid_right1) { transformation: [-0.9979532803736332f,-0.0021405796173018434f,0.06391140829622266f,-0.2584657503453945f,0.014365934335766505f,0.9663880855630421f,0.2566859715926426f,4.697989053763822f,-0.06231268026786307f,0.25707875447166073f,-0.9643794086754106f,2.268078336020821f,0f,0f,0f,1f], start_interpolation: 0, interpolation_duration: 1 }
$data merge entity $(bone_eyelid_expressions_right5) { transformation: [-0.9979532803736332f,-0.0021405796173018434f,0.06391140829622266f,-0.8550882561746442f,0.014365934335766505f,0.9663880855630421f,0.2566859715926426f,4.724715541397534f,-0.06231268026786307f,0.25707875447166073f,-0.9643794086754106f,2.8179166699863503f,0f,0f,0f,1f], start_interpolation: 0, interpolation_duration: 1 }
$data merge entity $(bone_eyelid_expressions_right7) { transformation: [-0.9979532803736332f,-0.0021405796173018434f,0.06391140829622266f,-0.5188637622987619f,0.014365934335766505f,0.9663880855630421f,0.2566859715926426f,4.719875456098862f,-0.06231268026786307f,0.25707875447166073f,-0.9643794086754106f,2.8389106882406594f,0f,0f,0f,1f], start_interpolation: 0, interpolation_duration: 1 }
$data merge entity $(bone_eyelid_expressions_right6) { transformation: [-0.9979532803736332f,-0.0021405796173018434f,0.06391140829622266f,-0.6309385935907227f,0.014365934335766505f,0.9663880855630421f,0.2566859715926426f,4.721488817865086f,-0.06231268026786307f,0.25707875447166073f,-0.9643794086754106f,2.8319126821558895f,0f,0f,0f,1f], start_interpolation: 0, interpolation_duration: 1 }
$data merge entity $(bone_right_eye1) { transformation: [-0.9979532803736332f,-0.0021405796173018434f,0.06391140829622266f,-0.2703909885482298f,0.014365934335766505f,0.9663880855630421f,0.2566859715926426f,4.6952676861579095f,-0.06231268026786307f,0.25707875447166073f,-0.9643794086754106f,2.2782089682246167f,0f,0f,0f,1f], start_interpolation: 0, interpolation_duration: 1 }
$data merge entity $(bone_tear_left1) { transformation: [-0.9979532803736332f,-0.0021405796173018434f,0.06391140829622266f,0.3033520757507276f,0.014365934335766505f,0.9663880855630421f,0.2566859715926426f,4.50545161021234f,-0.06231268026786307f,0.25707875447166073f,-0.9643794086754106f,2.778101670230457f,0f,0f,0f,1f], start_interpolation: 0, interpolation_duration: 1 }
$data merge entity $(bone_left_sad_pupil1) { transformation: [-0.9979532803736332f,-0.0021405796173018434f,0.06391140829622266f,0.11459907298634614f,0.014365934335766505f,0.9663880855630421f,0.2566859715926426f,4.602230055329574f,-0.06231268026786307f,0.25707875447166073f,-0.9643794086754106f,2.84957825104216f,0f,0f,0f,1f], start_interpolation: 0, interpolation_duration: 1 }
$data merge entity $(bone_left_pupil1) { transformation: [-0.9979532803736332f,-0.0021405796173018434f,0.06391140829622266f,0.11388131791270689f,0.014365934335766505f,0.9663880855630421f,0.2566859715926426f,4.59934735154704f,-0.06231268026786307f,0.25707875447166073f,-0.9643794086754106f,2.8604086838544327f,0f,0f,0f,1f], start_interpolation: 0, interpolation_duration: 1 }
$data merge entity $(bone_eyelid_left1) { transformation: [-0.9979532803736332f,-0.0021405796173018434f,0.06391140829622266f,-0.28088071660378666f,0.014365934335766505f,0.9663880855630421f,0.2566859715926426f,4.698311726117066f,-0.06231268026786307f,0.25707875447166073f,-0.9643794086754106f,2.2666787348038673f,0f,0f,0f,1f], start_interpolation: 0, interpolation_duration: 1 }
$data merge entity $(bone_left_happy_pupil1) { transformation: [-0.9979532803736332f,-0.0021405796173018434f,0.06391140829622266f,0.14267823796077317f,0.014365934335766505f,0.9663880855630421f,0.2566859715926426f,4.57469457903276f,-0.06231268026786307f,0.25707875447166073f,-0.9643794086754106f,2.844110080048692f,0f,0f,0f,1f], start_interpolation: 0, interpolation_duration: 1 }
$data merge entity $(bone_eyelid_expressions_left5) { transformation: [-0.9979532803736332f,-0.0021405796173018434f,0.06391140829622266f,0.24324509048657122f,0.014365934335766505f,0.9663880855630421f,0.2566859715926426f,4.708904596088541f,-0.06231268026786307f,0.25707875447166073f,-0.9643794086754106f,2.886497129617094f,0f,0f,0f,1f], start_interpolation: 0, interpolation_duration: 1 }
$data merge entity $(bone_eyelid_expressions_left7) { transformation: [-0.9979532803736332f,-0.0021405796173018434f,0.06391140829622266f,-0.09297940338931111f,0.014365934335766505f,0.9663880855630421f,0.2566859715926426f,4.713744681387212f,-0.06231268026786307f,0.25707875447166073f,-0.9643794086754106f,2.8655031113627847f,0f,0f,0f,1f], start_interpolation: 0, interpolation_duration: 1 }
$data merge entity $(bone_eyelid_expressions_left6) { transformation: [-0.9979532803736332f,-0.0021405796173018434f,0.06391140829622266f,0.019095427902649675f,0.014365934335766505f,0.9663880855630421f,0.2566859715926426f,4.712131319620988f,-0.06231268026786307f,0.25707875447166073f,-0.9643794086754106f,2.8725011174475545f,0f,0f,0f,1f], start_interpolation: 0, interpolation_duration: 1 }
$data merge entity $(bone_left_eye1) { transformation: [-0.9979532803736332f,-0.0021405796173018434f,0.06391140829622266f,-0.2703909885482298f,0.014365934335766505f,0.9663880855630421f,0.2566859715926426f,4.6952676861579095f,-0.06231268026786307f,0.25707875447166073f,-0.9643794086754106f,2.2782089682246167f,0f,0f,0f,1f], start_interpolation: 0, interpolation_duration: 1 }
$data merge entity $(bone_crest_middle5) { transformation: [-0.9979532803736332f,0.011743121204580792f,0.06285975895498655f,-0.3038270625260558f,0.014365934335766505f,0.9990378418583129f,0.041436824995950444f,5.912019038641321f,-0.06231268026786307f,0.0422550546024863f,-0.9971617924080204f,3.094213183147508f,0f,0f,0f,1f], start_interpolation: 0, interpolation_duration: 1 }
$data merge entity $(bone_crest_middle4) { transformation: [-0.9979532803736332f,0.011743121204580792f,0.06285975895498655f,-0.3117399078689862f,0.014365934335766505f,0.9990378418583129f,0.041436824995950444f,5.238839242857888f,-0.06231268026786307f,0.0422550546024863f,-0.9971617924080204f,3.065740538932942f,0f,0f,0f,1f], start_interpolation: 0, interpolation_duration: 1 }
$data merge entity $(bone_crest_middle1) { transformation: [-0.9979532803736332f,0.011743121204580792f,0.06285975895498655f,-0.32296914865573373f,0.014365934335766505f,0.9990378418583129f,0.041436824995950444f,4.730464218867332f,-0.06231268026786307f,0.0422550546024863f,-0.9971617924080204f,3.1283758717395287f,0f,0f,0f,1f], start_interpolation: 0, interpolation_duration: 1 }
$data merge entity $(bone_crest_left5) { transformation: [-0.5343945601548673f,-0.8272628772939234f,0.17337412127611324f,-1.4110146232446552f,-0.8073246338072173f,0.5603144638487331f,0.18513410612296538f,5.282775396982824f,-0.2502986011245935f,-0.04103453975963958f,-0.9672987009304758f,2.955836271997281f,0f,0f,0f,1f], start_interpolation: 0, interpolation_duration: 1 }
$data merge entity $(bone_crest_left4) { transformation: [-0.5343945601548673f,-0.8272628772939234f,0.17337412127611324f,-0.9464871286704305f,-0.8073246338072173f,0.5603144638487331f,0.18513410612296538f,4.968145693161515f,-0.2502986011245935f,-0.04103453975963958f,-0.9672987009304758f,2.978878127819344f,0f,0f,0f,1f], start_interpolation: 0, interpolation_duration: 1 }
$data merge entity $(bone_crest_left1) { transformation: [-0.5343945601548673f,-0.8272628772939234f,0.17337412127611324f,-0.4257715213835337f,-0.8073246338072173f,0.5603144638487331f,0.18513410612296538f,4.6324487329249395f,-0.2502986011245935f,-0.04103453975963958f,-0.9672987009304758f,2.949908080060037f,0f,0f,0f,1f], start_interpolation: 0, interpolation_duration: 1 }
$data merge entity $(bone_crest_center1) { transformation: [-0.9979532803736332f,-0.0021405796173018434f,0.06391140829622266f,-0.3136365915795962f,0.014365934335766505f,0.9663880855630421f,0.2566859715926426f,4.6037032404662135f,-0.06231268026786307f,0.25707875447166073f,-0.9643794086754106f,2.949688391236527f,0f,0f,0f,1f], start_interpolation: 0, interpolation_duration: 1 }
$data merge entity $(bone_crest_right5) { transformation: [-0.5380052532314948f,0.8416665167300466f,-0.04634460174416151f,0.7934729981845869f,0.8227622555915044f,0.5362895615240447f,0.18829704451830387f,5.251040920994525f,0.18333744371866614f,0.06317421005329579f,-0.9810180431138088f,3.0934855337514504f,0f,0f,0f,1f], start_interpolation: 0, interpolation_duration: 1 }
$data merge entity $(bone_crest_right4) { transformation: [-0.5380052532314948f,0.8416665167300466f,-0.04634460174416151f,0.32085752248167987f,0.8227622555915044f,0.5362895615240447f,0.18829704451830387f,4.949901762912176f,0.18333744371866614f,0.06317421005329579f,-0.9810180431138088f,3.0580117341609765f,0f,0f,0f,1f], start_interpolation: 0, interpolation_duration: 1 }
$data merge entity $(bone_crest_right1) { transformation: [-0.5380052532314948f,0.8416665167300466f,-0.04634460174416151f,-0.20162185879961217f,0.8227622555915044f,0.5362895615240447f,0.18829704451830387f,4.6292220093924925f,0.18333744371866614f,0.06317421005329579f,-0.9810180431138088f,2.9639040922295767f,0f,0f,0f,1f], start_interpolation: 0, interpolation_duration: 1 }
$data merge entity $(bone_head1) { transformation: [-1.0460317587249666f,-0.002243706499906228f,0.06699047353966044f,-0.23079426093557776f,0.015058043151421915f,1.0129458448935527f,0.26905235303655883f,4.7995514382208695f,-0.06531472345785123f,0.26946405904907134f,-1.0108403958121162f,1.668099588957705f,0f,0f,0f,1f], start_interpolation: 0, interpolation_duration: 1 }
$data merge entity $(bone_neck10) { transformation: [-1.487699793903074f,-0.01090226940942099f,0.16977851874280933f,-0.10655638550849983f,0.046483750801995065f,1.41140994156382f,0.497951322370189f,4.730918772940483f,-0.16365471522738376f,0.4999973990538012f,-1.4019322440144195f,0.5192236453812908f,0f,0f,0f,1f], start_interpolation: 0, interpolation_duration: 1 }
$data merge entity $(bone_neck9) { transformation: [-1.1380903423358524f,-0.026674388140823235f,0.12738523539920735f,-0.07880399059368626f,0.03556006936352625f,1.0147963630248158f,0.5301999354554886f,3.411560666366919f,-0.12519585714894865f,0.5307211764264317f,-1.0073972298670577f,-0.10780347997263878f,0f,0f,0f,1f], start_interpolation: 0, interpolation_duration: 1 }
$data merge entity $(bone_neck8) { transformation: [-1.0566344237484975f,0.039153425488010644f,0.11081895694850197f,-0.11150543026344449f,0.024125575283543577f,1.0533327080775052f,-0.14212072371144885f,2.63012162134464f,-0.1150295117082447f,-0.13873482894926834f,-1.0477647617998511f,0.02869019124139388f,0f,0f,0f,1f], start_interpolation: 0, interpolation_duration: 1 }
$data merge entity $(bone_neck7) { transformation: [-1.0505230620322112f,0.040912769973421345f,0.09567682188269389f,-0.15054371036022826f,0f,0.9706444590206303f,-0.4150613774209209f,1.7606300254098555f,-0.10405723902002599f,-0.41304006134956706f,-0.9659174972956434f,0.4228061021570376f,0f,0f,0f,1f], start_interpolation: 0, interpolation_duration: 1 }
$data merge entity $(bone_neck6) { transformation: [-1.044562647495858f,0.026779189592420836f,0.09994129614443424f,-0.17335729282244075f,0f,1.01390768862361f,-0.27167574636640246f,0.8623837152570495f,-0.10346684333764286f,-0.270352706974639f,-1.0089700383931335f,0.6531235190886503f,0f,0f,0f,1f], start_interpolation: 0, interpolation_duration: 1 }
$data merge entity $(bone_neck_spine6) { transformation: [-1.254501033080546f,-0.10924544683316813f,-0.18514307673465516f,0.14981535629120873f,-0.1640910726870288f,-0.2215296319131429f,1.242571571606866f,0.752035711121289f,-0.13887637085182353f,1.2485893732718367f,0.2042628186635487f,-1.965378721637609f,0f,0f,0f,1f], start_interpolation: 0, interpolation_duration: 1 }
$data merge entity $(bone_neck_spine7) { transformation: [-0.9116154725636534f,0.2571063532022605f,-0.32070789408055034f,-0.17383648167153737f,-0.25571424769021883f,0.2561301239236985f,0.9322057622365654f,1.2966294414657584f,0.3218189766169366f,0.9318227743309695f,-0.16774642627299796f,-5.523308070798826f,0f,0f,0f,1f], start_interpolation: 0, interpolation_duration: 1 }
$data merge entity $(bone_tail6) { transformation: [-0.9109933822097673f,0.722417722571882f,-1.2702384143188208f,-1.808169394344467f,-1.0295542663456938f,0.7449522102958158f,1.1620525610108543f,-0.5448338896191244f,1.0370202542605018f,1.3742127841118932f,0.03781737383862069f,-8.669083136893757f,0f,0f,0f,1f], start_interpolation: 0, interpolation_duration: 1 }
$data merge entity $(bone_tail5) { transformation: [-0.7525597505211121f,0.596779857776772f,-1.0493273857416345f,-1.4312557999591373f,-0.8505013504594862f,0.6153953041574131f,0.9599564634437491f,-0.15616317120391612f,0.856668905693458f,1.1352192564402594f,0.031240439257991002f,-7.9521025538788574f,0f,0f,0f,1f], start_interpolation: 0, interpolation_duration: 1 }
$data merge entity $(bone_tail4) { transformation: [-0.554517710910293f,0.4397325267828846f,-0.7731886000201517f,-1.2427990027664726f,-0.6266852056017266f,0.45344917148440955f,0.7073363414848677f,0.03817218800368799f,0.6312297199846532f,0.8364773468507175f,0.023019271032203893f,-7.593612262371407f,0f,0f,0f,1f], start_interpolation: 0, interpolation_duration: 1 }
$data merge entity $(bone_segment18) { transformation: [-0.5290305614647268f,0.4195212180984539f,-0.737650738901213f,-1.0072280062756416f,-0.5978810408722063f,0.43260740832301436f,0.674825230137116f,0.28109138701319314f,0.6022166769543027f,0.7980305619644112f,0.02196124242575477f,-7.145499397987094f,0f,0f,0f,1f], start_interpolation: 0, interpolation_duration: 1 }
$data merge entity $(bone_segment17) { transformation: [-0.5290305614647268f,0.4195212180984539f,-0.737650738901213f,-0.7009857108375608f,-0.5978810408722063f,0.43260740832301436f,0.674825230137116f,0.5968863457255502f,0.6022166769543027f,0.7980305619644112f,0.02196124242575477f,-6.562952674287486f,0f,0f,0f,1f], start_interpolation: 0, interpolation_duration: 1 }
$data merge entity $(bone_segment16) { transformation: [-0.7402068319236074f,0.5692337312805461f,-0.3578642272511232f,-0.1576009722372343f,-0.2377304560785506f,0.2762939731096927f,0.9312066745228711f,0.8606337663453988f,0.6289499791130457f,0.7743607683732998f,-0.06919049196249281f,-5.823755749399887f,0f,0f,0f,1f], start_interpolation: 0, interpolation_duration: 1 }
$data merge entity $(bone_segment15) { transformation: [-0.9116154725636534f,0.3313509775638309f,-0.24323601676158207f,0.23312784163808392f,-0.25571424769021883f,0.006130096367384624f,0.9667329752557071f,0.867862371192681f,0.3218189766169366f,0.9434876531179515f,0.07914287525233937f,-4.711195845942928f,0f,0f,0f,1f], start_interpolation: 0, interpolation_duration: 1 }
$data merge entity $(bone_segment14) { transformation: [-1.0284165771795881f,0.10943056174126638f,-0.1704684544553134f,0.3562372235970086f,-0.19455888567429896f,-0.2879869587339664f,0.9888809582702599f,0.5438770426169687f,0.05640373934915508f,1.0018800635711458f,0.3028698638545618f,-3.584080774425389f,0f,0f,0f,1f], start_interpolation: 0, interpolation_duration: 1 }
$data merge entity $(bone_segment13) { transformation: [-1.0109802443060871f,-0.060792545318678025f,-0.16222460935280122f,0.28746032228832163f,-0.13223809975366438f,-0.3497000656720997f,0.955152637469874f,0.09656107634629793f,-0.11191801650999895f,0.9623449185847002f,0.3368385771818035f,-2.434272138875787f,0f,0f,0f,1f], start_interpolation: 0, interpolation_duration: 1 }
$data merge entity $(bone_segment12) { transformation: [-1.09397933644998f,-0.14770421951632975f,-0.16083083084163263f,0.10902569468470176f,-0.13563860693997773f,-0.18426250080986584f,1.0918440274573802f,-0.1260379179206541f,-0.17112936895670536f,1.0902773388106541f,0.1627388851753436f,-1.1171585752119093f,0f,0f,0f,1f], start_interpolation: 0, interpolation_duration: 1 }
$data merge entity $(bone_segment11) { transformation: [-1.1745789006208112f,-0.17744887330860826f,-0.0774541442355346f,-0.09115255516889244f,-0.13114154140590273f,0.37879646551785773f,1.1209094409051112f,0.31226850234751946f,-0.14243996354758517f,1.1145169249293752f,-0.3933010573490475f,0.17143811186771596f,0f,0f,0f,1f], start_interpolation: 0, interpolation_duration: 1 }
$data merge entity $(bone_segment10) { transformation: [-1.0435252337939667f,-0.08712093440747386f,0.046262590160836045f,-0.18114866245584127f,-0.04979408013566073f,0.8895992951779943f,0.5520949570748066f,1.222894559963879f,-0.0851518293629928f,0.547447015547585f,-0.8897899354057403f,0.731782279995515f,0f,0f,0f,1f], start_interpolation: 0, interpolation_duration: 1 }