# This file was generated by Animated Java via MC-Build. It is not recommended to edit this file directly.
$data merge entity $(bone_neck_spine5) { transformation: [-1.5567157492152868f,-0.02129267672012034f,-0.21954929655961622f,0.04745677677331695f,-0.028241380630074937f,1.5712833373201012f,0.04785701450106634f,4.2490505850748335f,0.21876401925782285f,0.05132729619744736f,-1.556125640203857f,-0.7783321278140086f,0f,0f,0f,1f], start_interpolation: 0, interpolation_duration: 1 }
$data merge entity $(bone_neck_spine2) { transformation: [-1.4825864278240821f,-0.0020782035948017927f,-0.21006533932487115f,0.14874580261768477f,-0.026896552981023742f,1.4868773303708f,0.17511899254840946f,5.748110398664686f,0.20834668500745027f,0.17716028669893677f,-1.472209283134427f,0.9430960188147817f,0f,0f,0f,1f], start_interpolation: 0, interpolation_duration: 1 }
$data merge entity $(bone_scale_neck_left1) { transformation: [-1.5680557535689563f,0.48804358102371154f,-0.1267663108184356f,0.9236189092181688f,0.3846081986324062f,1.4254131574749735f,0.7302937387651876f,4.870768465727779f,0.32608705598612786f,0.6656319361001634f,-1.4709372652834383f,0.6938330150275734f,0f,0f,0f,1f], start_interpolation: 0, interpolation_duration: 1 }
$data merge entity $(bone_scale_neck_right1) { transformation: [-1.5824949911810995f,-0.3361333315976593f,-0.30948193342013014f,-0.6330968399971173f,-0.4417643639899569f,1.4104612345516052f,0.7269789772568281f,4.8425270850977045f,0.11665732052877326f,0.7814528584974866f,-1.4452603849655694f,0.9125970342853962f,0f,0f,0f,1f], start_interpolation: 0, interpolation_duration: 1 }
$data merge entity $(bone_blush_right1) { transformation: [-0.9978924520133747f,0.02012454249743455f,-0.061690007326983765f,-0.399042289818765f,0.0009930090732294776f,0.9553171171411462f,0.29558115574256477f,4.297326455349572f,0.06488195548621238f,0.29489694553589185f,-0.9533237243276211f,2.153039603345761f,0f,0f,0f,1f], start_interpolation: 0, interpolation_duration: 1 }
$data merge entity $(bone_blush_left1) { transformation: [-0.9978924520133747f,0.02012454249743455f,-0.061690007326983765f,0.9233601099684904f,0.0009930090732294776f,0.9553171171411462f,0.29558115574256477f,4.296010524380458f,0.06488195548621238f,0.29489694553589185f,-0.9533237243276211f,2.067058340069599f,0f,0f,0f,1f], start_interpolation: 0, interpolation_duration: 1 }
$data merge entity $(bone_left_head_scales) { transformation: [-0.8566561399489483f,0.02012454249743455f,-0.5154951606727619f,0.9250091634507903f,-0.13560337895713906f,0.9553171171411462f,0.2626422077894876f,5.109545232041637f,0.49774690506639435f,0.29489694553589185f,-0.8156493180346729f,1.9068791655169817f,0f,0f,0f,1f], start_interpolation: 0, interpolation_duration: 1 }
$data merge entity $(bone_left_head_scales2) { transformation: [-0.7820417074862294f,0.02012454249743455f,-0.6229010921015403f,0.9173206352928459f,-0.16872496055101038f,0.9553171171411462f,0.24269547458531202f,4.201459785620302f,0.5999522109627422f,0.29489694553589185f,-0.7437023168408972f,1.8025267754325034f,0f,0f,0f,1f], start_interpolation: 0, interpolation_duration: 1 }
$data merge entity $(bone_left_head_scales1) { transformation: [-0.9978924520133747f,0.02012454249743455f,-0.061690007326983765f,0.9227490829945355f,0.0009930090732294776f,0.9553171171411462f,0.29558115574256477f,5.0022586417377f,0.06488195548621238f,0.29489694553589185f,-0.9533237243276211f,1.8737608562038688f,0f,0f,0f,1f], start_interpolation: 0, interpolation_duration: 1 }
$data merge entity $(bone_right_head_scales) { transformation: [-0.913626690616336f,0.02012454249743455f,0.4060557510770049f,-0.41980683633285915f,0.13736499856793669f,0.9553171171411462f,0.2617251666645006f,5.110883466925482f,-0.38264491027827924f,0.29489694553589185f,-0.8755676239741443f,1.9943177383401975f,0f,0f,0f,1f], start_interpolation: 0, interpolation_duration: 1 }
$data merge entity $(bone_right_head_scales2) { transformation: [-0.8528095766083919f,0.02012454249743455f,0.5218341008733371f,-0.42749536449080355f,0.1703518113756773f,0.9553171171411462f,0.2415563413743376f,4.202798020504146f,-0.4936558380147458f,0.29489694553589185f,-0.8181318384634351f,1.889965348255719f,0f,0f,0f,1f], start_interpolation: 0, interpolation_duration: 1 }
$data merge entity $(bone_right_head_scales1) { transformation: [-0.9978924520133747f,0.02012454249743455f,-0.061690007326983765f,-0.422066916789114f,0.0009930090732294776f,0.9553171171411462f,0.29558115574256477f,5.003596876621544f,0.06488195548621238f,0.29489694553589185f,-0.9533237243276211f,1.9611994290270847f,0f,0f,0f,1f], start_interpolation: 0, interpolation_duration: 1 }
$data merge entity $(bone_head_left_fin1) { transformation: [-0.6768348967885325f,0.02008983535056112f,-0.8001038176574446f,0.9090777529396363f,0.0448297334214617f,1.0471533969152924f,-0.011629976582048339f,4.6248305271854635f,0.7990995028879637f,-0.0417296042339927f,-0.677033103060594f,1.6692706026487867f,0f,0f,0f,1f], start_interpolation: 0, interpolation_duration: 1 }
$data merge entity $(bone_head_right_fin1) { transformation: [-0.7746996424769844f,-0.023248954280976723f,0.7056735421539108f,-0.4357382468440132f,-0.04338530224584911f,1.0471965236182152f,-0.013128385130524027f,4.626168762069308f,-0.7047221988274829f,-0.03891176007250375f,-0.7749372203172274f,1.7567091754720026f,0f,0f,0f,1f], start_interpolation: 0, interpolation_duration: 1 }
$data merge entity $(bone_right_whisker16) { transformation: [0.278681969379172f,0.9127396688666705f,-0.2987350947245843f,-1.0069051976659247f,0.9598037602175796f,-0.2755029211586332f,0.05361792895342768f,1.9190726261231983f,-0.033363180530955786f,-0.3016694172603846f,-0.9528286629161817f,1.580613587758809f,0f,0f,0f,1f], start_interpolation: 0, interpolation_duration: 1 }
$data merge entity $(bone_right_whisker15) { transformation: [-0.8685557581664455f,0.3954342399638707f,-0.2987350947245843f,-0.7142765486743f,0.39842548557588875f,0.9156321587506429f,0.05361792895342768f,1.7848374771742905f,0.29473382466138437f,-0.0724535142407427f,-0.9528286629161817f,1.4813136175359793f,0f,0f,0f,1f], start_interpolation: 0, interpolation_duration: 1 }
$data merge entity $(bone_right_whisker14) { transformation: [-0.7254526556813536f,-0.6200611159754854f,-0.2987350947245843f,-0.46986134729728174f,-0.6614626693896096f,0.7480589914563671f,0.05361792895342768f,2.007693552310438f,0.19022508080913822f,0.2364993821482796f,-0.9528286629161817f,1.417224112771182f,0f,0f,0f,1f], start_interpolation: 0, interpolation_duration: 1 }
$data merge entity $(bone_right_whisker13) { transformation: [-0.11430151606029791f,-0.9912003557730261f,-0.06676090279305369f,-0.43135155917149776f,-0.9636337577331036f,0.09428141343963009f,0.25004198854793136f,2.3323553163904385f,-0.24154739572906958f,0.0929132379978849f,-0.9659306319924079f,1.498604827152558f,0f,0f,0f,1f], start_interpolation: 0, interpolation_duration: 1 }
$data merge entity $(bone_right_whisker12) { transformation: [0.04799317614495015f,-0.9980287271183005f,-0.040439026819949576f,-0.4529109937678621f,-0.8895740420101883f,-0.06112004873147894f,0.4526835135331498f,2.7319686555747027f,-0.4542627860888182f,0.014247788940269526f,-0.8907537940896676f,1.7026681880908943f,0f,0f,0f,1f], start_interpolation: 0, interpolation_duration: 1 }
$data merge entity $(bone_right_whisker11) { transformation: [0.27257188449585656f,-0.9618326479054015f,-0.024135558946531424f,-0.5753553950062352f,-0.9479603941270798f,-0.27276177360442966f,0.16423186665990774f,3.157810238873977f,-0.164546829045136f,-0.021885435418332023f,-0.9861264466424884f,1.776585708951014f,0f,0f,0f,1f], start_interpolation: 0, interpolation_duration: 1 }
$data merge entity $(bone_right_whisker10) { transformation: [0.05042321514187366f,-0.9952518801724697f,0.0832537950361442f,-0.5980064486832488f,-0.9950911041560924f,-0.05717220180465293f,-0.08077768113914519f,3.6048238208190964f,0.08515394180051611f,-0.07877204043296099f,-0.9932490985859801f,1.7383329616578134f,0f,0f,0f,1f], start_interpolation: 0, interpolation_duration: 1 }
$data merge entity $(bone_right_whisker1) { transformation: [-0.3593289161776397f,-0.9313850693437757f,0.05834880120527487f,-0.4365891621190747f,-0.9142816241430853f,0.36388088705637217f,0.17798823497453464f,4.015536269164623f,-0.18700759811538448f,0.010609082833009764f,-0.9823011786659714f,1.8223402811237088f,0f,0f,0f,1f], start_interpolation: 0, interpolation_duration: 1 }
$data merge entity $(bone_left_whisker16) { transformation: [0.23954069132870537f,-0.9245711157652097f,0.29629125719541693f,1.3941931984837208f,-0.9703531126416413f,-0.238101162321737f,0.041505099538686474f,1.8701939585033154f,0.03217287653356808f,-0.29744930390524155f,-0.9541953770700435f,1.575098512414257f,0f,0f,0f,1f], start_interpolation: 0, interpolation_duration: 1 }
$data merge entity $(bone_left_whisker15) { transformation: [-0.8853949473791729f,-0.3581721346852521f,0.29629125719541693f,1.09589118984523f,-0.3627206707730057f,0.9309731691656128f,0.041505099538686474f,1.747988263760457f,-0.29070518080937613f,-0.07072255813207616f,-0.9541953770700435f,1.477155848957973f,0f,0f,0f,1f], start_interpolation: 0, interpolation_duration: 1 }
$data merge entity $(bone_left_whisker14) { transformation: [-0.6987982683801678f,0.6510702504480126f,0.29629125719541693f,0.8604562263773026f,0.6904558533574752f,0.7221828309207333f,0.041505099538686474f,1.9806125502920278f,-0.186953723346927f,0.23357972451580133f,-0.9541953770700435f,1.4141685105256587f,0f,0f,0f,1f], start_interpolation: 0, interpolation_duration: 1 }
$data merge entity $(bone_left_whisker13) { transformation: [-0.07387993257921546f,0.9946323108204425f,0.07244530236031171f,0.835565038154813f,0.9674645288897663f,0.05385622511133066f,0.24720819637880248f,2.3065649550449274f,0.2419796291058266f,0.08835198519979097f,-0.9662503742866348f,1.495694850409946f,0f,0f,0f,1f], start_interpolation: 0, interpolation_duration: 1 }
$data merge entity $(bone_left_whisker12) { transformation: [0.08624138347285376f,0.9947694346886019f,0.054737515343750154f,0.874306284636759f,0.8868414566096147f,-0.10168703221731604f,0.4507460241836549f,2.7049507656312777f,0.45395446315156485f,0.009670537118155697f,-0.8909724047896324f,1.699619706903813f,0f,0f,0f,1f], start_interpolation: 0, interpolation_duration: 1 }
$data merge entity $(bone_left_whisker11) { transformation: [0.3116774545987167f,0.9498247252670874f,0.026270812057616583f,1.0143176411947763f,0.9360669501522166f,-0.31167699069683763f,0.16320575450299357f,3.125449590894969f,0.1632048685780937f,-0.026276315218560872f,-0.9862422248773074f,1.7729343939603786f,0f,0f,0f,1f], start_interpolation: 0, interpolation_duration: 1 }
$data merge entity $(bone_left_whisker10) { transformation: [0.09048663024138807f,0.9917284464559754f,-0.09103218242784136f,1.0549659321235247f,0.9922226313321955f,-0.09762075281291605f,-0.07722977723944277f,3.5711746010637286f,-0.08547759718062217f,-0.08333592928777499f,-0.9928487816732061f,1.7345362546018959f,0f,0f,0f,1f], start_interpolation: 0, interpolation_duration: 1 }
$data merge entity $(bone_left_whisker1) { transformation: [-0.3209606544049372f,0.9454610373849681f,-0.05556694260884117f,0.9107843881525568f,0.9281301394138881f,0.32567431577567246f,0.18030719440888798f,3.9881080621285614f,0.18857015308768066f,0.006298160921047569f,-0.9820395259527493f,1.8192455030592525f,0f,0f,0f,1f], start_interpolation: 0, interpolation_duration: 1 }
$data merge entity $(bone_upper_left_tooth1) { transformation: [-0.9978924520133747f,0.014671324128774569f,-0.06320922767320289f,0.618727459047436f,0.0009930090732294776f,0.9774434422632553f,0.2111950073025854f,4.164432062968942f,0.06488195548621238f,0.21068713635356817f,-0.9753980020624493f,2.8361498423391582f,0f,0f,0f,1f], start_interpolation: 0, interpolation_duration: 1 }
$data merge entity $(bone_upper_right_tooth1) { transformation: [-0.9978924520133747f,0.014671324128774569f,-0.06320922767320289f,-0.053680540844388724f,0.0009930090732294776f,0.9774434422632553f,0.2111950073025854f,4.165101180410864f,0.06488195548621238f,0.21068713635356817f,-0.9753980020624493f,2.8798691287507663f,0f,0f,0f,1f], start_interpolation: 0, interpolation_duration: 1 }
$data merge entity $(bone_top_lip1) { transformation: [-0.9978924520133747f,-0.01288034546971414f,-0.06359835623123584f,0.31235324203325887f,0.0009930090732294776f,0.976955637879166f,-0.2134401451205766f,4.285487369805156f,0.06488195548621238f,-0.2130534635172428f,-0.9748838666916135f,2.8822150936034956f,0f,0f,0f,1f], start_interpolation: 0, interpolation_duration: 1 }
$data merge entity $(bone_muzzle1) { transformation: [-0.9978924520133747f,0.014671324128774569f,-0.06320922767320289f,0.2793312669357217f,0.0009930090732294776f,0.9774434422632553f,0.2111950073025854f,4.56873553678699f,0.06488195548621238f,0.21068713635356817f,-0.9753980020624493f,2.369997984067443f,0f,0f,0f,1f], start_interpolation: 0, interpolation_duration: 1 }
$data merge entity $(bone_jaw_right_tooth1) { transformation: [-0.9978924520133747f,-0.022886838121100254f,-0.060719410863025604f,-0.05259017843566838f,0.0009930090732294776f,0.9302390965867219f,-0.36695263606424766f,4.03009167336583f,0.06488195548621238f,-0.3662395607008316f,-0.9282558462137186f,2.898705337892904f,0f,0f,0f,1f], start_interpolation: 0, interpolation_duration: 1 }
$data merge entity $(bone_jaw_left_tooth1) { transformation: [-0.9978924520133747f,-0.022886838121100254f,-0.060719410863025604f,0.6758518214471417f,0.0009930090732294776f,0.9302390965867219f,-0.36695263606424766f,4.029366796137081f,0.06488195548621238f,-0.3662395607008316f,-0.9282558462137186f,2.851342777613662f,0f,0f,0f,1f], start_interpolation: 0, interpolation_duration: 1 }
$data merge entity $(bone_tongue1) { transformation: [-0.9978924520133747f,0.002619402438881018f,-0.06483666359088462f,0.25918467169152226f,0.0009930090732294776f,0.9996843518316066f,0.025103996414942237f,4.038559667974077f,0.06488195548621238f,0.02498670514261822f,-0.9975800701790312f,2.0682551384163608f,0f,0f,0f,1f], start_interpolation: 0, interpolation_duration: 1 }
$data merge entity $(bone_jaw_lips1) { transformation: [-0.9978924520133747f,0.002619402438881018f,-0.06483666359088462f,0.3731320657206052f,0.0009930090732294776f,0.9996843518316066f,0.025103996414942237f,3.886840271129013f,0.06488195548621238f,0.02498670514261822f,-0.9975800701790312f,2.9576481751001955f,0f,0f,0f,1f], start_interpolation: 0, interpolation_duration: 1 }
$data merge entity $(bone_jaw3) { transformation: [-0.9978924520133747f,-0.011995320578220878f,-0.0637712043085284f,0.31684797670722964f,0.0009930090732294776f,0.9798273310163089f,-0.19984347706752248f,3.6247636434154047f,0.06488195548621238f,-0.19948562273427756f,-0.9777503864354146f,2.096003011868711f,0f,0f,0f,1f], start_interpolation: 0, interpolation_duration: 1 }
$data merge entity $(bone_jaw1) { transformation: [-0.9978924520133747f,0.03661107848762669f,-0.05357502353435972f,0.26871416650057833f,0.0009930090732294776f,0.8341532279638914f,0.5515318723432047f,4.120280559973753f,0.06488195548621238f,0.55031629197162f,-0.8324315651408779f,1.3481152775624532f,0f,0f,0f,1f], start_interpolation: 0, interpolation_duration: 1 }
$data merge entity $(bone_tear_right1) { transformation: [-0.9978924520133747f,0.02012454249743455f,-0.061690007326983765f,-0.3288627389356311f,0.0009930090732294776f,0.9553171171411462f,0.29558115574256477f,4.642898127232623f,0.06488195548621238f,0.29489694553589185f,-0.9533237243276211f,2.3616668627262767f,0f,0f,0f,1f], start_interpolation: 0, interpolation_duration: 1 }
$data merge entity $(bone_right_pupil1) { transformation: [-0.9978924520133747f,0.02012454249743455f,-0.061690007326983765f,-0.13753397092988648f,0.0009930090732294776f,0.9553171171411462f,0.29558115574256477f,4.7300836210009605f,0.06488195548621238f,0.29489694553589185f,-0.9533237243276211f,2.44700002536132f,0f,0f,0f,1f], start_interpolation: 0, interpolation_duration: 1 }
$data merge entity $(bone_right_sad_pupil1) { transformation: [-0.9978924520133747f,0.02012454249743455f,-0.061690007326983765f,-0.13822677862935942f,0.0009930090732294776f,0.9553171171411462f,0.29558115574256477f,4.733403135933616f,0.06488195548621238f,0.29489694553589185f,-0.9533237243276211f,2.436293753066625f,0f,0f,0f,1f], start_interpolation: 0, interpolation_duration: 1 }
$data merge entity $(bone_right_happy_pupil1) { transformation: [-0.9978924520133747f,0.02012454249743455f,-0.061690007326983765f,-0.16680843288905836f,0.0009930090732294776f,0.9553171171411462f,0.29558115574256477f,4.7066097112112715f,0.06488195548621238f,0.29489694553589185f,-0.9533237243276211f,2.429835895333801f,0f,0f,0f,1f], start_interpolation: 0, interpolation_duration: 1 }
$data merge entity $(bone_eyelid_right1) { transformation: [-0.9978924520133747f,0.02012454249743455f,-0.061690007326983765f,0.2574649547170525f,0.0009930090732294776f,0.9553171171411462f,0.29558115574256477f,4.845306236699006f,0.06488195548621238f,0.29489694553589185f,-0.9533237243276211f,1.8563677515775858f,0f,0f,0f,1f], start_interpolation: 0, interpolation_duration: 1 }
$data merge entity $(bone_eyelid_expressions_right5) { transformation: [-0.9978924520133747f,0.02012454249743455f,-0.061690007326983765f,-0.26484453953477105f,0.0009930090732294776f,0.9553171171411462f,0.29558115574256477f,4.840817973390393f,0.06488195548621238f,0.29489694553589185f,-0.9533237243276211f,2.4777915689583434f,0f,0f,0f,1f], start_interpolation: 0, interpolation_duration: 1 }
$data merge entity $(bone_eyelid_expressions_right7) { transformation: [-0.9978924520133747f,0.02012454249743455f,-0.061690007326983765f,0.0713594604111414f,0.0009930090732294776f,0.9553171171411462f,0.29558115574256477f,4.840483414669431f,0.06488195548621238f,0.29489694553589185f,-0.9533237243276211f,2.4559319257525396f,0f,0f,0f,1f], start_interpolation: 0, interpolation_duration: 1 }
$data merge entity $(bone_eyelid_expressions_right6) { transformation: [-0.9978924520133747f,0.02012454249743455f,-0.061690007326983765f,-0.04070853957082943f,0.0009930090732294776f,0.9553171171411462f,0.29558115574256477f,4.840594934243085f,0.06488195548621238f,0.29489694553589185f,-0.9533237243276211f,2.4632184734878075f,0f,0f,0f,1f], start_interpolation: 0, interpolation_duration: 1 }
$data merge entity $(bone_right_eye1) { transformation: [-0.9978924520133747f,0.02012454249743455f,-0.061690007326983765f,0.2469509624183284f,0.0009930090732294776f,0.9553171171411462f,0.29558115574256477f,4.841997873723716f,0.06488195548621238f,0.29489694553589185f,-0.9533237243276211f,1.8678026786458075f,0f,0f,0f,1f], start_interpolation: 0, interpolation_duration: 1 }
$data merge entity $(bone_tear_left1) { transformation: [-0.9978924520133747f,0.02012454249743455f,-0.061690007326983765f,0.8814716608696536f,0.0009930090732294776f,0.9553171171411462f,0.29558115574256477f,4.641693715837164f,0.06488195548621238f,0.29489694553589185f,-0.9533237243276211f,2.2829721471853825f,0f,0f,0f,1f], start_interpolation: 0, interpolation_duration: 1 }
$data merge entity $(bone_left_sad_pupil1) { transformation: [-0.9978924520133747f,0.02012454249743455f,-0.061690007326983765f,0.7022832212354215f,0.0009930090732294776f,0.9553171171411462f,0.29558115574256477f,4.732566739131213f,0.06488195548621238f,0.29489694553589185f,-0.9533237243276211f,2.3816446450521154f,0f,0f,0f,1f], start_interpolation: 0, interpolation_duration: 1 }
$data merge entity $(bone_left_pupil1) { transformation: [-0.9978924520133747f,0.02012454249743455f,-0.061690007326983765f,0.7029760289348944f,0.0009930090732294776f,0.9553171171411462f,0.29558115574256477f,4.7292472241985575f,0.06488195548621238f,0.29489694553589185f,-0.9533237243276211f,2.3923509173468105f,0f,0f,0f,1f], start_interpolation: 0, interpolation_duration: 1 }
$data merge entity $(bone_eyelid_left1) { transformation: [-0.9978924520133747f,0.02012454249743455f,-0.061690007326983765f,0.23505135472065836f,0.0009930090732294776f,0.9553171171411462f,0.29558115574256477f,4.845328540613737f,0.06488195548621238f,0.29489694553589185f,-0.9533237243276211f,1.8578250611246394f,0f,0f,0f,1f], start_interpolation: 0, interpolation_duration: 1 }
$data merge entity $(bone_left_happy_pupil1) { transformation: [-0.9978924520133747f,0.02012454249743455f,-0.061690007326983765f,0.7297355669667079f,0.0009930090732294776f,0.9553171171411462f,0.29558115574256477f,4.7057175546220416f,0.06488195548621238f,0.29489694553589185f,-0.9533237243276211f,2.371543513451657f,0f,0f,0f,1f], start_interpolation: 0, interpolation_duration: 1 }
$data merge entity $(bone_eyelid_expressions_left5) { transformation: [-0.9978924520133747f,0.02012454249743455f,-0.061690007326983765f,0.8334218602885427f,0.0009930090732294776f,0.9553171171411462f,0.29558115574256477f,4.839725081568586f,0.06488195548621238f,0.29489694553589185f,-0.9533237243276211f,2.406383401152717f,0f,0f,0f,1f], start_interpolation: 0, interpolation_duration: 1 }
$data merge entity $(bone_eyelid_expressions_left7) { transformation: [-0.9978924520133747f,0.02012454249743455f,-0.061690007326983765f,0.4972178603426304f,0.0009930090732294776f,0.9553171171411462f,0.29558115574256477f,4.840059640289548f,0.06488195548621238f,0.29489694553589185f,-0.9533237243276211f,2.428243044358521f,0f,0f,0f,1f], start_interpolation: 0, interpolation_duration: 1 }
$data merge entity $(bone_eyelid_expressions_left6) { transformation: [-0.9978924520133747f,0.02012454249743455f,-0.061690007326983765f,0.6092858603246012f,0.0009930090732294776f,0.9553171171411462f,0.29558115574256477f,4.839948120715894f,0.06488195548621238f,0.29489694553589185f,-0.9533237243276211f,2.420956496623253f,0f,0f,0f,1f], start_interpolation: 0, interpolation_duration: 1 }
$data merge entity $(bone_left_eye1) { transformation: [-0.9978924520133747f,0.02012454249743455f,-0.061690007326983765f,0.2469509624183284f,0.0009930090732294776f,0.9553171171411462f,0.29558115574256477f,4.841997873723716f,0.06488195548621238f,0.29489694553589185f,-0.9533237243276211f,1.8678026786458075f,0f,0f,0f,1f], start_interpolation: 0, interpolation_duration: 1 }
$data merge entity $(bone_crest_middle5) { transformation: [-0.9978924520133747f,0.006295349115669658f,-0.06458345604135936f,0.30424840997177593f,0.0009930090732294776f,0.9966477582345257f,0.08180623410887009f,6.024864811328712f,0.06488195548621238f,0.08156969158705091f,-0.9945535265970747f,2.7309408564655744f,0f,0f,0f,1f], start_interpolation: 0, interpolation_duration: 1 }
$data merge entity $(bone_crest_middle4) { transformation: [-0.9978924520133747f,0.006295349115669658f,-0.06458345604135936f,0.30000642668094385f,0.0009930090732294776f,0.9966477582345257f,0.08180623410887009f,5.353295521112088f,0.06488195548621238f,0.08156969158705091f,-0.9945535265970747f,2.6759769041266437f,0f,0f,0f,1f], start_interpolation: 0, interpolation_duration: 1 }
$data merge entity $(bone_crest_middle1) { transformation: [-0.9978924520133747f,0.006295349115669658f,-0.06458345604135936f,0.3022647310587954f,0.0009930090732294776f,0.9966477582345257f,0.08180623410887009f,4.842728106382643f,0.06488195548621238f,0.08156969158705091f,-0.9945535265970747f,2.718524064545f,0f,0f,0f,1f], start_interpolation: 0, interpolation_duration: 1 }
$data merge entity $(bone_crest_left5) { transformation: [-0.5531400906322721f,-0.8317455926761589f,0.04727905666472751f,-0.8047370780635048f,-0.8051727412493382f,0.5483116460587293f,0.22594511622381547f,5.384106404471108f,-0.21385251198980165f,0.0869114944075391f,-0.972992032472774f,2.7077056227550744f,0f,0f,0f,1f], start_interpolation: 0, interpolation_duration: 1 }
$data merge entity $(bone_crest_left4) { transformation: [-0.5531400906322721f,-0.8317455926761589f,0.04727905666472751f,-0.3376924337385133f,-0.8051727412493382f,0.5483116460587293f,0.22594511622381547f,5.076216564154927f,-0.21385251198980165f,0.0869114944075391f,-0.972992032472774f,2.658902781657091f,0f,0f,0f,1f], start_interpolation: 0, interpolation_duration: 1 }
$data merge entity $(bone_crest_left1) { transformation: [-0.5531400906322721f,-0.8317455926761589f,0.04727905666472751f,0.1787115048609902f,-0.8051727412493382f,0.5483116460587293f,0.22594511622381547f,4.750225087641962f,-0.21385251198980165f,0.0869114944075391f,-0.972992032472774f,2.5505838733758868f,0f,0f,0f,1f], start_interpolation: 0, interpolation_duration: 1 }
$data merge entity $(bone_crest_center1) { transformation: [-0.9978924520133747f,0.02012454249743455f,-0.061690007326983765f,0.29021449196115473f,0.0009930090732294776f,0.9553171171411462f,0.29558115574256477f,4.723292263809412f,0.06488195548621238f,0.29489694553589185f,-0.9533237243276211f,2.5350178542909303f,0f,0f,0f,1f], start_interpolation: 0, interpolation_duration: 1 }
$data merge entity $(bone_crest_right5) { transformation: [-0.5191943566458037f,0.8370820749038762f,-0.1724262738151325f,1.3996161729800098f,0.8062398280216002f,0.5466509851205491f,0.22616374638397269f,5.381912838646982f,0.2835746105328376f,-0.021593988546686357f,-0.9587070146399237f,2.564380809322999f,0f,0f,0f,1f], start_interpolation: 0, interpolation_duration: 1 }
$data merge entity $(bone_crest_right4) { transformation: [-0.5191943566458037f,0.8370820749038762f,-0.1724262738151325f,0.9295749688103527f,0.8062398280216002f,0.5466509851205491f,0.22616374638397269f,5.07495549836933f,0.2835746105328376f,-0.021593988546686357f,-0.9587070146399237f,2.57650634000107f,0f,0f,0f,1f], start_interpolation: 0, interpolation_duration: 1 }
$data merge entity $(bone_crest_right1) { transformation: [-0.5191943566458037f,0.8370820749038762f,-0.1724262738151325f,0.4028475048249318f,0.8062398280216002f,0.5466509851205491f,0.22616374638397269f,4.750002048494654f,0.2835746105328376f,-0.021593988546686357f,-0.9587070146399237f,2.536010777905351f,0f,0f,0f,1f], start_interpolation: 0, interpolation_duration: 1 }
$data merge entity $(bone_head1) { transformation: [-1.0459679998317268f,0.021094084258378654f,-0.06466205195080978f,0.20771649871918807f,0.0010408493541012097f,1.0013415095034144f,0.30982139371453715f,4.970927899867814f,0.06800777886250123f,0.3091042202557198f,-0.9992520808381962f,1.2623985477810282f,0f,0f,0f,1f], start_interpolation: 0, interpolation_duration: 1 }
$data merge entity $(bone_neck10) { transformation: [-1.4825864278240821f,0.02535860458453367f,-0.20853946122827682f,0.05152455121868072f,-0.026896552981023742f,1.4512992734065837f,0.3676972615226954f,4.797522416680759f,0.20834668500745027f,0.3678065277657205f,-1.436490270995024f,0.12855727136735753f,0f,0f,0f,1f], start_interpolation: 0, interpolation_duration: 1 }
$data merge entity $(bone_neck9) { transformation: [-1.1341786172854236f,0.026415371994554144f,-0.15852205118989102f,0.025628589421204405f,-0.020575863030483175f,1.096759990088108f,0.32997319057920593f,3.3835159003636015f,0.15938521403069955f,0.3295571282234075f,-1.085438437353342f,-0.23825875296868435f,0f,0f,0f,1f], start_interpolation: 0, interpolation_duration: 1 }
$data merge entity $(bone_neck8) { transformation: [-1.0530599939951972f,-0.04513510421437321f,-0.138987800944224f,0.06367975936886561f,-0.010291646478193762f,1.0315653162596263f,-0.2570159872456649f,2.621934538391109f,0.14576991615735205f,-0.253231036910276f,-1.0222109913739645f,-0.01714153273238478f,0f,0f,0f,1f], start_interpolation: 0, interpolation_duration: 1 }
$data merge entity $(bone_neck7) { transformation: [-1.046370016503916f,-0.061656976987091265f,-0.12543850527015868f,0.12211599597898928f,0f,0.9474020552521167f,-0.46567795584295096f,1.7745415629398016f,0.13977267764337323f,-0.46157813612310833f,-0.9390611458747097f,0.42032540928452555f,0f,0f,0f,1f], start_interpolation: 0, interpolation_duration: 1 }
$data merge entity $(bone_neck6) { transformation: [-1.040433165346447f,-0.035970578017468495f,-0.13424402473881264f,0.1527598563909272f,0f,1.01390768862361f,-0.27167574636640246f,0.8762952527869956f,0.13897964117447464f,-0.2692839183479605f,-1.0049812649358174f,0.6497323095858552f,0f,0f,0f,1f], start_interpolation: 0, interpolation_duration: 1 }
$data merge entity $(bone_neck_spine6) { transformation: [-1.2706219224739481f,-0.010405935562545819f,0.07346438014701824f,-0.2627387920454558f,0.07261893342673012f,0.08417382565737702f,1.2679221687859537f,0.3749490912923242f,-0.015224623255818387f,1.2699574213712754f,-0.08343696583318945f,-2.024231636803962f,0f,0f,0f,1f], start_interpolation: 0, interpolation_duration: 1 }
$data merge entity $(bone_neck_spine7) { transformation: [-0.8563782649465311f,-0.440564084649264f,0.26929454997144764f,0.5226060188332965f,0.09722043774546743f,0.3746310952500991f,0.9220627576018302f,0.196290590623652f,-0.5071138469927126f,0.8158154385575619f,-0.2779940941807662f,-5.496082158804789f,0f,0f,0f,1f], start_interpolation: 0, interpolation_duration: 1 }
$data merge entity $(bone_tail6) { transformation: [-1.0193240456801624f,-1.0144049300496012f,0.9472397084774347f,2.8133680753806103f,0.6329373193310497f,0.7061821712941206f,1.4373583506806766f,-1.5739892683509782f,-1.235180463423616f,1.1989959617799015f,-0.04516463150782453f,-8.203671308950511f,0f,0f,0f,1f], start_interpolation: 0, interpolation_duration: 1 }
$data merge entity $(bone_tail5) { transformation: [-0.8420502986053516f,-0.8379866813453227f,0.7825023678726634f,2.284113329267775f,0.5228612637952149f,0.5833678806342736f,1.1873829853449067f,-1.205546396371437f,-1.0203664697847263f,0.9904749249486143f,-0.03730991298472461f,-7.5781081984566505f,0f,0f,0f,1f], start_interpolation: 0, interpolation_duration: 1 }
$data merge entity $(bone_tail4) { transformation: [-0.620458114761838f,-0.6174638704649746f,0.5765806921166993f,2.019485956211357f,0.3852661943754215f,0.42985001730946465f,0.8749137786751944f,-1.0213249603816663f,-0.751848977736114f,0.7298236289095051f,-0.02749151483084971f,-7.26532664320972f,0f,0f,0f,1f], start_interpolation: 0, interpolation_duration: 1 }
$data merge entity $(bone_segment18) { transformation: [-0.5919401641454554f,-0.5890835434995038f,0.5500794677585404f,1.688701739890835f,0.36755830718052634f,0.4100929357685328f,0.8347003503385706f,-0.7910481653944531f,-0.7172919439768144f,0.6962789403757764f,-0.026227929677133638f,-6.874349699151057f,0f,0f,0f,1f], start_interpolation: 0, interpolation_duration: 1 }
$data merge entity $(bone_segment17) { transformation: [-0.5919401641454554f,-0.5890835434995038f,0.5500794677585404f,1.2586822586741557f,0.36755830718052634f,0.4100929357685328f,0.8347003503385706f,-0.4916883319110755f,-0.7172919439768144f,0.6962789403757764f,-0.026227929677133638f,-6.366079671874793f,0f,0f,0f,1f], start_interpolation: 0, interpolation_duration: 1 }
$data merge entity $(bone_segment16) { transformation: [-0.69157415251634f,-0.6941788990155627f,0.1996017227702373f,0.5960261319283421f,0.060487932748840144f,0.21970987415763044f,0.9736882361358847f,-0.2819555174686107f,-0.7197682971367089f,0.6854511123042831f,-0.10995622346071802f,-5.711755001681984f,0f,0f,0f,1f], start_interpolation: 0, interpolation_duration: 1 }
$data merge entity $(bone_segment15) { transformation: [-0.8563782649465311f,-0.4952507857730505f,0.1460921850009247f,0.012026792259437369f,0.09722043774546743f,0.12321844778592791f,0.9876058933652668f,-0.13665642010385687f,-0.5071138469927126f,0.8599673675880977f,-0.05737310233767533f,-4.697682153671605f,0f,0f,0f,1f], start_interpolation: 0, interpolation_duration: 1 }
$data merge entity $(bone_segment14) { transformation: [-1.0139037840063279f,-0.25812562072647055f,0.0636040779148267f,-0.278364531057842f,0.08423223491960657f,-0.07406410153339155f,1.0421586431487637f,-0.21997853432892236f,-0.25214925223618906f,1.0131934024724982f,0.09238550648291596f,-3.5578395758900445f,0f,0f,0f,1f], start_interpolation: 0, interpolation_duration: 1 }
$data merge entity $(bone_segment13) { transformation: [-1.0239717845819465f,-0.018539163767507204f,0.05684800445092932f,-0.3022487595952541f,0.05852231693801192f,-0.11062938409258065f,1.0180520073251127f,-0.3810843338635839f,-0.012269255212041877f,1.0195641473714567f,0.11149899817686207f,-2.332949295415015f,0f,0f,0f,1f], start_interpolation: 0, interpolation_duration: 1 }
$data merge entity $(bone_segment12) { transformation: [-1.1071954646127038f,0.12022925268571177f,0.06431960145531315f,-0.15700536708902513f,0.07084581286253348f,0.05762851105152213f,1.1118155002991768f,-0.3114659983651008f,0.11650302628078786f,1.1075638865114266f,-0.06483180820244211f,-0.9949526539918148f,0f,0f,0f,1f], start_interpolation: 0, interpolation_duration: 1 }
$data merge entity $(bone_segment11) { transformation: [-1.1767964356713463f,0.17926352701503767f,0.01172935440213473f,0.05267543318588459f,0.09094928447793826f,0.527474212801419f,1.0633071162010634f,0.29792099096377045f,0.15492326334515769f,1.0520258473977713f,-0.5351291804441568f,0.22050142039004883f,0f,0f,0f,1f], start_interpolation: 0, interpolation_duration: 1 }
$data merge entity $(bone_segment10) { transformation: [-1.0400165872223464f,0.10196806407979711f,-0.08150589080168152f,0.16322544827502547f,0.050423572723051396f,0.9174588957045187f,0.5043826285982319f,1.236806097493825f,0.12040830387228446f,0.49653487956601483f,-0.9152213676254155f,0.7280801078617676f,0f,0f,0f,1f], start_interpolation: 0, interpolation_duration: 1 }