# This file was generated by Animated Java via MC-Build. It is not recommended to edit this file directly.
$data merge entity $(bone_neck_spine5) { transformation: [-1.5578907354313194f,-0.026944785954319667f,-0.21040349456171192f,0.06307057735950317f,-0.0356986848075813f,1.5705896319836454f,0.06319024738936152f,4.257965425715196f,0.20909628384290668f,0.06738977646494777f,-1.556841853775692f,-0.762092179889339f,0f,0f,0f,1f], start_interpolation: 0, interpolation_duration: 1 }
$data merge entity $(bone_neck_spine2) { transformation: [-1.483705462315542f,-0.008105445959620696f,-0.20185808015743956f,0.14903002851655311f,-0.033998747435791704f,1.4848682347726627f,0.1902753063850933f,5.739127176175578f,0.19913931794562537f,0.19311889807302532f,-1.471476437099568f,0.9756898220838324f,0f,0f,0f,1f], start_interpolation: 0, interpolation_duration: 1 }
$data merge entity $(bone_scale_neck_left1) { transformation: [-1.5712510190421682f,0.4792946055061037f,-0.12042423813073591f,0.9283053347449217f,0.3759316655909829f,1.419753645000209f,0.7456742258870707f,4.867065515792623f,0.3207813878681388f,0.6838357620650157f,-1.4637359845805604f,0.721666789128196f,0f,0f,0f,1f], start_interpolation: 0, interpolation_duration: 1 }
$data merge entity $(bone_scale_neck_right1) { transformation: [-1.5816777152026675f,-0.3455043837611741f,-0.30327777180458293f,-0.629585400686397f,-0.4481802556523458f,1.4008535780842117f,0.7414841819281995f,4.831366830985042f,0.1023969946450544f,0.7945382649112279f,-1.4391938305583403f,0.9307630729711027f,0f,0f,0f,1f], start_interpolation: 0, interpolation_duration: 1 }
$data merge entity $(bone_blush_right1) { transformation: [-0.9978082325412173f,0.01518051496934605f,-0.06440716604724495f,-0.39332219589918777f,-0.004863419030103473f,0.9538735569462728f,0.30016925977521947f,4.277196405252776f,0.06599301651166994f,0.29982459759654645f,-0.9517090587189762f,2.1747755577637604f,0f,0f,0f,1f], start_interpolation: 0, interpolation_duration: 1 }
$data merge entity $(bone_blush_left1) { transformation: [-0.9978082325412173f,0.01518051496934605f,-0.06440716604724495f,0.9289685966383434f,-0.004863419030103473f,0.9538735569462728f,0.30016925977521947f,4.283641385354192f,0.06599301651166994f,0.29982459759654645f,-0.9517090587189762f,2.0873219216247603f,0f,0f,0f,1f], start_interpolation: 0, interpolation_duration: 1 }
$data merge entity $(bone_left_head_scales) { transformation: [-0.8553267920937601f,0.01518051496934605f,-0.5178664216686222f,0.9259396369506423f,-0.14291664480298116f,0.9538735569462728f,0.2640077082149763f,5.097991522264066f,0.4979868586266672f,0.29982459759654645f,-0.8137040612601198f,1.9313620299051764f,0f,0f,0f,1f], start_interpolation: 0, interpolation_duration: 1 }
$data merge entity $(bone_left_head_scales2) { transformation: [-0.7804142207176751f,0.01518051496934605f,-0.6250785519171885f,0.9231507330164151f,-0.176153893964745f,0.9538735569462728f,0.24309472022181586f,4.190430126070906f,0.5999362047273704f,0.29982459759654645f,-0.7417423817831821f,1.8223104506475598f,0f,0f,0f,1f], start_interpolation: 0, interpolation_duration: 1 }
$data merge entity $(bone_left_head_scales1) { transformation: [-0.9978082325412173f,0.01518051496934605f,-0.06440716604724495f,0.9242347939609208f,-0.004863419030103473f,0.9538735569462728f,0.30016925977521947f,4.990867050536702f,0.06599301651166994f,0.29982459759654645f,-0.9517090587189762f,1.897690322167283f,0f,0f,0f,1f], start_interpolation: 0, interpolation_duration: 1 }
$data merge entity $(bone_right_head_scales) { transformation: [-0.9148066313031878f,0.01518051496934605f,0.4036067136321925f,-0.4187628639349826f,0.13428883407100733f,0.9538735569462728f,0.2684990622004386f,5.0914373052117785f,-0.3809138175067462f,0.29982459759654645f,-0.8746484289750405f,2.0202979310634817f,0f,0f,0f,1f], start_interpolation: 0, interpolation_duration: 1 }
$data merge entity $(bone_right_head_scales2) { transformation: [-0.8542990862713727f,0.01518051496934605f,0.5195600284482661f,-0.4215517678692097f,0.16818613468325855f,0.9538735569462728f,0.24867380533335307f,4.183875909018618f,-0.4918195759587072f,0.29982459759654645f,-0.8174464602528209f,1.911246351805865f,0f,0f,0f,1f], start_interpolation: 0, interpolation_duration: 1 }
$data merge entity $(bone_right_head_scales1) { transformation: [-0.9978082325412173f,0.01518051496934605f,-0.06440716604724495f,-0.42046770692470403f,-0.004863419030103473f,0.9538735569462728f,0.30016925977521947f,4.984312833484414f,0.06599301651166994f,0.29982459759654645f,-0.9517090587189762f,1.9866262233255882f,0f,0f,0f,1f], start_interpolation: 0, interpolation_duration: 1 }
$data merge entity $(bone_head_left_fin1) { transformation: [-0.6761626311227639f,0.014255285745664545f,-0.8007971535455306f,0.9124167413595157f,0.0369451624328708f,1.0474506073077208f,-0.012549033774325308f,4.614433327671188f,0.8000714651024141f,-0.036320932038837114f,-0.6761964497465809f,1.6912608265973255f,0f,0f,0f,1f], start_interpolation: 0, interpolation_duration: 1 }
$data merge entity $(bone_head_right_fin1) { transformation: [-0.7752494024834821f,-0.02907984620715316f,0.7048531226565898f,-0.43228575952610915f,-0.04401949262433894f,1.047239387457515f,-0.005210340860043841f,4.6078791106189f,-0.7040780114754851f,-0.03345483414023155f,-0.7757771109375101f,1.7801967277556308f,0f,0f,0f,1f], start_interpolation: 0, interpolation_duration: 1 }
$data merge entity $(bone_right_whisker16) { transformation: [0.27922721396725975f,0.917540267241252f,-0.2831113225763575f,-0.9976064475375619f,0.9596985578306793f,-0.27643076696500585f,0.05064295778143915f,1.9039534603079744f,-0.03179372701959059f,-0.2858424199904392f,-0.9577490641374772f,1.5871658230631542f,0f,0f,0f,1f], start_interpolation: 0, interpolation_duration: 1 }
$data merge entity $(bone_right_whisker15) { transformation: [-0.8732441180565321f,0.3966014237351341f,-0.2831113225763575f,-0.7033982241689061f,0.3993316618657896f,0.915406748204673f,0.05064295778143915f,1.769413007823895f,0.2792470843378246f,-0.06883164993381147f,-0.9577490641374772f,1.4930835534376177f,0f,0f,0f,1f], start_interpolation: 0, interpolation_duration: 1 }
$data merge entity $(bone_right_whisker14) { transformation: [-0.7284918699293157f,-0.6238169398757579f,-0.2831113225763575f,-0.457959068772799f,-0.6608754114080484f,0.7487850034712165f,0.05064295778143915f,1.9920712274877392f,0.18039757770860393f,0.22399429479487887f,-0.9577490641374772f,1.4323050726666526f,0f,0f,0f,1f], start_interpolation: 0, interpolation_duration: 1 }
$data merge entity $(bone_right_whisker13) { transformation: [-0.11037323196095823f,-0.9925836087713368f,-0.05094633711036353f,-0.4207727748015777f,-0.9643836622994039f,0.09455824491117573f,0.24702811623235799f,2.3169856449616595f,-0.24037866285609005f,0.07639710673702486f,-0.9676681148646628f,1.5132920245078159f,0f,0f,0f,1f], start_interpolation: 0, interpolation_duration: 1 }
$data merge entity $(bone_right_whisker12) { transformation: [0.05538117573932203f,-0.9981306153618048f,-0.025849565783503524f,-0.44565103734072625f,-0.8909855305756913f,-0.061087830205323684f,0.44990339108030664f,2.7172330512749583f,-0.4506414424778132f,-0.00188458968236941f,-0.8927030517721137f,1.715728609995896f,0f,0f,0f,1f], start_interpolation: 0, interpolation_duration: 1 }
$data merge entity $(bone_right_whisker11) { transformation: [0.2751898349110204f,-0.9613566243118666f,-0.00799972832902919f,-0.5692714709921612f,-0.9484654362507021f,-0.2728407379713244f,0.16115597395389486f,3.1433015089657035f,-0.15711101488886992f,-0.036761020047817394f,-0.9868965277097865f,1.7863058237155054f,0f,0f,0f,1f], start_interpolation: 0, interpolation_duration: 1 }
$data merge entity $(bone_right_whisker10) { transformation: [0.04898566172505907f,-0.9938328194891484f,0.09948231929146197f,-0.5912767487202151f,-0.9948201207951358f,-0.05743000819539277f,-0.0838732461505371f,3.590193360104143f,0.08906925511370087f,-0.09485842643079977f,-0.9914981324886917f,1.7462942442698977f,0f,0f,0f,1f], start_interpolation: 0, interpolation_duration: 1 }
$data merge entity $(bone_right_whisker1) { transformation: [-0.356257866309042f,-0.9314200180894027f,0.07441157568057477f,-0.4312390353392001f,-0.9148647806363386f,0.36390052884751944f,0.17492523618883582f,4.001167773280623f,-0.19000727839783693f,-0.0057580384535735885f,-0.9817657964856049f,1.831649076362676f,0f,0f,0f,1f], start_interpolation: 0, interpolation_duration: 1 }
$data merge entity $(bone_left_whisker16) { transformation: [0.23894520810781317f,-0.9195924009382697f,0.3118573450456195f,1.4032591762734765f,-0.970245077789107f,-0.23903905037452444f,0.03853338062064393f,1.8550879164459015f,0.03911107961081907f,-0.3117854206543889f,-0.9493472362202576f,1.6210695576988814f,0f,0f,0f,1f], start_interpolation: 0, interpolation_duration: 1 }
$data merge entity $(bone_left_whisker15) { transformation: [-0.8805365523051116f,-0.3569318932173542f,0.3118573450456195f,1.1065940292566177f,-0.3636364336855573f,0.9307436396099593f,0.03853338062064393f,1.7325736882998886f,-0.30401303286385023f,-0.0794726426506729f,-0.9493472362202576f,1.5186432917437755f,0f,0f,0f,1f], start_interpolation: 0, interpolation_duration: 1 }
$data merge entity $(bone_left_whisker14) { transformation: [-0.6956209813989568f,0.6471911978531921f,0.3118573450456195f,0.8722295384532586f,0.6898608108035623f,0.7229157905976299f,0.03853338062064393f,1.9649974966272603f,-0.2005081343861243f,0.2419427889521693f,-0.9493472362202576f,1.4510892816234506f,0f,0f,0f,1f], start_interpolation: 0, interpolation_duration: 1 }
$data merge entity $(bone_left_whisker13) { transformation: [-0.07778997359615893f,0.9930565430486324f,0.08824637282182556f,0.8460210024272089f,0.9682134049068991f,0.05414391060993755f,0.24419508492689262f,2.291202208241401f,0.23772152314525113f,0.10443725030927815f,-0.9657025101869305f,1.531181005730005f,0f,0f,0f,1f], start_interpolation: 0, interpolation_duration: 1 }
$data merge entity $(bone_left_whisker12) { transformation: [0.07884037062903984f,0.9944743564078884f,0.06931774957535744f,0.8814375751707229f,0.8882536788651042f,-0.10164392159257674f,0.44796642194018366f,2.690222415544085f,0.45253684705412023f,0.026253907335832383f,-0.8913591500668612f,1.7344690424925981f,0f,0f,0f,1f], start_interpolation: 0, interpolation_duration: 1 }
$data merge entity $(bone_left_whisker11) { transformation: [0.3090028646534076f,0.9501154249446668f,0.04240175607452047f,1.0202474557767458f,0.9365751856255324f,-0.3117455064588678f,0.16013013730464262f,3.1109495497118047f,0.16536067037384522f,-0.009768238578135482f,-0.9861847850218503f,1.808752156137099f,0f,0f,0f,1f], start_interpolation: 0, interpolation_duration: 1 }
$data merge entity $(bone_left_whisker10) { transformation: [0.09191052327914648f,0.9929548811069204f,-0.07478676217416479f,1.06153538615605f,0.9919524181465417f,-0.09786769890379354f,-0.08032629485109533f,3.5565531750510715f,-0.08707959487607947f,-0.06680207779117385f,-0.993959066842795f,1.76963436937636f,0f,0f,0f,1f], start_interpolation: 0, interpolation_duration: 1 }
$data merge entity $(bone_left_whisker1) { transformation: [-0.3239657542089609f,0.945244139470507f,-0.039493124673542164f,0.9160038950074934f,0.9287095776273826f,0.32570421590266807f,0.17724357299038285f,3.973746930625872f,0.1804015258333148f,0.02074320466776952f,-0.9833742974763592f,1.8506741173092944f,0f,0f,0f,1f], start_interpolation: 0, interpolation_duration: 1 }
$data merge entity $(bone_upper_left_tooth1) { transformation: [-0.9978082325412173f,0.00950929413164553f,-0.06548514639282539f,0.6259430054338524f,-0.004863419030103473f,0.9764052548655158f,0.2158914667751945f,4.146397869632825f,0.06599301651166994f,0.21573676459084368f,-0.9742189539192745f,2.856058151319619f,0f,0f,0f,1f], start_interpolation: 0, interpolation_duration: 1 }
$data merge entity $(bone_upper_right_tooth1) { transformation: [-0.9978082325412173f,0.00950929413164553f,-0.06548514639282539f,-0.04640824500896007f,-0.004863419030103473f,0.9764052548655158f,0.2158914667751945f,4.143120761106681f,0.06599301651166994f,0.21573676459084368f,-0.9742189539192745f,2.9005261018987714f,0f,0f,0f,1f], start_interpolation: 0, interpolation_duration: 1 }
$data merge entity $(bone_top_lip1) { transformation: [-0.9978082325412173f,-0.018504298252229517f,-0.06353205505226835f,0.31895710637127694f,-0.004863419030103473f,0.9780159586675694f,-0.20847333581753993f,4.2655162390292665f,0.06599301651166994f,-0.20770742773850853f,-0.9759623692714503f,2.903090346541423f,0f,0f,0f,1f], start_interpolation: 0, interpolation_duration: 1 }
$data merge entity $(bone_muzzle1) { transformation: [-0.9978082325412173f,0.00950929413164553f,-0.06548514639282539f,0.28378756932228694f,-0.004863419030103473f,0.9764052548655158f,0.2158914667751945f,4.551226688111335f,0.06599301651166994f,0.21573676459084368f,-0.9742189539192745f,2.3923859455534715f,0f,0f,0f,1f], start_interpolation: 0, interpolation_duration: 1 }
$data merge entity $(bone_jaw_right_tooth1) { transformation: [-0.9978082325412173f,-0.028663958420403934f,-0.05964150032188388f,-0.04455454166591577f,-0.004863419030103473f,0.930639892123624f,-0.3659040015406596f,4.013651077857178f,0.06599301651166994f,-0.36481196344939515f,-0.9287395507330823f,2.919012529698687f,0f,0f,0f,1f], start_interpolation: 0, interpolation_duration: 1 }
$data merge entity $(bone_jaw_left_tooth1) { transformation: [-0.9978082325412173f,-0.028663958420403934f,-0.05964150032188388f,0.683825979647131f,-0.004863419030103473f,0.930639892123624f,-0.3659040015406596f,4.0172012787605f,0.06599301651166994f,-0.36481196344939515f,-0.9287395507330823f,2.8708389165712718f,0f,0f,0f,1f], start_interpolation: 0, interpolation_duration: 1 }
$data merge entity $(bone_tongue1) { transformation: [-0.9978082325412173f,-0.0035265260831040483f,-0.066077944026408f,0.26620127962447987f,-0.004863419030103473f,0.99978650466345f,0.020082137540076844f,4.01966265514649f,0.06599301651166994f,0.020359486894961754f,-0.9976123561108615f,2.0873087671158674f,0f,0f,0f,1f], start_interpolation: 0, interpolation_duration: 1 }
$data merge entity $(bone_jaw_lips1) { transformation: [-0.9978082325412173f,-0.0035265260831040483f,-0.066077944026408f,0.38205290428477695f,-0.004863419030103473f,0.99978650466345f,0.020082137540076844f,3.872770743756893f,0.06599301651166994f,0.020359486894961754f,-0.9976123561108615f,2.9772660273922376f,0f,0f,0f,1f], start_interpolation: 0, interpolation_duration: 1 }
$data merge entity $(bone_jaw3) { transformation: [-0.9978082325412173f,-0.017871850640216583f,-0.06371285606269517f,0.3263162110395428f,-0.004863419030103473f,0.980039944094363f,-0.19874117624401655f,3.6116665562790287f,0.06599301651166994f,-0.1979957194845673f,-0.9779788427350967f,2.1152901175794256f,0f,0f,0f,1f], start_interpolation: 0, interpolation_duration: 1 }
$data merge entity $(bone_jaw1) { transformation: [-0.9978082325412173f,0.032414485790643904f,-0.05768909935074447f,0.27448616084160826f,-0.004863419030103473f,0.8335241237259439f,0.5524616568796742f,4.108018826131861f,0.06599301651166994f,0.5515313556615121f,-0.831539587448406f,1.3682037694812483f,0f,0f,0f,1f], start_interpolation: 0, interpolation_duration: 1 }
$data merge entity $(bone_tear_right1) { transformation: [-0.9978082325412173f,0.01518051496934605f,-0.06440716604724495f,-0.32481607057480144f,-0.004863419030103473f,0.9538735569462728f,0.30016925977521947f,4.622065775251185f,0.06599301651166994f,0.29982459759654645f,-0.9517090587189762f,2.385114121885443f,0f,0f,0f,1f], start_interpolation: 0, interpolation_duration: 1 }
$data merge entity $(bone_right_pupil1) { transformation: [-0.9978082325412173f,0.01518051496934605f,-0.06440716604724495f,-0.13387505630722218f,-0.004863419030103473f,0.9538735569462728f,0.30016925977521947f,4.7098652011257505f,0.06599301651166994f,0.29982459759654645f,-0.9517090587189762f,2.4706859999885222f,0f,0f,0f,1f], start_interpolation: 0, interpolation_duration: 1 }
$data merge entity $(bone_right_sad_pupil1) { transformation: [-0.9978082325412173f,0.01518051496934605f,-0.06440716604724495f,-0.1345983789727918f,-0.004863419030103473f,0.9538735569462728f,0.30016925977521947f,4.713236242617366f,0.06599301651166994f,0.29982459759654645f,-0.9517090587189762f,2.459997861145487f,0f,0f,0f,1f], start_interpolation: 0, interpolation_duration: 1 }
$data merge entity $(bone_right_happy_pupil1) { transformation: [-0.9978082325412173f,0.01518051496934605f,-0.06440716604724495f,-0.1630388611125082f,-0.004863419030103473f,0.9538735569462728f,0.30016925977521947f,4.686318923043037f,0.06599301651166994f,0.29982459759654645f,-0.9517090587189762f,2.4534328495183693f,0f,0f,0f,1f], start_interpolation: 0, interpolation_duration: 1 }
$data merge entity $(bone_eyelid_right1) { transformation: [-0.9978082325412173f,0.01518051496934605f,-0.06440716604724495f,0.25980881054200333f,-0.004863419030103473f,0.9538735569462728f,0.30016925977521947f,4.830328894386563f,0.06599301651166994f,0.29982459759654645f,-0.9517090587189762f,1.8802214397869075f,0f,0f,0f,1f], start_interpolation: 0, interpolation_duration: 1 }
$data merge entity $(bone_eyelid_expressions_right5) { transformation: [-0.9978082325412173f,0.01518051496934605f,-0.06440716604724495f,-0.26176050039727583f,-0.004863419030103473f,0.9538735569462728f,0.30016925977521947f,4.819732603625011f,0.06599301651166994f,0.29982459759654645f,-0.9517090587189762f,2.502192569028144f,0f,0f,0f,1f], start_interpolation: 0, interpolation_duration: 1 }
$data merge entity $(bone_eyelid_expressions_right7) { transformation: [-0.9978082325412173f,0.01518051496934605f,-0.06440716604724495f,0.07441512482413039f,-0.004863419030103473f,0.9538735569462728f,0.30016925977521947f,4.821371157888084f,0.06599301651166994f,0.29982459759654645f,-0.9517090587189762f,2.479958593738568f,0f,0f,0f,1f], start_interpolation: 0, interpolation_duration: 1 }
$data merge entity $(bone_eyelid_expressions_right6) { transformation: [-0.9978082325412173f,0.01518051496934605f,-0.06440716604724495f,-0.03764341691633838f,-0.004863419030103473f,0.9538735569462728f,0.30016925977521947f,4.8208249731337265f,0.06599301651166994f,0.29982459759654645f,-0.9517090587189762f,2.4873699188350935f,0f,0f,0f,1f], start_interpolation: 0, interpolation_duration: 1 }
$data merge entity $(bone_right_eye1) { transformation: [-0.9978082325412173f,0.01518051496934605f,-0.06440716604724495f,0.2493262790335261f,-0.004863419030103473f,0.9538735569462728f,0.30016925977521947f,4.826903234419511f,0.06599301651166994f,0.29982459759654645f,-0.9517090587189762f,1.8916507111395955f,0f,0f,0f,1f], start_interpolation: 0, interpolation_duration: 1 }
$data merge entity $(bone_tear_left1) { transformation: [-0.9978082325412173f,0.01518051496934605f,-0.06440716604724495f,0.885416180222261f,-0.004863419030103473f,0.9538735569462728f,0.30016925977521947f,4.627964570598244f,0.06599301651166994f,0.29982459759654645f,-0.9517090587189762f,2.305071810842968f,0f,0f,0f,1f], start_interpolation: 0, interpolation_duration: 1 }
$data merge entity $(bone_left_sad_pupil1) { transformation: [-0.9978082325412173f,0.01518051496934605f,-0.06440716604724495f,0.7058406840807236f,-0.004863419030103473f,0.9538735569462728f,0.30016925977521947f,4.717332628275047f,0.06599301651166994f,0.29982459759654645f,-0.9517090587189762f,2.404412922921546f,0f,0f,0f,1f], start_interpolation: 0, interpolation_duration: 1 }
$data merge entity $(bone_left_pupil1) { transformation: [-0.9978082325412173f,0.01518051496934605f,-0.06440716604724495f,0.7065640067462933f,-0.004863419030103473f,0.9538735569462728f,0.30016925977521947f,4.71396158678343f,0.06599301651166994f,0.29982459759654645f,-0.9517090587189762f,2.4151010617645814f,0f,0f,0f,1f], start_interpolation: 0, interpolation_duration: 1 }
$data merge entity $(bone_eyelid_left1) { transformation: [-0.9978082325412173f,0.01518051496934605f,-0.06440716604724495f,0.23739710219390958f,-0.004863419030103473f,0.9538735569462728f,0.30016925977521947f,4.830219657435691f,0.06599301651166994f,0.29982459759654645f,-0.9517090587189762f,1.8817037048062126f,0f,0f,0f,1f], start_interpolation: 0, interpolation_duration: 1 }
$data merge entity $(bone_left_happy_pupil1) { transformation: [-0.9978082325412173f,0.01518051496934605f,-0.06440716604724495f,0.7334294728112416f,-0.004863419030103473f,0.9538735569462728f,0.30016925977521947f,4.690688401077895f,0.06599301651166994f,0.29982459759654645f,-0.9517090587189762f,2.394142248746166f,0f,0f,0f,1f], start_interpolation: 0, interpolation_duration: 1 }
$data merge entity $(bone_eyelid_expressions_left5) { transformation: [-0.9978082325412173f,0.01518051496934605f,-0.06440716604724495f,0.8364132086593178f,-0.004863419030103473f,0.9538735569462728f,0.30016925977521947f,4.825085214217713f,0.06599301651166994f,0.29982459759654645f,-0.9517090587189762f,2.4295615830821946f,0f,0f,0f,1f], start_interpolation: 0, interpolation_duration: 1 }
$data merge entity $(bone_eyelid_expressions_left7) { transformation: [-0.9978082325412173f,0.01518051496934605f,-0.06440716604724495f,0.5002375834379116f,-0.004863419030103473f,0.9538735569462728f,0.30016925977521947f,4.823446659954642f,0.06599301651166994f,0.29982459759654645f,-0.9517090587189762f,2.451795558371771f,0f,0f,0f,1f], start_interpolation: 0, interpolation_duration: 1 }
$data merge entity $(bone_eyelid_expressions_left6) { transformation: [-0.9978082325412173f,0.01518051496934605f,-0.06440716604724495f,0.6122961251783804f,-0.004863419030103473f,0.9538735569462728f,0.30016925977521947f,4.823992844708999f,0.06599301651166994f,0.29982459759654645f,-0.9517090587189762f,2.4443842332752457f,0f,0f,0f,1f], start_interpolation: 0, interpolation_duration: 1 }
$data merge entity $(bone_left_eye1) { transformation: [-0.9978082325412173f,0.01518051496934605f,-0.06440716604724495f,0.2493262790335261f,-0.004863419030103473f,0.9538735569462728f,0.30016925977521947f,4.826903234419511f,0.06599301651166994f,0.29982459759654645f,-0.9517090587189762f,1.8916507111395955f,0f,0f,0f,1f], start_interpolation: 0, interpolation_duration: 1 }
$data merge entity $(bone_crest_middle5) { transformation: [-0.9978082325412173f,0.000880413996483944f,-0.06616612384118263f,0.3010681829385986f,-0.004863419030103473f,0.9962314636457692f,0.08659802536747654f,6.0055824404680695f,0.06599301651166994f,0.08673001621931858f,-0.9940436741201503f,2.760847356435817f,0f,0f,0f,1f], start_interpolation: 0, interpolation_duration: 1 }
$data merge entity $(bone_crest_middle4) { transformation: [-0.9978082325412173f,0.000880413996483944f,-0.06616612384118263f,0.30047493522612406f,-0.004863419030103473f,0.9962314636457692f,0.08659802536747654f,5.334293661253636f,0.06599301651166994f,0.08673001621931858f,-0.9940436741201503f,2.7024062322255338f,0f,0f,0f,1f], start_interpolation: 0, interpolation_duration: 1 }
$data merge entity $(bone_crest_middle1) { transformation: [-0.9978082325412173f,0.000880413996483944f,-0.06616612384118263f,0.30560309761602167f,-0.004863419030103473f,0.9962314636457692f,0.08659802536747654f,4.823533022588886f,0.06599301651166994f,0.08673001621931858f,-0.9940436741201503f,2.742302569439828f,0f,0f,0f,1f], start_interpolation: 0, interpolation_duration: 1 }
$data merge entity $(bone_crest_left5) { transformation: [-0.5489250890178135f,-0.8346635287249913f,0.04492260525760827f,-0.8043851503472403f,-0.8071019114556981f,0.5432445197542554f,0.23123991065888033f,5.358827882227944f,-0.21741147893187224f,0.09067626797191165f,-0.9718590758208426f,2.73551962380983f,0f,0f,0f,1f], start_interpolation: 0, interpolation_duration: 1 }
$data merge entity $(bone_crest_left4) { transformation: [-0.5489250890178135f,-0.8346635287249913f,0.04492260525760827f,-0.33570201654170323f,-0.8071019114556981f,0.5432445197542554f,0.23123991065888033f,5.0537833520924975f,-0.21741147893187224f,0.09067626797191165f,-0.9718590758208426f,2.684602774118571f,0f,0f,0f,1f], start_interpolation: 0, interpolation_duration: 1 }
$data merge entity $(bone_crest_left1) { transformation: [-0.5489250890178135f,-0.8346635287249913f,0.04492260525760827f,0.18237194021695763f,-0.8071019114556981f,0.5432445197542554f,0.23123991065888033f,4.731219031895544f,-0.21741147893187224f,0.09067626797191165f,-0.9718590758208426f,2.574022074556137f,0f,0f,0f,1f], start_interpolation: 0, interpolation_duration: 1 }
$data merge entity $(bone_crest_center1) { transformation: [-0.9978082325412173f,0.01518051496934605f,-0.06440716604724495f,0.29400427666549356f,-0.004863419030103473f,0.9538735569462728f,0.30016925977521947f,4.70498444151637f,0.06599301651166994f,0.29982459759654645f,-0.9517090587189762f,2.558192930274603f,0f,0f,0f,1f], start_interpolation: 0, interpolation_duration: 1 }
$data merge entity $(bone_crest_right5) { transformation: [-0.5233188560814517f,0.8340232942329588f,-0.1747641826759825f,1.3997820591375103f,0.801875685175496f,0.5513778694154302f,0.23016913486223506f,5.369571217873548f,0.28832752278256374f,-0.019687300366076743f,-0.9573294364064892f,2.589740466747203f,0f,0f,0f,1f], start_interpolation: 0, interpolation_duration: 1 }
$data merge entity $(bone_crest_right4) { transformation: [-0.5233188560814517f,0.8340232942329588f,-0.1747641826759825f,0.9314584320047453f,0.801875685175496f,0.5513778694154302f,0.23016913486223506f,5.05995962127797f,0.28832752278256374f,-0.019687300366076743f,-0.9573294364064892f,2.6007953473238574f,0f,0f,0f,1f], start_interpolation: 0, interpolation_duration: 1 }
$data merge entity $(bone_crest_right1) { transformation: [-0.5233188560814517f,0.8340232942329588f,-0.1747641826759825f,0.4064890236978951f,0.801875685175496f,0.5513778694154302f,0.23016913486223506f,4.732311401404258f,0.28832752278256374f,-0.019687300366076743f,-0.9573294364064892f,2.5591994243630865f,0f,0f,0f,1f], start_interpolation: 0, interpolation_duration: 1 }
$data merge entity $(bone_head1) { transformation: [-1.045879722911041f,0.01591186790406714f,-0.06751011545316687f,0.2086911109323349f,-0.005097724374001684f,0.999828402788736f,0.31463053921751505f,4.958748280594722f,0.06917236756757067f,0.31426927222033824f,-0.997559625349968f,1.2869672209037033f,0f,0f,0f,1f], start_interpolation: 0, interpolation_duration: 1 }
$data merge entity $(bone_neck10) { transformation: [-1.483705462315542f,0.018311663825991482f,-0.20118912929623087f,0.05985035716097292f,-0.033998747435791704f,1.4473290699666075f,0.3824616713952134f,4.797053500473829f,0.19913931794562537f,0.3835329554048085f,-1.4336806777838056f,0.1504098513612992f,0f,0f,0f,1f], start_interpolation: 0, interpolation_duration: 1 }
$data merge entity $(bone_neck9) { transformation: [-1.1350346786713903f,0.02071311589272796f,-0.1531515378371531f,0.04095871621127812f,-0.02600904178838067f,1.093380438226182f,0.3406330805252318f,3.386831712512752f,0.1523415782284035f,0.34099608888207666f,-1.0829135973883341f,-0.23110900714584098f,0f,0f,0f,1f], start_interpolation: 0, interpolation_duration: 1 }
$data merge entity $(bone_neck8) { transformation: [-1.0538838993284714f,-0.04739212903596139f,-0.1318061085025022f,0.08046783707067771f,-0.015136469433594407f,1.0331214756726903f,-0.25044169220376916f,2.6238823275858723f,0.13924708767590244f,-0.24638210163532653f,-1.024790830347568f,-0.015020708221757217f,0f,0f,0f,1f], start_interpolation: 0, interpolation_duration: 1 }
$data merge entity $(bone_neck7) { transformation: [-1.0475051551230958f,-0.057516662447332355f,-0.11769195548321289f,0.13499432082767407f,0f,0.9484608440839488f,-0.46351768045412f,1.7754857394622992f,0.13099451455898042f,-0.45993529287769086f,-0.9411304778695534f,0.4210034491140259f,0f,0f,0f,1f], start_interpolation: 0, interpolation_duration: 1 }
$data merge entity $(bone_neck6) { transformation: [-1.0415618634628228f,-0.03371151275950116f,-0.1258130784184648f,0.16371365057477277f,0f,1.01390768862361f,-0.27167574636640246f,0.8772394293094932f,0.1302512832707025f,-0.26957604691664977f,-1.0060715035965089f,0.6506592180067055f,0f,0f,0f,1f], start_interpolation: 0, interpolation_duration: 1 }
$data merge entity $(bone_neck_spine6) { transformation: [-1.2679459054025233f,0.04194089137379804f,0.10266212115700672f,-0.25020217639605996f,0.10517590808930215f,0.08116582487028859f,1.2658339171263446f,0.38930007220502977f,0.0351650088479349f,1.2695032252895644f,-0.08432290109352113f,-2.026213886419172f,0f,0f,0f,1f], start_interpolation: 0, interpolation_duration: 1 }
$data merge entity $(bone_neck_spine7) { transformation: [-0.8771747047705147f,-0.389786800086885f,0.2804118182045592f,0.3680599613362457f,0.11875753881425608f,0.38973108203300244f,0.9132394706056924f,0.1908828956508783f,-0.4652538922841382f,0.8343715803977338f,-0.29557212578158937f,-5.537029103395632f,0f,0f,0f,1f], start_interpolation: 0, interpolation_duration: 1 }
$data merge entity $(bone_tail6) { transformation: [-0.9854481390926769f,-0.9648135578151458f,1.0311783072495204f,2.542359514982053f,0.7085739133783847f,0.7498553668364436f,1.3787464870792419f,-1.679662852441295f,-1.2215223747298076f,1.2133233967124306f,-0.03211480268956593f,-8.273604768731587f,0f,0f,0f,1f], start_interpolation: 0, interpolation_duration: 1 }
$data merge entity $(bone_tail5) { transformation: [-0.814065854033081f,-0.7970198955864247f,0.851842949466995f,2.03897852829589f,0.5853436675734481f,0.61944573782141f,1.1389644893263302f,-1.288433965396194f,-1.009083700863754f,1.0023106320667905f,-0.026529619613119677f,-7.640566474794667f,0f,0f,0f,1f], start_interpolation: 0, interpolation_duration: 1 }
$data merge entity $(bone_tail4) { transformation: [-0.5998379977085859f,-0.5872778178005235f,0.6276737522388384f,1.7872880349528084f,0.4313058603172776f,0.4564337015526178f,0.8392369921351905f,-1.0928195218736436f,-0.7435353585311871f,0.7385446762597403f,-0.019548140767561867f,-7.324047327826207f,0f,0f,0f,1f], start_interpolation: 0, interpolation_duration: 1 }
$data merge entity $(bone_segment18) { transformation: [-0.5722678040250857f,-0.5602849243115553f,0.5988241512042582f,1.4726749182739565f,0.4114818642530052f,0.4354547612328081f,0.8006633664097222f,-0.8483014674704554f,-0.709360441430996f,0.7045991445558765f,-0.018649654794394427f,-6.928398394115632f,0f,0f,0f,1f], start_interpolation: 0, interpolation_duration: 1 }
$data merge entity $(bone_segment17) { transformation: [-0.5722678040250857f,-0.5602849243115553f,0.5988241512042582f,1.0636778665914486f,0.4114818642530052f,0.4354547612328081f,0.8006633664097222f,-0.5304279967463105f,-0.709360441430996f,0.7045991445558765f,-0.018649654794394427f,-6.414054780291884f,0f,0f,0f,1f], start_interpolation: 0, interpolation_duration: 1 }
$data merge entity $(bone_segment16) { transformation: [-0.7001799433302718f,-0.6766132025583275f,0.22790923869334667f,0.417789775282107f,0.07080458958236774f,0.25183747475285234f,0.9651759406471851f,-0.29002650107159034f,-0.7104468713789158f,0.6919338555338005f,-0.12842422868773712f,-5.753541749252538f,0f,0f,0f,1f], start_interpolation: 0, interpolation_duration: 1 }
$data merge entity $(bone_segment15) { transformation: [-0.8771747047705147f,-0.44908105597366194f,0.1699727698084041f,-0.11176625507746024f,0.11875753881425608f,0.1400875497111637f,0.9829914167431486f,-0.12483537189558436f,-0.4652538922841382f,0.8824407535815099f,-0.06954949412437558f,-4.71296830203606f,0f,0f,0f,1f], start_interpolation: 0, interpolation_duration: 1 }
$data merge entity $(bone_segment14) { transformation: [-1.0237173894645664f,-0.20437164254790563f,0.09439351807881897f,-0.3416843529438541f,0.10945222687290067f,-0.06779933729781548f,1.0402397117586464f,-0.20110962635562676f,-0.19671836356982111f,1.0258219531719042f,0.0875580027762371f,-3.558918604717668f,0f,0f,0f,1f], start_interpolation: 0, interpolation_duration: 1 }
$data merge entity $(bone_segment13) { transformation: [-1.021815229647916f,0.018919397583639967f,0.08734589101861955f,-0.321289041246164f,0.08475940828373173f,-0.1127244214569083f,1.0159737493349839f,-0.364681760177934f,0.028338860071571065f,1.019327657343538f,0.11073232503459164f,-2.3342921626887945f,0f,0f,0f,1f], start_interpolation: 0, interpolation_duration: 1 }
$data merge entity $(bone_segment12) { transformation: [-1.1028944666278127f,0.1412000116943273f,0.09033401004577693f,-0.150711845910735f,0.09749386813446607f,0.051310852567936535f,1.1101063117001935f,-0.30269549533076234f,0.13635476650857517f,1.105397500584269f,-0.06306841161880196f,-0.9989126317816236f,0f,0f,0f,1f], start_interpolation: 0, interpolation_duration: 1 }
$data merge entity $(bone_segment11) { transformation: [-1.175592184390983f,0.18521367562371385f,0.028315212203659106f,0.06627738788163488f,0.10785316315175464f,0.5218266394425211f,1.0645127967514685f,0.3000888415227978f,0.15321080927384187f,1.0538100842236355f,-0.5321029930300858f,0.21855042508577982f,0f,0f,0f,1f], start_interpolation: 0, interpolation_duration: 1 }
$data merge entity $(bone_segment10) { transformation: [-1.0409795337152346f,0.09870237593758768f,-0.07276434151053246f,0.17352197042343281f,0.051478465222999086f,0.9162711784693011f,0.5064309362094067f,1.2377502740163226f,0.1112958940368905f,0.4993797818453675f,-0.9148268991890082f,0.7290920107015596f,0f,0f,0f,1f], start_interpolation: 0, interpolation_duration: 1 }