# This file was generated by Animated Java via MC-Build. It is not recommended to edit this file directly.
$data merge entity $(bone_neck_spine5) { transformation: [-1.5641598416804035f,-0.04120164432583677f,-0.15403119728101897f,0.11350616994256683f,-0.052262497508243036f,1.567439997574771f,0.11144362213085961f,4.283791042516502f,0.150638031669223f,0.11598911183508638f,-1.5607286455073384f,-0.7115335008709247f,0f,0f,0f,1f], start_interpolation: 0, interpolation_duration: 1 }
$data merge entity $(bone_neck_spine2) { transformation: [-1.489676039695622f,-0.02659006726060385f,-0.14950768128718991f,0.12474744117985519f,-0.04977380715070764f,1.478316066007847f,0.23302029694607324f,5.710932205148006f,0.1434647920659266f,0.23678863779790732f,-1.4715784981207487f,1.072490780377484f,0f,0f,0f,1f], start_interpolation: 0, interpolation_duration: 1 }
$data merge entity $(bone_scale_neck_left1) { transformation: [-1.5847578240311986f,0.4430725811068314f,-0.07269393290298445f,0.9194692356447607f,0.3557324807630361f,1.4017258996967241f,0.7884630524553826f,4.852061985066302f,0.2739564237971973f,0.742903944550312f,-1.4443326098477138f,0.8213962600500553f,0f,0f,0f,1f], start_interpolation: 0, interpolation_duration: 1 }
$data merge entity $(bone_scale_neck_right1) { transformation: [-1.580858606970046f,-0.3850454807887473f,-0.25628328726345f,-0.6446906060356421f,-0.4615036535221561f,1.3740564013545005f,0.7823288723549039f,4.79979948755806f,0.030911541406075566f,0.8226567111855075f,-1.4266518471536829f,0.9720342917192781f,0f,0f,0f,1f], start_interpolation: 0, interpolation_duration: 1 }
$data merge entity $(bone_blush_right1) { transformation: [-0.9979912869302943f,-0.0028678346873157643f,-0.06328638665164057f,-0.4171456920289536f,-0.022386685714456594f,0.9504879230504135f,0.30995410053431127f,4.220250966928152f,0.05926404908489519f,0.3107482641295329f,-0.9486428668506102f,2.2383461906538162f,0f,0f,0f,1f], start_interpolation: 0, interpolation_duration: 1 }
$data merge entity $(bone_blush_left1) { transformation: [-0.9979912869302943f,-0.0028678346873157643f,-0.06328638665164057f,0.905387683326915f,-0.022386685714456594f,0.9504879230504135f,0.30995410053431127f,4.2499176978993605f,0.05926404908489519f,0.3107482641295329f,-0.9486428668506102f,2.1598097506067435f,0f,0f,0f,1f], start_interpolation: 0, interpolation_duration: 1 }
$data merge entity $(bone_left_head_scales) { transformation: [-0.8560066816515949f,-0.0028678346873157643f,-0.516956803313421f,0.8896263774125054f,-0.16297810883590966f,0.9504879230504135f,0.2645956238783669f,5.065839274882721f,0.4906023817798841f,0.3107482641295329f,-0.8140914072340932f,2.0131047085803555f,0f,0f,0f,1f], start_interpolation: 0, interpolation_duration: 1 }
$data merge entity $(bone_left_head_scales2) { transformation: [-0.7812070227463699f,-0.0028678346873157643f,-0.6242654588682274f,0.9028639844532657f,-0.19612046778471642f,0.9504879230504135f,0.24105905967462787f,4.15967133391734f,0.5926654618987479f,0.3107482641295329f,-0.7430902816029995f,1.893722376092621f,0f,0f,0f,1f], start_interpolation: 0, interpolation_duration: 1 }
$data merge entity $(bone_left_head_scales1) { transformation: [-0.9979912869302943f,-0.0028678346873157643f,-0.06328638665164057f,0.8899484486908661f,-0.022386685714456594f,0.9504879230504135f,0.30995410053431127f,4.95909502571202f,0.05926404908489519f,0.3107482641295329f,-0.9486428668506102f,1.9782062218861207f,0f,0f,0f,1f], start_interpolation: 0, interpolation_duration: 1 }
$data merge entity $(bone_right_head_scales) { transformation: [-0.9144514841976973f,-0.0028678346873157643f,0.40468538220799943f,-0.45532281786464895f,0.12326364334055137f,0.9504879230504135f,0.2852696660455246f,5.035669717962848f,-0.3854666746672683f,0.3107482641295329f,-0.86882159219338f,2.092972274729921f,0f,0f,0f,1f], start_interpolation: 0, interpolation_duration: 1 }
$data merge entity $(bone_right_head_scales2) { transformation: [-0.8538061829967347f,-0.0028678346873157643f,0.5205831128655175f,-0.4420852108238887f,0.15944426904901182f,0.9504879230504135f,0.26674001050224566f,4.129501776997468f,-0.4955729279772778f,0.3107482641295329f,-0.8110752057586949f,1.9735899422421865f,0f,0f,0f,1f], start_interpolation: 0, interpolation_duration: 1 }
$data merge entity $(bone_right_head_scales1) { transformation: [-0.9979912869302943f,-0.0028678346873157643f,-0.06328638665164057f,-0.4550007465862883f,-0.022386685714456594f,0.9504879230504135f,0.30995410053431127f,4.928925468792147f,0.05926404908489519f,0.3107482641295329f,-0.9486428668506102f,2.0580737880356863f,0f,0f,0f,1f], start_interpolation: 0, interpolation_duration: 1 }
$data merge entity $(bone_head_left_fin1) { transformation: [-0.6818681716630897f,-0.003190745815302674f,-0.7960658349905181f,0.8858257192906981f,0.01638789429860174f,1.0478902819476f,-0.018237103536781166f,4.5849112953136215f,0.7959035314775692f,-0.02430996022406338f,-0.6816317132004724f,1.767434568843357f,0f,0f,0f,1f], start_interpolation: 0, interpolation_duration: 1 }
$data merge entity $(bone_head_right_fin1) { transformation: [-0.7698101328902642f,-0.04653382787901993f,0.7098606625159425f,-0.4591234759864563f,-0.04895157134481329f,1.0469180209982676f,0.015543455121647504f,4.554741738393749f,-0.709698035073735f,-0.021736103541591004f,-0.7710586481198959f,1.8473021349929228f,0f,0f,0f,1f], start_interpolation: 0, interpolation_duration: 1 }
$data merge entity $(bone_right_whisker16) { transformation: [0.2776282241122784f,0.9304097706850073f,-0.23929109425579134f,-0.9995512721584819f,0.9601080596146596f,-0.27737345130387486f,0.03544689513555041f,1.8553050995079483f,-0.033392859105446655f,-0.23958636673577338f,-0.9703006182802906f,1.629388873587773f,0f,0f,0f,1f], start_interpolation: 0, interpolation_duration: 1 }
$data merge entity $(bone_right_whisker15) { transformation: [-0.886212231171445f,0.39669592074030013f,-0.23929109425579134f,-0.7009739091173213f,0.4003197321180291f,0.9156897016469057f,0.03544689513555041f,1.7204317522611514f,0.23317802940902913f,-0.06437947472453201f,-0.9703006182802906f,1.5508279164138326f,0f,0f,0f,1f], start_interpolation: 0, interpolation_duration: 1 }
$data merge entity $(bone_right_whisker14) { transformation: [-0.7340580747236306f,-0.6355301056149126f,-0.23929109425579134f,-0.4536594210512546f,-0.6607142777836335f,0.7498000805268703f,0.03544689513555041f,1.9430356837409886f,0.1568929127331381f,0.18412312211940307f,-0.9703006182802906f,1.497968487807453f,0f,0f,0f,1f], start_interpolation: 0, interpolation_duration: 1 }
$data merge entity $(bone_right_whisker13) { transformation: [-0.09652696489913086f,-0.9953022595561458f,-0.0074804525125031045f,-0.42113812916629356f,-0.9682239205874443f,0.09215352236209447f,0.2324869198869852f,2.269243938235782f,-0.23070540663287545f,0.029684009814861984f,-0.9725707557353704f,1.5756963835968496f,0f,0f,0f,1f], start_interpolation: 0, interpolation_duration: 1 }
$data merge entity $(bone_right_whisker12) { transformation: [0.07843076468877629f,-0.9968269412910955f,0.013589123097977635f,-0.4563706992413298f,-0.8973597010118715f,-0.06465358770339533f,0.4365380631708583f,2.6723547414247086f,-0.4342743167057183f,-0.046432345550462495f,-0.8995831563210056f,1.7707805493044966f,0f,0f,0f,1f], start_interpolation: 0, interpolation_duration: 1 }
$data merge entity $(bone_right_whisker11) { transformation: [0.28479104580768344f,-0.9578927604571967f,0.03654476284581551f,-0.5843041768502502f,-0.9497049547160734f,-0.27676786495763267f,0.1464924841571576f,3.0989800140510697f,-0.13020967404731246f,-0.07642649010967728f,-0.9885365104000999f,1.8292731763179377f,0f,0f,0f,1f], start_interpolation: 0, interpolation_duration: 1 }
$data merge entity $(bone_right_whisker10) { transformation: [0.047731264098860256f,-0.9883048513154572f,0.14482833733029038f,-0.60574595564466f,-0.9932116010942315f,-0.0623579107987576f,-0.09819473719425029f,3.5451492879801187f,0.10607752768309842f,-0.1391582258694962f,-0.9845722656532098f,1.7816211619290458f,0f,0f,0f,1f], start_interpolation: 0, interpolation_duration: 1 }
$data merge entity $(bone_right_whisker1) { transformation: [-0.34459387319405166f,-0.9312303313052307f,0.1185965118132555f,-0.45094792667076966f,-0.9188380360834875f,0.3604650375177034f,0.1606288273430429f,3.957908562001998f,-0.19233233218406642f,-0.053619276240086056f,-0.9798638921871375f,1.8680204517773569f,0f,0f,0f,1f], start_interpolation: 0, interpolation_duration: 1 }
$data merge entity $(bone_left_whisker16) { transformation: [0.2396997766759828f,-0.9037290794802418f,0.3547080038049304f,1.397401866245862f,-0.9687046570454827f,-0.24689500570827855f,0.025576230658624022f,1.815474196947072f,0.06446165123449776f,-0.3497379119542284f,-0.9346272457306269f,1.7733409478746653f,0f,0f,0f,1f], start_interpolation: 0, interpolation_duration: 1 }
$data merge entity $(bone_left_whisker15) { transformation: [-0.8647104527992568f,-0.3556094274009412f,0.3547080038049304f,1.10606875470705f,-0.37122411497830793f,0.9281909894433737f,0.025576230658624022f,1.6904035722717632f,-0.3383319217547699f,-0.10956013079449056f,-0.9346272457306269f,1.6593521656428336f,0f,0f,0f,1f], start_interpolation: 0, interpolation_duration: 1 }
$data merge entity $(bone_left_whisker14) { transformation: [-0.6877340216681521f,0.6334067788371629f,0.3547080038049304f,0.8743614915473702f,0.6843406314014207f,0.7287137686625675f,0.025576230658624022f,1.9209675545310305f,-0.2422804483511918f,0.26033074325697125f,-0.9346272457306269f,1.5777244755245123f,0f,0f,0f,1f], start_interpolation: 0, interpolation_duration: 1 }
$data merge entity $(bone_left_whisker13) { transformation: [-0.09132960717191443f,0.9871020643024858f,0.13148542696281795f,0.8435912625685513f,0.9713455906350128f,0.05921130409560042f,0.23017768141419948f,2.2482275435633348f,0.21942344088028087f,0.14873982693639604f,-0.9642249828101261f,1.6516513183992163f,0f,0f,0f,1f], start_interpolation: 0, interpolation_duration: 1 }
$data merge entity $(bone_left_whisker12) { transformation: [0.055572052302888385f,0.9925308525457568f,0.10860135242085103f,0.8685552704389895f,0.895132935264573f,-0.09771135390477592f,0.4349592159303277f,2.6503380418267173f,0.44232202659089304f,0.0730410710688752f,-0.8938770758497144f,1.850350666281844f,0f,0f,0f,1f], start_interpolation: 0, interpolation_duration: 1 }
$data merge entity $(bone_left_whisker11) { transformation: [0.2984496448691689f,0.950464326252558f,0.08686411226011427f,1.0026244468450616f,0.9400130659812969f,-0.3084796176632762f,0.14565631215557157f,3.072609536310503f,0.1652369367360375f,0.038182325853590396f,-0.985514517767496f,1.924578196456236f,0f,0f,0f,1f], start_interpolation: 0, interpolation_duration: 1 }
$data merge entity $(bone_left_whisker10) { transformation: [0.09293531444081829f,0.9952451512571617f,-0.02915675271519602f,1.0443727326290229f,0.9908741015855361f,-0.09531916715844241f,-0.09530357380118515f,3.51772876163213f,-0.09762961710896562f,-0.020033603553274635f,-0.9950211618814075f,1.8807211418955678f,0f,0f,0f,1f], start_interpolation: 0, interpolation_duration: 1 }
$data merge entity $(bone_left_whisker1) { transformation: [-0.33452124505619796f,0.9423755871525404f,0.0048774322092003455f,0.8940995170764339f,0.9301230994705217f,0.32933075559125197f,0.16251853202956718f,3.9355574977224035f,0.15154720860973125f,0.05890251404311514f,-0.9866934363833573f,1.9487989895132205f,0f,0f,0f,1f], start_interpolation: 0, interpolation_duration: 1 }
$data merge entity $(bone_upper_left_tooth1) { transformation: [-0.9979912869302943f,-0.008372693744946778f,-0.06279561458149806f,0.5997389544139188f,-0.022386685714456594f,0.9738853093928073f,0.22593415069793898f,4.098782758262737f,0.05926404908489519f,0.2268860995044213f,-0.9721164901068865f,2.9248932538354837f,0f,0f,0f,1f], start_interpolation: 0, interpolation_duration: 1 }
$data merge entity $(bone_upper_right_tooth1) { transformation: [-0.9979912869302943f,-0.008372693744946778f,-0.06279561458149806f,-0.07273564322465836f,-0.022386685714456594f,0.9738853093928073f,0.22593415069793898f,4.083697979802801f,0.05926404908489519f,0.2268860995044213f,-0.9721164901068865f,2.9648270369102665f,0f,0f,0f,1f], start_interpolation: 0, interpolation_duration: 1 }
$data merge entity $(bone_top_lip1) { transformation: [-0.9979912869302943f,-0.03372113005304283f,-0.05363092950117958f,0.2904874671193409f,-0.022386685714456594f,0.9796637770219323f,-0.19939338076737856f,4.2121779833792345f,0.05926404908489519f,-0.197792237914101f,-0.9784508179295442f,2.971224626199973f,0f,0f,0f,1f], start_interpolation: 0, interpolation_duration: 1 }
$data merge entity $(bone_muzzle1) { transformation: [-0.9979912869302943f,-0.008372693744946778f,-0.06279561458149806f,0.2538158186277738f,-0.022386685714456594f,0.9738853093928073f,0.22593415069793898f,4.503103132326085f,0.05926404908489519f,0.2268860995044213f,-0.9721164901068865f,2.4635789917791264f,0f,0f,0f,1f], start_interpolation: 0, interpolation_duration: 1 }
$data merge entity $(bone_jaw_right_tooth1) { transformation: [-0.9979912869302943f,-0.04247404830819695f,-0.04700368529730062f,-0.069099858157811f,-0.022386685714456594f,0.9305277495749447f,-0.36553651469273457f,3.9694074267938695f,0.05926404908489519f,-0.36374999998804447f,-0.9296094394931455f,2.9828800579920696f,0f,0f,0f,1f], start_interpolation: 0, interpolation_duration: 1 }
$data merge entity $(bone_jaw_left_tooth1) { transformation: [-0.9979912869302943f,-0.04247404830819695f,-0.04700368529730062f,0.6594142892839809f,-0.022386685714456594f,0.9305277495749447f,-0.36553651469273457f,3.9857492701254675f,0.05926404908489519f,-0.36374999998804447f,-0.9296094394931455f,2.9396184596610544f,0f,0f,0f,1f], start_interpolation: 0, interpolation_duration: 1 }
$data merge entity $(bone_tongue1) { transformation: [-0.9979912869302943f,-0.02213186606960789f,-0.05935968089108685f,0.24727499726301463f,-0.022386685714456594f,0.9997427924609299f,0.0036311465330983173f,3.9670371677376286f,0.05926404908489519f,0.004952719121818577f,-0.9982300551773438f,2.150937123918998f,0f,0f,0f,1f], start_interpolation: 0, interpolation_duration: 1 }
$data merge entity $(bone_jaw_lips1) { transformation: [-0.9979912869302943f,-0.02213186606960789f,-0.05935968089108685f,0.35950384156132587f,-0.022386685714456594f,0.9997427924609299f,0.0036311465330983173f,3.8359150615076683f,0.05926404908489519f,0.004952719121818577f,-0.9982300551773438f,3.0438169800318047f,0f,0f,0f,1f], start_interpolation: 0, interpolation_duration: 1 }
$data merge entity $(bone_jaw3) { transformation: [-0.9979912869302943f,-0.033666667780221274f,-0.05366513478778315f,0.31412477757755375f,-0.022386685714456594f,0.9798656918215224f,-0.1983987456962671f,3.575133203547955f,0.05926404908489519f,-0.1967988350364555f,-0.9786511079104526f,2.1811362697449397f,0f,0f,0f,1f], start_interpolation: 0, interpolation_duration: 1 }
$data merge entity $(bone_jaw1) { transformation: [-0.9979912869302943f,0.014141051634382451f,-0.061752909809080665f,0.2586436476709578f,-0.022386685714456594f,0.833158773799782f,0.5525805768783105f,4.071592315587062f,0.05926404908489519f,0.5528530440353183f,-0.8311686256030991f,1.434383207679655f,0f,0f,0f,1f], start_interpolation: 0, interpolation_duration: 1 }
$data merge entity $(bone_tear_right1) { transformation: [-0.9979912869302943f,-0.0028678346873157643f,-0.06328638665164057f,-0.35583676961167604f,-0.022386685714456594f,0.9504879230504135f,0.30995410053431127f,4.563784535337401f,0.05926404908489519f,0.3107482641295329f,-0.9486428668506102f,2.4530464154670915f,0f,0f,0f,1f], start_interpolation: 0, interpolation_duration: 1 }
$data merge entity $(bone_right_pupil1) { transformation: [-0.9979912869302943f,-0.0028678346873157643f,-0.06328638665164057f,-0.16696427046699663f,-0.022386685714456594f,0.9504879230504135f,0.30995410053431127f,4.65379151149946f,0.05926404908489519f,0.3107482641295329f,-0.9486428668506102f,2.540885357540236f,0f,0f,0f,1f], start_interpolation: 0, interpolation_duration: 1 }
$data merge entity $(bone_right_sad_pupil1) { transformation: [-0.9979912869302943f,-0.0028678346873157643f,-0.06328638665164057f,-0.1676750062545883f,-0.022386685714456594f,0.9504879230504135f,0.30995410053431127f,4.657272441339445f,0.05926404908489519f,0.3107482641295329f,-0.9486428668506102f,2.5302316534691593f,0f,0f,0f,1f], start_interpolation: 0, interpolation_duration: 1 }
$data merge entity $(bone_right_happy_pupil1) { transformation: [-0.9979912869302943f,-0.0028678346873157643f,-0.06328638665164057f,-0.19561390571411486f,-0.022386685714456594f,0.9504879230504135f,0.30995410053431127f,4.629958196237751f,0.05926404908489519f,0.3107482641295329f,-0.9486428668506102f,2.5231710298008565f,0f,0f,0f,1f], start_interpolation: 0, interpolation_duration: 1 }
$data merge entity $(bone_eyelid_right1) { transformation: [-0.9979912869302943f,-0.0028678346873157643f,-0.06328638665164057f,0.22845413214288107f,-0.022386685714456594f,0.9504879230504135f,0.30995410053431127f,4.787626216310349f,0.05926404908489519f,0.3107482641295329f,-0.9486428668506102f,1.954473007797229f,0f,0f,0f,1f], start_interpolation: 0, interpolation_duration: 1 }
$data merge entity $(bone_eyelid_expressions_right5) { transformation: [-0.9979912869302943f,-0.0028678346873157643f,-0.06328638665164057f,-0.2968876834272242f,-0.022386685714456594f,0.9504879230504135f,0.30995410053431127f,4.761125449350539f,0.05926404908489519f,0.3107482641295329f,-0.9486428668506102f,2.5727840939547097f,0f,0f,0f,1f], start_interpolation: 0, interpolation_duration: 1 }
$data merge entity $(bone_eyelid_expressions_right7) { transformation: [-0.9979912869302943f,-0.0028678346873157643f,-0.06328638665164057f,0.03934961539206441f,-0.022386685714456594f,0.9504879230504135f,0.30995410053431127f,4.768667838580507f,0.05926404908489519f,0.3107482641295329f,-0.9486428668506102f,2.5528172024173186f,0f,0f,0f,1f], start_interpolation: 0, interpolation_duration: 1 }
$data merge entity $(bone_eyelid_expressions_right6) { transformation: [-0.9979912869302943f,-0.0028678346873157643f,-0.06328638665164057f,-0.07272948421436515f,-0.022386685714456594f,0.9504879230504135f,0.30995410053431127f,4.766153708837185f,0.05926404908489519f,0.3107482641295329f,-0.9486428668506102f,2.5594728329297824f,0f,0f,0f,1f], start_interpolation: 0, interpolation_duration: 1 }
$data merge entity $(bone_right_eye1) { transformation: [-0.9979912869302943f,-0.0028678346873157643f,-0.06328638665164057f,0.21795695796982978f,-0.022386685714456594f,0.9504879230504135f,0.30995410053431127f,4.783893873496032f,0.05926404908489519f,0.3107482641295329f,-0.9486428668506102f,1.9657922749195516f,0f,0f,0f,1f], start_interpolation: 0, interpolation_duration: 1 }
$data merge entity $(bone_tear_left1) { transformation: [-0.9979912869302943f,-0.0028678346873157643f,-0.06328638665164057f,0.854617506137763f,-0.022386685714456594f,0.9504879230504135f,0.30995410053431127f,4.590937136565287f,0.05926404908489519f,0.3107482641295329f,-0.9486428668506102f,2.381165605932482f,0f,0f,0f,1f], start_interpolation: 0, interpolation_duration: 1 }
$data merge entity $(bone_left_sad_pupil1) { transformation: [-0.9979912869302943f,-0.0028678346873157643f,-0.06328638665164057f,0.6729182407936332f,-0.022386685714456594f,0.9504879230504135f,0.30995410053431127f,4.676128414414365f,0.05926404908489519f,0.3107482641295329f,-0.9486428668506102f,2.4803144246256807f,0f,0f,0f,1f], start_interpolation: 0, interpolation_duration: 1 }
$data merge entity $(bone_left_pupil1) { transformation: [-0.9979912869302943f,-0.0028678346873157643f,-0.06328638665164057f,0.6736289765812248f,-0.022386685714456594f,0.9504879230504135f,0.30995410053431127f,4.67264748457438f,0.05926404908489519f,0.3107482641295329f,-0.9486428668506102f,2.490968128696757f,0f,0f,0f,1f], start_interpolation: 0, interpolation_duration: 1 }
$data merge entity $(bone_eyelid_left1) { transformation: [-0.9979912869302943f,-0.0028678346873157643f,-0.06328638665164057f,0.20603831222159516f,-0.022386685714456594f,0.9504879230504135f,0.30995410053431127f,4.7871233903616845f,0.05926404908489519f,0.3107482641295329f,-0.9486428668506102f,1.9558041338997219f,0f,0f,0f,1f], start_interpolation: 0, interpolation_duration: 1 }
$data merge entity $(bone_left_happy_pupil1) { transformation: [-0.9979912869302943f,-0.0028678346873157643f,-0.06328638665164057f,0.7010188911373213f,-0.022386685714456594f,0.9504879230504135f,0.30995410053431127f,4.650071234184333f,0.05926404908489519f,0.3107482641295329f,-0.9486428668506102f,2.469925985701146f,0f,0f,0f,1f], start_interpolation: 0, interpolation_duration: 1 }
$data merge entity $(bone_eyelid_expressions_left5) { transformation: [-0.9979912869302943f,-0.0028678346873157643f,-0.06328638665164057f,0.8014874927157852f,-0.022386685714456594f,0.9504879230504135f,0.30995410053431127f,4.785763920835103f,0.05926404908489519f,0.3107482641295329f,-0.9486428668506102f,2.5075589149325643f,0f,0f,0f,1f], start_interpolation: 0, interpolation_duration: 1 }
$data merge entity $(bone_eyelid_expressions_left7) { transformation: [-0.9979912869302943f,-0.0028678346873157643f,-0.06328638665164057f,0.4652501938964966f,-0.022386685714456594f,0.9504879230504135f,0.30995410053431127f,4.778221531605134f,0.05926404908489519f,0.3107482641295329f,-0.9486428668506102f,2.527525806469956f,0f,0f,0f,1f], start_interpolation: 0, interpolation_duration: 1 }
$data merge entity $(bone_eyelid_expressions_left6) { transformation: [-0.9979912869302943f,-0.0028678346873157643f,-0.06328638665164057f,0.5773292935029262f,-0.022386685714456594f,0.9504879230504135f,0.30995410053431127f,4.780735661348457f,0.05926404908489519f,0.3107482641295329f,-0.9486428668506102f,2.520870175957492f,0f,0f,0f,1f], start_interpolation: 0, interpolation_duration: 1 }
$data merge entity $(bone_left_eye1) { transformation: [-0.9979912869302943f,-0.0028678346873157643f,-0.06328638665164057f,0.21795695796982978f,-0.022386685714456594f,0.9504879230504135f,0.30995410053431127f,4.783893873496032f,0.05926404908489519f,0.3107482641295329f,-0.9486428668506102f,1.9657922749195516f,0f,0f,0f,1f], start_interpolation: 0, interpolation_duration: 1 }
$data merge entity $(bone_crest_middle5) { transformation: [-0.9979912869302943f,-0.016497536648725015f,-0.06116553356048402f,0.2441548774987809f,-0.022386685714456594f,0.9950439099480155f,0.09688371162423776f,5.953216658191622f,0.05926404908489519f,0.0980583936228322f,-0.993414477409189f,2.848664065039326f,0f,0f,0f,1f], start_interpolation: 0, interpolation_duration: 1 }
$data merge entity $(bone_crest_middle4) { transformation: [-0.9979912869302943f,-0.016497536648725015f,-0.06116553356048402f,0.25527138168591007f,-0.022386685714456594f,0.9950439099480155f,0.09688371162423776f,5.2827280860586825f,0.05926404908489519f,0.0980583936228322f,-0.993414477409189f,2.782589561523941f,0f,0f,0f,1f], start_interpolation: 0, interpolation_duration: 1 }
$data merge entity $(bone_crest_middle1) { transformation: [-0.9979912869302943f,-0.016497536648725015f,-0.06116553356048402f,0.26876066390683123f,-0.022386685714456594f,0.9950439099480155f,0.09688371162423776f,4.771701250923043f,0.05926404908489519f,0.0980583936228322f,-0.993414477409189f,2.816707867728291f,0f,0f,0f,1f], start_interpolation: 0, interpolation_duration: 1 }
$data merge entity $(bone_crest_left5) { transformation: [-0.5338016203579021f,-0.8442847122129604f,0.04731970865037409f,-0.8500370512498368f,-0.8136617411157361f,0.5280656235848484f,0.2431075240144876f,5.288311716047625f,-0.23023987740569013f,0.09126895371057836f,-0.9688444544614931f,2.8085958021496684f,0f,0f,0f,1f], start_interpolation: 0, interpolation_duration: 1 }
$data merge entity $(bone_crest_left4) { transformation: [-0.5338016203579021f,-0.8442847122129604f,0.04731970865037409f,-0.37595139741931705f,-0.8136617411157361f,0.5280656235848484f,0.2431075240144876f,4.99179049186668f,-0.23023987740569013f,0.09126895371057836f,-0.9688444544614931f,2.757346145525076f,0f,0f,0f,1f], start_interpolation: 0, interpolation_duration: 1 }
$data merge entity $(bone_crest_left1) { transformation: [-0.5338016203579021f,-0.8442847122129604f,0.04731970865037409f,0.1481999343405396f,-0.8136617411157361f,0.5280656235848484f,0.2431075240144876f,4.679268202524313f,-0.23023987740569013f,0.09126895371057836f,-0.9688444544614931f,2.6465686363908216f,0f,0f,0f,1f], start_interpolation: 0, interpolation_duration: 1 }
$data merge entity $(bone_crest_center1) { transformation: [-0.9979912869302943f,-0.0028678346873157643f,-0.06328638665164057f,0.2603595507359312f,-0.022386685714456594f,0.9504879230504135f,0.30995410053431127f,4.655096611556559f,0.05926404908489519f,0.3107482641295329f,-0.9486428668506102f,2.6311884958799565f,0f,0f,0f,1f], start_interpolation: 0, interpolation_duration: 1 }
$data merge entity $(bone_crest_right5) { transformation: [-0.5386390348444774f,0.8247082421608023f,-0.1724073822486984f,1.3545345269991682f,0.7896050261826142f,0.5655040473652131f,0.23817866201806723f,5.337764102760428f,0.29392497813041235f,-0.007841410944598726f,-0.9557963274178415f,2.6776809936382797f,0f,0f,0f,1f], start_interpolation: 0, interpolation_duration: 1 }
$data merge entity $(bone_crest_right4) { transformation: [-0.5386390348444774f,0.8247082421608023f,-0.1724073822486984f,0.8914415199264522f,0.7896050261826142f,0.5655040473652131f,0.23817866201806723f,5.02022032616375f,0.29392497813041235f,-0.007841410944598726f,-0.9557963274178415f,2.682084129666741f,0f,0f,0f,1f], start_interpolation: 0, interpolation_duration: 1 }
$data merge entity $(bone_crest_right1) { transformation: [-0.5386390348444774f,0.8247082421608023f,-0.1724073822486984f,0.37235813355339864f,0.7896050261826142f,0.5655040473652131f,0.23817866201806723f,4.684296462010959f,0.29392497813041235f,-0.007841410944598726f,-0.9557963274178415f,2.6332573753658943f,0f,0f,0f,1f], start_interpolation: 0, interpolation_duration: 1 }
$data merge entity $(bone_head1) { transformation: [-1.0460715963266751f,-0.0030059985980327984f,-0.06633534017522219f,0.17902752529146845f,-0.0234652109376791f,0.9962796589265397f,0.32488678506526103f,4.921972890109854f,0.06211921811632891f,0.3257192091461899f,-0.9943457133004437f,1.362389307663244f,0f,0f,0f,1f], start_interpolation: 0, interpolation_duration: 1 }
$data merge entity $(bone_neck10) { transformation: [-1.489676039695622f,-0.00684791720304372f,-0.15169932257849952f,0.07299613311520065f,-0.04977380715070764f,1.43525361505947f,0.42398574299671443f,4.793486647477172f,0.1434647920659266f,0.4268424160890433f,-1.428081820817272f,0.21682828550422467f,0f,0f,0f,1f], start_interpolation: 0, interpolation_duration: 1 }
$data merge entity $(bone_neck9) { transformation: [-1.1396021703671515f,0.00004988896964036656f,-0.11616815098857868f,0.07862706633960893f,-0.03807696247029137f,1.0820648455802404f,0.373997277245415f,3.396051193441306f,0.10975056593043392f,0.37593059993706074f,-1.0764846240459949f,-0.2095300955897746f,0f,0f,0f,1f], start_interpolation: 0, interpolation_duration: 1 }
$data merge entity $(bone_neck8) { transformation: [-1.058086095007851f,-0.047977707794686526f,-0.09188086037213199f,0.11731635902339121f,-0.027068402491587176f,1.0376007597717414f,-0.2300915085451382f,2.6291191555047693f,0.1000562568483799f,-0.2266559954485909f,-1.0338790754191796f,-0.007873765807072719f,0f,0f,0f,1f], start_interpolation: 0, interpolation_duration: 1 }
$data merge entity $(bone_neck7) { transformation: [-1.0521108266061212f,-0.03741788757441939f,-0.0780341148579021f,0.15281996991474778f,0f,0.9518885709859956f,-0.45643702882242515f,1.7774716320418795f,0.08654144320606252f,-0.4549007177063051f,-0.9486846306819269f,0.4237545040550882f,0f,0f,0f,1f], start_interpolation: 0, interpolation_duration: 1 }
$data merge entity $(bone_neck6) { transformation: [-1.0461414034764411f,-0.022271489586331038f,-0.0831183306964286f,0.17179337695085437f,0f,1.01390768862361f,-0.27167574636640235f,0.8792253218890735f,0.08605042792546073f,-0.27076131908998324f,-1.010494999568187f,0.6544200236115505f,0f,0f,0f,1f], start_interpolation: 0, interpolation_duration: 1 }
$data merge entity $(bone_neck_spine6) { transformation: [-1.2474188654077234f,0.1855866642124082f,0.1717240018405372f,-0.17739672931347383f,0.18051434245660206f,0.04837594346383227f,1.2589915443632471f,0.43817550537624467f,0.17704834059961855f,1.258253840318878f,-0.07373280769390574f,-2.0372276433268786f,0f,0f,0f,1f], start_interpolation: 0, interpolation_duration: 1 }
$data merge entity $(bone_neck_spine7) { transformation: [-0.9469067869320579f,-0.18334745312309017f,0.2641046161945725f,-0.14032371308927882f,0.1747123461780377f,0.3961408395848269f,0.9014144614471158f,0.286117292530525f,-0.26989467011219703f,0.8996978085147838f,-0.3430753858829334f,-5.640416738330999f,0f,0f,0f,1f], start_interpolation: 0, interpolation_duration: 1 }
$data merge entity $(bone_tail6) { transformation: [-1.0514150975385157f,-0.6938140971377526f,1.1740742007250329f,1.415021437640017f,0.8564061082100528f,0.8178155018224429f,1.2502193088920612f,-1.7389981452631913f,-1.0613184291322333f,1.3472571176724053f,-0.1542834676576146f,-8.677555524555228f,0f,0f,0f,1f], start_interpolation: 0, interpolation_duration: 1 }
$data merge entity $(bone_tail5) { transformation: [-0.8685602979666f,-0.5731507758964043f,0.9698873832076359f,1.0530314739159723f,0.7074659154778697f,0.6755867188968007f,1.0327898638673547f,-1.3123117964862647f,-0.8767413110222797f,1.1129515319902477f,-0.12745156023889903f,-7.974638767508755f,0f,0f,0f,1f], start_interpolation: 0, interpolation_duration: 1 }
$data merge entity $(bone_tail4) { transformation: [-0.6399917985017052f,-0.42232162434471887f,0.7146538613108895f,0.8720364920539498f,0.5212906745626408f,0.4978007402397478f,0.7610030575864719f,-1.0989686220978014f,-0.6460199133848376f,0.8200695498875509f,-0.09391167596550454f,-7.623180388985519f,0f,0f,0f,1f], start_interpolation: 0, interpolation_duration: 1 }
$data merge entity $(bone_segment18) { transformation: [-0.6105760263966579f,-0.4029105683189368f,0.6818064167537431f,0.6457927647264219f,0.49733073051442006f,0.474920457769101f,0.7260252772998887f,-0.8322896541122222f,-0.6163270726454103f,0.782376912190856f,-0.08959523868510247f,-7.183857415831474f,0f,0f,0f,1f], start_interpolation: 0, interpolation_duration: 1 }
$data merge entity $(bone_segment17) { transformation: [-0.6105760263966579f,-0.4029105683189368f,0.6818064167537431f,0.3516759192006351f,0.49733073051442006f,0.474920457769101f,0.7260252772998887f,-0.48560699573096894f,-0.6163270726454103f,0.782376912190856f,-0.08959523868510247f,-6.6127375507312145f,0f,0f,0f,1f], start_interpolation: 0, interpolation_duration: 1 }
$data merge entity $(bone_segment16) { transformation: [-0.7971901461675716f,-0.5409298966989026f,0.26810952558728723f,-0.1646902663688744f,0.10999498274504974f,0.30652231589145224f,0.9454867390034916f,-0.19300390609825913f,-0.593623596754915f,0.7832234143064513f,-0.18485699515545212f,-5.865080434047077f,0f,0f,0f,1f], start_interpolation: 0, interpolation_duration: 1 }
$data merge entity $(bone_segment15) { transformation: [-0.9469067869320579f,-0.24545534472656405f,0.20765165688520226f,-0.45413101710845066f,0.1747123461780377f,0.14933943764947366f,0.9732283023296765f,-0.016902957893435447f,-0.26989467011219703f,0.9578357928725061f,-0.09852644790778654f,-4.735601215401031f,0f,0f,0f,1f], start_interpolation: 0, interpolation_duration: 1 }
$data merge entity $(bone_segment14) { transformation: [-1.0347372920335753f,-0.016553394010801272f,0.16649300179562643f,-0.4727535853706021f,0.16728201933306747f,-0.08199917151617438f,1.031488274244397f,-0.10915202584913161f,-0.0032650433452745035f,1.044833632231733f,0.08358958352910534f,-3.5601633791403313f,0f,0f,0f,1f], start_interpolation: 0, interpolation_duration: 1 }
$data merge entity $(bone_segment13) { transformation: [-1.0052728503579889f,0.1232577925490331f,0.16225789574702337f,-0.32874572807192964f,0.14547332303855576f,-0.13779023469186893f,1.0059547580934578f,-0.30263867388694515f,0.14268013330675142f,1.0089177268849463f,0.1175627992184109f,-2.3482614077391526f,0f,0f,0f,1f], start_interpolation: 0, interpolation_duration: 1 }
$data merge entity $(bone_segment12) { transformation: [-1.0902178465563868f,0.18032056617534167f,0.1529163877935757f,-0.11090880249097997f,0.15866284728399413f,0.023074071861172628f,1.1039780655842568f,-0.2747639562023071f,0.17528556453218538f,1.1006479736108299f,-0.04819637169625307f,-1.0186195604240558f,0f,0f,0f,1f], start_interpolation: 0, interpolation_duration: 1 }
$data merge entity $(bone_segment11) { transformation: [-1.1752269660943242f,0.17521749092341868f,0.07254825925257899f,0.09571182010620415f,0.141000487248163f,0.5027814848824927f,1.0697908589703333f,0.30578549113650433f,0.12681987873302167f,1.0647217712694734f,-0.5171142127463568f,0.211391997487684f,0f,0f,0f,1f], start_interpolation: 0, interpolation_duration: 1 }
$data merge entity $(bone_segment10) { transformation: [-1.0448594243470475f,0.07469850050854338f,-0.03693393290871586f,0.1782732372563599f,0.047095958210502206f,0.9126148396019058f,0.5134114561283142f,1.239736166595903f,0.06874556057350181f,0.5101269318369068f,-0.9130825588857079f,0.7331976696704973f,0f,0f,0f,1f], start_interpolation: 0, interpolation_duration: 1 }