# This file was generated by Animated Java via MC-Build. It is not recommended to edit this file directly.
$data merge entity $(bone_neck_spine5) { transformation: [-1.360138992765568f,-0.03582751680507545f,-0.13394017154871213f,0.11206558913161817f,-0.045445650007167854f,1.362991302238931f,0.0969074975050953f,3.7117434801873492f,0.13098959275584607f,0.10086009724790118f,-1.3571553439194244f,-0.6543664674279757f,0f,0f,0f,1f], start_interpolation: 0, interpolation_duration: 1 }
$data merge entity $(bone_neck_spine2) { transformation: [-1.2953704693005408f,-0.02312179761791639f,-0.13000667938016514f,0.12184060759882544f,-0.043281571435397945f,1.2854922313111712f,0.20262634517049846f,4.952735795519091f,0.12475199310080574f,0.2059031633025281f,-1.2796334766267379f,0.8969589945271627f,0f,0f,0f,1f], start_interpolation: 0, interpolation_duration: 1 }
$data merge entity $(bone_scale_neck_left1) { transformation: [-1.3780502817662599f,0.3852805053102882f,-0.06321211556781257f,0.8129030375683087f,0.3093325919678575f,1.2188920866928037f,0.6856200456133763f,4.205892125882827f,0.23822297721495422f,0.6460034300437496f,-1.2559413998675772f,0.6786159333728766f,0f,0f,0f,1f], start_interpolation: 0, interpolation_duration: 1 }
$data merge entity $(bone_scale_neck_right1) { transformation: [-1.3746596582348227f,-0.3348221572076064f,-0.22285503240300003f,-0.5472359551972591f,-0.4013075248018749f,1.1948316533517398f,0.6802859759607861f,4.160446475875659f,0.026879601222674406f,0.7153536619004415f,-1.2405668236118983f,0.8096055261287226f,0f,0f,0f,1f], start_interpolation: 0, interpolation_duration: 1 }
$data merge entity $(bone_blush_right1) { transformation: [-0.9979912869302943f,-0.0028678346873157643f,-0.06328638665164057f,-0.3493708125827474f,-0.022386685714456594f,0.9504879230504135f,0.30995410053431127f,3.6564912405453054f,0.05926404908489519f,0.3107482641295329f,-0.9486428668506102f,1.9107463078109297f,0f,0f,0f,1f], start_interpolation: 0, interpolation_duration: 1 }
$data merge entity $(bone_blush_left1) { transformation: [-0.9979912869302943f,-0.0028678346873157643f,-0.06328638665164057f,0.800658209465834f,-0.022386685714456594f,0.9504879230504135f,0.30995410053431127f,3.6822883979115737f,0.05926404908489519f,0.3107482641295329f,-0.9486428668506102f,1.8424537512482575f,0f,0f,0f,1f], start_interpolation: 0, interpolation_duration: 1 }
$data merge entity $(bone_left_head_scales) { transformation: [-0.8560066816515949f,-0.0028678346873157643f,-0.516956803313421f,0.7869527260619995f,-0.16297810883590966f,0.9504879230504135f,0.2645956238783669f,4.391785421375364f,0.4906023817798841f,0.3107482641295329f,-0.8140914072340932f,1.7148841494861813f,0f,0f,0f,1f], start_interpolation: 0, interpolation_duration: 1 }
$data merge entity $(bone_left_head_scales2) { transformation: [-0.7812070227463699f,-0.0028678346873157643f,-0.6242654588682274f,0.7984636887061388f,-0.19612046778471642f,0.9504879230504135f,0.24105905967462787f,3.603813298796773f,0.5926654618987479f,0.3107482641295329f,-0.7430902816029995f,1.6110734255838035f,0f,0f,0f,1f], start_interpolation: 0, interpolation_duration: 1 }
$data merge entity $(bone_left_head_scales1) { transformation: [-0.9979912869302943f,-0.0028678346873157643f,-0.06328638665164057f,0.7872327880431826f,-0.022386685714456594f,0.9504879230504135f,0.30995410053431127f,4.2989643351399724f,0.05926404908489519f,0.3107482641295329f,-0.9486428668506102f,1.6845376393172815f,0f,0f,0f,1f], start_interpolation: 0, interpolation_duration: 1 }
$data merge entity $(bone_right_head_scales) { transformation: [-0.9144514841976973f,-0.0028678346873157643f,0.40468538220799943f,-0.38256831330943913f,0.12326364334055137f,0.9504879230504135f,0.2852696660455246f,4.365551024053736f,-0.3854666746672683f,0.3107482641295329f,-0.86882159219338f,1.7843342070075427f,0f,0f,0f,1f], start_interpolation: 0, interpolation_duration: 1 }
$data merge entity $(bone_right_head_scales2) { transformation: [-0.8538061829967347f,-0.0028678346873157643f,0.5205831128655175f,-0.37105735066529977f,0.15944426904901182f,0.9504879230504135f,0.26674001050224566f,3.5775789014751442f,-0.4955729279772778f,0.3107482641295329f,-0.8110752057586949f,1.680523483105165f,0f,0f,0f,1f], start_interpolation: 0, interpolation_duration: 1 }
$data merge entity $(bone_right_head_scales1) { transformation: [-0.9979912869302943f,-0.0028678346873157643f,-0.06328638665164057f,-0.38228825132825595f,-0.022386685714456594f,0.9504879230504135f,0.30995410053431127f,4.272729937818344f,0.05926404908489519f,0.3107482641295329f,-0.9486428668506102f,1.753987696838643f,0f,0f,0f,1f], start_interpolation: 0, interpolation_duration: 1 }
$data merge entity $(bone_head_left_fin1) { transformation: [-0.6505276470027986f,-0.003044090417580688f,-0.7594764736307055f,0.7836478059560801f,0.015634661889846135f,0.9997263807897601f,-0.0173988764176993f,3.9735871782718006f,0.7593216300307741f,-0.023192608015007055f,-0.6503020568173452f,1.5012579410192264f,0f,0f,0f,1f], start_interpolation: 0, interpolation_duration: 1 }
$data merge entity $(bone_head_right_fin1) { transformation: [-0.7344275553536931f,-0.044395005976505975f,0.6772335264748371f,-0.3858732334153585f,-0.046701623345113796f,0.9987988076107697f,0.0148290354452488f,3.9473527809501716f,-0.6770783738343211f,-0.020737052819803592f,-0.7356186854112796f,1.5707079985405878f,0f,0f,0f,1f], start_interpolation: 0, interpolation_duration: 1 }
$data merge entity $(bone_right_whisker16) { transformation: [0.2776282241122784f,0.9304097706850073f,-0.23929109425579134f,-0.8558104474779897f,0.9601080596146596f,-0.27737345130387486f,0.03544689513555041f,1.6000165732233884f,-0.033392859105446655f,-0.23958636673577338f,-0.9703006182802906f,1.3812182060143703f,0f,0f,0f,1f], start_interpolation: 0, interpolation_duration: 1 }
$data merge entity $(bone_right_whisker15) { transformation: [-0.886212231171445f,0.39669592074030013f,-0.23929109425579134f,-0.5961779578769805f,0.4003197321180291f,0.9156897016469057f,0.03544689513555041f,1.4827354017044345f,0.23317802940902913f,-0.06437947472453201f,-0.9703006182802906f,1.3129043302109438f,0f,0f,0f,1f], start_interpolation: 0, interpolation_duration: 1 }
$data merge entity $(bone_right_whisker14) { transformation: [-0.7340580747236306f,-0.6355301056149126f,-0.23929109425579134f,-0.38112188129779184f,-0.6607142777836335f,0.7498000805268703f,0.03544689513555041f,1.6763040377738583f,0.1568929127331381f,0.18412312211940307f,-0.9703006182802906f,1.2669396096836572f,0f,0f,0f,1f], start_interpolation: 0, interpolation_duration: 1 }
$data merge entity $(bone_right_whisker13) { transformation: [-0.09652696489913086f,-0.9953022595561458f,-0.0074804525125031045f,-0.3528424970499996f,-0.9682239205874443f,0.09215352236209447f,0.2324869198869852f,1.9599633895084612f,-0.23070540663287545f,0.029684009814861984f,-0.9725707557353704f,1.3345290842831323f,0f,0f,0f,1f], start_interpolation: 0, interpolation_duration: 1 }
$data merge entity $(bone_right_whisker12) { transformation: [0.07843076468877629f,-0.9968269412910955f,0.013589123097977635f,-0.3834795145065528f,-0.8973597010118715f,-0.06465358770339533f,0.4365380631708583f,2.3104945227162235f,-0.4342743167057183f,-0.046432345550462495f,-0.8995831563210056f,1.5041674892463035f,0f,0f,0f,1f], start_interpolation: 0, interpolation_duration: 1 }
$data merge entity $(bone_right_whisker11) { transformation: [0.28479104580768344f,-0.9578927604571967f,0.03654476284581551f,-0.49472601677517913f,-0.9497049547160734f,-0.27676786495763267f,0.1464924841571576f,2.6814730206521897f,-0.13020967404731246f,-0.07642649010967728f,-0.9885365104000999f,1.555030643171035f,0f,0f,0f,1f], start_interpolation: 0, interpolation_duration: 1 }
$data merge entity $(bone_right_whisker10) { transformation: [0.047731264098860256f,-0.9883048513154572f,0.14482833733029038f,-0.5133710418137964f,-0.9932116010942315f,-0.0623579107987576f,-0.09819473719425029f,3.069446302329624f,0.10607752768309842f,-0.1391582258694962f,-0.9845722656532098f,1.5135941089198246f,0f,0f,0f,1f], start_interpolation: 0, interpolation_duration: 1 }
$data merge entity $(bone_right_whisker1) { transformation: [-0.34459387319405166f,-0.9312303313052307f,0.1185965118132555f,-0.37876406009737007f,-0.9188380360834875f,0.3604650375177034f,0.1606288273430429f,3.4283674101747366f,-0.19233233218406642f,-0.053619276240086056f,-0.9798638921871375f,1.5887239261792256f,0f,0f,0f,1f], start_interpolation: 0, interpolation_duration: 1 }
$data merge entity $(bone_left_whisker16) { transformation: [0.2396997766759828f,-0.9037290794802418f,0.3547080038049304f,1.2284966293953534f,-0.9687046570454827f,-0.24689500570827855f,0.025576230658624022f,1.5653810057791486f,0.06446165123449776f,-0.3497379119542284f,-0.9346272457306269f,1.5063939227855812f,0f,0f,0f,1f], start_interpolation: 0, interpolation_duration: 1 }
$data merge entity $(bone_left_whisker15) { transformation: [-0.8647104527992568f,-0.3556094274009412f,0.3547080038049304f,0.9751634889268213f,-0.37122411497830793f,0.9281909894433737f,0.025576230658624022f,1.4566239408440975f,-0.3383319217547699f,-0.10956013079449056f,-0.9346272457306269f,1.4072732425839884f,0f,0f,0f,1f], start_interpolation: 0, interpolation_duration: 1 }
$data merge entity $(bone_left_whisker14) { transformation: [-0.6877340216681521f,0.6334067788371629f,0.3547080038049304f,0.7736789122662298f,0.6843406314014207f,0.7287137686625675f,0.025576230658624022f,1.6571143601999825f,-0.2422804483511918f,0.26033074325697125f,-0.9346272457306269f,1.3362926424811001f,0f,0f,0f,1f], start_interpolation: 0, interpolation_duration: 1 }
$data merge entity $(bone_left_whisker13) { transformation: [-0.09132960717191443f,0.9871020643024858f,0.13148542696281795f,0.746922191415083f,0.9713455906350128f,0.05921130409560042f,0.23017768141419948f,1.941688263706334f,0.21942344088028087f,0.14873982693639604f,-0.9642249828101261f,1.4005768536764949f,0f,0f,0f,1f], start_interpolation: 0, interpolation_duration: 1 }
$data merge entity $(bone_left_whisker12) { transformation: [0.055572052302888385f,0.9925308525457568f,0.10860135242085103f,0.7686300243458988f,0.895132935264573f,-0.09771135390477592f,0.4349592159303277f,2.2913495665440577f,0.44232202659089304f,0.0730410710688752f,-0.8938770758497144f,1.5733588953135624f,0f,0f,0f,1f], start_interpolation: 0, interpolation_duration: 1 }
$data merge entity $(bone_left_whisker11) { transformation: [0.2984496448691689f,0.950464326252558f,0.08686411226011427f,0.8852119168729179f,0.9400130659812969f,-0.3084796176632762f,0.14565631215557157f,2.6585421704430017f,0.1652369367360375f,0.038182325853590396f,-0.985514517767496f,1.6379045737260771f,0f,0f,0f,1f], start_interpolation: 0, interpolation_duration: 1 }
$data merge entity $(bone_left_whisker10) { transformation: [0.09293531444081829f,0.9952451512571617f,-0.02915675271519602f,0.9215147740763625f,0.9908741015855361f,-0.09531916715844241f,-0.09530357380118515f,3.0456023663748515f,-0.09762961710896562f,-0.020033603553274635f,-0.9950211618814075f,1.5997680045428875f,0f,0f,0f,1f], start_interpolation: 0, interpolation_duration: 1 }
$data merge entity $(bone_left_whisker1) { transformation: [-0.33452124505619796f,0.9423755871525404f,0.0048774322092003455f,0.7908424127262852f,0.9301230994705217f,0.32933075559125197f,0.16251853202956718f,3.408931702105524f,0.15154720860973125f,0.05890251404311514f,-0.9866934363833573f,1.6589661329060637f,0f,0f,0f,1f], start_interpolation: 0, interpolation_duration: 1 }
$data merge entity $(bone_upper_left_tooth1) { transformation: [-0.9979912869302943f,-0.008372693744946778f,-0.06279561458149806f,0.5348767060632286f,-0.022386685714456594f,0.9738853093928073f,0.22593415069793898f,3.550866711271031f,0.05926404908489519f,0.2268860995044213f,-0.9721164901068865f,2.507743754055858f,0f,0f,0f,1f], start_interpolation: 0, interpolation_duration: 1 }
$data merge entity $(bone_upper_right_tooth1) { transformation: [-0.9979912869302943f,-0.008372693744946778f,-0.06279561458149806f,-0.049883813622490725f,-0.022386685714456594f,0.9738853093928073f,0.22593415069793898f,3.5377495126102168f,0.05926404908489519f,0.2268860995044213f,-0.9721164901068865f,2.5424687828165387f,0f,0f,0f,1f], start_interpolation: 0, interpolation_duration: 1 }
$data merge entity $(bone_top_lip1) { transformation: [-0.9979912869302943f,-0.03372113005304283f,-0.05363092950117958f,0.26596236928533473f,-0.022386685714456594f,0.9796637770219323f,-0.19939338076737856f,3.649471254850594f,0.05926404908489519f,-0.197792237914101f,-0.9784508179295442f,2.5480319039380226f,0f,0f,0f,1f], start_interpolation: 0, interpolation_duration: 1 }
$data merge entity $(bone_muzzle1) { transformation: [-0.9979912869302943f,-0.008372693744946778f,-0.06279561458149806f,0.2340739792926677f,-0.022386685714456594f,0.9738853093928073f,0.22593415069793898f,3.9024496452391593f,0.05926404908489519f,0.2268860995044213f,-0.9721164901068865f,2.1066009174851126f,0f,0f,0f,1f], start_interpolation: 0, interpolation_duration: 1 }
$data merge entity $(bone_jaw_right_tooth1) { transformation: [-0.9979912869302943f,-0.04247404830819695f,-0.04700368529730062f,-0.04672226139044949f,-0.022386685714456594f,0.9305277495749447f,-0.36553651469273457f,3.438366423037233f,0.05926404908489519f,-0.36374999998804447f,-0.9296094394931455f,2.558167062018107f,0f,0f,0f,1f], start_interpolation: 0, interpolation_duration: 1 }
$data merge entity $(bone_jaw_left_tooth1) { transformation: [-0.9979912869302943f,-0.04247404830819695f,-0.04700368529730062f,0.586768301602413f,-0.022386685714456594f,0.9305277495749447f,-0.36553651469273457f,3.452576721586449f,0.05926404908489519f,-0.36374999998804447f,-0.9296094394931455f,2.520548280860703f,0f,0f,0f,1f], start_interpolation: 0, interpolation_duration: 1 }
$data merge entity $(bone_tongue1) { transformation: [-0.9979912869302943f,-0.02213186606960789f,-0.05935968089108685f,0.2283863085407032f,-0.022386685714456594f,0.9997427924609299f,0.0036311465330983173f,3.4363053282057194f,0.05926404908489519f,0.004952719121818577f,-0.9982300551773438f,1.8347384236936968f,0f,0f,0f,1f], start_interpolation: 0, interpolation_duration: 1 }
$data merge entity $(bone_jaw_lips1) { transformation: [-0.9979912869302943f,-0.02213186606960789f,-0.05935968089108685f,0.32597660793053906f,-0.022386685714456594f,0.9997427924609299f,0.0036311465330983173f,3.3222861053970583f,0.05926404908489519f,0.004952719121818577f,-0.9982300551773438f,2.6111556898787467f,0f,0f,0f,1f], start_interpolation: 0, interpolation_duration: 1 }
$data merge entity $(bone_jaw3) { transformation: [-0.9979912869302943f,-0.033666667780221274f,-0.05366513478778315f,0.28651655229247636f,-0.022386685714456594f,0.9798656918215224f,-0.1983987456962671f,3.0955192723886116f,0.05926404908489519f,-0.1967988350364555f,-0.9786511079104526f,1.8609985504988633f,0f,0f,0f,1f], start_interpolation: 0, interpolation_duration: 1 }
$data merge entity $(bone_jaw1) { transformation: [-0.9979912869302943f,0.014141051634382451f,-0.061752909809080665f,0.2382720915041321f,-0.022386685714456594f,0.833158773799782f,0.5525805768783105f,3.527222848074792f,0.05926404908489519f,0.5528530440353183f,-0.8311686256030991f,1.211648061746442f,0f,0f,0f,1f], start_interpolation: 0, interpolation_duration: 1 }
$data merge entity $(bone_tear_right1) { transformation: [-0.9979912869302943f,-0.0028678346873157643f,-0.06328638665164057f,-0.29605870613294083f,-0.022386685714456594f,0.9504879230504135f,0.30995410053431127f,3.955216082640305f,0.05926404908489519f,0.3107482641295329f,-0.9486428668506102f,2.097442155474647f,0f,0f,0f,1f], start_interpolation: 0, interpolation_duration: 1 }
$data merge entity $(bone_right_pupil1) { transformation: [-0.9979912869302943f,-0.0028678346873157643f,-0.06328638665164057f,-0.13182175035495877f,-0.022386685714456594f,0.9504879230504135f,0.30995410053431127f,4.033483018433399f,0.05926404908489519f,0.3107482641295329f,-0.9486428668506102f,2.173823844233903f,0f,0f,0f,1f], start_interpolation: 0, interpolation_duration: 1 }
$data merge entity $(bone_right_sad_pupil1) { transformation: [-0.9979912869302943f,-0.0028678346873157643f,-0.06328638665164057f,-0.1324397814746037f,-0.022386685714456594f,0.9504879230504135f,0.30995410053431127f,4.036509913946429f,0.05926404908489519f,0.3107482641295329f,-0.9486428668506102f,2.164559753737315f,0f,0f,0f,1f], start_interpolation: 0, interpolation_duration: 1 }
$data merge entity $(bone_right_happy_pupil1) { transformation: [-0.9979912869302943f,-0.0028678346873157643f,-0.06328638665164057f,-0.15673447665680076f,-0.022386685714456594f,0.9504879230504135f,0.30995410053431127f,4.012758396466697f,0.05926404908489519f,0.3107482641295329f,-0.9486428668506102f,2.158420080982269f,0f,0f,0f,1f], start_interpolation: 0, interpolation_duration: 1 }
$data merge entity $(bone_eyelid_right1) { transformation: [-0.9979912869302943f,-0.0028678346873157643f,-0.06328638665164057f,0.21202033887102187f,-0.022386685714456594f,0.9504879230504135f,0.30995410053431127f,4.149861022616781f,0.05926404908489519f,0.3107482641295329f,-0.9486428668506102f,1.6639000618486801f,0f,0f,0f,1f], start_interpolation: 0, interpolation_duration: 1 }
$data merge entity $(bone_eyelid_expressions_right5) { transformation: [-0.9979912869302943f,-0.0028678346873157643f,-0.06328638665164057f,-0.24479863118993928f,-0.022386685714456594f,0.9504879230504135f,0.30995410053431127f,4.126816877434338f,0.05926404908489519f,0.3107482641295329f,-0.9486428668506102f,2.201561875898663f,0f,0f,0f,1f], start_interpolation: 0, interpolation_duration: 1 }
$data merge entity $(bone_eyelid_expressions_right7) { transformation: [-0.9979912869302943f,-0.0028678346873157643f,-0.06328638665164057f,0.04758162865292036f,-0.022386685714456594f,0.9504879230504135f,0.30995410053431127f,4.133375476764745f,0.05926404908489519f,0.3107482641295329f,-0.9486428668506102f,2.1841993615183224f,0f,0f,0f,1f], start_interpolation: 0, interpolation_duration: 1 }
$data merge entity $(bone_eyelid_expressions_right6) { transformation: [-0.9979912869302943f,-0.0028678346873157643f,-0.06328638665164057f,-0.049878457961366196f,-0.022386685714456594f,0.9504879230504135f,0.30995410053431127f,4.131189276987943f,0.05926404908489519f,0.3107482641295329f,-0.9486428668506102f,2.189986866311769f,0f,0f,0f,1f], start_interpolation: 0, interpolation_duration: 1 }
$data merge entity $(bone_right_eye1) { transformation: [-0.9979912869302943f,-0.0028678346873157643f,-0.06328638665164057f,0.20289236132923813f,-0.022386685714456594f,0.9504879230504135f,0.30995410053431127f,4.146615507126071f,0.05926404908489519f,0.3107482641295329f,-0.9486428668506102f,1.6737429028246127f,0f,0f,0f,1f], start_interpolation: 0, interpolation_duration: 1 }
$data merge entity $(bone_tear_left1) { transformation: [-0.9979912869302943f,-0.0028678346873157643f,-0.06328638665164057f,0.7565102293013538f,-0.022386685714456594f,0.9504879230504135f,0.30995410053431127f,3.9788270402297705f,0.05926404908489519f,0.3107482641295329f,-0.9486428668506102f,2.034937103705422f,0f,0f,0f,1f], start_interpolation: 0, interpolation_duration: 1 }
$data merge entity $(bone_left_sad_pupil1) { transformation: [-0.9979912869302943f,-0.0028678346873157643f,-0.06328638665164057f,0.5985108681325454f,-0.022386685714456594f,0.9504879230504135f,0.30995410053431127f,4.052906412272447f,0.05926404908489519f,0.3107482641295329f,-0.9486428668506102f,2.121153467786464f,0f,0f,0f,1f], start_interpolation: 0, interpolation_duration: 1 }
$data merge entity $(bone_left_pupil1) { transformation: [-0.9979912869302943f,-0.0028678346873157643f,-0.06328638665164057f,0.5991288992521904f,-0.022386685714456594f,0.9504879230504135f,0.30995410053431127f,4.049879516759417f,0.05926404908489519f,0.3107482641295329f,-0.9486428668506102f,2.130417558283052f,0f,0f,0f,1f], start_interpolation: 0, interpolation_duration: 1 }
$data merge entity $(bone_eyelid_left1) { transformation: [-0.9979912869302943f,-0.0028678346873157643f,-0.06328638665164057f,0.19252832154816454f,-0.022386685714456594f,0.9504879230504135f,0.30995410053431127f,4.149423782661421f,0.05926404908489519f,0.3107482641295329f,-0.9486428668506102f,1.6650575628073694f,0f,0f,0f,1f], start_interpolation: 0, interpolation_duration: 1 }
$data merge entity $(bone_left_happy_pupil1) { transformation: [-0.9979912869302943f,-0.0028678346873157643f,-0.06328638665164057f,0.6229462162574917f,-0.022386685714456594f,0.9504879230504135f,0.30995410053431127f,4.030247994681115f,0.05926404908489519f,0.3107482641295329f,-0.9486428668506102f,2.1121200426346944f,0f,0f,0f,1f], start_interpolation: 0, interpolation_duration: 1 }
$data merge entity $(bone_eyelid_expressions_left5) { transformation: [-0.9979912869302943f,-0.0028678346873157643f,-0.06328638665164057f,0.710310217630069f,-0.022386685714456594f,0.9504879230504135f,0.30995410053431127f,4.148241635247001f,0.05926404908489519f,0.3107482641295329f,-0.9486428668506102f,2.1448443289228845f,0f,0f,0f,1f], start_interpolation: 0, interpolation_duration: 1 }
$data merge entity $(bone_eyelid_expressions_left7) { transformation: [-0.9979912869302943f,-0.0028678346873157643f,-0.06328638665164057f,0.41792995778720926f,-0.022386685714456594f,0.9504879230504135f,0.30995410053431127f,4.141683035916595f,0.05926404908489519f,0.3107482641295329f,-0.9486428668506102f,2.162206843303225f,0f,0f,0f,1f], start_interpolation: 0, interpolation_duration: 1 }
$data merge entity $(bone_eyelid_expressions_left6) { transformation: [-0.9979912869302943f,-0.0028678346873157643f,-0.06328638665164057f,0.5153900444014958f,-0.022386685714456594f,0.9504879230504135f,0.30995410053431127f,4.143869235693397f,0.05926404908489519f,0.3107482641295329f,-0.9486428668506102f,2.156419338509778f,0f,0f,0f,1f], start_interpolation: 0, interpolation_duration: 1 }
$data merge entity $(bone_left_eye1) { transformation: [-0.9979912869302943f,-0.0028678346873157643f,-0.06328638665164057f,0.20289236132923813f,-0.022386685714456594f,0.9504879230504135f,0.30995410053431127f,4.146615507126071f,0.05926404908489519f,0.3107482641295329f,-0.9486428668506102f,1.6737429028246127f,0f,0f,0f,1f], start_interpolation: 0, interpolation_duration: 1 }
$data merge entity $(bone_crest_middle5) { transformation: [-0.9979912869302943f,-0.016497536648725015f,-0.06116553356048402f,0.2256731609196304f,-0.022386685714456594f,0.9950439099480155f,0.09688371162423776f,5.163417928600498f,0.05926404908489519f,0.0980583936228322f,-0.993414477409189f,2.441457502928764f,0f,0f,0f,1f], start_interpolation: 0, interpolation_duration: 1 }
$data merge entity $(bone_crest_middle4) { transformation: [-0.9979912869302943f,-0.016497536648725015f,-0.06116553356048402f,0.23533968629974272f,-0.022386685714456594f,0.9950439099480155f,0.09688371162423776f,4.580384387615332f,0.05926404908489519f,0.0980583936228322f,-0.993414477409189f,2.384001412915386f,0f,0f,0f,1f], start_interpolation: 0, interpolation_duration: 1 }
$data merge entity $(bone_crest_middle1) { transformation: [-0.9979912869302943f,-0.016497536648725015f,-0.06116553356048402f,0.24706949692663072f,-0.022386685714456594f,0.9950439099480155f,0.09688371162423776f,4.13601322662782f,0.05926404908489519f,0.0980583936228322f,-0.993414477409189f,2.413669505266995f,0f,0f,0f,1f], start_interpolation: 0, interpolation_duration: 1 }
$data merge entity $(bone_crest_left5) { transformation: [-0.5338016203579021f,-0.8442847122129604f,0.04731970865037409f,-0.7257980814704728f,-0.8136617411157361f,0.5280656235848484f,0.2431075240144876f,4.5852397180405005f,-0.23023987740569013f,0.09126895371057836f,-0.9688444544614931f,2.4066155351986267f,0f,0f,0f,1f], start_interpolation: 0, interpolation_duration: 1 }
$data merge entity $(bone_crest_left4) { transformation: [-0.5338016203579021f,-0.8442847122129604f,0.04731970865037409f,-0.3135496868352381f,-0.8136617411157361f,0.5280656235848484f,0.2431075240144876f,4.327395175274461f,-0.23023987740569013f,0.09126895371057836f,-0.9688444544614931f,2.3620506163946335f,0f,0f,0f,1f], start_interpolation: 0, interpolation_duration: 1 }
$data merge entity $(bone_crest_left1) { transformation: [-0.5338016203579021f,-0.8442847122129604f,0.04731970865037409f,0.14223407991246403f,-0.8136617411157361f,0.5280656235848484f,0.2431075240144876f,4.055636662802837f,-0.23023987740569013f,0.09126895371057836f,-0.9688444544614931f,2.2657223475822383f,0f,0f,0f,1f], start_interpolation: 0, interpolation_duration: 1 }
$data merge entity $(bone_crest_center1) { transformation: [-0.9979912869302943f,-0.0028678346873157643f,-0.06328638665164057f,0.23976418112584805f,-0.022386685714456594f,0.9504879230504135f,0.30995410053431127f,4.034617888048268f,0.05926404908489519f,0.3107482641295329f,-0.9486428668506102f,2.2523483123553993f,0f,0f,0f,1f], start_interpolation: 0, interpolation_duration: 1 }
$data merge entity $(bone_crest_right5) { transformation: [-0.5386390348444774f,0.8247082421608023f,-0.1724073822486984f,1.1912206822243159f,0.7896050261826142f,0.5655040473652131f,0.23817866201806723f,4.628241793442936f,0.29392497813041235f,-0.007841410944598726f,-0.9557963274178415f,2.2927765712756805f,0f,0f,0f,1f], start_interpolation: 0, interpolation_duration: 1 }
$data merge entity $(bone_crest_right4) { transformation: [-0.5386390348444774f,0.8247082421608023f,-0.1724073822486984f,0.7885311108567366f,0.7896050261826142f,0.5655040473652131f,0.23817866201806723f,4.352116770315391f,0.29392497813041235f,-0.007841410944598726f,-0.9557963274178415f,2.2966053852134727f,0f,0f,0f,1f], start_interpolation: 0, interpolation_duration: 1 }
$data merge entity $(bone_crest_right1) { transformation: [-0.5386390348444774f,0.8247082421608023f,-0.1724073822486984f,0.33715425314103714f,0.7896050261826142f,0.5655040473652131f,0.23817866201806723f,4.060009062356442f,0.29392497813041235f,-0.007841410944598726f,-0.9557963274178415f,2.254147337995345f,0f,0f,0f,1f], start_interpolation: 0, interpolation_duration: 1 }
$data merge entity $(bone_head1) { transformation: [-0.9979912869302943f,-0.0028678346873157643f,-0.06328638665164057f,0.1690406807393587f,-0.022386685714456594f,0.9504879230504135f,0.30995410053431127f,4.266684217225046f,0.05926404908489519f,0.3107482641295329f,-0.9486428668506102f,1.1490446704278234f,0f,0f,0f,1f], start_interpolation: 0, interpolation_duration: 1 }
$data merge entity $(bone_neck10) { transformation: [-1.2953704693005408f,-0.005954710611342366f,-0.13191245441608654f,0.07683947015129976f,-0.043281571435397945f,1.2480466217908432f,0.36868325477975167f,4.154957049718366f,0.12475199310080574f,0.37116731833829847f,-1.2418102789715408f,0.15290465115911092f,0f,0f,0f,1f], start_interpolation: 0, interpolation_duration: 1 }
$data merge entity $(bone_neck9) { transformation: [-0.9948445204228153f,0.00004355183709440352f,-0.101411923795656f,0.08173593382469826f,-0.03324024686238562f,0.9446158583752476f,0.32649037672575f,2.939795785339353f,0.09580953070141882f,0.32817811963815f,-0.9397444629352926f,-0.21784176718349704f,0f,0f,0f,1f], start_interpolation: 0, interpolation_duration: 1 }
$data merge entity $(bone_neck8) { transformation: [-0.9952359105523937f,-0.045127837827702695f,-0.08642314851904147f,0.11477821158997f,-0.025460542698761725f,0.9759674017203885f,-0.2164241011177785f,2.31026466098049f,0.09411292744587356f,-0.21319265707840515f,-0.9724667849625594f,-0.0387308014110036f,0f,0f,0f,1f], start_interpolation: 0, interpolation_duration: 1 }
$data merge entity $(bone_neck7) { transformation: [-0.9966341225205071f,-0.03544488147660079f,-0.07391945755272132f,0.14534930723678005f,0f,0.9016964816740606f,-0.43236958141920756f,1.5840973607974376f,0.08197820337003517f,-0.43091427838229085f,-0.8986614817930556f,0.3329313701411216f,0f,0f,0f,1f], start_interpolation: 0, interpolation_duration: 1 }
$data merge entity $(bone_neck6) { transformation: [-0.9966341225205071f,-0.021217520315452754f,-0.07918486382789452f,0.16152548259067362f,0f,0.9659258262890684f,-0.25881904510252063f,0.8131947875089129f,0.08197820337003517f,-0.25794789190734624f,-0.9626746383035013f,0.5295900875418302f,0f,0f,0f,1f], start_interpolation: 0, interpolation_duration: 1 }
$data merge entity $(bone_neck_spine6) { transformation: [-1.0847120568762814f,0.16137970801078974f,0.14932521899177154f,-0.14167472324283664f,0.15696899344052354f,0.04206603779463677f,1.0947752559680413f,0.47878658782219014f,0.15395507878227702f,1.094133774190329f,-0.06411548495122239f,-1.7931313705709997f,0f,0f,0f,1f], start_interpolation: 0, interpolation_duration: 1 }
$data merge entity $(bone_neck_spine7) { transformation: [-0.9469067869320579f,-0.18334745312309017f,0.2641046161945725f,-0.1094373178304931f,0.1747123461780377f,0.3961408395848269f,0.9014144614471158f,0.34656205491286857f,-0.26989467011219703f,0.8996978085147838f,-0.3430753858829334f,-4.926339279270235f,0f,0f,0f,1f], start_interpolation: 0, interpolation_duration: 1 }
$data merge entity $(bone_tail6) { transformation: [-0.9142739978595787f,-0.6033166062067412f,1.020934087586985f,1.2430367262819377f,0.7447009636609154f,0.7111439146282111f,1.0871472251235312f,-1.4144078909947106f,-0.922885590549768f,1.171527928410787f,-0.13415953709357792f,-7.567329528160867f,0f,0f,0f,1f], start_interpolation: 0, interpolation_duration: 1 }
$data merge entity $(bone_tail5) { transformation: [-0.7552698243187825f,-0.49839197904035154f,0.8433803332240313f,0.9282628447827679f,0.6151877525894519f,0.5874667120841744f,0.898078142493352f,-1.0433762833626001f,-0.7623837487150258f,0.967783940861085f,-0.11082744368599916f,-6.95609756551176f,0f,0f,0f,1f], start_interpolation: 0, interpolation_duration: 1 }
$data merge entity $(bone_tail4) { transformation: [-0.6105760263966579f,-0.4029105683189368f,0.6818064167537431f,0.7708759040331832f,0.49733073051442006f,0.474920457769101f,0.7260252772998887f,-0.8578604795465451f,-0.6163270726454103f,0.782376912190856f,-0.08959523868510247f,-6.650481584187207f,0f,0f,0f,1f], start_interpolation: 0, interpolation_duration: 1 }
$data merge entity $(bone_segment18) { transformation: [-0.6105760263966579f,-0.4029105683189368f,0.6818064167537431f,0.5741422280962023f,0.49733073051442006f,0.474920457769101f,0.7260252772998887f,-0.6259657247764763f,-0.6163270726454103f,0.782376912190856f,-0.08959523868510247f,-6.268461607531516f,0f,0f,0f,1f], start_interpolation: 0, interpolation_duration: 1 }
$data merge entity $(bone_segment17) { transformation: [-0.6105760263966579f,-0.4029105683189368f,0.6818064167537431f,0.31838844937812727f,0.49733073051442006f,0.474920457769101f,0.7260252772998887f,-0.3245025435753867f,-0.6163270726454103f,0.782376912190856f,-0.08959523868510247f,-5.771835637879117f,0f,0f,0f,1f], start_interpolation: 0, interpolation_duration: 1 }
$data merge entity $(bone_segment16) { transformation: [-0.7971901461675716f,-0.5409298966989026f,0.26810952558728723f,-0.13062562503014147f,0.10999498274504974f,0.30652231589145224f,0.9454867390034916f,-0.07006507432955232f,-0.593623596754915f,0.7832234143064513f,-0.18485699515545212f,-5.12169901467552f,0f,0f,0f,1f], start_interpolation: 0, interpolation_duration: 1 }
$data merge entity $(bone_segment15) { transformation: [-0.9469067869320579f,-0.24545534472656405f,0.20765165688520226f,-0.3823132343689034f,0.1747123461780377f,0.14933943764947366f,0.9732283023296765f,0.08306618497899f,-0.26989467011219703f,0.9578357928725061f,-0.09852644790778654f,-4.13954317237461f,0f,0f,0f,1f], start_interpolation: 0, interpolation_duration: 1 }
$data merge entity $(bone_segment14) { transformation: [-0.9871779382382441f,-0.015792554782975636f,0.15884052842116916f,-0.39850677198816553f,0.1595932805562682f,-0.07823026549617636f,0.9840782541859595f,0.0028496041479498246f,-0.003114973030025864f,0.9968102230484118f,0.0797475778265254f,-3.1174233147566106f,0f,0f,0f,1f], start_interpolation: 0, interpolation_duration: 1 }
$data merge entity $(bone_segment13) { transformation: [-0.9800692466835106f,0.12016754640134233f,0.15818986218180128f,-0.27328254825018955f,0.1418261023086142f,-0.1343356397884549f,0.9807340580333553f,-0.1653996550153663f,0.1391029417703397f,0.9836227410315947f,0.1146153345601264f,-2.0635955135381945f,0f,0f,0f,1f], start_interpolation: 0, interpolation_duration: 1 }
$data merge entity $(bone_segment12) { transformation: [-0.9772831119408293f,0.16164131289484968f,0.13707590992175803f,-0.08385913470153755f,0.14222709858664434f,0.0206838484848329f,0.9896179216442482f,-0.14116077007220273f,0.15712788276710643f,0.9866327910512025f,-0.04320375075894062f,-0.9073852115250665f,0f,0f,0f,1f], start_interpolation: 0, interpolation_duration: 1 }
$data merge entity $(bone_segment11) { transformation: [-1.0219364922559342f,0.15236303558558148f,0.06308544282832956f,0.09634949251614056f,0.12260911934622873f,0.4372012912021677f,0.9302529208437682f,0.3636002260929667f,0.11027815542001886f,0.9258450184951944f,-0.44966453282291907f,0.16213194394417058f,0f,0f,0f,1f], start_interpolation: 0, interpolation_duration: 1 }
$data merge entity $(bone_segment10) { transformation: [-0.9968348296876179f,0.07126515328020039f,-0.03523634841477489f,0.1682107007833828f,0.04493129926169652f,0.8706685674711351f,0.48981366249260283f,1.1668231179033461f,0.06558582673347751f,0.4866801039139683f,-0.8711147890984146f,0.6108643323221717f,0f,0f,0f,1f], start_interpolation: 0, interpolation_duration: 1 }