# This file was generated by Animated Java via MC-Build. It is not recommended to edit this file directly.
$data merge entity $(bone_neck_spine5) { transformation: [-1.3639333412919918f,-0.04202829132411585f,-0.08438674894015824f,0.14221592464705157f,-0.049698482408963f,1.360490527851544f,0.12568709014343804f,3.7257166258839307f,0.08010968427449985f,0.12845546508753117f,-1.3587800749682917f,-0.6248160546440639f,0f,0f,0f,1f], start_interpolation: 0, interpolation_duration: 1 }
$data merge entity $(bone_neck_spine2) { transformation: [-1.2989841345638016f,-0.033353791852719826f,-0.08335916065449496f,0.09264346778182295f,-0.04733188800853618f,1.281666215328617f,0.22474966475439218f,4.9363030292362f,0.07629493740428556f,0.22724489872978357f,-1.2798280530884647f,0.9488411851996796f,0f,0f,0f,1f], start_interpolation: 0, interpolation_duration: 1 }
$data merge entity $(bone_scale_neck_left1) { transformation: [-1.3865114697069685f,0.35875270254287017f,-0.01848948868918f,0.7928166192999897f,0.3031269813728486f,1.2079842690898772f,0.7073524278589545f,4.194388645174112f,0.1927677253525214f,0.6808303183997897f,-1.24529920100064f,0.7430815050866797f,0f,0f,0f,1f], start_interpolation: 0, interpolation_duration: 1 }
$data merge entity $(bone_scale_neck_right1) { transformation: [-1.373877642025878f,-0.3633588138428509f,-0.17857775770489423f,-0.5711167219920019f,-0.4037089860486759f,1.1816722453216113f,0.7015191926261957f,4.14469016276515f,-0.0306381743539254f,0.7232430403689174f,-1.2358965269119255f,0.8231911893611796f,0f,0f,0f,1f], start_interpolation: 0, interpolation_duration: 1 }
$data merge entity $(bone_blush_right1) { transformation: [-0.9983577053840887f,-0.016292071224189696f,-0.054922313456768804f,-0.38939511859842296f,-0.0327094851141961f,0.949184269804798f,0.3130164716731321f,3.627637049021832f,0.047031709343610124f,0.3142988870014629f,-0.9481583348501765f,1.9435330193182765f,0f,0f,0f,1f], start_interpolation: 0, interpolation_duration: 1 }
$data merge entity $(bone_blush_left1) { transformation: [-0.9983577053840887f,-0.016292071224189696f,-0.054922313456768804f,0.761056143465273f,-0.0327094851141961f,0.949184269804798f,0.3130164716731321f,3.665329619758894f,0.047031709343610124f,0.3142988870014629f,-0.9481583348501765f,1.8893363230043507f,0f,0f,0f,1f], start_interpolation: 0, interpolation_duration: 1 }
$data merge entity $(bone_left_head_scales) { transformation: [-0.8601937979883153f,-0.016292071224189696f,-0.5097069729929775f,0.7416918085514533f,-0.17354858935876577f,0.949184269804798f,0.2625454419461801f,4.375146646428676f,0.4795284319349795f,0.3142988870014629f,-0.8193098880128452f,1.764305602555086f,0f,0f,0f,1f], start_interpolation: 0, interpolation_duration: 1 }
$data merge entity $(bone_left_head_scales2) { transformation: [-0.7863046104683548f,-0.016292071224189696f,-0.6176241802030061f,0.7624652499556204f,-0.20633291394038736f,0.949184269804798f,0.23764669276049527f,3.5877444134259333f,0.58236739965513f,0.3142988870014629f,-0.7497095580613624f,1.657649978166762f,0f,0f,0f,1f], start_interpolation: 0, interpolation_duration: 1 }
$data merge entity $(bone_left_head_scales1) { transformation: [-0.9983577053840887f,-0.016292071224189696f,-0.054922313456768804f,0.7432828311319406f,-0.0327094851141961f,0.949184269804798f,0.3130164716731321f,4.282452870080551f,0.047031709343610124f,0.3142988870014629f,-0.9481583348501765f,1.7336123518713495f,0f,0f,0f,1f], start_interpolation: 0, interpolation_duration: 1 }
$data merge entity $(bone_right_head_scales) { transformation: [-0.910914402136961f,-0.016292071224189696f,0.4122735989542496f,-0.4282586274455257f,0.11552125407081831f,0.949184269804798f,0.29275256072840417f,4.336815218560477f,-0.3960931605536364f,0.3142988870014629f,-0.8627435411478156f,1.8194208869421291f,0f,0f,0f,1f], start_interpolation: 0, interpolation_duration: 1 }
$data merge entity $(bone_right_head_scales2) { transformation: [-0.8493089001257318f,-0.016292071224189696f,0.5276447295126202f,-0.40748518604135864f,0.15274483074251918f,0.949184269804798f,0.27516947257385166f,3.5494129855577343f,-0.5053151579446822f,0.3142988870014629f,-0.8036621185429746f,1.712765262553805f,0f,0f,0f,1f], start_interpolation: 0, interpolation_duration: 1 }
$data merge entity $(bone_right_head_scales1) { transformation: [-0.9983577053840887f,-0.016292071224189696f,-0.054922313456768804f,-0.4266676048650384f,-0.0327094851141961f,0.949184269804798f,0.3130164716731321f,4.244121442212352f,0.047031709343610124f,0.3142988870014629f,-0.9481583348501765f,1.7887276362583926f,0f,0f,0f,1f], start_interpolation: 0, interpolation_duration: 1 }
$data merge entity $(bone_head_left_fin1) { transformation: [-0.659813958441882f,-0.012918547677628333f,-0.7513179429317232f,0.7452265475005839f,0.006077568475258144f,0.9997277569834793f,-0.022527207510255554f,3.957777418686392f,0.7514044206728379f,-0.019429952204841117f,-0.6595558153413812f,1.5490678657844348f,0f,0f,0f,1f], start_interpolation: 0, interpolation_duration: 1 }
$data merge entity $(bone_head_right_fin1) { transformation: [-0.7256497384781074f,-0.054284645471850176f,0.6859195538200167f,-0.4247238884963951f,-0.05146992026086267f,0.9983724674387244f,0.02456142440197001f,3.9194459908181933f,-0.686136505627703f,-0.017481233546543518f,-0.7272627462744781f,1.6041831501714778f,0f,0f,0f,1f], start_interpolation: 0, interpolation_duration: 1 }
$data merge entity $(bone_right_whisker16) { transformation: [0.2739078607937727f,0.9371769430357567f,-0.21604134150095836f,-0.8766162943027954f,0.9608901286664341f,-0.2761969389005216f,0.020134834823880732f,1.570360465768434f,-0.04080005424975255f,-0.21310708196616981f,-0.9761765860688735f,1.422845755889274f,0f,0f,0f,1f], start_interpolation: 0, interpolation_duration: 1 }
$data merge entity $(bone_right_whisker15) { transformation: [-0.8934071142822662f,0.39389067888476426f,-0.21604134150095836f,-0.6148759287904128f,0.39925536543676327f,0.9166186456736363f,0.020134834823880732f,1.4533911204256322f,0.20595844561413476f,-0.06826706007386038f,-0.9761765860688735f,1.3625063675257578f,0f,0f,0f,1f], start_interpolation: 0, interpolation_duration: 1 }
$data merge entity $(bone_right_whisker14) { transformation: [-0.7345563511791601f,-0.6432364306418171f,-0.21604134150095836f,-0.39967387278089317f,-0.6620060077854719f,0.749228025425208f,0.020134834823880732f,1.6473381930190323f,0.14891276841930043f,0.15781083680349195f,-0.9761765860688735f,1.3188795799029158f,0f,0f,0f,1f], start_interpolation: 0, interpolation_duration: 1 }
$data merge entity $(bone_right_whisker13) { transformation: [-0.08647017701791425f,-0.9961438610440327f,0.014843065410420627f,-0.3743408131076761f,-0.9719463534469664f,0.08762208141937695f,0.21827197911981308f,1.9320881012554483f,-0.21873087232403798f,0.004447353372907536f,-0.9757750901413406f,1.3829608901540988f,0f,0f,0f,1f], start_interpolation: 0, interpolation_duration: 1 }
$data merge entity $(bone_right_whisker12) { transformation: [0.09300443483880168f,-0.9951117945831035f,0.03320679722453043f,-0.410670670466583f,-0.9031817439447982f,-0.07028151667873733f,0.4234657551894473f,2.284893469983885f,-0.4190619435180766f,-0.06937596626305358f,-0.9053032987899247f,1.5466569618408474f,0f,0f,0f,1f], start_interpolation: 0, interpolation_duration: 1 }
$data merge entity $(bone_right_whisker11) { transformation: [0.29223019586072474f,-0.9544867509587973f,0.05963685832873879f,-0.5248230907246786f,-0.9500700702820948f,-0.28261338148732734f,0.1322744803749906f,2.6560145911878283f,-0.10940006481432232f,-0.09531379149114724f,-0.9894174583916556f,1.5893913621589422f,0f,0f,0f,1f], start_interpolation: 0, interpolation_duration: 1 }
$data merge entity $(bone_right_whisker10) { transformation: [0.049758561249098304f,-0.9843722340674053f,0.16892421489995485f,-0.5442600287126076f,-0.991313320006502f,-0.06929280450065219f,-0.11178733748560701f,3.0432463568153683f,0.12174558373964264f,-0.16189444722281476f,-0.9792692177324438f,1.5418344935106443f,0f,0f,0f,1f], start_interpolation: 0, interpolation_duration: 1 }
$data merge entity $(bone_right_whisker1) { transformation: [-0.3356141602007409f,-0.9313280897079831f,0.1413899741623537f,-0.41316074738419317f,-0.9232423379703447f,0.3550086787405282f,0.14694360618263164f,3.403887895085034f,-0.18704737595540694f,-0.08122085532536574f,-0.9789874625389297f,1.614899874743225f,0f,0f,0f,1f], start_interpolation: 0, interpolation_duration: 1 }
$data merge entity $(bone_left_whisker16) { transformation: [0.24255724992655736f,-0.8939026097502619f,0.3769669810338001f,1.2042142108937552f,-0.9664595581770544f,-0.2564510387692308f,0.013739982619901031f,1.5479213143491313f,0.08439136754596627f,-0.367656074335586f,-0.9261247799772269f,1.598474530390286f,0f,0f,0f,1f], start_interpolation: 0, interpolation_duration: 1 }
$data merge entity $(bone_left_whisker15) { transformation: [-0.8545950747772548f,-0.3571598428949166f,0.3769669810338001f,0.9538445600801064f,-0.3804053506452538f,0.9247177850988193f,0.013739982619901031f,1.4364744342772795f,-0.3534954417908666f,-0.13165813512735297f,-0.9261247799772269f,1.4949114126781182f,0f,0f,0f,1f], start_interpolation: 0, interpolation_duration: 1 }
$data merge entity $(bone_left_whisker14) { transformation: [-0.6848642318269758f,0.6235838990659635f,0.3769669810338001f,0.7532007421620471f,0.6773126813997851f,0.7355669544593734f,0.013739982619901031f,1.6349058839061228f,-0.2687164222355601f,0.26473453936547925f,-0.9261247799772269f,1.416185898351294f,0f,0f,0f,1f], start_interpolation: 0, interpolation_duration: 1 }
$data merge entity $(bone_left_whisker13) { transformation: [-0.10107305502516309f,0.9829538623617438f,0.15357715330090993f,0.7235894955726438f,0.9739687723662254f,0.06627999066369329f,0.21677590570229105f,1.9202482976852904f,0.20290162149009097f,0.1714895545091638f,-0.9640654877605253f,1.4756297327722192f,0f,0f,0f,1f], start_interpolation: 0, interpolation_duration: 1 }
$data merge entity $(bone_left_whisker12) { transformation: [0.04077486883117779f,0.9909278005882072f,0.12806054854333332f,0.7395171787098227f,0.9017391016708012f,-0.09169846682892299f,0.4224428762556678f,2.272490134275447f,0.43035334620487914f,0.09825215113494494f,-0.8972973376800014f,1.6437365086335f,0f,0f,0f,1f], start_interpolation: 0, interpolation_duration: 1 }
$data merge entity $(bone_left_whisker11) { transformation: [0.2900376640425536f,0.9506872442235734f,0.10987227633633197f,0.8528131412264451f,0.9437910405185779f,-0.3031582974001097f,0.13173275429568274f,2.6411585094780166f,0.15854534138094029f,0.06548900967379986f,-0.9851774278465505f,1.70566828261043f,0f,0f,0f,1f], start_interpolation: 0, interpolation_duration: 1 }
$data merge entity $(bone_left_whisker10) { transformation: [0.09067338898256906f,0.9958692570891364f,-0.0047706724000014765f,0.8882324337977612f,0.9897989372696635f,-0.09064722935932211f,-0.10991425562374993f,3.027798719348979f,-0.10989267632677036f,0.005244291583318553f,-0.9939296238142458f,1.6627414559202853f,0f,0f,0f,1f], start_interpolation: 0, interpolation_duration: 1 }
$data merge entity $(bone_left_whisker1) { transformation: [-0.34236821114691113f,0.9391527012952706f,0.0278605751171994f,0.754494851318499f,0.9305535288877669f,0.3348378855925995f,0.1481678785918234f,3.391296191570763f,0.1298234873610637f,0.07665372803506773f,-0.9885697082693445f,1.7134537556707008f,0f,0f,0f,1f], start_interpolation: 0, interpolation_duration: 1 }
$data merge entity $(bone_upper_left_tooth1) { transformation: [-0.9983577053840887f,-0.021016869997215255f,-0.05329336990412401f,0.48857450296931865f,-0.0327094851141961f,0.9728535201725478f,0.2290984894569285f,3.528618830636956f,0.047031709343610124f,0.23046544093074406f,-0.9719432590706186f,2.550839286592891f,0f,0f,0f,1f], start_interpolation: 0, interpolation_duration: 1 }
$data merge entity $(bone_upper_right_tooth1) { transformation: [-0.9983577053840887f,-0.021016869997215255f,-0.05329336990412401f,-0.09640071502917086f,-0.0327094851141961f,0.9728535201725478f,0.2290984894569285f,3.509453116702857f,0.047031709343610124f,0.23046544093074406f,-0.9719432590706186f,2.578396928786413f,0f,0f,0f,1f], start_interpolation: 0, interpolation_duration: 1 }
$data merge entity $(bone_top_lip1) { transformation: [-0.9983577053840887f,-0.04136302999878745f,-0.039635739548254265f,0.21820350179172843f,-0.0327094851141961f,0.9795806605989092f,-0.198372929010409f,3.6243403045428266f,0.047031709343610124f,-0.1967506775844089f,-0.9793248639681799f,2.5882268876883283f,0f,0f,0f,1f], start_interpolation: 0, interpolation_duration: 1 }
$data merge entity $(bone_muzzle1) { transformation: [-0.9983577053840887f,-0.021016869997215255f,-0.05329336990412401f,0.18910270545223207f,-0.0327094851141961f,0.9728535201725478f,0.2290984894569285f,3.878712641216993f,0.047031709343610124f,0.23046544093074406f,-0.9719432590706186f,2.1474048042940925f,0f,0f,0f,1f], start_interpolation: 0, interpolation_duration: 1 }
$data merge entity $(bone_jaw_right_tooth1) { transformation: [-0.9983577053840887f,-0.047690658759807145f,-0.03174103286399589f,-0.09264393225957857f,-0.0327094851141961f,0.9294059510832435f,-0.36760667523130675f,3.417548551435779f,0.047031709343610124f,-0.36596472392582735f,-0.9294395295865733f,2.5942258668866107f,0f,0f,0f,1f], start_interpolation: 0, interpolation_duration: 1 }
$data merge entity $(bone_jaw_left_tooth1) { transformation: [-0.9983577053840887f,-0.047690658759807145f,-0.03174103286399589f,0.5410792205721184f,-0.0327094851141961f,0.9294059510832435f,-0.36760667523130675f,3.4383114081977197f,0.047031709343610124f,-0.36596472392582735f,-0.9294395295865733f,2.5643717545102955f,0f,0f,0f,1f], start_interpolation: 0, interpolation_duration: 1 }
$data merge entity $(bone_tongue1) { transformation: [-0.9983577053840887f,-0.03305484566481295f,-0.04678962789222664f,0.19154961795093678f,-0.0327094851141961f,0.9994318524137389f,-0.008127851155525473f,3.4097530533294274f,0.047031709343610124f,-0.0065840381922945f,-0.9988716978457743f,1.8731954912226858f,0f,0f,0f,1f], start_interpolation: 0, interpolation_duration: 1 }
$data merge entity $(bone_jaw_lips1) { transformation: [-0.9983577053840887f,-0.03305484566481295f,-0.04678962789222664f,0.28056415335805457f,-0.0327094851141961f,0.9994318524137389f,-0.008127851155525473f,3.3054595103321063f,0.047031709343610124f,-0.0065840381922945f,-0.9988716978457743f,2.652006951276065f,0f,0f,0f,1f], start_interpolation: 0, interpolation_duration: 1 }
$data merge entity $(bone_jaw3) { transformation: [-0.9983577053840887f,-0.04145435797881862f,-0.03954021123845438f,0.25270958414227573f,-0.0327094851141961f,0.9791204155745787f,-0.20063225410842633f,3.077002334772177f,0.047031709343610124f,-0.19900941688680968f,-0.9788683620929781f,1.9018419906072586f,0f,0f,0f,1f], start_interpolation: 0, interpolation_duration: 1 }
$data merge entity $(bone_jaw1) { transformation: [-0.9983577053840887f,-0.001353506140297677f,-0.05727180913281694f,0.20796598325726248f,-0.0327094851141961f,0.834211112855786f,0.5504742580461645f,3.507060348870743f,0.047031709343610124f,0.55144354852427f,-0.8328853649255574f,1.2511502992591668f,0f,0f,0f,1f], start_interpolation: 0, interpolation_duration: 1 }
$data merge entity $(bone_tear_right1) { transformation: [-0.9983577053840887f,-0.016292071224189696f,-0.054922313456768804f,-0.3413886063407597f,-0.0327094851141961f,0.949184269804798f,0.3130164716731321f,3.9261511957374635f,0.047031709343610124f,0.3142988870014629f,-0.9481583348501765f,2.1319971551775025f,0f,0f,0f,1f], start_interpolation: 0, interpolation_duration: 1 }
$data merge entity $(bone_right_pupil1) { transformation: [-0.9983577053840887f,-0.016292071224189696f,-0.054922313456768804f,-0.17889365165433768f,-0.0327094851141961f,0.949184269804798f,0.3130164716731321f,4.005774724308654f,0.047031709343610124f,0.3142988870014629f,-0.9481583348501765f,2.2106682213880573f,0f,0f,0f,1f], start_interpolation: 0, interpolation_duration: 1 }
$data merge entity $(bone_right_sad_pupil1) { transformation: [-0.9983577053840887f,-0.016292071224189696f,-0.054922313456768804f,-0.179430002371689f,-0.0327094851141961f,0.949184269804798f,0.3130164716731321f,4.008831525789837f,0.047031709343610124f,0.3142988870014629f,-0.9481583348501765f,2.201408862649286f,0f,0f,0f,1f], start_interpolation: 0, interpolation_duration: 1 }
$data merge entity $(bone_right_happy_pupil1) { transformation: [-0.9983577053840887f,-0.016292071224189696f,-0.054922313456768804f,-0.20340590724766022f,-0.0327094851141961f,0.949184269804798f,0.3130164716731321f,3.9848598171306833f,0.047031709343610124f,0.3142988870014629f,-0.9481583348501765f,2.194883868590742f,0f,0f,0f,1f], start_interpolation: 0, interpolation_duration: 1 }
$data merge entity $(bone_eyelid_right1) { transformation: [-0.9983577053840887f,-0.016292071224189696f,-0.054922313456768804f,0.16990738325347213f,-0.0327094851141961f,0.949184269804798f,0.3130164716731321f,4.127622721671016f,0.047031709343610124f,0.3142988870014629f,-0.9481583348501765f,1.7054114652639363f,0f,0f,0f,1f], start_interpolation: 0, interpolation_duration: 1 }
$data merge entity $(bone_eyelid_expressions_right5) { transformation: [-0.9983577053840887f,-0.016292071224189696f,-0.054922313456768804f,-0.29314096308177046f,-0.0327094851141961f,0.949184269804798f,0.3130164716731321f,4.09785188385564f,0.047031709343610124f,0.3142988870014629f,-0.9481583348501765f,2.2373839800560384f,0f,0f,0f,1f], start_interpolation: 0, interpolation_duration: 1 }
$data merge entity $(bone_eyelid_expressions_right7) { transformation: [-0.9983577053840887f,-0.016292071224189696f,-0.054922313456768804f,-0.0006533540825256617f,-0.0327094851141961f,0.949184269804798f,0.3130164716731321f,4.107434740822689f,0.047031709343610124f,0.3142988870014629f,-0.9481583348501765f,2.223605158959278f,0f,0f,0f,1f], start_interpolation: 0, interpolation_duration: 1 }
$data merge entity $(bone_eyelid_expressions_right6) { transformation: [-0.9983577053840887f,-0.016292071224189696f,-0.054922313456768804f,-0.09814922374894058f,-0.0327094851141961f,0.949184269804798f,0.3130164716731321f,4.104240455167006f,0.047031709343610124f,0.3142988870014629f,-0.9481583348501765f,2.2281980993248647f,0f,0f,0f,1f], start_interpolation: 0, interpolation_duration: 1 }
$data merge entity $(bone_right_eye1) { transformation: [-0.9983577053840887f,-0.016292071224189696f,-0.054922313456768804f,0.1606941470041819f,-0.0327094851141961f,0.949184269804798f,0.3130164716731321f,4.124246491624264f,0.047031709343610124f,0.3142988870014629f,-0.9481583348501765f,1.7151301180392662f,0f,0f,0f,1f], start_interpolation: 0, interpolation_duration: 1 }
$data merge entity $(bone_tear_left1) { transformation: [-0.9983577053840887f,-0.016292071224189696f,-0.054922313456768804f,0.7115667860565216f,-0.0327094851141961f,0.949184269804798f,0.3130164716731321f,3.960649480818842f,0.047031709343610124f,0.3142988870014629f,-0.9481583348501765f,2.0823933992291637f,0f,0f,0f,1f], start_interpolation: 0, interpolation_duration: 1 }
$data merge entity $(bone_left_sad_pupil1) { transformation: [-0.9983577053840887f,-0.016292071224189696f,-0.054922313456768804f,0.5517890201264228f,-0.0327094851141961f,0.949184269804798f,0.3130164716731321f,4.032788668207461f,0.047031709343610124f,0.3142988870014629f,-0.9481583348501765f,2.1669618099073844f,0f,0f,0f,1f], start_interpolation: 0, interpolation_duration: 1 }
$data merge entity $(bone_left_pupil1) { transformation: [-0.9983577053840887f,-0.016292071224189696f,-0.054922313456768804f,0.5523253708437742f,-0.0327094851141961f,0.949184269804798f,0.3130164716731321f,4.029731866726278f,0.047031709343610124f,0.3142988870014629f,-0.9481583348501765f,2.1762211686461557f,0f,0f,0f,1f], start_interpolation: 0, interpolation_duration: 1 }
$data merge entity $(bone_eyelid_left1) { transformation: [-0.9983577053840887f,-0.016292071224189696f,-0.054922313456768804f,0.15040820932018914f,-0.0327094851141961f,0.949184269804798f,0.3130164716731321f,4.126983864539879f,0.047031709343610124f,0.3142988870014629f,-0.9481583348501765f,1.7063300533370536f,0f,0f,0f,1f], start_interpolation: 0, interpolation_duration: 1 }
$data merge entity $(bone_left_happy_pupil1) { transformation: [-0.9983577053840887f,-0.016292071224189696f,-0.054922313456768804f,0.5765610500836591f,-0.0327094851141961f,0.949184269804798f,0.3130164716731321f,4.010414102376149f,0.047031709343610124f,0.3142988870014629f,-0.9481583348501765f,2.1581403456660464f,0f,0f,0f,1f], start_interpolation: 0, interpolation_duration: 1 }
$data merge entity $(bone_eyelid_expressions_left5) { transformation: [-0.9983577053840887f,-0.016292071224189696f,-0.054922313456768804f,0.6623185596490957f,-0.0327094851141961f,0.949184269804798f,0.3130164716731321f,4.129155883281336f,0.047031709343610124f,0.3142988870014629f,-0.9481583348501765f,2.1923731644732865f,0f,0f,0f,1f], start_interpolation: 0, interpolation_duration: 1 }
$data merge entity $(bone_eyelid_expressions_left7) { transformation: [-0.9983577053840887f,-0.016292071224189696f,-0.054922313456768804f,0.36983095064985094f,-0.0327094851141961f,0.949184269804798f,0.3130164716731321f,4.119573026314287f,0.047031709343610124f,0.3142988870014629f,-0.9481583348501765f,2.206151985570047f,0f,0f,0f,1f], start_interpolation: 0, interpolation_duration: 1 }
$data merge entity $(bone_eyelid_expressions_left6) { transformation: [-0.9983577053840887f,-0.016292071224189696f,-0.054922313456768804f,0.4673268203162659f,-0.0327094851141961f,0.949184269804798f,0.3130164716731321f,4.1227673119699695f,0.047031709343610124f,0.3142988870014629f,-0.9481583348501765f,2.20155904520446f,0f,0f,0f,1f], start_interpolation: 0, interpolation_duration: 1 }
$data merge entity $(bone_left_eye1) { transformation: [-0.9983577053840887f,-0.016292071224189696f,-0.054922313456768804f,0.1606941470041819f,-0.0327094851141961f,0.949184269804798f,0.3130164716731321f,4.124246491624264f,0.047031709343610124f,0.3142988870014629f,-0.9481583348501765f,1.7151301180392662f,0f,0f,0f,1f], start_interpolation: 0, interpolation_duration: 1 }
$data merge entity $(bone_crest_middle5) { transformation: [-0.9983577053840887f,-0.027793248405060478f,-0.050094185723617075f,0.16383182552729517f,-0.0327094851141961f,0.9944339769166737f,0.10015565454457809f,5.138208507464025f,0.047031709343610124f,0.10162972447460067f,-0.9937099261954843f,2.4869222025846867f,0f,0f,0f,1f], start_interpolation: 0, interpolation_duration: 1 }
$data merge entity $(bone_crest_middle4) { transformation: [-0.9983577053840887f,-0.027793248405060478f,-0.050094185723617075f,0.1801169320146353f,-0.0327094851141961f,0.9944339769166737f,0.10015565454457809f,4.5555323491144115f,0.047031709343610124f,0.10162972447460067f,-0.9937099261954843f,2.4273735359003505f,0f,0f,0f,1f], start_interpolation: 0, interpolation_duration: 1 }
$data merge entity $(bone_crest_middle1) { transformation: [-0.9983577053840887f,-0.027793248405060478f,-0.050094185723617075f,0.1959997852780024f,-0.0327094851141961f,0.9944339769166737f,0.10015565454457809f,4.11118957982422f,0.047031709343610124f,0.10162972447460067f,-0.9937099261954843f,2.4554938351564712f,0f,0f,0f,1f], start_interpolation: 0, interpolation_duration: 1 }
$data merge entity $(bone_crest_left5) { transformation: [-0.5226766105878488f,-0.8506505021594776f,0.056594027248709614f,-0.7812241325042688f,-0.8181086871946006f,0.5191392050188695f,0.24737150553186876f,4.550579680548483f,-0.2398068737153412f,0.08299523473191309f,-0.9672664856856505f,2.4383101779000125f,0f,0f,0f,1f], start_interpolation: 0, interpolation_duration: 1 }
$data merge entity $(bone_crest_left4) { transformation: [-0.5226766105878488f,-0.8506505021594776f,0.056594027248709614f,-0.3658674419967114f,-0.8181086871946006f,0.5191392050188695f,0.24737150553186876f,4.297093740597863f,-0.2398068737153412f,0.08299523473191309f,-0.9672664856856505f,2.3977851609410705f,0f,0f,0f,1f], start_interpolation: 0, interpolation_duration: 1 }
$data merge entity $(bone_crest_left1) { transformation: [-0.5226766105878488f,-0.8506505021594776f,0.056594027248709614f,0.09378829779835515f,-0.8181086871946006f,0.5191392050188695f,0.24737150553186876f,4.03033789344573f,-0.2398068737153412f,0.08299523473191309f,-0.9672664856856505f,2.3059778334148646f,0f,0f,0f,1f], start_interpolation: 0, interpolation_duration: 1 }
$data merge entity $(bone_crest_center1) { transformation: [-0.9983577053840887f,-0.016292071224189696f,-0.054922313456768804f,0.19168191801861964f,-0.0327094851141961f,0.949184269804798f,0.3130164716731321f,4.010359031634467f,0.047031709343610124f,0.3142988870014629f,-0.9481583348501765f,2.293711678596746f,0f,0f,0f,1f], start_interpolation: 0, interpolation_duration: 1 }
$data merge entity $(bone_crest_right5) { transformation: [-0.5501577975979605f,0.8189552329326587f,-0.1632137377624101f,1.1364984760642047f,0.782959100112433f,0.5738409853968376f,0.24016987952263208f,4.61341058652521f,0.29034711173574795f,0.004341650723095419f,-0.9569115449066896f,2.3479680371608245f,0f,0f,0f,1f], start_interpolation: 0, interpolation_duration: 1 }
$data merge entity $(bone_crest_right4) { transformation: [-0.5501577975979605f,0.8189552329326587f,-0.1632137377624101f,0.7366179912338049f,0.782959100112433f,0.5738409853968376f,0.24016987952263208f,4.3332147928744105f,0.29034711173574795f,0.004341650723095419f,-0.9569115449066896f,2.3458480905186883f,0f,0f,0f,1f], start_interpolation: 0, interpolation_duration: 1 }
$data merge entity $(bone_crest_right1) { transformation: [-0.5501577975979605f,0.8189552329326587f,-0.1632137377624101f,0.288780037131185f,0.782959100112433f,0.5738409853968376f,0.24016987952263208f,4.036726464757097f,0.29034711173574795f,0.004341650723095419f,-0.9569115449066896f,2.2967919526836913f,0f,0f,0f,1f], start_interpolation: 0, interpolation_duration: 1 }
$data merge entity $(bone_head1) { transformation: [-0.9983577053840887f,-0.016292071224189696f,-0.054922313456768804f,0.13199036884010634f,-0.0327094851141961f,0.949184269804798f,0.3130164716731321f,4.246023684915263f,0.047031709343610124f,0.3142988870014629f,-0.9481583348501765f,1.1905187620649789f,0f,0f,0f,1f], start_interpolation: 0, interpolation_duration: 1 }
$data merge entity $(bone_neck10) { transformation: [-1.2989841345638016f,-0.02218789171281997f,-0.08699955492596864f,0.07665955346919968f,-0.04733188800853618f,1.241365665240853f,0.39011791100015775f,4.15157299693062f,0.07629493740428556f,0.3923518695850952f,-1.2392175353439767f,0.1898707072568669f,0f,0f,0f,1f], start_interpolation: 0, interpolation_duration: 1 }
$data merge entity $(bone_neck9) { transformation: [-0.9976198153449997f,-0.0137181727047434f,-0.06757599994563197f,0.09737481178311377f,-0.03635088999055579f,0.9374008500083668f,0.3463499086191396f,2.9446017074366413f,0.058594511926491316f,0.34798197962140875f,-0.9356683306764537f,-0.20621636010056366f,0f,0f,0f,1f], start_interpolation: 0, interpolation_duration: 1 }
$data merge entity $(bone_neck8) { transformation: [-0.9979066872092178f,-0.040999616886684416f,-0.05001274875738808f,0.12623175308592055f,-0.030005155106540945f,0.9786047478694408f,-0.20354959620304056f,2.312820409644724f,0.057288168849745434f,-0.20162286294598022f,-0.977786421897599f,-0.034455958915035556f,0f,0f,0f,1f], start_interpolation: 0, interpolation_duration: 1 }
$data merge entity $(bone_neck7) { transformation: [-0.9990693163914895f,-0.01844220971146196f,-0.038992126718098596f,0.14214994049504082f,0f,0.9039865400583819f,-0.42756091424880727f,1.584677210434302f,0.04313352576641284f,-0.4271629903142761f,-0.9031452146032353f,0.3342450069912811f,0f,0f,0f,1f], start_interpolation: 0, interpolation_duration: 1 }
$data merge entity $(bone_neck6) { transformation: [-0.9990693163914895f,-0.011163777950767947f,-0.04166378651668314f,0.15066117211205646f,0f,0.9659258262890684f,-0.25881904510252074f,0.8137746371457775f,0.04313352576641284f,-0.2585781664596735f,-0.9650268549555041f,0.5313842438649519f,0f,0f,0f,1f], start_interpolation: 0, interpolation_duration: 1 }
$data merge entity $(bone_neck_spine6) { transformation: [-1.0701438781639228f,0.22436866715460263f,0.17144228983803128f,-0.07757408874670113f,0.17759037262140973f,0.012348032628769129f,1.0923602259143954f,0.5087810787334295f,0.21953454647920276f,1.0837194769896992f,-0.047941168245098066f,-1.8017424349085527f,0f,0f,0f,1f], start_interpolation: 0, interpolation_duration: 1 }
$data merge entity $(bone_neck_spine7) { transformation: [-0.9768979722651406f,-0.017619220494498086f,0.21297867229706988f,-0.3952858361895786f,0.1915763084788495f,0.36944123328908773f,0.9092918635814654f,0.4667751398577039f,-0.09470411719599689f,0.9290870455533239f,-0.35753096645063187f,-4.94731325585347f,0f,0f,0f,1f], start_interpolation: 0, interpolation_duration: 1 }
$data merge entity $(bone_tail6) { transformation: [-1.0570386946695125f,-0.36530299556547785f,0.9956993527598019f,0.4207863507198871f,0.7714511736448333f,0.6998757508430244f,1.0757468576519054f,-1.2656733446467863f,-0.72782316968987f,1.2723686323140904f,-0.30585254429183634f,-7.823389835748699f,0f,0f,0f,1f], start_interpolation: 0, interpolation_duration: 1 }
$data merge entity $(bone_tail5) { transformation: [-0.8732058782052495f,-0.30177203981496f,0.8225342479320104f,0.23019348346833324f,0.6372857521413842f,0.5781582289572812f,0.8886604476254871f,-0.9005207789895557f,-0.6012452271351101f,1.0510871310420749f,-0.25266079745847353f,-7.159545331932652f,0f,0f,0f,1f], start_interpolation: 0, interpolation_duration: 1 }
$data merge entity $(bone_tail4) { transformation: [-0.7059180152227701f,-0.2439588700819887f,0.66495400253872f,0.1348970498425564f,0.5151952185732452f,0.46739528404125463f,0.7184118145014464f,-0.7179444961609407f,-0.4860592994102784f,0.8497209648845404f,-0.20425630784011334f,-6.827623080024628f,0f,0f,0f,1f], start_interpolation: 0, interpolation_duration: 1 }
$data merge entity $(bone_segment18) { transformation: [-0.7059180152227701f,-0.2439588700819887f,0.66495400253872f,0.015776507810335377f,0.5151952185732452f,0.46739528404125463f,0.7184118145014464f,-0.4897241426251719f,-0.4860592994102784f,0.8497209648845404f,-0.20425630784011334f,-6.4127202651395985f,0f,0f,0f,1f], start_interpolation: 0, interpolation_duration: 1 }
$data merge entity $(bone_segment17) { transformation: [-0.7059180152227701f,-0.2439588700819887f,0.66495400253872f,-0.13908019683155198f,0.5151952185732452f,0.46739528404125463f,0.7184118145014464f,-0.19303768302867236f,-0.4860592994102784f,0.8497209648845404f,-0.20425630784011334f,-5.87334660578906f,0f,0f,0f,1f], start_interpolation: 0, interpolation_duration: 1 }
$data merge entity $(bone_segment16) { transformation: [-0.8894744633805852f,-0.38209845835861295f,0.250670993762324f,-0.45625176871126f,0.1367604251605367f,0.30082337377689894f,0.9438230151354613f,0.05666921903223007f,-0.43604101309822796f,0.8737883415962103f,-0.21531876134423497f,-5.148034017550018f,0f,0f,0f,1f], start_interpolation: 0, interpolation_duration: 1 }
$data merge entity $(bone_segment15) { transformation: [-0.9768979722651406f,-0.07214179670584767f,0.20116141019665917f,-0.5302252907240921f,0.1915763084788495f,0.12151077667836808f,0.973926921889233f,0.18126523027469735f,-0.09470411719599689f,0.9899649955018974f,-0.10488297224552229f,-4.132933192084206f,0f,0f,0f,1f], start_interpolation: 0, interpolation_duration: 1 }
$data merge entity $(bone_segment14) { transformation: [-0.9771825543191569f,0.10686962833632076f,0.18355690690776083f,-0.4206421757307945f,0.17210075554107757f,-0.10809706469221125f,0.979130407324335f,0.07042351354928547f,0.12448126556425243f,0.9883794348043591f,0.0872382220092631f,-3.1194581856930172f,0f,0f,0f,1f], start_interpolation: 0, interpolation_duration: 1 }
$data merge entity $(bone_segment13) { transformation: [-0.9669064687410501f,0.17274521154992045f,0.1877524236682066f,-0.23965977124448307f,0.16045812490969724f,-0.16039989397258075f,0.9739225144558723f,-0.12565816084136983f,0.19835591964238553f,0.9718183811289833f,0.1273733223350376f,-2.078622319537774f,0f,0f,0f,1f], start_interpolation: 0, interpolation_duration: 1 }
$data merge entity $(bone_segment12) { transformation: [-0.9735291506678204f,0.16488088150020846f,0.15828862156107856f,-0.04643998823642621f,0.16054962746220758f,0.0003911290645655652f,0.9870276916783041f,-0.12519980646883205f,0.1626800845885522f,0.9863134095883361f,-0.026852339646526946f,-0.9227862926764423f,0f,0f,0f,1f], start_interpolation: 0, interpolation_duration: 1 }
$data merge entity $(bone_segment11) { transformation: [-1.0240927138424207f,0.12725162198855744f,0.0811763516685098f,0.10542495757820662f,0.12702110555170995f,0.4258312181575472f,0.934923459060122f,0.3663205796614599f,0.08153658144262395f,0.9348921115603678f,-0.43689470990492624f,0.15724917387738757f,0f,0f,0f,1f], start_interpolation: 0, interpolation_duration: 1 }
$data merge entity $(bone_segment10) { transformation: [-0.9988869751182854f,0.04651379665394225f,-0.00782800484655561f,0.15417865626412697f,0.03655512722776591f,0.8682825997951192f,0.4947211836644867f,1.1674029675402107f,0.029808280936743658f,0.4938843929644513f,-0.8690164974117185f,0.6128570756074346f,0f,0f,0f,1f], start_interpolation: 0, interpolation_duration: 1 }