# This file was generated by Animated Java via MC-Build. It is not recommended to edit this file directly.
$data merge entity $(bone_neck_spine5) { transformation: [-1.36034297378995f,0.016744712877795744f,0.13560334954272252f,0.06537867666263147f,0.04630662818113527f,1.3330799909695865f,0.29992514736059134f,3.771093873446865f,-0.12854707310187843f,0.3030165217004156f,-1.3269733598417761f,-0.43054856210087433f,0f,0f,0f,1f], start_interpolation: 0, interpolation_duration: 1 }
$data merge entity $(bone_neck_spine2) { transformation: [-1.2955647369428094f,0.018287781655882407f,0.12883546241955335f,-0.1494680618086375f,0.04410155064870025f,1.2745733660594132f,0.26256198259992236f,4.858097336705602f,-0.12242578390655087f,0.2656111792047325f,-1.2688118993218742f,1.1959864260837456f,0f,0f,0f,1f], start_interpolation: 0, interpolation_duration: 1 }
$data merge entity $(bone_scale_neck_left1) { transformation: [-1.3761870226028907f,0.3304898383701454f,0.2198753373078547f,0.5225951725606689f,0.39686948702629876f,1.1614506199689392f,0.7382320001490233f,4.073304318479061f,-0.007956600382720568f,0.7702391463114685f,-1.207529613882205f,1.0716989814352411f,0f,0f,0f,1f], start_interpolation: 0, interpolation_duration: 1 }
$data merge entity $(bone_scale_neck_right1) { transformation: [-1.3769357432905267f,-0.38972081846269935f,0.06020847870944698f,-0.8377478012292808f,-0.30315206817415374f,1.1859668836911197f,0.7436671249641775f,4.119610946660196f,-0.252202697871128f,0.7021820653132033f,-1.2226175054945785f,0.9431519083333628f,0f,0f,0f,1f], start_interpolation: 0, interpolation_duration: 1 }
$data merge entity $(bone_blush_right1) { transformation: [-0.9980877345718019f,0.0061300236576266424f,0.061508510852442626f,-0.8252008954076542f,0.021312417553090532f,0.9681807961053157f,0.24934258944456328f,3.6230731060958203f,-0.05802288303222128f,0.25017667529734705f,-0.9664600230644798f,2.146304650390063f,0f,0f,0f,1f], start_interpolation: 0, interpolation_duration: 1 }
$data merge entity $(bone_blush_left1) { transformation: [-0.9980877345718019f,0.0061300236576266424f,0.061508510852442626f,0.3249392674778206f,0.021312417553090532f,0.9681807961053157f,0.24934258944456328f,3.5985138749311263f,-0.05802288303222128f,0.25017667529734705f,-0.9664600230644798f,2.213166957009224f,0f,0f,0f,1f], start_interpolation: 0, interpolation_duration: 1 }
$data merge entity $(bone_left_head_scales) { transformation: [-0.9137161026157652f,0.0061300236576266424f,-0.4063069118666493f,0.359600763104315f,-0.09622924964565051f,0.9681807961053157f,0.2310105572598629f,4.298098151882808f,0.3947946495753093f,0.25017667529734705f,-0.8840524960678943f,2.0422041246860116f,0f,0f,0f,1f], start_interpolation: 0, interpolation_duration: 1 }
$data merge entity $(bone_left_head_scales2) { transformation: [-0.8528654406142638f,0.0061300236576266424f,-0.5220947835554329f,0.3458016463523934f,-0.12555892347679984f,0.9681807961053157f,0.21647379238195194f,3.5051821115498614f,0.506809132653689f,0.25017667529734705f,-0.8249582620932898f,1.988324889551045f,0f,0f,0f,1f], start_interpolation: 0, interpolation_duration: 1 }
$data merge entity $(bone_left_head_scales1) { transformation: [-0.9980877345718019f,0.0061300236576266424f,0.061508510852442626f,0.3590021279814999f,0.021312417553090532f,0.9681807961053157f,0.24934258944456328f,4.203549246013148f,-0.05802288303222128f,0.25017667529734705f,-0.9664600230644798f,2.017772808739005f,0f,0f,0f,1f], start_interpolation: 0, interpolation_duration: 1 }
$data merge entity $(bone_right_head_scales) { transformation: [-0.8569131634392304f,0.0061300236576266424f,0.5154243427842029f,-0.8100333008470153f,0.1340379401472685f,0.9681807961053157f,0.2113285987602118f,4.323073641202836f,-0.4977285012189355f,0.25017667529734705f,-0.8304685245158409f,1.9742085586326272f,0f,0f,0f,1f], start_interpolation: 0, interpolation_duration: 1 }
$data merge entity $(bone_right_head_scales2) { transformation: [-0.7823057756942565f,0.0061300236576266424f,0.6228644283673329f,-0.8238324175989369f,0.16047514429150925f,0.9681807961053157f,0.19202519136169763f,3.530157600869889f,-0.6018682591564593f,0.25017667529734705f,-0.7583971451404197f,1.9203293234976606f,0f,0f,0f,1f], start_interpolation: 0, interpolation_duration: 1 }
$data merge entity $(bone_right_head_scales1) { transformation: [-0.9980877345718019f,0.0061300236576266424f,0.061508510852442626f,-0.8106319359698304f,0.021312417553090532f,0.9681807961053157f,0.24934258944456328f,4.228524735333176f,-0.05802288303222128f,0.25017667529734705f,-0.9664600230644798f,1.9497772426856206f,0f,0f,0f,1f], start_interpolation: 0, interpolation_duration: 1 }
$data merge entity $(bone_head_left_fin1) { transformation: [-0.7324713360206314f,0.046882977024698805f,-0.6791816608047163f,0.3612622468498664f,0.09129784236797239f,0.9953790978165694f,-0.029751564813055492f,3.867253470326698f,0.6746483868557783f,-0.08379998863468988f,-0.7333669722708555f,1.8553701079161558f,0f,0f,0f,1f], start_interpolation: 0, interpolation_duration: 1 }
$data merge entity $(bone_head_right_fin1) { transformation: [-0.6526177108539541f,0.0055280652402231786f,0.7576671854940298f,-0.8083718171014639f,-0.06172168879679582f,0.9962621596129356f,-0.06043295835420845f,3.892228959646726f,-0.7551692238245783f,-0.08620411717586254f,-0.6498371284946051f,1.7873745418627713f,0f,0f,0f,1f], start_interpolation: 0, interpolation_duration: 1 }
$data merge entity $(bone_right_whisker16) { transformation: [0.2330296177546119f,0.9054745371947919f,-0.3547013669849848f,-1.2407549062438754f,0.9337771615789128f,-0.3102051326751346f,-0.17841801527769394f,1.5129004516588191f,-0.271583154416412f,-0.2896353537707017f,-0.9177984267165376f,2.2415923743083415f,0f,0f,0f,1f], start_interpolation: 0, interpolation_duration: 1 }
$data merge entity $(bone_right_whisker15) { transformation: [-0.8673116083266019f,0.3492241605629626f,-0.3547013669849848f,-0.9866597084919413f,0.42943366204548644f,0.8852986737404341f,-0.17841801527769394f,1.3870898084814305f,0.2517087681510634f,-0.30706472274183894f,-0.9177984267165376f,2.167849571139085f,0f,0f,0f,1f], start_interpolation: 0, interpolation_duration: 1 }
$data merge entity $(bone_right_whisker14) { transformation: [-0.6830463004380691f,-0.6384627567187062f,-0.3547013669849848f,-0.7865484876604757f,-0.6208665740775677f,0.7633424585450183f,-0.17841801527769394f,1.568984312605718f,0.3846718714060736f,0.09835445727366578f,-0.9177984267165376f,2.055152733813087f,0f,0f,0f,1f], start_interpolation: 0, interpolation_duration: 1 }
$data merge entity $(bone_right_whisker13) { transformation: [-0.08459177558634107f,-0.9875144652080493f,-0.13288872227548196f,-0.7617657409066648f,-0.9964016778068958f,0.0831275798026912f,0.016537894054281188f,1.860898866650707f,-0.005284691736848118f,0.13380951565941515f,-0.9909929795675845f,2.0567009833453667f,0f,0f,0f,1f], start_interpolation: 0, interpolation_duration: 1 }
$data merge entity $(bone_right_whisker12) { transformation: [0.06182273227340831f,-0.991847451873455f,-0.11142971769857649f,-0.7859152457009649f,-0.9689140975526558f,-0.08643574067401827f,0.23180667440316974f,2.239380936007213f,-0.23954836951641675f,0.09363490239364702f,-0.9663586723964132f,2.150274565187717f,0f,0f,0f,1f], start_interpolation: 0, interpolation_duration: 1 }
$data merge entity $(bone_right_whisker11) { transformation: [0.3049521462949417f,-0.9483227630839286f,-0.08768195645040822f,-0.9050371778474265f,-0.9515108464264792f,-0.2994792345766148f,-0.07028013368065456f,2.6110648603925566f,0.04038932535799783f,0.10486241020626852f,-0.9936662303423911f,2.1344974849697493f,0f,0f,0f,1f], start_interpolation: 0, interpolation_duration: 1 }
$data merge entity $(bone_right_whisker10) { transformation: [0.09974417101134747f,-0.9945607977122143f,0.029998666692086885f,-0.9439997446487342f,-0.9460422428291541f,-0.10413385616666523f,-0.30685536459811935f,2.980612611497695f,0.30831019303948326f,0.0022270280429580007f,-0.9512832728551744f,2.014063815813701f,0f,0f,0f,1f], start_interpolation: 0, interpolation_duration: 1 }
$data merge entity $(bone_right_whisker1) { transformation: [-0.32807441784721053f,-0.944633994093302f,-0.005813222647484524f,-0.8158456751771676f,-0.9431944020640383f,0.32790374792750615f,-0.053511232560616184f,3.3490479248039597f,0.05245470683623754f,-0.012072667411551607f,-0.998550326439431f,1.9935736959557957f,0f,0f,0f,1f], start_interpolation: 0, interpolation_duration: 1 }
$data merge entity $(bone_left_whisker16) { transformation: [0.2842326374863951f,-0.9284312181790276f,0.2392222416459922f,0.8432872827648906f,-0.9285604430990125f,-0.32870052828445917f,-0.17242814798426365f,1.5339185354067393f,0.23872015268781369f,-0.1731226034234799f,-0.9555319214367373f,2.1091878128582575f,0f,0f,0f,1f], start_interpolation: 0, interpolation_duration: 1 }
$data merge entity $(bone_left_whisker15) { transformation: [-0.8833885565268627f,-0.40298557951774366f,0.2392222416459922f,0.5844820415949114f,-0.4470899085823616f,0.8777124514478147f,-0.17242814798426365f,1.4029351637517506f,-0.1404822830153356f,-0.25927490290079314f,-0.9555319214367373f,2.0680308940061085f,0f,0f,0f,1f], start_interpolation: 0, interpolation_duration: 1 }
$data merge entity $(bone_left_whisker14) { transformation: [-0.7385651049814164f,0.6303128626370044f,0.2392222416459922f,0.36810554599488704f,0.6065292695192963f,0.7761383761927417f,-0.17242814798426365f,1.580629285681232f,-0.29435324173546623f,0.017745878260563386f,-0.9555319214367373f,1.9817945927164213f,0f,0f,0f,1f], start_interpolation: 0, interpolation_duration: 1 }
$data merge entity $(bone_left_whisker13) { transformation: [-0.10324092239879111f,0.9946379212782525f,0.006059496474376976f,0.33785918201086623f,0.9945073383363848f,0.10311807955362193f,0.017939221394826815f,1.8719888574594699f,0.017218186238001282f,0.007878275474309328f,-0.9998207173479774f,1.9868389832158357f,0f,0f,0f,1f], start_interpolation: 0, interpolation_duration: 1 }
$data merge entity $(bone_left_whisker12) { transformation: [0.07216305473239955f,0.9972575208969926f,-0.016429563173516425f,0.3660478752657098f,0.9702653775349763f,-0.06637512236140222f,0.23276477458674733f,2.25099877055907f,0.23103590779054045f,-0.03273805348356483f,-0.9723942766005504f,2.0770873846965157f,0f,0f,0f,1f], start_interpolation: 0, interpolation_duration: 1 }
$data merge entity $(bone_left_whisker11) { transformation: [0.2782144222034647f,0.9597917966780656f,-0.03736900195994827f,0.4747253839389382f,0.9573922262950492f,-0.2802354247203573f,-0.06977271502249943f,2.6249801089555738f,-0.07743939764617325f,-0.01636501638530736f,-0.9968627417708549f,2.046837619990979f,0f,0f,0f,1f], start_interpolation: 0, interpolation_duration: 1 }
$data merge entity $(bone_left_whisker10) { transformation: [0.040904530666509606f,0.9887371218874619f,-0.1439643121494019f,0.49070371623054354f,0.9474607199629147f,-0.08413180342940825f,-0.3086098245018641f,2.9950819526910872f,-0.3172459668747711f,-0.12377699080771554f,-0.9402309572909616f,1.9229134141805218f,0f,0f,0f,1f], start_interpolation: 0, interpolation_duration: 1 }
$data merge entity $(bone_left_whisker1) { transformation: [-0.3509543938527849f,0.9287338138306105f,-0.11951785006045315f,0.3536121561317994f,0.9363462276331985f,0.34679712815045177f,-0.05465797200480593f,3.3608421978603054f,-0.009314259632588584f,-0.13109254347310473f,-0.9913263789556135f,1.9192750315115419f,0f,0f,0f,1f], start_interpolation: 0, interpolation_duration: 1 }
$data merge entity $(bone_upper_left_tooth1) { transformation: [-0.9980877345718019f,0.01146751701555166f,0.06074018563378077f,-0.021874084621500506f,0.021312417553090532f,0.9862282144560262f,0.164011249214563f,3.521698746413801f,-0.05802288303222128f,0.1649921363713337f,-0.9845866848481408f,2.849046025655638f,0f,0f,0f,1f], start_interpolation: 0, interpolation_duration: 1 }
$data merge entity $(bone_upper_right_tooth1) { transformation: [-0.9980877345718019f,0.01146751701555166f,0.06074018563378077f,-0.6066911165971657f,0.021312417553090532f,0.9862282144560262f,0.164011249214563f,3.5341864910738154f,-0.05802288303222128f,0.1649921363713337f,-0.9845866848481408f,2.815048242628946f,0f,0f,0f,1f], start_interpolation: 0, interpolation_duration: 1 }
$data merge entity $(bone_top_lip1) { transformation: [-0.9980877345718019f,0.03874510911122632f,0.04816316660361196f,-0.2886830501951917f,0.021312417553090532f,0.9470970717035531f,-0.32023884465910424f,3.633364773364279f,-0.05802288303222128f,-0.3185999894703613f,-0.946111722659705f,2.851187491216486f,0f,0f,0f,1f], start_interpolation: 0, interpolation_duration: 1 }
$data merge entity $(bone_muzzle1) { transformation: [-0.9980877345718019f,0.01146751701555166f,0.06074018563378077f,-0.25734494436587224f,0.021312417553090532f,0.9862282144560262f,0.164011249214563f,3.8579154147467842f,-0.05802288303222128f,0.1649921363713337f,-0.9845866848481408f,2.3946010439817496f,0f,0f,0f,1f], start_interpolation: 0, interpolation_duration: 1 }
$data merge entity $(bone_jaw_right_tooth1) { transformation: [-0.9980877345718019f,0.044028389323100464f,0.04338634613494904f,-0.6099523881354303f,0.021312417553090532f,0.9039706201959891f,-0.4270631085454717f,3.44115197490236f,-0.05802288303222128f,-0.4253217826024104f,-0.9031803398483256f,2.8369748446774476f,0f,0f,0f,1f], start_interpolation: 0, interpolation_duration: 1 }
$data merge entity $(bone_jaw_left_tooth1) { transformation: [-0.9980877345718019f,0.044028389323100464f,0.04338634613494904f,0.023599396504873582f,0.021312417553090532f,0.9039706201959891f,-0.4270631085454717f,3.4276235848540115f,-0.05802288303222128f,-0.4253217826024104f,-0.9031803398483256f,2.8738057762896974f,0f,0f,0f,1f], start_interpolation: 0, interpolation_duration: 1 }
$data merge entity $(bone_tongue1) { transformation: [-0.9980877345718019f,0.025276202221244853f,0.05640911006742484f,-0.25362556404006653f,0.021312417553090532f,0.9973335793374856f,-0.06979622041286929f,3.3728845855286758f,-0.05802288303222128f,-0.06846053700599963f,-0.995965109789233f,2.152464722799458f,0f,0f,0f,1f], start_interpolation: 0, interpolation_duration: 1 }
$data merge entity $(bone_jaw_lips1) { transformation: [-0.9980877345718019f,0.025276202221244853f,0.05640911006742484f,-0.25179905670843394f,0.021312417553090532f,0.9973335793374856f,-0.06979622041286929f,3.314367313043886f,-0.05802288303222128f,-0.06846053700599963f,-0.995965109789233f,2.941084031228477f,0f,0f,0f,1f], start_interpolation: 0, interpolation_duration: 1 }
$data merge entity $(bone_jaw3) { transformation: [-0.9980877345718019f,0.035825539216068694f,0.05037265962013559f,-0.21506936843623592f,0.021312417553090532f,0.9643960058119598f,-0.26360220945959634f,3.037793312447894f,-0.05802288303222128f,-0.2620245689125661f,-0.9633153535217909f,2.207685245778157f,0f,0f,0f,1f], start_interpolation: 0, interpolation_duration: 1 }
$data merge entity $(bone_jaw1) { transformation: [-0.9980877345718019f,-0.010286367484452894f,0.06095133092314642f,-0.16745114115252777f,0.021312417553090532f,0.8683258653034952f,0.49553604561422077f,3.4249308480840037f,-0.05802288303222128f,0.4958874693808173f,-0.8664461684119319f,1.5307741767063352f,0f,0f,0f,1f], start_interpolation: 0, interpolation_duration: 1 }
$data merge entity $(bone_tear_right1) { transformation: [-0.9980877345718019f,0.0061300236576266424f,0.061508510852442626f,-0.779776941274803f,0.021312417553090532f,0.9681807961053157f,0.24934258944456328f,3.9310387552258943f,-0.05802288303222128f,0.25017667529734705f,-0.9664600230644798f,2.3195901802547954f,0f,0f,0f,1f], start_interpolation: 0, interpolation_duration: 1 }
$data merge entity $(bone_right_pupil1) { transformation: [-0.9980877345718019f,0.0061300236576266424f,0.061508510852442626f,-0.6219579485688573f,0.021312417553090532f,0.9681807961053157f,0.24934258944456328f,4.007543620623913f,-0.05802288303222128f,0.25017667529734705f,-0.9664600230644798f,2.4099993853784256f,0f,0f,0f,1f], start_interpolation: 0, interpolation_duration: 1 }
$data merge entity $(bone_right_sad_pupil1) { transformation: [-0.9980877345718019f,0.0061300236576266424f,0.061508510852442626f,-0.6213572795175639f,0.021312417553090532f,0.9681807961053157f,0.24934258944456328f,4.009978606848958f,-0.05802288303222128f,0.25017667529734705f,-0.9664600230644798f,2.4005612992156866f,0f,0f,0f,1f], start_interpolation: 0, interpolation_duration: 1 }
$data merge entity $(bone_right_happy_pupil1) { transformation: [-0.9980877345718019f,0.0061300236576266424f,0.061508510852442626f,-0.6458740008125378f,0.021312417553090532f,0.9681807961053157f,0.24934258944456328f,3.9868619989720786f,-0.05802288303222128f,0.25017667529734705f,-0.9664600230644798f,2.3930369922485184f,0f,0f,0f,1f], start_interpolation: 0, interpolation_duration: 1 }
$data merge entity $(bone_eyelid_right1) { transformation: [-0.9980877345718019f,0.0061300236576266424f,0.061508510852442626f,-0.21636523709416675f,0.021312417553090532f,0.9681807961053157f,0.24934258944456328f,4.07644048901605f,-0.05802288303222128f,0.25017667529734705f,-0.9664600230644798f,1.9382565953461754f,0f,0f,0f,1f], start_interpolation: 0, interpolation_duration: 1 }
$data merge entity $(bone_eyelid_expressions_right5) { transformation: [-0.9980877345718019f,0.0061300236576266424f,0.061508510852442626f,-0.732848263621001f,0.021312417553090532f,0.9681807961053157f,0.24934258944456328f,4.106920990451656f,-0.05802288303222128f,0.25017667529734705f,-0.9664600230644798f,2.4184763915480616f,0f,0f,0f,1f], start_interpolation: 0, interpolation_duration: 1 }
$data merge entity $(bone_eyelid_expressions_right7) { transformation: [-0.9980877345718019f,0.0061300236576266424f,0.061508510852442626f,-0.4404397476331684f,0.021312417553090532f,0.9681807961053157f,0.24934258944456328f,4.1006771181216495f,-0.05802288303222128f,0.25017667529734705f,-0.9664600230644798f,2.435475283061408f,0f,0f,0f,1f], start_interpolation: 0, interpolation_duration: 1 }
$data merge entity $(bone_eyelid_expressions_right6) { transformation: [-0.9980877345718019f,0.0061300236576266424f,0.061508510852442626f,-0.537909252962446f,0.021312417553090532f,0.9681807961053157f,0.24934258944456328f,4.102758408898318f,-0.05802288303222128f,0.25017667529734705f,-0.9664600230644798f,2.4298089858902925f,0f,0f,0f,1f], start_interpolation: 0, interpolation_duration: 1 }
$data merge entity $(bone_right_eye1) { transformation: [-0.9980877345718019f,0.0061300236576266424f,0.061508510852442626f,-0.2267128566783879f,0.021312417553090532f,0.9681807961053157f,0.24934258944456328f,4.074213631868672f,-0.05802288303222128f,0.25017667529734705f,-0.9664600230644798f,1.947128051791803f,0f,0f,0f,1f], start_interpolation: 0, interpolation_duration: 1 }
$data merge entity $(bone_tear_left1) { transformation: [-0.9980877345718019f,0.0061300236576266424f,0.061508510852442626f,0.27289371628139425f,0.021312417553090532f,0.9681807961053157f,0.24934258944456328f,3.908560814837869f,-0.05802288303222128f,0.25017667529734705f,-0.9664600230644798f,2.3807861897028415f,0f,0f,0f,1f], start_interpolation: 0, interpolation_duration: 1 }
$data merge entity $(bone_left_sad_pupil1) { transformation: [-0.9980877345718019f,0.0061300236576266424f,0.061508510852442626f,0.10966401045201749f,0.021312417553090532f,0.9681807961053157f,0.24934258944456328f,3.9943689260239403f,-0.05802288303222128f,0.25017667529734705f,-0.9664600230644798f,2.4430585279990518f,0f,0f,0f,1f], start_interpolation: 0, interpolation_duration: 1 }
$data merge entity $(bone_left_pupil1) { transformation: [-0.9980877345718019f,0.0061300236576266424f,0.061508510852442626f,0.10906334140072407f,0.021312417553090532f,0.9681807961053157f,0.24934258944456328f,3.991933939798896f,-0.05802288303222128f,0.25017667529734705f,-0.9664600230644798f,2.4524966141617908f,0f,0f,0f,1f], start_interpolation: 0, interpolation_duration: 1 }
$data merge entity $(bone_eyelid_left1) { transformation: [-0.9980877345718019f,0.0061300236576266424f,0.061508510852442626f,-0.23585913816002227f,0.021312417553090532f,0.9681807961053157f,0.24934258944456328f,4.076856747171384f,-0.05802288303222128f,0.25017667529734705f,-0.9664600230644798f,1.9371233359119524f,0f,0f,0f,1f], start_interpolation: 0, interpolation_duration: 1 }
$data merge entity $(bone_left_happy_pupil1) { transformation: [-0.9980877345718019f,0.0061300236576266424f,0.061508510852442626f,0.13388204182168253f,0.021312417553090532f,0.9681807961053157f,0.24934258944456328f,3.9702116727587264f,-0.05802288303222128f,0.25017667529734705f,-0.9664600230644798f,2.438367369617441f,0f,0f,0f,1f], start_interpolation: 0, interpolation_duration: 1 }
$data merge entity $(bone_eyelid_expressions_left5) { transformation: [-0.9980877345718019f,0.0061300236576266424f,0.061508510852442626f,0.22235288860591879f,0.021312417553090532f,0.9681807961053157f,0.24934258944456328f,4.0865243408403f,-0.05802288303222128f,0.25017667529734705f,-0.9664600230644798f,2.474006103824992f,0f,0f,0f,1f], start_interpolation: 0, interpolation_duration: 1 }
$data merge entity $(bone_eyelid_expressions_left7) { transformation: [-0.9980877345718019f,0.0061300236576266424f,0.061508510852442626f,-0.07005562738191376f,0.021312417553090532f,0.9681807961053157f,0.24934258944456328f,4.092768213170307f,-0.05802288303222128f,0.25017667529734705f,-0.9664600230644798f,2.457007212311646f,0f,0f,0f,1f], start_interpolation: 0, interpolation_duration: 1 }
$data merge entity $(bone_eyelid_expressions_left6) { transformation: [-0.9980877345718019f,0.0061300236576266424f,0.061508510852442626f,0.027413877947363774f,0.021312417553090532f,0.9681807961053157f,0.24934258944456328f,4.090686922393638f,-0.05802288303222128f,0.25017667529734705f,-0.9664600230644798f,2.4626735094827614f,0f,0f,0f,1f], start_interpolation: 0, interpolation_duration: 1 }
$data merge entity $(bone_left_eye1) { transformation: [-0.9980877345718019f,0.0061300236576266424f,0.061508510852442626f,-0.2267128566783879f,0.021312417553090532f,0.9681807961053157f,0.24934258944456328f,4.074213631868672f,-0.05802288303222128f,0.25017667529734705f,-0.9664600230644798f,1.947128051791803f,0f,0f,0f,1f], start_interpolation: 0, interpolation_duration: 1 }
$data merge entity $(bone_crest_middle5) { transformation: [-0.9980877345718019f,0.01929759596330191f,0.05872373359524467f,-0.24482580413294425f,0.021312417553090532f,0.9991986592055263f,0.033879496748352333f,5.137462750099123f,-0.05802288303222128f,0.035066254888653975f,-0.9976992045765661f,2.6492427646956047f,0f,0f,0f,1f], start_interpolation: 0, interpolation_duration: 1 }
$data merge entity $(bone_crest_middle4) { transformation: [-0.9980877345718019f,0.01929759596330191f,0.05872373359524467f,-0.25613298926769146f,0.021312417553090532f,0.9991986592055263f,0.033879496748352333f,4.5519947857208845f,-0.05802288303222128f,0.035066254888653975f,-0.9976992045765661f,2.6286961309717842f,0f,0f,0f,1f], start_interpolation: 0, interpolation_duration: 1 }
$data merge entity $(bone_crest_middle1) { transformation: [-0.9980877345718019f,0.01929759596330191f,0.05872373359524467f,-0.26891445117660157f,0.021312417553090532f,0.9991986592055263f,0.033879496748352333f,4.110412393396615f,-0.05802288303222128f,0.035066254888653975f,-0.9976992045765661f,2.6863601396701178f,0f,0f,0f,1f], start_interpolation: 0, interpolation_duration: 1 }
$data merge entity $(bone_crest_left5) { transformation: [-0.5414421583966708f,-0.8232831710919589f,0.17042655106385998f,-1.2121323242590842f,-0.8051042478313335f,0.5661194256577967f,0.17696312049924262f,4.596597429344089f,-0.24217254021605644f,-0.041395846285037244f,-0.9693497019526275f,2.537062856053075f,0f,0f,0f,1f], start_interpolation: 0, interpolation_duration: 1 }
$data merge entity $(bone_crest_left4) { transformation: [-0.5414421583966708f,-0.8232831710919589f,0.17042655106385998f,-0.8101385883743386f,-0.8051042478313335f,0.5661194256577967f,0.17696312049924262f,4.320171928534618f,-0.24217254021605644f,-0.041395846285037244f,-0.9693497019526275f,2.5572756716219405f,0f,0f,0f,1f], start_interpolation: 0, interpolation_duration: 1 }
$data merge entity $(bone_crest_left1) { transformation: [-0.5414421583966708f,-0.8232831710919589f,0.17042655106385998f,-0.35962386996245344f,-0.8051042478313335f,0.5661194256577967f,0.17696312049924262f,4.024744655012327f,-0.24217254021605644f,-0.041395846285037244f,-0.9693497019526275f,2.5321782403320374f,0f,0f,0f,1f], start_interpolation: 0, interpolation_duration: 1 }
$data merge entity $(bone_crest_center1) { transformation: [-0.9980877345718019f,0.0061300236576266424f,0.061508510852442626f,-0.2623040214982473f,0.021312417553090532f,0.9681807961053157f,0.24934258944456328f,3.9990264403247417f,-0.05802288303222128f,0.25017667529734705f,-0.9664600230644798f,2.5317367866966123f,0f,0f,0f,1f], start_interpolation: 0, interpolation_duration: 1 }
$data merge entity $(bone_crest_right5) { transformation: [-0.5311021393657248f,0.8458710777101724f,-0.04932177464955415f,0.7050717035165692f,0.8280065550397324f,0.5304775566328778f,0.18165546157505605f,4.5556588912185285f,0.1798211955593243f,0.055638851553957175f,-0.9821245622757694f,2.6485176923358345f,0f,0f,0f,1f], start_interpolation: 0, interpolation_duration: 1 }
$data merge entity $(bone_crest_right4) { transformation: [-0.5311021393657248f,0.8458710777101724f,-0.04932177464955415f,0.2920487163533991f,0.8280065550397324f,0.5304775566328778f,0.18165546157505605f,4.2966366467688815f,0.1798211955593243f,0.055638851553957175f,-0.9821245622757694f,2.6213502843505037f,0f,0f,0f,1f], start_interpolation: 0, interpolation_duration: 1 }
$data merge entity $(bone_crest_right1) { transformation: [-0.5311021393657248f,0.8458710777101724f,-0.04932177464955415f,-0.16468485930389837f,0.8280065550397324f,0.5304775566328778f,0.18165546157505605f,4.020582073458989f,0.1798211955593243f,0.055638851553957175f,-0.9821245622757694f,2.5435108346742683f,0f,0f,0f,1f], start_interpolation: 0, interpolation_duration: 1 }
$data merge entity $(bone_head1) { transformation: [-0.9980877345718019f,0.0061300236576266424f,0.061508510852442626f,-0.19397537641865928f,0.021312417553090532f,0.9681807961053157f,0.24934258944456328f,4.160863421311293f,-0.05802288303222128f,0.25017667529734705f,-0.9664600230644798f,1.4158176548676513f,0f,0f,0f,1f], start_interpolation: 0, interpolation_duration: 1 }
$data merge entity $(bone_neck10) { transformation: [-1.2955647369428094f,0.0013149248161169968f,0.13012029168227887f,-0.10165914603987068f,0.04410155064870025f,1.2293979984130106f,0.42668093661764195f,4.09605418912746f,-0.12242578390655087f,0.42895202460794596f,-1.2232878217999452f,0.4155394744528066f,0f,0f,0f,1f], start_interpolation: 0, interpolation_duration: 1 }
$data merge entity $(bone_neck9) { transformation: [-0.9949937179720776f,-0.013840514793247244f,0.09897444794672752f,-0.08892091670990482f,0.03386999089820179f,0.8850505519869222f,0.46426107325964794f,2.949785857832556f,-0.09402300204023108f,0.4652891150434343f,-0.8801509612046334f,-0.13218347622710858f,0f,0f,0f,1f], start_interpolation: 0, interpolation_duration: 1 }
$data merge entity $(bone_neck8) { transformation: [-0.9953286545613445f,0.038046082459023085f,0.08873198419186273f,-0.117425349165994f,0.025972734018828065f,0.9907149511562443f,-0.13345149921626132f,2.3072242834166574f,-0.09298541012810005f,-0.13052348893973761f,-0.9870751401683192f,-0.006548739267443593f,0f,0f,0f,1f], start_interpolation: 0, interpolation_duration: 1 }
$data merge entity $(bone_neck7) { transformation: [-0.9966341225205071f,0.032160311011756676f,0.07540649987505023f,-0.14534930723677997f,0f,0.9198359658442191f,-0.39230319389399926f,1.565361885536403f,-0.08197820337003531f,-0.3909827494085383f,-0.9167399106819563f,0.3329313701411216f,0f,0f,0f,1f], start_interpolation: 0, interpolation_duration: 1 }
$data merge entity $(bone_neck6) { transformation: [-0.9966341225205071f,0.02121752031545279f,0.07918486382789464f,-0.16152548259067356f,0f,0.9659258262890684f,-0.25881904510252063f,0.7944593122478785f,-0.08197820337003531f,-0.25794789190734624f,-0.9626746383035013f,0.5295900875418302f,0f,0f,0f,1f], start_interpolation: 0, interpolation_duration: 1 }
$data merge entity $(bone_neck_spine6) { transformation: [-1.0844589999338285f,-0.12961510743412058f,-0.1791375976860342f,0.0865866805951612f,-0.15204437831692896f,-0.2138970137039987f,1.075208004094134f,0.7586376968208647f,-0.16053928491836705f,1.0781417666386521f,0.19177890015470037f,-1.724997972332441f,0f,0f,0f,1f], start_interpolation: 0, interpolation_duration: 1 }
$data merge entity $(bone_neck_spine7) { transformation: [-0.9338213301753395f,0.18714079579742765f,-0.30488693946751005f,-0.03126417085852368f,-0.260698156103623f,0.22763330577060617f,0.93820016494782f,1.307936320341553f,0.24497794740288487f,0.9555947889415528f,-0.1637815759907632f,-4.825256043687583f,0f,0f,0f,1f], start_interpolation: 0, interpolation_duration: 1 }
$data merge entity $(bone_tail6) { transformation: [-0.8391141892007984f,0.5491798026851713f,-1.111972663103096f,-1.2708587514954597f,-0.9302811768672115f,0.6091470789967807f,1.0028514594895261f,-0.20640628775063544f,0.8201576623628347f,1.2528111039404117f,-0.00016850864490033912f,-7.69388995823636f,0f,0f,0f,1f], start_interpolation: 0, interpolation_duration: 1 }
$data merge entity $(bone_tail5) { transformation: [-0.6931812867310944f,0.4536702717834024f,-0.9185861129982098f,-0.9843301587901525f,-0.7684931461076966f,0.503208456562558f,0.8284425100130869f,0.1114095795520331f,0.6775215471692984f,1.034930911950775f,-0.00013920279361332366f,-7.040249382267449f,0f,0f,0f,1f], start_interpolation: 0, interpolation_duration: 1 }
$data merge entity $(bone_tail4) { transformation: [-0.5603823454836636f,0.36675659866279264f,-0.7426043524027632f,-0.8410658624374991f,-0.6212660381165378f,0.40680431014741525f,0.6697303659895271f,0.27031751320336717f,0.5477226823431801f,0.8366599372402055f,-0.00011253446894213953f,-6.7134290942829935f,0f,0f,0f,1f], start_interpolation: 0, interpolation_duration: 1 }
$data merge entity $(bone_segment18) { transformation: [-0.5603823454836636f,0.36675659866279264f,-0.7426043524027632f,-0.6619854919966824f,-0.6212660381165378f,0.40680431014741525f,0.6697303659895271f,0.46895243026753475f,0.5477226823431801f,0.8366599372402055f,-0.00011253446894213953f,-6.304903734302425f,0f,0f,0f,1f], start_interpolation: 0, interpolation_duration: 1 }
$data merge entity $(bone_segment17) { transformation: [-0.5603823454836636f,0.36675659866279264f,-0.7426043524027632f,-0.42918101042362067f,-0.6212660381165378f,0.40680431014741525f,0.6697303659895271f,0.7271778224509526f,0.5477226823431801f,0.8366599372402055f,-0.00011253446894213953f,-5.773820766327685f,0f,0f,0f,1f], start_interpolation: 0, interpolation_duration: 1 }
$data merge entity $(bone_segment16) { transformation: [-0.7798953409359491f,0.5187920022021812f,-0.3501686959701735f,0.001456882029361839f,-0.25175029245373615f,0.2522052418187029f,0.9343523458784848f,0.9365278766949932f,0.5730489049251013f,0.8168521129618392f,-0.0660876547769724f,-5.095769695998033f,0f,0f,0f,1f], start_interpolation: 0, interpolation_duration: 1 }
$data merge entity $(bone_segment15) { transformation: [-0.9338213301753395f,0.2596746743502351f,-0.24606256686188377f,0.26772485865802087f,-0.260698156103623f,-0.02294718183943731f,0.9651476043848416f,0.9129980515666639f,0.24497794740288487f,0.9654234772092125f,0.08912527665899375f,-4.105833513312805f,0f,0f,0f,1f], start_interpolation: 0, interpolation_duration: 1 }
$data merge entity $(bone_segment14) { transformation: [-0.9822367128192363f,0.04688393892219864f,-0.1816946236441818f,0.3157992100919159f,-0.18734890163083012f,-0.2994968502906375f,0.9355223277526351f,0.6058967890616158f,-0.0105559958214676f,0.9529446641527128f,0.30296045619039147f,-3.12869298854684f,0f,0f,0f,1f], start_interpolation: 0, interpolation_duration: 1 }
$data merge entity $(bone_segment13) { transformation: [-0.9798406022931533f,-0.0872258668292403f,-0.17973325305484955f,0.22648751116571075f,-0.13737656770282522f,-0.35902224380900905f,0.9231634238294623f,0.19769048205639028f,-0.14505196566741868f,0.9292441426268082f,0.33980178141055384f,-2.1387773429503603f,0f,0f,0f,1f], start_interpolation: 0, interpolation_duration: 1 }
$data merge entity $(bone_segment12) { transformation: [-0.9774862148346273f,-0.13797624399326996f,-0.159634757812272f,0.06479660023609747f,-0.13416056920598596f,-0.17751395261806485f,0.9749306325561f,-0.010333681167904507f,-0.16285466366855733f,0.974397943716745f,0.15500647019392444f,-0.9969047526572993f,0f,0f,0f,1f], start_interpolation: 0, interpolation_duration: 1 }
$data merge entity $(bone_segment11) { transformation: [-1.021806815128232f,-0.14637805416220273f,-0.07767084222054761f,-0.09978200384593565f,-0.12064881487916977f,0.3245708531574972f,0.9755234936499115f,0.3653014320891357f,-0.11359206812015427f,0.9719957245041585f,-0.33744572233158404f,0.12690216417771383f,0f,0f,0f,1f], start_interpolation: 0, interpolation_duration: 1 }
$data merge entity $(bone_segment10) { transformation: [-0.9968348296876179f,-0.07274559344670359f,0.032068691207231985f,-0.16821070078338277f,-0.044931299261696506f,0.8482890351431793f,0.5276238159925211f,1.1480876426423117f,-0.06558582673347767f,0.5245129087924727f,-0.8488726099019483f,0.6108643323221717f,0f,0f,0f,1f], start_interpolation: 0, interpolation_duration: 1 }