# This file was generated by Animated Java via MC-Build. It is not recommended to edit this file directly.
$data merge entity $(bone_neck_spine5) { transformation: [-1.3623065388098816f,0.02465184275334196f,0.1127601042964886f,0.05458783505465381f,0.049030584075344365f,1.3327415682391301f,0.3009943093631283f,3.7693365042818145f,-0.1044918958451854f,0.3039635818525311f,-1.3288676550982454f,-0.4321526985022708f,0f,0f,0f,1f], start_interpolation: 0, interpolation_duration: 1 }
$data merge entity $(bone_neck_spine2) { transformation: [-1.2974347988665536f,0.026132139098583616f,0.10677575071467055f,-0.12887728504967297f,0.04669579435747081f,1.2759920230480755f,0.25511735897709753f,4.860292882386234f,-0.09951609128112893f,0.2580358024930971f,-1.2723737969450304f,1.1939213191010802f,0f,0f,0f,1f], start_interpolation: 0, interpolation_duration: 1 }
$data merge entity $(bone_scale_neck_left1) { transformation: [-1.3751400485448575f,0.34702743320441465f,0.2000530576981501f,0.5389464150252586f,0.4003030054992323f,1.164909760532223f,0.7308913544486751f,4.073115706415471f,0.014379467274750224f,0.7576388511837895f,-1.215415986607293f,1.062087937159192f,0f,0f,0f,1f], start_interpolation: 0, interpolation_duration: 1 }
$data merge entity $(bone_scale_neck_right1) { transformation: [-1.3819566677881496f,-0.37422280002937175f,0.0401557305602441f,-0.8233601237846228f,-0.30107272325151063f,1.1908681767861922f,0.7366461967828439f,4.122146290490815f,-0.22585482521427241f,0.7023173782976506f,-1.2276804618756962f,0.9575960413140068f,0f,0f,0f,1f], start_interpolation: 0, interpolation_duration: 1 }
$data merge entity $(bone_blush_right1) { transformation: [-0.9982465862298016f,0.014116948138221804f,0.05748447491114248f,-0.801654383991364f,0.027631802988608234f,0.9699736088856703f,0.24163543102969773f,3.636429158131564f,-0.05234726873625552f,0.24280014382321058f,-0.9686629205328768f,2.156663200751373f,0f,0f,0f,1f], start_interpolation: 0, interpolation_duration: 1 }
$data merge entity $(bone_blush_left1) { transformation: [-0.9982465862298016f,0.014116948138221804f,0.05748447491114248f,0.3486688306093838f,0.027631802988608234f,0.9699736088856703f,0.24163543102969773f,3.60458782265641f,-0.05234726873625552f,0.24280014382321058f,-0.9686629205328768f,2.2169852487091672f,0f,0f,0f,1f], start_interpolation: 0, interpolation_duration: 1 }
$data merge entity $(bone_left_head_scales) { transformation: [-0.911998912741776f,0.014116948138221804f,-0.4099496248724725f,0.3870262997217296f,-0.08706511659527075f,0.9699736088856703f,0.22709219171420444f,4.302614120123396f,0.40084616579190346f,0.24280014382321058f,-0.8833857829563243f,2.0405316783829393f,0f,0f,0f,1f], start_interpolation: 0, interpolation_duration: 1 }
$data merge entity $(bone_left_head_scales2) { transformation: [-0.8506874720796935f,0.014116948138221804f,-0.5254821943909451f,0.36757685660918193f,-0.1159617415206539f,0.9699736088856703f,0.21378510838878867f,3.5094264230892254f,0.5127218537863951f,0.24280014382321058f,-0.8235073714359032f,1.9927380485209891f,0f,0f,0f,1f], start_interpolation: 0, interpolation_duration: 1 }
$data merge entity $(bone_left_head_scales1) { transformation: [-0.9982465862298016f,0.014116948138221804f,0.05748447491114248f,0.38564769150510636f,0.027631802988608234f,0.9699736088856703f,0.24163543102969773f,4.207890134880655f,-0.05234726873625552f,0.24280014382321058f,-0.9686629205328768f,2.016820726837704f,0f,0f,0f,1f], start_interpolation: 0, interpolation_duration: 1 }
$data merge entity $(bone_right_head_scales) { transformation: [-0.8589121595962477f,0.014116948138221804f,0.5119283288439627f,-0.782793918516319f,0.13608453377755447f,0.9699736088856703f,0.20157429829185738f,4.334995139250671f,-0.49371135470460403f,0.24280014382321058f,-0.835043225465109f,1.97918722283264f,0f,0f,0f,1f], start_interpolation: 0, interpolation_duration: 1 }
$data merge entity $(bone_right_head_scales2) { transformation: [-0.7847439915496051f,0.014116948138221804f,0.6196592446676283f,-0.8022433616288667f,0.16123103733167213f,0.9699736088856703f,0.1820872062124685f,3.5418074422165002f,-0.598482598182893f,0.24280014382321058f,-0.7634570517269993f,1.9313935929706898f,0f,0f,0f,1f], start_interpolation: 0, interpolation_duration: 1 }
$data merge entity $(bone_right_head_scales1) { transformation: [-0.9982465862298016f,0.014116948138221804f,0.05748447491114248f,-0.7841725267329422f,0.027631802988608234f,0.9699736088856703f,0.24163543102969773f,4.24027115400793f,-0.05234726873625552f,0.24280014382321058f,-0.9686629205328768f,1.9554762712874045f,0f,0f,0f,1f], start_interpolation: 0, interpolation_duration: 1 }
$data merge entity $(bone_head_left_fin1) { transformation: [-0.7278499447165127f,0.05308193828520126f,-0.6836788469771867f,0.38468818583019815f,0.10133270825505092f,0.9943795884666174f,-0.03067435865112314f,3.870373325372176f,0.6782080360876493f,-0.09160535938932346f,-0.7291380650585227f,1.856958045875312f,0f,0f,0f,1f], start_interpolation: 0, interpolation_duration: 1 }
$data merge entity $(bone_head_right_fin1) { transformation: [-0.6574595473994601f,0.011720444618115685f,0.7533986824459217f,-0.7851320324078505f,-0.06298687317539503f,0.9955244885945908f,-0.07045315050489656f,3.9027543444994515f,-0.7508525802984789f,-0.09377432370554645f,-0.6537788455377581f,1.7956135903250128f,0f,0f,0f,1f], start_interpolation: 0, interpolation_duration: 1 }
$data merge entity $(bone_right_whisker16) { transformation: [0.2335148064736164f,0.9000243839403719f,-0.36800399925862626f,-1.223728174515303f,0.9299101419111296f,-0.3173070153629893f,-0.185966088231846f,1.528688773131189f,-0.28414426464106657f,-0.2987848160703373f,-0.9110376888786775f,2.2829695270839743f,0f,0f,0f,1f], start_interpolation: 0, interpolation_duration: 1 }
$data merge entity $(bone_right_whisker15) { transformation: [-0.8618447520528077f,0.348993810673901f,-0.36800399925862626f,-0.9712345948123321f,0.43597003978996374f,0.88053775525714f,-0.185966088231846f,1.4009631755364729f,0.25914040164469004f,-0.32071261540205503f,-0.9110376888786775f,2.2070494875396314f,0f,0f,0f,1f], start_interpolation: 0, interpolation_duration: 1 }
$data merge entity $(bone_right_whisker14) { transformation: [-0.6805271392442523f,-0.6336054523768638f,-0.36800399925862626f,-0.7718614094868675f,-0.6137893239822599f,0.767254377500152f,-0.185966088231846f,1.5807842665469005f,0.4001818068296383f,0.0993219559068578f,-0.9110376888786775f,2.0898087238200107f,0f,0f,0f,1f], start_interpolation: 0, interpolation_duration: 1 }
$data merge entity $(bone_right_whisker13) { transformation: [-0.08915609066203398f,-0.9852095146069352f,-0.14633319454529106f,-0.7457414610507248f,-0.9960000233975733f,0.08906152305326825f,0.007210998784220934f,1.8725811484016583f,0.005928312567420407f,0.14639076965232126f,-0.9892090768238552f,2.088071913497524f,0f,0f,0f,1f], start_interpolation: 0, interpolation_duration: 1 }
$data merge entity $(bone_right_whisker12) { transformation: [0.054168349513971155f,-0.9908566178951602f,-0.12356760370055095f,-0.7669009725796198f,-0.9715463806553558f,-0.08087439931583154f,0.22261392986689382f,2.2520914533451566f,-0.23057194136843942f,0.107993028981817f,-0.967043993593322f,2.1781390780945706f,0f,0f,0f,1f], start_interpolation: 0, interpolation_duration: 1 }
$data merge entity $(bone_right_whisker11) { transformation: [0.3011740325856015f,-0.9481454597820932f,-0.10155978136412916f,-0.8845470790583704f,-0.9524666998838184f,-0.293994774161075f,-0.07983895276371805f,2.6241487579872733f,0.04584089559068108f,0.1207777291580745f,-0.9916205687816599f,2.1602324782544606f,0f,0f,0f,1f], start_interpolation: 0, interpolation_duration: 1 }
$data merge entity $(bone_right_whisker10) { transformation: [0.09967069527217232f,-0.9948978870222881f,0.015618799651316774f,-0.9234809443990627f,-0.9433547846364004f,-0.0994760612272814f,-0.3165221375296163f,2.992646720735867f,0.3164609024944043f,0.01681391213526394f,-0.9484565301325805f,2.0366149382175838f,0f,0f,0f,1f], start_interpolation: 0, interpolation_duration: 1 }
$data merge entity $(bone_right_whisker1) { transformation: [-0.33158471451311633f,-0.9432199439416895f,-0.019690466015080815f,-0.7939556652923766f,-0.9410833369102414f,0.33215923667376956f,-0.06350113764480586f,3.3602573992164304f,0.06643590965088736f,-0.002525637134421166f,-0.9977874979503021f,2.010663411010206f,0f,0f,0f,1f], start_interpolation: 0, interpolation_duration: 1 }
$data merge entity $(bone_left_whisker16) { transformation: [0.28326872818486953f,-0.9321841116341757f,0.22536993954236412f,0.8583852561496783f,-0.9274310571348883f,-0.3260963824454391f,-0.18311958829590647f,1.5386769700496161f,0.24419349273514768f,-0.1571430283938821f,-0.9569094036182364f,2.122008441499625f,0f,0f,0f,1f], start_interpolation: 0, interpolation_duration: 1 }
$data merge entity $(bone_left_whisker15) { transformation: [-0.8872351588690262f,-0.40251976748642376f,0.22536993954236412f,0.5984530806997683f,-0.44436062712255325f,0.876932636777529f,-0.18311958829590647f,1.4084931925723057f,-0.12392500123019962f,-0.2626156646833659f,-0.9569094036182364f,2.085702288795465f,0f,0f,0f,1f], start_interpolation: 0, interpolation_duration: 1 }
$data merge entity $(bone_left_whisker14) { transformation: [-0.7397685803055887f,0.6339959289643149f,0.22536993954236412f,0.38172400443836546f,0.6069759615975162f,0.7733352432322665f,-0.18311958829590647f,1.586318181321578f,-0.29038359050646123f,0.0013280179090939224f,-0.9569094036182364f,2.000628971264275f,0f,0f,0f,1f], start_interpolation: 0, interpolation_duration: 1 }
$data merge entity $(bone_left_whisker13) { transformation: [-0.09850277020723505f,0.9951084114378986f,-0.007513570858277363f,0.35286577097921457f,0.9950997969121935f,0.09856139232797416f,0.007876936440213478f,1.8778513249481972f,0.008578953713164944f,-0.0067008527750499584f,-0.9999407483072557f,2.003142336609929f,0f,0f,0f,1f], start_interpolation: 0, interpolation_duration: 1 }
$data merge entity $(bone_left_whisker12) { transformation: [0.07969343510551324f,0.9964074598909501f,-0.028655370783636495f,0.3839960190673057f,0.9721885348458721f,-0.07134120835442245f,0.22306923746847765f,2.257612471372366f,0.22022354350822837f,-0.04563557673783934f,-0.9743813344992217f,2.0891671582928306f,0f,0f,0f,1f], start_interpolation: 0, interpolation_duration: 1 }
$data merge entity $(bone_left_whisker11) { transformation: [0.28145282160628116f,0.9582031607405482f,-0.0512933909649749f,0.49393852750725925f,0.955261644512639f,-0.28484974625984755f,-0.07959781767554722f,2.6307615512601155f,-0.09088178988593942f,-0.02659557862734671f,-0.9955064919248917f,2.0536664591186353f,0f,0f,0f,1f], start_interpolation: 0, interpolation_duration: 1 }
$data merge entity $(bone_left_whisker10) { transformation: [0.04084783756441352f,0.9865645119575022f,-0.15818317834828902f,0.5098947140558583f,0.9440288722033837f,-0.08997070175167018f,-0.31735589055935287f,2.999522829464562f,-0.3273239108478315f,-0.13636618559000385f,-0.9350204921898309f,1.9258055564437013f,0f,0f,0f,1f], start_interpolation: 0, interpolation_duration: 1 }
$data merge entity $(bone_left_whisker1) { transformation: [-0.34681566341853043f,0.9284140824831888f,-0.1332898610339999f,0.3744198455329949f,0.937828952944161f,0.3411377336854282f,-0.06404609024467495f,3.365862264208375f,-0.01399109099476098f,-0.14721527808915896f,-0.9890055162990284f,1.9203402865238728f,0f,0f,0f,1f], start_interpolation: 0, interpolation_duration: 1 }
$data merge entity $(bone_upper_left_tooth1) { transformation: [-0.9982465862298016f,0.019073330995872443f,0.05603535602875121f,0.005102107006061257f,0.027631802988608234f,0.9873424819263651f,0.15617716493484143f,3.534913181080784f,-0.05234726873625552f,0.15745167966143697f,-0.9861382925470679f,2.8554440225230424f,0f,0f,0f,1f], start_interpolation: 0, interpolation_duration: 1 }
$data merge entity $(bone_upper_right_tooth1) { transformation: [-0.9982465862298016f,0.019073330995872443f,0.05603535602875121f,-0.579808002112963f,0.027631802988608234f,0.9873424819263651f,0.15617716493484143f,3.5511036906444216f,-0.05234726873625552f,0.15745167966143697f,-0.9861382925470679f,2.8247717947478925f,0f,0f,0f,1f], start_interpolation: 0, interpolation_duration: 1 }
$data merge entity $(bone_top_lip1) { transformation: [-0.9982465862298016f,0.04339592302588888f,0.04025601750394767f,-0.26093248807669445f,0.027631802988608234f,0.9430737709989673f,-0.3314337730488351f,3.648396003338197f,-0.05234726873625552f,-0.3297402861624875f,-0.9426192800581448f,2.8582996891357513f,0f,0f,0f,1f], start_interpolation: 0, interpolation_duration: 1 }
$data merge entity $(bone_muzzle1) { transformation: [-0.9982465862298016f,0.019073330995872443f,0.05603535602875121f,-0.2307775294206823f,0.027631802988608234f,0.9873424819263651f,0.15617716493484143f,3.8692846310299696f,-0.05234726873625552f,0.15745167966143697f,-0.9861382925470679f,2.3998510618659092f,0f,0f,0f,1f], start_interpolation: 0, interpolation_duration: 1 }
$data merge entity $(bone_jaw_right_tooth1) { transformation: [-0.9982465862298016f,0.04749774933869925f,0.03532303622715787f,-0.5836734202871428f,0.027631802988608234f,0.9016650386821484f,-0.43155143549977804f,3.454448237075566f,-0.05234726873625552f,-0.42981870809223566f,-0.9013964952393457f,2.8474640206197193f,0f,0f,0f,1f], start_interpolation: 0, interpolation_duration: 1 }
$data merge entity $(bone_jaw_left_tooth1) { transformation: [-0.9982465862298016f,0.04749774933869925f,0.03532303622715787f,0.04997919792513367f,0.027631802988608234f,0.9016650386821484f,-0.43155143549977804f,3.4369085183816255f,-0.05234726873625552f,-0.42981870809223566f,-0.9013964952393457f,2.8806922673761317f,0f,0f,0f,1f], start_interpolation: 0, interpolation_duration: 1 }
$data merge entity $(bone_tongue1) { transformation: [-0.9982465862298016f,0.031195697842547172f,0.05030488561425729f,-0.23170055220451846f,0.027631802988608234f,0.9971608248350765f,-0.07004836099316855f,3.3843980416086965f,-0.05234726873625552f,-0.06853552254376585f,-0.9962743826905855f,2.1615026882269124f,0f,0f,0f,1f], start_interpolation: 0, interpolation_duration: 1 }
$data merge entity $(bone_jaw_lips1) { transformation: [-0.9982465862298016f,0.031195697842547172f,0.05030488561425729f,-0.22576214834630104f,0.027631802988608234f,0.9971608248350765f,-0.07004836099316855f,3.3257885912967184f,-0.05234726873625552f,-0.06853552254376585f,-0.9962743826905855f,2.950094907709771f,0f,0f,0f,1f], start_interpolation: 0, interpolation_duration: 1 }
$data merge entity $(bone_jaw3) { transformation: [-0.9982465862298016f,0.04064237092887257f,0.04303429755238194f,-0.19511835223626062f,0.027631802988608234f,0.9629048410583165f,-0.2684227086705919f,3.045557792326605f,-0.05234726873625552f,-0.2667629373652545f,-0.9623394924371106f,2.217805563683253f,0f,0f,0f,1f], start_interpolation: 0, interpolation_duration: 1 }
$data merge entity $(bone_jaw1) { transformation: [-0.9982465862298016f,-0.001691347535584118f,0.05916833971019372f,-0.14889308683767177f,0.027631802988608234f,0.8706800602751269f,0.4910730252242538f,3.429208593283053f,-0.05234726873625552f,0.49184689892568756f,-0.8691066628861148f,1.538815983303476f,0f,0f,0f,1f], start_interpolation: 0, interpolation_duration: 1 }
$data merge entity $(bone_tear_right1) { transformation: [-0.9982465862298016f,0.014116948138221804f,0.05748447491114248f,-0.7531390925676679f,0.027631802988608234f,0.9699736088856703f,0.24163543102969773f,3.9453764082955103f,-0.05234726873625552f,0.24280014382321058f,-0.9686629205328768f,2.3273439396409192f,0f,0f,0f,1f], start_interpolation: 0, interpolation_duration: 1 }
$data merge entity $(bone_right_pupil1) { transformation: [-0.9982465862298016f,0.014116948138221804f,0.05748447491114248f,-0.5942787472471959f,0.027631802988608234f,0.9699736088856703f,0.24163543102969773f,4.021489686006293f,-0.05234726873625552f,0.24280014382321058f,-0.9686629205328768f,2.4162473304657723f,0f,0f,0f,1f], start_interpolation: 0, interpolation_duration: 1 }
$data merge entity $(bone_right_sad_pupil1) { transformation: [-0.9982465862298016f,0.014116948138221804f,0.05748447491114248f,-0.5937173754218917f,0.027631802988608234f,0.9699736088856703f,0.24163543102969773f,4.023849407012443f,-0.05234726873625552f,0.24280014382321058f,-0.9686629205328768f,2.4067877316324435f,0f,0f,0f,1f], start_interpolation: 0, interpolation_duration: 1 }
$data merge entity $(bone_right_happy_pupil1) { transformation: [-0.9982465862298016f,0.014116948138221804f,0.05748447491114248f,-0.618432965659069f,0.027631802988608234f,0.9699736088856703f,0.24163543102969773f,4.000843309748723f,-0.05234726873625552f,0.24280014382321058f,-0.9686629205328768f,2.39958207648907f,0f,0f,0f,1f], start_interpolation: 0, interpolation_duration: 1 }
$data merge entity $(bone_eyelid_right1) { transformation: [-0.9982465862298016f,0.014116948138221804f,0.05748447491114248f,-0.19102045629489828f,0.027631802988608234f,0.9699736088856703f,0.24163543102969773f,4.084084545760269f,-0.05234726873625552f,0.24280014382321058f,-0.9686629205328768f,1.9416336767076248f,0f,0f,0f,1f], start_interpolation: 0, interpolation_duration: 1 }
$data merge entity $(bone_eyelid_expressions_right5) { transformation: [-0.9982465862298016f,0.014116948138221804f,0.05748447491114248f,-0.70444622616769f,0.027631802988608234f,0.9699736088856703f,0.24163543102969773f,4.121676564619943f,-0.05234726873625552f,0.24280014382321058f,-0.9686629205328768f,2.424619855879297f,0f,0f,0f,1f], start_interpolation: 0, interpolation_duration: 1 }
$data merge entity $(bone_eyelid_expressions_right7) { transformation: [-0.9982465862298016f,0.014116948138221804f,0.05748447491114248f,-0.41199117160817783f,0.027631802988608234f,0.9699736088856703f,0.24163543102969773f,4.113581309838124f,-0.05234726873625552f,0.24280014382321058f,-0.9686629205328768f,2.439955969766872f,0f,0f,0f,1f], start_interpolation: 0, interpolation_duration: 1 }
$data merge entity $(bone_eyelid_expressions_right6) { transformation: [-0.9982465862298016f,0.014116948138221804f,0.05748447491114248f,-0.5094761897946819f,0.027631802988608234f,0.9699736088856703f,0.24163543102969773f,4.11627972809873f,-0.05234726873625552f,0.24280014382321058f,-0.9686629205328768f,2.434843931804347f,0f,0f,0f,1f], start_interpolation: 0, interpolation_duration: 1 }
$data merge entity $(bone_right_eye1) { transformation: [-0.9982465862298016f,0.014116948138221804f,0.05748447491114248f,-0.2013303299388528f,0.027631802988608234f,0.9699736088856703f,0.24163543102969773f,4.08199466658018f,-0.05234726873625552f,0.24280014382321058f,-0.9686629205328768f,1.950582071744701f,0f,0f,0f,1f], start_interpolation: 0, interpolation_duration: 1 }
$data merge entity $(bone_tear_left1) { transformation: [-0.9982465862298016f,0.014116948138221804f,0.05748447491114248f,0.29969910384657605f,0.027631802988608234f,0.9699736088856703f,0.24163543102969773f,3.9162334910809626f,-0.05234726873625552f,0.24280014382321058f,-0.9686629205328768f,2.3825539496361885f,0f,0f,0f,1f], start_interpolation: 0, interpolation_duration: 1 }
$data merge entity $(bone_left_sad_pupil1) { transformation: [-0.9982465862298016f,0.014116948138221804f,0.05748447491114248f,0.13742026097688875f,0.027631802988608234f,0.9699736088856703f,0.24163543102969773f,4.003611270057895f,-0.05234726873625552f,0.24280014382321058f,-0.9686629205328768f,2.4451280163513807f,0f,0f,0f,1f], start_interpolation: 0, interpolation_duration: 1 }
$data merge entity $(bone_left_pupil1) { transformation: [-0.9982465862298016f,0.014116948138221804f,0.05748447491114248f,0.13685888915158462f,0.027631802988608234f,0.9699736088856703f,0.24163543102969773f,4.001251549051746f,-0.05234726873625552f,0.24280014382321058f,-0.9686629205328768f,2.4545876151847095f,0f,0f,0f,1f], start_interpolation: 0, interpolation_duration: 1 }
$data merge entity $(bone_eyelid_left1) { transformation: [-0.9982465862298016f,0.014116948138221804f,0.05748447491114248f,-0.21051745993219909f,0.027631802988608234f,0.9699736088856703f,0.24163543102969773f,4.08462422941239f,-0.05234726873625552f,0.24280014382321058f,-0.9686629205328768f,1.9406112691151198f,0f,0f,0f,1f], start_interpolation: 0, interpolation_duration: 1 }
$data merge entity $(bone_left_happy_pupil1) { transformation: [-0.9982465862298016f,0.014116948138221804f,0.05748447491114248f,0.16144717983296336f,0.027631802988608234f,0.9699736088856703f,0.24163543102969773f,3.9792559636638734f,-0.05234726873625552f,0.24280014382321058f,-0.9686629205328768f,2.4404783801892695f,0f,0f,0f,1f], start_interpolation: 0, interpolation_duration: 1 }
$data merge entity $(bone_eyelid_expressions_left5) { transformation: [-0.9982465862298016f,0.014116948138221804f,0.05748447491114248f,0.25090695206004976f,0.027631802988608234f,0.9699736088856703f,0.24163543102969773f,4.095232065666001f,-0.05234726873625552f,0.24280014382321058f,-0.9686629205328768f,2.474717827912041f,0f,0f,0f,1f], start_interpolation: 0, interpolation_duration: 1 }
$data merge entity $(bone_eyelid_expressions_left7) { transformation: [-0.9982465862298016f,0.014116948138221804f,0.05748447491114248f,-0.04154810249946238f,0.027631802988608234f,0.9699736088856703f,0.24163543102969773f,4.10332732044782f,-0.05234726873625552f,0.24280014382321058f,-0.9686629205328768f,2.4593817140244663f,0f,0f,0f,1f], start_interpolation: 0, interpolation_duration: 1 }
$data merge entity $(bone_eyelid_expressions_left6) { transformation: [-0.9982465862298016f,0.014116948138221804f,0.05748447491114248f,0.05593691568704168f,0.027631802988608234f,0.9699736088856703f,0.24163543102969773f,4.100628902187213f,-0.05234726873625552f,0.24280014382321058f,-0.9686629205328768f,2.4644937519869914f,0f,0f,0f,1f], start_interpolation: 0, interpolation_duration: 1 }
$data merge entity $(bone_left_eye1) { transformation: [-0.9982465862298016f,0.014116948138221804f,0.05748447491114248f,-0.2013303299388528f,0.027631802988608234f,0.9699736088856703f,0.24163543102969773f,4.08199466658018f,-0.05234726873625552f,0.24280014382321058f,-0.9686629205328768f,1.950582071744701f,0f,0f,0f,1f], start_interpolation: 0, interpolation_duration: 1 }
$data merge entity $(bone_crest_middle5) { transformation: [-0.9982465862298016f,0.026224237657267363f,0.053066396522113445f,-0.208151129349547f,0.027631802988608234f,0.9992808407726267f,0.025966993055635074f,5.150599181395444f,-0.05234726873625552f,0.02738778238645495f,-0.9982533109545926f,2.6447216138910514f,0f,0f,0f,1f], start_interpolation: 0, interpolation_duration: 1 }
$data merge entity $(bone_crest_middle4) { transformation: [-0.9982465862298016f,0.026224237657267363f,0.053066396522113445f,-0.2235168936018521f,0.027631802988608234f,0.9992808407726267f,0.025966993055635074f,4.5650830637552335f,-0.05234726873625552f,0.02738778238645495f,-0.9982533109545926f,2.628674085148988f,0f,0f,0f,1f], start_interpolation: 0, interpolation_duration: 1 }
$data merge entity $(bone_crest_middle1) { transformation: [-0.9982465862298016f,0.026224237657267363f,0.053066396522113445f,-0.2389279323383518f,0.027631802988608234f,0.9992808407726267f,0.025966993055635074f,4.124044088036198f,-0.05234726873625552f,0.02738778238645495f,-0.9982533109545926f,2.689753006720032f,0f,0f,0f,1f], start_interpolation: 0, interpolation_duration: 1 }
$data merge entity $(bone_crest_left5) { transformation: [-0.5482636131155867f,-0.8196865830248573f,0.16589429207322226f,-1.179718294329092f,-0.8032208874747322f,0.571352595411498f,0.16850049744985662f,4.6154658412668885f,-0.23290173133265019f,-0.04086706896241399f,-0.9716412229916325f,2.542295625033245f,0f,0f,0f,1f], start_interpolation: 0, interpolation_duration: 1 }
$data merge entity $(bone_crest_left4) { transformation: [-0.5482636131155867f,-0.8196865830248573f,0.16589429207322226f,-0.7794807049614858f,-0.8032208874747322f,0.571352595411498f,0.16850049744985662f,4.336485081788618f,-0.23290173133265019f,-0.04086706896241399f,-0.9716412229916325f,2.5622502485500487f,0f,0f,0f,1f], start_interpolation: 0, interpolation_duration: 1 }
$data merge entity $(bone_crest_left1) { transformation: [-0.5482636131155867f,-0.8196865830248573f,0.16589429207322226f,-0.3311190494269812f,-0.8032208874747322f,0.571352595411498f,0.16850049744985662f,4.037833809714565f,-0.23290173133265019f,-0.04086706896241399f,-0.9716412229916325f,2.5367569153271443f,0f,0f,0f,1f], start_interpolation: 0, interpolation_duration: 1 }
$data merge entity $(bone_crest_center1) { transformation: [-0.9982465862298016f,0.014116948138221804f,0.05748447491114248f,-0.23397867888308665f,0.027631802988608234f,0.9699736088856703f,0.24163543102969773f,4.011454698260026f,-0.05234726873625552f,0.24280014382321058f,-0.9686629205328768f,2.535941291278405f,0f,0f,0f,1f], start_interpolation: 0, interpolation_duration: 1 }
$data merge entity $(bone_crest_right5) { transformation: [-0.5244513865140659f,0.8497333217017936f,-0.05388900790615374f,0.7377908679833227f,0.8329140013221239f,0.5251424880602781f,0.1745841734964264f,4.56238853939303f,0.17664939735261814f,0.046676002651218906f,-0.9831664870160395f,2.642848302907059f,0f,0f,0f,1f], start_interpolation: 0, interpolation_duration: 1 }
$data merge entity $(bone_crest_right4) { transformation: [-0.5244513865140659f,0.8497333217017936f,-0.05388900790615374f,0.3228820194961189f,0.8329140013221239f,0.5251424880602781f,0.1745841734964264f,4.305971308894848f,0.17664939735261814f,0.046676002651218906f,-0.9831664870160395f,2.620057285987518f,0f,0f,0f,1f], start_interpolation: 0, interpolation_duration: 1 }
$data merge entity $(bone_crest_right1) { transformation: [-0.5244513865140659f,0.8497333217017936f,-0.05388900790615374f,-0.1361490130539731f,0.8329140013221239f,0.5251424880602781f,0.1745841734964264f,4.032436973193352f,0.17664939735261814f,0.046676002651218906f,-0.9831664870160395f,2.5469809912521937f,0f,0f,0f,1f], start_interpolation: 0, interpolation_duration: 1 }
$data merge entity $(bone_head1) { transformation: [-0.9982465862298016f,0.014116948138221804f,0.05748447491114248f,-0.1711441836554375f,0.027631802988608234f,0.9699736088856703f,0.24163543102969773f,4.164417329297026f,-0.05234726873625552f,0.24280014382321058f,-0.9686629205328768f,1.4184486601389952f,0f,0f,0f,1f], start_interpolation: 0, interpolation_duration: 1 }
$data merge entity $(bone_neck10) { transformation: [-1.2974347988665536f,0.01197154286377297f,0.10927319797649393f,-0.09687849295631747f,0.04669579435747081f,1.2317762369684706f,0.41948517467672675f,4.093767645163653f,-0.09951609128112893f,0.4219063772280526f,-1.2278080319719653f,0.4170635241905539f,0f,0f,0f,1f], start_interpolation: 0, interpolation_duration: 1 }
$data merge entity $(bone_neck9) { transformation: [-0.9964299255295133f,-0.0039296811436674295f,0.08433244402575706f,-0.0960074350603411f,0.035862370066537586f,0.8846090538426606f,0.46495237634923864f,2.9480260545260344f,-0.07642835810390702f,0.4663168230567092f,-0.8813100059637579f,-0.13190753994571006f,0f,0f,0f,1f], start_interpolation: 0, interpolation_duration: 1 }
$data merge entity $(bone_neck8) { transformation: [-0.9967374862829581f,0.0383763994007398f,0.07100447455875328f,-0.12400482656408306f,0.028613189676842333f,0.9906036353502585f,-0.13373751533272016f,2.3055489557624282f,-0.07546965492730695f,-0.13126953035601008f,-0.9884698485969443f,-0.005727944330206403f,0f,0f,0f,1f], start_interpolation: 0, interpolation_duration: 1 }
$data merge entity $(bone_neck7) { transformation: [-0.9979915879612645f,0.02480771190781865f,0.05828694355044031f,-0.14554739210628245f,0f,0.9201275762566252f,-0.39161874752379855f,1.563433344456047f,-0.06334658916274452f,-0.39083221571667737f,-0.9182795809552988f,0.3336636389953783f,0f,0f,0f,1f], start_interpolation: 0, interpolation_duration: 1 }
$data merge entity $(bone_neck6) { transformation: [-0.9979915879612645f,0.016395303717603227f,0.06118810647961815f,-0.15804712364763215f,0f,0.9659258262890684f,-0.25881904510252063f,0.7925307711675225f,-0.06334658916274452f,-0.2582992298164828f,-0.9639858492310239f,0.5305902153891345f,0f,0f,0f,1f], start_interpolation: 0, interpolation_duration: 1 }
$data merge entity $(bone_neck_spine6) { transformation: [-1.0779166803271318f,-0.16053227462217964f,-0.19304584065585523f,0.05348755953982362f,-0.1566251297158916f,-0.23515204091230724f,1.0700998850171037f,0.7665679680358302f,-0.1962291429206603f,1.069520726296021f,0.2063037009101326f,-1.7202824658950222f,0f,0f,0f,1f], start_interpolation: 0, interpolation_duration: 1 }
$data merge entity $(bone_neck_spine7) { transformation: [-0.9529493675753387f,0.11192625998762559f,-0.28170909669896005f,0.1012301364402437f,-0.2570482414500616f,0.19419851607823926f,0.9466853426141345f,1.3979305619708318f,0.16066643832858343f,0.9745560264439358f,-0.15629090477892588f,-4.81577598989543f,0f,0f,0f,1f], start_interpolation: 0, interpolation_duration: 1 }
$data merge entity $(bone_tail6) { transformation: [-0.908852515346735f,0.45528869211399264f,-1.0994969731040962f,-0.9240939374012318f,-0.9481996890276169f,0.5589331118307223f,1.015236626561111f,-0.0021919692196493146f,0.7190957771812261f,1.3124405758038666f,-0.050943889798222834f,-7.822904141118668f,0f,0f,0f,1f], start_interpolation: 0, interpolation_duration: 1 }
$data merge entity $(bone_tail5) { transformation: [-0.7507912083299115f,0.37610805000721137f,-0.9082801082164274f,-0.6865520110808876f,-0.7832953952836836f,0.46172735325146624f,0.8386737349852657f,0.28942530651811915f,0.5940356420192737f,1.0841900408814553f,-0.04208408287679278f,-7.138152536351432f,0f,0f,0f,1f], start_interpolation: 0, interpolation_duration: 1 }
$data merge entity $(bone_tail4) { transformation: [-0.6069554189446021f,0.30405366569004033f,-0.7342727611686486f,-0.5677810479207156f,-0.6332324879767042f,0.3732701129443432f,0.6780015036512463f,0.43523394438700325f,0.4802309190218971f,0.8764820541020606f,-0.034021658578291425f,-6.7957767339678155f,0f,0f,0f,1f], start_interpolation: 0, interpolation_duration: 1 }
$data merge entity $(bone_segment18) { transformation: [-0.6069554189446021f,0.30405366569004033f,-0.7342727611686486f,-0.4193173439705006f,-0.6332324879767042f,0.3732701129443432f,0.6780015036512463f,0.6174947417231084f,0.4802309190218971f,0.8764820541020606f,-0.034021658578291425f,-6.367806980988294f,0f,0f,0f,1f], start_interpolation: 0, interpolation_duration: 1 }
$data merge entity $(bone_segment17) { transformation: [-0.6069554189446021f,0.30405366569004033f,-0.7342727611686486f,-0.22631452883522105f,-0.6332324879767042f,0.3732701129443432f,0.6780015036512463f,0.854433778260045f,0.4802309190218971f,0.8764820541020606f,-0.034021658578291425f,-5.811446302114915f,0f,0f,0f,1f], start_interpolation: 0, interpolation_duration: 1 }
$data merge entity $(bone_segment16) { transformation: [-0.8250379500576837f,0.4557720927159726f,-0.33404218366235966f,0.15201191531377964f,-0.2605787469210868f,0.2176757371450398f,0.9405934244461845f,1.0351216460073924f,0.5014091120209637f,0.8630695643803384f,-0.06082622314990925f,-5.095031136369517f,0f,0f,0f,1f], start_interpolation: 0, interpolation_duration: 1 }
$data merge entity $(bone_segment15) { transformation: [-0.9529493675753387f,0.18102414456631086f,-0.2431414442701963f,0.3376323760507195f,-0.2570482414500616f,-0.05743883428095878f,0.964690096292004f,0.9762244038247687f,0.16066643832858343f,0.9817998978409403f,0.10126823882307634f,-4.088302725497459f,0f,0f,0f,1f], start_interpolation: 0, interpolation_duration: 1 }
$data merge entity $(bone_segment14) { transformation: [-0.9804032552092004f,-0.011139438732713364f,-0.1966859681825911f,0.32621010000643336f,-0.1823955670109268f,-0.32593438413233966f,0.9276306562285636f,0.642014341970319f,-0.07444000476871052f,0.9453267636880877f,0.31751534694411515f,-3.1189735244501042f,0f,0f,0f,1f], start_interpolation: 0, interpolation_duration: 1 }
$data merge entity $(bone_segment13) { transformation: [-0.9739294241073378f,-0.1125538968580857f,-0.19695963332624344f,0.2101111168640302f,-0.14151541131977027f,-0.3771335812354071f,0.9152833715650871f,0.21454487834004946f,-0.17729880207419657f,0.9192942304869627f,0.3513733805746231f,-2.140028767164191f,0f,0f,0f,1f], start_interpolation: 0, interpolation_duration: 1 }
$data merge entity $(bone_segment12) { transformation: [-0.975249468246963f,-0.14006217767022072f,-0.17108787528720712f,0.04597575240674026f,-0.14324941373314376f,-0.18918158932027218f,0.9714370446546533f,-0.007152296644644562f,-0.16842826410411654f,0.971901699066594f,0.16443541954926427f,-1.001081463570526f,0f,0f,0f,1f], start_interpolation: 0, interpolation_duration: 1 }
$data merge entity $(bone_segment11) { transformation: [-1.02273379545408f,-0.1348170099402544f,-0.08595591533410209f,-0.10557637777837586f,-0.12430206578661156f,0.3204139345868286f,0.976438615007534f,0.3636541008403926f,-0.10056362161007767f,0.9750424330599258f,-0.3327576800846351f,0.12615468969185406f,0f,0f,0f,1f], start_interpolation: 0, interpolation_duration: 1 }
$data merge entity $(bone_segment10) { transformation: [-0.9979806151137194f,-0.06053529030146119f,0.01923981510721696f,-0.16321295740475067f,-0.041251168520477964f,0.8480003960571711f,0.528387802075877f,1.1461591015619557f,-0.04830147982140094f,0.5265271188789793f,-0.8487851083354752f,0.6119751597492112f,0f,0f,0f,1f], start_interpolation: 0, interpolation_duration: 1 }