# This file was generated by Animated Java via MC-Build. It is not recommended to edit this file directly.
$data merge entity $(bone_neck_spine5) { transformation: [-1.57080473241f,-0.055818312407981616f,0.03841880001919923f,0.18729759482234853f,-0.05022218813177765f,1.5574492368480333f,0.20940105543520543f,4.326992397634496f,-0.045490878363102526f,0.2079792927145549f,-1.5577850908724058f,-0.6064199978350783f,0f,0f,0f,1f], start_interpolation: 0, interpolation_duration: 1 }
$data merge entity $(bone_neck_spine2) { transformation: [-1.4960045070571426f,-0.0555176341587637f,0.032902717914446974f,-0.020968550165224115f,-0.04783065536359775f,1.4663604890817066f,0.2994886077158441f,5.656166957234293f,-0.04332464606009763f,0.2981593366666548f,-1.4667713750568954f,1.2361162355483666f,0f,0f,0f,1f], start_interpolation: 0, interpolation_duration: 1 }
$data merge entity $(bone_scale_neck_left1) { transformation: [-1.6064257254999335f,0.3482241887036624f,0.10578933637829925f,0.7986088854078112f,0.35195244657602964f,1.364572146381061f,0.8527176634196129f,4.804974980368815f,0.09263338835879774f,0.8542469505712812f,-1.4052531030524387f,1.0462365649710776f,0f,0f,0f,1f], start_interpolation: 0, interpolation_duration: 1 }
$data merge entity $(bone_scale_neck_right1) { transformation: [-1.5726389316450153f,-0.48341189857900846f,-0.078579945433527f,-0.7721958470021882f,-0.4535943502448974f,1.3379828554457038f,0.8468229595357838f,4.754752792237038f,-0.18469985635621644f,0.8301625718395599f,-1.4105924812703323f,1.0007456866079751f,0f,0f,0f,1f], start_interpolation: 0, interpolation_duration: 1 }
$data merge entity $(bone_blush_right1) { transformation: [-0.9989265631680502f,-0.03995079138717635f,-0.02344473639872918f,-0.6253172184820223f,-0.04527270914302706f,0.9491321022770425f,0.3116065375341359f,4.136707888344691f,0.009803224169550331f,0.3123334543315848f,-0.9499219494785777f,2.338458500693372f,0f,0f,0f,1f], start_interpolation: 0, interpolation_duration: 1 }
$data merge entity $(bone_blush_left1) { transformation: [-0.9989265631680502f,-0.03995079138717635f,-0.02344473639872918f,0.6984555805600129f,-0.04527270914302706f,0.9491321022770425f,0.3116065375341359f,4.1967030702852055f,0.009803224169550331f,0.3123334543315848f,-0.9499219494785777f,2.325467313976497f,0f,0f,0f,1f], start_interpolation: 0, interpolation_duration: 1 }
$data merge entity $(bone_left_head_scales) { transformation: [-0.8752331085597755f,-0.03995079138717635f,-0.4820486904331662f,0.6712953584057451f,-0.18404127003854953f,0.9491321022770425f,0.2554937638177489f,5.012541462828882f,0.4473207088917189f,0.3123334543315848f,-0.8380644346957518f,2.17997213367355f,0f,0f,0f,1f], start_interpolation: 0, interpolation_duration: 1 }
$data merge entity $(bone_left_head_scales2) { transformation: [-0.8048253879589122f,-0.03995079138717635f,-0.5921655420271639f,0.71113807823483f,-0.21581539958752968f,0.9491321022770425f,0.22928577306068698f,4.1073132774582595f,0.5528831777126715f,0.3123334543315848f,-0.7725076084464402f,2.0593810773258903f,0f,0f,0f,1f], start_interpolation: 0, interpolation_duration: 1 }
$data merge entity $(bone_left_head_scales1) { transformation: [-0.9989265631680502f,-0.03995079138717635f,-0.02344473639872918f,0.6757820195478595f,-0.04527270914302706f,0.9491321022770425f,0.3116065375341359f,4.90594947868644f,0.009803224169550331f,0.3123334543315848f,-0.9499219494785777f,2.1448956226890457f,0f,0f,0f,1f], start_interpolation: 0, interpolation_duration: 1 }
$data merge entity $(bone_right_head_scales) { transformation: [-0.8968842575993239f,-0.03995079138717635f,0.44045722009980515f,-0.6749142677386977f,0.10372650312416609f,0.9491321022770425f,0.2973029851461205f,4.951529413397849f,-0.42992957681478744f,0.3123334543315848f,-0.8471176850267959f,2.1931835099957953f,0f,0f,0f,1f], start_interpolation: 0, interpolation_duration: 1 }
$data merge entity $(bone_right_head_scales2) { transformation: [-0.8317200846684578f,-0.03995079138717635f,0.5537559345294927f,-0.6350715479096127f,0.1416449350975066f,0.9491321022770425f,0.28122049140911676f,4.046301228027227f,-0.5368225154744506f,0.3123334543315848f,-0.7837534052142825f,2.0725924536481357f,0f,0f,0f,1f], start_interpolation: 0, interpolation_duration: 1 }
$data merge entity $(bone_right_head_scales1) { transformation: [-0.9989265631680502f,-0.03995079138717635f,-0.02344473639872918f,-0.6704276065965832f,-0.04527270914302706f,0.9491321022770425f,0.3116065375341359f,4.844937429255408f,0.009803224169550331f,0.3123334543315848f,-0.9499219494785777f,2.158106999011291f,0f,0f,0f,1f], start_interpolation: 0, interpolation_duration: 1 }
$data merge entity $(bone_head_left_fin1) { transformation: [-0.7205300105441117f,-0.02595819088113879f,-0.7608139550880061f,0.6906322775528413f,-0.001784147486214633f,1.0476222277575074f,-0.034054115042358626f,4.532475923378581f,0.7612545689506391f,-0.02211420945340636f,-0.7201927804534013f,1.9333486443560042f,0f,0f,0f,1f], start_interpolation: 0, interpolation_duration: 1 }
$data merge entity $(bone_head_right_fin1) { transformation: [-0.7325087469920442f,-0.06934189229219524f,0.7465238345683659f,-0.6555773485916014f,-0.06406954333451194f,1.0456560194615727f,0.03426048169334351f,4.471463873947549f,-0.7469947973193831f,-0.021688452279737272f,-0.7349854296791581f,1.9465600206782498f,0f,0f,0f,1f], start_interpolation: 0, interpolation_duration: 1 }
$data merge entity $(bone_right_whisker16) { transformation: [0.2620872508965131f,0.9454424195095338f,-0.19351719383420982f,-1.1352407213204279f,0.9623122801160473f,-0.27111475743659313f,-0.021257089122256878f,1.7552672751960856f,-0.07256272083764854f,-0.18065275999014302f,-0.9808665718906836f,1.8245172784115664f,0f,0f,0f,1f], start_interpolation: 0, interpolation_duration: 1 }
$data merge entity $(bone_right_whisker15) { transformation: [-0.9031447776586065f,0.3832500571148283f,-0.19351719383420982f,-0.8309585452538076f,0.3944022907532604f,0.9186919882151086f,-0.021257089122256878f,1.6223875971590984f,0.16963591493715874f,-0.09552185357734518f,-0.9808665718906836f,1.7673645531641837f,0f,0f,0f,1f], start_interpolation: 0, interpolation_duration: 1 }
$data merge entity $(bone_right_whisker14) { transformation: [-0.7290279871796803f,-0.6565586718635865f,-0.19351719383420982f,-0.5853387644169039f,-0.6659360922628424f,0.745705878469349f,-0.021257089122256878f,1.846750831368747f,0.15826343522885777f,0.11337307095152652f,-0.9808665718906836f,1.7140433762560237f,0f,0f,0f,1f], start_interpolation: 0, interpolation_duration: 1 }
$data merge entity $(bone_right_whisker13) { transformation: [-0.06853237880609866f,-0.9970465570492493f,0.034662315724940565f,-0.5622492422605523f,-0.9809073994646978f,0.07367996740799856f,0.17997759882318728f,2.1772323282587087f,-0.18199996354554906f,-0.02166622899801306f,-0.9830598088572357f,1.7753617233490064f,0f,0f,0f,1f], start_interpolation: 0, interpolation_duration: 1 }
$data merge entity $(bone_right_whisker12) { transformation: [0.11463223251651752f,-0.9922148518653582f,0.04867380205084177f,-0.6137441904613317f,-0.9175389444506389f,-0.086970272088457f,0.3880186299512786f,2.589408025961144f,-0.38076467363016553f,-0.08913955076544423f,-0.9203653643008566f,1.9464083540813073f,0f,0f,0f,1f], start_interpolation: 0, interpolation_duration: 1 }
$data merge entity $(bone_right_whisker11) { transformation: [0.30720027214123463f,-0.9482006858681215f,0.08089160720109073f,-0.7517443127122769f,-0.9494196046246861f,-0.29956312700842863f,0.09415066272330189f,3.01590511397614f,-0.06504158016727657f,-0.10572318693719088f,-0.9922661944222365f,1.9756262514220762f,0f,0f,0f,1f], start_interpolation: 0, interpolation_duration: 1 }
$data merge entity $(bone_right_whisker10) { transformation: [0.05998127507475313f,-0.9793395722852232f,0.19312236741662797f,-0.7786890261247637f,-0.9849686633297463f,-0.08946376402783206f,-0.14775982940023177f,3.4583715057062996f,0.16198450203281817f,-0.18135665712117832f,-0.9699849400990778f,1.9028597758995212f,0f,0f,0f,1f], start_interpolation: 0, interpolation_duration: 1 }
$data merge entity $(bone_right_whisker1) { transformation: [-0.3189667089720527f,-0.9337869642658974f,0.1621793573011612f,-0.6354031998287244f,-0.9345133763409679f,0.33838361037283854f,0.11036884375061629f,3.8781724364844687f,-0.15793982400693846f,-0.11635479190013168f,-0.9805695153300119f,1.973809306215138f,0f,0f,0f,1f], start_interpolation: 0, interpolation_duration: 1 }
$data merge entity $(bone_left_whisker16) { transformation: [0.25325234693689364f,-0.8816467308449087f,0.39819880808641295f,1.2524994831313976f,-0.9588857819897345f,-0.28326309142182715f,-0.017322763523341944f,1.7711433836322967f,0.12806758320859832f,-0.37744014496160094f,-0.9171355576480908f,2.081689814701947f,0f,0f,0f,1f], start_interpolation: 0, interpolation_duration: 1 }
$data merge entity $(bone_left_whisker15) { transformation: [-0.8410480563267396f,-0.36616372866188307f,0.39819880808641295f,0.9691385657166269f,-0.4059994463040968f,0.9137091284783587f,-0.017322763523341944f,1.6343564608052328f,-0.3574949182153224f,-0.17623777219354964f,-0.9171355576480908f,1.9612447494829175f,0f,0f,0f,1f], start_interpolation: 0, interpolation_duration: 1 }
$data merge entity $(bone_left_whisker14) { transformation: [-0.6872993062218401f,0.6075009242013851f,0.39819880808641295f,0.7375777643039956f,0.6565189179616836f,0.7541106233321043f,-0.017322763523341944f,1.8555469165638074f,-0.31080954622629825f,0.24951912726708575f,-0.9171355576480908f,1.856528642600034f,0f,0f,0f,1f], start_interpolation: 0, interpolation_duration: 1 }
$data merge entity $(bone_left_whisker13) { transformation: [-0.11860214736287734f,0.9777381935226659f,0.1730940656635815f,0.6976190330147449f,0.9796631401336039f,0.08681033091228658f,0.18089803290933407f,2.1856092049877267f,0.1618445627893672f,0.19102877106324384f,-0.9681499605544512f,1.911056351742936f,0f,0f,0f,1f], start_interpolation: 0, interpolation_duration: 1 }
$data merge entity $(bone_left_whisker12) { transformation: [0.018855530975512354f,0.9894966423134425f,0.143320842176059f,0.7060892910701508f,0.9184265059215877f,-0.07379385259683516f,0.38864793906513995f,2.5981836119446897f,0.3951420278485894f,0.12430149705188537f,-0.91017136609452f,2.0885615595655445f,0f,0f,0f,1f], start_interpolation: 0, interpolation_duration: 1 }
$data merge entity $(bone_left_whisker11) { transformation: [0.27379867343199654f,0.9528214356660596f,0.13101754906174984f,0.8290847889009306f,0.9532826724090486f,-0.286923211960367f,0.09448395061072087f,3.0264160624409424f,0.12761830946828012f,0.09902717896423888f,-0.9868673593319636f,2.1458900970219985f,0f,0f,0f,1f], start_interpolation: 0, interpolation_duration: 1 }
$data merge entity $(bone_left_whisker10) { transformation: [0.08014463711786629f,0.9965864534676467f,0.0198060068167156f,0.8650872626062222f,0.9859003619176183f,-0.07632581217348212f,-0.1489122116106261f,3.469300990646122f,-0.1468921832908584f,0.031461264450695234f,-0.9886520496753185f,2.0799033740593083f,0f,0f,0f,1f], start_interpolation: 0, interpolation_duration: 1 }
$data merge entity $(bone_left_whisker1) { transformation: [-0.3575381610299724f,0.9326175586771954f,0.04889736858250849f,0.7044744168310393f,0.9300152887124427f,0.35079335266257045f,0.10961563067768076f,3.887081296122415f,0.08507659001404394f,0.0846670713721788f,-0.9927705983039792f,2.1181213734796795f,0f,0f,0f,1f], start_interpolation: 0, interpolation_duration: 1 }
$data merge entity $(bone_upper_left_tooth1) { transformation: [-0.9989265631680502f,-0.04184210997882875f,-0.019873581201866473f,0.3589416928279294f,-0.04527270914302706f,0.9726786673008757f,0.22769846724263082f,4.036098433396581f,0.009803224169550331f,0.22835377818269628f,-0.973528863868745f,3.0741676231955983f,0f,0f,0f,1f], start_interpolation: 0, interpolation_duration: 1 }
$data merge entity $(bone_upper_right_tooth1) { transformation: [-0.9989265631680502f,-0.04184210997882875f,-0.019873581201866473f,-0.3141631202442918f,-0.04527270914302706f,0.9726786673008757f,0.22769846724263082f,4.005592408681065f,0.009803224169550331f,0.22835377818269628f,-0.973528863868745f,3.080773311356721f,0f,0f,0f,1f], start_interpolation: 0, interpolation_duration: 1 }
$data merge entity $(bone_top_lip1) { transformation: [-0.9989265631680502f,-0.04632153395324055f,-0.00019206635927182525f,0.04526670756499733f,-0.04527270914302706f,0.9771693101244964f,-0.207582564676485f,4.142276532817905f,0.009803224169550331f,-0.2073510425414713f,-0.9782174819296814f,3.10540494641449f,0f,0f,0f,1f], start_interpolation: 0, interpolation_duration: 1 }
$data merge entity $(bone_muzzle1) { transformation: [-0.9989265631680502f,-0.04184210997882875f,-0.019873581201866473f,0.027058628304820396f,-0.04527270914302706f,0.9726786673008757f,0.22769846724263082f,4.43398911951118f,0.009803224169550331f,0.22835377818269628f,-0.973528863868745f,2.5972134718168207f,0f,0f,0f,1f], start_interpolation: 0, interpolation_duration: 1 }
$data merge entity $(bone_jaw_right_tooth1) { transformation: [-0.9989265631680502f,-0.04563291624512039f,0.007959795991946529f,-0.30975492694032536f,-0.04527270914302706f,0.9254120510719096f,-0.37624847845238174f,3.912473198080161f,0.009803224169550331f,-0.3762049610064273f,-0.926484605436072f,3.0999203232481403f,0f,0f,0f,1f], start_interpolation: 0, interpolation_duration: 1 }
$data merge entity $(bone_jaw_left_tooth1) { transformation: [-0.9989265631680502f,-0.04563291624512039f,0.007959795991946529f,0.4194419538879143f,-0.04527270914302706f,0.9254120510719096f,-0.37624847845238174f,3.9455213915219707f,0.009803224169550331f,-0.3762049610064273f,-0.926484605436072f,3.0927641610735908f,0f,0f,0f,1f], start_interpolation: 0, interpolation_duration: 1 }
$data merge entity $(bone_tongue1) { transformation: [-0.9989265631680502f,-0.04555545015690416f,-0.008391803040431852f,0.04870868434693196f,-0.04527270914302706f,0.9984854034718917f,-0.03126149165386391f,3.88808676650548f,0.009803224169550331f,-0.03084801475906615f,-0.9994760111084737f,2.2822495048426163f,0f,0f,0f,1f], start_interpolation: 0, interpolation_duration: 1 }
$data merge entity $(bone_jaw_lips1) { transformation: [-0.9989265631680502f,-0.04555545015690416f,-0.008391803040431852f,0.11822375045846037f,-0.04527270914302706f,0.9984854034718917f,-0.03126149165386391f,3.7897610105784776f,0.009803224169550331f,-0.03084801475906615f,-0.9994760111084737f,3.1836497816295917f,0f,0f,0f,1f], start_interpolation: 0, interpolation_duration: 1 }
$data merge entity $(bone_jaw3) { transformation: [-0.9989265631680502f,-0.046321853779353356f,-0.0000852039423283775f,0.12204883767327415f,-0.04527270914302706f,0.9766878252597575f,-0.2098363023792989f,3.5189708909117505f,0.009803224169550331f,-0.20960719895034613f,-0.977736528387925f,2.322869597965555f,0f,0f,0f,1f], start_interpolation: 0, interpolation_duration: 1 }
$data merge entity $(bone_jaw1) { transformation: [-0.9989265631680502f,-0.032694248639108234f,-0.03281474520991669f,0.09256684002373962f,-0.04527270914302706f,0.8389992566950294f,0.5422459119920032f,4.006144952467066f,0.009803224169550331f,0.5431494576735877f,-0.8395788012002026f,1.5685605187622482f,0f,0f,0f,1f], start_interpolation: 0, interpolation_duration: 1 }
$data merge entity $(bone_tear_right1) { transformation: [-0.9989265631680502f,-0.03995079138717635f,-0.02344473639872918f,-0.5825588063081035f,-0.04527270914302706f,0.9491321022770425f,0.3116065375341359f,4.480826614230872f,0.009803224169550331f,0.3123334543315848f,-0.9499219494785777f,2.5566884340427336f,0f,0f,0f,1f], start_interpolation: 0, interpolation_duration: 1 }
$data merge entity $(bone_right_pupil1) { transformation: [-0.9989265631680502f,-0.03995079138717635f,-0.02344473639872918f,-0.4003622305677233f,-0.04527270914302706f,0.9491321022770425f,0.3116065375341359f,4.574810814007764f,0.009803224169550331f,0.3123334543315848f,-0.9499219494785777f,2.653956796917312f,0f,0f,0f,1f], start_interpolation: 0, interpolation_duration: 1 }
$data merge entity $(bone_right_sad_pupil1) { transformation: [-0.9989265631680502f,-0.03995079138717635f,-0.02344473639872918f,-0.4006255259472012f,-0.04527270914302706f,0.9491321022770425f,0.3116065375341359f,4.578310301489837f,0.009803224169550331f,0.3123334543315848f,-0.9499219494785777f,2.643288728148754f,0f,0f,0f,1f], start_interpolation: 0, interpolation_duration: 1 }
$data merge entity $(bone_right_happy_pupil1) { transformation: [-0.9989265631680502f,-0.03995079138717635f,-0.02344473639872918f,-0.4275495499077638f,-0.04527270914302706f,0.9491321022770425f,0.3116065375341359f,4.550391578455309f,0.009803224169550331f,0.3123334543315848f,-0.9499219494785777f,2.6347949461311426f,0f,0f,0f,1f], start_interpolation: 0, interpolation_duration: 1 }
$data merge entity $(bone_eyelid_right1) { transformation: [-0.9989265631680502f,-0.03995079138717635f,-0.02344473639872918f,0.02036231636053585f,-0.04527270914302706f,0.9491321022770425f,0.3116065375341359f,4.719563398984593f,0.009803224169550331f,0.3123334543315848f,-0.9499219494785777f,2.088108380802168f,0f,0f,0f,1f], start_interpolation: 0, interpolation_duration: 1 }
$data merge entity $(bone_eyelid_expressions_right5) { transformation: [-0.9989265631680502f,-0.03995079138717635f,-0.02344473639872918f,-0.5341235839389246f,-0.04527270914302706f,0.9491321022770425f,0.3116065375341359f,4.679055313831683f,0.009803224169550331f,0.3123334543315848f,-0.9499219494785777f,2.679631325841106f,0f,0f,0f,1f], start_interpolation: 0, interpolation_duration: 1 }
$data merge entity $(bone_eyelid_expressions_right7) { transformation: [-0.9989265631680502f,-0.03995079138717635f,-0.02344473639872918f,-0.19757117740281394f,-0.04527270914302706f,0.9491321022770425f,0.3116065375341359f,4.694308326189442f,0.009803224169550331f,0.3123334543315848f,-0.9499219494785777f,2.6763284817605446f,0f,0f,0f,1f], start_interpolation: 0, interpolation_duration: 1 }
$data merge entity $(bone_eyelid_expressions_right6) { transformation: [-0.9989265631680502f,-0.03995079138717635f,-0.02344473639872918f,-0.30975531291485087f,-0.04527270914302706f,0.9491321022770425f,0.3116065375341359f,4.689223988736856f,0.009803224169550331f,0.3123334543315848f,-0.9499219494785777f,2.6774294297873986f,0f,0f,0f,1f], start_interpolation: 0, interpolation_duration: 1 }
$data merge entity $(bone_right_eye1) { transformation: [-0.9989265631680502f,-0.03995079138717635f,-0.02344473639872918f,0.009407198188810076f,-0.04527270914302706f,0.9491321022770425f,0.3116065375341359f,4.7155554777572615f,0.009803224169550331f,0.3123334543315848f,-0.9499219494785777f,2.098886544373412f,0f,0f,0f,1f], start_interpolation: 0, interpolation_duration: 1 }
$data merge entity $(bone_tear_left1) { transformation: [-0.9989265631680502f,-0.03995079138717635f,-0.02344473639872918f,0.6290298572218949f,-0.04527270914302706f,0.9491321022770425f,0.3116065375341359f,4.535737458718802f,0.009803224169550331f,0.3123334543315848f,-0.9499219494785777f,2.5447981953527123f,0f,0f,0f,1f], start_interpolation: 0, interpolation_duration: 1 }
$data merge entity $(bone_left_sad_pupil1) { transformation: [-0.9989265631680502f,-0.03995079138717635f,-0.02344473639872918f,0.4407554903930754f,-0.04527270914302706f,0.9491321022770425f,0.3116065375341359f,4.616442832384232f,0.009803224169550331f,0.3123334543315848f,-0.9499219494785777f,2.6350316179473503f,0f,0f,0f,1f], start_interpolation: 0, interpolation_duration: 1 }
$data merge entity $(bone_left_pupil1) { transformation: [-0.9989265631680502f,-0.03995079138717635f,-0.02344473639872918f,0.44101878577255327f,-0.04527270914302706f,0.9491321022770425f,0.3116065375341359f,4.612943344902159f,0.009803224169550331f,0.3123334543315848f,-0.9499219494785777f,2.6456996867159086f,0f,0f,0f,1f], start_interpolation: 0, interpolation_duration: 1 }
$data merge entity $(bone_eyelid_left1) { transformation: [-0.9989265631680502f,-0.03995079138717635f,-0.02344473639872918f,-0.0020745107418715294f,-0.04527270914302706f,0.9491321022770425f,0.3116065375341359f,4.718546531494075f,0.009803224169550331f,0.3123334543315848f,-0.9499219494785777f,2.088328570407539f,0f,0f,0f,1f], start_interpolation: 0, interpolation_duration: 1 }
$data merge entity $(bone_left_happy_pupil1) { transformation: [-0.9989265631680502f,-0.03995079138717635f,-0.02344473639872918f,0.4699235341885312f,-0.04527270914302706f,0.9491321022770425f,0.3116065375341359f,4.591066278075997f,0.009803224169550331f,0.3123334543315848f,-0.9499219494785777f,2.6259873619163123f,0f,0f,0f,1f], start_interpolation: 0, interpolation_duration: 1 }
$data merge entity $(bone_eyelid_expressions_left5) { transformation: [-0.9989265631680502f,-0.03995079138717635f,-0.02344473639872918f,0.565280944079037f,-0.04527270914302706f,0.9491321022770425f,0.3116065375341359f,4.728881820867027f,0.009803224169550331f,0.3123334543315848f,-0.9499219494785777f,2.6688420351779394f,0f,0f,0f,1f], start_interpolation: 0, interpolation_duration: 1 }
$data merge entity $(bone_eyelid_expressions_left7) { transformation: [-0.9989265631680502f,-0.03995079138717635f,-0.02344473639872918f,0.22872853754292616f,-0.04527270914302706f,0.9491321022770425f,0.3116065375341359f,4.713628808509269f,0.009803224169550331f,0.3123334543315848f,-0.9499219494785777f,2.6721448792585005f,0f,0f,0f,1f], start_interpolation: 0, interpolation_duration: 1 }
$data merge entity $(bone_eyelid_expressions_left6) { transformation: [-0.9989265631680502f,-0.03995079138717635f,-0.02344473639872918f,0.3409126730549631f,-0.04527270914302706f,0.9491321022770425f,0.3116065375341359f,4.718713145961855f,0.009803224169550331f,0.3123334543315848f,-0.9499219494785777f,2.6710439312316465f,0f,0f,0f,1f], start_interpolation: 0, interpolation_duration: 1 }
$data merge entity $(bone_left_eye1) { transformation: [-0.9989265631680502f,-0.03995079138717635f,-0.02344473639872918f,0.009407198188810076f,-0.04527270914302706f,0.9491321022770425f,0.3116065375341359f,4.7155554777572615f,0.009803224169550331f,0.3123334543315848f,-0.9499219494785777f,2.098886544373412f,0f,0f,0f,1f], start_interpolation: 0, interpolation_duration: 1 }
$data merge entity $(bone_crest_middle5) { transformation: [-0.9989265631680502f,-0.044078167807603236f,-0.01424206866969653f,-0.03477541476504067f,-0.04527270914302706f,0.9940778803669021f,0.09879043259394149f,5.882211695641685f,0.009803224169550331f,0.09932916433742892f,-0.9950063386270007f,2.9845647418974206f,0f,0f,0f,1f], start_interpolation: 0, interpolation_duration: 1 }
$data merge entity $(bone_crest_middle4) { transformation: [-0.9989265631680502f,-0.044078167807603236f,-0.01424206866969653f,-0.0050743055978080195f,-0.04527270914302706f,0.9940778803669021f,0.09879043259394149f,5.21237406141008f,0.009803224169550331f,0.09932916433742892f,-0.9950063386270007f,2.917633957334114f,0f,0f,0f,1f], start_interpolation: 0, interpolation_duration: 1 }
$data merge entity $(bone_crest_middle1) { transformation: [-0.9989265631680502f,-0.044078167807603236f,-0.01424206866969653f,0.01840111969933775f,-0.04527270914302706f,0.9940778803669021f,0.09879043259394149f,4.701674828738226f,0.009803224169550331f,0.09932916433742892f,-0.9950063386270007f,2.9512441334320556f,0f,0f,0f,1f], start_interpolation: 0, interpolation_duration: 1 }
$data merge entity $(bone_crest_left5) { transformation: [-0.5030286954480325f,-0.859620588863653f,0.08952415739652198f,-1.1101567937661587f,-0.8248149048982067f,0.5084223140279609f,0.24736031059209151f,5.192735209829112f,-0.2581520951176127f,0.05058847497365547f,-0.9647788876142693f,2.8889766154050127f,0f,0f,0f,1f], start_interpolation: 0, interpolation_duration: 1 }
$data merge entity $(bone_crest_left4) { transformation: [-0.5030286954480325f,-0.859620588863653f,0.08952415739652198f,-0.6274596857616661f,-0.8248149048982067f,0.5084223140279609f,0.24736031059209151f,4.907244164354427f,-0.2581520951176127f,0.05058847497365547f,-0.9647788876142693f,2.860570001039923f,0f,0f,0f,1f], start_interpolation: 0, interpolation_duration: 1 }
$data merge entity $(bone_crest_left1) { transformation: [-0.5030286954480325f,-0.859620588863653f,0.08952415739652198f,-0.0914658756966664f,-0.8248149048982067f,0.5084223140279609f,0.24736031059209151f,4.607093875522748f,-0.2581520951176127f,0.05058847497365547f,-0.9647788876142693f,2.775148129498265f,0f,0f,0f,1f], start_interpolation: 0, interpolation_duration: 1 }
$data merge entity $(bone_crest_center1) { transformation: [-0.9989265631680502f,-0.03995079138717635f,-0.02344473639872918f,0.021839910743583463f,-0.04527270914302706f,0.9491321022770425f,0.3116065375341359f,4.5855305580340735f,0.009803224169550331f,0.3123334543315848f,-0.9499219494785777f,2.7652781659701207f,0f,0f,0f,1f], start_interpolation: 0, interpolation_duration: 1 }
$data merge entity $(bone_crest_right5) { transformation: [-0.5704170068668317f,0.8109364768121325f,-0.13040885266196645f,1.0964808179628687f,0.7761648871155105f,0.5841342301284893f,0.2373926477403296f,5.292743024680929f,0.26868663213128374f,0.03419403117099244f,-0.9626205181410925f,2.8673212065227665f,0f,0f,0f,1f], start_interpolation: 0, interpolation_duration: 1 }
$data merge entity $(bone_crest_right4) { transformation: [-0.5704170068668317f,0.8109364768121325f,-0.13040885266196645f,0.6411209799091809f,0.7761648871155105f,0.5841342301284893f,0.2373926477403296f,4.964737963817764f,0.26868663213128374f,0.03419403117099244f,-0.9626205181410925f,2.848120456597649f,0f,0f,0f,1f], start_interpolation: 0, interpolation_duration: 1 }
$data merge entity $(bone_crest_right1) { transformation: [-0.5704170068668317f,0.8109364768121325f,-0.13040885266196645f,0.13290239532740736f,0.7761648871155105f,0.5841342301284893f,0.2373926477403296f,4.61726255042792f,0.26868663213128374f,0.03419403117099244f,-0.9626205181410925f,2.7729462334445576f,0f,0f,0f,1f], start_interpolation: 0, interpolation_duration: 1 }
$data merge entity $(bone_head1) { transformation: [-1.047051931445677f,-0.04187550399306894f,-0.024574235417938777f,-0.00283071711141801f,-0.04745381622413641f,0.994858518662785f,0.3266188316601293f,4.854731297200046f,0.0102755149173021f,0.3273807691887053f,-0.995686418398769f,1.4946045066104567f,0f,0f,0f,1f], start_interpolation: 0, interpolation_duration: 1 }
$data merge entity $(bone_neck10) { transformation: [-1.4960045070571426f,-0.059337339585400634f,0.025374725213701172f,0.033049976478964266f,-0.04783065536359775f,1.4147244642432117f,0.48832489222163833f,4.778245443635f,-0.04332464606009763f,0.4870606246523245f,-1.415305339720402f,0.3400812646639728f,0f,0f,0f,1f], start_interpolation: 0, interpolation_duration: 1 }
$data merge entity $(bone_neck9) { transformation: [-1.1444434478987147f,-0.046526474287920554f,0.016511518724035525f,0.09153903592807695f,-0.0365904513531523f,1.0565622349931474f,0.441050485720847f,3.410026394833888f,-0.033143354235974705f,0.4401132573271996f,-1.0570666900878902f,-0.1690304020232477f,0f,0f,0f,1f], start_interpolation: 0, interpolation_duration: 1 }
$data merge entity $(bone_neck8) { transformation: [-1.0622120512622242f,-0.025961000230767122f,0.03635549500742642f,0.10976468414005523f,-0.03206288328925531f,1.0455055882971418f,-0.19021086654433317f,2.635941069912795f,-0.031107347450345078f,-0.19113929136466082f,-1.0453651235946881f,0.006487753767967952f,0f,0f,0f,1f], start_interpolation: 0, interpolation_duration: 1 }
$data merge entity $(bone_neck7) { transformation: [-1.0546815732609376f,0.01901808166613661f,0.04137275006060706f,0.09168343616084207f,-9.156426159818987e-19f,0.9591784887852316f,-0.44091182735971535f,1.7773697735791485f,-0.04553451304052018f,-0.4405014779491933f,-0.9582857970880833f,0.42529005979609535f,0f,0f,0f,1f], start_interpolation: 0, interpolation_duration: 1 }
$data merge entity $(bone_neck6) { transformation: [-1.0486975643346343f,0.011718332806004756f,0.043733413412010924f,0.08170041741164503f,-9.104474805720722e-19f,1.01390768862361f,-0.27167574636640246f,0.8791234634263425f,-0.04527616119348176f,-0.27142290220242943f,-1.012964061357265f,0.6565191916620081f,0f,0f,0f,1f], start_interpolation: 0, interpolation_duration: 1 }
$data merge entity $(bone_neck_spine6) { transformation: [-1.2170250023543678f,0.3217460199820873f,0.18792288521291728f,0.058379369419421956f,0.1810079590620534f,-0.0505757488112884f,1.258834215020023f,0.5399493330930532f,0.32568639965041685f,1.2304092655594612f,0.002603233544120849f,-2.0601758120218907f,0f,0f,0f,1f], start_interpolation: 0, interpolation_duration: 1 }
$data merge entity $(bone_neck_spine7) { transformation: [-0.953561008610894f,0.2978476369188971f,0.04481281110132734f,-0.9632531398201669f,0.13635687723673356f,0.29422252711706753f,0.945959780628697f,0.7285733092109175f,0.2685669467511233f,0.9081408975036169f,-0.3211727033763981f,-5.579631471353896f,0f,0f,0f,1f], start_interpolation: 0, interpolation_duration: 1 }
$data merge entity $(bone_tail6) { transformation: [-1.5798248004688311f,0.23812717932782745f,0.6424569898570003f,-1.5115942282513393f,0.6818768995818771f,0.704498427140939f,1.4156368875879421f,-1.0182984552685335f,-0.0670777993627637f,1.5531514253763028f,-0.7406234915335407f,-9.125291573353f,0f,0f,0f,1f], start_interpolation: 0, interpolation_duration: 1 }
$data merge entity $(bone_tail5) { transformation: [-1.3050726612568604f,0.19671375683603137f,0.5307253394470871f,-1.387353960775951f,0.5632896126980724f,0.5819769615512105f,1.1694391680074303f,-0.6507340584993478f,-0.05541209512576132f,1.283038134006511f,-0.6118194060494466f,-8.314951699243624f,0f,0f,0f,1f], start_interpolation: 0, interpolation_duration: 1 }
$data merge entity $(bone_tail4) { transformation: [-0.961632487241897f,0.14494697872128626f,0.3910607764346957f,-1.3252338270382569f,0.4150555040933165f,0.4288251295640498f,0.8616920185317907f,-0.4669518601147551f,-0.04082996482950833f,0.9453965197942711f,-0.4508142991943291f,-7.909781762188936f,0f,0f,0f,1f], start_interpolation: 0, interpolation_duration: 1 }
$data merge entity $(bone_segment18) { transformation: [-0.9174332300643192f,0.1382848194508669f,0.3730865544122315f,-1.2475836598661392f,0.3959784188120088f,0.4091151546648326f,0.8220862984253606f,-0.2372241121340141f,-0.03895330806094709f,0.9019435120521743f,-0.4300936419642792f,-7.403319340870576f,0f,0f,0f,1f], start_interpolation: 0, interpolation_duration: 1 }
$data merge entity $(bone_segment17) { transformation: [-0.9174332300643192f,0.1382848194508669f,0.3730865544122315f,-1.1466384425423861f,0.3959784188120088f,0.4091151546648326f,0.8220862984253606f,0.06142196024094951f,-0.03895330806094709f,0.9019435120521743f,-0.4300936419642792f,-6.744918193156708f,0f,0f,0f,1f], start_interpolation: 0, interpolation_duration: 1 }
$data merge entity $(bone_segment16) { transformation: [-0.992064083799439f,0.05425620727270186f,0.11342450179551647f,-1.09484601811947f,0.12271897080209188f,0.22148545089654098f,0.9674111066379334f,0.27284972220517706f,0.027366180596766043f,0.9736531512882485f,-0.22638602683471337f,-5.815478783601763f,0f,0f,0f,1f], start_interpolation: 0, interpolation_duration: 1 }
$data merge entity $(bone_segment15) { transformation: [-0.953561008610894f,0.2761003158215269f,0.12037449256477678f,-0.7692687414060972f,0.13635687723673356f,0.03936473049070188f,0.9898773762560898f,0.31926858164611704f,0.2685669467511233f,0.9603223592089517f,-0.07518484897990887f,-4.68306740787441f,0f,0f,0f,1f], start_interpolation: 0, interpolation_duration: 1 }
$data merge entity $(bone_segment14) { transformation: [-0.9817431392525491f,0.31833290217601357f,0.18308405159357422f,-0.4111442264580821f,0.1319666633830599f,-0.18184260483389994f,1.0238131005451807f,0.11469565120797964f,0.34269579266641725f,0.9819738430755628f,0.13023886988651748f,-3.5783468344144023f,0f,0f,0f,1f], start_interpolation: 0, interpolation_duration: 1 }
$data merge entity $(bone_segment13) { transformation: [-0.9807789724855788f,0.22905232149144852f,0.19416810493152148f,-0.14059304417585694f,0.1458711199500077f,-0.2163001588496851f,0.9919825953459663f,-0.17296430008823083f,0.26246492207121824f,0.9761367153857939f,0.17424950324511754f,-2.4074772667832858f,0f,0f,0f,1f], start_interpolation: 0, interpolation_duration: 1 }
$data merge entity $(bone_segment12) { transformation: [-1.0938375421556945f,0.1388824330109248f,0.16942544780354432f,0.027184391676266954f,0.16544670880785198f,-0.041818942709536934f,1.1024302443996095f,-0.2234838281937117f,0.14359909159571785f,1.1060907408631981f,0.02040723061226516f,-1.071260264398214f,0f,0f,0f,1f], start_interpolation: 0, interpolation_duration: 1 }
$data merge entity $(bone_segment11) { transformation: [-1.18492265672956f,0.04876437157273009f,0.10345614778941176f,0.0893473434674739f,0.11429469432424434f,0.46507282411557677f,1.0898471599264903f,0.3134223334691163f,0.004226263081665421f,1.0947383912221336f,-0.46760328737733f,0.19386513341669265f,0f,0f,0f,1f], start_interpolation: 0, interpolation_duration: 1 }
$data merge entity $(bone_segment10) { transformation: [-1.0469711773919723f,-0.015539950970387325f,0.04780231855756225f,0.07829098405057622f,0.010722336467641586f,0.9048353576063018f,0.5289926324168648f,1.239634308133172f,-0.04910787346562041f,0.5288730316195821f,-0.9036353972783328f,0.7354893244485496f,0f,0f,0f,1f], start_interpolation: 0, interpolation_duration: 1 }