# This file was generated by Animated Java via MC-Build. It is not recommended to edit this file directly.
$data merge entity $(bone_neck_spine5) { transformation: [-1.5712626813022141f,0.05614841843684482f,-0.0003701495095615114f,0.047626789332673544f,0.05475131328977798f,1.5343980671662558f,0.33859128861526516f,4.342721635233675f,0.012452935262942055f,0.33836241242215725f,-1.5353745464282766f,-0.4757052821909551f,0f,0f,0f,1f], start_interpolation: 0, interpolation_duration: 1 }
$data merge entity $(bone_neck_spine2) { transformation: [-1.4964406488592512f,0.05339195656236237f,-0.002994177712465283f,-0.005274444597499428f,0.05214410789502664f,1.4754792674477004f,0.24987237748069793f,5.628135748552312f,0.011859938345659096f,0.24960871777737914f,-1.4763973420309304f,1.3771072235118977f,0f,0f,0f,1f], start_interpolation: 0, interpolation_duration: 1 }
$data merge entity $(bone_scale_neck_left1) { transformation: [-1.5748137745443351f,0.4703036115381854f,0.10877117870665932f,0.7481362679649901f,0.46259517291958807f,1.3643085648089666f,0.7985755611199645f,4.71784692769798f,0.13792158038027552f,0.7940602834802337f,-1.4364891175022418f,1.1872762342006509f,0f,0f,0f,1f], start_interpolation: 0, interpolation_duration: 1 }
$data merge entity $(bone_scale_neck_right1) { transformation: [-1.6051776999878922f,-0.3615749290660462f,-0.07565185371249701f,-0.8231264133372234f,-0.3517870238094463f,1.3932957247139661f,0.8050018597560804f,4.772598240987759f,-0.11271877473848556f,0.8006532801421221f,-1.4350274853314784f,1.199729169463593f,0f,0f,0f,1f], start_interpolation: 0, interpolation_duration: 1 }
$data merge entity $(bone_blush_right1) { transformation: [-0.9988828959319556f,0.03817652624156128f,0.027848035096170527f,-0.7356318682623164f,0.04316259393303046f,0.9769941648897281f,0.20885256104820638f,4.269397711773177f,-0.01923410251512883f,0.2098212444333266f,-0.9775505586336123f,2.5548841509383706f,0f,0f,0f,1f], start_interpolation: 0, interpolation_duration: 1 }
$data merge entity $(bone_blush_left1) { transformation: [-0.9988828959319556f,0.03817652624156128f,0.027848035096170527f,0.5880830631631364f,0.04316259393303046f,0.9769941648897281f,0.20885256104820638f,4.212198844617784f,-0.01923410251512883f,0.2098212444333266f,-0.9775505586336123f,2.5803730934315636f,0f,0f,0f,1f], start_interpolation: 0, interpolation_duration: 1 }
$data merge entity $(bone_left_head_scales) { transformation: [-0.8988787413550562f,0.03817652624156128f,-0.4365312831677446f,0.6381152319082469f,-0.05815169202792395f,0.9769941648897281f,0.20518475207897865f,5.006993692514995f,0.4343217575188234f,0.2098212444333266f,-0.8759792556506177f,2.349512226774148f,0f,0f,0f,1f], start_interpolation: 0, interpolation_duration: 1 }
$data merge entity $(bone_left_head_scales2) { transformation: [-0.8342099429378099f,0.03817652624156128f,-0.5501239169022042f,0.5991248117946475f,-0.08443618063176198f,0.9769941648897281f,0.19583904914940461f,4.09404281509374f,0.5449443113787098f,0.2098212444333266f,-0.8117947664776077f,2.3256762174827785f,0f,0f,0f,1f], start_interpolation: 0, interpolation_duration: 1 }
$data merge entity $(bone_left_head_scales1) { transformation: [-0.9988828959319556f,0.03817652624156128f,0.027848035096170527f,0.6338278290588528f,0.04316259393303046f,0.9769941648897281f,0.20885256104820638f,4.897272668137731f,-0.01923410251512883f,0.2098212444333266f,-0.9775505586336123f,2.325948317487202f,0f,0f,0f,1f], start_interpolation: 0, interpolation_duration: 1 }
$data merge entity $(bone_right_head_scales) { transformation: [-0.8731611581811015f,0.03817652624156128f,0.48593430079380573f,-0.7080355458125526f,0.13472306884126517f,0.9769941648897281f,0.16532421629457125f,5.065162031995055f,-0.46844347211358295f,0.2098212444333266f,-0.8582166153242553f,2.323591268306494f,0f,0f,0f,1f], start_interpolation: 0, interpolation_duration: 1 }
$data merge entity $(bone_right_head_scales2) { transformation: [-0.8022639894781293f,0.03817652624156128f,0.5957474666591235f,-0.747025965926152f,0.15514963474587704f,0.9769941648897281f,0.1463249555258548f,4.1522111545738f,-0.5764556201693734f,0.2098212444333266f,-0.7897303105235312f,2.2997552590151242f,0f,0f,0f,1f], start_interpolation: 0, interpolation_duration: 1 }
$data merge entity $(bone_right_head_scales1) { transformation: [-0.9988828959319556f,0.03817652624156128f,0.027848035096170527f,-0.7123229486619467f,0.04316259393303046f,0.9769941648897281f,0.20885256104820638f,4.955441007617791f,-0.01923410251512883f,0.2098212444333266f,-0.9775505586336123f,2.300027359019548f,0f,0f,0f,1f], start_interpolation: 0, interpolation_duration: 1 }
$data merge entity $(bone_head_left_fin1) { transformation: [-0.7360591482154251f,0.06911976832951293f,-0.7430441346108798f,0.6200956707446498f,0.14254040884356445f,1.037477747439226f,-0.04469176031789648f,4.503410443975449f,0.7325123618071342f,-0.13242952548309345f,-0.7379452951304928f,2.1552464518707986f,0f,0f,0f,1f], start_interpolation: 0, interpolation_duration: 1 }
$data merge entity $(bone_head_right_fin1) { transformation: [-0.7169160909512934f,0.025737963400542387f,0.7642277630394507f,-0.7260551069761497f,-0.07975609198489132f,1.039352312753996f,-0.10982228275441364f,4.561578783455509f,-0.7604902907674678f,-0.13326486873172988f,-0.7089218507250996f,2.1293254934031443f,0f,0f,0f,1f], start_interpolation: 0, interpolation_duration: 1 }
$data merge entity $(bone_right_whisker16) { transformation: [0.2389921552928086f,0.8843662148764042f,-0.4009727518094959f,-1.2555797005335303f,0.9149813050641978f,-0.34335634142534f,-0.21193308893616042f,1.8619841190143747f,-0.32510300074209586f,-0.31623222604311974f,-0.8912380255129926f,2.8019089028748554f,0f,0f,0f,1f], start_interpolation: 0, interpolation_duration: 1 }
$data merge entity $(bone_right_whisker15) { transformation: [-0.8456056033109844f,0.35238049882958355f,-0.4009727518094959f,-0.9706832814492632f,0.4598479060288278f,0.8623365173381442f,-0.21193308893616042f,1.7070548928620841f,0.27109235874507404f,-0.36359828782563597f,-0.8912380255129926f,2.710574074977345f,0f,0f,0f,1f], start_interpolation: 0, interpolation_duration: 1 }
$data merge entity $(bone_right_whisker14) { transformation: [-0.6767335602785942f,-0.6174565091558906f,-0.4009727518094959f,-0.7426822284257136f,-0.5872021779986216f,0.7812028980793992f,-0.21193308893616042f,1.9048915641604476f,0.4441005410335963f,0.09202983936402895f,-0.8912380255129926f,2.5609503575392685f,0f,0f,0f,1f], start_interpolation: 0, interpolation_duration: 1 }
$data merge entity $(bone_right_whisker13) { transformation: [-0.10502698763902793f,-0.9782423570628355f,-0.17891680389393008f,-0.7072971593481114f,-0.9934546769197704f,0.11133305650928285f,-0.02554907893712169f,2.2396004152711124f,0.04491254583861748f,0.17506239281024455f,-0.9835324203349096f,2.5458186892635624f,0f,0f,0f,1f], start_interpolation: 0, interpolation_duration: 1 }
$data merge entity $(bone_right_whisker12) { transformation: [0.030753978892052766f,-0.9879105659926327f,-0.15194376059063097f,-0.7211124233035258f,-0.9799493899144638f,-0.0597409688086144f,0.19007948298561395f,2.6798120552717504f,-0.1968587970820134f,0.14305149508454623f,-0.9699396289282639f,2.634251352015248f,0f,0f,0f,1f], start_interpolation: 0, interpolation_duration: 1 }
$data merge entity $(bone_right_whisker11) { transformation: [0.28706564616427854f,-0.9482556331383385f,-0.1356634402250429f,-0.8500676940413854f,-0.9553135441415385f,-0.27297936440265547f,-0.1133944398551143f,3.108956811429082f,0.07049359667386879f,0.16215277004026424f,-0.984244447277327f,2.6025843066344083f,0f,0f,0f,1f], start_interpolation: 0, interpolation_duration: 1 }
$data merge entity $(bone_right_whisker10) { transformation: [0.0948202688502103f,-0.9952736014800225f,-0.020966039496269455f,-0.8926627366889408f,-0.9330513886411723f,-0.08151121093975493f,-0.3503869698574918f,3.5281009899202336f,0.34702193413378624f,0.05278617894979776f,-0.9363703308744494f,2.4466955471602465f,0f,0f,0f,1f], start_interpolation: 0, interpolation_duration: 1 }
$data merge entity $(bone_right_whisker1) { transformation: [-0.34439493826119244f,-0.9372826591483086f,-0.05378980721238097f,-0.7379540730169207f,-0.9322099856449697f,0.34819603114537556f,-0.0987120385688296f,3.946867194409185f,0.11125047938716892f,0.016147468980750784f,-0.9936612048790274f,2.3967197458730416f,0f,0f,0f,1f], start_interpolation: 0, interpolation_duration: 1 }
$data merge entity $(bone_left_whisker16) { transformation: [0.2761548815569229f,-0.942040228219497f,0.19052215044041415f,1.1312683046685903f,-0.9229089003251456f,-0.31524978149752836f,-0.2210356011288472f,1.8252529265953017f,0.26828649442883273f,-0.11479452810094441f,-0.956475077158401f,2.538659082812463f,0f,0f,0f,1f], start_interpolation: 0, interpolation_duration: 1 }
$data merge entity $(bone_left_whisker15) { transformation: [-0.8979354983230274f,-0.39675326217050355f,0.19052215044041415f,0.8287412080656171f,-0.4330165604403772f,0.8738649331664442f,-0.2210356011288472f,1.6793635580875574f,-0.07879403045765127f,-0.2809749589181736f,-0.956475077158401f,2.5121122659102273f,0f,0f,0f,1f], start_interpolation: 0, interpolation_duration: 1 }
$data merge entity $(bone_left_whisker14) { transformation: [-0.7390645104938673f,0.6461307603883444f,0.19052215044041415f,0.5797399813855547f,0.6089898876687615f,0.761757559693895f,-0.2210356011288472f,1.8845408151634582f,-0.28794958941739984f,-0.04733350535489059f,-0.956475077158401f,2.4150979999444044f,0f,0f,0f,1f], start_interpolation: 0, interpolation_duration: 1 }
$data merge entity $(bone_left_whisker13) { transformation: [-0.08203761413719785f,0.9958044985448351f,-0.04053678014526592f,0.552100355528784f,0.9963334131726296f,0.08095445898670946f,-0.02767860845395309f,2.22021955299994f,-0.024280849706184437f,-0.04265883552136135f,-0.9987946055568717f,2.4069174402289417f,0f,0f,0f,1f], start_interpolation: 0, interpolation_duration: 1 }
$data merge entity $(bone_left_whisker12) { transformation: [0.10268390577220071f,0.9930604449858006f,-0.05733208612957985f,0.5982278913248898f,0.9778959149521225f,-0.09022612212473172f,0.18862350438448588f,2.6595087335448384f,0.18214168939404546f,-0.07543341097243829f,-0.9803745230745983f,2.488738902261423f,0f,0f,0f,1f], start_interpolation: 0, interpolation_duration: 1 }
$data merge entity $(bone_left_whisker11) { transformation: [0.2937162042566603f,0.9520561554595611f,-0.08555622834498867f,0.7301707174558115f,0.9463758950516834f,-0.30222325333529504f,-0.11416553949662397f,3.084638530150087f,-0.13454908629264242f,-0.047436083259372694f,-0.9897708630702485f,2.4282969299034f,0f,0f,0f,1f], start_interpolation: 0, interpolation_duration: 1 }
$data merge entity $(bone_left_whisker10) { transformation: [0.04525328411442882f,0.9799141028615136f,-0.19421763897744682f,0.7504993411790901f,0.9308957974114193f,-0.11190736497798132f,-0.34772080183020826f,3.5028143766434976f,-0.3624709017819455f,-0.1650608756695541f,-0.9172620959598096f,2.265468204493542f,0f,0f,0f,1f], start_interpolation: 0, interpolation_duration: 1 }
$data merge entity $(bone_left_whisker1) { transformation: [-0.3318571499950162f,0.9284244660159509f,-0.1670294671612825f,0.6014228870797664f,0.9426168257635703f,0.3194846732111104f,-0.09696939398903726f,3.9262555288419763f,-0.036665403101514005f,-0.1896247728704944f,-0.9811717962361213f,2.2489974179440337f,0f,0f,0f,1f], start_interpolation: 0, interpolation_duration: 1 }
$data merge entity $(bone_upper_left_tooth1) { transformation: [-0.9988828959319556f,0.040458369216273334f,0.024414761414969195f,0.2173661477820031f,0.04316259393303046f,0.9914791072126268f,0.12290716189801353f,4.162929034553606f,-0.01923410251512883f,0.12382366624039148f,-0.9921178100302531f,3.329877687709942f,0f,0f,0f,1f], start_interpolation: 0, interpolation_duration: 1 }
$data merge entity $(bone_upper_right_tooth1) { transformation: [-0.9988828959319556f,0.040458369216273334f,0.024414761414969195f,-0.4557092410783966f,0.04316259393303046f,0.9914791072126268f,0.12290716189801353f,4.192013204293636f,-0.01923410251512883f,0.12382366624039148f,-0.9921178100302531f,3.3169172084761147f,0f,0f,0f,1f], start_interpolation: 0, interpolation_duration: 1 }
$data merge entity $(bone_top_lip1) { transformation: [-0.9988828959319556f,0.047227959411086824f,0.0015748220391199295f,-0.08612834884272018f,0.04316259393303046f,0.9254505806721975f,-0.3764016647392312f,4.298741789934352f,-0.01923410251512883f,-0.3759132115041411f,-0.9264552372981008f,3.3392340509298144f,0f,0f,0f,1f], start_interpolation: 0, interpolation_duration: 1 }
$data merge entity $(bone_muzzle1) { transformation: [-0.9988828959319556f,0.040458369216273334f,0.024414761414969195f,-0.06560339131985451f,0.04316259393303046f,0.9914791072126268f,0.12290716189801353f,4.534778668924133f,-0.01923410251512883f,0.12382366624039148f,-0.9921178100302531f,2.802995615050002f,0f,0f,0f,1f], start_interpolation: 0, interpolation_duration: 1 }
$data merge entity $(bone_jaw_right_tooth1) { transformation: [-0.9988828959319556f,0.04720242852006683f,-0.0022115506772724955f,-0.46195024781915695f,0.04316259393303046f,0.8923428571397252f,-0.4492896791566485f,4.061253846792058f,-0.01923410251512883f,-0.44888323209217773f,-0.8933833965587884f,3.3475982259809722f,0f,0f,0f,1f], start_interpolation: 0, interpolation_duration: 1 }
$data merge entity $(bone_jaw_left_tooth1) { transformation: [-0.9988828959319556f,0.04720242852006683f,-0.0022115506772724955f,0.2672147567796094f,0.04316259393303046f,0.8923428571397252f,-0.4492896791566485f,4.029745996240358f,-0.01923410251512883f,-0.44888323209217773f,-0.8933833965587884f,3.3616387451509513f,0f,0f,0f,1f], start_interpolation: 0, interpolation_duration: 1 }
$data merge entity $(bone_tongue1) { transformation: [-0.9988828959319556f,0.04435771621497441f,0.016289666257537604f,-0.08471040782009268f,0.04316259393303046f,0.9967810389658329f,-0.06756145974715749f,3.979243751425235f,-0.01923410251512883f,-0.0667828823156523f,-0.9975821249050381f,2.5486215894671305f,0f,0f,0f,1f], start_interpolation: 0, interpolation_duration: 1 }
$data merge entity $(bone_jaw_lips1) { transformation: [-0.9988828959319556f,0.04435771621497441f,0.016289666257537604f,-0.048984839545325044f,0.04316259393303046f,0.9967810389658329f,-0.06756145974715749f,3.9087855172733077f,-0.01923410251512883f,-0.0667828823156523f,-0.9975821249050381f,3.4545918310856836f,0f,0f,0f,1f], start_interpolation: 0, interpolation_duration: 1 }
$data merge entity $(bone_jaw3) { transformation: [-0.9988828959319556f,0.046869349312492814f,0.006018663440805792f,-0.04752519917479939f,0.04316259393303046f,0.9568044980863784f,-0.2875102483854197f,3.5698849620207773f,-0.01923410251512883f,-0.2869292883912289f,-0.9577586505815232f,2.618273274619591f,0f,0f,0f,1f], start_interpolation: 0, interpolation_duration: 1 }
$data merge entity $(bone_jaw1) { transformation: [-0.9988828959319556f,0.028885796995991378f,0.03739747246133805f,-0.013925907510315971f,0.04316259393303046f,0.8798633951606281f,0.4732625025727103f,3.9950817416759468f,-0.01923410251512883f,0.4743479910238037f,-0.8801272821087406f,1.827533919600019f,0f,0f,0f,1f], start_interpolation: 0, interpolation_duration: 1 }
$data merge entity $(bone_tear_right1) { transformation: [-0.9988828959319556f,0.03817652624156128f,0.027848035096170527f,-0.6673510609421385f,0.04316259393303046f,0.9769941648897281f,0.20885256104820638f,4.629888006840049f,-0.01923410251512883f,0.2098212444333266f,-0.9775505586336123f,2.7372430323813517f,0f,0f,0f,1f], start_interpolation: 0, interpolation_duration: 1 }
$data merge entity $(bone_right_pupil1) { transformation: [-0.9988828959319556f,0.03817652624156128f,0.027848035096170527f,-0.47984476405705395f,0.04316259393303046f,0.9769941648897281f,0.20885256104820638f,4.717537827089106f,-0.01923410251512883f,0.2098212444333266f,-0.9775505586336123f,2.830241172547024f,0f,0f,0f,1f], start_interpolation: 0, interpolation_duration: 1 }
$data merge entity $(bone_right_sad_pupil1) { transformation: [-0.9988828959319556f,0.03817652624156128f,0.027848035096170527f,-0.4795320175691575f,0.04316259393303046f,0.9769941648897281f,0.20885256104820638f,4.719883339249315f,-0.01923410251512883f,0.2098212444333266f,-0.9775505586336123f,2.8192628215467437f,0f,0f,0f,1f], start_interpolation: 0, interpolation_duration: 1 }
$data merge entity $(bone_right_happy_pupil1) { transformation: [-0.9988828959319556f,0.03817652624156128f,0.027848035096170527f,-0.5086483034574595f,0.04316259393303046f,0.9769941648897281f,0.20885256104820638f,4.693665259156555f,-0.01923410251512883f,0.2098212444333266f,-0.9775505586336123f,2.8128319065736966f,0f,0f,0f,1f], start_interpolation: 0, interpolation_duration: 1 }
$data merge entity $(bone_eyelid_right1) { transformation: [-0.9988828959319556f,0.03817652624156128f,0.027848035096170527f,-0.034147994440068316f,0.04316259393303046f,0.9769941648897281f,0.20885256104820638f,4.763636077309741f,-0.01923410251512883f,0.2098212444333266f,-0.9775505586336123f,2.2668796313099073f,0f,0f,0f,1f], start_interpolation: 0, interpolation_duration: 1 }
$data merge entity $(bone_eyelid_expressions_right5) { transformation: [-0.9988828959319556f,0.03817652624156128f,0.027848035096170527f,-0.6042503719444661f,0.04316259393303046f,0.9769941648897281f,0.20885256104820638f,4.8351788139818614f,-0.01923410251512883f,0.2098212444333266f,-0.9775505586336123f,2.840342645892795f,0f,0f,0f,1f], start_interpolation: 0, interpolation_duration: 1 }
$data merge entity $(bone_eyelid_expressions_right7) { transformation: [-0.9988828959319556f,0.03817652624156128f,0.027848035096170527f,-0.26771267751426603f,0.04316259393303046f,0.9769941648897281f,0.20885256104820638f,4.820636729111847f,-0.01923410251512883f,0.2098212444333266f,-0.9775505586336123f,2.8468228855097086f,0f,0f,0f,1f], start_interpolation: 0, interpolation_duration: 1 }
$data merge entity $(bone_eyelid_expressions_right6) { transformation: [-0.9988828959319556f,0.03817652624156128f,0.027848035096170527f,-0.37989190899099934f,0.04316259393303046f,0.9769941648897281f,0.20885256104820638f,4.825484090735185f,-0.01923410251512883f,0.2098212444333266f,-0.9775505586336123f,2.844662805637404f,0f,0f,0f,1f], start_interpolation: 0, interpolation_duration: 1 }
$data merge entity $(bone_right_eye1) { transformation: [-0.9988828959319556f,0.03817652624156128f,0.027848035096170527f,-0.045678664075638094f,0.04316259393303046f,0.9769941648897281f,0.20885256104820638f,4.761775301311865f,-0.01923410251512883f,0.2098212444333266f,-0.9775505586336123f,2.2776419743229566f,0f,0f,0f,1f], start_interpolation: 0, interpolation_duration: 1 }
$data merge entity $(bone_tear_left1) { transformation: [-0.9988828959319556f,0.03817652624156128f,0.027848035096170527f,0.544184639006581f,0.04316259393303046f,0.9769941648897281f,0.20885256104820638f,4.5775365013079945f,-0.01923410251512883f,0.2098212444333266f,-0.9775505586336123f,2.7605718950022404f,0f,0f,0f,1f], start_interpolation: 0, interpolation_duration: 1 }
$data merge entity $(bone_left_sad_pupil1) { transformation: [-0.9988828959319556f,0.03817652624156128f,0.027848035096170527f,0.36181221850634215f,0.04316259393303046f,0.9769941648897281f,0.20885256104820638f,4.683528127074277f,-0.01923410251512883f,0.2098212444333266f,-0.9775505586336123f,2.8354634205890275f,0f,0f,0f,1f], start_interpolation: 0, interpolation_duration: 1 }
$data merge entity $(bone_left_pupil1) { transformation: [-0.9988828959319556f,0.03817652624156128f,0.027848035096170527f,0.3614994720184457f,0.04316259393303046f,0.9769941648897281f,0.20885256104820638f,4.681182614914068f,-0.01923410251512883f,0.2098212444333266f,-0.9775505586336123f,2.8464417715893076f,0f,0f,0f,1f], start_interpolation: 0, interpolation_duration: 1 }
$data merge entity $(bone_eyelid_left1) { transformation: [-0.9988828959319556f,0.03817652624156128f,0.027848035096170527f,-0.056583840735414975f,0.04316259393303046f,0.9769941648897281f,0.20885256104820638f,4.764605549634409f,-0.01923410251512883f,0.2098212444333266f,-0.9775505586336123f,2.2664476153354465f,0f,0f,0f,1f], start_interpolation: 0, interpolation_duration: 1 }
$data merge entity $(bone_left_happy_pupil1) { transformation: [-0.9988828959319556f,0.03817652624156128f,0.027848035096170527f,0.38878554835640683f,0.04316259393303046f,0.9769941648897281f,0.20885256104820638f,4.654886366169848f,-0.01923410251512883f,0.2098212444333266f,-0.9775505586336123f,2.8301125455521325f,0f,0f,0f,1f], start_interpolation: 0, interpolation_duration: 1 }
$data merge entity $(bone_eyelid_expressions_left5) { transformation: [-0.9988828959319556f,0.03817652624156128f,0.027848035096170527f,0.49510609652752025f,0.04316259393303046f,0.9769941648897281f,0.20885256104820638f,4.787674670073146f,-0.01923410251512883f,0.2098212444333266f,-0.9775505586336123f,2.8615114286413794f,0f,0f,0f,1f], start_interpolation: 0, interpolation_duration: 1 }
$data merge entity $(bone_eyelid_expressions_left7) { transformation: [-0.9988828959319556f,0.03817652624156128f,0.027848035096170527f,0.15856840209732043f,0.04316259393303046f,0.9769941648897281f,0.20885256104820638f,4.802216754943161f,-0.01923410251512883f,0.2098212444333266f,-0.9775505586336123f,2.8550311890244653f,0f,0f,0f,1f], start_interpolation: 0, interpolation_duration: 1 }
$data merge entity $(bone_eyelid_expressions_left6) { transformation: [-0.9988828959319556f,0.03817652624156128f,0.027848035096170527f,0.27074763357405374f,0.04316259393303046f,0.9769941648897281f,0.20885256104820638f,4.797369393319823f,-0.01923410251512883f,0.2098212444333266f,-0.9775505586336123f,2.85719126889677f,0f,0f,0f,1f], start_interpolation: 0, interpolation_duration: 1 }
$data merge entity $(bone_left_eye1) { transformation: [-0.9988828959319556f,0.03817652624156128f,0.027848035096170527f,-0.045678664075638094f,0.04316259393303046f,0.9769941648897281f,0.20885256104820638f,4.761775301311865f,-0.01923410251512883f,0.2098212444333266f,-0.9775505586336123f,2.2776419743229566f,0f,0f,0f,1f], start_interpolation: 0, interpolation_duration: 1 }
$data merge entity $(bone_crest_middle5) { transformation: [-0.9988828959319556f,0.04329900810049553f,0.018925012869305674f,-0.006053935257095883f,0.04316259393303046f,0.9990394698445733f,-0.007558318440375966f,6.016028184278431f,-0.01923410251512883f,-0.006733022366443547f,-0.9997923362930176f,3.034440686016695f,0f,0f,0f,1f], start_interpolation: 0, interpolation_duration: 1 }
$data merge entity $(bone_crest_middle4) { transformation: [-0.9988828959319556f,0.04329900810049553f,0.018925012869305674f,-0.035230024699812595f,0.04316259393303046f,0.9990394698445733f,-0.007558318440375966f,5.342847291512069f,-0.01923410251512883f,-0.006733022366443547f,-0.9997923362930176f,3.0389775858534587f,0f,0f,0f,1f], start_interpolation: 0, interpolation_duration: 1 }
$data merge entity $(bone_crest_middle1) { transformation: [-0.9988828959319556f,0.04329900810049553f,0.018925012869305674f,-0.05870612432519227f,0.04316259393303046f,0.9990394698445733f,-0.007558318440375966f,4.838598250596421f,-0.01923410251512883f,-0.006733022366443547f,-0.9997923362930176f,3.126591644450614f,0f,0f,0f,1f], start_interpolation: 0, interpolation_duration: 1 }
$data merge entity $(bone_crest_left5) { transformation: [-0.5688971444315647f,-0.8112703737519177f,0.13489410561635018f,-1.1365592930884634f,-0.8007972764616504f,0.5837999194524649f,0.13379602407731778f,5.416516406288192f,-0.1872959184531636f,-0.03190665635442051f,-0.9817852128704457f,2.9752521002700987f,0f,0f,0f,1f], start_interpolation: 0, interpolation_duration: 1 }
$data merge entity $(bone_crest_left4) { transformation: [-0.5688971444315647f,-0.8112703737519177f,0.13489410561635018f,-0.6810119640773767f,-0.8007972764616504f,0.5837999194524649f,0.13379602407731778f,5.088699068705021f,-0.1872959184531636f,-0.03190665635442051f,-0.9817852128704457f,2.993168435625364f,0f,0f,0f,1f], start_interpolation: 0, interpolation_duration: 1 }
$data merge entity $(bone_crest_left1) { transformation: [-0.5688971444315647f,-0.8112703737519177f,0.13489410561635018f,-0.1723352819767641f,-0.8007972764616504f,0.5837999194524649f,0.13379602407731778f,4.735612957699907f,-0.1872959184531636f,-0.03190665635442051f,-0.9817852128704457f,2.957746863754388f,0f,0f,0f,1f], start_interpolation: 0, interpolation_duration: 1 }
$data merge entity $(bone_crest_center1) { transformation: [-0.9988828959319556f,0.03817652624156128f,0.027848035096170527f,-0.06122788749269021f,0.04316259393303046f,0.9769941648897281f,0.20885256104820638f,4.7033356910895305f,-0.01923410251512883f,0.2098212444333266f,-0.9775505586336123f,2.9540160417094654f,0f,0f,0f,1f], start_interpolation: 0, interpolation_duration: 1 }
$data merge entity $(bone_crest_right5) { transformation: [-0.5045016331055969f,0.8592136649242003f,-0.08502929025524071f,1.0699818573298738f,0.8471797660925509f,0.5116168592292596f,0.14329910423920417f,5.321169854595395f,0.1666269669566008f,0.0002595378817971672f,-0.9860199726795251f,3.0177404028167145f,0f,0f,0f,1f], start_interpolation: 0, interpolation_duration: 1 }
$data merge entity $(bone_crest_right4) { transformation: [-0.5045016331055969f,0.8592136649242003f,-0.08502929025524071f,0.5875132466546636f,0.8471797660925509f,0.5116168592292596f,0.14329910423920417f,5.033884997118027f,0.1666269669566008f,0.0002595378817971672f,-0.9860199726795251f,3.0175946662131663f,0f,0f,0f,1f], start_interpolation: 0, interpolation_duration: 1 }
$data merge entity $(bone_crest_right1) { transformation: [-0.5045016331055969f,0.8592136649242003f,-0.08502929025524071f,0.052023180976702485f,0.8471797660925509f,0.5116168592292596f,0.14329910423920417f,4.72591823445323f,0.1666269669566008f,0.0002595378817971672f,-0.9860199726795251f,2.9620670234989968f,0f,0f,0f,1f], start_interpolation: 0, interpolation_duration: 1 }
$data merge entity $(bone_head1) { transformation: [-1.0470061604495102f,0.04001575992767815f,0.02918967220366831f,-0.0306213086660306f,0.045242041817824874f,1.0240628941878005f,0.21891446828620578f,4.835917957934747f,-0.02016074547484206f,0.21992982001149455f,-1.02464609335945f,1.6620507146640935f,0f,0f,0f,1f], start_interpolation: 0, interpolation_duration: 1 }
$data merge entity $(bone_neck10) { transformation: [-1.4964406488592512f,0.0533259995880861f,0.004000486678199859f,-0.04376876178423903f,0.05214410789502664f,1.4302414478010899f,0.4403233751320744f,4.720575928376023f,0.011859938345659096f,0.4401818038535907f,-1.4311860826261074f,0.5102760896369147f,0f,0f,0f,1f], start_interpolation: 0, interpolation_duration: 1 }
$data merge entity $(bone_neck9) { transformation: [-1.1447770963773278f,0.03958402100026033f,0.010327312810304714f,-0.09472522545174263f,0.0398902425396954f,1.0159789027301214f,0.5276208735976617f,3.3998370879553947f,0.009072852834429214f,0.5276439358007312f,-1.0167092548278958f,-0.11237259055872822f,0f,0f,0f,1f], start_interpolation: 0, interpolation_duration: 1 }
$data merge entity $(bone_neck8) { transformation: [-1.0625786144426448f,0.03215429381187181f,-0.013525047708884033f,-0.1182904555473599f,0.033732028725183084f,1.052155292871944f,-0.1487330740506499f,2.6194846751292777f,0.008886830939721445f,-0.14908211988005973f,-1.0526089887345798f,0.031993884948186946f,0f,0f,0f,1f], start_interpolation: 0, interpolation_duration: 1 }
$data merge entity $(bone_neck7) { transformation: [-1.0554122495464102f,-0.009011126567452028f,-0.021222534235456534f,-0.10968903329882854f,0f,0.9716995023779063f,-0.4125853729018194f,1.7489861902757315f,0.023056373552442385f,-0.4124869568004772f,-0.971467717920722f,0.4257265066014904f,0f,0f,0f,1f], start_interpolation: 0, interpolation_duration: 1 }
$data merge entity $(bone_neck6) { transformation: [-1.0494240949390545f,-0.005933570835525497f,-0.02214438782849007f,-0.10463413770221378f,0f,1.01390768862361f,-0.27167574636640235f,0.8507398801229256f,0.022925557248598738f,-0.2716109421597031f,-1.013665836031664f,0.6571158324514911f,0f,0f,0f,1f], start_interpolation: 0, interpolation_duration: 1 }
$data merge entity $(bone_neck_spine6) { transformation: [-1.2214150227938334f,-0.27419964563511373f,-0.2300983810108781f,-0.07718043400930558f,-0.15010822710987357f,-0.3503956228007055f,1.2143623002188209f,0.7914535963105316f,-0.3249588139505987f,1.1924859874951963f,0.30391496735129137f,-1.9359224618246844f,0f,0f,0f,1f], start_interpolation: 0, interpolation_duration: 1 }
$data merge entity $(bone_neck_spine7) { transformation: [-0.9702251468374214f,-0.2034091026128763f,-0.13148346443004993f,0.6772098340191806f,-0.14524322739073267f,0.0541999449578873f,0.9879103050700936f,1.8669433831992996f,-0.19382355208133958f,0.9775925035211687f,-0.0821299440994932f,-5.35067296699594f,0f,0f,0f,1f], start_interpolation: 0, interpolation_duration: 1 }
$data merge entity $(bone_tail6) { transformation: [-1.4733365302019734f,-0.04923490114555266f,-0.8900322077367335f,0.7988363698460987f,-0.8807102196729145f,0.3457943764989433f,1.4387764578531714f,0.9445793024715072f,0.13758966263212913f,1.6862099843192784f,-0.3210403573476117f,-9.235192239048525f,0f,0f,0f,1f], start_interpolation: 0, interpolation_duration: 1 }
$data merge entity $(bone_tail5) { transformation: [-1.2171040901668475f,-0.04067230964197828f,-0.7352439976955625f,0.7731485953353756f,-0.7275432249471901f,0.28565622406434443f,1.1885544651830546f,1.1249937597753037f,0.1136610256526284f,1.3929560740028821f,-0.2652072517219401f,-8.355430508099335f,0f,0f,0f,1f], start_interpolation: 0, interpolation_duration: 1 }
$data merge entity $(bone_tail4) { transformation: [-0.8968135401229402f,-0.029969070262510306f,-0.5417587351440986f,0.760304708080014f,-0.5360844815400349f,0.2104835335210959f,0.8757769743454086f,1.215200988427202f,0.0837502294282525f,1.0263886861073865f,-0.19541586968985059f,-7.915549642624741f,0f,0f,0f,1f], start_interpolation: 0, interpolation_duration: 1 }
$data merge entity $(bone_segment18) { transformation: [-0.8555935388998983f,-0.02859160989019617f,-0.5168580230939972f,0.7442498490108121f,-0.5114445736928531f,0.2008091350859648f,0.8355238711767377f,1.3279600242420748f,0.07990084000111543f,0.9792130570564882f,-0.18643402226311212f,-7.365698560781499f,0f,0f,0f,1f], start_interpolation: 0, interpolation_duration: 1 }
$data merge entity $(bone_segment17) { transformation: [-0.8555935388998983f,-0.02859160989019617f,-0.5168580230939972f,0.7233785322208496f,-0.5114445736928531f,0.2008091350859648f,0.8355238711767377f,1.4745467708014097f,0.07990084000111543f,0.9792130570564882f,-0.18643402226311212f,-6.650892154385282f,0f,0f,0f,1f], start_interpolation: 0, interpolation_duration: 1 }
$data merge entity $(bone_segment16) { transformation: [-0.9767800655699308f,0.08395467640634652f,-0.19710990795672118f,0.8035208136536658f,-0.19652916883142885f,0.015208692664072404f,0.9803800189038314f,1.4890648343552484f,0.08530527125347645f,0.9963535055275086f,0.0016439949560052847f,-5.699783217224012f,0f,0f,0f,1f], start_interpolation: 0, interpolation_duration: 1 }
$data merge entity $(bone_segment15) { transformation: [-0.9702251468374214f,-0.16244768080550365f,-0.1796494237263706f,0.6119626353600665f,-0.14524322739073267f,-0.2033368751869123f,0.9682760557229253f,1.2492901499917752f,-0.19382355208133958f,0.965538640443838f,0.17368812414335355f,-4.561220806739701f,0f,0f,0f,1f], start_interpolation: 0, interpolation_duration: 1 }
$data merge entity $(bone_segment14) { transformation: [-0.9978956642248565f,-0.23280877392899368f,-0.22063434938395934f,0.35005276468994856f,-0.1060320983819649f,-0.44103939060102365f,0.9449426692007122f,0.7531208355656236f,-0.30271543644010235f,0.9219324968484017f,0.39633197426011696f,-3.52404674778525f,0f,0f,0f,1f], start_interpolation: 0, interpolation_duration: 1 }
$data merge entity $(bone_segment13) { transformation: [-0.9843168124867951f,-0.1854156165392787f,-0.2209865914990822f,0.1327908112723148f,-0.12096957125913341f,-0.4480255607000303f,0.9147311471749457f,0.18849006614725872f,-0.2618785735954825f,0.903873751099107f,0.40807531974969147f,-2.4466094772019895f,0f,0f,0f,1f], start_interpolation: 0, interpolation_duration: 1 }
$data merge entity $(bone_segment12) { transformation: [-1.0912693758584164f,-0.1291686530634478f,-0.19214705194468415f,-0.02325185685802482f,-0.15986075572653985f,-0.24934206841308793f,1.075521711956434f,-0.11272853998935761f,-0.1674800563762684f,1.0796378435276035f,0.22540283656366067f,-1.1423489950881058f,0f,0f,0f,1f], start_interpolation: 0, interpolation_duration: 1 }
$data merge entity $(bone_segment11) { transformation: [-1.1834137572073764f,-0.06820028569330241f,-0.10956021707271307f,-0.09939340889965513f,-0.12510262778975179f,0.35810977363220386f,1.1283747442363894f,0.30140761016124584f,-0.031686789893690705f,1.1332382591237338f,-0.3631664030245495f,0.16736152194728138f,0f,0f,0f,1f], start_interpolation: 0, interpolation_duration: 1 }
$data merge entity $(bone_segment10) { transformation: [-1.0475956677220781f,0.000023162612084133703f,-0.03490722645241764f,-0.10290777315088961f,-0.01848088545950862f,0.8888575775976029f,0.5552169500700851f,1.211250724829755f,0.029613710806643045f,0.5555244407188474f,-0.8883641268767248f,0.7361406752137738f,0f,0f,0f,1f], start_interpolation: 0, interpolation_duration: 1 }