# This file was generated by Animated Java via MC-Build. It is not recommended to edit this file directly.
$data merge entity $(bone_neck_spine5) { transformation: [-1.5707407221231546f,0.05964916842828209f,-0.03513909683654075f,0.042597186308025586f,0.0508514212217708f,1.535616230574768f,0.33364070631700404f,4.339478363341357f,0.0469777860312658f,0.3321806205331636f,-1.536056092243524f,-0.48479720841632484f,0f,0f,0f,1f], start_interpolation: 0, interpolation_duration: 1 }
$data merge entity $(bone_neck_spine2) { transformation: [-1.4959435448791942f,0.05488611408951173f,-0.03653363790332034f,0.027302785460833062f,0.048429924973115025f,1.4777285003074019f,0.2369964207121333f,5.635446976601003f,0.04474074860120551f,0.23558496459540249f,-1.4780704555450714f,1.3596365746216608f,0f,0f,0f,1f], start_interpolation: 0, interpolation_duration: 1 }
$data merge entity $(bone_scale_neck_left1) { transformation: [-1.5726174860396929f,0.4841137773284095f,0.07458668809303567f,0.7787965189751075f,0.4597621481037291f,1.372366994829693f,0.7863095316164203f,4.725463283019846f,0.16896180222438822f,0.7715554179322498f,-1.4454097091434495f,1.1609506677627524f,0f,0f,0f,1f], start_interpolation: 0, interpolation_duration: 1 }
$data merge entity $(bone_scale_neck_right1) { transformation: [-1.6063176242326205f,-0.34748842078688114f,-0.10977508067126096f,-0.7919442031480465f,-0.356846774450827f,1.399289422617871f,0.7922780901624493f,4.776314704241617f,-0.07388606418928424f,0.7964270148648002f,-1.4398958088520966f,1.2079284537940183f,0f,0f,0f,1f], start_interpolation: 0, interpolation_duration: 1 }
$data merge entity $(bone_blush_right1) { transformation: [-0.9989866053012092f,0.04123200986257317f,0.018046711375173517f,-0.6858974653168632f,0.04401846759876033f,0.9786712447228956f,0.2006613297643448f,4.287345644367283f,-0.009388127556815402f,0.2012523692164414f,-0.979494434361802f,2.5566063705524384f,0f,0f,0f,1f], start_interpolation: 0, interpolation_duration: 1 }
$data merge entity $(bone_blush_left1) { transformation: [-0.9989866053012092f,0.04123200986257317f,0.018046711375173517f,0.6379549012785868f,0.04401846759876033f,0.9786712447228956f,0.2006613297643448f,4.229012577441973f,-0.009388127556815402f,0.2012523692164414f,-0.979494434361802f,2.569047473183882f,0f,0f,0f,1f], start_interpolation: 0, interpolation_duration: 1 }
$data merge entity $(bone_left_head_scales) { transformation: [-0.8944449850530481f,0.04123200986257317f,-0.44527305114518795f,0.6863661070029468f,-0.05361023312857909f,0.9786712447228956f,0.19831423967138023f,5.021802351155965f,0.44395282589184176f,0.2012523692164414f,-0.8731571291969261f,2.331056847818226f,0f,0f,0f,1f], start_interpolation: 0, interpolation_duration: 1 }
$data merge entity $(bone_left_head_scales2) { transformation: [-0.8286730883482335f,0.04123200986257317f,-0.5582121765154298f,0.6462816277199538f,-0.07903679271970171f,0.9786712447228956f,0.1896200942651415f,4.1087245928264595f,0.5541246232067147f,0.2012523692164414f,-0.807739677025207f,2.3152468968888167f,0f,0f,0f,1f], start_interpolation: 0, interpolation_duration: 1 }
$data merge entity $(bone_left_head_scales1) { transformation: [-0.9989866053012092f,0.04123200986257317f,0.018046711375173517f,0.6817355590203336f,0.04401846759876033f,0.9786712447228956f,0.2006613297643448f,4.911892982852124f,-0.009388127556815402f,0.2012523692164414f,-0.979494434361802f,2.308455263384739f,0f,0f,0f,1f], start_interpolation: 0, interpolation_duration: 1 }
$data merge entity $(bone_right_head_scales) { transformation: [-0.8777788971511696f,0.04123200986257317f,0.4772883081312271f,-0.6599244352975109f,0.131699948368589f,0.9786712447228956f,0.15766330693046254f,5.081124114130857f,-0.4606075675841503f,0.2012523692164414f,-0.8644872194364598f,2.3184048790404868f,0f,0f,0f,1f], start_interpolation: 0, interpolation_duration: 1 }
$data merge entity $(bone_right_head_scales2) { transformation: [-0.8079707515513778f,0.04123200986257317f,0.5877781775467634f,-0.7000089145805038f,0.15115242815968827f,0.9786712447228956f,0.13912418270727964f,4.168046355801351f,-0.5695052309671371f,0.2012523692164414f,-0.7969700595291125f,2.302594928111077f,0f,0f,0f,1f], start_interpolation: 0, interpolation_duration: 1 }
$data merge entity $(bone_right_head_scales1) { transformation: [-0.9989866053012092f,0.04123200986257317f,0.018046711375173517f,-0.6645549832801241f,0.04401846759876033f,0.9786712447228956f,0.2006613297643448f,4.971214745827016f,-0.009388127556815402f,0.2012523692164414f,-0.979494434361802f,2.2958032946069995f,0f,0f,0f,1f], start_interpolation: 0, interpolation_duration: 1 }
$data merge entity $(bone_head_left_fin1) { transformation: [-0.728397774071384f,0.06873078824584983f,-0.7505917395629471f,0.6658910601287944f,0.14939660059026597f,1.036265841039264f,-0.05008952437818734f,4.516634537259423f,0.7387777314491142f,-0.1417899272426102f,-0.7299166240555217f,2.141198383820801f,0f,0f,0f,1f], start_interpolation: 0, interpolation_duration: 1 }
$data merge entity $(bone_head_right_fin1) { transformation: [-0.724728320762409f,0.025344479185669712f,0.7568366511241906f,-0.6803994821716632f,-0.08536732974426875f,1.0381775772221726f,-0.11651152385325166f,4.575956300234315f,-0.7524337034732068f,-0.14219765663709352f,-0.7157503380017974f,2.1285464150430617f,0f,0f,0f,1f], start_interpolation: 0, interpolation_duration: 1 }
$data merge entity $(bone_right_whisker16) { transformation: [0.24109267466759257f,0.8828410441573413f,-0.4030707294914898f,-1.2146842112172138f,0.9117957977477652f,-0.3483066984336555f,-0.21751061361635227f,1.88438579338864f,-0.3324195322647906f,-0.315077981740111f,-0.888944947671922f,2.8172818924088094f,0f,0f,0f,1f], start_interpolation: 0, interpolation_duration: 1 }
$data merge entity $(bone_right_whisker15) { transformation: [-0.8438193078431768f,0.35426397324348446f,-0.4030707294914898f,-0.9303896201958309f,0.4643401199063851f,0.8585321112279732f,-0.21751061361635227f,1.7279430772092428f,0.26899299016217065f,-0.3707015662931277f,-0.888944947671922f,2.72665437130925f,0f,0f,0f,1f], start_interpolation: 0, interpolation_duration: 1 }
$data merge entity $(bone_right_whisker14) { transformation: [-0.6776856467210368f,-0.6150415849806323f,-0.4030707294914898f,-0.7020677958611069f,-0.5818557234956232f,0.7836664150004273f,-0.21751061361635227f,1.9239784528010295f,0.4496510661209142f,0.087125190070892f,-0.888944947671922f,2.575160603914997f,0f,0f,0f,1f], start_interpolation: 0, interpolation_duration: 1 }
$data merge entity $(bone_right_whisker13) { transformation: [-0.10782276001414565f,-0.9776229109172003f,-0.18063138285666727f,-0.6657407917547785f,-0.9927770611959714f,0.11549461127393537f,-0.03247616864367461f,2.2584590056453755f,0.05261139787177141f,0.17582502329436062f,-0.9830145482125459f,2.5574350841242146f,0f,0f,0f,1f], start_interpolation: 0, interpolation_duration: 1 }
$data merge entity $(bone_right_whisker12) { transformation: [0.027592914127347365f,-0.9878389448975091f,-0.15301258129231385f,-0.6781360461479229f,-0.9814970522118699f,-0.055788109973824246f,0.1831699300784873f,2.6993658845686763f,-0.18947867317819764f,0.1451272053383672f,-0.9711003690048239f,2.642552456840983f,0f,0f,0f,1f], start_interpolation: 0, interpolation_duration: 1 }
$data merge entity $(bone_right_whisker11) { transformation: [0.28442062745449703f,-0.9487686596483599f,-0.137633343152904f,-0.8059031248872478f,-0.955581651467646f,-0.26898997003841624f,-0.12044958861323679f,3.1286310795639083f,0.07725680589279044f,0.1657782449170781f,-0.9831322187048174f,2.607847251068831f,0f,0f,0f,1f], start_interpolation: 0, interpolation_duration: 1 }
$data merge entity $(bone_right_whisker10) { transformation: [0.09270225075092473f,-0.995415533395757f,-0.02354163503568734f,-0.8475467140917647f,-0.9306683095301821f,-0.07821975021633747f,-0.35740476817234357f,3.5467047342356697f,0.3539248371362847f,0.05504168012092835f,-0.9336528386437433f,2.448857578136516f,0f,0f,0f,1f], start_interpolation: 0, interpolation_duration: 1 }
$data merge entity $(bone_right_whisker1) { transformation: [-0.34690163264524776f,-0.9362441134235153f,-0.055733449093678514f,-0.6917119963019074f,-0.9303372357217067f,0.3510275985776061f,-0.10607663676103418f,3.96462966434503f,0.11887760553508409f,0.015052744489129577f,-0.9927948074932654f,2.3954555287750523f,0f,0f,0f,1f], start_interpolation: 0, interpolation_duration: 1 }
$data merge entity $(bone_left_whisker16) { transformation: [0.2739337408960171f,-0.9431377472616828f,0.18828567467779445f,1.1716049153433348f,-0.9216487169801467f,-0.3133740794296285f,-0.22882379428390173f,1.8387339329818662f,0.27481620783273025f,-0.11085069251832058f,-0.9550854285772798f,2.550386481625772f,0f,0f,0f,1f], start_interpolation: 0, interpolation_duration: 1 }
$data merge entity $(bone_left_whisker15) { transformation: [-0.8993135449705156f,-0.39469437865732554f,0.18828567467779445f,0.8686135354460418f,-0.4309924183301678f,0.8728603591133184f,-0.22882379428390173f,1.69352652641555f,-0.0740316363082567f,-0.28693403587736965f,-0.9550854285772798f,2.525444182283635f,0f,0f,0f,1f], start_interpolation: 0, interpolation_duration: 1 }
$data merge entity $(bone_left_whisker14) { transformation: [-0.7377809160120318f,0.6482498165673285f,0.18828567467779445f,0.6200447697974573f,0.6089348738018914f,0.7594985125972217f,-0.22882379428390173f,1.8986852485460697f,-0.2913376725319287f,-0.05416811500349916f,-0.9550854285772798f,2.4272884234716083f,0f,0f,0f,1f], start_interpolation: 0, interpolation_duration: 1 }
$data merge entity $(bone_left_whisker13) { transformation: [-0.07919804072812271f,0.9959617231235098f,-0.042283760685114274f,0.593361836153705f,0.9963549375704721f,0.07773815954671179f,-0.03512288327045088f,2.2343712382548713f,-0.031693985608729824f,-0.04491129727740423f,-0.9984880903912146f,2.4166102740233546f,0f,0f,0f,1f], start_interpolation: 0, interpolation_duration: 1 }
$data merge entity $(bone_left_whisker12) { transformation: [0.1058137261578955f,0.99266822322826f,-0.05842306008274091f,0.6408953459511971f,0.9789448630190971f,-0.09367699601346818f,0.1813603473375949f,2.674131625939231f,0.1745577569892049f,-0.07638336867893651f,-0.9816797698150632f,2.495024891420849f,0f,0f,0f,1f], start_interpolation: 0, interpolation_duration: 1 }
$data merge entity $(bone_left_whisker11) { transformation: [0.2962252333387381f,0.9510981723923312f,-0.08753786383832832f,0.7739652749900835f,0.9444733731422483f,-0.30533613381312763f,-0.12140796025530842f,3.098406774030476f,-0.14219936201935987f,-0.04671308018124392f,-0.9887351665543548f,2.4311462717637147f,0f,0f,0f,1f], start_interpolation: 0, interpolation_duration: 1 }
$data merge entity $(bone_left_whisker10) { transformation: [0.04733850409802783f,0.9793096822499567f,-0.19675266778686884f,0.7952306186278695f,0.9279892037502221f,-0.11599802229702733f,-0.35409108509846243f,3.5152769241526456f,-0.36958774838025854f,-0.16582220923225985f,-0.9142799851098915f,2.2651205254210205f,0f,0f,0f,1f], start_interpolation: 0, interpolation_duration: 1 }
$data merge entity $(bone_left_whisker1) { transformation: [-0.329192111699819f,0.9290261578391088f,-0.16894659406249485f,0.6473513497002163f,0.9432715180327614f,0.3153432981729345f,-0.1039107673226658f,3.939012176393925f,-0.043259644737138836f,-0.1935691151710913f,-0.980132440432974f,2.2456874818867587f,0f,0f,0f,1f], start_interpolation: 0, interpolation_duration: 1 }
$data merge entity $(bone_upper_left_tooth1) { transformation: [-0.9989866053012092f,0.042647984150817816f,0.014384431745388521f,0.2748747496948403f,0.04401846759876033f,0.9924358924041421f,0.11460093358368056f,4.186375211711544f,-0.009388127556815402f,0.11511797824782118f,-0.9933074620403852f,3.322685676134975f,0f,0f,0f,1f], start_interpolation: 0, interpolation_duration: 1 }
$data merge entity $(bone_upper_right_tooth1) { transformation: [-0.9989866053012092f,0.042647984150817816f,0.014384431745388521f,-0.3982705214553885f,0.04401846759876033f,0.9924358924041421f,0.11460093358368056f,4.216036093198991f,-0.009388127556815402f,0.11511797824782118f,-0.9933074620403852f,3.316359691746105f,0f,0f,0f,1f], start_interpolation: 0, interpolation_duration: 1 }
$data merge entity $(bone_top_lip1) { transformation: [-0.9989866053012092f,0.04421864922403998f,-0.008394848990152071f,-0.028381281852384498f,0.04401846759876033f,0.9209632528371492f,-0.38715508705669155f,4.322570489610408f,-0.009388127556815402f,-0.38713227453212806f,-0.921976390737072f,3.3340073874272966f,0f,0f,0f,1f], start_interpolation: 0, interpolation_duration: 1 }
$data merge entity $(bone_muzzle1) { transformation: [-0.9989866053012092f,0.042647984150817816f,0.014384431745388521f,-0.01311973349338599f,0.04401846759876033f,0.9924358924041421f,0.11460093358368056f,4.554104403917371f,-0.009388127556815402f,0.11511797824782118f,-0.9933074620403852f,2.795634399707109f,0f,0f,0f,1f], start_interpolation: 0, interpolation_duration: 1 }
$data merge entity $(bone_jaw_right_tooth1) { transformation: [-0.9989866053012092f,0.04348767982826754f,-0.011601040122344267f,-0.4045757175503576f,0.04401846759876033f,0.8902372032482938f,-0.4533653013441954f,4.0797771558558065f,-0.009388127556815402f,-0.453416523359935f,-0.8912493026113214f,3.348410473157853f,0f,0f,0f,1f], start_interpolation: 0, interpolation_duration: 1 }
$data merge entity $(bone_jaw_left_tooth1) { transformation: [-0.9989866053012092f,0.04348767982826754f,-0.011601040122344267f,0.3246649928623903f,0.04401846759876033f,0.8902372032482938f,-0.4533653013441954f,4.047644534244406f,-0.009388127556815402f,-0.453416523359935f,-0.8912493026113214f,3.355263622912462f,0f,0f,0f,1f], start_interpolation: 0, interpolation_duration: 1 }
$data merge entity $(bone_tongue1) { transformation: [-0.9989866053012092f,0.04454027750716561f,0.006475037324280508f,-0.035217992858149166f,0.04401846759876033f,0.9968574565359285f,-0.06586035119080685f,3.9994535563530285f,-0.009388127556815402f,-0.06550858743939017f,-0.9978078412363139f,2.546488311511117f,0f,0f,0f,1f], start_interpolation: 0, interpolation_duration: 1 }
$data merge entity $(bone_jaw_lips1) { transformation: [-0.9989866053012092f,0.04454027750716561f,0.006475037324280508f,0.009307651826402523f,0.04401846759876033f,0.9968574565359285f,-0.06586035119080685f,3.9274090538386544f,-0.009388127556815402f,-0.06550858743939017f,-0.9978078412363139f,3.4519438953525468f,0f,0f,0f,1f], start_interpolation: 0, interpolation_duration: 1 }
$data merge entity $(bone_jaw3) { transformation: [-0.9989866053012092f,0.0448415037316765f,-0.003873237902348746f,0.0020508402358836615f,0.04401846759876033f,0.9554385581746628f,-0.2918895956751088f,3.584688980337625f,-0.009388127556815402f,-0.29176429030332646f,-0.9564441760838808f,2.6172135588396084f,0f,0f,0f,1f], start_interpolation: 0, interpolation_duration: 1 }
$data merge entity $(bone_jaw1) { transformation: [-0.9989866053012092f,0.034446524153169886f,0.028968938581370778f,0.028077620992583974f,0.04401846759876033f,0.8819941959520707f,0.4691999710327328f,4.006235829312346f,-0.009388127556815402f,0.46999965455372994f,-0.8826166709168549f,1.8242376435627463f,0f,0f,0f,1f], start_interpolation: 0, interpolation_duration: 1 }
$data merge entity $(bone_tear_right1) { transformation: [-0.9989866053012092f,0.04123200986257317f,0.018046711375173517f,-0.6154191653684504f,0.04401846759876033f,0.9786712447228956f,0.2006613297643448f,4.649275006167505f,-0.009388127556815402f,0.2012523692164414f,-0.979494434361802f,2.735240716158475f,0f,0f,0f,1f], start_interpolation: 0, interpolation_duration: 1 }
$data merge entity $(bone_right_pupil1) { transformation: [-0.9989866053012092f,0.04123200986257317f,0.018046711375173517f,-0.42689006499917054f,0.04401846759876033f,0.9786712447228956f,0.2006613297643448f,4.737506523121923f,-0.009388127556815402f,0.2012523692164414f,-0.979494434361802f,2.825583032740438f,0f,0f,0f,1f], start_interpolation: 0, interpolation_duration: 1 }
$data merge entity $(bone_right_sad_pupil1) { transformation: [-0.9989866053012092f,0.04123200986257317f,0.018046711375173517f,-0.42668739197103134f,0.04401846759876033f,0.9786712447228956f,0.2006613297643448f,4.739760043915175f,-0.009388127556815402f,0.2012523692164414f,-0.979494434361802f,2.8145828511045385f,0f,0f,0f,1f], start_interpolation: 0, interpolation_duration: 1 }
$data merge entity $(bone_right_happy_pupil1) { transformation: [-0.9989866053012092f,0.04123200986257317f,0.018046711375173517f,-0.4558923747693793f,0.04401846759876033f,0.9786712447228956f,0.2006613297643448f,4.713518907792033f,-0.009388127556815402f,0.2012523692164414f,-0.979494434361802f,2.808668948012226f,0f,0f,0f,1f], start_interpolation: 0, interpolation_duration: 1 }
$data merge entity $(bone_eyelid_right1) { transformation: [-0.9989866053012092f,0.04123200986257317f,0.018046711375173517f,0.013066226776827974f,0.04401846759876033f,0.9786712447228956f,0.2006613297643448f,4.778448984652269f,-0.009388127556815402f,0.2012523692164414f,-0.979494434361802f,2.257332153782887f,0f,0f,0f,1f], start_interpolation: 0, interpolation_duration: 1 }
$data merge entity $(bone_eyelid_expressions_right5) { transformation: [-0.9989866053012092f,0.04123200986257317f,0.018046711375173517f,-0.5510759952814007f,0.04401846759876033f,0.9786712447228956f,0.2006613297643448f,4.855354398684973f,-0.009388127556815402f,0.2012523692164414f,-0.979494434361802f,2.835971958570684f,0f,0f,0f,1f], start_interpolation: 0, interpolation_duration: 1 }
$data merge entity $(bone_eyelid_expressions_right7) { transformation: [-0.9989866053012092f,0.04123200986257317f,0.018046711375173517f,-0.21450335970628626f,0.04401846759876033f,0.9786712447228956f,0.2006613297643448f,4.84052395794125f,-0.009388127556815402f,0.2012523692164414f,-0.979494434361802f,2.8391349507651187f,0f,0f,0f,1f], start_interpolation: 0, interpolation_duration: 1 }
$data merge entity $(bone_eyelid_expressions_right6) { transformation: [-0.9989866053012092f,0.04123200986257317f,0.018046711375173517f,-0.32669423823132443f,0.04401846759876033f,0.9786712447228956f,0.2006613297643448f,4.845467438189158f,-0.009388127556815402f,0.2012523692164414f,-0.979494434361802f,2.8380806200336406f,0f,0f,0f,1f], start_interpolation: 0, interpolation_duration: 1 }
$data merge entity $(bone_right_eye1) { transformation: [-0.9989866053012092f,0.04123200986257317f,0.018046711375173517f,0.0016444658961850024f,0.04401846759876033f,0.9786712447228956f,0.2006613297643448f,4.776689811883808f,-0.009388127556815402f,0.2012523692164414f,-0.979494434361802f,2.2682269023456385f,0f,0f,0f,1f], start_interpolation: 0, interpolation_duration: 1 }
$data merge entity $(bone_tear_left1) { transformation: [-0.9989866053012092f,0.04123200986257317f,0.018046711375173517f,0.5962423227019615f,0.04401846759876033f,0.9786712447228956f,0.2006613297643448f,4.595885419490102f,-0.009388127556815402f,0.2012523692164414f,-0.979494434361802f,2.74662748805844f,0f,0f,0f,1f], start_interpolation: 0, interpolation_duration: 1 }
$data merge entity $(bone_left_sad_pupil1) { transformation: [-0.9989866053012092f,0.04123200986257317f,0.018046711375173517f,0.4147441969667547f,0.04401846759876033f,0.9786712447228956f,0.2006613297643448f,4.7026839420558675f,-0.009388127556815402f,0.2012523692164414f,-0.979494434361802f,2.822490331590626f,0f,0f,0f,1f], start_interpolation: 0, interpolation_duration: 1 }
$data merge entity $(bone_left_pupil1) { transformation: [-0.9989866053012092f,0.04123200986257317f,0.018046711375173517f,0.4145415239386155f,0.04401846759876033f,0.9786712447228956f,0.2006613297643448f,4.700430421262616f,-0.009388127556815402f,0.2012523692164414f,-0.979494434361802f,2.8334905132265247f,0f,0f,0f,1f], start_interpolation: 0, interpolation_duration: 1 }
$data merge entity $(bone_eyelid_left1) { transformation: [-0.9989866053012092f,0.04123200986257317f,0.018046711375173517f,-0.009371948928179656f,0.04401846759876033f,0.9786712447228956f,0.2006613297643448f,4.779437680701851f,-0.009388127556815402f,0.2012523692164414f,-0.979494434361802f,2.2571212876365916f,0f,0f,0f,1f], start_interpolation: 0, interpolation_duration: 1 }
$data merge entity $(bone_left_happy_pupil1) { transformation: [-0.9989866053012092f,0.04123200986257317f,0.018046711375173517f,0.4416346534309257f,0.04401846759876033f,0.9786712447228956f,0.2006613297643448f,4.6739710658087725f,-0.009388127556815402f,0.2012523692164414f,-0.979494434361802f,2.817103593864052f,0f,0f,0f,1f], start_interpolation: 0, interpolation_duration: 1 }
$data merge entity $(bone_eyelid_expressions_left5) { transformation: [-0.9989866053012092f,0.04123200986257317f,0.018046711375173517f,0.5483946142639732f,0.04401846759876033f,0.9786712447228956f,0.2006613297643448f,4.8069082922554776f,-0.009388127556815402f,0.2012523692164414f,-0.979494434361802f,2.8463043997391715f,0f,0f,0f,1f], start_interpolation: 0, interpolation_duration: 1 }
$data merge entity $(bone_eyelid_expressions_left7) { transformation: [-0.9989866053012092f,0.04123200986257317f,0.018046711375173517f,0.21182197868885855f,0.04401846759876033f,0.9786712447228956f,0.2006613297643448f,4.821738732999202f,-0.009388127556815402f,0.2012523692164414f,-0.979494434361802f,2.8431414075447368f,0f,0f,0f,1f], start_interpolation: 0, interpolation_duration: 1 }
$data merge entity $(bone_eyelid_expressions_left6) { transformation: [-0.9989866053012092f,0.04123200986257317f,0.018046711375173517f,0.3240128572138967f,0.04401846759876033f,0.9786712447228956f,0.2006613297643448f,4.816795252751294f,-0.009388127556815402f,0.2012523692164414f,-0.979494434361802f,2.844195738276215f,0f,0f,0f,1f], start_interpolation: 0, interpolation_duration: 1 }
$data merge entity $(bone_left_eye1) { transformation: [-0.9989866053012092f,0.04123200986257317f,0.018046711375173517f,0.0016444658961850024f,0.04401846759876033f,0.9786712447228956f,0.2006613297643448f,4.776689811883808f,-0.009388127556815402f,0.2012523692164414f,-0.979494434361802f,2.2682269023456385f,0f,0f,0f,1f], start_interpolation: 0, interpolation_duration: 1 }
$data merge entity $(bone_crest_middle5) { transformation: [-0.9989866053012092f,0.04416066983725483f,0.0086946919606804f,0.05017598414307976f,0.04401846759876033f,0.9989038892525592f,-0.01591837134784005f,6.037171811956494f,-0.009388127556815402f,-0.015519512738350505f,-0.99983549036096f,3.0140784444199347f,0f,0f,0f,1f], start_interpolation: 0, interpolation_duration: 1 }
$data merge entity $(bone_crest_middle4) { transformation: [-0.9989866053012092f,0.04416066983725483f,0.0086946919606804f,0.020419282787898285f,0.04401846759876033f,0.9989038892525592f,-0.01591837134784005f,5.364082277206234f,-0.009388127556815402f,-0.015519512738350505f,-0.99983549036096f,3.024535928589331f,0f,0f,0f,1f], start_interpolation: 0, interpolation_duration: 1 }
$data merge entity $(bone_crest_middle1) { transformation: [-0.9989866053012092f,0.04416066983725483f,0.0086946919606804f,-0.0026305873508074753f,0.04401846759876033f,0.9989038892525592f,-0.01591837134784005f,4.860605912654f,-0.009388127556815402f,-0.015519512738350505f,-0.99983549036096f,3.116594060254555f,0f,0f,0f,1f], start_interpolation: 0, interpolation_duration: 1 }
$data merge entity $(bone_crest_left5) { transformation: [-0.5715298361838295f,-0.8110087574184773f,0.12497376421562426f,-1.0814347092498324f,-0.8017518506614981f,0.5843397956907506f,0.12546303492644648f,5.4383393999384015f,-0.17477876390611014f,-0.028492078945372562f,-0.9841953998697732f,2.9714520953793055f,0f,0f,0f,1f], start_interpolation: 0, interpolation_duration: 1 }
$data merge entity $(bone_crest_left4) { transformation: [-0.5715298361838295f,-0.8110087574184773f,0.12497376421562426f,-0.6260342839416055f,-0.8017518506614981f,0.5843397956907506f,0.12546303492644648f,5.110218909194083f,-0.17477876390611014f,-0.028492078945372562f,-0.9841953998697732f,2.9874510654902324f,0f,0f,0f,1f], start_interpolation: 0, interpolation_duration: 1 }
$data merge entity $(bone_crest_left1) { transformation: [-0.5715298361838295f,-0.8110087574184773f,0.12497376421562426f,-0.1180762463345893f,-0.8017518506614981f,0.5843397956907506f,0.12546303492644648f,4.756331412840442f,-0.17477876390611014f,-0.028492078945372562f,-0.9841953998697732f,2.949785054201596f,0f,0f,0f,1f], start_interpolation: 0, interpolation_duration: 1 }
$data merge entity $(bone_crest_center1) { transformation: [-0.9989866053012092f,0.04123200986257317f,0.018046711375173517f,-0.007042989987450926f,0.04401846759876033f,0.9786712447228956f,0.2006613297643448f,4.723910942226553f,-0.009388127556815402f,0.2012523692164414f,-0.979494434361802f,2.945189061149773f,0f,0f,0f,1f], start_interpolation: 0, interpolation_duration: 1 }
$data merge entity $(bone_crest_right5) { transformation: [-0.5019803873602959f,0.8596487198525998f,-0.09497246528017106f,1.1253355360823067f,0.8490540614631806f,0.5107254132339305f,0.13515455223524062f,5.341102215749357f,0.16469028938733626f,-0.012791822888746807f,-0.9862623777923897f,2.9921905521732444f,0f,0f,0f,1f], start_interpolation: 0, interpolation_duration: 1 }
$data merge entity $(bone_crest_right4) { transformation: [-0.5019803873602959f,0.8596487198525998f,-0.09497246528017106f,0.6426226318682003f,0.8490540614631806f,0.5107254132339305f,0.13515455223524062f,5.054317926091633f,0.16469028938733626f,-0.012791822888746807f,-0.9862623777923897f,2.999373460533625f,0f,0f,0f,1f], start_interpolation: 0, interpolation_duration: 1 }
$data merge entity $(bone_crest_right1) { transformation: [-0.5019803873602959f,0.8596487198525998f,-0.09497246528017106f,0.10630551071548697f,0.8490540614631806f,0.5107254132339305f,0.13515455223524062f,4.746444452344627f,0.16469028938733626f,-0.012791822888746807f,-0.9862623777923897f,2.9518937156645526f,0f,0f,0f,1f], start_interpolation: 0, interpolation_duration: 1 }
$data merge entity $(bone_head1) { transformation: [-1.0471148662336889f,0.04321844783772316f,0.018916149292987856f,0.010476208452531964f,0.04613914898047142f,1.025820770835847f,0.21032860737017903f,4.845678771360744f,-0.009840420160464056f,0.21094812137921257f,-1.0266836193505862f,1.6519161201544421f,0f,0f,0f,1f], start_interpolation: 0, interpolation_duration: 1 }
$data merge entity $(bone_neck10) { transformation: [-1.4959435448791942f,0.05918515241828965f,-0.02905701208867914f,-0.027982458386138817f,0.048429924973115025f,1.4341520877700649f,0.42785115775920274f,4.720277094933156f,0.04474074860120551f,0.42649641096029806f,-1.4346753495256745f,0.5017610103293095f,0f,0f,0f,1f], start_interpolation: 0, interpolation_duration: 1 }
$data merge entity $(bone_neck9) { transformation: [-1.1443968118325845f,0.04860397613310967f,-0.013481063385558722f,-0.08926786603688847f,0.03704889260443302f,1.0177697025084507f,0.5243666281440705f,3.397415384474147f,0.034226672679922236f,0.523422042579837f,-1.0183545790722157f,-0.11542617241596254f,0f,0f,0f,1f], start_interpolation: 0, interpolation_duration: 1 }
$data merge entity $(bone_neck8) { transformation: [-1.0621716602673412f,0.02755506136148413f,-0.036362344742923394f,-0.10868265956737841f,0.03247698403534304f,1.051778483766237f,-0.15164894985222332f,2.6174359004522514f,0.032042893592908205f,-0.15262004153019657f,-1.0516513268619183f,0.03154987264035469f,0f,0f,0f,1f], start_interpolation: 0, interpolation_duration: 1 }
$data merge entity $(bone_neck7) { transformation: [-1.0546815732609376f,-0.017809763216335938f,-0.04190709023560727f,-0.09168343616084212f,9.156426159818987e-19f,0.9715665364930424f,-0.4128983870408285f,1.7470643330322568f,0.04553451304051996f,-0.41251410928002924f,-0.9706623154429509f,0.42529005979609535f,0f,0f,0f,1f], start_interpolation: 0, interpolation_duration: 1 }
$data merge entity $(bone_neck6) { transformation: [-1.0486975643346343f,-0.0117183328060047f,-0.043733413412010716f,-0.08170041741164515f,9.104474805720722e-19f,1.01390768862361f,-0.27167574636640246f,0.8488180228794509f,0.045276161193481546f,-0.27142290220242943f,-1.012964061357265f,0.6565191916620081f,0f,0f,0f,1f], start_interpolation: 0, interpolation_duration: 1 }
$data merge entity $(bone_neck_spine6) { transformation: [-1.221939716966625f,-0.2819725745079933f,-0.21757794888629778f,-0.11339073764139604f,-0.1322410308255307f,-0.3627637563950129f,1.2128067180425295f,0.7917961491305072f,-0.33069775684518227f,1.1869622120304517f,0.31897502934563826f,-1.93099002294304f,0f,0f,0f,1f], start_interpolation: 0, interpolation_duration: 1 }
$data merge entity $(bone_neck_spine7) { transformation: [-0.9575910458595702f,-0.2753151871763423f,-0.08497609428321704f,0.7804152672117379f,-0.09669086400975217f,0.02923508548789569f,0.9948850117443542f,1.9244626226995676f,-0.2714226698465369f,0.9609093908827048f,-0.054615719411234914f,-5.291191124192896f,0f,0f,0f,1f], start_interpolation: 0, interpolation_duration: 1 }
$data merge entity $(bone_tail6) { transformation: [-1.5550349248319213f,-0.20984720225475015f,-0.7093183148530446f,1.2678650203841428f,-0.7362808541076394f,0.2803284519664929f,1.5312114159774683f,1.1561067858694403f,-0.07112541004897042f,1.6860255182680512f,-0.3428717913760796f,-9.181422573404543f,0f,0f,0f,1f], start_interpolation: 0, interpolation_duration: 1 }
$data merge entity $(bone_tail5) { transformation: [-1.2845940683394133f,-0.17335203664522836f,-0.5859586079220803f,1.1583795235555776f,-0.6082320099150065f,0.23157567771145066f,1.2649137784161695f,1.302365108634567f,-0.05875577351871469f,1.3928036890040423f,-0.2832419146150223f,-8.301757085612516f,0f,0f,0f,1f], start_interpolation: 0, interpolation_duration: 1 }
$data merge entity $(bone_tail4) { transformation: [-0.946542997723778f,-0.12773307963332614f,-0.4317589742583749f,1.103636775141295f,-0.4481709546742152f,0.1706347098926478f,0.9320417314645458f,1.3754942700171302f,-0.04329372785589503f,1.026276402424031f,-0.2087045686637006f,-7.861924341716502f,0f,0f,0f,1f], start_interpolation: 0, interpolation_duration: 1 }
$data merge entity $(bone_segment18) { transformation: [-0.9030372947228095f,-0.1218621182091857f,-0.4119141518390459f,1.0352083396234417f,-0.4275717927823569f,0.16279187229509756f,0.8892025462916413f,1.4669057217453345f,-0.041303829805375634f,0.9791059342380818f,-0.1991119363151827f,-7.312133411846486f,0f,0f,0f,1f], start_interpolation: 0, interpolation_duration: 1 }
$data merge entity $(bone_segment17) { transformation: [-0.9030372947228095f,-0.1218621182091857f,-0.4119141518390459f,0.9462513734502322f,-0.4275717927823569f,0.16279187229509756f,0.8892025462916413f,1.585740608992f,-0.041303829805375634f,0.9791059342380818f,-0.1991119363151827f,-6.597405203015463f,0f,0f,0f,1f], start_interpolation: 0, interpolation_duration: 1 }
$data merge entity $(bone_segment16) { transformation: [-0.9881652176809548f,-0.029818959427121133f,-0.15046704697120641f,0.917786497629909f,-0.1494605438991527f,-0.03352560091885909f,0.9881991600382989f,1.5537374108492414f,-0.03451156882729317f,0.9989929247705975f,0.02867207483538506f,-5.643776703051342f,0f,0f,0f,1f], start_interpolation: 0, interpolation_duration: 1 }
$data merge entity $(bone_segment15) { transformation: [-0.9575910458595702f,-0.2439406180843139f,-0.15333741793253686f,0.630131911363494f,-0.09669086400975217f,-0.22925626461995668f,0.9685517239412424f,1.2833986027158453f,-0.2714226698465369f,0.9423027857229049f,0.1959469170776375f,-4.532613994300944f,0f,0f,0f,1f], start_interpolation: 0, interpolation_duration: 1 }
$data merge entity $(bone_segment14) { transformation: [-0.9885322432034708f,-0.2769376513163263f,-0.21162405216724073f,0.3185770536326269f,-0.07331712893503624f,-0.45696182979694133f,0.940470989844199f,0.7693165441942862f,-0.34074007803164186f,0.9017575180818842f,0.4115881142974885f,-3.518136786458825f,0f,0f,0f,1f], start_interpolation: 0, interpolation_duration: 1 }
$data merge entity $(bone_segment13) { transformation: [-0.984739654261339f,-0.19333662680418126f,-0.21213762958142793f,0.09153298433068696f,-0.10657071307704533f,-0.45762370804477237f,0.9117657795578815f,0.19320713006310308f,-0.26650348639876453f,0.8973823613123455f,0.41925457799047317f,-2.4488236107413615f,0f,0f,0f,1f], start_interpolation: 0, interpolation_duration: 1 }
$data merge entity $(bone_segment12) { transformation: [-1.0949963562936085f,-0.11446210490656497f,-0.17987575555298144f,-0.04674338401281436f,-0.15009395853837768f,-0.25458383725997064f,1.0757010526200788f,-0.1143438142778011f,-0.1514221400775897f,1.0800737833768688f,0.23449059500964115f,-1.144036489883399f,0f,0f,0f,1f], start_interpolation: 0, interpolation_duration: 1 }
$data merge entity $(bone_segment11) { transformation: [-1.1850785263913615f,-0.04081607277001714f,-0.10509888377646462f,-0.09168318294729919f,-0.11251861576106018f,0.35766561939099567f,1.1298396818550047f,0.29920798273446747f,-0.0071615832496074545f,1.1346947579814737f,-0.35991576627882055f,0.16729909941788257f,0f,0f,0f,1f], start_interpolation: 0, interpolation_duration: 1 }
$data merge entity $(bone_segment10) { transformation: [-1.0469711773919723f,0.016920258200766855f,-0.04733134899894637f,-0.07829098405057634f,-0.010722336467641562f,0.8891072546890677f,0.5550211880506164f,1.2093288675862803f,0.049107873465620185f,0.5548668241541049f,-0.88791126935184f,0.7354893244485496f,0f,0f,0f,1f], start_interpolation: 0, interpolation_duration: 1 }