# This file was generated by Animated Java via MC-Build. It is not recommended to edit this file directly.
$data merge entity $(bone_neck_spine5) { transformation: [-1.5695468179585972f,0.06138385792511678f,-0.06909416602661368f,0.038908417520403776f,0.04569763656113424f,1.5370989836641982f,0.3275021160051606f,4.33594144554973f,0.08033497249274854f,0.32492757956406254f,-1.5362250993229707f,-0.4946744939803006f,0f,0f,0f,1f], start_interpolation: 0, interpolation_duration: 1 }
$data merge entity $(bone_neck_spine2) { transformation: [-1.4948064932939016f,0.05440488751127952f,-0.06919492398508365f,0.05837904063108024f,0.043521558629651645f,1.4799884434822022f,0.22345998025955763f,5.643455898631761f,0.07650949761214143f,0.22106242796558864f,-1.4790104737293528f,1.339925424101219f,0f,0f,0f,1f], start_interpolation: 0, interpolation_duration: 1 }
$data merge entity $(bone_scale_neck_left1) { transformation: [-1.5703314575654321f,0.495449661881439f,0.04054413348025619f,0.8088292167145296f,0.455687848757607f,1.381013367160157f,0.7734376154915807f,4.734382937041376f,0.19865240676307325f,0.7485898697579373f,-1.4536868675958745f,1.13328533263594f,0f,0f,0f,1f], start_interpolation: 0, interpolation_duration: 1 }
$data merge entity $(bone_scale_neck_right1) { transformation: [-1.6061873762243555f,-0.33552044379898893f,-0.14367750376493438f,-0.760717601244067f,-0.36320293429999134f,1.4052072105346038f,0.7788012614365148f,4.78008057360251f,-0.03606690742314097f,0.7911218667766426f,-1.444257750865282f,1.2136203051286887f,0f,0f,0f,1f], start_interpolation: 0, interpolation_duration: 1 }
$data merge entity $(bone_blush_right1) { transformation: [-0.9990504496468318f,0.042867630524309884f,0.007782371983811501f,-0.6358854611434122f,0.0435637693887978f,0.9802967889293808f,0.19266656069848975f,4.305121534636173f,0.0006301246724279841f,0.19282264355613538f,-0.9812334233376485f,2.555982718083007f,0f,0f,0f,1f], start_interpolation: 0, interpolation_duration: 1 }
$data merge entity $(bone_blush_left1) { transformation: [-0.9990504496468318f,0.042867630524309884f,0.007782371983811501f,0.6880515116795867f,0.0435637693887978f,0.9802967889293808f,0.19266656069848975f,4.247391031647307f,0.0006301246724279841f,0.19282264355613538f,-0.9812334233376485f,2.555147679820815f,0f,0f,0f,1f], start_interpolation: 0, interpolation_duration: 1 }
$data merge entity $(bone_left_head_scales) { transformation: [-0.8897620711995174f,0.042867630524309884f,-0.4544071114187982f,0.7336228385461339f,-0.050321981837349684f,0.9802967889293808f,0.19101283663331803f,5.038230052211646f,0.45364209989672066f,0.19282264355613538f,-0.8700737171833876f,2.3102074715503798f,0f,0f,0f,1f], start_interpolation: 0, interpolation_duration: 1 }
$data merge entity $(bone_left_head_scales2) { transformation: [-0.8228380033648716f,0.042867630524309884f,-0.5666568507233833f,0.6937979564664731f,-0.07482364853768433f,0.9802967889293808f,0.1828103586623424f,4.12503861907149f,0.5633285381001221f,0.19282264355613538f,-0.8034179399876524f,2.302264047189149f,0f,0f,0f,1f], start_interpolation: 0, interpolation_duration: 1 }
$data merge entity $(bone_left_head_scales1) { transformation: [-0.9990504496468318f,0.042867630524309884f,0.007782371983811501f,0.7288086026962358f,0.0435637693887978f,0.9802967889293808f,0.19266656069848975f,4.928138127673678f,0.0006301246724279841f,0.19282264355613538f,-0.9812334233376485f,2.288552584822884f,0f,0f,0f,1f], start_interpolation: 0, interpolation_duration: 1 }
$data merge entity $(bone_right_head_scales) { transformation: [-0.8825750722571092f,0.042867630524309884f,0.4682132079337251f,-0.6127537439857293f,0.1276050526012326f,0.9802967889293808f,0.15078181642818161f,5.096939038302018f,-0.4525242450753276f,0.19282264355613538f,-0.8706556355707052f,2.3110566630034564f,0f,0f,0f,1f], start_interpolation: 0, interpolation_duration: 1 }
$data merge entity $(bone_right_head_scales2) { transformation: [-0.8139104329872059f,0.042867630524309884f,0.5794067425632965f,-0.6525786260653901f,0.1461943500412202f,0.9802967889293808f,0.13283605546225158f,4.183747605161862f,-0.5622962022729694f,0.19282264355613538f,-0.8041407893157886f,2.3031132386422257f,0f,0f,0f,1f], start_interpolation: 0, interpolation_duration: 1 }
$data merge entity $(bone_right_head_scales1) { transformation: [-0.9990504496468318f,0.042867630524309884f,0.007782371983811501f,-0.6175679798356274f,0.0435637693887978f,0.9802967889293808f,0.19266656069848975f,4.986847113764051f,0.0006301246724279841f,0.19282264355613538f,-0.9812334233376485f,2.2894017762759606f,0f,0f,0f,1f], start_interpolation: 0, interpolation_duration: 1 }
$data merge entity $(bone_head_left_fin1) { transformation: [-0.7207562101151377f,0.066776304173413f,-0.7581072541577325f,0.7114107285081208f,0.1551471050322383f,1.0350998338061974f,-0.05632857072278403f,4.531521712129122f,0.7450604401025145f,-0.1509452128439186f,-0.7216478929082557f,2.1246993467918074f,0f,0f,0f,1f], start_interpolation: 0, interpolation_duration: 1 }
$data merge entity $(bone_head_right_fin1) { transformation: [-0.7324627527152225f,0.023387222332800984f,0.7494174749374135f,-0.6349658540237424f,-0.09177923828381805f,1.0369918222998358f,-0.12206444989627988f,4.590230698219494f,-0.7441438606412437f,-0.15091784632705108f,-0.7225987242966345f,2.125548538244884f,0f,0f,0f,1f], start_interpolation: 0, interpolation_duration: 1 }
$data merge entity $(bone_right_whisker16) { transformation: [0.24340777261252866f,0.8824737966395981f,-0.4024831107963419f,-1.173206685212854f,0.9090062780405163f,-0.3522960232257111f,-0.22269957005409094f,1.9062895872729917f,-0.3383197344447042f,-0.31165286821051735f,-0.8879258116652665f,2.825119331755159f,0f,0f,0f,1f], start_interpolation: 0, interpolation_duration: 1 }
$data merge entity $(bone_right_whisker15) { transformation: [-0.8431530212594891f,0.3565113297844751f,-0.4024831107963419f,-0.8891365755111706f,0.46793121008630967f,0.8552457448738842f,-0.22269957005409094f,1.748636982312272f,0.2648270480297606f,-0.3761042243985304f,-0.8879258116652665f,2.7358953751435697f,0f,0f,0f,1f], start_interpolation: 0, interpolation_duration: 1 }
$data merge entity $(bone_right_whisker14) { transformation: [-0.6794408585765651f,-0.6134879503465731f,-0.4024831107963419f,-0.6602233956196524f,-0.5773596037882632f,0.7855321695584355f,-0.22269957005409094f,1.943157551947966f,0.45278693401002584f,0.08106630229866015f,-0.8879258116652665f,2.583345089759333f,0f,0f,0f,1f], start_interpolation: 0, interpolation_duration: 1 }
$data merge entity $(bone_right_whisker13) { transformation: [-0.10998007886928587f,-0.9775830586018815f,-0.17954315856221217f,-0.6231695604537308f,-0.992167590499166f,0.11874265737073528f,-0.03877697362630869f,2.2774327655438764f,0.05922714424134362f,0.17387220840354603f,-0.9829855545886158f,2.5633906319827084f,0f,0f,0f,1f], start_interpolation: 0, interpolation_duration: 1 }
$data merge entity $(bone_right_whisker12) { transformation: [0.025743766237540343f,-0.9881245324602823f,-0.15148322299863848f,-0.6347341429432509f,-0.9828181109037948f,-0.0527228958209878f,0.17688656572997713f,2.7189330888014407f,-0.18277258924522333f,0.1443267286624262f,-0.9725039722356916f,2.645495506057711f,0f,0f,0f,1f], start_interpolation: 0, interpolation_duration: 1 }
$data merge entity $(bone_right_whisker11) { transformation: [0.2823116939780338f,-0.9495287204340525f,-0.13673081771906448f,-0.7615538492224458f,-0.955630479530952f,-0.26586115889570117f,-0.12683938971028536f,3.1482202182782357f,0.084086229756696f,0.16647237987577934f,-0.9824543005676132f,2.6077223950341955f,0f,0f,0f,1f], start_interpolation: 0, interpolation_duration: 1 }
$data merge entity $(bone_right_whisker10) { transformation: [0.09032104306939032f,-0.9956424904310515f,-0.023197853933306534f,-0.8021277552887734f,-0.9284340980018045f,-0.0757503406067686f,-0.3636921934349626f,3.5652902232399835f,0.36035015588512376f,0.054386736859387344f,-0.9312302873120883f,2.445846348445175f,0f,0f,0f,1f], start_interpolation: 0, interpolation_duration: 1 }
$data merge entity $(bone_right_whisker1) { transformation: [-0.349004387548709f,-0.935518066621325f,-0.05478945607367196f,-0.6453484405696268f,-0.9287761659143542f,0.35308990651462024f,-0.11270470951530354f,3.982513891521822f,0.1247828958679145f,0.011552702826394284f,-0.9921168096329294f,2.38979153194201f,0f,0f,0f,1f], start_interpolation: 0, interpolation_duration: 1 }
$data merge entity $(bone_left_whisker16) { transformation: [0.27166409454249685f,-0.9436661392167845f,0.18892548116147312f,1.2132930337272347f,-0.9203335518676312f,-0.31213621559667293f,-0.23570561346666644f,1.8538065503832462f,0.2813978909713355f,-0.10984170705463402f,-0.9532838120665893f,2.5613814495037492f,0f,0f,0f,1f], start_interpolation: 0, interpolation_duration: 1 }
$data merge entity $(bone_left_whisker15) { transformation: [-0.9001336647554037f,-0.3925131184328913f,0.18892548116147312f,0.9100253439414786f,-0.42959348109962625f,0.8717180190732594f,-0.23570561346666644f,1.709070465442454f,-0.07217220081660274f,-0.29332771277375f,-0.9532838120665893f,2.537065620127062f,0f,0f,0f,1f], start_interpolation: 0, interpolation_duration: 1 }
$data merge entity $(bone_left_whisker14) { transformation: [-0.7361506204829822f,0.6499149379191299f,0.18892548116147312f,0.6620058477826617f,0.608490778548798f,0.7577478711295599f,-0.23570561346666644f,1.914079565637117f,-0.29634648029561284f,-0.05855542048515741f,-0.9532838120665893f,2.4372223235430908f,0f,0f,0f,1f], start_interpolation: 0, interpolation_duration: 1 }
$data merge entity $(bone_left_whisker13) { transformation: [-0.07705722664393144f,0.9961757462380332f,-0.04118332707594016f,0.6360441845090715f,0.9962808471348586f,0.07533646907590527f,-0.04181973289517538f,2.2497405932362637f,-0.03855719717762707f,-0.044252672622941906f,-0.9982760357293629f,2.4242318616033627f,0f,0f,0f,1f], start_interpolation: 0, interpolation_duration: 1 }
$data merge entity $(bone_left_whisker12) { transformation: [0.107674647315875f,0.9925574173851827f,-0.05688535417010804f,0.6844136549829998f,0.9798840215072099f,-0.09628133541165318f,0.17480620368341304f,2.689922868522706f,0.16802819620605375f,-0.07456324593930597f,-0.9829582125577538f,2.499713277867801f,0f,0f,0f,1f], start_interpolation: 0, interpolation_duration: 1 }
$data merge entity $(bone_left_whisker11) { transformation: [0.29838540938766817f,0.9505057767367838f,-0.08663091742880921f,0.8184539756063665f,0.9428599992933739f,-0.30764602893586757f,-0.12794116855996976f,3.1134732588302763f,-0.14826047752874996f,-0.043505048787408226f,-0.9879909622729108f,2.433111891477933f,0f,0f,0f,1f], start_interpolation: 0, interpolation_duration: 1 }
$data merge entity $(bone_left_whisker10) { transformation: [0.04973207051491745f,0.9792569966713235f,-0.19642417272973028f,0.8407945541579895f,0.925354100686727f,-0.11918161437250195f,-0.3598826630136872f,3.529159671248142f,-0.37582776574457366f,-0.16386420373536098f,-0.9120866259460326f,2.2642830123348627f,0f,0f,0f,1f], start_interpolation: 0, interpolation_duration: 1 }
$data merge entity $(bone_left_whisker1) { transformation: [-0.3271490227391092f,0.9299168165906804f,-0.16801259221469322f,0.6938330790994054f,0.9436458866579306f,0.312065938644842f,-0.11021474734028136f,3.953063096895259f,-0.050059539694389255f,-0.19460103843394244f,-0.9796042457676555f,2.2417953284877736f,0f,0f,0f,1f], start_interpolation: 0, interpolation_duration: 1 }
$data merge entity $(bone_upper_left_tooth1) { transformation: [-0.9990504496468318f,0.043382784658661036f,0.004016597530672345f,0.33283616415563433f,0.0435637693887978f,0.9933584608881257f,0.10649491151512248f,4.2107695941726595f,0.0006301246724279841f,0.10656876736283646f,-0.9943051346370806f,3.312839312068781f,0f,0f,0f,1f], start_interpolation: 0, interpolation_duration: 1 }
$data merge entity $(bone_upper_right_tooth1) { transformation: [-0.9990504496468318f,0.043382784658661036f,0.004016597530672345f,-0.34035212711029716f,0.0435637693887978f,0.9933584608881257f,0.10649491151512248f,4.240124087217845f,0.0006301246724279841f,0.10656876736283646f,-0.9943051346370806f,3.3132639077953194f,0f,0f,0f,1f], start_interpolation: 0, interpolation_duration: 1 }
$data merge entity $(bone_top_lip1) { transformation: [-0.9990504496468318f,0.039716006217009346f,-0.017911948822884508f,0.029651188773872197f,0.0435637693887978f,0.9165649909879822f,-0.39750574246397996f,4.346938413840714f,0.0006301246724279841f,-0.397908602753661f,-0.9174248453129699f,3.3261989075445313f,0f,0f,0f,1f], start_interpolation: 0, interpolation_duration: 1 }
$data merge entity $(bone_muzzle1) { transformation: [-0.9990504496468318f,0.043382784658661036f,0.004016597530672345f,0.03921473753730543f,0.0435637693887978f,0.9933584608881257f,0.10649491151512248f,4.574076019919227f,0.0006301246724279841f,0.10656876736283646f,-0.9943051346370806f,2.785825528593133f,0f,0f,0f,1f], start_interpolation: 0, interpolation_duration: 1 }
$data merge entity $(bone_jaw_right_tooth1) { transformation: [-0.9990504496468318f,0.03844625231504733f,-0.020495968954671956f,-0.3465202166422559f,0.0435637693887978f,0.8883095314773763f,-0.457174336859675f,4.0981867131784036f,0.0006301246724279841f,-0.4576331084715919f,-0.8891409005177558f,3.3467404734076256f,0f,0f,0f,1f], start_interpolation: 0, interpolation_duration: 1 }
$data merge entity $(bone_jaw_left_tooth1) { transformation: [-0.9990504496468318f,0.03844625231504733f,-0.020495968954671956f,0.38276709889583654f,0.0435637693887978f,0.8883095314773763f,-0.457174336859675f,4.066386012379452f,0.0006301246724279841f,-0.4576331084715919f,-0.8891409005177558f,3.346280494703876f,0f,0f,0f,1f], start_interpolation: 0, interpolation_duration: 1 }
$data merge entity $(bone_tongue1) { transformation: [-0.9990504496468318f,0.043435063578185475f,-0.0034050422056333338f,0.014920232941760883f,0.0435637693887978f,0.9970208073075161f,-0.06365302657775496f,4.0204572293478f,0.0006301246724279841f,-0.06374092129729325f,-0.9979662809409293f,2.541882662850819f,0f,0f,0f,1f], start_interpolation: 0, interpolation_duration: 1 }
$data merge entity $(bone_jaw_lips1) { transformation: [-0.9990504496468318f,0.043435063578185475f,-0.0034050422056333338f,0.06846883500207715f,0.0435637693887978f,0.9970208073075161f,-0.06365302657775496f,3.9464340192393204f,0.0006301246724279841f,-0.06374092129729325f,-0.9979662809409293f,3.446689752383922f,0f,0f,0f,1f], start_interpolation: 0, interpolation_duration: 1 }
$data merge entity $(bone_jaw3) { transformation: [-0.9990504496468318f,0.041421255012618924f,-0.013508467479427496f,0.052843455540228026f,0.0435637693887978f,0.9542016041453323f,-0.2959755000724117f,3.6001472032526567f,0.0006301246724279841f,-0.2962829361938588f,-0.955100007676287f,2.613547667634564f,0f,0f,0f,1f], start_interpolation: 0, interpolation_duration: 1 }
$data merge entity $(bone_jaw1) { transformation: [-0.9990504496468318f,0.03884117926282125f,0.019737321346538987f,0.07057620518750915f,0.0435637693887978f,0.884008708076528f,0.4654361417439644f,4.01831248685075f,0.0006301246724279841f,0.4658540188066874f,-0.8848613654717647f,1.8185550345935255f,0f,0f,0f,1f], start_interpolation: 0, interpolation_duration: 1 }
$data merge entity $(bone_tear_right1) { transformation: [-0.9990504496468318f,0.042867630524309884f,0.007782371983811501f,-0.5637232085648936f,0.0435637693887978f,0.9802967889293808f,0.19266656069848975f,4.668523440663446f,0.0006301246724279841f,0.19282264355613538f,-0.9812334233376485f,2.730916840327271f,0f,0f,0f,1f], start_interpolation: 0, interpolation_duration: 1 }
$data merge entity $(bone_right_pupil1) { transformation: [-0.9990504496468318f,0.042867630524309884f,0.007782371983811501f,-0.37430694976281f,0.0435637693887978f,0.9802967889293808f,0.19266656069848975f,4.75756048053515f,0.0006301246724279841f,0.19282264355613538f,-0.9812334233376485f,2.818573231239914f,0f,0f,0f,1f], start_interpolation: 0, interpolation_duration: 1 }
$data merge entity $(bone_right_sad_pupil1) { transformation: [-0.9990504496468318f,0.042867630524309884f,0.007782371983811501f,-0.3742195500774449f,0.0435637693887978f,0.9802967889293808f,0.19266656069848975f,4.759724216324244f,0.0006301246724279841f,0.19282264355613538f,-0.9812334233376485f,2.807553519942665f,0f,0f,0f,1f], start_interpolation: 0, interpolation_duration: 1 }
$data merge entity $(bone_right_happy_pupil1) { transformation: [-0.9990504496468318f,0.042867630524309884f,0.007782371983811501f,-0.4034722467366898f,0.0435637693887978f,0.9802967889293808f,0.19266656069848975f,4.733424675705065f,0.0006301246724279841f,0.19282264355613538f,-0.9812334233376485f,2.802157558818583f,0f,0f,0f,1f], start_interpolation: 0, interpolation_duration: 1 }
$data merge entity $(bone_eyelid_right1) { transformation: [-0.9990504496468318f,0.042867630524309884f,0.007782371983811501f,0.059706162195254306f,0.0435637693887978f,0.9802967889293808f,0.19266656069848975f,4.794029228150255f,0.0006301246724279841f,0.19282264355613538f,-0.9812334233376485f,2.2454680625654877f,0f,0f,0f,1f], start_interpolation: 0, interpolation_duration: 1 }
$data merge entity $(bone_eyelid_expressions_right5) { transformation: [-0.9990504496468318f,0.042867630524309884f,0.007782371983811501f,-0.4984327110197617f,0.0435637693887978f,0.9802967889293808f,0.19266656069848975f,4.875442403040143f,0.0006301246724279841f,0.19282264355613538f,-0.9812334233376485f,2.8292897872912963f,0f,0f,0f,1f], start_interpolation: 0, interpolation_duration: 1 }
$data merge entity $(bone_eyelid_expressions_right7) { transformation: [-0.9990504496468318f,0.042867630524309884f,0.007782371983811501f,-0.16183856538679592f,0.0435637693887978f,0.9802967889293808f,0.19266656069848975f,4.86076515651755f,0.0006301246724279841f,0.19282264355613538f,-0.9812334233376485f,2.829077489428027f,0f,0f,0f,1f], start_interpolation: 0, interpolation_duration: 1 }
$data merge entity $(bone_eyelid_expressions_right6) { transformation: [-0.9990504496468318f,0.042867630524309884f,0.007782371983811501f,-0.2740366139311179f,0.0435637693887978f,0.9802967889293808f,0.19266656069848975f,4.865657572025081f,0.0006301246724279841f,0.19282264355613538f,-0.9812334233376485f,2.82914825538245f,0f,0f,0f,1f], start_interpolation: 0, interpolation_duration: 1 }
$data merge entity $(bone_right_eye1) { transformation: [-0.9990504496468318f,0.042867630524309884f,0.007782371983811501f,0.04839895765545704f,0.0435637693887978f,0.9802967889293808f,0.19266656069848975f,4.792354733911914f,0.0006301246724279841f,0.19282264355613538f,-0.9812334233376485f,2.256494850458179f,0f,0f,0f,1f], start_interpolation: 0, interpolation_duration: 1 }
$data merge entity $(bone_tear_left1) { transformation: [-0.9990504496468318f,0.042867630524309884f,0.007782371983811501f,0.6480157157137834f,0.0435637693887978f,0.9802967889293808f,0.19266656069848975f,4.61568535318211f,0.0006301246724279841f,0.19282264355613538f,-0.9812334233376485f,2.730152568019502f,0f,0f,0f,1f], start_interpolation: 0, interpolation_duration: 1 }
$data merge entity $(bone_left_sad_pupil1) { transformation: [-0.9990504496468318f,0.042867630524309884f,0.007782371983811501f,0.46726581400496947f,0.0435637693887978f,0.9802967889293808f,0.19266656069848975f,4.723031100017762f,0.0006301246724279841f,0.19282264355613538f,-0.9812334233376485f,2.807022775284492f,0f,0f,0f,1f], start_interpolation: 0, interpolation_duration: 1 }
$data merge entity $(bone_left_pupil1) { transformation: [-0.9990504496468318f,0.042867630524309884f,0.007782371983811501f,0.4671784143196044f,0.0435637693887978f,0.9802967889293808f,0.19266656069848975f,4.720867364228668f,0.0006301246724279841f,0.19282264355613538f,-0.9812334233376485f,2.818042486581741f,0f,0f,0f,1f], start_interpolation: 0, interpolation_duration: 1 }
$data merge entity $(bone_eyelid_left1) { transformation: [-0.9990504496468318f,0.042867630524309884f,0.007782371983811501f,0.03726655248638992f,0.0435637693887978f,0.9802967889293808f,0.19266656069848975f,4.7950077112517615f,0.0006301246724279841f,0.19282264355613538f,-0.9812334233376485f,2.2454822157563723f,0f,0f,0f,1f], start_interpolation: 0, interpolation_duration: 1 }
$data merge entity $(bone_left_happy_pupil1) { transformation: [-0.9990504496468318f,0.042867630524309884f,0.007782371983811501f,0.4941121416178855f,0.0435637693887978f,0.9802967889293808f,0.19266656069848975f,4.694285351644816f,0.0006301246724279841f,0.19282264355613538f,-0.9812334233376485f,2.8015914311831986f,0f,0f,0f,1f], start_interpolation: 0, interpolation_duration: 1 }
$data merge entity $(bone_eyelid_expressions_left5) { transformation: [-0.9990504496468318f,0.042867630524309884f,0.007782371983811501f,0.601108164714593f,0.0435637693887978f,0.9802967889293808f,0.19266656069848975f,4.82749673106634f,0.0006301246724279841f,0.19282264355613538f,-0.9812334233376485f,2.82859628093795f,0f,0f,0f,1f], start_interpolation: 0, interpolation_duration: 1 }
$data merge entity $(bone_eyelid_expressions_left7) { transformation: [-0.9990504496468318f,0.042867630524309884f,0.007782371983811501f,0.2645140190816273f,0.0435637693887978f,0.9802967889293808f,0.19266656069848975f,4.842173977588933f,0.0006301246724279841f,0.19282264355613538f,-0.9812334233376485f,2.8288085788012194f,0f,0f,0f,1f], start_interpolation: 0, interpolation_duration: 1 }
$data merge entity $(bone_eyelid_expressions_left6) { transformation: [-0.9990504496468318f,0.042867630524309884f,0.007782371983811501f,0.3767120676259493f,0.0435637693887978f,0.9802967889293808f,0.19266656069848975f,4.837281562081402f,0.0006301246724279841f,0.19282264355613538f,-0.9812334233376485f,2.8287378128467964f,0f,0f,0f,1f], start_interpolation: 0, interpolation_duration: 1 }
$data merge entity $(bone_left_eye1) { transformation: [-0.9990504496468318f,0.042867630524309884f,0.007782371983811501f,0.04839895765545704f,0.0435637693887978f,0.9802967889293808f,0.19266656069848975f,4.792354733911914f,0.0006301246724279841f,0.19282264355613538f,-0.9812334233376485f,2.256494850458179f,0f,0f,0f,1f], start_interpolation: 0, interpolation_duration: 1 }
$data merge entity $(bone_crest_middle5) { transformation: [-0.9990504496468318f,0.043535910103275184f,-0.001680354707405663f,0.1040905005322715f,0.0435637693887978f,0.9987605168406097f,-0.024075464625171267f,6.0589007743439245f,0.0006301246724279841f,-0.024125806344198614f,-0.9997087317869838f,2.991494362773108f,0f,0f,0f,1f], start_interpolation: 0, interpolation_duration: 1 }
$data merge entity $(bone_crest_middle4) { transformation: [-0.9990504496468318f,0.043535910103275184f,-0.001680354707405663f,0.07475477985721302f,0.0435637693887978f,0.9987605168406097f,-0.024075464625171267f,5.385907847957186f,0.0006301246724279841f,-0.024125806344198614f,-0.9997087317869838f,3.007751009626132f,0f,0f,0f,1f], start_interpolation: 0, interpolation_duration: 1 }
$data merge entity $(bone_crest_middle1) { transformation: [-0.9990504496468318f,0.043535910103275184f,-0.001680354707405663f,0.05289452373752489f,0.0435637693887978f,0.9987605168406097f,-0.024075464625171267f,4.883191002467612f,0.0006301246724279841f,-0.024125806344198614f,-0.9997087317869838f,3.104147836571995f,0f,0f,0f,1f], start_interpolation: 0, interpolation_duration: 1 }
$data merge entity $(bone_crest_left5) { transformation: [-0.5729436082004311f,-0.8115306077435576f,0.11468955714293648f,-1.0276251822410116f,-0.8033671299101673f,0.5837819933150935f,0.11747271538939015f,5.459313828753435f,-0.1622864023945665f,-0.02483257893228949f,-0.9864311768295853f,2.965511045825586f,0f,0f,0f,1f], start_interpolation: 0, interpolation_duration: 1 }
$data merge entity $(bone_crest_left4) { transformation: [-0.5729436082004311f,-0.8115306077435576f,0.11468955714293648f,-0.571931725744385f,-0.8033671299101673f,0.5837819933150935f,0.11747271538939015f,5.131506557116541f,-0.1622864023945665f,-0.02483257893228949f,-0.9864311768295853f,2.979455120909635f,0f,0f,0f,1f], start_interpolation: 0, interpolation_duration: 1 }
$data merge entity $(bone_crest_left1) { transformation: [-0.5729436082004311f,-0.8115306077435576f,0.11468955714293648f,-0.06422883616087104f,-0.8033671299101673f,0.5837819933150935f,0.11747271538939015f,4.77751492661175f,-0.1622864023945665f,-0.02483257893228949f,-0.9864311768295853f,2.939403180975037f,0f,0f,0f,1f], start_interpolation: 0, interpolation_duration: 1 }
$data merge entity $(bone_crest_center1) { transformation: [-0.9990504496468318f,0.042867630524309884f,0.007782371983811501f,0.046765668826531076f,0.0435637693887978f,0.9802967889293808f,0.19266656069848975f,4.745099882263886f,0.0006301246724279841f,0.19282264355613538f,-0.9812334233376485f,2.9339187626343777f,0f,0f,0f,1f], start_interpolation: 0, interpolation_duration: 1 }
$data merge entity $(bone_crest_right5) { transformation: [-0.5006352224274906f,0.8592336397613045f,-0.1052707289208046f,1.1792860958151954f,0.8501807223715921f,0.510928026423752f,0.12706412208978468f,5.363081076931177f,0.16296353387397694f,-0.025886369333500525f,-0.9862924426913322f,2.9641190948518843f,0f,0f,0f,1f], start_interpolation: 0, interpolation_duration: 1 }
$data merge entity $(bone_crest_right4) { transformation: [-0.5006352224274906f,0.8592336397613045f,-0.1052707289208046f,0.696806268800791f,0.8501807223715921f,0.510928026423752f,0.12706412208978468f,5.076183015218621f,0.16296353387397694f,-0.025886369333500525f,-0.9862924426913322f,2.978654897944426f,0f,0f,0f,1f], start_interpolation: 0, interpolation_duration: 1 }
$data merge entity $(bone_crest_right1) { transformation: [-0.5006352224274906f,0.8592336397613045f,-0.1052707289208046f,0.16016726092777278f,0.8501807223715921f,0.510928026423752f,0.12706412208978468f,4.767730095596688f,0.16296353387397694f,-0.025886369333500525f,-0.9862924426913322f,2.939261649066191f,0f,0f,0f,1f], start_interpolation: 0, interpolation_duration: 1 }
$data merge entity $(bone_head1) { transformation: [-1.0471817864136708f,0.04493286793238208f,0.008157303967406581f,0.05079882242558688f,0.04566254473695601f,1.02752462902103f,0.20194867364880753f,4.85631424004312f,0.0006604822412819362f,0.20211227612329283f,-1.0285063877432379f,1.6395832857457373f,0f,0f,0f,1f], start_interpolation: 0, interpolation_duration: 1 }
$data merge entity $(bone_neck10) { transformation: [-1.4948064932939016f,0.06297119610540716f,-0.061501689013155045f,-0.01191248982790824f,0.043521558629651645f,1.4381595568462056f,0.4147255052084444f,4.720358295450275f,0.07650949761214143f,0.41222081363876806f,-1.437502897131744f,0.4916962274477392f,0f,0f,0f,1f], start_interpolation: 0, interpolation_duration: 1 }
$data merge entity $(bone_neck9) { transformation: [-1.1435269673698354f,0.05622760182535589f,-0.0370496989117756f,-0.08175895789396107f,0.03329399235168353f,1.019970726692447f,0.5203262200411434f,3.394889417310826f,0.058529765673288235f,0.5183496136604979f,-1.0198412097217777f,-0.11895322085869053f,0f,0f,0f,1f], start_interpolation: 0, interpolation_duration: 1 }
$data merge entity $(bone_neck8) { transformation: [-1.0613228218009192f,0.02211624091122999f,-0.05826557482261024f,-0.09642628337412495f,0.030420142410340842f,1.051344727541326f,-0.15504520696786667f,2.6153404726003084f,0.05439320046832451f,-0.1564457514793244f,-1.05016962629082f,0.03083062302064249f,0f,0f,0f,1f], start_interpolation: 0, interpolation_duration: 1 }
$data merge entity $(bone_neck7) { transformation: [-1.0535438540880147f,-0.026188609933937314f,-0.061531431619165654f,-0.07143147276662867f,1.8312852319637973e-18f,0.9713456151693475f,-0.413417837962135f,1.7451797640121214f,0.06687271766106101f,-0.412587524599344f,-0.9693947529420683f,0.42461047855289386f,0f,0f,0f,1f], start_interpolation: 0, interpolation_duration: 1 }
$data merge entity $(bone_neck6) { transformation: [-1.0475663003059548f,-0.017209731890554386f,-0.06422759380018737f,-0.05677025098907159f,1.8208949611441444e-18f,1.01390768862361f,-0.27167574636640235f,0.8469334538593154f,0.06649329798638831f,-0.2711301095267677f,-1.0118713442156118f,0.655590176065034f,0f,0f,0f,1f], start_interpolation: 0, interpolation_duration: 1 }
$data merge entity $(bone_neck_spine6) { transformation: [-1.2246483926797291f,-0.2835712069898346f,-0.19952206241414458f,-0.1465008864448786f,-0.11145871739899209f,-0.3715759407853699f,1.2122267292309425f,0.7906822882373746f,-0.3283270277321638f,1.1838513670695765f,0.33269005405146557f,-1.925413655836027f,0f,0f,0f,1f], start_interpolation: 0, interpolation_duration: 1 }
$data merge entity $(bone_neck_spine7) { transformation: [-0.9395401249757585f,-0.3404055036720696f,-0.03726186563096834f,0.8656332944914857f,-0.0438255023607919f,0.011610468857272543f,0.9989717325108547f,1.9629047794724308f,-0.3396228480290453f,0.9402070463906759f,-0.02582694356599588f,-5.231739049840848f,0f,0f,0f,1f], start_interpolation: 0, interpolation_duration: 1 }
$data merge entity $(bone_tail6) { transformation: [-1.6058154462018777f,-0.3670316446811264f,-0.501942688032466f,1.7119196471905223f,-0.5565420141817676f,0.22835612189813187f,1.6135105842755646f,1.3175570415801743f,-0.2773439682363608f,1.6668662786562811f,-0.33157061071300586f,-9.083260266155337f,0f,0f,0f,1f], start_interpolation: 0, interpolation_duration: 1 }
$data merge entity $(bone_tail5) { transformation: [-1.3265431946885076f,-0.3032000543018001f,-0.41464830750508064f,1.5204248760525432f,-0.459752098671895f,0.188642013741935f,1.3329000478798143f,1.4366993660487648f,-0.22911023463003719f,1.3769764910638842f,-0.27390615667596135f,-8.213590903378147f,0f,0f,0f,1f], start_interpolation: 0, interpolation_duration: 1 }
$data merge entity $(bone_tail4) { transformation: [-0.9774528802967949f,-0.22341056632764214f,-0.3055303318458488f,1.4246774904835537f,-0.3387647042845542f,0.13899937854668895f,0.9821368773851261f,1.4962705282830602f,-0.16881806762213264f,1.0146142565733882f,-0.2018255891296557f,-7.778756221989552f,0f,0f,0f,1f], start_interpolation: 0, interpolation_duration: 1 }
$data merge entity $(bone_segment18) { transformation: [-0.9325264746185572f,-0.2131420061361853f,-0.29148732280448686f,1.304993258522317f,-0.32319415265905294f,0.13261058723460512f,0.9369951823997229f,1.5707344810759292f,-0.1610587278680719f,0.9679798124824376f,-0.19254913348021813f,-7.235212870253807f,0f,0f,0f,1f], start_interpolation: 0, interpolation_duration: 1 }
$data merge entity $(bone_segment17) { transformation: [-0.9325264746185572f,-0.2131420061361853f,-0.29148732280448686f,1.149403756972709f,-0.32319415265905294f,0.13261058723460512f,0.9369951823997229f,1.6675376197066591f,-0.1610587278680719f,0.9679798124824376f,-0.19254913348021813f,-6.52860651299734f,0f,0f,0f,1f], start_interpolation: 0, interpolation_duration: 1 }
$data merge entity $(bone_segment16) { transformation: [-0.9841717276130648f,-0.14500028592463574f,-0.10188683746632136f,1.0109879566882054f,-0.09200173139224946f,-0.07333568872148372f,0.9930546602179429f,1.5975321160687193f,-0.15146515106764027f,0.9867100860138803f,0.058834634107278794f,-5.5867030861627995f,0f,0f,0f,1f], start_interpolation: 0, interpolation_duration: 1 }
$data merge entity $(bone_segment15) { transformation: [-0.9395401249757585f,-0.31916238692644466f,-0.12409562575671301f,0.6346319193701566f,-0.0438255023607919f,-0.2473380581683057f,0.9679376066278013f,1.305871271109511f,-0.3396228480290453f,0.9148547730393857f,0.21839657814099042f,-4.507907052525048f,0f,0f,0f,1f], start_interpolation: 0, interpolation_duration: 1 }
$data merge entity $(bone_segment14) { transformation: [-0.9800339202089475f,-0.3148336529099262f,-0.19770807838944296f,0.28044405984648957f,-0.03867347818541177f,-0.46806934704298747f,0.9370649104885775f,0.77929325568615f,-0.3697473128368839f,0.8834398991325416f,0.42602355251295665f,-3.514037166000939f,0f,0f,0f,1f], start_interpolation: 0, interpolation_duration: 1 }
$data merge entity $(bone_segment13) { transformation: [-0.98692252821837f,-0.1971321049799502f,-0.19803148311423163f,0.04844268199594495f,-0.08982261343330539f,-0.46453623928389265f,0.910072300606483f,0.19490488396610506f,-0.2645929576429791f,0.8929941922551006f,0.4297040274277035f,-2.45029503282553f,0f,0f,0f,1f], start_interpolation: 0, interpolation_duration: 1 }
$data merge entity $(bone_segment12) { transformation: [-1.0993020053633982f,-0.09720710254197273f,-0.16297165830622815f,-0.06898871704804897f,-0.13679291875903515f,-0.25806579484135683f,1.0766446136501864f,-0.11685245208385625f,-0.13151684140470987f,1.0809378825538354f,0.242385015375611f,-1.1444640337672052f,0f,0f,0f,1f], start_interpolation: 0, interpolation_duration: 1 }
$data merge entity $(bone_segment11) { transformation: [-1.186326694261646f,-0.012464439534456272f,-0.09796148789536764f,-0.08162440193489477f,-0.09716812922654566f,0.35794559377108026f,1.1311746759204917f,0.2969560871148096f,0.01761164461927677f,1.1352719632441857f,-0.3577292835746659f,0.16749887299694444f,0f,0f,0f,1f], start_interpolation: 0, interpolation_duration: 1 }
$data merge entity $(bone_segment10) { transformation: [-1.046005753096524f,0.03336453852557803f,-0.05860008603340256f,-0.05176310236016087f,-0.0026990984091578257f,0.8894376018802651f,0.5545887352393973f,1.2074442985661449f,0.06737861219945572f,0.5535907856491398f,-0.8875091901989619f,0.7344751212115929f,0f,0f,0f,1f], start_interpolation: 0, interpolation_duration: 1 }