# This file was generated by Animated Java via MC-Build. It is not recommended to edit this file directly.
$data merge entity $(bone_neck_spine5) { transformation: [-1.3594356977014732f,0.04814357942762841f,-0.13718031830789293f,0.020090027845282667f,0.020986592598076777f,1.3415212561790768f,0.26283443896697556f,3.7414517173038964f,0.14386037293946352f,0.25923845227098946f,-1.334653991908806f,-0.49689233379590525f,0f,0f,0f,1f], start_interpolation: 0, interpolation_duration: 1 }
$data merge entity $(bone_neck_spine2) { transformation: [-1.2947006644775934f,0.03617498149795745f,-0.1336509149214664f,0.10548569328187521f,0.019987231045787403f,1.2925229231747482f,0.15622423181878803f,4.912955925091564f,0.13700987898996522f,0.15328689026094358f,-1.285749753753711f,1.0672523586362916f,0f,0f,0f,1f], start_interpolation: 0, interpolation_duration: 1 }
$data merge entity $(bone_scale_neck_left1) { transformation: [-1.3604657558644146f,0.4455894965680827f,-0.045192323145055294f,0.7604052534098047f,0.3802657253435347f,1.2255545253164337f,0.63629670909737f,4.127615973197932f,0.23662274542401865f,0.5923896727892801f,-1.2823975866802724f,0.8740220011174498f,0f,0f,0f,1f], start_interpolation: 0, interpolation_duration: 1 }
$data merge entity $(bone_scale_neck_right1) { transformation: [-1.3908208242271405f,-0.27414081823323f,-0.20475269247882924f,-0.5990304442916683f,-0.3377921234846427f,1.2366655230066959f,0.6387599579819392f,4.148602565796009f,0.054528291836905676f,0.6685541222577033f,-1.2655123347499853f,1.0178823740569132f,0f,0f,0f,1f], start_interpolation: 0, interpolation_duration: 1 }
$data merge entity $(bone_blush_right1) { transformation: [-0.9989627625552495f,0.03927079323305192f,-0.023047859484802147f,-0.44411629741578706f,0.03477570529840202f,0.9847300365638153f,0.17057961604490002f,3.769794748222184f,0.02939471634465954f,0.16960117891062462f,-0.9850743072292278f,2.1715732321218737f,0f,0f,0f,1f], start_interpolation: 0, interpolation_duration: 1 }
$data merge entity $(bone_blush_left1) { transformation: [-0.9989627625552495f,0.03927079323305192f,-0.023047859484802147f,0.7070321984974888f,0.03477570529840202f,0.9847300365638153f,0.17057961604490002f,3.7297211815697286f,0.02939471634465954f,0.16960117891062462f,-0.9850743072292278f,2.1377004144590828f,0f,0f,0f,1f], start_interpolation: 0, interpolation_duration: 1 }
$data merge entity $(bone_left_head_scales) { transformation: [-0.8754484751730066f,0.03927079323305192f,-0.48171337132791386f,0.7338377574890467f,-0.047918473823801246f,0.9847300365638153f,0.16736360104701525f,4.412757931891223f,0.48093012713247163f,0.16960117891062462f,-0.8601986124892732f,1.9083750351604787f,0f,0f,0f,1f], start_interpolation: 0, interpolation_duration: 1 }
$data merge entity $(bone_left_head_scales2) { transformation: [-0.805082680006899f,0.03927079323305192f,-0.5918612026072974f,0.7065336015674439f,-0.06935385819838594f,0.9847300365638153f,0.15967716631386278f,3.618450342381665f,0.5890941526665389f,0.16960117891062462f,-0.7900655158948646f,1.9201721083595846f,0f,0f,0f,1f], start_interpolation: 0, interpolation_duration: 1 }
$data merge entity $(bone_left_head_scales1) { transformation: [-0.9989627625552495f,0.03927079323305192f,-0.023047859484802147f,0.7300027190873815f,0.03477570529840202f,0.9847300365638153f,0.17057961604490002f,4.316592889258038f,0.02939471634465954f,0.16960117891062462f,-0.9850743072292278f,1.891812420032488f,0f,0f,0f,1f], start_interpolation: 0, interpolation_duration: 1 }
$data merge entity $(bone_right_head_scales) { transformation: [-0.8967331094832932f,0.03927079323305192f,0.440825969238736f,-0.43682172988038626f,0.109611328485993f,0.9847300365638153f,0.13524833365540057f,4.453510711537787f,-0.42878326346064377f,0.16960117891062462f,-0.8873445515064408f,1.9428219683768766f,0f,0f,0f,1f], start_interpolation: 0, interpolation_duration: 1 }
$data merge entity $(bone_right_head_scales2) { transformation: [-0.8315220982245238f,0.03927079323305192f,0.554101800180375f,-0.464125885801989f,0.126327038371941f,0.9847300365638153f,0.11978411608055953f,3.6592031220282295f,-0.540936668696493f,0.16960117891062462f,-0.8237857491919041f,1.9546190415759825f,0f,0f,0f,1f], start_interpolation: 0, interpolation_duration: 1 }
$data merge entity $(bone_right_head_scales1) { transformation: [-0.9989627625552495f,0.03927079323305192f,-0.023047859484802147f,-0.44065676828205147f,0.03477570529840202f,0.9847300365638153f,0.17057961604490002f,4.357345668904602f,0.02939471634465954f,0.16960117891062462f,-0.9850743072292278f,1.9262593532488859f,0f,0f,0f,1f], start_interpolation: 0, interpolation_duration: 1 }
$data merge entity $(bone_head_left_fin1) { transformation: [-0.6676871875158328f,0.05007574957728338f,-0.7427558407252485f,0.7139332689098563f,0.1579319808470257f,0.9845522960607525f,-0.07559276253210458f,3.968467858027639f,0.7274966041521651f,-0.1677772202230495f,-0.6652815158421992f,1.7575539770270967f,0f,0f,0f,1f], start_interpolation: 0, interpolation_duration: 1 }
$data merge entity $(bone_head_right_fin1) { transformation: [-0.7186161731245682f,0.008684581756578685f,0.6953526973870988f,-0.4567262184595766f,-0.10967224692010807f,0.9859931976719474f,-0.12565592863109593f,4.009220637674204f,-0.6867042987919149f,-0.16655927528769307f,-0.7075982008430652f,1.7920009102434946f,0f,0f,0f,1f], start_interpolation: 0, interpolation_duration: 1 }
$data merge entity $(bone_right_whisker16) { transformation: [0.25113758328139135f,0.8881292756934169f,-0.3849107739721883f,-0.9303488817426593f,0.9037752173053201f,-0.3575339103840551f,-0.2352867601676885f,1.6910957354411966f,-0.34658371405520966f,-0.2887834700632519f,-0.8924594313300316f,2.400127870425449f,0f,0f,0f,1f], start_interpolation: 0, interpolation_duration: 1 }
$data merge entity $(bone_right_whisker15) { transformation: [-0.8477511741528163f,0.3649131989975867f,-0.3849107739721883f,-0.6819842799400764f,0.47244149595486873f,0.8493757551223826f,-0.2352867601676885f,1.5526851409231686f,0.24107463496279907f,-0.38131244905933714f,-0.8924594313300316f,2.3295005359636916f,0f,0f,0f,1f], start_interpolation: 0, interpolation_duration: 1 }
$data merge entity $(bone_right_whisker14) { transformation: [-0.6889988014530675f,-0.6141045087575627f,-0.3849107739721883f,-0.48012916232687297f,-0.570133457192928f,0.7871391118976567f,-0.2352867601676885f,1.7197164272101593f,0.4474689850542449f,0.057338214522256625f,-0.8924594313300316f,2.1984061067485805f,0f,0f,0f,1f], start_interpolation: 0, interpolation_duration: 1 }
$data merge entity $(bone_right_whisker13) { transformation: [-0.11225336362364352f,-0.9807282886230558f,-0.15990999421446486f,-0.44724243470275865f,-0.9911071317886702f,0.1220756757313095f,-0.052954534389222624f,2.0100798447263712f,0.07145513048629368f,0.15254361110592696f,-0.9857102064186767f,2.177471986488924f,0f,0f,0f,1f], start_interpolation: 0, interpolation_duration: 1 }
$data merge entity $(bone_right_whisker12) { transformation: [0.02828908518634278f,-0.9908694743191022f,-0.13182341416419882f,-0.4582928586036738f,-0.9853992577900627f,-0.049793586116977595f,0.16281554449254698f,2.3950014298006144f,-0.16789291350772745f,0.12529279166894308f,-0.9778106595602695f,2.24305515582788f,0f,0f,0f,1f], start_interpolation: 0, interpolation_duration: 1 }
$data merge entity $(bone_right_whisker11) { transformation: [0.27950409536108123f,-0.9529627377762482f,-0.11721553261569663f,-0.5674741458540962f,-0.954536889538204f,-0.26261828391028885f,-0.14103532701683397f,2.767867402276475f,0.10361846933396579f,0.15130650140034535f,-0.9830409734323757f,2.2025791912442996f,0f,0f,0f,1f], start_interpolation: 0, interpolation_duration: 1 }
$data merge entity $(bone_right_whisker10) { transformation: [0.08206244543588634f,-0.9966146761399588f,-0.004994231825565888f,-0.5995297886024893f,-0.9231566023346471f,-0.07412354497888696f,-0.37721026980414146f,3.128475450063447f,0.37556310071016347f,0.03556525526701923f,-0.9261141776275532f,2.055874855029392f,0f,0f,0f,1f], start_interpolation: 0, interpolation_duration: 1 }
$data merge entity $(bone_right_whisker1) { transformation: [-0.35246860777692157f,-0.935165844366482f,-0.035081677014128454f,-0.46184673868962933f,-0.926568492445395f,0.35399664680402165f,-0.12711098638188995f,3.4904162674249295f,0.13128864893533962f,-0.012297055819738778f,-0.9912679118577878f,2.0045902265390247f,0f,0f,0f,1f], start_interpolation: 0, interpolation_duration: 1 }
$data merge entity $(bone_left_whisker16) { transformation: [0.26495577484850275f,-0.94163226247184f,0.2076707000195097f,1.1489838376121986f,-0.9163583530144498f,-0.3129215599490307f,-0.24973479168852233f,1.640398462593344f,0.3001429763214091f,-0.12413210540077385f,-0.9457829635670632f,2.2130188058353077f,0f,0f,0f,1f], start_interpolation: 0, interpolation_duration: 1 }
$data merge entity $(bone_left_whisker15) { transformation: [-0.8989927995338125f,-0.38559671515686555f,0.2076707000195097f,0.8856070408737768f,-0.42985323915255697f,0.8676743205894388f,-0.24973479168852233f,1.5144648964353684f,-0.08389361821028288f,-0.31377770260152343f,-0.9457829635670632f,2.188440597375264f,0f,0f,0f,1f], start_interpolation: 0, interpolation_duration: 1 }
$data merge entity $(bone_left_whisker14) { transformation: [-0.7294000798588051f,0.6518039612148543f,0.2076707000195097f,0.6719156112276425f,0.6047161646276804f,0.7562743510514407f,-0.24973479168852233f,1.6916278352911343f,-0.3198341503653984f,-0.05657474777978683f,-0.9457829635670632f,2.094739186135401f,0f,0f,0f,1f], start_interpolation: 0, interpolation_duration: 1 }
$data merge entity $(bone_left_whisker13) { transformation: [-0.07515487443652259f,0.9969448763950765f,-0.021275767390066116f,0.6498975816075676f,0.9956764277413733f,0.07385701639048536f,-0.05633464626739687f,1.9833299137309897f,-0.05459117225896207f,-0.025417603339049622f,-0.9981852279771979f,2.078745678637658f,0f,0f,0f,1f], start_interpolation: 0, interpolation_duration: 1 }
$data merge entity $(bone_left_whisker12) { transformation: [0.10539392388085775f,0.9937405656917759f,-0.03703793875994158f,0.6910670831235277f,0.9821398640803802f,-0.09818137694933513f,0.16050453141423882f,2.366978298137388f,0.15586342801686287f,-0.05329263850591155f,-0.9863399446883969f,2.1396298302067454f,0f,0f,0f,1f], start_interpolation: 0, interpolation_duration: 1 }
$data merge entity $(bone_left_whisker11) { transformation: [0.3023446470050129f,0.9508399094617228f,-0.06701627415961688f,0.8091704608598609f,0.9403505382278344f,-0.3090358684349215f,-0.14225926077164805f,2.734302727132636f,-0.15597621511639545f,-0.020007463494821888f,-0.9875581611846802f,2.0787016211769034f,0f,0f,0f,1f], start_interpolation: 0, interpolation_duration: 1 }
$data merge entity $(bone_left_whisker10) { transformation: [0.058268421605077586f,0.9822014333426887f,-0.1785640932080712f,0.8319315630493443f,0.9197351238049585f,-0.12237007103234832f,-0.37297837437982323f,3.093574259868948f,-0.38819079469138684f,-0.14249880720590555f,-0.9104954677876016f,1.9270645920005802f,0f,0f,0f,1f], start_interpolation: 0, interpolation_duration: 1 }
$data merge entity $(bone_left_whisker1) { transformation: [-0.3250257505421893f,0.9339685709281659f,-0.14852935737720793f,0.7049683792438016f,0.9430868283600251f,0.30842432614583193f,-0.12434496055457184f,3.4619675521970827f,-0.07032421814933376f,-0.18049139469761238f,-0.9810593054356068f,1.8995941942859966f,0f,0f,0f,1f], start_interpolation: 0, interpolation_duration: 1 }
$data merge entity $(bone_upper_left_tooth1) { transformation: [-0.9989627625552495f,0.03711260269648193f,-0.0263828305736398f,0.4180741570964955f,0.03477570529840202f,0.9958498346105672f,0.08410563136380712f,3.710006976666389f,0.02939471634465954f,0.08310091231267563f,-0.99610751880699f,2.8060093666218244f,0f,0f,0f,1f], start_interpolation: 0, interpolation_duration: 1 }
$data merge entity $(bone_upper_right_tooth1) { transformation: [-0.9989627625552495f,0.03711260269648193f,-0.0263828305736398f,-0.16725558658822104f,0.03477570529840202f,0.9958498346105672f,0.08410563136380712f,3.7303833664896713f,0.02939471634465954f,0.08310091231267563f,-0.99610751880699f,2.823232833230023f,0f,0f,0f,1f], start_interpolation: 0, interpolation_duration: 1 }
$data merge entity $(bone_top_lip1) { transformation: [-0.9989627625552495f,0.018937469933003586f,-0.04140979667326182f,0.15378504211798316f,0.03477570529840202f,0.9043652418905717f,-0.42534005170123157f,3.8263222009202926f,0.02939471634465954f,-0.42633892795843104f,-0.9040857642714394f,2.822830302112905f,0f,0f,0f,1f], start_interpolation: 0, interpolation_duration: 1 }
$data merge entity $(bone_muzzle1) { transformation: [-0.9989627625552495f,0.03711260269648193f,-0.0263828305736398f,0.14633921703756558f,0.03477570529840202f,0.9958498346105672f,0.08410563136380712f,4.013265844351434f,0.02939471634465954f,0.08310091231267563f,-0.99610751880699f,2.3486226628974816f,0f,0f,0f,1f], start_interpolation: 0, interpolation_duration: 1 }
$data merge entity $(bone_jaw_right_tooth1) { transformation: [-0.9989627625552495f,0.017009285026252315f,-0.042238409663243826f,-0.17112114782128882f,0.03477570529840202f,0.8838059598646221f,-0.46655940203662455f,3.591509607474456f,0.02939471634465954f,-0.4675443396413539f,-0.8834807531125664f,2.856159879629585f,0f,0f,0f,1f], start_interpolation: 0, interpolation_duration: 1 }
$data merge entity $(bone_jaw_left_tooth1) { transformation: [-0.9989627625552495f,0.017009285026252315f,-0.042238409663243826f,0.4629860745038207f,0.03477570529840202f,0.8838059598646221f,-0.46655940203662455f,3.5694351851659003f,0.02939471634465954f,-0.4675443396413539f,-0.8834807531125664f,2.8375011241373693f,0f,0f,0f,1f], start_interpolation: 0, interpolation_duration: 1 }
$data merge entity $(bone_tongue1) { transformation: [-0.9989627625552495f,0.033124019135401306f,-0.03124417360567997f,0.12383716712447931f,0.03477570529840202f,0.9979410210153453f,-0.05389219698480291f,3.5353099639656778f,0.02939471634465954f,-0.05492283615371357f,-0.9980578303484471f,2.1493536162525166f,0f,0f,0f,1f], start_interpolation: 0, interpolation_duration: 1 }
$data merge entity $(bone_jaw_lips1) { transformation: [-0.9989627625552495f,0.033124019135401306f,-0.03124417360567997f,0.19330418412782055f,0.03477570529840202f,0.9979410210153453f,-0.05389219698480291f,3.4636420677227915f,0.02939471634465954f,-0.05492283615371357f,-0.9980578303484471f,2.9338190821156944f,0f,0f,0f,1f], start_interpolation: 0, interpolation_duration: 1 }
$data merge entity $(bone_jaw3) { transformation: [-0.9989627625552495f,0.02408549863261929f,-0.03864308196304217f,0.16135019421059424f,0.03477570529840202f,0.9513961513701088f,-0.30600002202474386f,3.154896917899235f,0.02939471634465954f,-0.307026467773974f,-0.9512469178595293f,2.213144813603873f,0f,0f,0f,1f], start_interpolation: 0, interpolation_duration: 1 }
$data merge entity $(bone_jaw1) { transformation: [-0.9989627625552495f,0.0443558047133991f,-0.01029376589063026f,0.15330818960853934f,0.03477570529840202f,0.8891133608455162f,0.45636397961165776f,3.5114312769708427f,0.02939471634465954f,0.4555326488345459f,-0.8897336435680059f,1.5180404045663685f,0f,0f,0f,1f], start_interpolation: 0, interpolation_duration: 1 }
$data merge entity $(bone_tear_right1) { transformation: [-0.9989627625552495f,0.03927079323305192f,-0.023047859484802147f,-0.3798904935945343f,0.03477570529840202f,0.9847300365638153f,0.17057961604490002f,4.089682015886612f,0.02939471634465954f,0.16960117891062462f,-0.9850743072292278f,2.3146858927196434f,0f,0f,0f,1f], start_interpolation: 0, interpolation_duration: 1 }
$data merge entity $(bone_right_pupil1) { transformation: [-0.9989627625552495f,0.03927079323305192f,-0.023047859484802147f,-0.21373962733874766f,0.03477570529840202f,0.9847300365638153f,0.17057961604490002f,4.170248662808171f,0.02939471634465954f,0.16960117891062462f,-0.9850743072292278f,2.384231261405441f,0f,0f,0f,1f], start_interpolation: 0, interpolation_duration: 1 }
$data merge entity $(bone_right_sad_pupil1) { transformation: [-0.9989627625552495f,0.03927079323305192f,-0.023047859484802147f,-0.21396470409152893f,0.03477570529840202f,0.9847300365638153f,0.17057961604490002f,4.17191447937111f,0.02939471634465954f,0.16960117891062462f,-0.9850743072292278f,2.3746113951239054f,0f,0f,0f,1f], start_interpolation: 0, interpolation_duration: 1 }
$data merge entity $(bone_right_happy_pupil1) { transformation: [-0.9989627625552495f,0.03927079323305192f,-0.023047859484802147f,-0.23931187856415562f,0.03477570529840202f,0.9847300365638153f,0.17057961604490002f,4.148722531816179f,0.02939471634465954f,0.16960117891062462f,-0.9850743072292278f,2.3711884295984356f,0f,0f,0f,1f], start_interpolation: 0, interpolation_duration: 1 }
$data merge entity $(bone_eyelid_right1) { transformation: [-0.9989627625552495f,0.03927079323305192f,-0.023047859484802147f,0.14845083677546458f,0.03477570529840202f,0.9847300365638153f,0.17057961604490002f,4.1940479251974265f,0.02939471634465954f,0.16960117891062462f,-0.9850743072292278f,1.874285039890362f,0f,0f,0f,1f], start_interpolation: 0, interpolation_duration: 1 }
$data merge entity $(bone_eyelid_expressions_right5) { transformation: [-0.9989627625552495f,0.03927079323305192f,-0.023047859484802147f,-0.32231755438690446f,0.03477570529840202f,0.9847300365638153f,0.17057961604490002f,4.271984985853016f,0.02939471634465954f,0.16960117891062462f,-0.9850743072292278f,2.3944751654992853f,0f,0f,0f,1f], start_interpolation: 0, interpolation_duration: 1 }
$data merge entity $(bone_eyelid_expressions_right7) { transformation: [-0.9989627625552495f,0.03927079323305192f,-0.023047859484802147f,-0.0296526825445462f,0.03477570529840202f,0.9847300365638153f,0.17057961604490002f,4.261796790941376f,0.02939471634465954f,0.16960117891062462f,-0.9850743072292278f,2.385863432195186f,0f,0f,0f,1f], start_interpolation: 0, interpolation_duration: 1 }
$data merge entity $(bone_eyelid_expressions_right6) { transformation: [-0.9989627625552495f,0.03927079323305192f,-0.023047859484802147f,-0.12720763982533229f,0.03477570529840202f,0.9847300365638153f,0.17057961604490002f,4.2651928559119225f,0.02939471634465954f,0.16960117891062462f,-0.9850743072292278f,2.388734009963219f,0f,0f,0f,1f], start_interpolation: 0, interpolation_duration: 1 }
$data merge entity $(bone_right_eye1) { transformation: [-0.9989627625552495f,0.03927079323305192f,-0.023047859484802147f,0.13892041780016726f,0.03477570529840202f,0.9847300365638153f,0.17057961604490002f,4.192721715131543f,0.02939471634465954f,0.16960117891062462f,-0.9850743072292278f,1.8841919639487008f,0f,0f,0f,1f], start_interpolation: 0, interpolation_duration: 1 }
$data merge entity $(bone_tear_left1) { transformation: [-0.9989627625552495f,0.03927079323305192f,-0.023047859484802147f,0.6737030450379554f,0.03477570529840202f,0.9847300365638153f,0.17057961604490002f,4.053004514204703f,0.02939471634465954f,0.16960117891062462f,-0.9850743072292278f,2.283683652824885f,0f,0f,0f,1f], start_interpolation: 0, interpolation_duration: 1 }
$data merge entity $(bone_left_sad_pupil1) { transformation: [-0.9989627625552495f,0.03927079323305192f,-0.023047859484802147f,0.5176974755143667f,0.03477570529840202f,0.9847300365638153f,0.17057961604490002f,4.146443992092006f,0.02939471634465954f,0.16960117891062462f,-0.9850743072292278f,2.3530820618636565f,0f,0f,0f,1f], start_interpolation: 0, interpolation_duration: 1 }
$data merge entity $(bone_left_pupil1) { transformation: [-0.9989627625552495f,0.03927079323305192f,-0.023047859484802147f,0.517922552267148f,0.03477570529840202f,0.9847300365638153f,0.17057961604490002f,4.144778175529068f,0.02939471634465954f,0.16960117891062462f,-0.9850743072292278f,2.362701928145192f,0f,0f,0f,1f], start_interpolation: 0, interpolation_duration: 1 }
$data merge entity $(bone_eyelid_left1) { transformation: [-0.9989627625552495f,0.03927079323305192f,-0.023047859484802147f,0.12893984531930738f,0.03477570529840202f,0.9847300365638153f,0.17057961604490002f,4.194727138191536f,0.02939471634465954f,0.16960117891062462f,-0.9850743072292278f,1.8748591554439686f,0f,0f,0f,1f], start_interpolation: 0, interpolation_duration: 1 }
$data merge entity $(bone_left_happy_pupil1) { transformation: [-0.9989627625552495f,0.03927079323305192f,-0.023047859484802147f,0.5411277796821331f,0.03477570529840202f,0.9847300365638153f,0.17057961604490002f,4.121554012051802f,0.02939471634465954f,0.16960117891062462f,-0.9850743072292278f,2.34822380745417f,0f,0f,0f,1f], start_interpolation: 0, interpolation_duration: 1 }
$data merge entity $(bone_eyelid_expressions_left5) { transformation: [-0.9989627625552495f,0.03927079323305192f,-0.023047859484802147f,0.6337210269647993f,0.03477570529840202f,0.9847300365638153f,0.17057961604490002f,4.238703549141655f,0.02939471634465954f,0.16960117891062462f,-0.9850743072292278f,2.36634350337256f,0f,0f,0f,1f], start_interpolation: 0, interpolation_duration: 1 }
$data merge entity $(bone_eyelid_expressions_left7) { transformation: [-0.9989627625552495f,0.03927079323305192f,-0.023047859484802147f,0.3410561551224409f,0.03477570529840202f,0.9847300365638153f,0.17057961604490002f,4.248891744053296f,0.02939471634465954f,0.16960117891062462f,-0.9850743072292278f,2.37495523667666f,0f,0f,0f,1f], start_interpolation: 0, interpolation_duration: 1 }
$data merge entity $(bone_eyelid_expressions_left6) { transformation: [-0.9989627625552495f,0.03927079323305192f,-0.023047859484802147f,0.43861111240322703f,0.03477570529840202f,0.9847300365638153f,0.17057961604490002f,4.245495679082749f,0.02939471634465954f,0.16960117891062462f,-0.9850743072292278f,2.372084658908627f,0f,0f,0f,1f], start_interpolation: 0, interpolation_duration: 1 }
$data merge entity $(bone_left_eye1) { transformation: [-0.9989627625552495f,0.03927079323305192f,-0.023047859484802147f,0.13892041780016726f,0.03477570529840202f,0.9847300365638153f,0.17057961604490002f,4.192721715131543f,0.02939471634465954f,0.16960117891062462f,-0.9850743072292278f,1.8841919639487008f,0f,0f,0f,1f], start_interpolation: 0, interpolation_duration: 1 }
$data merge entity $(bone_crest_middle5) { transformation: [-0.9989627625552495f,0.03335144882087088f,-0.03100128851407844f,0.19579498933223105f,0.03477570529840202f,0.9983081890307868f,-0.04659839090643891f,5.308564489912109f,0.02939471634465954f,-0.04762814898376194f,-0.9984325265511924f,2.4969333624541092f,0f,0f,0f,1f], start_interpolation: 0, interpolation_duration: 1 }
$data merge entity $(bone_crest_middle4) { transformation: [-0.9989627625552495f,0.03335144882087088f,-0.03100128851407844f,0.17625312478875202f,0.03477570529840202f,0.9983081890307868f,-0.04659839090643891f,4.723618285401882f,0.02939471634465954f,-0.04762814898376194f,-0.9984325265511924f,2.5248404809992824f,0f,0f,0f,1f], start_interpolation: 0, interpolation_duration: 1 }
$data merge entity $(bone_crest_middle1) { transformation: [-0.9989627625552495f,0.03335144882087088f,-0.03100128851407844f,0.16386733825513514f,0.03477570529840202f,0.9983081890307868f,-0.04659839090643891f,4.288321614665176f,0.02939471634465954f,-0.04762814898376194f,-0.9984325265511924f,2.618898514234088f,0f,0f,0f,1f], start_interpolation: 0, interpolation_duration: 1 }
$data merge entity $(bone_crest_left5) { transformation: [-0.5698629521570392f,-0.8173974843951741f,0.08436568178652568f,-0.7835660313654554f,-0.811827916436116f,0.5759123032711321f,0.09623124771057476f,4.778170114163224f,-0.12724641391355004f,-0.013651792753364075f,-0.9917771819823041f,2.515245333647088f,0f,0f,0f,1f], start_interpolation: 0, interpolation_duration: 1 }
$data merge entity $(bone_crest_left4) { transformation: [-0.5698629521570392f,-0.8173974843951741f,0.08436568178652568f,-0.3844461659381243f,-0.811827916436116f,0.5759123032711321f,0.09623124771057476f,4.4969629348316165f,-0.12724641391355004f,-0.013651792753364075f,-0.9917771819823041f,2.5219112480774415f,0f,0f,0f,1f], start_interpolation: 0, interpolation_duration: 1 }
$data merge entity $(bone_crest_left1) { transformation: [-0.5698629521570392f,-0.8173974843951741f,0.08436568178652568f,0.058705104087922635f,-0.811827916436116f,0.5759123032711321f,0.09623124771057476f,4.192333828958966f,-0.12724641391355004f,-0.013651792753364075f,-0.9917771819823041f,2.4808171337368505f,0f,0f,0f,1f], start_interpolation: 0, interpolation_duration: 1 }
$data merge entity $(bone_crest_center1) { transformation: [-0.9989627625552495f,0.03927079323305192f,-0.023047859484802147f,0.1553013140404153f,0.03477570529840202f,0.9847300365638153f,0.17057961604490002f,4.164896811058259f,0.02939471634465954f,0.16960117891062462f,-0.9850743072292278f,2.473805955187188f,0f,0f,0f,1f], start_interpolation: 0, interpolation_duration: 1 }
$data merge entity $(bone_crest_right5) { transformation: [-0.5036216499909542f,0.8532201194065245f,-0.13557529826743847f,1.1353188177610405f,0.849197862109748f,0.5177550749601146f,0.10388779207048063f,4.711370252830955f,0.15883395307245315f,-0.06281011218714753f,-0.9853053664516476f,2.4587816916051564f,0f,0f,0f,1f], start_interpolation: 0, interpolation_duration: 1 }
$data merge entity $(bone_crest_right4) { transformation: [-0.5036216499909542f,0.8532201194065245f,-0.13557529826743847f,0.7187074313320734f,0.849197862109748f,0.5177550749601146f,0.10388779207048063f,4.458560157635587f,0.15883395307245315f,-0.06281011218714753f,-0.9853053664516476f,2.489450691696537f,0f,0f,0f,1f], start_interpolation: 0, interpolation_duration: 1 }
$data merge entity $(bone_crest_right1) { transformation: [-0.5036216499909542f,0.8532201194065245f,-0.13557529826743847f,0.25381501864949485f,0.849197862109748f,0.5177550749601146f,0.10388779207048063f,4.185541699017873f,0.15883395307245315f,-0.06281011218714753f,-0.9853053664516476f,2.475075978200784f,0f,0f,0f,1f], start_interpolation: 0, interpolation_duration: 1 }
$data merge entity $(bone_head1) { transformation: [-0.9989627625552495f,0.03927079323305192f,-0.023047859484802147f,0.12462367719636475f,0.03477570529840202f,0.9847300365638153f,0.17057961604490002f,4.2362591047765665f,0.02939471634465954f,0.16960117891062462f,-0.9850743072292278f,1.346818010900257f,0f,0f,0f,1f], start_interpolation: 0, interpolation_duration: 1 }
$data merge entity $(bone_neck10) { transformation: [-1.2947006644775934f,0.053310444527867665f,-0.12778573022823697f,0.017583211050385607f,0.019987231045787403f,1.2610738562776513f,0.32359580737793847f,4.088498960650052f,0.13700987898996522f,0.31979951917052457f,-1.254742032268745f,0.35687445715761873f,0f,0f,0f,1f], start_interpolation: 0, interpolation_duration: 1 }
$data merge entity $(bone_neck9) { transformation: [-0.9943301103187917f,0.05998299847713209f,-0.08780473567588404f,-0.054279739375861995f,0.015350193443164725f,0.8980359090070923f,0.43965427064349416f,2.9269468168596275f,0.1052235870642933f,0.4358136597532227f,-0.8938648951031836f,-0.15275885624475488f,0f,0f,0f,1f], start_interpolation: 0, interpolation_duration: 1 }
$data merge entity $(bone_neck8) { transformation: [-0.9943293434791337f,0.0019807066994876645f,-0.10632607157854375f,-0.051238302294143764f,0.01885456779060361f,0.9872701656862751f,-0.1579307608391242f,2.2876368950470116f,0.10465974378807037f,-0.15903992186481267f,-0.9817090410521083f,-0.008691024134906855f,0f,0f,0f,1f], start_interpolation: 0, interpolation_duration: 1 }
$data merge entity $(bone_neck7) { transformation: [-0.9936267910921918f,-0.044437657555766084f,-0.10359099678442309f,-0.012667667094237708f,0f,0.9190116231797828f,-0.3942304357358284f,1.5464901275719765f,0.1127200072029535f,-0.3917179228110677f,-0.9131545701165541f,0.331309100377736f,0f,0f,0f,1f], start_interpolation: 0, interpolation_duration: 1 }
$data merge entity $(bone_neck6) { transformation: [-0.9936267910921918f,-0.02917408462821769f,-0.10887916609682259f,0.009574569591247f,0f,0.9659258262890684f,-0.25881904510252063f,0.7755875542834518f,0.1127200072029535f,-0.2571695372587629f,-0.9597697792086809f,0.5273744024737432f,0f,0f,0f,1f], start_interpolation: 0, interpolation_duration: 1 }
$data merge entity $(bone_neck_spine6) { transformation: [-1.0802662459440837f,-0.21830159193436896f,-0.10154275134227052f,-0.19896029586823996f,-0.03259960480507904f,-0.3298632796609185f,1.0559683518057046f,0.7710525368841267f,-0.23854513442489367f,1.0336712771513117f,0.31553381300891775f,-1.677454867969446f,0f,0f,0f,1f], start_interpolation: 0, interpolation_duration: 1 }
$data merge entity $(bone_neck_spine7) { transformation: [-0.8711502926507397f,-0.48018910971028095f,0.10254553393579836f,0.858983062161113f,0.11546389045042263f,0.0026508550465310643f,0.9933081409963249f,1.8077788412796107f,-0.4772475852391323f,0.8771609840178538f,0.0531352096095139f,-4.449521570678526f,0f,0f,0f,1f], start_interpolation: 0, interpolation_duration: 1 }
$data merge entity $(bone_tail6) { transformation: [-1.333017665552595f,-0.665894692264128f,0.14779189363154752f,2.387233241330425f,0.09059612201463563f,0.1487247584121121f,1.487234874051572f,1.364876090741521f,-0.6760551217797595f,1.332913908222788f,-0.0921100823234521f,-7.537018564525343f,0f,0f,0f,1f], start_interpolation: 0, interpolation_duration: 1 }
$data merge entity $(bone_tail5) { transformation: [-1.101188506326057f,-0.5500869196964536f,0.12208895560866971f,2.0398099236274017f,0.07484027470774247f,0.12285958303609261f,1.2285853307382553f,1.4424716168695795f,-0.5584803179919753f,1.10110279374926f,-0.07609093757154739f,-6.841585221104757f,0f,0f,0f,1f], start_interpolation: 0, interpolation_duration: 1 }
$data merge entity $(bone_tail4) { transformation: [-0.890223971429907f,-0.44470184665986984f,0.09869928200785087f,1.8660982647758901f,0.06050245365846971f,0.09932227344391487f,0.9932142463231368f,1.4812693799336087f,-0.45148724654509154f,0.890154679578349f,-0.0615135158473141f,-6.493868549394464f,0f,0f,0f,1f], start_interpolation: 0, interpolation_duration: 1 }
$data merge entity $(bone_segment18) { transformation: [-0.890223971429907f,-0.44470184665986984f,0.09869928200785087f,1.6489586912115006f,0.06050245365846971f,0.09932227344391487f,0.9932142463231368f,1.5297665837636454f,-0.45148724654509154f,0.890154679578349f,-0.0615135158473141f,-6.0592227097565985f,0f,0f,0f,1f], start_interpolation: 0, interpolation_duration: 1 }
$data merge entity $(bone_segment17) { transformation: [-0.890223971429907f,-0.44470184665986984f,0.09869928200785087f,1.3666772455777942f,0.06050245365846971f,0.09932227344391487f,0.9932142463231368f,1.592812948742693f,-0.45148724654509154f,0.890154679578349f,-0.0615135158473141f,-5.494183118227373f,0f,0f,0f,1f], start_interpolation: 0, interpolation_duration: 1 }
$data merge entity $(bone_segment16) { transformation: [-0.889293260250891f,-0.455523071746639f,0.04069678585401072f,0.9885575082881037f,0.1056302081604979f,-0.11800296905063526f,0.9873791361068981f,1.4948612654487086f,-0.44497163549636576f,0.8823684210134339f,0.1530562419568316f,-4.761748393753331f,0f,0f,0f,1f], start_interpolation: 0, interpolation_duration: 1 }
$data merge entity $(bone_segment15) { transformation: [-0.8711502926507397f,-0.4903677997447067f,-0.02523070724465476f,0.4857389636280041f,0.11546389045042263f,-0.2545265351940358f,0.9601480786233818f,1.2338721424470118f,-0.4772475852391323f,0.833520044063521f,0.27835063953180095f,-3.9070647548210093f,0f,0f,0f,1f], start_interpolation: 0, interpolation_duration: 1 }
$data merge entity $(bone_segment14) { transformation: [-0.9220235862247478f,-0.36687304745640786f,-0.12359884099498351f,0.10955078020102355f,0.06130177980054345f,-0.45359797488968906f,0.8890955904565371f,0.7687570314761395f,-0.38224939272488123f,0.812190275875069f,0.4407180022820015f,-3.0742524602225503f,0f,0f,0f,1f], start_interpolation: 0, interpolation_duration: 1 }
$data merge entity $(bone_segment13) { transformation: [-0.9760523257471249f,-0.17831368569012918f,-0.124603719443804f,-0.07895508029334872f,-0.02945470175329494f,-0.45919071943600426f,0.8878492573226994f,0.25381002102603223f,-0.21553254498625685f,0.8702574979162466f,0.4429419932364741f,-2.150219413720209f,0f,0f,0f,1f], start_interpolation: 0, interpolation_duration: 1 }
$data merge entity $(bone_segment12) { transformation: [-0.996321072460254f,-0.03067260270760082f,-0.08002194708197803f,-0.11489953659131844f,-0.07073389153370874f,-0.23285916615977442f,0.9699347015773132f,-0.019071814317453473f,-0.04838426562578731f,0.9720266458171379f,0.22983290160753117f,-1.0111256881532502f,0f,0f,0f,1f], start_interpolation: 0, interpolation_duration: 1 }
$data merge entity $(bone_segment11) { transformation: [-1.0318408188419237f,0.062023411942637656f,-0.05482775626163026f,-0.04289546613540491f,-0.033445199984559075f,0.3148127685812675f,0.9855571019734232f,0.3447554920277214f,0.07572585479004981f,0.9841719763452186f,-0.3118005417043483f,0.12621923785974942f,0f,0f,0f,1f], start_interpolation: 0, interpolation_duration: 1 }
$data merge entity $(bone_segment10) { transformation: [-0.9942224490841292f,0.07246413311479441f,-0.07918756941008792f,0.018766742777015274f,0.02001082109695503f,0.8499262498786488f,0.5265215444844039f,1.129215884677885f,0.10545752119304622f,0.5218949311682743f,-0.8464658244989458f,0.6084034032020121f,0f,0f,0f,1f], start_interpolation: 0, interpolation_duration: 1 }