# This file was generated by Animated Java via MC-Build. It is not recommended to edit this file directly.
$data merge entity $(bone_neck_spine5) { transformation: [-1.5610863852636248f,0.04974213243556915f,-0.180427862487904f,0.03850146960635901f,0.015511441234115547f,1.5448907991115395f,0.291703633107289f,4.318586426843806f,0.18651511598804071f,0.2878494999785713f,-1.5343969409597689f,-0.5390699300359538f,0f,0f,0f,1f], start_interpolation: 0, interpolation_duration: 1 }
$data merge entity $(bone_neck_spine2) { transformation: [-1.4867489383463086f,0.034068803384289706f,-0.17496054596998084f,0.15226610556101208f,0.014772801175348136f,1.4882848056531313f,0.16426924024747652f,5.680441193361266f,0.17763344379813395f,0.1613751392935483f,-1.4780388038703285f,1.2465488497149477f,0f,0f,0f,1f], start_interpolation: 0, interpolation_duration: 1 }
$data merge entity $(bone_scale_neck_left1) { transformation: [-1.5635799788904687f,0.5122134003094218f,-0.0768775844704642f,0.9083479729626983f,0.42968312283022514f,1.4192649455980755f,0.7170177884746171f,4.780130628991696f,0.28921470295512147f,0.6605902872262238f,-1.480888385009022f,1.022784819651803f,0f,0f,0f,1f], start_interpolation: 0, interpolation_duration: 1 }
$data merge entity $(bone_scale_neck_right1) { transformation: [-1.595816253973948f,-0.3142774718940543f,-0.26010619956108294f,-0.6527384123009258f,-0.39829037643004017f,1.4274772166906533f,0.7188384051440184f,4.795642070225811f,0.08826290519490616f,0.7593375713914469f,-1.4589966391591063f,1.2092999356398437f,0f,0f,0f,1f], start_interpolation: 0, interpolation_duration: 1 }
$data merge entity $(bone_blush_right1) { transformation: [-0.9988430327902836f,0.035494748845618845f,-0.03244562606415209f,-0.45915580920557353f,0.02971158172422567f,0.9860128451694662f,0.163999667902892f,4.3719188467171906f,0.03781293109179722f,0.16284591479432525f,-0.9859266657703537f,2.5327607016870997f,0f,0f,0f,1f], start_interpolation: 0, interpolation_duration: 1 }
$data merge entity $(bone_blush_left1) { transformation: [-0.9988430327902836f,0.035494748845618845f,-0.03244562606415209f,0.8645062957713942f,0.02971158172422567f,0.9860128451694662f,0.163999667902892f,4.332545197889286f,0.03781293109179722f,0.16284591479432525f,-0.9859266657703537f,2.4826511826523645f,0f,0f,0f,1f], start_interpolation: 0, interpolation_duration: 1 }
$data merge entity $(bone_left_head_scales) { transformation: [-0.8710028678889067f,0.035494748845618845f,-0.48999400703854157f,0.8888809590022214f,-0.04937212436491824f,0.9860128451694662f,0.1591887637256765f,5.11644440189833f,0.48879075018354734f,0.16284591479432525f,-0.8570675647635982f,2.213566211586578f,0f,0f,0f,1f], start_interpolation: 0, interpolation_duration: 1 }
$data merge entity $(bone_left_head_scales2) { transformation: [-0.7995942656609223f,0.035494748845618845f,-0.5994907281406083f,0.8624568394300505f,-0.06972804217003692f,0.9860128451694662f,0.15138252638910396f,4.202946589135481f,0.5964788432604328f,0.16284591479432525f,-0.7859352375211941f,2.2333456141594366f,0f,0f,0f,1f], start_interpolation: 0, interpolation_duration: 1 }
$data merge entity $(bone_left_head_scales1) { transformation: [-0.9988430327902836f,0.035494748845618845f,-0.03244562606415209f,0.8848947323252232f,0.02971158172422567f,0.9860128451694662f,0.163999667902892f,5.005710537450588f,0.03781293109179722f,0.16284591479432525f,-0.9859266657703537f,2.19527785201495f,0f,0f,0f,1f], start_interpolation: 0, interpolation_duration: 1 }
$data merge entity $(bone_right_head_scales) { transformation: [-0.900966313570236f,0.035494748845618845f,0.4324347634222364f,-0.4572160969065592f,0.10208111408541472f,0.9860128451694662f,0.13175020040931532f,5.1564854007063685f,-0.4217097911582559f,0.16284591479432525f,-0.8919877017515768f,2.264525044503258f,0f,0f,0f,1f], start_interpolation: 0, interpolation_duration: 1 }
$data merge entity $(bone_right_head_scales2) { transformation: [-0.8368143588070323f,0.035494748845618845f,0.5463349263032355f,-0.4836402164787302f,0.11840464798695471f,0.9860128451694662f,0.1172988000616355f,4.242987587943519f,-0.5345297636516239f,0.16284591479432525f,-0.8293124500484355f,2.2843044470761162f,0f,0f,0f,1f], start_interpolation: 0, interpolation_duration: 1 }
$data merge entity $(bone_right_head_scales1) { transformation: [-0.9988430327902836f,0.035494748845618845f,-0.03244562606415209f,-0.4612023235835574f,0.02971158172422567f,0.9860128451694662f,0.163999667902892f,5.045751536258626f,0.03781293109179722f,0.16284591479432525f,-0.9859266657703537f,2.2462366849316298f,0f,0f,0f,1f], start_interpolation: 0, interpolation_duration: 1 }
$data merge entity $(bone_head_left_fin1) { transformation: [-0.6941251420720349f,0.04548217829511684f,-0.7840898268860416f,0.8672135597806447f,0.16684798647347207f,1.031072904556519f,-0.08789546589161985f,4.604272289772991f,0.7674810972124325f,-0.18301703465002392f,-0.6900382079817657f,2.043653776888548f,0f,0f,0f,1f], start_interpolation: 0, interpolation_duration: 1 }
$data merge entity $(bone_head_right_fin1) { transformation: [-0.7587921121616744f,0.0021021046351898534f,0.7231219189752868f,-0.47888349612813585f,-0.12362951438070426f,1.0323632880917069f,-0.13272898176225018f,4.64431328858103f,-0.7124784008799073f,-0.1813748069103183f,-0.747096316229058f,2.094612609805228f,0f,0f,0f,1f], start_interpolation: 0, interpolation_duration: 1 }
$data merge entity $(bone_right_whisker16) { transformation: [0.2537786587621183f,0.8919414530182133f,-0.37421496061042103f,-1.0237189272231237f,0.9032484561567529f,-0.3569338785678566f,-0.23820250372518997f,1.982323581932738f,-0.34603268459401765f,-0.27755837353296564f,-0.8962269413906234f,2.7833474082315277f,0f,0f,0f,1f], start_interpolation: 0, interpolation_duration: 1 }
$data merge entity $(bone_right_whisker15) { transformation: [-0.8511860082462663f,0.3680292687017271f,-0.37421496061042103f,-0.7369423912417157f,0.471777841367106f,0.8489318203566436f,-0.23820250372518997f,1.8233749928002658f,0.23001749446679223f,-0.37930096462417195f,-0.8962269413906234f,2.7058512797246497f,0f,0f,0f,1f], start_interpolation: 0, interpolation_duration: 1 }
$data merge entity $(bone_right_whisker14) { transformation: [-0.6932745433048205f,-0.6159006176818087f,-0.37421496061042103f,-0.5033684484290567f,-0.5700115882060789f,0.7863500216378418f,-0.23820250372518997f,2.0154199126548527f,0.4409730115509066f,0.048167132043875335f,-0.8962269413906234f,2.5572812709501744f,0f,0f,0f,1f], start_interpolation: 0, interpolation_duration: 1 }
$data merge entity $(bone_right_whisker13) { transformation: [-0.11159253376288611f,-0.9826075403624664f,-0.14842347533730274f,-0.4657713545343344f,-0.991086952530392f,0.12097991284222068f,-0.055771975155171905f,2.3493310441226116f,0.07275822243842653f,0.14087683383549074f,-0.9873499677196976f,2.5327680026481656f,0f,0f,0f,1f], start_interpolation: 0, interpolation_duration: 1 }
$data merge entity $(bone_right_whisker12) { transformation: [0.031699145559371304f,-0.9921764308961226f,-0.1207522014086588f,-0.4800112050785832f,-0.9857901204047911f,-0.05097517253960207f,0.1600605207315825f,2.7921664497732013f,-0.16496364048817944f,0.11396254542080608f,-0.9796935926901316f,2.606872763023715f,0f,0f,0f,1f], start_interpolation: 0, interpolation_duration: 1 }
$data merge entity $(bone_right_whisker11) { transformation: [0.27971185095137974f,-0.9542553683186853f,-0.10563130441456875f,-0.6056630131231484f,-0.953836269526838f,-0.26367323496031453f,-0.14378037453243817f,3.2206475864747106f,0.10935104650838329f,0.14097204403899694f,-0.9839559092901412f,2.5577502226000273f,0f,0f,0f,1f], start_interpolation: 0, interpolation_duration: 1 }
$data merge entity $(bone_right_whisker10) { transformation: [0.07909260214303693f,-0.9968475124857715f,0.0062767138833058345f,-0.6411928929920907f,-0.9220466376868539f,-0.07554809049831876f,-0.37963467169428217f,3.6348482244981017f,0.37891207188028586f,0.024238871116193703f,-0.9251151922384595f,2.387535815310055f,0f,0f,0f,1f], start_interpolation: 0, interpolation_duration: 1 }
$data merge entity $(bone_right_whisker1) { transformation: [-0.35257957121367f,-0.9354885045722662f,-0.023428695566118825f,-0.4828075387359499f,-0.926758182613823f,0.35253873546003794f,-0.12975249885285933f,4.051165376844155f,0.12964149382473386f,-0.024035345085574644f,-0.9912695825382262f,2.3292984255059754f,0f,0f,0f,1f], start_interpolation: 0, interpolation_duration: 1 }
$data merge entity $(bone_left_whisker16) { transformation: [0.26283535036755223f,-0.9396660053845183f,0.2189643279666085f,1.3699260497357821f,-0.9151668454185883f,-0.31467832552758657f,-0.2518872694078512f,1.9271017101176575f,0.3055932323264954f,-0.1341840145764637f,-0.9426597618379541f,2.5959779407364496f,0f,0f,0f,1f], start_interpolation: 0, interpolation_duration: 1 }
$data merge entity $(bone_left_whisker15) { transformation: [-0.8973201349818363f,-0.3832377831507621f,0.2189643279666085f,1.0676062776960034f,-0.4314394524085655f,0.866263702584642f,-0.2518872694078512f,1.7817436914839122f,-0.09314813074654846f,-0.32049336834018255f,-0.9426597618379541f,2.564595025592349f,0f,0f,0f,1f], start_interpolation: 0, interpolation_duration: 1 }
$data merge entity $(bone_left_whisker14) { transformation: [-0.7265552628271521f,0.651284940050282f,0.2189643279666085f,0.8228195924661525f,0.6027673478563946f,0.7571157955480946f,-0.2518872694078512f,1.9848244873925605f,-0.3298317365208145f,-0.051025473983844744f,-0.9426597618379541f,2.4534700752996916f,0f,0f,0f,1f], start_interpolation: 0, interpolation_duration: 1 }
$data merge entity $(bone_left_whisker13) { transformation: [-0.07600476754518913f,0.9970607627336462f,-0.009649390001527501f,0.7972125174631347f,0.9954148600627992f,0.07530856628821152f,-0.058973521259725575f,2.320193751769187f,-0.05807350236174014f,-0.014087414972728626f,-0.9982129096855177f,2.4339042956953945f,0f,0f,0f,1f], start_interpolation: 0, interpolation_duration: 1 }
$data merge entity $(bone_left_whisker12) { transformation: [0.10211872707704113f,0.9944357453275565f,-0.025871103474570285f,0.8430861643922742f,0.9827029151256339f,-0.09680671564549828f,0.15787159468857037f,2.7616423269232806f,0.1544886603726804f,-0.04154525509319655f,-0.98712068441275f,2.5033034985971843f,0f,0f,0f,1f], start_interpolation: 0, interpolation_duration: 1 }
$data merge entity $(bone_left_whisker11) { transformation: [0.30272387848722637f,0.9514678941259086f,-0.055381403388319345f,0.9790754066814581f,0.9403993599177757f,-0.30763865453036165f,-0.14493964987189029f,3.184087351886344f,-0.15494288386333988f,-0.008203943341924404f,-0.9878893652903418f,2.4337002499866993f,0f,0f,0f,1f], start_interpolation: 0, interpolation_duration: 1 }
$data merge entity $(bone_left_whisker10) { transformation: [0.06137983503261957f,0.9839648881127102f,-0.16746825016315803f,1.0066483794500176f,0.9188059102632233f,-0.12124583161218434f,-0.37562634037303516f,3.596832194387401f,-0.38990795723700994f,-0.13081493522534615f,-0.9115148038321983f,2.2585462848216364f,0f,0f,0f,1f], start_interpolation: 0, interpolation_duration: 1 }
$data merge entity $(bone_left_whisker1) { transformation: [-0.3255982644442694f,0.9355315515404808f,-0.13699082547068706f,0.8603835340941934f,0.9424038819004866f,0.30937392585098195f,-0.12713259763901885f,4.020177688209885f,-0.07655516683916996f,-0.1704948388538838f,-0.9823801791335244f,2.224156268468103f,0f,0f,0f,1f], start_interpolation: 0, interpolation_duration: 1 }
$data merge entity $(bone_upper_left_tooth1) { transformation: [-0.9988430327902836f,0.03253185797156964f,-0.035415731860657156f,0.5389675486343501f,0.02971158172422567f,0.9965542814746253f,0.07743891777419151f,4.313160835001207f,0.03781293109179722f,0.07629706607406966f,-0.99636787380502f,3.254185014033547f,0f,0f,0f,1f], start_interpolation: 0, interpolation_duration: 1 }
$data merge entity $(bone_upper_right_tooth1) { transformation: [-0.9988430327902836f,0.03253185797156964f,-0.035415731860657156f,-0.1340809793200402f,0.02971158172422567f,0.9965542814746253f,0.07743891777419151f,4.333181334405226f,0.03781293109179722f,0.07629706607406966f,-0.99636787380502f,3.279664430491887f,0f,0f,0f,1f], start_interpolation: 0, interpolation_duration: 1 }
$data merge entity $(bone_top_lip1) { transformation: [-0.9988430327902836f,0.010353738639453762f,-0.046961643311262305f,0.2345061604387568f,0.02971158172422567f,0.9007312818666073f,-0.43335941178008697f,4.445446375424023f,0.03781293109179722f,-0.43425333385378206f,-0.8999967912604594f,3.2752884363001407f,0f,0f,0f,1f], start_interpolation: 0, interpolation_duration: 1 }
$data merge entity $(bone_muzzle1) { transformation: [-0.9988430327902836f,0.03253185797156964f,-0.035415731860657156f,0.22009961715771958f,0.02971158172422567f,0.9965542814746253f,0.07743891777419151f,4.6568067184655595f,0.03781293109179722f,0.07629706607406966f,-0.99636787380502f,2.7286573000305023f,0f,0f,0f,1f], start_interpolation: 0, interpolation_duration: 1 }
$data merge entity $(bone_jaw_right_tooth1) { transformation: [-0.9988430327902836f,0.008473121086576505f,-0.04733711086832992f,-0.13752372204513552f,0.02971158172422567f,0.8827368076150599f,-0.46892744683268106f,4.16743292760919f,0.03781293109179722f,-0.46979137359111295f,-0.881967259903463f,3.3189601874360513f,0f,0f,0f,1f], start_interpolation: 0, interpolation_duration: 1 }
$data merge entity $(bone_jaw_left_tooth1) { transformation: [-0.9988430327902836f,0.008473121086576505f,-0.04733711086832992f,0.5916121832387873f,0.02971158172422567f,0.8827368076150599f,-0.46892744683268106f,4.145744053254837f,0.03781293109179722f,-0.46979137359111295f,-0.881967259903463f,3.29135748627285f,0f,0f,0f,1f], start_interpolation: 0, interpolation_duration: 1 }
$data merge entity $(bone_tongue1) { transformation: [-0.9988430327902836f,0.027774534740432552f,-0.03925775167098659f,0.19529175996446435f,0.02971158172422567f,0.9983245721691187f,-0.0496514905596033f,4.108753509257619f,0.03781293109179722f,-0.05076045531019424f,-0.997994768733258f,2.503982106755776f,0f,0f,0f,1f], start_interpolation: 0, interpolation_duration: 1 }
$data merge entity $(bone_jaw_lips1) { transformation: [-0.9988430327902836f,0.027774534740432552f,-0.03925775167098659f,0.28306269153121777f,0.02971158172422567f,0.9983245721691187f,-0.0496514905596033f,4.022760245663643f,0.03781293109179722f,-0.05076045531019424f,-0.997994768733258f,3.405050461474276f,0f,0f,0f,1f], start_interpolation: 0, interpolation_duration: 1 }
$data merge entity $(bone_jaw3) { transformation: [-0.9988430327902836f,0.0165643983765747f,-0.04514661175249451f,0.24110608189452531f,0.02971158172422567f,0.9507544486090584f,-0.3085177472391655f,3.665495354520869f,0.03781293109179722f,-0.3095021795666505f,-0.9501466113636043f,2.5774721357222354f,0f,0f,0f,1f], start_interpolation: 0, interpolation_duration: 1 }
$data merge entity $(bone_jaw1) { transformation: [-0.9988430327902836f,0.04363627373613656f,-0.020210676899433736f,0.22294805186769032f,0.02971158172422567f,0.8904399090439533f,0.4541299266655311f,4.073502710509432f,0.03781293109179722f,0.4530040220530288f,-0.8907062019802189f,1.7772282823806325f,0f,0f,0f,1f], start_interpolation: 0, interpolation_duration: 1 }
$data merge entity $(bone_tear_right1) { transformation: [-0.9988430327902836f,0.035494748845618845f,-0.03244562606415209f,-0.3858372222002584f,0.02971158172422567f,0.9860128451694662f,0.163999667902892f,4.741242859025411f,0.03781293109179722f,0.16284591479432525f,-0.9859266657703537f,2.694298442970468f,0f,0f,0f,1f], start_interpolation: 0, interpolation_duration: 1 }
$data merge entity $(bone_right_pupil1) { transformation: [-0.9988430327902836f,0.035494748845618845f,-0.03244562606415209f,-0.19457673175749196f,0.02971158172422567f,0.9860128451694662f,0.163999667902892f,4.835420337942286f,0.03781293109179722f,0.16284591479432525f,-0.9859266657703537f,2.772014488263429f,0f,0f,0f,1f], start_interpolation: 0, interpolation_duration: 1 }
$data merge entity $(bone_right_sad_pupil1) { transformation: [-0.9988430327902836f,0.035494748845618845f,-0.03244562606415209f,-0.1949411113470796f,0.02971158172422567f,0.9860128451694662f,0.163999667902892f,4.837262131087679f,0.03781293109179722f,0.16284591479432525f,-0.9859266657703537f,2.7609420696537033f,0f,0f,0f,1f], start_interpolation: 0, interpolation_duration: 1 }
$data merge entity $(bone_right_happy_pupil1) { transformation: [-0.9988430327902836f,0.035494748845618845f,-0.03244562606415209f,-0.2239809849659551f,0.02971158172422567f,0.9860128451694662f,0.163999667902892f,4.810413196121678f,0.03781293109179722f,0.16284591479432525f,-0.9859266657703537f,2.757431667046956f,0f,0f,0f,1f], start_interpolation: 0, interpolation_duration: 1 }
$data merge entity $(bone_eyelid_right1) { transformation: [-0.9988430327902836f,0.035494748845618845f,-0.03244562606415209f,0.21671996023165438f,0.02971158172422567f,0.9860128451694662f,0.163999667902892f,4.861138358338319f,0.03781293109179722f,0.16284591479432525f,-0.9859266657703537f,2.1818276535651493f,0f,0f,0f,1f], start_interpolation: 0, interpolation_duration: 1 }
$data merge entity $(bone_eyelid_expressions_right5) { transformation: [-0.9988430327902836f,0.035494748845618845f,-0.03244562606415209f,-0.3199554935687913f,0.02971158172422567f,0.9860128451694662f,0.163999667902892f,4.951833247243592f,0.03781293109179722f,0.16284591479432525f,-0.9859266657703537f,2.7841139704574913f,0f,0f,0f,1f], start_interpolation: 0, interpolation_duration: 1 }
$data merge entity $(bone_eyelid_expressions_right7) { transformation: [-0.9988430327902836f,0.035494748845618845f,-0.03244562606415209f,0.016568770408403946f,0.02971158172422567f,0.9860128451694662f,0.163999667902892f,4.941822997541583f,0.03781293109179722f,0.16284591479432525f,-0.9859266657703537f,2.7713742622283215f,0f,0f,0f,1f], start_interpolation: 0, interpolation_duration: 1 }
$data merge entity $(bone_eyelid_expressions_right6) { transformation: [-0.9988430327902836f,0.035494748845618845f,-0.03244562606415209f,-0.09560598425066114f,0.02971158172422567f,0.9860128451694662f,0.163999667902892f,4.945159747442252f,0.03781293109179722f,0.16284591479432525f,-0.9859266657703537f,2.7756208316380446f,0f,0f,0f,1f], start_interpolation: 0, interpolation_duration: 1 }
$data merge entity $(bone_right_eye1) { transformation: [-0.9988430327902836f,0.035494748845618845f,-0.03244562606415209f,0.20586686435533552f,0.02971158172422567f,0.9860128451694662f,0.163999667902892f,4.859630240182993f,0.03781293109179722f,0.16284591479432525f,-0.9859266657703537f,2.1933247291158473f,0f,0f,0f,1f], start_interpolation: 0, interpolation_duration: 1 }
$data merge entity $(bone_tear_left1) { transformation: [-0.9988430327902836f,0.035494748845618845f,-0.03244562606415209f,0.8256501281176443f,0.02971158172422567f,0.9860128451694662f,0.163999667902892f,4.705205960098176f,0.03781293109179722f,0.16284591479432525f,-0.9859266657703537f,2.648435493345456f,0f,0f,0f,1f], start_interpolation: 0, interpolation_duration: 1 }
$data merge entity $(bone_left_sad_pupil1) { transformation: [-0.9988430327902836f,0.035494748845618845f,-0.03244562606415209f,0.6463695485959082f,0.02971158172422567f,0.9860128451694662f,0.163999667902892f,4.812236506832655f,0.03781293109179722f,0.16284591479432525f,-0.9859266657703537f,2.7290927990807785f,0f,0f,0f,1f], start_interpolation: 0, interpolation_duration: 1 }
$data merge entity $(bone_left_pupil1) { transformation: [-0.9988430327902836f,0.035494748845618845f,-0.03244562606415209f,0.6467339281854959f,0.02971158172422567f,0.9860128451694662f,0.163999667902892f,4.810394713687262f,0.03781293109179722f,0.16284591479432525f,-0.9859266657703537f,2.740165217690504f,0f,0f,0f,1f], start_interpolation: 0, interpolation_duration: 1 }
$data merge entity $(bone_eyelid_left1) { transformation: [-0.9988430327902836f,0.035494748845618845f,-0.03244562606415209f,0.19428500929984138f,0.02971158172422567f,0.9860128451694662f,0.163999667902892f,4.861805708318453f,0.03781293109179722f,0.16284591479432525f,-0.9859266657703537f,2.182676967447094f,0f,0f,0f,1f], start_interpolation: 0, interpolation_duration: 1 }
$data merge entity $(bone_left_happy_pupil1) { transformation: [-0.9988430327902836f,0.035494748845618845f,-0.03244562606415209f,0.6734170523065652f,0.02971158172422567f,0.9860128451694662f,0.163999667902892f,4.783719196916318f,0.03781293109179722f,0.16284591479432525f,-0.9859266657703537f,2.723459111769169f,0f,0f,0f,1f], start_interpolation: 0, interpolation_duration: 1 }
$data merge entity $(bone_eyelid_expressions_left5) { transformation: [-0.9988430327902836f,0.035494748845618845f,-0.03244562606415209f,0.7793571020900462f,0.02971158172422567f,0.9860128451694662f,0.163999667902892f,4.919133098217028f,0.03781293109179722f,0.16284591479432525f,-0.9859266657703537f,2.742497590242203f,0f,0f,0f,1f], start_interpolation: 0, interpolation_duration: 1 }
$data merge entity $(bone_eyelid_expressions_left7) { transformation: [-0.9988430327902836f,0.035494748845618845f,-0.03244562606415209f,0.44283283811285107f,0.02971158172422567f,0.9860128451694662f,0.163999667902892f,4.929143347919037f,0.03781293109179722f,0.16284591479432525f,-0.9859266657703537f,2.7552372984713727f,0f,0f,0f,1f], start_interpolation: 0, interpolation_duration: 1 }
$data merge entity $(bone_eyelid_expressions_left6) { transformation: [-0.9988430327902836f,0.035494748845618845f,-0.03244562606415209f,0.5550075927719161f,0.02971158172422567f,0.9860128451694662f,0.163999667902892f,4.925806598018368f,0.03781293109179722f,0.16284591479432525f,-0.9859266657703537f,2.7509907290616495f,0f,0f,0f,1f], start_interpolation: 0, interpolation_duration: 1 }
$data merge entity $(bone_left_eye1) { transformation: [-0.9988430327902836f,0.035494748845618845f,-0.03244562606415209f,0.20586686435533552f,0.02971158172422567f,0.9860128451694662f,0.163999667902892f,4.859630240182993f,0.03781293109179722f,0.16284591479432525f,-0.9859266657703537f,2.1933247291158473f,0f,0f,0f,1f], start_interpolation: 0, interpolation_duration: 1 }
$data merge entity $(bone_crest_middle5) { transformation: [-0.9988430327902836f,0.027630862792397418f,-0.03935900491191379f,0.27052054615309157f,0.02971158172422567f,0.998136428514794f,-0.0533000186039011f,6.147764023666423f,0.03781293109179722f,-0.05440777052112372f,-0.9978025740341463f,2.8890229114218298f,0f,0f,0f,1f], start_interpolation: 0, interpolation_duration: 1 }
$data merge entity $(bone_crest_middle4) { transformation: [-0.9988430327902836f,0.027630862792397418f,-0.03935900491191379f,0.25190209368555816f,0.02971158172422567f,0.998136428514794f,-0.0533000186039011f,5.475191625546103f,0.03781293109179722f,-0.05440777052112372f,-0.9978025740341463f,2.9256843974175086f,0f,0f,0f,1f], start_interpolation: 0, interpolation_duration: 1 }
$data merge entity $(bone_crest_middle1) { transformation: [-0.9988430327902836f,0.027630862792397418f,-0.03935900491191379f,0.24125341903975805f,0.02971158172422567f,0.998136428514794f,-0.0533000186039011f,4.975251727560348f,0.03781293109179722f,-0.05440777052112372f,-0.9978025740341463f,3.037224300197268f,0f,0f,0f,1f], start_interpolation: 0, interpolation_duration: 1 }
$data merge entity $(bone_crest_left5) { transformation: [-0.5666139378658448f,-0.8205355338429916f,0.07529995429717898f,-0.8522620176337963f,-0.8156307778537619f,0.5715023044288106f,0.09017510881737904f,5.5320447929960475f,-0.11702597845703988f,-0.01032248679126467f,-0.9930752069368245f,2.9237960067104414f,0f,0f,0f,1f], start_interpolation: 0, interpolation_duration: 1 }
$data merge entity $(bone_crest_left4) { transformation: [-0.5666139378658448f,-0.8205355338429916f,0.07529995429717898f,-0.391512084079382f,-0.8156307778537619f,0.5715023044288106f,0.09017510881737904f,5.21113285447401f,-0.11702597845703988f,-0.01032248679126467f,-0.9930752069368245f,2.929592324977021f,0f,0f,0f,1f], start_interpolation: 0, interpolation_duration: 1 }
$data merge entity $(bone_crest_left1) { transformation: [-0.5666139378658448f,-0.8205355338429916f,0.07529995429717898f,0.11954111174852744f,-0.8156307778537619f,0.5715023044288106f,0.09017510881737904f,4.8631932658077766f,-0.11702597845703988f,-0.01032248679126467f,-0.9930752069368245f,2.880204774680739f,0f,0f,0f,1f], start_interpolation: 0, interpolation_duration: 1 }
$data merge entity $(bone_crest_center1) { transformation: [-0.9988430327902836f,0.035494748845618845f,-0.03244562606415209f,0.2307193224942683f,0.02971158172422567f,0.9860128451694662f,0.163999667902892f,4.832173404143537f,0.03781293109179722f,0.16284591479432525f,-0.9859266657703537f,2.8713861739008593f,0f,0f,0f,1f], start_interpolation: 0, interpolation_duration: 1 }
$data merge entity $(bone_crest_right5) { transformation: [-0.5067420027705014f,0.8498818396192502f,-0.1446146649325029f,1.3541910747520705f,0.8475588203013442f,0.5218140744708506f,0.09671668839204135f,5.466411646222266f,0.15765972458917604f,-0.07355902643135283f,-0.9847499585544226f,2.8402669075419764f,0f,0f,0f,1f], start_interpolation: 0, interpolation_duration: 1 }
$data merge entity $(bone_crest_right4) { transformation: [-0.5067420027705014f,0.8498818396192502f,-0.1446146649325029f,0.8769625027002454f,0.8475588203013442f,0.5218140744708506f,0.09671668839204135f,5.173400813389513f,0.15765972458917604f,-0.07355902643135283f,-0.9847499585544226f,2.881572024922863f,0f,0f,0f,1f], start_interpolation: 0, interpolation_duration: 1 }
$data merge entity $(bone_crest_right1) { transformation: [-0.5067420027705014f,0.8498818396192502f,-0.1446146649325029f,0.3438906210666575f,0.8475588203013442f,0.5218140744708506f,0.09671668839204135f,4.8565197660064365f,0.15765972458917604f,-0.07355902643135283f,-0.9847499585544226f,2.871711635861292f,0f,0f,0f,1f], start_interpolation: 0, interpolation_duration: 1 }
$data merge entity $(bone_head1) { transformation: [-1.04696437681794f,0.037204782318649945f,-0.0340087616948469f,0.18383287358951592f,0.031142999072918818f,1.0335160681789322f,0.17190069357008853f,4.9055619309557805f,0.0396346478240843f,0.17069135600186428f,-1.033425736907727f,1.5751975257951227f,0f,0f,0f,1f], start_interpolation: 0, interpolation_duration: 1 }
$data merge entity $(bone_neck10) { transformation: [-1.4867489383463086f,0.05661427390271161f,-0.16901686306584893f,0.04642407648428507f,0.014772801175348136f,1.454110884397133f,0.35712404274600323f,4.7237795460931675f,0.17763344379813395f,0.352917329628745f,-1.444330294557363f,0.44023699203437805f,0f,0f,0f,1f], start_interpolation: 0, interpolation_duration: 1 }
$data merge entity $(bone_neck9) { transformation: [-1.1373629378349268f,0.06902877500162855f,-0.11759559668548515f,-0.035789283974384405f,0.01130119289914133f,1.0322046394300837f,0.4966024706710631f,3.3838813551199696f,0.13588958450557256f,0.4919113325176827f,-1.0255463959578413f,-0.1364369417647351f,0f,0f,0f,1f], start_interpolation: 0, interpolation_duration: 1 }
$data merge entity $(bone_neck8) { transformation: [-1.0556285330825443f,-0.005231311944843358f,-0.1261394899079959f,-0.02791556301959547f,0.015473977517957448f,1.0488673938655682f,-0.17299677309806596f,2.606745866044597f,0.12529602371459125f,-0.17360864280877755f,-1.0413698108646732f,0.025875484319030306f,0f,0f,0f,1f], start_interpolation: 0, interpolation_duration: 1 }
$data merge entity $(bone_neck7) { transformation: [-1.0475051551230958f,-0.05180320307777581f,-0.1203162125211132f,0.021496695892787597f,0f,0.9696093162547176f,-0.41747381556938784f,1.7382418107534652f,0.13099451455898048f,-0.41424728706045366f,-0.9621154999128302f,0.4210034491140259f,0f,0f,0f,1f], start_interpolation: 0, interpolation_duration: 1 }
$data merge entity $(bone_neck6) { transformation: [-1.0415618634628228f,-0.033711512759501176f,-0.1258130784184649f,0.05021602563988632f,0f,1.01390768862361f,-0.27167574636640246f,0.8399955006006592f,0.13025128327070257f,-0.26957604691664977f,-1.0060715035965089f,0.6506592180067055f,0f,0f,0f,1f], start_interpolation: 0, interpolation_duration: 1 }
$data merge entity $(bone_neck_spine6) { transformation: [-1.2494930509067594f,-0.22815238581362818f,-0.08184725468808844f,-0.23279033369799085f,-0.010693187547156875f,-0.3774771572876213f,1.2154760466512071f,0.7749722604538809f,-0.24215313335265518f,1.1939191149698187f,0.3686521062382329f,-1.8963641241314773f,0f,0f,0f,1f], start_interpolation: 0, interpolation_duration: 1 }
$data merge entity $(bone_neck_spine7) { transformation: [-0.8507090464069407f,-0.5052174085105199f,0.14508441852696569f,0.9969137036457392f,0.16194309079994498f,0.010677551296445237f,0.9867423297094701f,1.949969550545461f,-0.5000685490045883f,0.8629260455196761f,0.07273297917877183f,-5.067916862003001f,0f,0f,0f,1f], start_interpolation: 0, interpolation_duration: 1 }
$data merge entity $(bone_tail6) { transformation: [-1.443640021057999f,-0.8618698563187988f,0.37200238963721594f,2.972248459768327f,0.32536882344052087f,0.18069326539420238f,1.6813051507984023f,1.4163792900027248f,-0.8805342445695783f,1.4798081741014004f,0.011364397480257258f,-8.496028553868593f,0f,0f,0f,1f], start_interpolation: 0, interpolation_duration: 1 }
$data merge entity $(bone_tail5) { transformation: [-1.1925721913087817f,-0.7119794465242251f,0.30730632187422185f,2.522577230384606f,0.26878294110303896f,0.14926834967347152f,1.3889042550073758f,1.5106540371649173f,-0.7273978542096516f,1.2224502307794176f,0.00938798052716904f,-7.723954723902645f,0f,0f,0f,1f], start_interpolation: 0, interpolation_duration: 1 }
$data merge entity $(bone_tail4) { transformation: [-0.8787374041222601f,-0.5246164342810079f,0.22643623717047925f,2.2977416156927455f,0.1980505881811866f,0.10998720502255795f,1.0234031352685926f,1.5577914107460136f,-0.5359773662597432f,0.9007528016269392f,0.006917459335808765f,-7.337917808919672f,0f,0f,0f,1f], start_interpolation: 0, interpolation_duration: 1 }
$data merge entity $(bone_segment18) { transformation: [-0.8383482315104296f,-0.5005036292270982f,0.21602860887817152f,2.0166970973279197f,0.18894764189211344f,0.10493189249357082f,0.9763647302935144f,1.6167131277223838f,-0.5113423817235812f,0.8593517411794899f,0.006599513999877182f,-6.855371665190955f,0f,0f,0f,1f], start_interpolation: 0, interpolation_duration: 1 }
$data merge entity $(bone_segment17) { transformation: [-0.8383482315104296f,-0.5005036292270982f,0.21602860887817152f,1.6513392234536457f,0.18894764189211344f,0.10493189249357082f,0.9763647302935144f,1.6933113597916654f,-0.5113423817235812f,0.8593517411794899f,0.006599513999877182f,-6.228061678343622f,0f,0f,0f,1f], start_interpolation: 0, interpolation_duration: 1 }
$data merge entity $(bone_segment16) { transformation: [-0.8404719296704568f,-0.5353968434686285f,0.08340956443866133f,1.140254834302684f,0.16661405060859488f,-0.10887941762649694f,0.9799923624993776f,1.5893761735319965f,-0.5156032327049697f,0.8375532773627858f,0.1807147310073014f,-5.4285418261735785f,0f,0f,0f,1f], start_interpolation: 0, interpolation_duration: 1 }
$data merge entity $(bone_segment15) { transformation: [-0.8507090464069407f,-0.5255531534335495f,0.009380899607465437f,0.5205229663622434f,0.16194309079994498f,-0.24507398497887894f,0.9558834537895993f,1.300385121908953f,-0.5000685490045883f,0.8146978733264401f,0.2935963581072177f,-4.467850730429754f,0f,0f,0f,1f], start_interpolation: 0, interpolation_duration: 1 }
$data merge entity $(bone_segment14) { transformation: [-0.967264396074827f,-0.3913642753875545f,-0.09954290563142382f,0.08023815655124455f,0.0950720156464664f,-0.47180800786161564f,0.9311464512007462f,0.7696011130646354f,-0.3924743277618172f,0.8502390285638505f,0.47088501184459214f,-3.5113318232954223f,0f,0f,0f,1f], start_interpolation: 0, interpolation_duration: 1 }
$data merge entity $(bone_segment13) { transformation: [-1.0069443998483885f,-0.16961696950446836f,-0.09688483417582103f,-0.12139313170094518f,-0.008617451140944069f,-0.4696743854502846f,0.9118252700001896f,0.17897648099029445f,-0.19514693687831625f,0.8959518218806218f,0.4596538020282141f,-2.444847364053967f,0f,0f,0f,1f], start_interpolation: 0, interpolation_duration: 1 }
$data merge entity $(bone_segment12) { transformation: [-1.1139356669391964f,-0.011041918247259027f,-0.0591547728744253f,-0.13473236179830508f,-0.05499682757244351f,-0.25829332250321324f,1.083851368822725f,-0.13305572069143973f,-0.024424579205605805f,1.085189622500763f,0.257372889673635f,-1.1338800348584146f,0f,0f,0f,1f], start_interpolation: 0, interpolation_duration: 1 }
$data merge entity $(bone_segment11) { transformation: [-1.1855356948501334f,0.09654644252476227f,-0.04802854935734655f,-0.023320367775662043f,-0.016257403740391186f,0.3641248743281749f,1.1332570818664491f,0.28774684457909305f,0.106600440623762f,1.1292540463565541f,-0.3613094044271699f,0.17116911395644796f,0f,0f,0f,1f], start_interpolation: 0, interpolation_duration: 1 }
$data merge entity $(bone_segment10) { transformation: [-1.040921574882333f,0.0867451930472508f,-0.08736557933678538f,0.06002434548854635f,0.02808464886316843f,0.8915017660004314f,0.550555221337077f,1.2005063453074887f,0.11986961861910414f,0.5444034080775766f,-0.8876550015804583f,0.7290920107015596f,0f,0f,0f,1f], start_interpolation: 0, interpolation_duration: 1 }