# This file was generated by Animated Java via MC-Build. It is not recommended to edit this file directly.
$data merge entity $(bone_neck_spine5) { transformation: [-1.5696211462399654f,-0.05598988937301513f,0.07192902836113145f,0.19199857100502177f,-0.04518568311262696f,1.555463379886017f,0.22474679849078144f,4.3326260748614915f,-0.0791637977526608f,0.22230160070995492f,-1.5544562673178715f,-0.5888223962930794f,0f,0f,0f,1f], start_interpolation: 0, interpolation_duration: 1 }
$data merge entity $(bone_neck_spine2) { transformation: [-1.4948772821333f,-0.057550361911195794f,0.06499345266775919f,-0.05151737466855548f,-0.04303398391678757f,1.4648865574607286f,0.3073267506793582f,5.6481222021659905f,-0.07539409309777216f,0.304941980217177f,-1.4640766377178547f,1.2581504764057767f,0f,0f,0f,1f], start_interpolation: 0, interpolation_duration: 1 }
$data merge entity $(bone_scale_neck_left1) { transformation: [-1.6069943183389261f,0.33396349962056887f,0.13817641833997898f,0.7694159351564483f,0.3563416858593195f,1.3588573821918177f,0.8599897084380783f,4.795476312035739f,0.06037337644210988f,0.8689246668277149f,-1.3979914376107587f,1.0810834536631693f,0f,0f,0f,1f], start_interpolation: 0, interpolation_duration: 1 }
$data merge entity $(bone_scale_neck_right1) { transformation: [-1.569674944340875f,-0.49704595791551365f,-0.04605394300157538f,-0.8002052110835164f,-0.4477904861006532f,1.334934583940933f,0.8546861517503731f,4.750290628923112f,-0.220588600122227f,0.8270127285332256f,-1.4072830906316671f,1.0019196559105086f,0f,0f,0f,1f], start_interpolation: 0, interpolation_duration: 1 }
$data merge entity $(bone_blush_right1) { transformation: [-0.9989372352083135f,-0.044055335012732615f,-0.013547234820670613f,-0.6721201885101346f,-0.04608445926529718f,0.9496412809839003f,0.3099317022595175f,4.128178126161558f,-0.0007891315452181955f,0.31022663474977935f,-0.9506623019575516f,2.350982413293267f,0f,0f,0f,1f], start_interpolation: 0, interpolation_duration: 1 }
$data merge entity $(bone_blush_left1) { transformation: [-0.9989372352083135f,-0.044055335012732615f,-0.013547234820670613f,0.6516667530696324f,-0.04608445926529718f,0.9496412809839003f,0.3099317022595175f,4.189249035559027f,-0.0007891315452181955f,0.31022663474977935f,-0.9506623019575516f,2.352028166717936f,0f,0f,0f,1f], start_interpolation: 0, interpolation_duration: 1 }
$data merge entity $(bone_left_head_scales) { transformation: [-0.8798127324032613f,-0.044055335012732615f,-0.47327442711182166f,0.625400789463732f,-0.1839879483253847f,0.9496412809839003f,0.25363334229212176f,5.0048099134657384f,0.43826703135431333f,0.31022663474977935f,-0.8436121409271586f,2.2048229987006653f,0f,0f,0f,1f], start_interpolation: 0, interpolation_duration: 1 }
$data merge entity $(bone_left_head_scales2) { transformation: [-0.8105111036664323f,-0.044055335012732615f,-0.5840641046069666f,0.6672638814737707f,-0.21551970031134843f,0.9496412809839003f,0.22744822757929678f,4.099406400628868f,0.5446310766116161f,0.31022663474977935f,-0.7791895953365257f,2.0862495056517205f,0f,0f,0f,1f], start_interpolation: 0, interpolation_duration: 1 }
$data merge entity $(bone_left_head_scales1) { transformation: [-0.9989372352083135f,-0.044055335012732615f,-0.013547234820670613f,0.6303484100950447f,-0.04608445926529718f,0.9496412809839003f,0.3099317022595175f,4.898160746167742f,-0.0007891315452181955f,0.31022663474977935f,-0.9506623019575516f,2.1699830934309148f,0f,0f,0f,1f], start_interpolation: 0, interpolation_duration: 1 }
$data merge entity $(bone_right_head_scales) { transformation: [-0.8923235661864893f,-0.044055335012732615f,0.4492413390207336f,-0.7208232189224716f,0.10223311910642655f,0.9496412809839003f,0.2961922126069966f,4.94270390390899f,-0.43966696781313575f,0.31022663474977935f,-0.8428833801338296f,2.20375952064168f,0f,0f,0f,1f], start_interpolation: 0, interpolation_duration: 1 }
$data merge entity $(bone_right_head_scales2) { transformation: [-0.8260518530081344f,-0.044055335012732615f,0.5618696144113358f,-0.6789601269124329f,0.14001934227710655f,0.9496412809839003f,0.28031414741240496f,4.03730039107212f,-0.5459239140485729f,0.31022663474977935f,-0.7782843408174888f,2.085186027592735f,0f,0f,0f,1f], start_interpolation: 0, interpolation_duration: 1 }
$data merge entity $(bone_right_head_scales1) { transformation: [-0.9989372352083135f,-0.044055335012732615f,-0.013547234820670613f,-0.7158755982911589f,-0.04608445926529718f,0.9496412809839003f,0.3099317022595175f,4.836054736610993f,-0.0007891315452181955f,0.31022663474977935f,-0.9506623019575516f,2.1689196153719292f,0f,0f,0f,1f], start_interpolation: 0, interpolation_duration: 1 }
$data merge entity $(bone_head_left_fin1) { transformation: [-0.7286204039349379f,-0.026570207074769682f,-0.7530481585468923f,0.6477609130188506f,-0.001055907124112755f,1.0475602134813922f,-0.03593998074761439f,4.524331685922332f,0.7535160184461951f,-0.024224393738491928f,-0.7282183647218526f,1.9592610272467819f,0f,0f,0f,1f], start_interpolation: 0, interpolation_duration: 1 }
$data merge entity $(bone_head_right_fin1) { transformation: [-0.7244338771528945f,-0.06995437197596174f,0.7543057347653187f,-0.698463095367353f,-0.06597855556972576f,1.0455587506169801f,0.033599512472145016f,4.462225676365584f,-0.7546638893330798f,-0.024258665974904624f,-0.7270275987106407f,1.9581975491877963f,0f,0f,0f,1f], start_interpolation: 0, interpolation_duration: 1 }
$data merge entity $(bone_right_whisker16) { transformation: [0.25870658788998235f,0.9463104886892281f,-0.19382301302754762f,-1.1703840193156507f,0.9623117103676968f,-0.26990206040482245f,-0.03330240049049313f,1.7409600933542533f,-0.08382764145268856f,-0.17790260477571865f,-0.9804711060212298f,1.8708419164479064f,0f,0f,0f,1f], start_interpolation: 0, interpolation_duration: 1 }
$data merge entity $(bone_right_whisker15) { transformation: [-0.9044466854555531f,0.3800116219135759f,-0.19382301302754762f,-0.8656632122041606f,0.39319989414562534f,0.9188497120669078f,-0.03330240049049313f,1.6084855196430807f,0.16543892048829498f,-0.10633143394675758f,-0.9804711060212298f,1.8151032176505806f,0f,0f,0f,1f], start_interpolation: 0, interpolation_duration: 1 }
$data merge entity $(bone_right_whisker14) { transformation: [-0.726643178149064f,-0.6591072228934761f,-0.19382301302754762f,-0.6208469070660486f,-0.6665871933821711f,0.7446827940408254f,-0.03330240049049313f,1.8330681189759408f,0.16628651559374058f,0.10500097613450425f,-0.9804711060212298f,1.759078952142924f,0f,0f,0f,1f], start_interpolation: 0, interpolation_duration: 1 }
$data merge entity $(bone_right_whisker13) { transformation: [-0.06518704091122607f,-0.9973054145852466f,0.0336535248701737f,-0.5988844762902937f,-0.9831842668463764f,0.06995624015204925f,0.1686855710769059f,2.1643167245052375f,-0.17058530746518383f,-0.02209150295335423f,-0.9850952331497043f,1.8165515410838307f,0f,0f,0f,1f], start_interpolation: 0, interpolation_duration: 1 }
$data merge entity $(bone_right_whisker12) { transformation: [0.11767857900540113f,-0.9919405496175202f,0.04696485992485504f,-0.6517479004528762f,-0.9214883633731812f,-0.091447832953717f,0.37748707264737535f,2.5782665752392835f,-0.37014989965024375f,-0.08769971421025718f,-0.9248231246656592f,1.9828298163173386f,0f,0f,0f,1f], start_interpolation: 0, interpolation_duration: 1 }
$data merge entity $(bone_right_whisker11) { transformation: [0.310479093694698f,-0.9471928264567692f,0.08017781418419627f,-0.7912209308235414f,-0.9490359945582377f,-0.3040643565725431f,0.0829189248301126f,3.004591338419742f,-0.05416099529528051f,-0.10183622425719656f,-0.9933257119483329f,2.0071599509226403f,0f,0f,0f,1f], start_interpolation: 0, interpolation_duration: 1 }
$data merge entity $(bone_right_whisker10) { transformation: [0.0634735896843292f,-0.9790924890294395f,0.19325889717868655f,-0.8197344574395486f,-0.9828095671046487f,-0.09496570199571584f,-0.1583252040959807f,3.446087823642533f,0.1733679849919192f,-0.17988722403383084f,-0.9682892793009968f,1.9292798014145518f,0f,0f,0f,1f], start_interpolation: 0, interpolation_duration: 1 }
$data merge entity $(bone_right_whisker1) { transformation: [-0.3157720361280353f,-0.935004717004502f,0.16141313570736907f,-0.6778837380851578f,-0.9373854972421648f,0.33376247168531736f,0.09955421665890185f,3.867178964981787f,-0.14695730930993073f,-0.1198698947769561f,-0.9818527168402329f,1.9952957802061222f,0f,0f,0f,1f], start_interpolation: 0, interpolation_duration: 1 }
$data merge entity $(bone_left_whisker16) { transformation: [0.25663947674972076f,-0.8808015891322107f,0.3979004141186602f,1.2173861480061987f,-0.9564498179446977f,-0.29068486089528467f,-0.02657174062502113f,1.7681201956856314f,0.13906805789678617f,-0.3737524210335776f,-0.9170437301701347f,2.126789186575735f,0f,0f,0f,1f], start_interpolation: 0, interpolation_duration: 1 }
$data merge entity $(bone_left_whisker15) { transformation: [-0.8397680357615291f,-0.36941156797997177f,0.3979004141186602f,0.9344564875201367f,-0.4130397643996736f,0.9103252691345103f,-0.02657174062502113f,1.6289612906876945f,-0.35240289320305623f,-0.1866627917335425f,-0.9170437301701347f,2.0080596961899397f,0f,0f,0f,1f], start_interpolation: 0, interpolation_duration: 1 }
$data merge entity $(bone_left_whisker14) { transformation: [-0.6897018882206061f,0.604968235388544f,0.3979004141186602f,0.7020862224458116f,0.6504767328924629f,0.7590612376914684f,-0.02657174062502113f,1.8481160493282212f,-0.3181058398559789f,0.24049838171007892f,-0.9170437301701347f,1.9008853653790876f,0f,0f,0f,1f], start_interpolation: 0, interpolation_duration: 1 }
$data merge entity $(bone_left_whisker13) { transformation: [-0.12194983353980943f,0.9775041168312075f,0.17208701193772113f,0.6609996086067157f,0.9810556462908374f,0.09241905072414493f,0.17026020657838764f,2.17864749265863f,0.15052593457766722f,0.18959013856550794f,-0.9702564209415111f,1.9515996695092586f,0f,0f,0f,1f], start_interpolation: 0, interpolation_duration: 1 }
$data merge entity $(bone_left_whisker12) { transformation: [0.015810859575275116f,0.9897958123269668f,0.1416130877408252f,0.6681021431815463f,0.9230067619450488f,-0.06890623195675205f,0.37856366518887974f,2.5932794365011325f,0.38445875477508246f,0.12472442061409622f,-0.9146776944800122f,2.1243057507558776f,0f,0f,0f,1f], start_interpolation: 0, interpolation_duration: 1 }
$data merge entity $(bone_left_whisker11) { transformation: [0.2705271426197358f,0.9538531503019599f,0.13030438505678804f,0.7896280080302558f,0.9556447498938354f,-0.2824405822361154f,0.08348909812947491f,3.022572976492504f,0.11643958565002749f,0.1019386343107985f,-0.987952598927954f,2.176612595872101f,0f,0f,0f,1f], start_interpolation: 0, interpolation_duration: 1 }
$data merge entity $(bone_left_whisker10) { transformation: [0.07665408089661321f,0.9968583318894101f,0.019940361695771423f,0.8240624584330313f,0.9844034733878086f,-0.0724899096299371f,-0.16029664557894396f,3.4647854743034334f,-0.15834757170197902f,0.03191675335159063f,-0.9868674517844733f,2.1054798976466027f,0f,0f,0f,1f], start_interpolation: 0, interpolation_duration: 1 }
$data merge entity $(bone_left_whisker1) { transformation: [-0.3607413230837675f,0.9314232267596784f,0.04812972545487541f,0.6620106922039951f,0.9296903797152775f,0.35499247725307936f,0.09826565503056217f,3.882419824566156f,0.07444122301948303f,0.08019422514315322f,-0.993995669290894f,2.138920290799886f,0f,0f,0f,1f], start_interpolation: 0, interpolation_duration: 1 }
$data merge entity $(bone_upper_left_tooth1) { transformation: [-0.9989372352083135f,-0.04506841047531236f,-0.009656008057124322f,0.3043035555393821f,-0.04608445926529718f,0.9730399369166894f,0.22598562737349137f,4.029667232916347f,-0.0007891315452181955f,0.22619044971526575f,-0.9740827776575305f,3.097338933878006f,0f,0f,0f,1f], start_interpolation: 0, interpolation_duration: 1 }
$data merge entity $(bone_upper_right_tooth1) { transformation: [-0.9989372352083135f,-0.04506841047531236f,-0.009656008057124322f,-0.3688084486537197f,-0.04608445926529718f,0.9730399369166894f,0.22598562737349137f,3.9986142281379737f,-0.0007891315452181955f,0.22619044971526575f,-0.9740827776575305f,3.0968071948485134f,0f,0f,0f,1f], start_interpolation: 0, interpolation_duration: 1 }
$data merge entity $(bone_top_lip1) { transformation: [-0.9989372352083135f,-0.04486774214458432f,0.01054920988593869f,-0.00977328718606086f,-0.04608445926529718f,0.9761969276451241f,-0.21193343547077692f,4.135639262932355f,-0.0007891315452181955f,-0.21219435471064677f,-0.9772271655558581f,3.1250376929875827f,0f,0f,0f,1f], start_interpolation: 0, interpolation_duration: 1 }
$data merge entity $(bone_muzzle1) { transformation: [-0.9989372352083135f,-0.04506841047531236f,-0.009656008057124322f,-0.022787452654652526f,-0.04608445926529718f,0.9730399369166894f,0.22598562737349137f,4.426450908301385f,-0.0007891315452181955f,0.22619044971526575f,-0.9740827776575305f,2.616170754923914f,0f,0f,0f,1f], start_interpolation: 0, interpolation_duration: 1 }
$data merge entity $(bone_jaw_right_tooth1) { transformation: [-0.9989372352083135f,-0.04233754686992039f,0.01821900764058758f,-0.36462264336804545f,-0.04608445926529718f,0.9242169452755945f,-0.37907685326286233f,3.907548709544263f,-0.0007891315452181955f,-0.3795135968453379f,-0.925185823000395f,3.1162569596009098f,0f,0f,0f,1f], start_interpolation: 0, interpolation_duration: 1 }
$data merge entity $(bone_jaw_left_tooth1) { transformation: [-0.9989372352083135f,-0.04233754686992039f,0.01821900764058758f,0.3645820278411482f,-0.04608445926529718f,0.9242169452755945f,-0.37907685326286233f,3.941189464720835f,-0.0007891315452181955f,-0.3795135968453379f,-0.925185823000395f,3.116833010216194f,0f,0f,0f,1f], start_interpolation: 0, interpolation_duration: 1 }
$data merge entity $(bone_tongue1) { transformation: [-0.9989372352083135f,-0.046024737985128863f,0.0024745924453797863f,0.0027174224784591444f,-0.04608445926529718f,0.9982694769317928f,-0.036527716059864324f,3.8789751860716177f,-0.0007891315452181955f,-0.03660293594406239f,-0.9993295764419659f,2.302348767363498f,0f,0f,0f,1f], start_interpolation: 0, interpolation_duration: 1 }
$data merge entity $(bone_jaw_lips1) { transformation: [-0.9989372352083135f,-0.046024737985128863f,0.0024745924453797863f,0.06253091919345752f,-0.04608445926529718f,0.9982694769317928f,-0.036527716059864324f,3.785454272225688f,-0.0007891315452181955f,-0.03660293594406239f,-0.9993295764419659f,3.204955515604884f,0f,0f,0f,1f], start_interpolation: 0, interpolation_duration: 1 }
$data merge entity $(bone_jaw3) { transformation: [-0.9989372352083135f,-0.04485804187670325f,0.01059038211578938f,0.07582405802758964f,-0.04608445926529718f,0.9760020179374755f,-0.2128292357647339f,3.512032953749707f,-0.0007891315452181955f,-0.2130911003795405f,-0.9770320159597845f,2.3451017374234966f,0f,0f,0f,1f], start_interpolation: 0, interpolation_duration: 1 }
$data merge entity $(bone_jaw1) { transformation: [-0.9989372352083135f,-0.0392079566111984f,-0.02423089459233559f,0.05405411366728813f,-0.04608445926529718f,0.8406306411793372f,0.5396446494913496f,3.9968699435270914f,-0.0007891315452181955f,0.5401878018326505f,-0.8415441260104031f,1.5890269367110248f,0f,0f,0f,1f], start_interpolation: 0, interpolation_duration: 1 }
$data merge entity $(bone_tear_right1) { transformation: [-0.9989372352083135f,-0.044055335012732615f,-0.013547234820670613f,-0.6319749175279152f,-0.04608445926529718f,0.9496412809839003f,0.3099317022595175f,4.472711857431006f,-0.0007891315452181955f,0.31022663474977935f,-0.9506623019575516f,2.5690538427886214f,0f,0f,0f,1f], start_interpolation: 0, interpolation_duration: 1 }
$data merge entity $(bone_right_pupil1) { transformation: [-0.9989372352083135f,-0.044055335012732615f,-0.013547234820670613f,-0.4509042452153792f,-0.04608445926529718f,0.9496412809839003f,0.3099317022595175f,4.567016514700294f,-0.0007891315452181955f,0.31022663474977935f,-0.9506623019575516f,2.668098275651513f,0f,0f,0f,1f], start_interpolation: 0, interpolation_duration: 1 }
$data merge entity $(bone_right_sad_pupil1) { transformation: [-0.9989372352083135f,-0.044055335012732615f,-0.013547234820670613f,-0.45105638701268164f,-0.04608445926529718f,0.9496412809839003f,0.3099317022595175f,4.570497192997153f,-0.0007891315452181955f,0.31022663474977935f,-0.9506623019575516f,2.657421892377575f,0f,0f,0f,1f], start_interpolation: 0, interpolation_duration: 1 }
$data merge entity $(bone_right_happy_pupil1) { transformation: [-0.9989372352083135f,-0.044055335012732615f,-0.013547234820670613f,-0.4778654722022165f,-0.04608445926529718f,0.9496412809839003f,0.3099317022595175f,4.542541383812493f,-0.0007891315452181955f,0.31022663474977935f,-0.9506623019575516f,2.648689872038533f,0f,0f,0f,1f], start_interpolation: 0, interpolation_duration: 1 }
$data merge entity $(bone_eyelid_right1) { transformation: [-0.9989372352083135f,-0.044055335012732615f,-0.013547234820670613f,-0.024275771545172027f,-0.04608445926529718f,0.9496412809839003f,0.3099317022595175f,4.711132218818872f,-0.0007891315452181955f,0.31022663474977935f,-0.9506623019575516f,2.1065239755400174f,0f,0f,0f,1f], start_interpolation: 0, interpolation_duration: 1 }
$data merge entity $(bone_eyelid_expressions_right5) { transformation: [-0.9989372352083135f,-0.044055335012732615f,-0.013547234820670613f,-0.5850167827879367f,-0.04608445926529718f,0.9496412809839003f,0.3099317022595175f,4.671194550940897f,-0.0007891315452181955f,0.31022663474977935f,-0.9506623019575516f,2.692159881283601f,0f,0f,0f,1f], start_interpolation: 0, interpolation_duration: 1 }
$data merge entity $(bone_eyelid_expressions_right7) { transformation: [-0.9989372352083135f,-0.044055335012732615f,-0.013547234820670613f,-0.24846078069138577f,-0.04608445926529718f,0.9496412809839003f,0.3099317022595175f,4.686721053330084f,-0.0007891315452181955f,0.31022663474977935f,-0.9506623019575516f,2.692425750798347f,0f,0f,0f,1f], start_interpolation: 0, interpolation_duration: 1 }
$data merge entity $(bone_eyelid_expressions_right6) { transformation: [-0.9989372352083135f,-0.044055335012732615f,-0.013547234820670613f,-0.36064611472356944f,-0.04608445926529718f,0.9496412809839003f,0.3099317022595175f,4.681545552533688f,-0.0007891315452181955f,0.31022663474977935f,-0.9506623019575516f,2.692337127626765f,0f,0f,0f,1f], start_interpolation: 0, interpolation_duration: 1 }
$data merge entity $(bone_right_eye1) { transformation: [-0.9989372352083135f,-0.044055335012732615f,-0.013547234820670613f,-0.03534216315108794f,-0.04608445926529718f,0.9496412809839003f,0.3099317022595175f,4.707133990442372f,-0.0007891315452181955f,0.31022663474977935f,-0.9506623019575516f,2.1171914964967966f,0f,0f,0f,1f], start_interpolation: 0, interpolation_duration: 1 }
$data merge entity $(bone_tear_left1) { transformation: [-0.9989372352083135f,-0.044055335012732615f,-0.013547234820670613f,0.579626690019668f,-0.04608445926529718f,0.9496412809839003f,0.3099317022595175f,4.528607266032079f,-0.0007891315452181955f,0.31022663474977935f,-0.9506623019575516f,2.5700109730417084f,0f,0f,0f,1f], start_interpolation: 0, interpolation_duration: 1 }
$data merge entity $(bone_left_sad_pupil1) { transformation: [-0.9989372352083135f,-0.044055335012732615f,-0.013547234820670613f,0.3903336182286956f,-0.04608445926529718f,0.9496412809839003f,0.3099317022595175f,4.609313448970121f,-0.0007891315452181955f,0.31022663474977935f,-0.9506623019575516f,2.658086566164441f,0f,0f,0f,1f], start_interpolation: 0, interpolation_duration: 1 }
$data merge entity $(bone_left_pupil1) { transformation: [-0.9989372352083135f,-0.044055335012732615f,-0.013547234820670613f,0.39048576002599805f,-0.04608445926529718f,0.9496412809839003f,0.3099317022595175f,4.605832770673261f,-0.0007891315452181955f,0.31022663474977935f,-0.9506623019575516f,2.6687629494383787f,0f,0f,0f,1f], start_interpolation: 0, interpolation_duration: 1 }
$data merge entity $(bone_eyelid_left1) { transformation: [-0.9989372352083135f,-0.044055335012732615f,-0.013547234820670613f,-0.046712838351608756f,-0.04608445926529718f,0.9496412809839003f,0.3099317022595175f,4.710097118659593f,-0.0007891315452181955f,0.31022663474977935f,-0.9506623019575516f,2.106506250905701f,0f,0f,0f,1f], start_interpolation: 0, interpolation_duration: 1 }
$data merge entity $(bone_left_happy_pupil1) { transformation: [-0.9989372352083135f,-0.044055335012732615f,-0.013547234820670613f,0.41961720005525255f,-0.04608445926529718f,0.9496412809839003f,0.3099317022595175f,4.583945390183659f,-0.0007891315452181955f,0.31022663474977935f,-0.9506623019575516f,2.64939885741119f,0f,0f,0f,1f], start_interpolation: 0, interpolation_duration: 1 }
$data merge entity $(bone_eyelid_expressions_left5) { transformation: [-0.9989372352083135f,-0.044055335012732615f,-0.013547234820670613f,0.5143994907274629f,-0.04608445926529718f,0.9496412809839003f,0.3099317022595175f,4.721914458745575f,-0.0007891315452181955f,0.31022663474977935f,-0.9506623019575516f,2.6930283883651054f,0f,0f,0f,1f], start_interpolation: 0, interpolation_duration: 1 }
$data merge entity $(bone_eyelid_expressions_left7) { transformation: [-0.9989372352083135f,-0.044055335012732615f,-0.013547234820670613f,0.17784348863091204f,-0.04608445926529718f,0.9496412809839003f,0.3099317022595175f,4.706387956356387f,-0.0007891315452181955f,0.31022663474977935f,-0.9506623019575516f,2.6927625188503588f,0f,0f,0f,1f], start_interpolation: 0, interpolation_duration: 1 }
$data merge entity $(bone_eyelid_expressions_left6) { transformation: [-0.9989372352083135f,-0.044055335012732615f,-0.013547234820670613f,0.2900288226630957f,-0.04608445926529718f,0.9496412809839003f,0.3099317022595175f,4.711563457152783f,-0.0007891315452181955f,0.31022663474977935f,-0.9506623019575516f,2.692851142021941f,0f,0f,0f,1f], start_interpolation: 0, interpolation_duration: 1 }
$data merge entity $(bone_left_eye1) { transformation: [-0.9989372352083135f,-0.044055335012732615f,-0.013547234820670613f,-0.03534216315108794f,-0.04608445926529718f,0.9496412809839003f,0.3099317022595175f,4.707133990442372f,-0.0007891315452181955f,0.31022663474977935f,-0.9506623019575516f,2.1171914964967966f,0f,0f,0f,1f], start_interpolation: 0, interpolation_duration: 1 }
$data merge entity $(bone_crest_middle5) { transformation: [-0.9989372352083135f,-0.04594320593977662f,-0.0036907915608672126f,-0.08993110400304855f,-0.04608445926529718f,0.9942124888050696f,0.09704509116001009f,5.875294259159269f,-0.0007891315452181955f,0.09711204318726291f,-0.9952731425791611f,3.0003032321866345f,0f,0f,0f,1f], start_interpolation: 0, interpolation_duration: 1 }
$data merge entity $(bone_crest_middle4) { transformation: [-0.9989372352083135f,-0.04594320593977662f,-0.0036907915608672126f,-0.058973279688160005f,-0.04608445926529718f,0.9942124888050696f,0.09704509116001009f,5.205365921976166f,-0.0007891315452181955f,0.09711204318726291f,-0.9952731425791611f,2.9348664062108423f,0f,0f,0f,1f], start_interpolation: 0, interpolation_duration: 1 }
$data merge entity $(bone_crest_middle1) { transformation: [-0.9989372352083135f,-0.04594320593977662f,-0.0036907915608672126f,-0.03544404023096226f,-0.04608445926529718f,0.9942124888050696f,0.09704509116001009f,4.694745670236158f,-0.0007891315452181955f,0.09711204318726291f,-0.9952731425791611f,2.969619523846155f,0f,0f,0f,1f], start_interpolation: 0, interpolation_duration: 1 }
$data merge entity $(bone_crest_left5) { transformation: [-0.49957269254832626f,-0.8605241318144428f,0.09962601781168857f,-1.1636702283261546f,-0.8256804948867319f,0.5077961790852614f,0.2457534554589433f,5.184760184285279f,-0.26206649008146227f,0.04051245575633021f,-0.9641990954699002f,2.8944400702609796f,0f,0f,0f,1f], start_interpolation: 0, interpolation_duration: 1 }
$data merge entity $(bone_crest_left4) { transformation: [-0.49957269254832626f,-0.8605241318144428f,0.09962601781168857f,-0.6804657597780057f,-0.8256804948867319f,0.5077961790852614f,0.2457534554589433f,4.899620728255957f,-0.26206649008146227f,0.04051245575633021f,-0.9641990954699002f,2.8716913768431183f,0f,0f,0f,1f], start_interpolation: 0, interpolation_duration: 1 }
$data merge entity $(bone_crest_left1) { transformation: [-0.49957269254832626f,-0.8605241318144428f,0.09962601781168857f,-0.1433466099764371f,-0.8256804948867319f,0.5077961790852614f,0.2457534554589433f,4.599766959132385f,-0.26206649008146227f,0.04051245575633021f,-0.9641990954699002f,2.7925257750312062f,0f,0f,0f,1f], start_interpolation: 0, interpolation_duration: 1 }
$data merge entity $(bone_crest_center1) { transformation: [-0.9989372352083135f,-0.044055335012732615f,-0.013547234820670613f,-0.02992438661881132f,-0.04608445926529718f,0.9496412809839003f,0.3099317022595175f,4.578280509381616f,-0.0007891315452181955f,0.31022663474977935f,-0.9506623019575516f,2.7839045333730477f,0f,0f,0f,1f], start_interpolation: 0, interpolation_duration: 1 }
$data merge entity $(bone_crest_right5) { transformation: [-0.5738844779326454f,0.8100507812716773f,-0.12030934190294586f,1.042990958034189f,0.7761581710584932f,0.5848656273130974f,0.23560707011206622f,5.286561162335645f,0.2612184899411026f,0.041832161655861996f,-0.9643728380476545f,2.896183268822801f,0f,0f,0f,1f], start_interpolation: 0, interpolation_duration: 1 }
$data merge entity $(bone_crest_right4) { transformation: [-0.5738844779326454f,0.8100507812716773f,-0.12030934190294586f,0.588128458784956f,0.7761581710584932f,0.5848656273130974f,0.23560707011206622f,4.958145404811201f,0.2612184899411026f,0.041832161655861996f,-0.9643728380476545f,2.872693529611746f,0f,0f,0f,1f], start_interpolation: 0, interpolation_duration: 1 }
$data merge entity $(bone_crest_right1) { transformation: [-0.5738844779326454f,0.8100507812716773f,-0.12030934190294586f,0.08102405808793015f,0.7761581710584932f,0.5848656273130974f,0.23560707011206622f,4.610117960725176f,0.2612184899411026f,0.041832161655861996f,-0.9643728380476545f,2.79270302137437f,0f,0f,0f,1f], start_interpolation: 0, interpolation_duration: 1 }
$data merge entity $(bone_head1) { transformation: [-1.0470631176337135f,-0.04617779255891893f,-0.014199901081562289f,-0.041236151687066486f,-0.04830467409969298f,0.9953922281146346f,0.32486330770691596f,4.845246713120664f,-0.0008271496014331341f,0.32517244918433885f,-0.9964624389008186f,1.5125704637953672f,0f,0f,0f,1f], start_interpolation: 0, interpolation_duration: 1 }
$data merge entity $(bone_neck10) { transformation: [-1.4948772821333f,-0.06554135848301489f,0.05692559506923755f,0.018985742344669737f,-0.04303398391678757f,1.4122400593564728f,0.4959035921034486f,4.77490600468743f,-0.07539409309777216f,0.49343350794312185f,-1.4117483435970226f,0.35866971659955216f,0f,0f,0f,1f], start_interpolation: 0, interpolation_duration: 1 }
$data merge entity $(bone_neck9) { transformation: [-1.1435811208319753f,-0.05296618303134588f,0.0400618525571398f,0.0845278455926037f,-0.03292099769634251f,1.0522709776268762f,0.4514755209902219f,3.4116451743301255f,-0.057676481219795746f,0.44956481356730416f,-1.0520233126764986f,-0.16273527556090908f,0f,0f,0f,1f], start_interpolation: 0, interpolation_duration: 1 }
$data merge entity $(bone_neck8) { transformation: [-1.0613722475482459f,-0.020289435380181325f,0.05802954715709098f,0.09783958440592692f,-0.03007610873488264f,1.0466494679785214f,-0.1841479195119075f,2.6365155324882217f,-0.05361452428839703f,-0.18548144756053073f,-1.0454722630434043f,0.00856482213637183f,0f,0f,0f,1f], start_interpolation: 0, interpolation_duration: 1 }
$data merge entity $(bone_neck7) { transformation: [-1.0535438540880147f,0.02776682354959418f,0.06083554780999122f,0.0714314727666285f,-1.8312852319637973e-18f,0.9603602753369699f,-0.4383317857613152f,1.7768204718024037f,-0.06687271766106134f,-0.43745143492583183f,-0.9584314761984597f,0.42461047855289386f,0f,0f,0f,1f], start_interpolation: 0, interpolation_duration: 1 }
$data merge entity $(bone_neck6) { transformation: [-1.0475663003059548f,0.017209731890554473f,0.0642275938001877f,0.056770250989071354f,-1.8208949611441444e-18f,1.01390768862361f,-0.27167574636640235f,0.8785741616495977f,-0.06649329798638864f,-0.2711301095267677f,-1.0118713442156118f,0.655590176065034f,0f,0f,0f,1f], start_interpolation: 0, interpolation_duration: 1 }
$data merge entity $(bone_neck_spine6) { transformation: [-1.2198830558488765f,0.3193284045975523f,0.1729163629813532f,0.09765093151183775f,0.16234878311092135f,-0.06254763522671174f,1.2608394166057226f,0.5564412122280054f,0.3248285258285056f,1.2304887369908908f,0.019216281205053847f,-2.059782905744883f,0f,0f,0f,1f], start_interpolation: 0, interpolation_duration: 1 }
$data merge entity $(bone_neck_spine7) { transformation: [-0.9329195910489736f,0.3600672061073509f,-0.0035558013249316067f,-1.0330980073269005f,0.1052195610793631f,0.2820369591560425f,0.9536162737895568f,0.7861330181693902f,0.34436881479495496f,0.8892731643067044f,-0.3010039179822389f,-5.542287211260012f,0f,0f,0f,1f], start_interpolation: 0, interpolation_duration: 1 }
$data merge entity $(bone_tail6) { transformation: [-1.6202281644400152f,0.39359713068728136f,0.43039973442975665f,-1.9359331740045045f,0.5590351662018798f,0.6857977874707128f,1.477316152750331f,-0.9126010398682542f,0.16625978356807294f,1.5297269792162722f,-0.7730426837845904f,-9.043234427823272f,0f,0f,0f,1f], start_interpolation: 0, interpolation_duration: 1 }
$data merge entity $(bone_tail5) { transformation: [-1.3384493532330561f,0.3251454557851454f,0.35554760670284247f,-1.7305781492980967f,0.4618116590363354f,0.5665286070410236f,1.2203916044459253f,-0.5547934985791867f,0.13734503859971245f,1.2636875045699638f,-0.6386004779090094f,-8.245116003884347f,0f,0f,0f,1f], start_interpolation: 0, interpolation_duration: 1 }
$data merge entity $(bone_tail4) { transformation: [-0.9862258392243569f,0.23958086215747557f,0.26198244704419965f,-1.627900636944893f,0.340282275079405f,0.41744213150391213f,0.8992359190654186f,-0.37588972793465286f,0.10120160738926179f,0.9311381612620785f,-0.4705477205645332f,-7.846056791914885f,0f,0f,0f,1f], start_interpolation: 0, interpolation_duration: 1 }
$data merge entity $(bone_segment18) { transformation: [-0.9408962043780201f,0.22856907097756676f,0.24994101780117436f,-1.4995537465033881f,0.324641971752774f,0.39825535030435344f,0.8579045786860143f,-0.15226001462898564f,0.09655010493782988f,0.8883405066450638f,-0.4489200613584615f,-7.3472327769530565f,0f,0f,0f,1f], start_interpolation: 0, interpolation_duration: 1 }
$data merge entity $(bone_segment17) { transformation: [-0.9408962043780201f,0.22856907097756676f,0.24994101780117436f,-1.3327027889294316f,0.324641971752774f,0.39825535030435344f,0.8579045786860143f,0.1384586126683821f,0.09655010493782988f,0.8883405066450638f,-0.4489200613584615f,-6.69876155750268f,0f,0f,0f,1f], start_interpolation: 0, interpolation_duration: 1 }
$data merge entity $(bone_segment16) { transformation: [-0.9835435732224329f,0.16905393394632842f,0.06374015210304325f,-1.171325620538283f,0.09805115749640197f,0.20313057250975886f,0.9742299220540669f,0.33236499414132104f,0.1517498273029146f,0.9644473743699693f,-0.21636370301972413f,-5.7781098890977525f,0f,0f,0f,1f], start_interpolation: 0, interpolation_duration: 1 }
$data merge entity $(bone_segment15) { transformation: [-0.9329195910489736f,0.3487185226823322f,0.08975761012453275f,-0.7601170110276226f,0.1052195610793631f,0.025612729440419535f,0.9941191236752656f,0.36256750468751886f,0.34436881479495496f,0.9368774626539285f,-0.06058662697208275f,-4.673344717071758f,0f,0f,0f,1f], start_interpolation: 0, interpolation_duration: 1 }
$data merge entity $(bone_segment14) { transformation: [-0.9725020793061147f,0.35292289710065405f,0.16840526260344982f,-0.3630787517893868f,0.1073010876458751f,-0.19323973550459989f,1.0246072804920412f,0.14517280224484402f,0.37603374896472774f,0.9678734583350062f,0.1431600024983889f,-3.584487076444876f,0f,0f,0f,1f], start_interpolation: 0, interpolation_duration: 1 }
$data merge entity $(bone_segment13) { transformation: [-0.983082227360565f,0.2292336199290183f,0.18192001969331606f,-0.09197396385800703f,0.13083401933056601f,-0.22608212499144023f,0.9918986560976638f,-0.1542660515713486f,0.2617735766970898f,0.9738749571052644f,0.187445390153025f,-2.4167027209217116f,0f,0f,0f,1f], start_interpolation: 0, interpolation_duration: 1 }
$data merge entity $(bone_segment12) { transformation: [-1.0982206188733832f,0.1185083092502976f,0.15601645461833738f,0.05119043657859411f,0.15134695183684144f,-0.05097269159101373f,1.1040696382354422f,-0.21584379980210344f,0.12441645246002102f,1.108075559942678f,0.034102507336852966f,-1.078087950521161f,0f,0f,0f,1f], start_interpolation: 0, interpolation_duration: 1 }
$data merge entity $(bone_segment11) { transformation: [-1.1861655988069342f,0.01961946169577532f,0.0987374792624501f,0.0798350349277455f,0.09865031009764748f,0.45913031785368563f,1.0938877037550783f,0.31425844950522464f,-0.02005316448774975f,1.0981517512765204f,-0.45911157973164385f,0.1911037959084786f,0f,0f,0f,1f], start_interpolation: 0, interpolation_duration: 1 }
$data merge entity $(bone_segment10) { transformation: [-1.046005753096524f,-0.031842116560846546f,0.059441081139835164f,0.05176310236016062f,0.0026990984091578027f,0.9034448543996239f,0.5314652462313912f,1.2390850063564272f,-0.06737861219945605f,0.5305173632379446f,-0.9014913465731702f,0.7344751212115929f,0f,0f,0f,1f], start_interpolation: 0, interpolation_duration: 1 }