# This file was generated by Animated Java via MC-Build. It is not recommended to edit this file directly.
$data merge entity $(bone_neck_spine5) { transformation: [-1.3648879532521438f,-0.048686860324360974f,0.06254698118359256f,0.18314866899091498f,-0.039291898358806046f,1.3525768520747972f,0.195431998687636f,3.7542580535543477f,-0.06883808500231373f,0.19330573974778684f,-1.3517011020155403f,-0.5494507697461453f,0f,0f,0f,1f], start_interpolation: 0, interpolation_duration: 1 }
$data merge entity $(bone_neck_spine2) { transformation: [-1.299893288811565f,-0.05004379296625721f,0.05651604579805147f,-0.02860432724697831f,-0.037420855579815275f,1.2738143977919378f,0.2672406527646593f,4.898167729471304f,-0.06556008095458449f,0.26516693931928437f,-1.2731101197546562f,1.056612597818078f,0f,0f,0f,1f], start_interpolation: 0, interpolation_duration: 1 }
$data merge entity $(bone_scale_neck_left1) { transformation: [-1.3973863637729795f,0.29040304314832077f,0.12015340725215565f,0.6852507247747643f,0.3098623355298431f,1.1816151149494067f,0.7478171377722421f,4.15673652066239f,0.052498588210530335f,0.7555866668067087f,-1.2156447283571816f,0.9026412736940713f,0f,0f,0f,1f], start_interpolation: 0, interpolation_duration: 1 }
$data merge entity $(bone_scale_neck_right1) { transformation: [-1.3649347342094567f,-0.4322138764482728f,-0.040046906957891634f,-0.6796372284773793f,-0.38938303139187236f,1.160812681687768f,0.7432053493481506f,4.117444622303584f,-0.19181617401932785f,0.7191415030723701f,-1.2237244266362324f,0.8338031886917575f,0f,0f,0f,1f], start_interpolation: 0, interpolation_duration: 1 }
$data merge entity $(bone_blush_right1) { transformation: [-0.9989372352083135f,-0.044055335012732615f,-0.013547234820670613f,-0.5682589479787862f,-0.04608445926529718f,0.9496412809839003f,0.3099317022595175f,3.5764772285978843f,-0.0007891315452181955f,0.31022663474977935f,-0.9506623019575516f,2.0069012385898084f,0f,0f,0f,1f], start_interpolation: 0, interpolation_duration: 1 }
$data merge entity $(bone_blush_left1) { transformation: [-0.9989372352083135f,-0.044055335012732615f,-0.013547234820670613f,0.5828601316557939f,-0.04608445926529718f,0.9496412809839003f,0.3099317022595175f,3.629582367204379f,-0.0007891315452181955f,0.31022663474977935f,-0.9506623019575516f,2.0078105893938685f,0f,0f,0f,1f], start_interpolation: 0, interpolation_duration: 1 }
$data merge entity $(bone_left_head_scales) { transformation: [-0.8798127324032613f,-0.044055335012732615f,-0.47327442711182166f,0.560020163302837f,-0.1839879483253847f,0.9496412809839003f,0.25363334229212176f,4.338765739297171f,0.43826703135431333f,0.31022663474977935f,-0.8436121409271586f,1.8798060954658076f,0f,0f,0f,1f], start_interpolation: 0, interpolation_duration: 1 }
$data merge entity $(bone_left_head_scales2) { transformation: [-0.8105111036664323f,-0.044055335012732615f,-0.5840641046069666f,0.5964228520072185f,-0.21551970031134843f,0.9496412809839003f,0.22744822757929678f,3.5514583368303274f,0.5446310766116161f,0.31022663474977935f,-0.7791895953365257f,1.7766987102058558f,0f,0f,0f,1f], start_interpolation: 0, interpolation_duration: 1 }
$data merge entity $(bone_left_head_scales1) { transformation: [-0.9989372352083135f,-0.044055335012732615f,-0.013547234820670613f,0.5643224421126741f,-0.04608445926529718f,0.9496412809839003f,0.3099317022595175f,4.246027332951087f,-0.0007891315452181955f,0.31022663474977935f,-0.9506623019575516f,1.8495105256660245f,0f,0f,0f,1f], start_interpolation: 0, interpolation_duration: 1 }
$data merge entity $(bone_right_head_scales) { transformation: [-0.8923235661864893f,-0.044055335012732615f,0.4492413390207336f,-0.6106094092069054f,0.10223311910642655f,0.9496412809839003f,0.2961922126069966f,4.284760513595651f,-0.43966696781313575f,0.31022663474977935f,-0.8428833801338296f,1.878881331936255f,0f,0f,0f,1f], start_interpolation: 0, interpolation_duration: 1 }
$data merge entity $(bone_right_head_scales2) { transformation: [-0.8260518530081344f,-0.044055335012732615f,0.5618696144113358f,-0.574206720502524f,0.14001934227710655f,0.9496412809839003f,0.28031414741240496f,3.4974531111288076f,-0.5459239140485729f,0.31022663474977935f,-0.7782843408174888f,1.7757739466763032f,0f,0f,0f,1f], start_interpolation: 0, interpolation_duration: 1 }
$data merge entity $(bone_right_head_scales1) { transformation: [-0.9989372352083135f,-0.044055335012732615f,-0.013547234820670613f,-0.6063071303970683f,-0.04608445926529718f,0.9496412809839003f,0.3099317022595175f,4.192022107249567f,-0.0007891315452181955f,0.31022663474977935f,-0.9506623019575516f,1.8485857621364719f,0f,0f,0f,1f], start_interpolation: 0, interpolation_duration: 1 }
$data merge entity $(bone_head_left_fin1) { transformation: [-0.6951310189093569f,-0.025348967743382755f,-0.718436007160265f,0.5794637490029401f,-0.0010073747469796224f,0.9994114831723097f,-0.03428808101138864f,3.920958584911601f,0.7188823629399725f,-0.02311097439895876f,-0.6947474585172458f,1.6662739463754739f,0f,0f,0f,1f], start_interpolation: 0, interpolation_duration: 1 }
$data merge entity $(bone_head_right_fin1) { transformation: [-0.6911369163396559f,-0.06673907786029643f,0.7196357817388382f,-0.5911658235068024f,-0.06294600084167626f,0.9975020130109823f,0.03205518705417065f,3.866953359210081f,-0.7199774745438575f,-0.023143671389722675f,-0.6936114233661765f,1.6653491828459213f,0f,0f,0f,1f], start_interpolation: 0, interpolation_duration: 1 }
$data merge entity $(bone_right_whisker16) { transformation: [0.25870658788998235f,0.9463104886892281f,-0.19382301302754762f,-1.0015318443314092f,0.9623117103676968f,-0.26990206040482245f,-0.03330240049049313f,1.500635460939358f,-0.08382764145268856f,-0.17790260477571865f,-0.9804711060212298f,1.5893877630721043f,0f,0f,0f,1f], start_interpolation: 0, interpolation_duration: 1 }
$data merge entity $(bone_right_whisker15) { transformation: [-0.9044466854555531f,0.3800116219135759f,-0.19382301302754762f,-0.7365572294518525f,0.39319989414562534f,0.9188497120669078f,-0.03330240049049313f,1.3854401794513818f,0.16543892048829498f,-0.10633143394675758f,-0.9804711060212298f,1.5409193293352992f,0f,0f,0f,1f], start_interpolation: 0, interpolation_duration: 1 }
$data merge entity $(bone_right_whisker14) { transformation: [-0.726643178149064f,-0.6591072228934761f,-0.19382301302754762f,-0.5236734858534939f,-0.6665871933821711f,0.7446827940408254f,-0.03330240049049313f,1.5807293962625646f,0.16628651559374058f,0.10500097613450425f,-0.9804711060212298f,1.4922025767199456f,0f,0f,0f,1f], start_interpolation: 0, interpolation_duration: 1 }
$data merge entity $(bone_right_whisker13) { transformation: [-0.06518704091122607f,-0.9973054145852466f,0.0336535248701737f,-0.5045757199615332f,-0.9831842668463764f,0.06995624015204925f,0.1686855710769059f,1.868771661940214f,-0.17058530746518383f,-0.02209150295335423f,-0.9850952331497043f,1.542178741016386f,0f,0f,0f,1f], start_interpolation: 0, interpolation_duration: 1 }
$data merge entity $(bone_right_whisker12) { transformation: [0.11767857900540113f,-0.9919405496175202f,0.04696485992485504f,-0.550543914885518f,-0.9214883633731812f,-0.091447832953717f,0.37748707264737535f,2.228728053882863f,-0.37014989965024375f,-0.08769971421025718f,-0.9248231246656592f,1.6867685455672625f,0f,0f,0f,1f], start_interpolation: 0, interpolation_duration: 1 }
$data merge entity $(bone_right_whisker11) { transformation: [0.310479093694698f,-0.9471928264567692f,0.08017781418419627f,-0.6718248108600094f,-0.9490359945582377f,-0.3040643565725431f,0.0829189248301126f,2.5994452392571743f,-0.05416099529528051f,-0.10183622425719656f,-0.9933257119483329f,1.7079251843544814f,0f,0f,0f,1f], start_interpolation: 0, interpolation_duration: 1 }
$data merge entity $(bone_right_whisker10) { transformation: [0.0634735896843292f,-0.9790924890294395f,0.19325889717868655f,-0.6966191818304506f,-0.9828095671046487f,-0.09496570199571584f,-0.1583252040959807f,2.983355226407428f,0.1733679849919192f,-0.17988722403383084f,-0.9682892793009968f,1.640203315217013f,0f,0f,0f,1f], start_interpolation: 0, interpolation_duration: 1 }
$data merge entity $(bone_right_whisker1) { transformation: [-0.3157720361280353f,-0.935004717004502f,0.16141313570736907f,-0.5732707302179368f,-0.9373854972421648f,0.33376247168531736f,0.09955421665890185f,3.3495214362676484f,-0.14695730930993073f,-0.1198698947769561f,-0.9818527168402329f,1.6976085141662047f,0f,0f,0f,1f], start_interpolation: 0, interpolation_duration: 1 }
$data merge entity $(bone_left_whisker16) { transformation: [0.25663947674972076f,-0.8808015891322107f,0.3979004141186602f,1.0747900402962862f,-0.9564498179446977f,-0.29068486089528467f,-0.02657174062502113f,1.5242529412275123f,0.13906805789678617f,-0.3737524210335776f,-0.9170437301701347f,1.8119506066615207f,0f,0f,0f,1f], start_interpolation: 0, interpolation_duration: 1 }
$data merge entity $(bone_left_whisker15) { transformation: [-0.8397680357615291f,-0.36941156797997177f,0.3979004141186602f,0.8287642485692757f,-0.4130397643996736f,0.9103252691345103f,-0.02657174062502113f,1.4032451977510454f,-0.35240289320305623f,-0.1866627917335425f,-0.9170437301701347f,1.7087075715434379f,0f,0f,0f,1f], start_interpolation: 0, interpolation_duration: 1 }
$data merge entity $(bone_left_whisker14) { transformation: [-0.6897018882206061f,0.604968235388544f,0.3979004141186602f,0.626703148504645f,0.6504767328924629f,0.7590612376914684f,-0.02657174062502113f,1.5938145530906342f,-0.3181058398559789f,0.24049838171007892f,-0.9170437301701347f,1.6155125012731315f,0f,0f,0f,1f], start_interpolation: 0, interpolation_duration: 1 }
$data merge entity $(bone_left_whisker13) { transformation: [-0.12194983353980943f,0.9775041168312075f,0.17208701193772113f,0.590975658209779f,0.9810556462908374f,0.09241905072414493f,0.17026020657838764f,1.881233199464903f,0.15052593457766722f,0.18959013856550794f,-0.9702564209415111f,1.6596118961689323f,0f,0f,0f,1f], start_interpolation: 0, interpolation_duration: 1 }
$data merge entity $(bone_left_whisker12) { transformation: [0.015810859575275116f,0.9897958123269668f,0.1416130877408252f,0.5971517752313709f,0.9230067619450488f,-0.06890623195675205f,0.37856366518887974f,2.2417827158496877f,0.38445875477508246f,0.12472442061409622f,-0.9146776944800122f,1.809791097252949f,0f,0f,0f,1f], start_interpolation: 0, interpolation_duration: 1 }
$data merge entity $(bone_left_whisker11) { transformation: [0.2705271426197358f,0.9538531503019599f,0.13030438505678804f,0.7028264403172052f,0.9556447498938354f,-0.2824405822361154f,0.08348909812947491f,2.6150814462769674f,0.11643958565002749f,0.1019386343107985f,-0.987952598927954f,1.8552753103974908f,0f,0f,0f,1f], start_interpolation: 0, interpolation_duration: 1 }
$data merge entity $(bone_left_whisker10) { transformation: [0.07665408089661321f,0.9968583318894101f,0.019940361695771423f,0.7327694406674448f,0.9844034733878086f,-0.0724899096299371f,-0.16029664557894396f,2.99961405306908f,-0.15834757170197902f,0.03191675335159063f,-0.9868674517844733f,1.7934207902014052f,0f,0f,0f,1f], start_interpolation: 0, interpolation_duration: 1 }
$data merge entity $(bone_left_whisker1) { transformation: [-0.3607413230837675f,0.9314232267596784f,0.04812972545487541f,0.5918548613378481f,0.9296903797152775f,0.35499247725307936f,0.09826565503056217f,3.3627743576453604f,0.07444122301948303f,0.08019422514315322f,-0.993995669290894f,1.8224993929433908f,0f,0f,0f,1f], start_interpolation: 0, interpolation_duration: 1 }
$data merge entity $(bone_upper_left_tooth1) { transformation: [-0.9989372352083135f,-0.04506841047531236f,-0.009656008057124322f,0.2808051772816631f,-0.04608445926529718f,0.9730399369166894f,0.22598562737349137f,3.490815582297701f,-0.0007891315452181955f,0.22619044971526575f,-0.9740827776575305f,2.655906908663494f,0f,0f,0f,1f], start_interpolation: 0, interpolation_duration: 1 }
$data merge entity $(bone_upper_right_tooth1) { transformation: [-0.9989372352083135f,-0.04506841047531236f,-0.009656008057124322f,-0.3045096089732081f,-0.04608445926529718f,0.9730399369166894f,0.22598562737349137f,3.463812969446941f,-0.0007891315452181955f,0.22619044971526575f,-0.9740827776575305f,2.6554445268987177f,0f,0f,0f,1f], start_interpolation: 0, interpolation_duration: 1 }
$data merge entity $(bone_top_lip1) { transformation: [-0.9989372352083135f,-0.04486774214458432f,0.01054920988593869f,0.007694879259538767f,-0.04608445926529718f,0.9761969276451241f,-0.21193343547077692f,3.5829651736159684f,-0.0007891315452181955f,-0.21219435471064677f,-0.9772271655558581f,2.6799927861500823f,0f,0f,0f,1f], start_interpolation: 0, interpolation_duration: 1 }
$data merge entity $(bone_muzzle1) { transformation: [-0.9989372352083135f,-0.04506841047531236f,-0.009656008057124322f,-0.003621786365323551f,-0.04608445926529718f,0.9730399369166894f,0.22598562737349137f,3.835844865241212f,-0.0007891315452181955f,0.22619044971526575f,-0.9740827776575305f,2.237499796529501f,0f,0f,0f,1f], start_interpolation: 0, interpolation_duration: 1 }
$data merge entity $(bone_jaw_right_tooth1) { transformation: [-0.9989372352083135f,-0.04233754686992039f,0.01821900764058758f,-0.30086977829001305f,-0.04608445926529718f,0.9242169452755945f,-0.37907685326286233f,3.384625561974149f,-0.0007891315452181955f,-0.3795135968453379f,-0.925185823000395f,2.6723573658138458f,0f,0f,0f,1f], start_interpolation: 0, interpolation_duration: 1 }
$data merge entity $(bone_jaw_left_tooth1) { transformation: [-0.9989372352083135f,-0.04233754686992039f,0.01821900764058758f,0.33322124015276405f,-0.04608445926529718f,0.9242169452755945f,-0.37907685326286233f,3.4138783925624727f,-0.0007891315452181955f,-0.3795135968453379f,-0.925185823000395f,2.6728582793923534f,0f,0f,0f,1f], start_interpolation: 0, interpolation_duration: 1 }
$data merge entity $(bone_tongue1) { transformation: [-0.9989372352083135f,-0.046024737985128863f,0.0024745924453797863f,0.01855636592433877f,-0.04608445926529718f,0.9982694769317928f,-0.036527716059864324f,3.359779019824023f,-0.0007891315452181955f,-0.03660293594406239f,-0.9993295764419659f,1.9646111116943565f,0f,0f,0f,1f], start_interpolation: 0, interpolation_duration: 1 }
$data merge entity $(bone_jaw_lips1) { transformation: [-0.9989372352083135f,-0.046024737985128863f,0.0024745924453797863f,0.0705681021982504f,-0.04608445926529718f,0.9982694769317928f,-0.036527716059864324f,3.2784564860449534f,-0.0007891315452181955f,-0.03660293594406239f,-0.9993295764419659f,2.7494865449477364f,0f,0f,0f,1f], start_interpolation: 0, interpolation_duration: 1 }
$data merge entity $(bone_jaw3) { transformation: [-0.9989372352083135f,-0.04485804187670325f,0.01059038211578938f,0.0821273533583653f,-0.04608445926529718f,0.9760020179374755f,-0.2128292357647339f,3.0406988178049694f,-0.0007891315452181955f,-0.2130911003795405f,-0.9770320159597845f,2.0017876073987035f,0f,0f,0f,1f], start_interpolation: 0, interpolation_duration: 1 }
$data merge entity $(bone_jaw1) { transformation: [-0.9989372352083135f,-0.0392079566111984f,-0.02423089459233559f,0.06319696695810312f,-0.04608445926529718f,0.8406306411793372f,0.5396446494913496f,3.4622962002200866f,-0.0007891315452181955f,0.5401878018326505f,-0.8415441260104031f,1.344331258953076f,0f,0f,0f,1f], start_interpolation: 0, interpolation_duration: 1 }
$data merge entity $(bone_tear_right1) { transformation: [-0.9989372352083135f,-0.044055335012732615f,-0.013547234820670613f,-0.5333500166898999f,-0.04608445926529718f,0.9496412809839003f,0.3099317022595175f,3.8760717775278386f,-0.0007891315452181955f,0.31022663474977935f,-0.9506623019575516f,2.1965285685857685f,0f,0f,0f,1f], start_interpolation: 0, interpolation_duration: 1 }
$data merge entity $(bone_right_pupil1) { transformation: [-0.9989372352083135f,-0.044055335012732615f,-0.013547234820670613f,-0.3758972581572597f,-0.04608445926529718f,0.9496412809839003f,0.3099317022595175f,3.9580758273272196f,-0.0007891315452181955f,0.31022663474977935f,-0.9506623019575516f,2.282654162379587f,0f,0f,0f,1f], start_interpolation: 0, interpolation_duration: 1 }
$data merge entity $(bone_right_sad_pupil1) { transformation: [-0.9989372352083135f,-0.044055335012732615f,-0.013547234820670613f,-0.3760295553723053f,-0.04608445926529718f,0.9496412809839003f,0.3099317022595175f,3.9611025041070977f,-0.0007891315452181955f,0.31022663474977935f,-0.9506623019575516f,2.2733703508370326f,0f,0f,0f,1f], start_interpolation: 0, interpolation_duration: 1 }
$data merge entity $(bone_right_happy_pupil1) { transformation: [-0.9989372352083135f,-0.044055335012732615f,-0.013547234820670613f,-0.39934180336320524f,-0.04608445926529718f,0.9496412809839003f,0.3099317022595175f,3.936793104816089f,-0.0007891315452181955f,0.31022663474977935f,-0.9506623019575516f,2.2657772896726485f,0f,0f,0f,1f], start_interpolation: 0, interpolation_duration: 1 }
$data merge entity $(bone_eyelid_right1) { transformation: [-0.9989372352083135f,-0.044055335012732615f,-0.013547234820670613f,-0.004915976704905718f,-0.04608445926529718f,0.9496412809839003f,0.3099317022595175f,4.083393830908592f,-0.0007891315452181955f,0.31022663474977935f,-0.9506623019575516f,1.7943286840217654f,0f,0f,0f,1f], start_interpolation: 0, interpolation_duration: 1 }
$data merge entity $(bone_eyelid_expressions_right5) { transformation: [-0.9989372352083135f,-0.044055335012732615f,-0.013547234820670613f,-0.49251685604644024f,-0.04608445926529718f,0.9496412809839003f,0.3099317022595175f,4.048665424058179f,-0.0007891315452181955f,0.31022663474977935f,-0.9506623019575516f,2.303577297711837f,0f,0f,0f,1f], start_interpolation: 0, interpolation_duration: 1 }
$data merge entity $(bone_eyelid_expressions_right7) { transformation: [-0.9989372352083135f,-0.044055335012732615f,-0.013547234820670613f,-0.19985946291900467f,-0.04608445926529718f,0.9496412809839003f,0.3099317022595175f,4.062166730483559f,-0.0007891315452181955f,0.31022663474977935f,-0.9506623019575516f,2.3038084885942256f,0f,0f,0f,1f], start_interpolation: 0, interpolation_duration: 1 }
$data merge entity $(bone_eyelid_expressions_right6) { transformation: [-0.9989372352083135f,-0.044055335012732615f,-0.013547234820670613f,-0.2974119272948165f,-0.04608445926529718f,0.9496412809839003f,0.3099317022595175f,4.057666295008433f,-0.0007891315452181955f,0.31022663474977935f,-0.9506623019575516f,2.303731424966763f,0f,0f,0f,1f], start_interpolation: 0, interpolation_duration: 1 }
$data merge entity $(bone_right_eye1) { transformation: [-0.9989372352083135f,-0.044055335012732615f,-0.013547234820670613f,-0.014538925927441292f,-0.04608445926529718f,0.9496412809839003f,0.3099317022595175f,4.079917110581201f,-0.0007891315452181955f,0.31022663474977935f,-0.9506623019575516f,1.8036047892015734f,0f,0f,0f,1f], start_interpolation: 0, interpolation_duration: 1 }
$data merge entity $(bone_tear_left1) { transformation: [-0.9989372352083135f,-0.044055335012732615f,-0.013547234820670613f,0.5202165985688683f,-0.04608445926529718f,0.9496412809839003f,0.3099317022595175f,3.924676480659207f,-0.0007891315452181955f,0.31022663474977935f,-0.9506623019575516f,2.197360855762366f,0f,0f,0f,1f], start_interpolation: 0, interpolation_duration: 1 }
$data merge entity $(bone_left_sad_pupil1) { transformation: [-0.9989372352083135f,-0.044055335012732615f,-0.013547234820670613f,0.3556139274462836f,-0.04608445926529718f,0.9496412809839003f,0.3099317022595175f,3.9948557701705476f,-0.0007891315452181955f,0.31022663474977935f,-0.9506623019575516f,2.2739483280430033f,0f,0f,0f,1f], start_interpolation: 0, interpolation_duration: 1 }
$data merge entity $(bone_left_pupil1) { transformation: [-0.9989372352083135f,-0.044055335012732615f,-0.013547234820670613f,0.3557462246613292f,-0.04608445926529718f,0.9496412809839003f,0.3099317022595175f,3.9918290933906695f,-0.0007891315452181955f,0.31022663474977935f,-0.9506623019575516f,2.2832321395855573f,0f,0f,0f,1f], start_interpolation: 0, interpolation_duration: 1 }
$data merge entity $(bone_eyelid_left1) { transformation: [-0.9989372352083135f,-0.044055335012732615f,-0.013547234820670613f,-0.02442646958006809f,-0.04608445926529718f,0.9496412809839003f,0.3099317022595175f,4.082493743813567f,-0.0007891315452181955f,0.31022663474977935f,-0.9506623019575516f,1.7943132712962728f,0f,0f,0f,1f], start_interpolation: 0, interpolation_duration: 1 }
$data merge entity $(bone_left_happy_pupil1) { transformation: [-0.9989372352083135f,-0.044055335012732615f,-0.013547234820670613f,0.38107791164328964f,-0.04608445926529718f,0.9496412809839003f,0.3099317022595175f,3.9727965886171024f,-0.0007891315452181955f,0.31022663474977935f,-0.9506623019575516f,2.26639379869235f,0f,0f,0f,1f], start_interpolation: 0, interpolation_duration: 1 }
$data merge entity $(bone_eyelid_expressions_left5) { transformation: [-0.9989372352083135f,-0.044055335012732615f,-0.013547234820670613f,0.463497294836516f,-0.04608445926529718f,0.9496412809839003f,0.3099317022595175f,4.092769691714421f,-0.0007891315452181955f,0.31022663474977935f,-0.9506623019575516f,2.3043325212609718f,0f,0f,0f,1f], start_interpolation: 0, interpolation_duration: 1 }
$data merge entity $(bone_eyelid_expressions_left7) { transformation: [-0.9989372352083135f,-0.044055335012732615f,-0.013547234820670613f,0.17083990170908045f,-0.04608445926529718f,0.9496412809839003f,0.3099317022595175f,4.0792683852890415f,-0.0007891315452181955f,0.31022663474977935f,-0.9506623019575516f,2.3041013303785842f,0f,0f,0f,1f], start_interpolation: 0, interpolation_duration: 1 }
$data merge entity $(bone_eyelid_expressions_left6) { transformation: [-0.9989372352083135f,-0.044055335012732615f,-0.013547234820670613f,0.2683923660848923f,-0.04608445926529718f,0.9496412809839003f,0.3099317022595175f,4.083768820764168f,-0.0007891315452181955f,0.31022663474977935f,-0.9506623019575516f,2.3041783940060467f,0f,0f,0f,1f], start_interpolation: 0, interpolation_duration: 1 }
$data merge entity $(bone_left_eye1) { transformation: [-0.9989372352083135f,-0.044055335012732615f,-0.013547234820670613f,-0.014538925927441292f,-0.04608445926529718f,0.9496412809839003f,0.3099317022595175f,4.079917110581201f,-0.0007891315452181955f,0.31022663474977935f,-0.9506623019575516f,1.8036047892015734f,0f,0f,0f,1f], start_interpolation: 0, interpolation_duration: 1 }
$data merge entity $(bone_crest_middle5) { transformation: [-0.9989372352083135f,-0.04594320593977662f,-0.0036907915608672126f,-0.06200757014653749f,-0.04608445926529718f,0.9942124888050696f,0.09704509116001009f,5.0957086485958945f,-0.0007891315452181955f,0.09711204318726291f,-0.9952731425791611f,2.571528037627519f,0f,0f,0f,1f], start_interpolation: 0, interpolation_duration: 1 }
$data merge entity $(bone_crest_middle4) { transformation: [-0.9989372352083135f,-0.04594320593977662f,-0.0036907915608672126f,-0.035087722916199625f,-0.04608445926529718f,0.9942124888050696f,0.09704509116001009f,4.513162268436674f,-0.0007891315452181955f,0.09711204318726291f,-0.9952731425791611f,2.514626449822482f,0f,0f,0f,1f], start_interpolation: 0, interpolation_duration: 1 }
$data merge entity $(bone_crest_middle1) { transformation: [-0.9989372352083135f,-0.04594320593977662f,-0.0036907915608672126f,-0.014627514692549411f,-0.04608445926529718f,0.9942124888050696f,0.09704509116001009f,4.069144658227971f,-0.0007891315452181955f,0.09711204318726291f,-0.9952731425791611f,2.5448465521140586f,0f,0f,0f,1f], start_interpolation: 0, interpolation_duration: 1 }
$data merge entity $(bone_crest_left5) { transformation: [-0.49957269254832626f,-0.8605241318144428f,0.09962601781168857f,-0.9956937652101088f,-0.8256804948867319f,0.5077961790852614f,0.2457534554589433f,4.495244235661989f,-0.26206649008146227f,0.04051245575633021f,-0.9641990954699002f,2.4794731142139064f,0f,0f,0f,1f], start_interpolation: 0, interpolation_duration: 1 }
$data merge entity $(bone_crest_left4) { transformation: [-0.49957269254832626f,-0.8605241318144428f,0.09962601781168857f,-0.575515966472588f,-0.8256804948867319f,0.5077961790852614f,0.2457534554589433f,4.247296882593014f,-0.26206649008146227f,0.04051245575633021f,-0.9641990954699002f,2.4596916416766357f,0f,0f,0f,1f], start_interpolation: 0, interpolation_duration: 1 }
$data merge entity $(bone_crest_left1) { transformation: [-0.49957269254832626f,-0.8605241318144428f,0.09962601781168857f,-0.10845583621035365f,-0.8256804948867319f,0.5077961790852614f,0.2457534554589433f,3.9865544746594725f,-0.26206649008146227f,0.04051245575633021f,-0.9641990954699002f,2.390851987927147f,0f,0f,0f,1f], start_interpolation: 0, interpolation_duration: 1 }
$data merge entity $(bone_crest_center1) { transformation: [-0.9989372352083135f,-0.044055335012732615f,-0.013547234820670613f,-0.009827815899374683f,-0.04608445926529718f,0.9496412809839003f,0.3099317022595175f,3.9678706053109787f,-0.0007891315452181955f,0.31022663474977935f,-0.9506623019575516f,2.383355256050487f,0f,0f,0f,1f], start_interpolation: 0, interpolation_duration: 1 }
$data merge entity $(bone_crest_right5) { transformation: [-0.5738844779326454f,0.8100507812716773f,-0.12030934190294586f,0.9231420490162783f,0.7761581710584932f,0.5848656273130974f,0.23560707011206622f,4.583766825271005f,0.2612184899411026f,0.041832161655861996f,-0.9643728380476545f,2.4809889390502735f,0f,0f,0f,1f], start_interpolation: 0, interpolation_duration: 1 }
$data merge entity $(bone_crest_right4) { transformation: [-0.5738844779326454f,0.8100507812716773f,-0.12030934190294586f,0.5276094409734672f,0.7761581710584932f,0.5848656273130974f,0.23560707011206622f,4.298187905684531f,0.2612184899411026f,0.041832161655861996f,-0.9643728380476545f,2.460563078866747f,0f,0f,0f,1f], start_interpolation: 0, interpolation_duration: 1 }
$data merge entity $(bone_crest_right1) { transformation: [-0.5738844779326454f,0.8100507812716773f,-0.12030934190294586f,0.08664909254127008f,0.7761581710584932f,0.5848656273130974f,0.23560707011206622f,3.995555345609726f,0.2612184899411026f,0.041832161655861996f,-0.9643728380476545f,2.3910061151820723f,0f,0f,0f,1f], start_interpolation: 0, interpolation_duration: 1 }
$data merge entity $(bone_head1) { transformation: [-0.9989372352083135f,-0.044055335012732615f,-0.013547234820670613f,-0.019664133350031338f,-0.04608445926529718f,0.9496412809839003f,0.3099317022595175f,4.200015130301455f,-0.0007891315452181955f,0.31022663474977935f,-0.9506623019575516f,1.2778473694612f,0f,0f,0f,1f], start_interpolation: 0, interpolation_duration: 1 }
$data merge entity $(bone_neck10) { transformation: [-1.299893288811565f,-0.05699248563740425f,0.04950051745151091f,0.032702731025391465f,-0.037420855579815275f,1.2280348342230198f,0.431220514872564f,4.138849296881251f,-0.06556008095458449f,0.42907261560271465f,-1.2276072553017587f,0.27445541537788243f,0f,0f,0f,1f], start_interpolation: 0, interpolation_duration: 1 }
$data merge entity $(bone_neck9) { transformation: [-0.9983180458072821f,-0.04623816830698904f,0.03497300683590037f,0.08969586428446447f,-0.028739217085298134f,0.9186065482437515f,0.39412696802556435f,2.9534050965705516f,-0.05035014217312089f,0.3924589676836481f,-0.9183903428650759f,-0.1789402299790403f,0f,0f,0f,1f], start_interpolation: 0, interpolation_duration: 1 }
$data merge entity $(bone_neck8) { transformation: [-0.9983268660343573f,-0.01908424540352634f,0.05458259916306904f,0.09995206162930574f,-0.028289591559571177f,0.9844786177679172f,-0.17320955564622775f,2.316544277677158f,-0.050429828112050115f,-0.17446387229208524f,-0.9833713386617692f,-0.02471612521306682f,0f,0f,0f,1f], start_interpolation: 0, interpolation_duration: 1 }
$data merge entity $(bone_neck7) { transformation: [-0.9979915879612645f,0.026302707969273302f,0.05762775296709621f,0.07720423894080952f,-1.734723475976807e-18f,0.9097214819103211f,-0.41521900889878516f,1.5834462005579617f,-0.06334658916274451f,-0.4143850780426011f,-0.9078943863341561f,0.3336636389953783f,0f,0f,0f,1f], start_interpolation: 0, interpolation_duration: 1 }
$data merge entity $(bone_neck6) { transformation: [-0.9979915879612645f,0.01639530371760322f,0.06118810647961813f,0.06470450739945982f,-1.734723475976807e-18f,0.9659258262890684f,-0.25881904510252063f,0.8125436272694371f,-0.06334658916274451f,-0.2582992298164828f,-0.9639858492310239f,0.5305902153891345f,0f,0f,0f,1f], start_interpolation: 0, interpolation_duration: 1 }
$data merge entity $(bone_neck_spine6) { transformation: [-1.060767874651197f,0.277676873563089f,0.15036205476639414f,0.09776261007045131f,0.14117285487906206f,-0.0543892480232276f,1.0963821013962807f,0.5814181085789694f,0.2824595876769614f,1.0699902060790356f,0.016709809743525088f,-1.8127079994784743f,0f,0f,0f,1f], start_interpolation: 0, interpolation_duration: 1 }
$data merge entity $(bone_neck_spine7) { transformation: [-0.9329195910489736f,0.3600672061073509f,-0.0035558013249316067f,-0.885497336745843f,0.1052195610793631f,0.2820369591560425f,0.9536162737895568f,0.7811501137453909f,0.34436881479495496f,0.8892731643067044f,-0.3010039179822389f,-4.840972612969891f,0f,0f,0f,1f], start_interpolation: 0, interpolation_duration: 1 }
$data merge entity $(bone_tail6) { transformation: [-1.4088940560347958f,0.34225837451067936f,0.374260638634571f,-1.6705713947263678f,0.48611753582772144f,0.5963459021484458f,1.2846227415220266f,-0.6960099367221257f,0.14457372484180256f,1.3301973732315409f,-0.6722110293779046f,-7.885274540416202f,0f,0f,0f,1f], start_interpolation: 0, interpolation_duration: 1 }
$data merge entity $(bone_tail5) { transformation: [-1.1638690028113532f,0.2827351789436047f,0.30917183191551517f,-1.4920018080251436f,0.40157535568376995f,0.49263357134002056f,1.061210090822544f,-0.38487294429684926f,0.11943046834757604f,1.0988586996260556f,-0.5553047633991386f,-7.191258519599746f,0f,0f,0f,1f], start_interpolation: 0, interpolation_duration: 1 }
$data merge entity $(bone_tail4) { transformation: [-0.9408962043780201f,0.22856907097756676f,0.24994101780117436f,-1.4027170146745316f,0.324641971752774f,0.39825535030435344f,0.8579045786860143f,-0.22930444808421122f,0.09655010493782988f,0.8883405066450638f,-0.4489200613584615f,-6.844250509191518f,0f,0f,0f,1f], start_interpolation: 0, interpolation_duration: 1 }
$data merge entity $(bone_segment18) { transformation: [-0.9408962043780201f,0.22856907097756676f,0.24994101780117436f,-1.2911110229862666f,0.324641971752774f,0.39825535030435344f,0.8579045786860143f,-0.034843827818413636f,0.09655010493782988f,0.8883405066450638f,-0.4489200613584615f,-6.410490496181233f,0f,0f,0f,1f], start_interpolation: 0, interpolation_duration: 1 }
$data merge entity $(bone_segment17) { transformation: [-0.9408962043780201f,0.22856907097756676f,0.24994101780117436f,-1.146023233791522f,0.324641971752774f,0.39825535030435344f,0.8579045786860143f,0.21795497852712323f,0.09655010493782988f,0.8883405066450638f,-0.4489200613584615f,-5.846602479267863f,0f,0f,0f,1f], start_interpolation: 0, interpolation_duration: 1 }
$data merge entity $(bone_segment16) { transformation: [-0.9835435732224329f,0.16905393394632842f,0.06374015210304325f,-1.0056952612774799f,0.09805115749640197f,0.20313057250975886f,0.9742299220540669f,0.3865692232862004f,0.1517498273029146f,0.9644473743699693f,-0.21636370301972413f,-5.0460358110896655f,0f,0f,0f,1f], start_interpolation: 0, interpolation_duration: 1 }
$data merge entity $(bone_segment15) { transformation: [-0.9329195910489736f,0.3487185226823322f,0.08975761012453275f,-0.6481225573551666f,0.1052195610793631f,0.025612729440419535f,0.9941191236752656f,0.4128322759350681f,0.34436881479495496f,0.9368774626539285f,-0.06058662697208275f,-4.08537044411054f,0f,0f,0f,1f], start_interpolation: 0, interpolation_duration: 1 }
$data merge entity $(bone_segment14) { transformation: [-0.9278032259715485f,0.33670159624012735f,0.16066489649621063f,-0.3028718971480049f,0.10236923641246229f,-0.18435790915221467f,0.9775135297116624f,0.22379340424578553f,0.35875021019243614f,0.9233873490699196f,0.13657997753883572f,-3.1385377131306424f,0f,0f,0f,1f], start_interpolation: 0, interpolation_duration: 1 }
$data merge entity $(bone_segment13) { transformation: [-0.9584349738024932f,0.22348641079718956f,0.17735902903772358f,-0.06712860329463113f,0.12755382652602312f,-0.2204139282683924f,0.9670303622761103f,-0.03658820776829502f,0.2552105451010663f,0.9494585427570208f,0.1827458706918733f,-2.1230730561539777f,0f,0f,0f,1f], start_interpolation: 0, interpolation_duration: 1 }
$data merge entity $(bone_segment12) { transformation: [-0.9844568839156798f,0.10623213481672436f,0.1398548434746229f,0.05736217969371775f,0.13566905049395306f,-0.045692474049487675f,0.9897000083627896f,-0.0901340757950384f,0.11152825852266844f,0.9932909600653366f,0.030569857758626306f,-0.9590602123274112f,0f,0f,0f,1f], start_interpolation: 0, interpolation_duration: 1 }
$data merge entity $(bone_segment11) { transformation: [-1.0314483467886386f,0.017060401474587237f,0.08585867761952184f,0.08304937276942133f,0.08578287834578044f,0.3992437546553789f,0.9512066989174596f,0.3707596272088687f,-0.0174375343371737f,0.9549145663274092f,-0.3992274606362121f,0.1445979516507559f,0f,0f,0f,1f], start_interpolation: 0, interpolation_duration: 1 }
$data merge entity $(bone_segment10) { transformation: [-0.9979284700349448f,-0.030378565861776584f,0.05670900660297318f,0.05953867364234132f,0.002575040469854898f,0.8619200598495791f,0.5070376510629919f,1.1661719576638703f,-0.06428170704246243f,0.5061333353624118f,-0.8600563405816084f,0.6119751597492112f,0f,0f,0f,1f], start_interpolation: 0, interpolation_duration: 1 }