# This file was generated by Animated Java via MC-Build. It is not recommended to edit this file directly.
$data merge entity $(bone_neck_spine5) { transformation: [-1.5580581498930541f,-0.00776335494595484f,-0.21074564628589126f,0.08090973261159834f,-0.03619901163264893f,1.5577253665839885f,0.21023917193101807f,4.2819691140281355f,0.20775858265134123f,0.21319148242226768f,-1.5438280210936526f,-0.6179869375961621f,0f,0f,0f,1f], start_interpolation: 0, interpolation_duration: 1 }
$data merge entity $(bone_neck_spine2) { transformation: [-1.4838649046600512f,-0.024852617549900115f,-0.1993027190059462f,0.16126325006261444f,-0.03447524917395135f,1.4953515224696583f,0.0702108476383609f,5.739603800273436f,0.1978653168108011f,0.07416504117589093f,-1.4824112603305357f,1.0884801688832244f,0f,0f,0f,1f], start_interpolation: 0, interpolation_duration: 1 }
$data merge entity $(bone_scale_neck_left1) { transformation: [-1.576242534372071f,0.46168642034409785f,-0.12393628582395144f,0.9507651767275085f,0.38284614905313114f,1.4749393687613734f,0.6253301251904168f,4.858772114810973f,0.28625754108699214f,0.5696091542323805f,-1.5187682879304445f,0.906514531036536f,0f,0f,0f,1f], start_interpolation: 0, interpolation_duration: 1 }
$data merge entity $(bone_scale_neck_right1) { transformation: [-1.5770250207251693f,-0.36320120368792125f,-0.30680946935206616f,-0.607292973165545f,-0.45610732285184613f,1.45577441224161f,0.6210813566202013f,4.822573103178325f,0.1342135421087347f,0.6796034337316971f,-1.4943831432441903f,1.1142731136878772f,0f,0f,0f,1f], start_interpolation: 0, interpolation_duration: 1 }
$data merge entity $(bone_blush_right1) { transformation: [-0.9978982904498257f,-0.002036536947552438f,-0.064767695918385f,-0.3665122514502841f,-0.010653163007826509f,0.9910622324786934f,0.13297428876394538f,4.456194098626168f,0.06391801025723344f,0.13338479625358263f,-0.9890010030799496f,2.4506336110165874f,0f,0f,0f,1f], start_interpolation: 0, interpolation_duration: 1 }
$data merge entity $(bone_blush_left1) { transformation: [-0.9978982904498257f,-0.002036536947552438f,-0.064767695918385f,0.9558978854055884f,-0.010653163007826509f,0.9910622324786934f,0.13297428876394538f,4.470311620307438f,0.06391801025723344f,0.13338479625358263f,-0.9890010030799496f,2.3659297634393748f,0f,0f,0f,1f], start_interpolation: 0, interpolation_duration: 1 }
$data merge entity $(bone_left_head_scales) { transformation: [-0.8552402002662803f,-0.002036536947552438f,-0.5182277996844185f,0.9401601133008304f,-0.07085016442822233f,0.9910622324786934f,0.11303055142235797f,5.246155059154998f,0.513365809193587f,0.13338479625358263f,-0.8477405511590229f,2.0738371602576513f,0f,0f,0f,1f], start_interpolation: 0, interpolation_duration: 1 }
$data merge entity $(bone_left_head_scales2) { transformation: [-0.7802812003989293f,-0.002036536947552438f,-0.625425535792445f,0.9529003882399609f,-0.08499747893154368f,0.9910622324786934f,0.10281575720496465f,4.333347130744667f,0.619626239663305f,0.13338479625358263f,-0.7734803289348107f,2.1206034302556933f,0f,0f,0f,1f], start_interpolation: 0, interpolation_duration: 1 }
$data merge entity $(bone_left_head_scales1) { transformation: [-0.9978982904498257f,-0.002036536947552438f,-0.064767695918385f,0.9403888259463075f,-0.010653163007826509f,0.9910622324786934f,0.13297428876394538f,5.134854124843426f,0.06391801025723344f,0.13338479625358263f,-0.9890010030799496f,2.0588574223971414f,0f,0f,0f,1f], start_interpolation: 0, interpolation_duration: 1 }
$data merge entity $(bone_right_head_scales) { transformation: [-0.9150529878117656f,-0.002036536947552438f,0.40332850384521773f,-0.4046637546881926f,0.05195122243711113f,0.9910622324786934f,0.12286871791321928f,5.231798257445232f,-0.3999738741268615f,0.13338479625358263f,-0.9067686563530634f,2.159976666268376f,0f,0f,0f,1f], start_interpolation: 0, interpolation_duration: 1 }
$data merge entity $(bone_right_head_scales2) { transformation: [-0.8545796488300003f,-0.002036536947552438f,0.5193163547615793f,-0.39192347974906205f,0.06754435841953378f,0.9910622324786934f,0.11503656375275649f,4.318990329034901f,-0.51490910212511f,0.13338479625358263f,-0.8468040580187979f,2.206742936266418f,0f,0f,0f,1f], start_interpolation: 0, interpolation_duration: 1 }
$data merge entity $(bone_right_head_scales1) { transformation: [-0.9978982904498257f,-0.002036536947552438f,-0.064767695918385f,-0.4044350420427155f,-0.010653163007826509f,0.9910622324786934f,0.13297428876394538f,5.12049732313366f,0.06391801025723344f,0.13338479625358263f,-0.9890010030799496f,2.144996928407866f,0f,0f,0f,1f], start_interpolation: 0, interpolation_duration: 1 }
$data merge entity $(bone_head_left_fin1) { transformation: [-0.6805333766928819f,-0.002886645495991121f,-0.7972083720771741f,0.9357912340231997f,0.1607566785403825f,1.0261418250808252f,-0.14094482306786302f,4.7286761565092625f,0.7808372503517117f,-0.213775162548757f,-0.6657841740125732f,1.9193817223365666f,0f,0f,0f,1f], start_interpolation: 0, interpolation_duration: 1 }
$data merge entity $(bone_head_right_fin1) { transformation: [-0.7710096551633413f,-0.04622568869269885f,0.7085777976870041f,-0.40903263396582323f,-0.1762527713578865f,1.0256791547904796f,-0.12486965220631414f,4.714319354799496f,-0.6878621011937959f,-0.2109991828381022f,-0.7622337388282435f,2.005521228347291f,0f,0f,0f,1f], start_interpolation: 0, interpolation_duration: 1 }
$data merge entity $(bone_right_whisker16) { transformation: [0.2657497559686093f,0.9225481030489312f,-0.2797893221040496f,-0.9340324857144202f,0.9119595479076236f,-0.3346748576423346f,-0.23732366641826036f,2.051616318794521f,-0.3125809498078013f,-0.19208783725916123f,-0.9302663127268186f,2.5540778897408023f,0f,0f,0f,1f], start_interpolation: 0, interpolation_duration: 1 }
$data merge entity $(bone_right_whisker15) { transformation: [-0.8799682724080289f,0.3838929209972303f,-0.2797893221040496f,-0.6375588001863246f,0.4508462750876058f,0.860473772753955f,-0.23732366641826036f,1.8997198686917631f,0.14964449804406488f,-0.3349792704195128f,-0.9302663127268186f,2.503660553974003f,0f,0f,0f,1f], start_interpolation: 0, interpolation_duration: 1 }
$data merge entity $(bone_right_whisker14) { transformation: [-0.7198158053600826f,-0.6352819386621756f,-0.2797893221040496f,-0.39504273295075026f,-0.5893182116979212f,0.7722574199831027f,-0.23732366641826036f,2.0982694615001445f,0.36683681891950237f,-0.005944383119335393f,-0.9302663127268186f,2.380068071037257f,0f,0f,0f,1f], start_interpolation: 0, interpolation_duration: 1 }
$data merge entity $(bone_right_whisker13) { transformation: [-0.09570893090231153f,-0.994133264489033f,-0.0503870318823718f,-0.3627970482229207f,-0.9939551055901916f,0.09818181139316755f,-0.04912819946576075f,2.4331469140671524f,0.053787067374301445f,0.045380440146995646f,-0.997520710078411f,2.36194645165822f,0f,0f,0f,1f], start_interpolation: 0, interpolation_duration: 1 }
$data merge entity $(bone_right_whisker12) { transformation: [0.06986868307862715f,-0.9971496385896831f,-0.028477453982459492f,-0.39418337069964776f,-0.9831727670397089f,-0.0736634614351295f,0.16716759435033351f,2.8748065555107716f,-0.16878885412354952f,0.01631847755950061f,-0.9855171383663499f,2.437769569721533f,0f,0f,0f,1f], start_interpolation: 0, interpolation_duration: 1 }
$data merge entity $(bone_right_whisker11) { transformation: [0.2892384661975044f,-0.9572373233265119f,-0.00614951237175497f,-0.524114712936808f,-0.9485750605569793f,-0.28574600254318583f,-0.13621518461578752f,3.3009242584953524f,0.12863306014022408f,0.04523194514151348f,-0.9906601874395058f,2.3799851872366666f,0f,0f,0f,1f], start_interpolation: 0, interpolation_duration: 1 }
$data merge entity $(bone_right_whisker10) { transformation: [0.06268469310837971f,-0.9925150122699955f,0.10480734548970912f,-0.5522738524190879f,-0.9238453500590645f,-0.09743542400703663f,-0.37015686853388796f,3.7159329118421978f,0.37759819706157643f,-0.07362260907669613f,-0.9230380886012164f,2.2103609971504117f,0f,0f,0f,1f], start_interpolation: 0, interpolation_duration: 1 }
$data merge entity $(bone_right_whisker1) { transformation: [-0.34247828876660935f,-0.9364438430018811f,0.0760365085163926f,-0.3984261836372126f,-0.9354504283003577f,0.33234439918351094f,-0.12033161065999615f,4.136154783930249f,0.08741348818216027f,-0.11233934856148864f,-0.989817535128878f,2.1710932192560817f,0f,0f,0f,1f], start_interpolation: 0, interpolation_duration: 1 }
$data merge entity $(bone_left_whisker16) { transformation: [0.25248486564445793f,-0.9148050878723026f,0.31525076339867675f,1.467121329297512f,-0.9122420424341241f,-0.3336732992785422f,-0.23764802831959306f,2.050307427451223f,0.32259238775290017f,-0.2275824697807829f,-0.9187711199272435f,2.60046422020403f,0f,0f,0f,1f], start_interpolation: 0, interpolation_duration: 1 }
$data merge entity $(bone_left_whisker15) { transformation: [-0.8740229154238491f,-0.36973084736135586f,0.31525076339867675f,1.1726507181439692f,-0.4498901581293249f,0.860884580100132f,-0.23764802831959306f,1.898733106597105f,-0.18352871419035732f,-0.34953803835244107f,-0.9187711199272435f,2.5386308155207553f,0f,0f,0f,1f], start_interpolation: 0, interpolation_duration: 1 }
$data merge entity $(bone_left_whisker14) { transformation: [-0.7044679913092212f,0.6358787662733378f,0.31525076339867675f,0.9353055452907652f,0.5900946020816628f,0.7715644984250466f,-0.23764802831959306f,2.0975442762437586f,-0.394351632194967f,0.018612344634782063f,-0.9187711199272435f,2.4057682050644433f,0f,0f,0f,1f], start_interpolation: 0, interpolation_duration: 1 }
$data merge entity $(bone_left_whisker13) { transformation: [-0.09247686108348183f,0.9917452363723076f,0.088822386237828f,0.9041487903358811f,0.9940576874208605f,0.09709929049743495f,-0.049204083818168265f,2.432456290072076f,-0.057422506420714114f,0.08374433663078502f,-0.9948314137775468f,2.386421755147308f,0f,0f,0f,1f], start_interpolation: 0, interpolation_duration: 1 }
$data merge entity $(bone_left_whisker12) { transformation: [0.0643689747573031f,0.9956945182531051f,0.06670128491573962f,0.9330645407151383f,0.9830995928402104f,-0.07474977937491545f,0.16711571153190222f,2.8740830602932643f,0.17138210421775738f,0.05481693902543669f,-0.9836784421495548f,2.463409809776379f,0f,0f,0f,1f], start_interpolation: 0, interpolation_duration: 1 }
$data merge entity $(bone_left_whisker11) { transformation: [0.29502435773955477f,0.9544641721013891f,0.044258022043162704f,1.065595013918454f,0.9482565734414596f,-0.2867880888613097f,-0.1362426622330148f,3.3000576928939203f,-0.11734606625458305f,0.08216286425196823f,-0.989686397033165f,2.410695756576078f,0f,0f,0f,1f], start_interpolation: 0, interpolation_duration: 1 }
$data merge entity $(bone_left_whisker10) { transformation: [0.07822840456280529f,0.9945111751150375f,-0.06948265460433577f,1.1007366800306517f,0.9237685370150411f,-0.09851857051739929f,-0.37006186142900355f,3.7150318403811458f,-0.3748759884823895f,-0.03523654118263582f,-0.9264050838725119f,2.2422944336250046f,0f,0f,0f,1f], start_interpolation: 0, interpolation_duration: 1 }
$data merge entity $(bone_left_whisker1) { transformation: [-0.3378269833274459f,0.9404455825163345f,-0.037881864544791755f,0.9489784648640257f,0.9358212690502825f,0.331321289249433f,-0.12026951269217329f,4.135420301087327f,-0.10055586372259359f,-0.07608094121135672f,-0.9920182501624641f,2.197122854218371f,0f,0f,0f,1f], start_interpolation: 0, interpolation_duration: 1 }
$data merge entity $(bone_upper_left_tooth1) { transformation: [-0.9978982904498257f,-0.007673663953440999f,-0.06434373939121654f,0.6514768649261198f,-0.010653163007826509f,0.9988804143778066f,0.04609151646833033f,4.460498561035139f,0.06391801025723344f,0.04668010983225475f,-0.99686280666439f,3.1462163957328007f,0f,0f,0f,1f], start_interpolation: 0, interpolation_duration: 1 }
$data merge entity $(bone_upper_right_tooth1) { transformation: [-0.9978982904498257f,-0.007673663953440999f,-0.06434373939121654f,-0.02093506906839171f,-0.010653163007826509f,0.9988804143778066f,0.04609151646833033f,4.4533201601802554f,0.06391801025723344f,0.04668010983225475f,-0.99686280666439f,3.189286148738163f,0f,0f,0f,1f], start_interpolation: 0, interpolation_duration: 1 }
$data merge entity $(bone_top_lip1) { transformation: [-0.9978982904498257f,-0.039267843924926875f,-0.05154646787901878f,0.3423404531895018f,-0.010653163007826509f,0.88406608920475f,-0.4672404734568143f,4.580605312537024f,0.06391801025723344f,-0.4657093367667291f,-0.8826263658043814f,3.1717233108849516f,0f,0f,0f,1f], start_interpolation: 0, interpolation_duration: 1 }
$data merge entity $(bone_muzzle1) { transformation: [-0.9978982904498257f,-0.007673663953440999f,-0.06434373939121654f,0.3049172528165349f,-0.010653163007826509f,0.9988804143778066f,0.04609151646833033f,4.774755208483764f,0.06391801025723344f,0.04668010983225475f,-0.99686280666439f,2.619825073691631f,0f,0f,0f,1f], start_interpolation: 0, interpolation_duration: 1 }
$data merge entity $(bone_jaw_right_tooth1) { transformation: [-0.9978982904498257f,-0.039778295790209243f,-0.05115358346530329f,-0.015801394495068066f,-0.010653163007826509f,0.8793778579564973f,-0.4760053498163347f,4.25281031634149f,0.06391801025723344f,-0.4744599773636011f,-0.8779534257834452f,3.2360150912903007f,0f,0f,0f,1f], start_interpolation: 0, interpolation_duration: 1 }
$data merge entity $(bone_jaw_left_tooth1) { transformation: [-0.9978982904498257f,-0.039778295790209243f,-0.05115358346530329f,0.7126448673323194f,-0.010653163007826509f,0.8793778579564973f,-0.4760053498163347f,4.260586917267614f,0.06391801025723344f,-0.4744599773636011f,-0.8779534257834452f,3.189356192201158f,0f,0f,0f,1f], start_interpolation: 0, interpolation_duration: 1 }
$data merge entity $(bone_tongue1) { transformation: [-0.9978982904498257f,-0.01179071380850968f,-0.06371798007784732f,0.29763191377426834f,-0.010653163007826509f,0.9997782784260242f,-0.018163262521479873f,4.238092607510475f,0.06391801025723344f,-0.017446290590877156f,-0.99780264326638f,2.4166400638371037f,0f,0f,0f,1f], start_interpolation: 0, interpolation_duration: 1 }
$data merge entity $(bone_jaw_lips1) { transformation: [-0.9978982904498257f,-0.01179071380850968f,-0.06371798007784732f,0.41243563539016403f,-0.010653163007826509f,0.9997782784260242f,-0.018163262521479873f,4.125887967851565f,0.06391801025723344f,-0.017446290590877156f,-0.99780264326638f,3.3117674190379693f,0f,0f,0f,1f], start_interpolation: 0, interpolation_duration: 1 }
$data merge entity $(bone_jaw3) { transformation: [-0.9978982904498257f,-0.030291247545927803f,-0.05728387416565374f,0.3635210523975996f,-0.010653163007826509f,0.948675593898143f,-0.3160713964596202f,3.762011694580878f,0.06391801025723344f,-0.3147968517379373f,-0.9470044509402473f,2.48745809232177f,0f,0f,0f,1f], start_interpolation: 0, interpolation_duration: 1 }
$data merge entity $(bone_jaw1) { transformation: [-0.9978982904498257f,0.01908666932484473f,-0.06192496242549656f,0.30788534396844247f,-0.010653163007826509f,0.8943111733672514f,0.4473187178158532f,4.163899605118559f,0.06391801025723344f,0.44703828051362043f,-0.8922282576337637f,1.6858467671039352f,0f,0f,0f,1f], start_interpolation: 0, interpolation_duration: 1 }
$data merge entity $(bone_tear_right1) { transformation: [-0.9978982904498257f,-0.002036536947552438f,-0.064767695918385f,-0.30473207361138954f,-0.010653163007826509f,0.9910622324786934f,0.13297428876394538f,4.832905296437257f,0.06391801025723344f,0.13338479625358263f,-0.9890010030799496f,2.599436051173864f,0f,0f,0f,1f], start_interpolation: 0, interpolation_duration: 1 }
$data merge entity $(bone_right_pupil1) { transformation: [-0.9978982904498257f,-0.002036536947552438f,-0.064767695918385f,-0.11568363351794847f,-0.010653163007826509f,0.9910622324786934f,0.13297428876394538f,4.93722010558834f,0.06391801025723344f,0.13338479625358263f,-0.9890010030799496f,2.6692132990812825f,0f,0f,0f,1f], start_interpolation: 0, interpolation_duration: 1 }
$data merge entity $(bone_right_sad_pupil1) { transformation: [-0.9978982904498257f,-0.002036536947552438f,-0.064767695918385f,-0.11641100510296942f,-0.010653163007826509f,0.9910622324786934f,0.13297428876394538f,4.938713469182857f,0.06391801025723344f,0.13338479625358263f,-0.9890010030799496f,2.658106354222474f,0f,0f,0f,1f], start_interpolation: 0, interpolation_duration: 1 }
$data merge entity $(bone_right_happy_pupil1) { transformation: [-0.9978982904498257f,-0.002036536947552438f,-0.064767695918385f,-0.14437063297022046f,-0.010653163007826509f,0.9910622324786934f,0.13297428876394538f,4.9105894955608145f,0.06391801025723344f,0.13338479625358263f,-0.9890010030799496f,2.656156017763863f,0f,0f,0f,1f], start_interpolation: 0, interpolation_duration: 1 }
$data merge entity $(bone_eyelid_right1) { transformation: [-0.9978982904498257f,-0.002036536947552438f,-0.064767695918385f,0.2787994549015658f,-0.010653163007826509f,0.9910622324786934f,0.13297428876394538f,4.9623373261299495f,0.06391801025723344f,0.13338479625358263f,-0.9890010030799496f,2.067632794536175f,0f,0f,0f,1f], start_interpolation: 0, interpolation_duration: 1 }
$data merge entity $(bone_eyelid_expressions_right5) { transformation: [-0.9978982904498257f,-0.002036536947552438f,-0.064767695918385f,-0.24551831314436307f,-0.010653163007826509f,0.9910622324786934f,0.13297428876394538f,5.048638547159057f,0.06391801025723344f,0.13338479625358263f,-0.9890010030799496f,2.6813411051051435f,0f,0f,0f,1f], start_interpolation: 0, interpolation_duration: 1 }
$data merge entity $(bone_eyelid_expressions_right7) { transformation: [-0.9978982904498257f,-0.002036536947552438f,-0.064767695918385f,0.09068765385289265f,-0.010653163007826509f,0.9910622324786934f,0.13297428876394538f,5.052227747586499f,0.06391801025723344f,0.13338479625358263f,-0.9890010030799496f,2.659806228602462f,0f,0f,0f,1f], start_interpolation: 0, interpolation_duration: 1 }
$data merge entity $(bone_eyelid_expressions_right6) { transformation: [-0.9978982904498257f,-0.002036536947552438f,-0.064767695918385f,-0.02138100181285929f,-0.010653163007826509f,0.9910622324786934f,0.13297428876394538f,5.0510313474440185f,0.06391801025723344f,0.13338479625358263f,-0.9890010030799496f,2.6669845207700225f,0f,0f,0f,1f], start_interpolation: 0, interpolation_duration: 1 }
$data merge entity $(bone_right_eye1) { transformation: [-0.9978982904498257f,-0.002036536947552438f,-0.064767695918385f,0.26831996092001154f,-0.010653163007826509f,0.9910622324786934f,0.13297428876394538f,4.960724322521185f,0.06391801025723344f,0.13338479625358263f,-0.9890010030799496f,2.079457568611739f,0f,0f,0f,1f], start_interpolation: 0, interpolation_duration: 1 }
$data merge entity $(bone_tear_left1) { transformation: [-0.9978982904498257f,-0.002036536947552438f,-0.064767695918385f,0.905609407578731f,-0.010653163007826509f,0.9910622324786934f,0.13297428876394538f,4.845826417976047f,0.06391801025723344f,0.13338479625358263f,-0.9890010030799496f,2.5219104957642116f,0f,0f,0f,1f], start_interpolation: 0, interpolation_duration: 1 }
$data merge entity $(bone_left_sad_pupil1) { transformation: [-0.9978982904498257f,-0.002036536947552438f,-0.064767695918385f,0.7241039123901698f,-0.010653163007826509f,0.9910622324786934f,0.13297428876394538f,4.947686470251461f,0.06391801025723344f,0.13338479625358263f,-0.9890010030799496f,2.604269162965771f,0f,0f,0f,1f], start_interpolation: 0, interpolation_duration: 1 }
$data merge entity $(bone_left_pupil1) { transformation: [-0.9978982904498257f,-0.002036536947552438f,-0.064767695918385f,0.7248312839751908f,-0.010653163007826509f,0.9910622324786934f,0.13297428876394538f,4.946193106656944f,0.06391801025723344f,0.13338479625358263f,-0.9890010030799496f,2.6153761078245794f,0f,0f,0f,1f], start_interpolation: 0, interpolation_duration: 1 }
$data merge entity $(bone_eyelid_left1) { transformation: [-0.9978982904498257f,-0.002036536947552438f,-0.064767695918385f,0.2563857237684154f,-0.010653163007826509f,0.9910622324786934f,0.13297428876394538f,4.962098046101453f,0.06391801025723344f,0.13338479625358263f,-0.9890010030799496f,2.069068452969687f,0f,0f,0f,1f], start_interpolation: 0, interpolation_duration: 1 }
$data merge entity $(bone_left_happy_pupil1) { transformation: [-0.9978982904498257f,-0.002036536947552438f,-0.064767695918385f,0.7521786123557948f,-0.010653163007826509f,0.9910622324786934f,0.13297428876394538f,4.920160696700658f,0.06391801025723344f,0.13338479625358263f,-0.9890010030799496f,2.59872968042338f,0f,0f,0f,1f], start_interpolation: 0, interpolation_duration: 1 }
$data merge entity $(bone_eyelid_expressions_left5) { transformation: [-0.9978982904498257f,-0.002036536947552438f,-0.064767695918385f,0.8527545123800058f,-0.010653163007826509f,0.9910622324786934f,0.13297428876394538f,5.060363268555366f,0.06391801025723344f,0.13338479625358263f,-0.9890010030799496f,2.610993841863052f,0f,0f,0f,1f], start_interpolation: 0, interpolation_duration: 1 }
$data merge entity $(bone_eyelid_expressions_left7) { transformation: [-0.9978982904498257f,-0.002036536947552438f,-0.064767695918385f,0.5165485453827499f,-0.010653163007826509f,0.9910622324786934f,0.13297428876394538f,5.056774068127925f,0.06391801025723344f,0.13338479625358263f,-0.9890010030799496f,2.6325287183657333f,0f,0f,0f,1f], start_interpolation: 0, interpolation_duration: 1 }
$data merge entity $(bone_eyelid_expressions_left6) { transformation: [-0.9978982904498257f,-0.002036536947552438f,-0.064767695918385f,0.6286172010485018f,-0.010653163007826509f,0.9910622324786934f,0.13297428876394538f,5.057970468270406f,0.06391801025723344f,0.13338479625358263f,-0.9890010030799496f,2.625350426198173f,0f,0f,0f,1f], start_interpolation: 0, interpolation_duration: 1 }
$data merge entity $(bone_left_eye1) { transformation: [-0.9978982904498257f,-0.002036536947552438f,-0.064767695918385f,0.26831996092001154f,-0.010653163007826509f,0.9910622324786934f,0.13297428876394538f,4.960724322521185f,0.06391801025723344f,0.13338479625358263f,-0.9890010030799496f,2.079457568611739f,0f,0f,0f,1f], start_interpolation: 0, interpolation_duration: 1 }
$data merge entity $(bone_crest_middle5) { transformation: [-0.9978982904498257f,-0.016006557990483353f,-0.06279165564477834f,0.29637602873411384f,-0.010653163007826509f,0.9963510041000777f,-0.08468285981646986f,6.2706464561165625f,0.06391801025723344f,-0.08383595129814223f,-0.9944274841509017f,2.7357970878858224f,0f,0f,0f,1f], start_interpolation: 0, interpolation_duration: 1 }
$data merge entity $(bone_crest_middle4) { transformation: [-0.9978982904498257f,-0.016006557990483353f,-0.06279165564477834f,0.307161697692545f,-0.010653163007826509f,0.9963510041000777f,-0.08468285981646986f,5.5992771271819395f,0.06391801025723344f,-0.08383595129814223f,-0.9944274841509017f,2.7922881097566408f,0f,0f,0f,1f], start_interpolation: 0, interpolation_duration: 1 }
$data merge entity $(bone_crest_middle1) { transformation: [-0.9978982904498257f,-0.016006557990483353f,-0.06279165564477834f,0.32053981992571545f,-0.010653163007826509f,0.9963510041000777f,-0.08468285981646986f,5.102882872495097f,0.06391801025723344f,-0.08383595129814223f,-0.9944274841509017f,2.9184158844188652f,0f,0f,0f,1f], start_interpolation: 0, interpolation_duration: 1 }
$data merge entity $(bone_crest_left5) { transformation: [-0.5344527627880087f,-0.8439574656888706f,0.04578253440213671f,-0.7980998930980023f,-0.8415773494525115f,0.5363904678346458f,0.06350457388736049f,5.610172330972199f,-0.07815247428424643f,-0.004589348989593567f,-0.9969308544924779f,2.8186005374616347f,0f,0f,0f,1f], start_interpolation: 0, interpolation_duration: 1 }
$data merge entity $(bone_crest_left4) { transformation: [-0.5344527627880087f,-0.8439574656888706f,0.04578253440213671f,-0.3241979958605994f,-0.8415773494525115f,0.5363904678346458f,0.06350457388736049f,5.308976511631456f,-0.07815247428424643f,-0.004589348989593567f,-0.9969308544924779f,2.8211775644821584f,0f,0f,0f,1f], start_interpolation: 0, interpolation_duration: 1 }
$data merge entity $(bone_crest_left1) { transformation: [-0.5344527627880087f,-0.8439574656888706f,0.04578253440213671f,0.1996648877100381f,-0.8415773494525115f,0.5363904678346458f,0.06350457388736049f,4.981227041019259f,-0.07815247428424643f,-0.004589348989593567f,-0.9969308544924779f,2.7680322901682914f,0f,0f,0f,1f], start_interpolation: 0, interpolation_duration: 1 }
$data merge entity $(bone_crest_center1) { transformation: [-0.9978982904498257f,-0.002036536947552438f,-0.064767695918385f,0.3117907208052788f,-0.010653163007826509f,0.9910622324786934f,0.13297428876394538f,4.954598563746836f,0.06391801025723344f,0.13338479625358263f,-0.9890010030799496f,2.757109111470765f,0f,0f,0f,1f], start_interpolation: 0, interpolation_duration: 1 }
$data merge entity $(bone_crest_right5) { transformation: [-0.5378879584693039f,0.8248799658133839f,-0.17392408152246974f,1.406266255103263f,0.8301294688289914f,0.5542063087489959f,0.06115907393436658f,5.633705262264362f,0.14683871803928603f,-0.1114827759903882f,-0.9828580678521472f,2.6774050875647184f,0f,0f,0f,1f], start_interpolation: 0, interpolation_duration: 1 }
$data merge entity $(bone_crest_right4) { transformation: [-0.5378879584693039f,0.8248799658133839f,-0.17392408152246974f,0.9430768211748491f,0.8301294688289914f,0.5542063087489959f,0.06115907393436658f,5.322505430691439f,0.14683871803928603f,-0.1114827759903882f,-0.9828580678521472f,2.7400052791608838f,0f,0f,0f,1f], start_interpolation: 0, interpolation_duration: 1 }
$data merge entity $(bone_crest_right1) { transformation: [-0.5378879584693039f,0.8248799658133839f,-0.17392408152246974f,0.4238021990415419f,0.8301294688289914f,0.5542063087489959f,0.06115907393436658f,4.983619841304219f,0.14683871803928603f,-0.1114827759903882f,-0.9828580678521472f,2.753675705833171f,0f,0f,0f,1f], start_interpolation: 0, interpolation_duration: 1 }
$data merge entity $(bone_head1) { transformation: [-1.0459741195470174f,-0.002134651357786083f,-0.06788801460195298f,0.2284288800665992f,-0.011166401329818144f,1.0388087202413383f,0.13938060215491663f,4.987208853063832f,0.066997393563897f,0.1398108866980911f,-1.036648186822082f,1.461085732447043f,0f,0f,0f,1f], start_interpolation: 0, interpolation_duration: 1 }
$data merge entity $(bone_neck10) { transformation: [-1.4838649046600512f,0.0013742250494120146f,-0.2008415741517635f,0.08491699096864411f,-0.03447524917395135f,1.4733942283052692f,0.2647927243621738f,4.7338554006803f,0.1978653168108011f,0.2670240460824866f,-1.4600485460768513f,0.3406939295425404f,0f,0f,0f,1f], start_interpolation: 0, interpolation_duration: 1 }
$data merge entity $(bone_neck9) { transformation: [-1.1351566520649399f,0.0342764893772049f,-0.14977531855158271f,0.048573196593362504f,-0.0263735656180728f,1.056598518092347f,0.4416923760947008f,3.3655586434991367f,0.15136696736026295f,0.44114945578518844f,-1.0462616055992526f,-0.17026804324254033f,0f,0f,0f,1f], start_interpolation: 0, interpolation_duration: 1 }
$data merge entity $(bone_neck8) { transformation: [-1.0539530079747175f,-0.04233186670862233f,-0.13297070143052972f,0.08434341267712743f,-0.015396172789218808f,1.0421434563856227f,-0.2097381976965359f,2.594596540770233f,0.13869445641916683f,-0.20599797758839777f,-1.0337402083623333f,0.015970554584116503f,0f,0f,0f,1f], start_interpolation: 0, interpolation_duration: 1 }
$data merge entity $(bone_neck7) { transformation: [-1.0475051551230958f,-0.05318627052605307f,-0.11971125039891796f,0.13499432082767424f,0f,0.9647340222492756f,-0.42861973725989133f,1.730739021382198f,0.13099451455898042f,-0.42530706530255014f,-0.9572778855761754f,0.4210034491140259f,0f,0f,0f,1f], start_interpolation: 0, interpolation_duration: 1 }
$data merge entity $(bone_neck6) { transformation: [-1.0415618634628228f,-0.03371151275950116f,-0.1258130784184648f,0.16371365057477294f,0f,1.01390768862361f,-0.27167574636640246f,0.8324927112293921f,0.1302512832707025f,-0.26957604691664977f,-1.0060715035965089f,0.6506592180067055f,0f,0f,0f,1f], start_interpolation: 0, interpolation_duration: 1 }
$data merge entity $(bone_neck_spine6) { transformation: [-1.2647637269356697f,-0.0018924526844412894f,0.14266920539254882f,-0.18584668185246056f,0.13722446343557837f,-0.3647466928120464f,1.2116578168914693f,0.7265652570206695f,0.03908363058010039f,1.2194021638582657f,0.3626516250000356f,-1.8588734597452037f,0f,0f,0f,1f], start_interpolation: 0, interpolation_duration: 1 }
$data merge entity $(bone_neck_spine7) { transformation: [-0.8542174184541895f,-0.41716707684782517f,0.3102970061146261f,0.5618977706047407f,0.3203586387146339f,0.047735887846166475f,0.9460928218797797f,1.8154233446422459f,-0.4094910800131869f,0.9075752944002932f,0.0928662499719613f,-5.1468217732485f,0f,0f,0f,1f], start_interpolation: 0, interpolation_duration: 1 }
$data merge entity $(bone_tail6) { transformation: [-0.9165631403363457f,-0.9969813411980021f,1.0635986802393724f,2.806610194054616f,1.1612133544908412f,0.26026567409395474f,1.2446474447680649f,1.0647488803182805f,-0.8813611590352902f,1.379707186948948f,0.5337719767396168f,-8.329235382894135f,0f,0f,0f,1f], start_interpolation: 0, interpolation_duration: 1 }
$data merge entity $(bone_tail5) { transformation: [-0.7571608550604594f,-0.8235932818592191f,0.8786249967194815f,2.2864460160382674f,0.9592632058837384f,0.21500207859935389f,1.02818701959101f,1.200539666802083f,-0.7280809574639353f,1.1397581109578265f,0.44094206774142264f,-7.609388154920771f,0f,0f,0f,1f], start_interpolation: 0, interpolation_duration: 1 }
$data merge entity $(bone_tail4) { transformation: [-0.5579079984656016f,-0.6068582076857403f,0.6474078923196179f,2.026363927030093f,0.7068255201248598f,0.15842258423110286f,0.7576114881196916f,1.2684350600439842f,-0.5364807054997418f,0.8398217659689248f,0.3249046814936798f,-7.249464540934089f,0f,0f,0f,1f], start_interpolation: 0, interpolation_duration: 1 }
$data merge entity $(bone_segment18) { transformation: [-0.5322650221386113f,-0.5789653459660231f,0.6176512562751137f,1.7012613157698748f,0.6743378875228476f,0.15114104930371056f,0.7227895936346872f,1.3533043015963608f,-0.5118225861165239f,0.8012212624399183f,0.3099711743939703f,-6.799560023450737f,0f,0f,0f,1f], start_interpolation: 0, interpolation_duration: 1 }
$data merge entity $(bone_segment17) { transformation: [-0.5322650221386113f,-0.5789653459660231f,0.6176512562751137f,1.2786279211315907f,0.6743378875228476f,0.15114104930371056f,0.7227895936346872f,1.4636343156144505f,-0.5118225861165239f,0.8012212624399183f,0.3099711743939703f,-6.214684150722378f,0f,0f,0f,1f], start_interpolation: 0, interpolation_duration: 1 }
$data merge entity $(bone_segment16) { transformation: [-0.6679562064782046f,-0.6989257549840091f,0.25561161015743883f,0.6114404938885541f,0.3654806681511868f,-0.008881897657640345f,0.9307765537989023f,1.45515574631724f,-0.6482733894237891f,0.7151390780219131f,0.26137657058535346f,-5.53201964997392f,0f,0f,0f,1f], start_interpolation: 0, interpolation_duration: 1 }
$data merge entity $(bone_segment15) { transformation: [-0.8542174184541895f,-0.48326322822558937f,0.19175310754833028f,0.041576872714336216f,0.3203586387146339f,-0.19875751382582318f,0.9262104476298484f,1.220781041293137f,-0.4094910800131869f,0.8526148620231526f,0.3245996802938569f,-4.52661687078158f,0f,0f,0f,1f], start_interpolation: 0, interpolation_duration: 1 }
$data merge entity $(bone_segment14) { transformation: [-1.0122442140048644f,-0.2492033416644986f,0.10924533739292193f,-0.2387768866582247f,0.21166292854331256f,-0.4567158095872892f,0.9193936436470873f,0.7069757555074367f,-0.17098436747058104f,0.9099360207187348f,0.4913817073359682f,-3.502938847473003f,0f,0f,0f,1f], start_interpolation: 0, interpolation_duration: 1 }
$data merge entity $(bone_segment13) { transformation: [-1.019250768177569f,-0.02146705350234632f,0.1129630426579869f,-0.2677233816628126f,0.11058677347455433f,-0.4590366668656269f,0.9105764744537225f,0.12919715620554523f,0.031496808173375024f,0.9170158754950812f,0.458457682876039f,-2.411052532495835f,0f,0f,0f,1f], start_interpolation: 0, interpolation_duration: 1 }
$data merge entity $(bone_segment12) { transformation: [-1.1027374674273538f,0.11346136817548672f,0.12478171763254725f,-0.130655957021285f,0.09749308922619422f,-0.24464429580846103f,1.0840286653374032f,-0.1663462883952802f,0.13761924529917846f,1.0824738184601994f,0.23191648682910773f,-1.1033660403962653f,0f,0f,0f,1f], start_interpolation: 0, interpolation_duration: 1 }
$data merge entity $(bone_segment11) { transformation: [-1.1754525010053767f,0.18140160102969863f,0.050276415001606393f,0.0760380187575378f,0.10682342091442303f,0.3810266654093168f,1.1227333957233763f,0.2742588586040352f,0.15499359827325684f,1.1131194815797023f,-0.3925109490235779f,0.18341066283905627f,0f,0f,0f,1f], start_interpolation: 0, interpolation_duration: 1 }
$data merge entity $(bone_segment10) { transformation: [-1.0409795337152346f,0.10129037368418478f,-0.06911634112208553f,0.17352197042343298f,0.051478465222999086f,0.8971925272880662f,0.5395097168929494f,1.1930035559362215f,0.1112958940368905f,0.5324105814148927f,-0.8960063586789765f,0.7290920107015596f,0f,0f,0f,1f], start_interpolation: 0, interpolation_duration: 1 }