# This file was generated by Animated Java via MC-Build. It is not recommended to edit this file directly.
$data merge entity $(bone_neck_spine5) { transformation: [-1.3563379472712525f,-0.015885960731873764f,-0.1711626980386825f,0.08932251457877241f,-0.03721971908344438f,1.3561829300174653f,0.16906866355668665f,3.69763792079185f,0.16782051560999725f,0.17238664895263747f,-1.3458531784557801f,-0.5869602798920277f,0f,0f,0f,1f], start_interpolation: 0, interpolation_duration: 1 }
$data merge entity $(bone_neck_spine2) { transformation: [-1.2917504259726211f,-0.02926009036287068f,-0.16107666204622212f,0.13789313045417634f,-0.03544735150804226f,1.3007157455942364f,0.047990013322976866f,4.979466237888711f,0.15982906248571163f,0.05199426141057115f,-1.2911902549623553f,0.8854572175063076f,0f,0f,0f,1f], start_interpolation: 0, interpolation_duration: 1 }
$data merge entity $(bone_scale_neck_left1) { transformation: [-1.3747819566145203f,0.3896928984667508f,-0.09784393212924368f,0.8300510473969765f,0.32770009462618277f,1.2893372181361793f,0.5307368503445256f,4.215855325178915f,0.23247932844001495f,0.48704045131407575f,-1.326726942152996f,0.7411234607159087f,0f,0f,0f,1f], start_interpolation: 0, interpolation_duration: 1 }
$data merge entity $(bone_scale_neck_right1) { transformation: [-1.370235258032572f,-0.32839736458655466f,-0.2570407107440262f,-0.5262868998742757f,-0.40302702167554527f,1.2696318652621617f,0.5263682787868601f,4.1786356060954715f,0.10716331390232492f,0.5758901944349349f,-1.307029428325905f,0.908943976325906f,0f,0f,0f,1f], start_interpolation: 0, interpolation_duration: 1 }
$data merge entity $(bone_blush_right1) { transformation: [-0.9978501996329703f,-0.008712050521469011f,-0.06495443994179997f,-0.31819293586269437f,-0.01706038994938242f,0.9914843440034885f,0.12910359673822902f,3.8664265554230695f,0.06327655321852274f,0.12993419785292687f,-0.9895014815760005f,2.0779038047616294f,0f,0f,0f,1f], start_interpolation: 0, interpolation_duration: 1 }
$data merge entity $(bone_blush_left1) { transformation: [-0.9978501996329703f,-0.008712050521469011f,-0.06495443994179997f,0.8316735051206113f,-0.01706038994938242f,0.9914843440034885f,0.12910359673822902f,3.8860859891538033f,0.06327655321852274f,0.12993419785292687f,-0.9895014815760005f,2.004987464138722f,0f,0f,0f,1f], start_interpolation: 0, interpolation_duration: 1 }
$data merge entity $(bone_left_head_scales) { transformation: [-0.8551113143969115f,-0.008712050521469011f,-0.5183712377882266f,0.8136868011926277f,-0.07474615746087936f,0.9914843440034885f,0.10663867750870543f,4.55973997973988f,0.5130279251027376f,0.12993419785292687f,-0.8484806729048673f,1.7486387771471374f,0f,0f,0f,1f], start_interpolation: 0, interpolation_duration: 1 }
$data merge entity $(bone_left_head_scales2) { transformation: [-0.7801346947365305f,-0.008712050521469011f,-0.6255509237816309f,0.830007901200875f,-0.08802583424061991f,0.9914843440034885f,0.09597003752325595f,3.7662311763087026f,0.6193878514909567f,0.12993419785292687f,-0.7742582215603094f,1.7920741911647728f,0f,0f,0f,1f], start_interpolation: 0, interpolation_duration: 1 }
$data merge entity $(bone_left_head_scales1) { transformation: [-0.9978501996329703f,-0.008712050521469011f,-0.06495443994179997f,0.814537587376365f,-0.01706038994938242f,0.9914843440034885f,0.12910359673822902f,4.462915336770789f,0.06327655321852274f,0.12993419785292687f,-0.9895014815760005f,1.7359498906380626f,0f,0f,0f,1f], start_interpolation: 0, interpolation_duration: 1 }
$data merge entity $(bone_right_head_scales) { transformation: [-0.9150965595300803f,-0.008712050521469011f,0.40314065400542504f,-0.3556689015022593f,0.04448065605418523f,0.9914843440034885f,0.1223939003094579f,4.539747335267947f,-0.40077394872072175f,0.12993419785292687f,-0.9069163943027587f,1.8227909879500939f,0f,0f,0f,1f], start_interpolation: 0, interpolation_duration: 1 }
$data merge entity $(bone_right_head_scales2) { transformation: [-0.8546473671105218f,-0.008712050521469011f,0.519135799253687f,-0.33934780149401206f,0.060075727633811964f,0.9914843440034885f,0.11554091286310789f,3.7462385318367697f,-0.5157216156419285f,0.12993419785292687f,-0.8468461013596246f,1.8662264019677293f,0f,0f,0f,1f], start_interpolation: 0, interpolation_duration: 1 }
$data merge entity $(bone_right_head_scales1) { transformation: [-0.9978501996329703f,-0.008712050521469011f,-0.06495443994179997f,-0.35481811531852214f,-0.01706038994938242f,0.9914843440034885f,0.12910359673822902f,4.442922692298856f,0.06327655321852274f,0.12993419785292687f,-0.9895014815760005f,1.810102101441019f,0f,0f,0f,1f], start_interpolation: 0, interpolation_duration: 1 }
$data merge entity $(bone_head_left_fin1) { transformation: [-0.6507817064997583f,-0.00911218089606298f,-0.7592102071525254f,0.8129706478719514f,0.1516387759560383f,0.9782230297300184f,-0.14172291886769053f,4.109279024969908f,0.7439683139165385f,-0.2073563894967819f,-0.635227892667696f,1.6158936630075642f,0f,0f,0f,1f], start_interpolation: 0, interpolation_duration: 1 }
$data merge entity $(bone_head_right_fin1) { transformation: [-0.733977702978605f,-0.05045725062347202f,0.6772966834333173f,-0.3563850548229357f,-0.17531420892229616f,0.9775161470613639f,-0.1171627516929146f,4.089286380497975f,-0.6561567340812714f,-0.20473457962402522f,-0.726320929222044f,1.6900458738105206f,0f,0f,0f,1f], start_interpolation: 0, interpolation_duration: 1 }
$data merge entity $(bone_right_whisker16) { transformation: [0.2666631955399762f,0.9272493625204564f,-0.2628675709360429f,-0.8077772143667445f,0.914748039167919f,-0.32939309107623443f,-0.23395772350937807f,1.7712461100825396f,-0.3035239117151326f,-0.17806968090231012f,-0.9360365504404696f,2.1417079523644444f,0f,0f,0f,1f], start_interpolation: 0, interpolation_duration: 1 }
$data merge entity $(bone_right_whisker15) { transformation: [-0.8845100841639839f,0.38541218346389416f,-0.2628675709360429f,-0.5486434006468274f,0.445973665912915f,0.8639278169630289f,-0.23395772350937807f,1.6405897626471153f,0.13692844965315823f,-0.3241699799720644f,-0.9360365504404696f,2.1015921956301207f,0f,0f,0f,1f], start_interpolation: 0, interpolation_duration: 1 }
$data merge entity $(bone_right_whisker14) { transformation: [-0.7231121773536278f,-0.638756149961063f,-0.2628675709360429f,-0.33679412993775676f,-0.5945078924809233f,0.7693010785045086f,-0.23395772350937807f,1.8147619967723858f,0.3516662405474635f,-0.012900833256797997f,-0.9360365504404696f,1.998564976719731f,0f,0f,0f,1f], start_interpolation: 0, interpolation_duration: 1 }
$data merge entity $(bone_right_whisker13) { transformation: [-0.09187720823267002f,-0.995214818556828f,-0.033257232781317675f,-0.3098769790883417f,-0.9946487677963297f,0.09330725097299555f,-0.04435747554928432f,2.1061630029627167f,0.04724835794621374f,0.02900382458853614f,-0.9984620026974607f,1.9847226843526764f,0f,0f,0f,1f], start_interpolation: 0, interpolation_duration: 1 }
$data merge entity $(bone_right_whisker12) { transformation: [0.07739179673436633f,-0.9969213494558723f,-0.012583036092668818f,-0.3401081496877036f,-0.9819763531310183f,-0.07840225975482007f,0.171975369041161f,2.489747515904521f,-0.17243245544192745f,-0.0009532389105562679f,-0.9850208828475907f,2.0520791122596793f,0f,0f,0f,1f], start_interpolation: 0, interpolation_duration: 1 }
$data merge entity $(bone_right_whisker11) { transformation: [0.2915276527539136f,-0.956495991002059f,0.011271507298624833f,-0.4539861390447011f,-0.947846860122449f,-0.2904384184348433f,-0.1312701597968162f,2.8600001956398526f,0.12883306033704378f,0.027585218760348175f,-0.9912825521868804f,2.0017536980655217f,0f,0f,0f,1f], start_interpolation: 0, interpolation_duration: 1 }
$data merge entity $(bone_right_whisker10) { transformation: [0.060676234243442435f,-0.9906516423187506f,0.12217904144818525f,-0.4776877930460458f,-0.925425344744963f,-0.10170073900757055f,-0.3650272469131322f,3.2214944709308537f,0.37404054045210355f,-0.09091910281385585f,-0.9229449554777478f,1.8556441119514187f,0f,0f,0f,1f], start_interpolation: 0, interpolation_duration: 1 }
$data merge entity $(bone_right_whisker1) { transformation: [-0.3394559774174621f,-0.9359778215153357f,0.09335500536640753f,-0.34508780186734966f,-0.9374670821306658f,0.3285252046397352f,-0.11500721645981993f,3.587692549888145f,0.07697473167846242f,-0.12655713155656861f,-0.9889682417222517f,1.8255758573895193f,0f,0f,0f,1f], start_interpolation: 0, interpolation_duration: 1 }
$data merge entity $(bone_left_whisker16) { transformation: [0.251323132631228f,-0.9092235268372253f,0.3318874225548524f,1.2791822540668398f,-0.912659582144337f,-0.3367975233861343f,-0.23155974469041574f,1.7796604734020691f,0.32231842970042923f,-0.24470391596098995f,-0.9144565727189053f,2.217430795093792f,0f,0f,0f,1f], start_interpolation: 0, interpolation_duration: 1 }
$data merge entity $(bone_left_whisker15) { transformation: [-0.8686407420037707f,-0.3678505132265483f,0.3318874225548524f,1.0246976616829226f,-0.453042153935052f,0.860890754623836f,-0.23155974469041574f,1.6469332798664094f,-0.20053944272642887f,-0.3515012212242898f,-0.9144565727189053f,2.1586790052325333f,0f,0f,0f,1f], start_interpolation: 0, interpolation_duration: 1 }
$data merge entity $(bone_left_whisker14) { transformation: [-0.7004892250654338f,0.6317955241350832f,0.3318874225548524f,0.8194762090270339f,0.5887681071121466f,0.7744237862349588f,-0.23155974469041574f,1.8194239362469211f,-0.40331992464395794f,0.03319962343741042f,-0.9144565727189053f,2.040518871059499f,0f,0f,0f,1f], start_interpolation: 0, interpolation_duration: 1 }
$data merge entity $(bone_left_whisker13) { transformation: [-0.09621842131307563f,0.9897122201915286f,0.10588548816327217f,0.7912872184079688f,0.9938903894043423f,0.10131023211345909f,-0.0437964692504057f,2.1106027612677245f,-0.0540731842016372f,0.1010245419325027f,-0.9934133745212131f,2.0246771178754255f,0f,0f,0f,1f], start_interpolation: 0, interpolation_duration: 1 }
$data merge entity $(bone_left_whisker12) { transformation: [0.056781545965712645f,0.9949680079309093f,0.08255010134301177f,0.8134675098008253f,0.9825173235093848f,-0.07037120740384376f,0.17235893412434458f,2.494398590763578f,0.17730077563761126f,0.07132009788638163f,-0.9815690900776056f,2.0939352333588674f,0f,0f,0f,1f], start_interpolation: 0, interpolation_duration: 1 }
$data merge entity $(bone_left_whisker11) { transformation: [0.2924552427077829f,0.9542895815516855f,0.06165489076010604f,0.9277078389835529f,0.9502014071700222f,-0.2827343665467395f,-0.13106702020540367f,2.8655710154393677f,-0.10764393538347417f,0.09691580116432397f,-0.9894544510283613f,2.0518868210996977f,0f,0f,0f,1f], start_interpolation: 0, interpolation_duration: 1 }
$data merge entity $(bone_left_whisker10) { transformation: [0.08016934999547594f,0.9954225330806629f,-0.052027453873694784f,0.9590239913255357f,0.9259932167787341f,-0.09369313275353622f,-0.3657296260280272f,3.2272871157435605f,-0.3689301259060791f,-0.018856762980554456f,-0.9292658310132897f,1.9077734906676356f,0f,0f,0f,1f], start_interpolation: 0, interpolation_duration: 1 }
$data merge entity $(bone_left_whisker1) { transformation: [-0.34052335092354885f,0.9400123600773999f,-0.020508787811922224f,0.8260070573710244f,0.9347254892990976f,0.3360889658006737f,-0.11546630123805057f,3.5924142600010205f,-0.10164697305065365f,-0.05848905853875941f,-0.9930996540634225f,1.868067641819724f,0f,0f,0f,1f], start_interpolation: 0, interpolation_duration: 1 }
$data merge entity $(bone_upper_left_tooth1) { transformation: [-0.9978501996329703f,-0.014340050996880589f,-0.06394796345348609f,0.5665453934256032f,-0.01706038994938242f,0.9989635666023622f,0.04219876415089986f,3.878152225486682f,0.06327655321852274f,0.04319902242522508f,-0.9970606412221318f,2.683343119299969f,0f,0f,0f,1f], start_interpolation: 0, interpolation_duration: 1 }
$data merge entity $(bone_upper_right_tooth1) { transformation: [-0.9978501996329703f,-0.014340050996880589f,-0.06394796345348609f,-0.018132457921840317f,-0.01706038994938242f,0.9989635666023622f,0.04219876415089986f,3.868155903250716f,0.06327655321852274f,0.04319902242522508f,-0.9970606412221318f,2.7204192247014474f,0f,0f,0f,1f], start_interpolation: 0, interpolation_duration: 1 }
$data merge entity $(bone_top_lip1) { transformation: [-0.9978501996329703f,-0.04480841913953368f,-0.04782451951308451f,0.2970279215538651f,-0.01706038994938242f,0.8821874014149265f,-0.4705893452677768f,3.9808811225076823f,0.06327655321852274f,-0.46876176716856494f,-0.8810553237191111f,2.7049768344888085f,0f,0f,0f,1f], start_interpolation: 0, interpolation_duration: 1 }
$data merge entity $(bone_muzzle1) { transformation: [-0.9978501996329703f,-0.014340050996880589f,-0.06394796345348609f,0.26370273661609644f,-0.01706038994938242f,0.9989635666023622f,0.04219876415089986f,4.147818541517257f,0.06327655321852274f,0.04319902242522508f,-0.9970606412221318f,2.2244588000676346f,0f,0f,0f,1f], start_interpolation: 0, interpolation_duration: 1 }
$data merge entity $(bone_jaw_right_tooth1) { transformation: [-0.9978501996329703f,-0.0451164811534027f,-0.04753401120015213f,-0.012440484811189534f,-0.01706038994938242f,0.8791284795968217f,-0.4762793922232575f,3.6892871531296603f,0.06327655321852274f,-0.47444453784411456f,-0.8780082336303391f,2.7619538175998355f,0f,0f,0f,1f], start_interpolation: 0, interpolation_duration: 1 }
$data merge entity $(bone_jaw_left_tooth1) { transformation: [-0.9978501996329703f,-0.0451164811534027f,-0.04753401120015213f,0.6209605208152076f,-0.01706038994938242f,0.8791284795968217f,-0.4762793922232575f,3.7001165022186235f,0.06327655321852274f,-0.47444453784411456f,-0.8780082336303391f,2.721788036748234f,0f,0f,0f,1f], start_interpolation: 0, interpolation_duration: 1 }
$data merge entity $(bone_tongue1) { transformation: [-0.9978501996329703f,-0.017824508311720458f,-0.06306556902055938f,0.26060291395839774f,-0.01706038994938242f,0.9997746356948037f,-0.012634117147535151f,3.6828842897284755f,0.06327655321852274f,-0.011531033117984146f,-0.9979294128784939f,2.0502217765041406f,0f,0f,0f,1f], start_interpolation: 0, interpolation_duration: 1 }
$data merge entity $(bone_jaw_lips1) { transformation: [-0.9978501996329703f,-0.017824508311720458f,-0.06306556902055938f,0.3605978143002934f,-0.01706038994938242f,0.9997746356948037f,-0.012634117147535151f,3.581308655000427f,0.06327655321852274f,-0.011531033117984146f,-0.9979294128784939f,2.82805944033276f,0f,0f,0f,1f], start_interpolation: 0, interpolation_duration: 1 }
$data merge entity $(bone_jaw3) { transformation: [-0.9978501996329703f,-0.036176866006394276f,-0.05464625749671174f,0.3205551097394607f,-0.01706038994938242f,0.9484775911206667f,-0.3163845796443191f,3.2646643321856477f,0.06327655321852274f,-0.3147721294967092f,-0.9470557450883715f,2.1112268371771328f,0f,0f,0f,1f], start_interpolation: 0, interpolation_duration: 1 }
$data merge entity $(bone_jaw1) { transformation: [-0.9978501996329703f,0.013059831967192594f,-0.06422164651758956f,0.2703819483975939f,-0.01706038994938242f,0.8943926182142583f,0.4469572547555517f,3.6138496874634223f,0.06327655321852274f,0.4470920322180128f,-0.892247046809319f,1.4141588318573524f,0f,0f,0f,1f], start_interpolation: 0, interpolation_duration: 1 }
$data merge entity $(bone_tear_right1) { transformation: [-0.9978501996329703f,-0.008712050521469011f,-0.06495443994179997f,-0.26673864690381116f,-0.01706038994938242f,0.9914843440034885f,0.12910359673822902f,4.194798836860813f,0.06327655321852274f,0.12993419785292687f,-0.9895014815760005f,2.206193135747409f,0f,0f,0f,1f], start_interpolation: 0, interpolation_duration: 1 }
$data merge entity $(bone_right_pupil1) { transformation: [-0.9978501996329703f,-0.008712050521469011f,-0.06495443994179997f,-0.10299741157984899f,-0.01706038994938242f,0.9914843440034885f,0.12910359673822902f,4.286807799242042f,0.06327655321852274f,0.12993419785292687f,-0.9895014815760005f,2.2666647154810944f,0f,0f,0f,1f], start_interpolation: 0, interpolation_duration: 1 }
$data merge entity $(bone_right_sad_pupil1) { transformation: [-0.9978501996329703f,-0.008712050521469011f,-0.06495443994179997f,-0.10363173228240563f,-0.01706038994938242f,0.9914843440034885f,0.12910359673822902f,4.288068576553939f,0.06327655321852274f,0.12993419785292687f,-0.9895014815760005f,2.2570016150750787f,0f,0f,0f,1f], start_interpolation: 0, interpolation_duration: 1 }
$data merge entity $(bone_right_happy_pupil1) { transformation: [-0.9978501996329703f,-0.008712050521469011f,-0.06495443994179997f,-0.12778030377027655f,-0.01706038994938242f,0.9914843440034885f,0.12910359673822902f,4.263446217555397f,0.06327655321852274f,0.12993419785292687f,-0.9895014815760005f,2.255374252003385f,0f,0f,0f,1f], start_interpolation: 0, interpolation_duration: 1 }
$data merge entity $(bone_eyelid_right1) { transformation: [-0.9978501996329703f,-0.008712050521469011f,-0.06495443994179997f,0.24024622545776128f,-0.01706038994938242f,0.9914843440034885f,0.12910359673822902f,4.309109432763682f,0.06327655321852274f,0.12993419785292687f,-0.9895014815760005f,1.743711630779888f,0f,0f,0f,1f], start_interpolation: 0, interpolation_duration: 1 }
$data merge entity $(bone_eyelid_expressions_right5) { transformation: [-0.9978501996329703f,-0.008712050521469011f,-0.06495443994179997f,-0.21654546147954876f,-0.01706038994938242f,0.9914843440034885f,0.12910359673822902f,4.382977263092508f,0.06327655321852274f,0.12993419785292687f,-0.9895014815760005f,2.2767967353455134f,0f,0f,0f,1f], start_interpolation: 0, interpolation_duration: 1 }
$data merge entity $(bone_eyelid_expressions_right7) { transformation: [-0.9978501996329703f,-0.008712050521469011f,-0.06495443994179997f,0.07579346419417302f,-0.01706038994938242f,0.9914843440034885f,0.12910359673822902f,4.387975424210492f,0.06327655321852274f,0.12993419785292687f,-0.9895014815760005f,2.2582586826447746f,0f,0f,0f,1f], start_interpolation: 0, interpolation_duration: 1 }
$data merge entity $(bone_eyelid_expressions_right6) { transformation: [-0.9978501996329703f,-0.008712050521469011f,-0.06495443994179997f,-0.02165284436373424f,-0.01706038994938242f,0.9914843440034885f,0.12910359673822902f,4.386309370504497f,0.06327655321852274f,0.12993419785292687f,-0.9895014815760005f,2.264438033545021f,0f,0f,0f,1f], start_interpolation: 0, interpolation_duration: 1 }
$data merge entity $(bone_right_eye1) { transformation: [-0.9978501996329703f,-0.008712050521469011f,-0.06495443994179997f,0.2311359153045272f,-0.01706038994938242f,0.9914843440034885f,0.12910359673822902f,4.307682050081186f,0.06327655321852274f,0.12993419785292687f,-0.9895014815760005f,1.7539926662759284f,0f,0f,0f,1f], start_interpolation: 0, interpolation_duration: 1 }
$data merge entity $(bone_tear_left1) { transformation: [-0.9978501996329703f,-0.008712050521469011f,-0.06495443994179997f,0.7856814855215872f,-0.01706038994938242f,0.9914843440034885f,0.12910359673822902f,4.2127922168855525f,0.06327655321852274f,0.12993419785292687f,-0.9895014815760005f,2.1394561460247483f,0f,0f,0f,1f], start_interpolation: 0, interpolation_duration: 1 }
$data merge entity $(bone_left_sad_pupil1) { transformation: [-0.9978501996329703f,-0.008712050521469011f,-0.06495443994179997f,0.6272155819018987f,-0.01706038994938242f,0.9914843440034885f,0.12910359673822902f,4.300563979348897f,0.06327655321852274f,0.12993419785292687f,-0.9895014815760005f,2.2106564833232305f,0f,0f,0f,1f], start_interpolation: 0, interpolation_duration: 1 }
$data merge entity $(bone_left_pupil1) { transformation: [-0.9978501996329703f,-0.008712050521469011f,-0.06495443994179997f,0.6278499026044554f,-0.01706038994938242f,0.9914843440034885f,0.12910359673822902f,4.299303202037f,0.06327655321852274f,0.12993419785292687f,-0.9895014815760005f,2.220319583729246f,0f,0f,0f,1f], start_interpolation: 0, interpolation_duration: 1 }
$data merge entity $(bone_eyelid_left1) { transformation: [-0.9978501996329703f,-0.008712050521469011f,-0.06495443994179997f,0.22075696374617984f,-0.01706038994938242f,0.9914843440034885f,0.12910359673822902f,4.308776222022483f,0.06327655321852274f,0.12993419785292687f,-0.9895014815760005f,1.7449475009599373f,0f,0f,0f,1f], start_interpolation: 0, interpolation_duration: 1 }
$data merge entity $(bone_left_happy_pupil1) { transformation: [-0.9978501996329703f,-0.008712050521469011f,-0.06495443994179997f,0.6517901646929816f,-0.01706038994938242f,0.9914843440034885f,0.12910359673822902f,4.276774647203352f,0.06327655321852274f,0.12993419785292687f,-0.9895014815760005f,2.2059394448014142f,0f,0f,0f,1f], start_interpolation: 0, interpolation_duration: 1 }
$data merge entity $(bone_eyelid_expressions_left5) { transformation: [-0.9978501996329703f,-0.008712050521469011f,-0.06495443994179997f,0.7384283623879423f,-0.01706038994938242f,0.9914843440034885f,0.12910359673822902f,4.399304589411253f,0.06327655321852274f,0.12993419785292687f,-0.9895014815760005f,2.2162390965230996f,0f,0f,0f,1f], start_interpolation: 0, interpolation_duration: 1 }
$data merge entity $(bone_eyelid_expressions_left7) { transformation: [-0.9978501996329703f,-0.008712050521469011f,-0.06495443994179997f,0.4460894367142205f,-0.01706038994938242f,0.9914843440034885f,0.12910359673822902f,4.39430642829327f,0.06327655321852274f,0.12993419785292687f,-0.9895014815760005f,2.234777149223839f,0f,0f,0f,1f], start_interpolation: 0, interpolation_duration: 1 }
$data merge entity $(bone_eyelid_expressions_left6) { transformation: [-0.9978501996329703f,-0.008712050521469011f,-0.06495443994179997f,0.5435357452721278f,-0.01706038994938242f,0.9914843440034885f,0.12910359673822902f,4.395972481999264f,0.06327655321852274f,0.12993419785292687f,-0.9895014815760005f,2.2285977983235923f,0f,0f,0f,1f], start_interpolation: 0, interpolation_duration: 1 }
$data merge entity $(bone_left_eye1) { transformation: [-0.9978501996329703f,-0.008712050521469011f,-0.06495443994179997f,0.2311359153045272f,-0.01706038994938242f,0.9914843440034885f,0.12910359673822902f,4.307682050081186f,0.06327655321852274f,0.12993419785292687f,-0.9895014815760005f,1.7539926662759284f,0f,0f,0f,1f], start_interpolation: 0, interpolation_duration: 1 }
$data merge entity $(bone_crest_middle5) { transformation: [-0.9978501996329703f,-0.022564254042506206f,-0.06152912750841483f,0.2475661932253823f,-0.01706038994938242f,0.995925338808575f,-0.0885531626414332f,5.4488580617426035f,0.06327655321852274f,-0.08731308011134645f,-0.9941692531225521f,2.320772334873253f,0f,0f,0f,1f], start_interpolation: 0, interpolation_duration: 1 }
$data merge entity $(bone_crest_middle4) { transformation: [-0.9978501996329703f,-0.022564254042506206f,-0.06152912750841483f,0.2607874358284133f,-0.01706038994938242f,0.995925338808575f,-0.0885531626414332f,4.865308058534454f,0.06327655321852274f,-0.08731308011134645f,-0.9941692531225521f,2.371932342750995f,0f,0f,0f,1f], start_interpolation: 0, interpolation_duration: 1 }
$data merge entity $(bone_crest_middle1) { transformation: [-0.9978501996329703f,-0.022564254042506206f,-0.06152912750841483f,0.27520991490222163f,-0.01706038994938242f,0.995925338808575f,-0.0885531626414332f,4.434131411143108f,0.06327655321852274f,-0.08731308011134645f,-0.9941692531225521f,2.48311779018113f,0f,0f,0f,1f], start_interpolation: 0, interpolation_duration: 1 }
$data merge entity $(bone_crest_left5) { transformation: [-0.5287968525662982f,-0.8474976939609794f,0.0460602588659577f,-0.7003671634578655f,-0.8453759552279899f,0.5307525310593174f,0.06034273027044813f,4.868476247797235f,-0.07558692372586831f,-0.007029189494587584f,-0.9971144405015449f,2.394126491577203f,0f,0f,0f,1f], start_interpolation: 0, interpolation_duration: 1 }
$data merge entity $(bone_crest_left4) { transformation: [-0.5287968525662982f,-0.8474976939609794f,0.0460602588659577f,-0.28654993007848106f,-0.8453759552279899f,0.5307525310593174f,0.06034273027044813f,4.609319738490928f,-0.07558692372586831f,-0.007029189494587584f,-0.9971144405015449f,2.397558713010107f,0f,0f,0f,1f], start_interpolation: 0, interpolation_duration: 1 }
$data merge entity $(bone_crest_left1) { transformation: [-0.5287968525662982f,-0.8474976939609794f,0.0460602588659577f,0.1708980627162812f,-0.8453759552279899f,0.5307525310593174f,0.06034273027044813f,4.3271940006304765f,-0.07558692372586831f,-0.007029189494587584f,-0.9971144405015449f,2.352646928046187f,0f,0f,0f,1f], start_interpolation: 0, interpolation_duration: 1 }
$data merge entity $(bone_crest_center1) { transformation: [-0.9978501996329703f,-0.008712050521469011f,-0.06495443994179997f,0.26855706509760696f,-0.01706038994938242f,0.9914843440034885f,0.12910359673822902f,4.3046542034330555f,0.06327655321852274f,0.12993419785292687f,-0.9895014815760005f,2.343295396123109f,0f,0f,0f,1f], start_interpolation: 0, interpolation_duration: 1 }
$data merge entity $(bone_crest_right5) { transformation: [-0.5434921903368916f,0.821259312756457f,-0.1736357689348595f,1.216380588856532f,0.8270428735518954f,0.5592835122384917f,0.05658655533959085f,4.901247162811446f,0.14358385824956676f,-0.11284987438614535f,-0.9831828830391625f,2.2725799997286096f,0f,0f,0f,1f], start_interpolation: 0, interpolation_duration: 1 }
$data merge entity $(bone_crest_right4) { transformation: [-0.5434921903368916f,0.821259312756457f,-0.1736357689348595f,0.8153750650496683f,0.8270428735518954f,0.5592835122384917f,0.05658655533959085f,4.628159510351245f,0.14358385824956676f,-0.11284987438614535f,-0.9831828830391625f,2.3276824774562197f,0f,0f,0f,1f], start_interpolation: 0, interpolation_duration: 1 }
$data merge entity $(bone_crest_right1) { transformation: [-0.5434921903368916f,0.821259312756457f,-0.1736357689348595f,0.3657906798320957f,0.8270428735518954f,0.5592835122384917f,0.05658655533959085f,4.330526108042465f,0.14358385824956676f,-0.11284987438614535f,-0.9831828830391625f,2.3402882262456943f,0f,0f,0f,1f], start_interpolation: 0, interpolation_duration: 1 }
$data merge entity $(bone_head1) { transformation: [-0.9978501996329703f,-0.008712050521469011f,-0.06495443994179997f,0.1966736697557806f,-0.01706038994938242f,0.9914843440034885f,0.12910359673822902f,4.328612480750963f,0.06327655321852274f,0.12993419785292687f,-0.9895014815760005f,1.2161777006905312f,0f,0f,0f,1f], start_interpolation: 0, interpolation_duration: 1 }
$data merge entity $(bone_neck10) { transformation: [-1.2917504259726211f,-0.007985042881192013f,-0.16351783705205294f,0.08256272372055048f,-0.03544735150804226f,1.2833239883737726f,0.2173569255394071f,4.098482093685659f,0.15982906248571163f,0.22008359070831118f,-1.2733573303791514f,0.24288552558289234f,0f,0f,0f,1f], start_interpolation: 0, interpolation_duration: 1 }
$data merge entity $(bone_neck9) { transformation: [-0.9920643271469731f,0.02117888462058938f,-0.1239347636809438f,0.061726969987426446f,-0.02722356595817646f,0.9261450439078388f,0.3761837783603492f,2.9043436698592835f,0.12274871998902653f,0.3765724531762448f,-0.9182188950625447f,-0.19035006462803655f,0f,0f,0f,1f], start_interpolation: 0, interpolation_duration: 1 }
$data merge entity $(bone_neck8) { transformation: [-0.9924736520330272f,-0.04285734831632022f,-0.11471398221454665f,0.09443813565492956f,-0.018728997207902397f,0.9788612288232953f,-0.20366619594359478f,2.2723993695165134f,0.12101766269355933f,-0.1999848554312101f,-0.972296653760747f,-0.019884972537702272f,0f,0f,0f,1f], start_interpolation: 0, interpolation_duration: 1 }
$data merge entity $(bone_neck7) { transformation: [-0.9936267910921918f,-0.04601267930409502f,-0.10290108535429743f,0.1342786459788806f,0f,0.9128910466535276f,-0.4082033034406101f,1.5365585128136368f,0.11272000720295354f,-0.40560173851092574f,-0.9070730013031371f,0.331309100377736f,0f,0f,0f,1f], start_interpolation: 0, interpolation_duration: 1 }
$data merge entity $(bone_neck6) { transformation: [-0.9936267910921918f,-0.0291740846282177f,-0.10887916609682263f,0.1565208826643653f,0f,0.9659258262890684f,-0.25881904510252063f,0.7656559395251121f,0.11272000720295354f,-0.2571695372587629f,-0.9597697792086809f,0.5273744024737432f,0f,0f,0f,1f], start_interpolation: 0, interpolation_duration: 1 }
$data merge entity $(bone_neck_spine6) { transformation: [-1.0958208919185397f,0.036318581274761265f,0.15099407606395004f,-0.1266991899440097f,0.13434842820248938f,-0.3180911234941105f,1.051527562411531f,0.7132547964768223f,0.07790218348504717f,1.0594530076061912f,0.3105354279302426f,-1.6367255565181515f,0f,0f,0f,1f], start_interpolation: 0, interpolation_duration: 1 }
$data merge entity $(bone_neck_spine7) { transformation: [-0.875254920910732f,-0.3649531377337597f,0.3173925498177792f,0.38720515522425464f,0.3261817996912666f,0.039139040049354645f,0.9444964632512827f,1.6716632731801124f,-0.3571193875606791f,0.9302028503516308f,0.08478443386605261f,-4.5218505812253555f,0f,0f,0f,1f], start_interpolation: 0, interpolation_duration: 1 }
$data merge entity $(bone_tail6) { transformation: [-0.7876434959903309f,-0.8256718531854983f,0.9695761938936935f,2.2390890262283323f,1.0573504086210144f,0.21142385259283977f,1.038991987277959f,1.0479920085732684f,-0.709804281684135f,1.2311621449248888f,0.4718176939145495f,-7.358484344956931f,0f,0f,0f,1f], start_interpolation: 0, interpolation_duration: 1 }
$data merge entity $(bone_tail5) { transformation: [-0.6506620184267952f,-0.6820767482836726f,0.800954247129573f,1.8083037115228542f,0.8734633810347512f,0.17465448692451982f,0.8582977286209227f,1.1583001055782283f,-0.5863600587825464f,1.0170469892857779f,0.3897624427989757f,-6.716138878039597f,0f,0f,0f,1f], start_interpolation: 0, interpolation_duration: 1 }
$data merge entity $(bone_tail4) { transformation: [-0.5260088738439775f,-0.5514052028230111f,0.6475082755742232f,1.5929110541701155f,0.7061261859312514f,0.14119436416634865f,0.6938659532430196f,1.2134541540807082f,-0.47402581594210064f,0.8222021976541867f,0.3150921642838035f,-6.3949661445809305f,0f,0f,0f,1f], start_interpolation: 0, interpolation_duration: 1 }
$data merge entity $(bone_segment18) { transformation: [-0.5260088738439775f,-0.5514052028230111f,0.6475082755742232f,1.323670232479192f,0.7061261859312514f,0.14119436416634865f,0.6938659532430196f,1.2823967147088082f,-0.47402581594210064f,0.8222021976541867f,0.3150921642838035f,-5.993500227757597f,0f,0f,0f,1f], start_interpolation: 0, interpolation_duration: 1 }
$data merge entity $(bone_segment17) { transformation: [-0.5260088738439775f,-0.5514052028230111f,0.6475082755742232f,0.9736571642809917f,0.7061261859312514f,0.14119436416634865f,0.6938659532430196f,1.372022043525338f,-0.47402581594210064f,0.8222021976541867f,0.3150921642838035f,-5.471594535887264f,0f,0f,0f,1f], start_interpolation: 0, interpolation_duration: 1 }
$data merge entity $(bone_segment16) { transformation: [-0.6838127221866639f,-0.6784811390082743f,0.2684464657724118f,0.410464812565139f,0.375974247163597f,-0.012332585081268901f,0.926548041288189f,1.3617850344246754f,-0.625334731520192f,0.734514296222509f,0.263524614029357f,-4.861890286093189f,0f,0f,0f,1f], start_interpolation: 0, interpolation_duration: 1 }
$data merge entity $(bone_segment15) { transformation: [-0.875254920910732f,-0.43466489778876183f,0.21212083832531226f,-0.035236498644040604f,0.3261817996912666f,-0.20664826312157122f,0.922443455664901f,1.149889842747283f,-0.3571193875606791f,0.8765631306295759f,0.32264968781816983f,-3.9630706697249716f,0f,0f,0f,1f], start_interpolation: 0, interpolation_duration: 1 }
$data merge entity $(bone_segment14) { transformation: [-0.9725180092489315f,-0.18991191574344019f,0.1346929320534356f,-0.229970396623154f,0.20701249816006562f,-0.4405405079368791f,0.8735387149246708f,0.6981637359760694f,-0.10655771812507904f,0.8774152523892966f,0.4677477178807003f,-3.0633772956929786f,0f,0f,0f,1f], start_interpolation: 0, interpolation_duration: 1 }
$data merge entity $(bone_segment13) { transformation: [-0.9901064058746334f,0.008625972047012535f,0.14005319579452566f,-0.22412343942210586f,0.12138775630530803f,-0.4480190791324691f,0.8857448376098263f,0.19526888778504048f,0.07038691401943084f,0.8939823808887615f,0.44253947281037276f,-2.1138487080269535f,0f,0f,0f,1f], start_interpolation: 0, interpolation_duration: 1 }
$data merge entity $(bone_segment12) { transformation: [-0.984504511471299f,0.11393768211123245f,0.13330068074761803f,-0.0906027181980053f,0.10625448944937428f,-0.21713000862758547f,0.9703424873853754f,-0.059180341075411314f,0.13950215182753084f,0.9694703522792765f,0.2016590828278858f,-0.977750638949676f,0f,0f,0f,1f], start_interpolation: 0, interpolation_duration: 1 }
$data merge entity $(bone_segment11) { transformation: [-1.0215272684362298f,0.1577640792565875f,0.05604459877274989f,0.08835984818803252f,0.10511701375286767f,0.3346610749798916f,0.9739100781011794f,0.32791996953505f,0.13031084058878897f,0.9667786313855345f,-0.3462753595556847f,0.13994592330263678f,0f,0f,0f,1f], start_interpolation: 0, interpolation_duration: 1 }
$data merge entity $(bone_segment10) { transformation: [-0.9942865748681612f,0.09054436702020965f,-0.056532509566177024f,0.16571305585013357f,0.048910544503837285f,0.8571901792624814f,0.5126721712871624f,1.1192842699195453f,0.09487868924726178f,0.5069780213942858f,-0.8567212616422315f,0.6084034032020121f,0f,0f,0f,1f], start_interpolation: 0, interpolation_duration: 1 }