# This file was generated by Animated Java via MC-Build. It is not recommended to edit this file directly.
$data merge entity $(bone_neck_spine5) { transformation: [-1.36394039152527f,-0.04306498310272329f,-0.08374769102791015f,0.14137914920466502f,-0.04985681058045571f,1.3616990291931237f,0.11176632985609147f,3.6707190688935425f,0.07989096920734348f,0.11455488327050133f,-1.3600353936255645f,-0.6415049452900213f,0f,0f,0f,1f], start_interpolation: 0, interpolation_duration: 1 }
$data merge entity $(bone_neck_spine2) { transformation: [-1.2989908490716855f,-0.047369088866105816f,-0.07615740536849525f,0.07794891475219329f,-0.047482676743291145f,1.3012171597736593f,0.0005526882558591151f,5.008425613954012f,0.07608663734032711f,0.0033285845356570707f,-1.2998541268494994f,0.7815986725603953f,0f,0f,0f,1f], start_interpolation: 0, interpolation_duration: 1 }
$data merge entity $(bone_scale_neck_left1) { transformation: [-1.3907422598508383f,0.34210090476638666f,-0.01619740799575567f,0.7867281058815565f,0.3168166869846316f,1.3108029620295145f,0.4825786982301546f,4.249761735514188f,0.13008678609237503f,0.4649967570805714f,-1.3484490581373427f,0.7103412580832867f,0f,0f,0f,1f], start_interpolation: 0, interpolation_duration: 1 }
$data merge entity $(bone_scale_neck_right1) { transformation: [-1.3696611204584752f,-0.38001434424650116f,-0.1762865045149904f,-0.5772122856437132f,-0.41771912327352817f,1.2844071140797129f,0.476726879623749f,4.199904924933732f,0.03160011960115166f,0.5072936840441666f,-1.3390720551833153f,0.7902322272906301f,0f,0f,0f,1f], start_interpolation: 0, interpolation_duration: 1 }
$data merge entity $(bone_blush_right1) { transformation: [-0.9983133268192462f,-0.029122214464453414f,-0.050223481756799936f,-0.39892508449863984f,-0.0348747293825573f,0.9924299053907782f,0.11775668191888158f,3.9076125125120393f,0.046413949902832354f,0.11930959521655245f,-0.991771629834046f,1.9962024085478935f,0f,0f,0f,1f], start_interpolation: 0, interpolation_duration: 1 }
$data merge entity $(bone_blush_left1) { transformation: [-0.9983133268192462f,-0.029122214464453414f,-0.050223481756799936f,0.751475038203226f,-0.0348747293825573f,0.9924299053907782f,0.11775668191888158f,3.9478001889489707f,0.046413949902832354f,0.11930959521655245f,-0.991771629834046f,1.9427175834645516f,0f,0f,0f,1f], start_interpolation: 0, interpolation_duration: 1 }
$data merge entity $(bone_left_head_scales) { transformation: [-0.8623241127418245f,-0.029122214464453414f,-0.5055185666310504f,0.7255721820034386f,-0.08530824734168972f,0.9924299053907782f,0.08834809461182706f,4.618350017532409f,0.4991188510961237f,0.11930959521655245f,-0.8582806026992268f,1.67901350822023f,0f,0f,0f,1f], start_interpolation: 0, interpolation_duration: 1 }
$data merge entity $(bone_left_head_scales2) { transformation: [-0.7889633968177229f,-0.029122214464453414f,-0.613749668111134f,0.7556808673892615f,-0.09611016383930293f,0.9924299053907782f,0.07645730372458608f,3.8257646399929017f,0.6068769190607128f,0.11930959521655245f,-0.7857898100641414f,1.73108193429627f,0f,0f,0f,1f], start_interpolation: 0, interpolation_duration: 1 }
$data merge entity $(bone_left_head_scales1) { transformation: [-0.9983133268192462f,-0.029122214464453414f,-0.050223481756799936f,0.7284161482597329f,-0.0348747293825573f,0.9924299053907782f,0.11775668191888158f,4.52143303458409f,0.046413949902832354f,0.11930959521655245f,-0.991771629834046f,1.6673621805623635f,0f,0f,0f,1f], start_interpolation: 0, interpolation_duration: 1 }
$data merge entity $(bone_right_head_scales) { transformation: [-0.9087053588478994f,-0.029122214464453414f,0.4164210218346298f,-0.4443262478628656f,0.023439721808715407f,0.9924299053907782f,0.1205548104705129f,4.577481194037224f,-0.4167794983473166f,0.11930959521655245f,-0.9011437567040131f,1.7334048557626116f,0f,0f,0f,1f], start_interpolation: 0, interpolation_duration: 1 }
$data merge entity $(bone_right_head_scales2) { transformation: [-0.846577408192137f,-0.029122214464453414f,0.5314683326063468f,-0.4142175624770426f,0.038974752103808574f,0.9924299053907782f,0.11646394972049474f,3.784895816497717f,-0.530836755167849f,0.11930959521655245f,-0.8390337060286266f,1.7854732818386516f,0f,0f,0f,1f], start_interpolation: 0, interpolation_duration: 1 }
$data merge entity $(bone_right_head_scales1) { transformation: [-0.9983133268192462f,-0.029122214464453414f,-0.050223481756799936f,-0.4414822816065713f,-0.0348747293825573f,0.9924299053907782f,0.11775668191888158f,4.480564211088906f,0.046413949902832354f,0.11930959521655245f,-0.991771629834046f,1.7217535281047451f,0f,0f,0f,1f], start_interpolation: 0, interpolation_duration: 1 }
$data merge entity $(bone_head_left_fin1) { transformation: [-0.6661936046149071f,-0.023458360643194783f,-0.7454098111013372f,0.7354025506472481f,0.14716817595814485f,0.9757158873904143f,-0.16223450643771611f,4.166619378839759f,0.7311139508690487f,-0.2177801928777517f,-0.6465633599538253f,1.5510305253887613f,0f,0f,0f,1f], start_interpolation: 0, interpolation_duration: 1 }
$data merge entity $(bone_head_right_fin1) { transformation: [-0.7192085062721614f,-0.06482261964953194f,0.6917637981909281f,-0.4344958792190561f,-0.1955653298428371f,0.9742708828009711f,-0.11202878509418471f,4.125750555344575f,-0.6667033270272685f,-0.21585707055361633f,-0.7133809633167838f,1.605421872931143f,0f,0f,0f,1f], start_interpolation: 0, interpolation_duration: 1 }
$data merge entity $(bone_right_whisker16) { transformation: [0.2673428192371427f,0.9408939736866913f,-0.2079575612532628f,-0.8664916040825854f,0.9265858638326399f,-0.3102564862516244f,-0.212554815716597f,1.7944587797952554f,-0.2645117274297257f,-0.13586553285827713f,-0.9547638991045265f,1.9642833981926833f,0f,0f,0f,1f], start_interpolation: 0, interpolation_duration: 1 }
$data merge entity $(bone_right_whisker15) { transformation: [-0.8979492550968575f,0.3878669720259696f,-0.2079575612532628f,-0.6034205332534279f,0.42854592357306875f,0.8781621955564867f,-0.212554815716597f,1.6689082162484579f,0.10017747581120323f,-0.27998280359125066f,-0.9547638991045265f,1.93493452832612f,0f,0f,0f,1f], start_interpolation: 0, interpolation_duration: 1 }
$data merge entity $(bone_right_whisker14) { transformation: [-0.7310166104018524f,-0.6498987367537976f,-0.2079575612532628f,-0.3892555106747603f,-0.6147739028175325f,0.7595218882495638f,-0.212554815716597f,1.849017758089532f,0.29608742582400505f,-0.027534219357652816f,-0.9547638991045265f,1.8481901652917434f,0f,0f,0f,1f], start_interpolation: 0, interpolation_duration: 1 }
$data merge entity $(bone_right_whisker13) { transformation: [-0.07765322261533428f,-0.9967488303016968f,0.021488283078293317f,-0.36650554311167405f,-0.9968498984532513f,0.0772762568285043f,-0.017851052750975788f,2.141063626777008f,0.016132481867227322f,-0.0228067845777211f,-0.9996097206440264f,1.8434638522447042f,0f,0f,0f,1f], start_interpolation: 0, interpolation_duration: 1 }
$data merge entity $(bone_right_whisker12) { transformation: [0.10300310732635523f,-0.9939630607358853f,0.037786158493113106f,-0.40674113191103156f,-0.9756590264369851f,-0.0935666426820132f,0.19832989565179382f,2.5221804339789555f,-0.1935970661274344f,-0.057295002136030934f,-0.9794066870902411f,1.9190877062007332f,0f,0f,0f,1f], start_interpolation: 0, interpolation_duration: 1 }
$data merge entity $(bone_right_whisker11) { transformation: [0.2999470296660322f,-0.9515993455445527f,0.06701093159853716f,-0.5239079403743254f,-0.9464196663796184f,-0.30565458397904494f,-0.1042357442650515f,2.8918756161584938f,0.11967286444477157f,-0.03215526164994463f,-0.9922925197056593f,1.8723404935269943f,0f,0f,0f,1f], start_interpolation: 0, interpolation_duration: 1 }
$data merge entity $(bone_right_whisker10) { transformation: [0.05584082164993589f,-0.9824526615783914f,0.17795665313495673f,-0.5457207613313316f,-0.9341643053012899f,-0.11432592480975613f,-0.3380334800243207f,3.25678354791681f,0.3524469510982027f,-0.1473646859798142f,-0.9241562616720462f,1.7346659032542588f,0f,0f,0f,1f], start_interpolation: 0, interpolation_duration: 1 }
$data merge entity $(bone_right_whisker1) { transformation: [-0.3273979191757052f,-0.9331338200842726f,0.14856606723727722f,-0.41783094915332175f,-0.9442811900309375f,0.3174911601105252f,-0.08678938532695096f,3.625643387772645f,0.033817697632682275f,-0.16870280693161466f,-0.9850866592641576f,1.7214558651164924f,0f,0f,0f,1f], start_interpolation: 0, interpolation_duration: 1 }
$data merge entity $(bone_left_whisker16) { transformation: [0.24876382250630197f,-0.8889146603087668f,0.38463916506279416f,1.2128946347602712f,-0.917094282352275f,-0.34390801548669414f,-0.2016565252124759f,1.8327002251067408f,0.31153593354349873f,-0.3025855310026472f,-0.9007704249913107f,2.1537432484964447f,0f,0f,0f,1f], start_interpolation: 0, interpolation_duration: 1 }
$data merge entity $(bone_left_whisker15) { transformation: [-0.8488396776491207f,-0.36266225933826346f,0.38463916506279416f,0.9642111354490054f,-0.46067065932177076f,0.8643594098980327f,-0.2016565252124759f,1.6977381178835658f,-0.2593332706934885f,-0.34836603762765256f,-0.9007704249913107f,2.0777667043479617f,0f,0f,0f,1f], start_interpolation: 0, interpolation_duration: 1 }
$data merge entity $(bone_left_whisker14) { transformation: [-0.68741877876718f,0.6160423161585864f,0.38463916506279416f,0.7628189151070581f,0.5886878307114821f,0.7828034771329517f,-0.2016565252124759f,1.8702052557873203f,-0.4253258287130565f,0.08780991339549851f,-0.9007704249913107f,1.9531595279671836f,0f,0f,0f,1f], start_interpolation: 0, interpolation_duration: 1 }
$data merge entity $(bone_left_whisker13) { transformation: [-0.10975983910429457f,0.9809752376115016f,0.16012607817859603f,0.7306627122444718f,0.9934032341363817f,0.11364805989785567f,-0.01530140153159304f,2.1612413595382134f,-0.03320831412729347f,0.1573902845620144f,-0.9869779664198745f,1.943430529687703f,0f,0f,0f,1f], start_interpolation: 0, interpolation_duration: 1 }
$data merge entity $(bone_left_whisker12) { transformation: [0.0306833425784432f,0.9906980607167604f,0.13257407355989578f,0.7426483929391762f,0.9781176187693869f,-0.05706726208589158f,0.20007311526270813f,2.543318554370005f,0.20577768669396237f,0.12353412520462072f,-0.9707702424203217f,2.023812438552532f,0f,0f,0f,1f], start_interpolation: 0, interpolation_duration: 1 }
$data merge entity $(bone_left_whisker11) { transformation: [0.2819166887769996f,0.9522523032514578f,0.11721148212230068f,0.8527720994926916f,0.9571205689593909f,-0.2706413491366667f,-0.10331251914621578f,2.9171937766197673f,-0.06665731065580666f,0.1413110437643814f,-0.9877185792756741f,1.9977744265776076f,0f,0f,0f,1f], start_interpolation: 0, interpolation_duration: 1 }
$data merge entity $(bone_left_whisker10) { transformation: [0.08449365733638173f,0.9964143802173187f,0.004382324275925553f,0.8857774343897157f,0.9367451597876876f,-0.07793310160840426f,-0.3412256398455929f,3.283109854661833f,-0.33966060631792766f,0.03293652334159446f,-0.9399712005938832f,1.8650945022346672f,0f,0f,0f,1f], start_interpolation: 0, interpolation_duration: 1 }
$data merge entity $(bone_left_whisker1) { transformation: [-0.35011387702183744f,0.9360487044504099f,0.035115466869279265f,0.7490142011780604f,0.9318212488145367f,0.35186680420873534f,-0.08887582547380041f,3.6471025299800113f,-0.09554806839730268f,0.0016046783606887827f,-0.9954235237490136f,1.827771038016971f,0f,0f,0f,1f], start_interpolation: 0, interpolation_duration: 1 }
$data merge entity $(bone_upper_left_tooth1) { transformation: [-0.9983133268192462f,-0.03338866050206659f,-0.04749419801372557f,0.4748695609114846f,-0.0348747293825573f,0.9989165810541257f,0.03081261666314454f,3.9418971606368003f,0.046413949902832354f,0.03241699315196005f,-0.9983961557465069f,2.616495602766966f,0f,0f,0f,1f], start_interpolation: 0, interpolation_duration: 1 }
$data merge entity $(bone_upper_right_tooth1) { transformation: [-0.9983133268192462f,-0.03338866050206659f,-0.04749419801372557f,-0.11007965402166744f,-0.0348747293825573f,0.9989165810541257f,0.03081261666314454f,3.9214627488892084f,0.046413949902832354f,0.03241699315196005f,-0.9983961557465069f,2.643691276538157f,0f,0f,0f,1f], start_interpolation: 0, interpolation_duration: 1 }
$data merge entity $(bone_top_lip1) { transformation: [-0.9983133268192462f,-0.05279006836918307f,-0.024160094715588613f,0.2031814768585008f,-0.0348747293825573f,0.877999771504881f,-0.47738889229628123f,4.039836891589597f,0.046413949902832354f,-0.4757411164897922f,-0.8783599121860374f,2.6324425662606483f,0f,0f,0f,1f], start_interpolation: 0, interpolation_duration: 1 }
$data merge entity $(bone_muzzle1) { transformation: [-0.9983133268192462f,-0.03338866050206659f,-0.04749419801372557f,0.17510003341887895f,-0.0348747293825573f,0.9989165810541257f,0.03081261666314454f,4.201207785622499f,0.046413949902832354f,0.03241699315196005f,-0.9983961557465069f,2.1496930263187934f,0f,0f,0f,1f], start_interpolation: 0, interpolation_duration: 1 }
$data merge entity $(bone_jaw_right_tooth1) { transformation: [-0.9983133268192462f,-0.052734191531365486f,-0.024281814977931436f,-0.10121536749567195f,-0.0348747293825573f,0.8790987519885796f,-0.4753621119763493f,3.727022034406364f,0.046413949902832354f,-0.47371350972465975f,-0.8794550903592305f,2.688252622371366f,0f,0f,0f,1f], start_interpolation: 0, interpolation_duration: 1 }
$data merge entity $(bone_jaw_left_tooth1) { transformation: [-0.9983133268192462f,-0.052734191531365486f,-0.024281814977931436f,0.5324796153485761f,-0.0348747293825573f,0.8790987519885796f,-0.4753621119763493f,3.7491593137995887f,0.046413949902832354f,-0.47371350972465975f,-0.8794550903592305f,2.658790642452576f,0f,0f,0f,1f], start_interpolation: 0, interpolation_duration: 1 }
$data merge entity $(bone_tongue1) { transformation: [-0.9983133268192462f,-0.03444358155634228f,-0.04673479629420496f,0.1833912099107363f,-0.0348747293825573f,0.9993560409007304f,0.008441372264694602f,3.7426732809214145f,0.046413949902832354f,0.010056997801996148f,-0.9988716644542622f,1.9834913823446643f,0f,0f,0f,1f], start_interpolation: 0, interpolation_duration: 1 }
$data merge entity $(bone_jaw_lips1) { transformation: [-0.9983133268192462f,-0.03444358155634228f,-0.04673479629420496f,0.27251670232612646f,-0.0348747293825573f,0.9993560409007304f,0.008441372264694602f,3.6255492709094237f,0.046413949902832354f,0.010056997801996148f,-0.9988716644542622f,2.7604641191994275f,0f,0f,0f,1f], start_interpolation: 0, interpolation_duration: 1 }
$data merge entity $(bone_jaw3) { transformation: [-0.9983133268192462f,-0.04771654774755609f,-0.033070115907635325f,0.25017555352168674f,-0.0348747293825573f,0.9482890310983059f,-0.3154863970904766f,3.309620463822271f,0.046413949902832354f,-0.31380096330268303f,-0.9483536791117151f,2.042546374448097f,0f,0f,0f,1f], start_interpolation: 0, interpolation_duration: 1 }
$data merge entity $(bone_jaw1) { transformation: [-0.9983133268192462f,-0.010356591274194533f,-0.05712479770002265f,0.20554680531854408f,-0.0348747293825573f,0.8936241751692208f,0.4474590336596451f,3.659197833868869f,0.046413949902832354f,0.4486965283689068f,-0.8924781065573029f,1.3452978537002043f,0f,0f,0f,1f], start_interpolation: 0, interpolation_duration: 1 }
$data merge entity $(bone_tear_right1) { transformation: [-0.9983133268192462f,-0.029122214464453414f,-0.050223481756799936f,-0.3557190252832925f,-0.0348747293825573f,0.9924299053907782f,0.11775668191888158f,4.238175112105009f,0.046413949902832354f,0.11930959521655245f,-0.991771629834046f,2.1218831776062097f,0f,0f,0f,1f], start_interpolation: 0, interpolation_duration: 1 }
$data merge entity $(bone_right_pupil1) { transformation: [-0.9983133268192462f,-0.029122214464453414f,-0.050223481756799936f,-0.19475948727169712f,-0.0348747293825573f,0.9924299053907782f,0.11775668191888158f,4.333811741804378f,0.046413949902832354f,0.11930959521655245f,-0.991771629834046f,2.1841673284169465f,0f,0f,0f,1f], start_interpolation: 0, interpolation_duration: 1 }
$data merge entity $(bone_right_sad_pupil1) { transformation: [-0.9983133268192462f,-0.029122214464453414f,-0.050223481756799936f,-0.1952499509607284f,-0.0348747293825573f,0.9924299053907782f,0.11775668191888158f,4.334961709401242f,0.046413949902832354f,0.11930959521655245f,-0.991771629834046f,2.1744820585943487f,0f,0f,0f,1f], start_interpolation: 0, interpolation_duration: 1 }
$data merge entity $(bone_right_happy_pupil1) { transformation: [-0.9983133268192462f,-0.029122214464453414f,-0.050223481756799936f,-0.21891154047998024f,-0.0348747293825573f,0.9924299053907782f,0.11775668191888158f,4.309881350874044f,0.046413949902832354f,0.11930959521655245f,-0.991771629834046f,2.1727024025335706f,0f,0f,0f,1f], start_interpolation: 0, interpolation_duration: 1 }
$data merge entity $(bone_eyelid_right1) { transformation: [-0.9983133268192462f,-0.029122214464453414f,-0.050223481756799936f,0.15699157260421015f,-0.0348747293825573f,0.9924299053907782f,0.11775668191888158f,4.357113689540011f,0.046413949902832354f,0.11930959521655245f,-0.991771629834046f,1.6669423317946366f,0f,0f,0f,1f], start_interpolation: 0, interpolation_duration: 1 }
$data merge entity $(bone_eyelid_expressions_right5) { transformation: [-0.9983133268192462f,-0.029122214464453414f,-0.050223481756799936f,-0.3102088714396289f,-0.0348747293825573f,0.9924299053907782f,0.11775668191888158f,4.427962107662958f,0.046413949902832354f,0.11930959521655245f,-0.991771629834046f,2.1913458758873343f,0f,0f,0f,1f], start_interpolation: 0, interpolation_duration: 1 }
$data merge entity $(bone_eyelid_expressions_right7) { transformation: [-0.9983133268192462f,-0.029122214464453414f,-0.050223481756799936f,-0.01773426397305282f,-0.0348747293825573f,0.9924299053907782f,0.11775668191888158f,4.438179313536754f,0.046413949902832354f,0.11930959521655245f,-0.991771629834046f,2.1777480390017385f,0f,0f,0f,1f], start_interpolation: 0, interpolation_duration: 1 }
$data merge entity $(bone_eyelid_expressions_right6) { transformation: [-0.9983133268192462f,-0.029122214464453414f,-0.050223481756799936f,-0.11522579979524483f,-0.0348747293825573f,0.9924299053907782f,0.11775668191888158f,4.434773578245489f,0.046413949902832354f,0.11930959521655245f,-0.991771629834046f,2.182280651296937f,0f,0f,0f,1f], start_interpolation: 0, interpolation_duration: 1 }
$data merge entity $(bone_right_eye1) { transformation: [-0.9983133268192462f,-0.029122214464453414f,-0.050223481756799936f,0.1477328827110222f,-0.0348747293825573f,0.9924299053907782f,0.11775668191888158f,4.35562314841402f,0.046413949902832354f,0.11930959521655245f,-0.991771629834046f,1.6770808628467546f,0f,0f,0f,1f], start_interpolation: 0, interpolation_duration: 1 }
$data merge entity $(bone_tear_left1) { transformation: [-0.9983133268192462f,-0.029122214464453414f,-0.050223481756799936f,0.6971895615963812f,-0.0348747293825573f,0.9924299053907782f,0.11775668191888158f,4.274957053250675f,0.046413949902832354f,0.11930959521655245f,-0.991771629834046f,2.0729309648180663f,0f,0f,0f,1f], start_interpolation: 0, interpolation_duration: 1 }
$data merge entity $(bone_left_sad_pupil1) { transformation: [-0.9983133268192462f,-0.029122214464453414f,-0.050223481756799936f,0.5359365677057117f,-0.0348747293825573f,0.9924299053907782f,0.11775668191888158f,4.3605047240857315f,0.046413949902832354f,0.11930959521655245f,-0.991771629834046f,2.14048746638036f,0f,0f,0f,1f], start_interpolation: 0, interpolation_duration: 1 }
$data merge entity $(bone_left_pupil1) { transformation: [-0.9983133268192462f,-0.029122214464453414f,-0.050223481756799936f,0.536427031394743f,-0.0348747293825573f,0.9924299053907782f,0.11775668191888158f,4.359354756488868f,0.046413949902832354f,0.11930959521655245f,-0.991771629834046f,2.150172736202958f,0f,0f,0f,1f], start_interpolation: 0, interpolation_duration: 1 }
$data merge entity $(bone_eyelid_left1) { transformation: [-0.9983133268192462f,-0.029122214464453414f,-0.050223481756799936f,0.13749326543977175f,-0.0348747293825573f,0.9924299053907782f,0.11775668191888158f,4.356432542481758f,0.046413949902832354f,0.11930959521655245f,-0.991771629834046f,1.6678488542536765f,0f,0f,0f,1f], start_interpolation: 0, interpolation_duration: 1 }
$data merge entity $(bone_left_happy_pupil1) { transformation: [-0.9983133268192462f,-0.029122214464453414f,-0.050223481756799936f,0.5610207460975558f,-0.0348747293825573f,0.9924299053907782f,0.11775668191888158f,4.337127233204167f,0.046413949902832354f,0.11930959521655245f,-0.991771629834046f,2.136441504171983f,0f,0f,0f,1f], start_interpolation: 0, interpolation_duration: 1 }
$data merge entity $(bone_eyelid_expressions_left5) { transformation: [-0.9983133268192462f,-0.029122214464453414f,-0.050223481756799936f,0.6452081796178528f,-0.0348747293825573f,0.9924299053907782f,0.11775668191888158f,4.461338313517357f,0.046413949902832354f,0.11930959521655245f,-0.991771629834046f,2.1469262753943887f,0f,0f,0f,1f], start_interpolation: 0, interpolation_duration: 1 }
$data merge entity $(bone_eyelid_expressions_left7) { transformation: [-0.9983133268192462f,-0.029122214464453414f,-0.050223481756799936f,0.3527335721512768f,-0.0348747293825573f,0.9924299053907782f,0.11775668191888158f,4.451121107643562f,0.046413949902832354f,0.11930959521655245f,-0.991771629834046f,2.160524112279984f,0f,0f,0f,1f], start_interpolation: 0, interpolation_duration: 1 }
$data merge entity $(bone_eyelid_expressions_left6) { transformation: [-0.9983133268192462f,-0.029122214464453414f,-0.050223481756799936f,0.4502251079734688f,-0.0348747293825573f,0.9924299053907782f,0.11775668191888158f,4.454526842934827f,0.046413949902832354f,0.11930959521655245f,-0.991771629834046f,2.155991499984786f,0f,0f,0f,1f], start_interpolation: 0, interpolation_duration: 1 }
$data merge entity $(bone_left_eye1) { transformation: [-0.9983133268192462f,-0.029122214464453414f,-0.050223481756799936f,0.1477328827110222f,-0.0348747293825573f,0.9924299053907782f,0.11775668191888158f,4.35562314841402f,0.046413949902832354f,0.11930959521655245f,-0.991771629834046f,1.6770808628467546f,0f,0f,0f,1f], start_interpolation: 0, interpolation_duration: 1 }
$data merge entity $(bone_crest_middle5) { transformation: [-0.9983133268192462f,-0.039302252702205366f,-0.04272978384711566f,0.13346278502762704f,-0.0348747293825573f,0.9943925647525848f,-0.09983576721431187f,5.502642574897285f,0.046413949902832354f,-0.09817718725502834f,-0.9940860049095896f,2.231999447813434f,0f,0f,0f,1f], start_interpolation: 0, interpolation_duration: 1 }
$data merge entity $(bone_crest_middle4) { transformation: [-0.9983133268192462f,-0.039302252702205366f,-0.04272978384711566f,0.1564914487203255f,-0.0348747293825573f,0.9943925647525848f,-0.09983576721431187f,4.919990681487567f,0.046413949902832354f,-0.09817718725502834f,-0.9940860049095896f,2.289525143470677f,0f,0f,0f,1f], start_interpolation: 0, interpolation_duration: 1 }
$data merge entity $(bone_crest_middle1) { transformation: [-0.9983133268192462f,-0.039302252702205366f,-0.04272978384711566f,0.1768925826832717f,-0.0348747293825573f,0.9943925647525848f,-0.09983576721431187f,4.490313982610473f,0.046413949902832354f,-0.09817718725502834f,-0.9940860049095896f,2.4054787594282f,0f,0f,0f,1f], start_interpolation: 0, interpolation_duration: 1 }
$data merge entity $(bone_crest_left5) { transformation: [-0.5118319329449473f,-0.8568347282235695f,0.062147573789173086f,-0.8047996450218846f,-0.8557450712139233f,0.5148792396614997f,0.050987661827873426f,4.90559905369007f,-0.07568649490441741f,-0.027085366448284798f,-0.9967637319914112f,2.295278015426088f,0f,0f,0f,1f], start_interpolation: 0, interpolation_duration: 1 }
$data merge entity $(bone_crest_left4) { transformation: [-0.5118319329449473f,-0.8568347282235695f,0.062147573789173086f,-0.38642331288146986f,-0.8557450712139233f,0.5148792396614997f,0.050987661827873426f,4.6541931749491035f,-0.07568649490441741f,-0.027085366448284798f,-0.9967637319914112f,2.3085032920121646f,0f,0f,0f,1f], start_interpolation: 0, interpolation_duration: 1 }
$data merge entity $(bone_crest_left1) { transformation: [-0.5118319329449473f,-0.8568347282235695f,0.062147573789173086f,0.0768252019744109f,-0.8557450712139233f,0.5148792396614997f,0.050987661827873426f,4.380136340259229f,-0.07568649490441741f,-0.027085366448284798f,-0.9967637319914112f,2.274380992155706f,0f,0f,0f,1f], start_interpolation: 0, interpolation_duration: 1 }
$data merge entity $(bone_crest_center1) { transformation: [-0.9983133268192462f,-0.029122214464453414f,-0.050223481756799936f,0.17502772025998445f,-0.0348747293825573f,0.9924299053907782f,0.11775668191888158f,4.35931313994776f,0.046413949902832354f,0.11930959521655245f,-0.991771629834046f,2.2669355852302893f,0f,0f,0f,1f], start_interpolation: 0, interpolation_duration: 1 }
$data merge entity $(bone_crest_right5) { transformation: [-0.560954786069844f,0.8126967902766811f,-0.15765042042226246f,1.1128377177707756f,0.8182687143370243f,0.5732020711204934f,0.04330931539992816f,4.9725891281332855f,0.12556288911365926f,-0.10470583907861808f,-0.9865448029057137f,2.206122514745716f,0f,0f,0f,1f], start_interpolation: 0, interpolation_duration: 1 }
$data merge entity $(bone_crest_right4) { transformation: [-0.560954786069844f,0.8126967902766811f,-0.15765042042226246f,0.7160131131434899f,0.8182687143370243f,0.5732020711204934f,0.04330931539992816f,4.692705304343982f,0.12556288911365926f,-0.10470583907861808f,-0.9865448029057137f,2.2572484127333223f,0f,0f,0f,1f], start_interpolation: 0, interpolation_duration: 1 }
$data merge entity $(bone_crest_right1) { transformation: [-0.560954786069844f,0.8126967902766811f,-0.15765042042226246f,0.2718082736187949f,0.8182687143370243f,0.5732020711204934f,0.04330931539992816f,4.38694781084176f,0.12556288911365926f,-0.10470583907861808f,-0.9865448029057137f,2.265315767565309f,0f,0f,0f,1f], start_interpolation: 0, interpolation_duration: 1 }
$data merge entity $(bone_head1) { transformation: [-0.9983133268192462f,-0.029122214464453414f,-0.050223481756799936f,0.12217936294245063f,-0.0348747293825573f,0.9924299053907782f,0.11775668191888158f,4.370412874767386f,0.046413949902832354f,0.11930959521655245f,-0.991771629834046f,1.1385653587749256f,0f,0f,0f,1f], start_interpolation: 0, interpolation_duration: 1 }
$data merge entity $(bone_neck10) { transformation: [-1.2989908490716855f,-0.03702330361215139f,-0.08168877500678288f,0.07508310183376324f,-0.047482676743291145f,1.290012926295497f,0.1703908810478594f,4.104812499625337f,0.07608663734032711f,0.17296511765271064f,-1.2882992271355556f,0.16876262414502893f,0f,0f,0f,1f], start_interpolation: 0, interpolation_duration: 1 }
$data merge entity $(bone_neck9) { transformation: [-0.9976249720870545f,-0.014571579952448444f,-0.06732075553641231f,0.09686932421169644f,-0.0364666957388476f,0.9408899694902293f,0.33674359001258813f,2.89388072243986f,0.05843453747737122f,0.3383987800958582f,-0.9391867069222396f,-0.21498647622460373f,0f,0f,0f,1f], start_interpolation: 0, interpolation_duration: 1 }
$data merge entity $(bone_neck8) { transformation: [-0.9979208579392602f,-0.04238952097277695f,-0.048549869221961146f,0.1265757014311141f,-0.030158351948742283f,0.9728395666139523f,-0.22950741042091327f,2.266929106612131f,0.056959942920501765f,-0.2275660478675945f,-0.9720952930450888f,-0.026489342877956235f,0f,0f,0f,1f], start_interpolation: 0, interpolation_duration: 1 }
$data merge entity $(bone_neck7) { transformation: [-0.9990693163914895f,-0.018015278100022007f,-0.03919120819802167f,0.1421499404950409f,8.673617379884035e-19f,0.908602009728101f,-0.4176630076006924f,1.5347990079213112f,0.04313352576641298f,-0.4172742954856373f,-0.9077563887309873f,0.3342450069912811f,0f,0f,0f,1f], start_interpolation: 0, interpolation_duration: 1 }
$data merge entity $(bone_neck6) { transformation: [-0.9990693163914895f,-0.011163777950767981f,-0.04166378651668328f,0.15066117211205657f,8.673617379884035e-19f,0.9659258262890684f,-0.25881904510252074f,0.7638964346327866f,0.04313352576641298f,-0.2585781664596735f,-0.9650268549555041f,0.5313842438649519f,0f,0f,0f,1f], start_interpolation: 0, interpolation_duration: 1 }
$data merge entity $(bone_neck_spine6) { transformation: [-1.0719730910996217f,0.1688283058360273f,0.21751407454282207f,-0.002058929296928802f,0.1615462376730612f,-0.32239169551209057f,1.0463785573471387f,0.6644170115989702f,0.22297574435207593f,1.0452283364560768f,0.28761296844415957f,-1.6449562318475257f,0f,0f,0f,1f], start_interpolation: 0, interpolation_duration: 1 }
$data merge entity $(bone_neck_spine7) { transformation: [-0.9583366191339912f,-0.07489880745846415f,0.27564668158374617f,-0.12037046901835197f,0.2789357239468768f,-0.037520467017185005f,0.9595765089147629f,1.7234723715349898f,-0.06152874395811267f,0.9964850140348884f,0.0568491905907616f,-4.565585991505419f,0f,0f,0f,1f], start_interpolation: 0, interpolation_duration: 1 }
$data merge entity $(bone_tail6) { transformation: [-0.9871638675651102f,-0.4762080380409234f,1.0202586362110027f,0.9282582126413991f,1.065161213961329f,0.04472871769144607f,1.051487142940956f,1.4680866959358658f,-0.36487445584796546f,1.4189501499358317f,0.3092594140050674f,-7.824718556064736f,0f,0f,0f,1f], start_interpolation: 0, interpolation_duration: 1 }
$data merge entity $(bone_tail5) { transformation: [-0.8154831949450911f,-0.393389248816415f,0.8428223516525676f,0.6798018449678735f,0.8799157854463152f,0.03694981026684675f,0.8686198137338333f,1.4914234182096637f,-0.3014180287439715f,1.1721762108165568f,0.2554751680911426f,-7.084396738706911f,0f,0f,0f,1f], start_interpolation: 0, interpolation_duration: 1 }
$data merge entity $(bone_tail4) { transformation: [-0.6592537828608737f,-0.3180241506221123f,0.6813553327043914f,0.555573661131111f,0.7113424454976527f,0.029871004510461374f,0.7022105441553516f,1.5030917793465628f,-0.24367268007933696f,0.9476119262180164f,0.2065315043094711f,-6.714235830027998f,0f,0f,0f,1f], start_interpolation: 0, interpolation_duration: 1 }
$data merge entity $(bone_segment18) { transformation: [-0.6592537828608737f,-0.3180241506221123f,0.6813553327043914f,0.4002884313351577f,0.7113424454976527f,0.029871004510461374f,0.7022105441553516f,1.5176772307676865f,-0.24367268007933696f,0.9476119262180164f,0.2065315043094711f,-6.251534694179357f,0f,0f,0f,1f], start_interpolation: 0, interpolation_duration: 1 }
$data merge entity $(bone_segment17) { transformation: [-0.6592537828608737f,-0.3180241506221123f,0.6813553327043914f,0.19841763260041845f,0.7113424454976527f,0.029871004510461374f,0.7022105441553516f,1.5366383176151472f,-0.24367268007933696f,0.9476119262180164f,0.2065315043094711f,-5.650023217576124f,0f,0f,0f,1f], start_interpolation: 0, interpolation_duration: 1 }
$data merge entity $(bone_segment16) { transformation: [-0.846988696352022f,-0.4579579935852826f,0.26997152509708167f,-0.181723280043615f,0.3610609441154178f,-0.12282323664802447f,0.9244184372749099f,1.4346854356319239f,-0.3901860362524333f,0.8804481408070808f,0.26938063861935035f,-4.919182475695247f,0f,0f,0f,1f], start_interpolation: 0, interpolation_duration: 1 }
$data merge entity $(bone_segment15) { transformation: [-0.9583366191339912f,-0.14368930339556657f,0.24686901084690246f,-0.3290609446582096f,0.2789357239468768f,-0.28459866384645555f,0.9171687208158834f,1.142860633836242f,-0.06152874395811267f,0.9478169573427713f,0.3128214011867279f,-3.9472998534199446f,0f,0f,0f,1f], start_interpolation: 0, interpolation_duration: 1 }
$data merge entity $(bone_segment14) { transformation: [-0.9745572956249242f,0.03371603327049903f,0.22158814644456112f,-0.29448884023045185f,0.17957009574689042f,-0.47419718137125993f,0.8619116044543111f,0.6566232896567277f,0.13413671480130357f,0.8797728469781588f,0.45607793134754765f,-3.045189023998981f,0f,0f,0f,1f], start_interpolation: 0, interpolation_duration: 1 }
$data merge entity $(bone_segment13) { transformation: [-0.9685592164288345f,0.11609675461628927f,0.22003315168021187f,-0.17514736396431763f,0.14596177709754232f,-0.4510378805128795f,0.8804884950804166f,0.1506139154527634f,0.20146514313222857f,0.8849216767093089f,0.41991120751022565f,-2.104841173838756f,0f,0f,0f,1f], start_interpolation: 0, interpolation_duration: 1 }
$data merge entity $(bone_segment12) { transformation: [-0.9740518108800555f,0.13372189604388493f,0.18259661617815576f,-0.01844201703788996f,0.15342652635868437f,-0.2029727978657433f,0.9670896258031414f,-0.08724483204615457f,0.1663832044732647f,0.9700105658419295f,0.17718953531240805f,-0.9681100419927444f,0f,0f,0f,1f], start_interpolation: 0, interpolation_duration: 1 }
$data merge entity $(bone_segment11) { transformation: [-1.0240842003126778f,0.12136141653132167f,0.08984107725042403f,0.11700539005979592f,0.12645968699484073f,0.35278611717351255f,0.9649343837841338f,0.32104958615510515f,0.08251036388946863f,0.9655888483310118f,-0.3638388073634805f,0.1481701776382f,0f,0f,0f,1f], start_interpolation: 0, interpolation_duration: 1 }
$data merge entity $(bone_segment10) { transformation: [-0.9988869751182854f,0.04659651217454072f,-0.007319562296331121f,0.1541786562641271f,0.03655512722776586f,0.86282798465808f,0.5041741678866918f,1.1175247650272198f,0.029808280936743814f,0.5033454419621219f,-0.8635709770734262f,0.6128570756074346f,0f,0f,0f,1f], start_interpolation: 0, interpolation_duration: 1 }