# This file was generated by Animated Java via MC-Build. It is not recommended to edit this file directly.
$data merge entity $(bone_neck_spine5) { transformation: [-1.5685314502540606f,-0.04952473056813179f,-0.09630984468209668f,0.14393602395676064f,-0.057335332167524074f,1.5659538835720923f,0.1285312793345052f,4.244121758323712f,0.09187461458844501f,0.13173811576107652f,-1.5640407026693992f,-0.6970539072102512f,0f,0f,0f,1f], start_interpolation: 0, interpolation_duration: 1 }
$data merge entity $(bone_neck_spine2) { transformation: [-1.4938394764324383f,-0.05447445219602169f,-0.08758101617376954f,0.07099125433641815f,-0.05460507825478482f,1.4963997337397081f,0.0006355914942379824f,5.782484285143251f,0.08749963294137618f,0.0038278722160056313f,-1.4948322458769243f,0.9395152533177277f,0f,0f,0f,1f], start_interpolation: 0, interpolation_duration: 1 }
$data merge entity $(bone_scale_neck_left1) { transformation: [-1.5993535988284637f,0.39341604048134465f,-0.01862701919511902f,0.8860873241351858f,0.3643391900323263f,1.5074234063339416f,0.5549655029646777f,4.910020824937455f,0.14959980400623127f,0.534746270642657f,-1.550716416857944f,0.8575692266690529f,0f,0f,0f,1f], start_interpolation: 0, interpolation_duration: 1 }
$data merge entity $(bone_scale_neck_right1) { transformation: [-1.5751102885272463f,-0.43701649588347624f,-0.20272948019223894f,-0.6824441261188742f,-0.4803769917645573f,1.4770681811916697f,0.5482359115673113f,4.85268549276993f,0.036340137541324403f,0.5833877366507916f,-1.5399328634608125f,0.9494438412574978f,0f,0f,0f,1f], start_interpolation: 0, interpolation_duration: 1 }
$data merge entity $(bone_blush_right1) { transformation: [-0.9983133268192462f,-0.029122214464453414f,-0.050223481756799936f,-0.47741384480203997f,-0.0348747293825573f,0.9924299053907782f,0.11775668191888158f,4.5165492184849825f,0.046413949902832354f,0.11930959521655245f,-0.991771629834046f,2.336309549703351f,0f,0f,0f,1f], start_interpolation: 0, interpolation_duration: 1 }
$data merge entity $(bone_blush_left1) { transformation: [-0.9983133268192462f,-0.029122214464453414f,-0.050223481756799936f,0.8455462963051057f,-0.0348747293825573f,0.9924299053907782f,0.11775668191888158f,4.562765046387454f,0.046413949902832354f,0.11930959521655245f,-0.991771629834046f,2.274802000857507f,0f,0f,0f,1f], start_interpolation: 0, interpolation_duration: 1 }
$data merge entity $(bone_left_head_scales) { transformation: [-0.8623241127418245f,-0.029122214464453414f,-0.5055185666310504f,0.8157580116753502f,-0.08530824734168972f,0.9924299053907782f,0.08834809461182706f,5.333897349258407f,0.4991188510961237f,0.11930959521655245f,-0.8582806026992268f,1.9715423143265371f,0f,0f,0f,1f], start_interpolation: 0, interpolation_duration: 1 }
$data merge entity $(bone_left_head_scales2) { transformation: [-0.7889633968177229f,-0.029122214464453414f,-0.613749668111134f,0.8503829998690466f,-0.09611016383930293f,0.9924299053907782f,0.07645730372458608f,4.422424165087975f,0.6068769190607128f,0.11930959521655245f,-0.7857898100641414f,2.031421004313983f,0f,0f,0f,1f], start_interpolation: 0, interpolation_duration: 1 }
$data merge entity $(bone_left_head_scales1) { transformation: [-0.9983133268192462f,-0.029122214464453414f,-0.050223481756799936f,0.8190285728700887f,-0.0348747293825573f,0.9924299053907782f,0.11775668191888158f,5.222442818867841f,0.046413949902832354f,0.11930959521655245f,-0.991771629834046f,1.9581432875199907f,0f,0f,0f,1f], start_interpolation: 0, interpolation_duration: 1 }
$data merge entity $(bone_right_head_scales) { transformation: [-0.9087053588478994f,-0.029122214464453414f,0.4164210218346298f,-0.5296251826708995f,0.023439721808715407f,0.9924299053907782f,0.1205548104705129f,5.2868982022389455f,-0.4167794983473166f,0.11930959521655245f,-0.9011437567040131f,2.034092364000276f,0f,0f,0f,1f], start_interpolation: 0, interpolation_duration: 1 }
$data merge entity $(bone_right_head_scales2) { transformation: [-0.846577408192137f,-0.029122214464453414f,0.5314683326063468f,-0.49500019447720306f,0.038974752103808574f,0.9924299053907782f,0.11646394972049474f,4.375425018068512f,-0.530836755167849f,0.11930959521655245f,-0.8390337060286266f,2.0939710539877217f,0f,0f,0f,1f], start_interpolation: 0, interpolation_duration: 1 }
$data merge entity $(bone_right_head_scales1) { transformation: [-0.9983133268192462f,-0.029122214464453414f,-0.050223481756799936f,-0.5263546214761611f,-0.0348747293825573f,0.9924299053907782f,0.11775668191888158f,5.175443671848379f,0.046413949902832354f,0.11930959521655245f,-0.991771629834046f,2.0206933371937295f,0f,0f,0f,1f], start_interpolation: 0, interpolation_duration: 1 }
$data merge entity $(bone_head_left_fin1) { transformation: [-0.6982888694205731f,-0.024588516038765364f,-0.7813214816882506f,0.8270629356157312f,0.15425830943529506f,1.0227230330068795f,-0.17005049177390816f,4.8144071147618615f,0.7663368886062294f,-0.22827220737837253f,-0.6777128968266007f,1.8243618840703486f,0f,0f,0f,1f], start_interpolation: 0, interpolation_duration: 1 }
$data merge entity $(bone_head_right_fin1) { transformation: [-0.7538578744128774f,-0.0679455843982724f,0.7250909603433556f,-0.5183202587305186f,-0.20498709703578627f,1.0212084123109135f,-0.11742600520939933f,4.7674079677423995f,-0.6988231487720717f,-0.2262564346297671f,-0.74774957743491f,1.8869119337440876f,0f,0f,0f,1f], start_interpolation: 0, interpolation_duration: 1 }
$data merge entity $(bone_right_whisker16) { transformation: [0.2673428192371427f,0.9408939736866913f,-0.2079575612532628f,-1.0151153423235768f,0.9265858638326399f,-0.3102564862516244f,-0.212554815716597f,2.086422425860682f,-0.2645117274297257f,-0.13586553285827713f,-0.9547638991045265f,2.2996026877948577f,0f,0f,0f,1f], start_interpolation: 0, interpolation_duration: 1 }
$data merge entity $(bone_right_whisker15) { transformation: [-0.8979492550968575f,0.3878669720259696f,-0.2079575612532628f,-0.7125836108700458f,0.42854592357306875f,0.8781621955564867f,-0.212554815716597f,1.942039277781865f,0.10017747581120323f,-0.27998280359125066f,-0.9547638991045265f,2.2658514874483098f,0f,0f,0f,1f], start_interpolation: 0, interpolation_duration: 1 }
$data merge entity $(bone_right_whisker14) { transformation: [-0.7310166104018524f,-0.6498987367537976f,-0.2079575612532628f,-0.4662938349045784f,-0.6147739028175325f,0.7595218882495638f,-0.212554815716597f,2.1491652508990997f,0.29608742582400505f,-0.027534219357652816f,-0.9547638991045265f,2.166095469958777f,0f,0f,0f,1f], start_interpolation: 0, interpolation_duration: 1 }
$data merge entity $(bone_right_whisker13) { transformation: [-0.07765322261533428f,-0.9967488303016968f,0.021488283078293317f,-0.44013137220702925f,-0.9968498984532513f,0.0772762568285043f,-0.017851052750975788f,2.485017999889697f,0.016132481867227322f,-0.0228067845777211f,-0.9996097206440264f,2.160660209954682f,0f,0f,0f,1f], start_interpolation: 0, interpolation_duration: 1 }
$data merge entity $(bone_right_whisker12) { transformation: [0.10300310732635523f,-0.9939630607358853f,0.037786158493113106f,-0.48640229932629037f,-0.9756590264369851f,-0.0935666426820132f,0.19832989565179382f,2.9233023281719364f,-0.1935970661274344f,-0.057295002136030934f,-0.9794066870902411f,2.2476276420041157f,0f,0f,0f,1f], start_interpolation: 0, interpolation_duration: 1 }
$data merge entity $(bone_right_whisker11) { transformation: [0.2999470296660322f,-0.9515993455445527f,0.06701093159853716f,-0.6211441290590783f,-0.9464196663796184f,-0.30565458397904494f,-0.1042357442650515f,3.348451787678406f,0.11967286444477157f,-0.03215526164994463f,-0.9922925197056593f,2.193868347429316f,0f,0f,0f,1f], start_interpolation: 0, interpolation_duration: 1 }
$data merge entity $(bone_right_whisker10) { transformation: [0.05584082164993589f,-0.9824526615783914f,0.17795665313495673f,-0.6462288731596355f,-0.9341643053012899f,-0.11432592480975613f,-0.3380334800243207f,3.7680959092004693f,0.3524469510982027f,-0.1473646859798142f,-0.9241562616720462f,2.0355425686156705f,0f,0f,0f,1f], start_interpolation: 0, interpolation_duration: 1 }
$data merge entity $(bone_right_whisker1) { transformation: [-0.3273979191757052f,-0.9331338200842726f,0.14856606723727722f,-0.4991555891549242f,-0.9442811900309375f,0.3174911601105252f,-0.08678938532695096f,4.192284725034679f,0.033817697632682275f,-0.16870280693161466f,-0.9850866592641576f,2.020351024757239f,0f,0f,0f,1f], start_interpolation: 0, interpolation_duration: 1 }
$data merge entity $(bone_left_whisker16) { transformation: [0.24876382250630197f,-0.8889146603087668f,0.38463916506279416f,1.3761788323457074f,-0.917094282352275f,-0.34390801548669414f,-0.2016565252124759f,2.1304000879688902f,0.31153593354349873f,-0.3025855310026472f,-0.9007704249913107f,2.517481515644184f,0f,0f,0f,1f], start_interpolation: 0, interpolation_duration: 1 }
$data merge entity $(bone_left_whisker15) { transformation: [-0.8488396776491207f,-0.36266225933826346f,0.38463916506279416f,1.0901928081377517f,-0.46067065932177076f,0.8643594098980327f,-0.2016565252124759f,1.975193664662239f,-0.2593332706934885f,-0.34836603762765256f,-0.9007704249913107f,2.4301084898734286f,0f,0f,0f,1f], start_interpolation: 0, interpolation_duration: 1 }
$data merge entity $(bone_left_whisker14) { transformation: [-0.68741877876718f,0.6160423161585864f,0.38463916506279416f,0.8585917547445127f,0.5886878307114821f,0.7828034771329517f,-0.2016565252124759f,2.1735308732515564f,-0.4253258287130565f,0.08780991339549851f,-0.9007704249913107f,2.286810237035534f,0f,0f,0f,1f], start_interpolation: 0, interpolation_duration: 1 }
$data merge entity $(bone_left_whisker13) { transformation: [-0.10975983910429457f,0.9809752376115016f,0.16012607817859603f,0.8216121214525384f,0.9934032341363817f,0.11364805989785567f,-0.01530140153159304f,2.5082223925650835f,-0.03320831412729347f,0.1573902845620144f,-0.9869779664198745f,2.2756218890141313f,0f,0f,0f,1f], start_interpolation: 0, interpolation_duration: 1 }
$data merge entity $(bone_left_whisker12) { transformation: [0.0306833425784432f,0.9906980607167604f,0.13257407355989578f,0.8353956542514483f,0.9781176187693869f,-0.05706726208589158f,0.20007311526270813f,2.9476111666216442f,0.20577768669396237f,0.12353412520462072f,-0.9707702424203217f,2.368061084208685f,0f,0f,0f,1f], start_interpolation: 0, interpolation_duration: 1 }
$data merge entity $(bone_left_whisker11) { transformation: [0.2819166887769996f,0.9522523032514578f,0.11721148212230068f,0.9620379167879912f,0.9571205689593909f,-0.2706413491366667f,-0.10331251914621578f,3.3775676722088708f,-0.06665731065580666f,0.1413110437643814f,-0.9877185792756741f,2.3381173704375215f,0f,0f,0f,1f], start_interpolation: 0, interpolation_duration: 1 }
$data merge entity $(bone_left_whisker10) { transformation: [0.08449365733638173f,0.9964143802173187f,0.004382324275925553f,0.9999940519195689f,0.9367451597876876f,-0.07793310160840426f,-0.3412256398455929f,3.798371161957246f,-0.33966060631792766f,0.03293652334159446f,-0.9399712005938832f,2.18553545744314f,0f,0f,0f,1f], start_interpolation: 0, interpolation_duration: 1 }
$data merge entity $(bone_left_whisker1) { transformation: [-0.35011387702183744f,0.9360487044504099f,0.035115466869279265f,0.8427163337261654f,0.9318212488145367f,0.35186680420873534f,-0.08887582547380041f,4.216962738573151f,-0.09554806839730268f,0.0016046783606887827f,-0.9954235237490136f,2.1426134735927893f,0f,0f,0f,1f], start_interpolation: 0, interpolation_duration: 1 }
$data merge entity $(bone_upper_left_tooth1) { transformation: [-0.9983133268192462f,-0.03338866050206659f,-0.04749419801372557f,0.5274499974196032f,-0.0348747293825573f,0.9989165810541257f,0.03081261666314454f,4.555976563828459f,0.046413949902832354f,0.03241699315196005f,-0.9983961557465069f,3.049646723055284f,0f,0f,0f,1f], start_interpolation: 0, interpolation_duration: 1 }
$data merge entity $(bone_upper_right_tooth1) { transformation: [-0.9983133268192462f,-0.03338866050206659f,-0.04749419801372557f,-0.14524159975352163f,-0.0348747293825573f,0.9989165810541257f,0.03081261666314454f,4.532476990318727f,0.046413949902832354f,0.03241699315196005f,-0.9983961557465069f,3.080921747892154f,0f,0f,0f,1f], start_interpolation: 0, interpolation_duration: 1 }
$data merge entity $(bone_top_lip1) { transformation: [-0.9983133268192462f,-0.05279006836918307f,-0.024160094715588613f,0.21500870075867182f,-0.0348747293825573f,0.877999771504881f,-0.47738889229628123f,4.668607254424175f,0.046413949902832354f,-0.4757411164897922f,-0.8783599121860374f,3.0679857310730188f,0f,0f,0f,1f], start_interpolation: 0, interpolation_duration: 1 }
$data merge entity $(bone_muzzle1) { transformation: [-0.9983133268192462f,-0.03338866050206659f,-0.04749419801372557f,0.1827150408031067f,-0.0348747293825573f,0.9989165810541257f,0.03081261666314454f,4.8541837825620116f,0.046413949902832354f,0.03241699315196005f,-0.9983961557465069f,2.5128237601398857f,0f,0f,0f,1f], start_interpolation: 0, interpolation_duration: 1 }
$data merge entity $(bone_jaw_right_tooth1) { transformation: [-0.9983133268192462f,-0.052734191531365486f,-0.024281814977931436f,-0.13504767024862685f,-0.0348747293825573f,0.8790987519885796f,-0.4753621119763493f,4.308870168663456f,0.046413949902832354f,-0.47371350972465975f,-0.8794550903592305f,3.1321672956003432f,0f,0f,0f,1f], start_interpolation: 0, interpolation_duration: 1 }
$data merge entity $(bone_jaw_left_tooth1) { transformation: [-0.9983133268192462f,-0.052734191531365486f,-0.024281814977931436f,0.5937015600222584f,-0.0348747293825573f,0.8790987519885796f,-0.4753621119763493f,4.334328039965665f,0.046413949902832354f,-0.47371350972465975f,-0.8794550903592305f,3.0982860186937344f,0f,0f,0f,1f], start_interpolation: 0, interpolation_duration: 1 }
$data merge entity $(bone_tongue1) { transformation: [-0.9983133268192462f,-0.03444358155634228f,-0.04673479629420496f,0.19224989376874263f,-0.0348747293825573f,0.9993560409007304f,0.008441372264694602f,4.326869102155764f,0.046413949902832354f,0.010056997801996148f,-0.9988716644542622f,2.321691869569637f,0f,0f,0f,1f], start_interpolation: 0, interpolation_duration: 1 }
$data merge entity $(bone_jaw_lips1) { transformation: [-0.9983133268192462f,-0.03444358155634228f,-0.04673479629420496f,0.2947442100464413f,-0.0348747293825573f,0.9993560409007304f,0.008441372264694602f,4.192176490641975f,0.046413949902832354f,0.010056997801996148f,-0.9988716644542622f,3.2152105169526144f,0f,0f,0f,1f], start_interpolation: 0, interpolation_duration: 1 }
$data merge entity $(bone_jaw3) { transformation: [-0.9983133268192462f,-0.04771654774755609f,-0.033070115907635325f,0.26905188892133564f,-0.0348747293825573f,0.9482890310983059f,-0.3154863970904766f,3.82885836249175f,0.046413949902832354f,-0.31380096330268303f,-0.9483536791117151f,2.389605110488585f,0f,0f,0f,1f], start_interpolation: 0, interpolation_duration: 1 }
$data merge entity $(bone_jaw1) { transformation: [-0.9983133268192462f,-0.010356591274194533f,-0.05712479770002265f,0.21772882848772154f,-0.0348747293825573f,0.8936241751692208f,0.4474590336596451f,4.230872338045337f,0.046413949902832354f,0.4486965283689068f,-0.8924781065573029f,1.587769311628508f,0f,0f,0f,1f], start_interpolation: 0, interpolation_duration: 1 }
$data merge entity $(bone_tear_right1) { transformation: [-0.9983133268192462f,-0.029122214464453414f,-0.050223481756799936f,-0.4277268767043906f,-0.0348747293825573f,0.9924299053907782f,0.11775668191888158f,4.896696208016898f,0.046413949902832354f,0.11930959521655245f,-0.991771629834046f,2.4808424341204143f,0f,0f,0f,1f], start_interpolation: 0, interpolation_duration: 1 }
$data merge entity $(bone_right_pupil1) { transformation: [-0.9983133268192462f,-0.029122214464453414f,-0.050223481756799936f,-0.24262340799105583f,-0.0348747293825573f,0.9924299053907782f,0.11775668191888158f,5.006678332171172f,0.046413949902832354f,0.11930959521655245f,-0.991771629834046f,2.552469207552762f,0f,0f,0f,1f], start_interpolation: 0, interpolation_duration: 1 }
$data merge entity $(bone_right_sad_pupil1) { transformation: [-0.9983133268192462f,-0.029122214464453414f,-0.050223481756799936f,-0.2431874412334418f,-0.0348747293825573f,0.9924299053907782f,0.11775668191888158f,5.008000794907566f,0.046413949902832354f,0.11930959521655245f,-0.991771629834046f,2.5413311472567743f,0f,0f,0f,1f], start_interpolation: 0, interpolation_duration: 1 }
$data merge entity $(bone_right_happy_pupil1) { transformation: [-0.9983133268192462f,-0.029122214464453414f,-0.050223481756799936f,-0.2703982691805813f,-0.0348747293825573f,0.9924299053907782f,0.11775668191888158f,4.979158382601288f,0.046413949902832354f,0.11930959521655245f,-0.991771629834046f,2.5392845427868798f,0f,0f,0f,1f], start_interpolation: 0, interpolation_duration: 1 }
$data merge entity $(bone_eyelid_right1) { transformation: [-0.9983133268192462f,-0.029122214464453414f,-0.050223481756799936f,0.16189031086623754f,-0.0348747293825573f,0.9924299053907782f,0.11775668191888158f,5.033475572067151f,0.046413949902832354f,0.11930959521655245f,-0.991771629834046f,1.957660461437105f,0f,0f,0f,1f], start_interpolation: 0, interpolation_duration: 1 }
$data merge entity $(bone_eyelid_expressions_right5) { transformation: [-0.9983133268192462f,-0.029122214464453414f,-0.050223481756799936f,-0.3753901997841772f,-0.0348747293825573f,0.9924299053907782f,0.11775668191888158f,5.114951252908539f,0.046413949902832354f,0.11930959521655245f,-0.991771629834046f,2.5607245371437073f,0f,0f,0f,1f], start_interpolation: 0, interpolation_duration: 1 }
$data merge entity $(bone_eyelid_expressions_right7) { transformation: [-0.9983133268192462f,-0.029122214464453414f,-0.050223481756799936f,-0.039044401197614875f,-0.0348747293825573f,0.9924299053907782f,0.11775668191888158f,5.126701039663405f,0.046413949902832354f,0.11930959521655245f,-0.991771629834046f,2.5450870247252726f,0f,0f,0f,1f], start_interpolation: 0, interpolation_duration: 1 }
$data merge entity $(bone_eyelid_expressions_right6) { transformation: [-0.9983133268192462f,-0.029122214464453414f,-0.050223481756799936f,-0.15115966739313572f,-0.0348747293825573f,0.9924299053907782f,0.11775668191888158f,5.12278444407845f,0.046413949902832354f,0.11930959521655245f,-0.991771629834046f,2.550299528864751f,0f,0f,0f,1f], start_interpolation: 0, interpolation_duration: 1 }
$data merge entity $(bone_right_eye1) { transformation: [-0.9983133268192462f,-0.029122214464453414f,-0.050223481756799936f,0.1512428174890714f,-0.0348747293825573f,0.9924299053907782f,0.11775668191888158f,5.031761449772262f,0.046413949902832354f,0.11930959521655245f,-0.991771629834046f,1.9693197721470406f,0f,0f,0f,1f], start_interpolation: 0, interpolation_duration: 1 }
$data merge entity $(bone_tear_left1) { transformation: [-0.9983133268192462f,-0.029122214464453414f,-0.050223481756799936f,0.7831179982072342f,-0.0348747293825573f,0.9924299053907782f,0.11775668191888158f,4.9389954403344145f,0.046413949902832354f,0.11930959521655245f,-0.991771629834046f,2.424547389414049f,0f,0f,0f,1f], start_interpolation: 0, interpolation_duration: 1 }
$data merge entity $(bone_left_sad_pupil1) { transformation: [-0.9983133268192462f,-0.029122214464453414f,-0.050223481756799936f,0.5976770552329643f,-0.0348747293825573f,0.9924299053907782f,0.11775668191888158f,5.03737526179473f,0.046413949902832354f,0.11930959521655245f,-0.991771629834046f,2.502237366210687f,0f,0f,0f,1f], start_interpolation: 0, interpolation_duration: 1 }
$data merge entity $(bone_left_pupil1) { transformation: [-0.9983133268192462f,-0.029122214464453414f,-0.050223481756799936f,0.5982410884753503f,-0.0348747293825573f,0.9924299053907782f,0.11775668191888158f,5.036052799058336f,0.046413949902832354f,0.11930959521655245f,-0.991771629834046f,2.5133754265066752f,0f,0f,0f,1f], start_interpolation: 0, interpolation_duration: 1 }
$data merge entity $(bone_eyelid_left1) { transformation: [-0.9983133268192462f,-0.029122214464453414f,-0.050223481756799936f,0.13946725762713338f,-0.0348747293825573f,0.9924299053907782f,0.11775668191888158f,5.032692252950159f,0.046413949902832354f,0.11930959521655245f,-0.991771629834046f,1.9587029622650005f,0f,0f,0f,1f], start_interpolation: 0, interpolation_duration: 1 }
$data merge entity $(bone_left_happy_pupil1) { transformation: [-0.9983133268192462f,-0.029122214464453414f,-0.050223481756799936f,0.6265238603835851f,-0.0348747293825573f,0.9924299053907782f,0.11775668191888158f,5.01049114728093f,0.046413949902832354f,0.11930959521655245f,-0.991771629834046f,2.4975845096710536f,0f,0f,0f,1f], start_interpolation: 0, interpolation_duration: 1 }
$data merge entity $(bone_eyelid_expressions_left5) { transformation: [-0.9983133268192462f,-0.029122214464453414f,-0.050223481756799936f,0.7233394089319267f,-0.0348747293825573f,0.9924299053907782f,0.11775668191888158f,5.1533338896411f,0.046413949902832354f,0.11930959521655245f,-0.991771629834046f,2.5096419965768204f,0f,0f,0f,1f], start_interpolation: 0, interpolation_duration: 1 }
$data merge entity $(bone_eyelid_expressions_left7) { transformation: [-0.9983133268192462f,-0.029122214464453414f,-0.050223481756799936f,0.3869936103453643f,-0.0348747293825573f,0.9924299053907782f,0.11775668191888158f,5.141584102886235f,0.046413949902832354f,0.11930959521655245f,-0.991771629834046f,2.5252795089952556f,0f,0f,0f,1f], start_interpolation: 0, interpolation_duration: 1 }
$data merge entity $(bone_eyelid_expressions_left6) { transformation: [-0.9983133268192462f,-0.029122214464453414f,-0.050223481756799936f,0.4991088765408851f,-0.0348747293825573f,0.9924299053907782f,0.11775668191888158f,5.1455006984711895f,0.046413949902832354f,0.11930959521655245f,-0.991771629834046f,2.520067004855777f,0f,0f,0f,1f], start_interpolation: 0, interpolation_duration: 1 }
$data merge entity $(bone_left_eye1) { transformation: [-0.9983133268192462f,-0.029122214464453414f,-0.050223481756799936f,0.1512428174890714f,-0.0348747293825573f,0.9924299053907782f,0.11775668191888158f,5.031761449772262f,0.046413949902832354f,0.11930959521655245f,-0.991771629834046f,1.9693197721470406f,0f,0f,0f,1f], start_interpolation: 0, interpolation_duration: 1 }
$data merge entity $(bone_crest_middle5) { transformation: [-0.9983133268192462f,-0.039302252702205366f,-0.04272978384711566f,0.1348322051531669f,-0.0348747293825573f,0.9943925647525848f,-0.09983576721431187f,6.350833790228016f,0.046413949902832354f,-0.09817718725502834f,-0.9940860049095896f,2.6074761448587216f,0f,0f,0f,1f], start_interpolation: 0, interpolation_duration: 1 }
$data merge entity $(bone_crest_middle4) { transformation: [-0.9983133268192462f,-0.039302252702205366f,-0.04272978384711566f,0.16131516839977014f,-0.0348747293825573f,0.9943925647525848f,-0.09983576721431187f,5.68078411280684f,0.046413949902832354f,-0.09817718725502834f,-0.9940860049095896f,2.6736306948645514f,0f,0f,0f,1f], start_interpolation: 0, interpolation_duration: 1 }
$data merge entity $(bone_crest_middle1) { transformation: [-0.9983133268192462f,-0.039302252702205366f,-0.04272978384711566f,0.18477647245715828f,-0.0348747293825573f,0.9943925647525848f,-0.09983576721431187f,5.1866559090981825f,0.046413949902832354f,-0.09817718725502834f,-0.9940860049095896f,2.8069773532157027f,0f,0f,0f,1f], start_interpolation: 0, interpolation_duration: 1 }
$data merge entity $(bone_crest_left5) { transformation: [-0.5118319329449473f,-0.8568347282235695f,0.062147573789173086f,-0.9441695894037708f,-0.8557450712139233f,0.5148792396614997f,0.050987661827873426f,5.664233740839718f,-0.07568649490441741f,-0.027085366448284798f,-0.9967637319914112f,2.6802464976132745f,0f,0f,0f,1f], start_interpolation: 0, interpolation_duration: 1 }
$data merge entity $(bone_crest_left4) { transformation: [-0.5118319329449473f,-0.8568347282235695f,0.062147573789173086f,-0.4630368074422938f,-0.8557450712139233f,0.5148792396614997f,0.050987661827873426f,5.375116980287606f,-0.07568649490441741f,-0.027085366448284798f,-0.9967637319914112f,2.6954555656872627f,0f,0f,0f,1f], start_interpolation: 0, interpolation_duration: 1 }
$data merge entity $(bone_crest_left1) { transformation: [-0.5118319329449473f,-0.8568347282235695f,0.062147573789173086f,0.06969898464196836f,-0.8557450712139233f,0.5148792396614997f,0.050987661827873426f,5.059951620394251f,-0.07568649490441741f,-0.027085366448284798f,-0.9967637319914112f,2.656214920852335f,0f,0f,0f,1f], start_interpolation: 0, interpolation_duration: 1 }
$data merge entity $(bone_crest_center1) { transformation: [-0.9983133268192462f,-0.029122214464453414f,-0.050223481756799936f,0.18263188067037794f,-0.0348747293825573f,0.9924299053907782f,0.11775668191888158f,5.0360049400360625f,0.046413949902832354f,0.11930959521655245f,-0.991771629834046f,2.647652702888106f,0f,0f,0f,1f], start_interpolation: 0, interpolation_duration: 1 }
$data merge entity $(bone_crest_right5) { transformation: [-0.560954786069844f,0.8126967902766811f,-0.15765042042226246f,1.2611133778077872f,0.8182687143370243f,0.5732020711204934f,0.04330931539992816f,5.7412723264494145f,0.12556288911365926f,-0.10470583907861808f,-0.9865448029057137f,2.5777176718308463f,0f,0f,0f,1f], start_interpolation: 0, interpolation_duration: 1 }
$data merge entity $(bone_crest_right4) { transformation: [-0.560954786069844f,0.8126967902766811f,-0.15765042042226246f,0.8047650824864085f,0.8182687143370243f,0.5732020711204934f,0.04330931539992816f,5.419405929091716f,0.12556288911365926f,-0.10470583907861808f,-0.9865448029057137f,2.636512454516594f,0f,0f,0f,1f], start_interpolation: 0, interpolation_duration: 1 }
$data merge entity $(bone_crest_right1) { transformation: [-0.560954786069844f,0.8126967902766811f,-0.15765042042226246f,0.29392951703300996f,0.8182687143370243f,0.5732020711204934f,0.04330931539992816f,5.067784811564161f,0.12556288911365926f,-0.10470583907861808f,-0.9865448029057137f,2.6457899125733784f,0f,0f,0f,1f], start_interpolation: 0, interpolation_duration: 1 }
$data merge entity $(bone_head1) { transformation: [-1.0464091511581937f,-0.030525237817558577f,-0.052643102622687406f,0.12185626975521409f,-0.03655489212624819f,1.0402422836452814f,0.12342985539674431f,5.0487696350786315f,0.04865003863513024f,0.1250575835277665f,-1.0395522942921962f,1.3500269424644376f,0f,0f,0f,1f], start_interpolation: 0, interpolation_duration: 1 }
$data merge entity $(bone_neck10) { transformation: [-1.4938394764324383f,-0.0425767991539741f,-0.09394209125780033f,0.06769556948022358f,-0.05460507825478482f,1.4835148652398216f,0.19594951320503834f,4.743329203665275f,0.08749963294137618f,0.19890988530061723f,-1.481544111205889f,0.23475379764005644f,0f,0f,0f,1f], start_interpolation: 0, interpolation_duration: 1 }
$data merge entity $(bone_neck9) { transformation: [-1.142787199470816f,-0.01669185867599808f,-0.07711645141036298f,0.09274972521484677f,-0.04177288486491041f,1.0777968107539448f,0.3857424131687169f,3.350757659901977f,0.06693721920015282f,0.38763844634027533f,-1.0758457101755738f,-0.20655766778502127f,0f,0f,0f,1f], start_interpolation: 0, interpolation_duration: 1 }
$data merge entity $(bone_neck8) { transformation: [-1.0609405996190182f,-0.04506646337795883f,-0.05161584403610844f,0.12799944493373316f,-0.03206288328925531f,1.034275398620172f,-0.24400104245921314f,2.5867445754993996f,0.06055702264920533f,-0.24193708083839963f,-1.0334841234001497f,0.006487753767967952f,0f,0f,0f,1f], start_interpolation: 0, interpolation_duration: 1 }
$data merge entity $(bone_neck7) { transformation: [-1.0546815732609376f,-0.019018081666136513f,-0.04137275006060686f,0.14608069291294623f,9.156426159818987e-19f,0.9591784887852316f,-0.44091182735971535f,1.7281732791657531f,0.045534513040519954f,-0.4405014779491933f,-0.9582857970880833f,0.42529005979609535f,0f,0f,0f,1f], start_interpolation: 0, interpolation_duration: 1 }
$data merge entity $(bone_neck6) { transformation: [-1.0486975643346343f,-0.011718332806004697f,-0.04373341341201071f,0.15606371166214322f,9.104474805720722e-19f,1.01390768862361f,-0.27167574636640246f,0.8299269690129472f,0.04527616119348154f,-0.27142290220242943f,-1.012964061357265f,0.6565191916620081f,0f,0f,0f,1f], start_interpolation: 0, interpolation_duration: 1 }
$data merge entity $(bone_neck_spine6) { transformation: [-1.2327690547645647f,0.19415255171143134f,0.2501411857242453f,-0.02234117023904586f,0.18577817332402033f,-0.3707504498389041f,1.2033353409492094f,0.659373632196423f,0.25642210600488724f,1.202012586924488f,0.3307549137107834f,-1.8668103960771858f,0f,0f,0f,1f], start_interpolation: 0, interpolation_duration: 1 }
$data merge entity $(bone_neck_spine7) { transformation: [-0.9583366191339912f,-0.07489880745846415f,0.27564668158374617f,-0.1583994409186824f,0.2789357239468768f,-0.037520467017185005f,0.9595765089147629f,1.8772872961228457f,-0.06152874395811267f,0.9964850140348884f,0.0568491905907616f,-5.225534619683763f,0f,0f,0f,1f], start_interpolation: 0, interpolation_duration: 1 }
$data merge entity $(bone_tail6) { transformation: [-1.135238447699877f,-0.547639243747062f,1.1732974316426532f,1.0475235429900316f,1.2249353960555283f,0.05143802534516298f,1.2092102143820995f,1.5835937691838533f,-0.41960562422516035f,1.6317926724262066f,0.35564832610582753f,-8.973537068926978f,0f,0f,0f,1f], start_interpolation: 0, interpolation_duration: 1 }
$data merge entity $(bone_tail5) { transformation: [-0.9378056741868548f,-0.45239763613887723f,0.9692457044004527f,0.7617987201654777f,1.0119031532632625f,0.04249228180687377f,0.9989127857939084f,1.610430999798721f,-0.34663073305556724f,1.3480026424390403f,0.293796443304814f,-8.12216697896548f,0f,0f,0f,1f], start_interpolation: 0, interpolation_duration: 1 }
$data merge entity $(bone_tail4) { transformation: [-0.6910147072955771f,-0.33334562662864636f,0.7141810453477019f,0.6189363087532006f,0.7456128497729302f,0.031310102384012245f,0.7360410000586692f,1.6238496151061548f,-0.2554121190935758f,0.9932651049550822f,0.21648158980354715f,-7.69648193398473f,0f,0f,0f,1f], start_interpolation: 0, interpolation_duration: 1 }
$data merge entity $(bone_segment18) { transformation: [-0.6592537828608737f,-0.3180241506221123f,0.6813553327043914f,0.44035829448785435f,0.7113424454976527f,0.029871004510461374f,0.7022105441553516f,1.640622884240447f,-0.24367268007933696f,0.9476119262180164f,0.2065315043094711f,-7.164375627758793f,0f,0f,0f,1f], start_interpolation: 0, interpolation_duration: 1 }
$data merge entity $(bone_segment17) { transformation: [-0.6592537828608737f,-0.3180241506221123f,0.6813553327043914f,0.2082068759429039f,0.7113424454976527f,0.029871004510461374f,0.7022105441553516f,1.662428134115027f,-0.24367268007933696f,0.9476119262180164f,0.2065315043094711f,-6.472637429665074f,0f,0f,0f,1f], start_interpolation: 0, interpolation_duration: 1 }
$data merge entity $(bone_segment16) { transformation: [-0.846988696352022f,-0.4579579935852826f,0.26997152509708167f,-0.2289551735977349f,0.3610609441154178f,-0.12282323664802447f,0.9244184372749099f,1.54518231983432f,-0.3901860362524333f,0.8804481408070808f,0.26938063861935035f,-5.632170576502064f,0f,0f,0f,1f], start_interpolation: 0, interpolation_duration: 1 }
$data merge entity $(bone_segment15) { transformation: [-0.9583366191339912f,-0.14368930339556657f,0.24686901084690246f,-0.39839348790451873f,0.2789357239468768f,-0.28459866384645555f,0.9171687208158834f,1.2095837977692856f,-0.06152874395811267f,0.9478169573427713f,0.3128214011867279f,-4.514505560885467f,0f,0f,0f,1f], start_interpolation: 0, interpolation_duration: 1 }
$data merge entity $(bone_segment14) { transformation: [-1.0215086236693534f,0.03534037341504128f,0.23226361704149945f,-0.3586355678125973f,0.18822125921386287f,-0.49704261849461456f,0.9034359916480729f,0.6504108519628443f,0.14059903048834543f,0.9221577367414289f,0.4780504358525724f,-3.4770781070513594f,0f,0f,0f,1f], start_interpolation: 0, interpolation_duration: 1 }
$data merge entity $(bone_segment13) { transformation: [-0.9934668264867373f,0.11908231568877847f,0.22569155629698814f,-0.22139287010654302f,0.1497153514434752f,-0.46263683642450626f,0.9031312656244768f,0.06850007162828531f,0.20664605013335033f,0.9076784515986432f,0.4307097053596097f,-2.3956780793671006f,0f,0f,0f,1f], start_interpolation: 0, interpolation_duration: 1 }
$data merge entity $(bone_segment12) { transformation: [-1.086613136681624f,0.14917478442135204f,0.20369746212322248f,-0.041181721141151276f,0.17115647976276402f,-0.2264283132441087f,1.0788464022224493f,-0.20503748799547022f,0.1856104302506113f,1.082104885787855f,0.19766553955586658f,-1.0884372777441884f,0f,0f,0f,1f], start_interpolation: 0, interpolation_duration: 1 }
$data merge entity $(bone_segment11) { transformation: [-1.1776968303595794f,0.13956562901101988f,0.10331723883798762f,0.11530357851594818f,0.1454286400440668f,0.40570403474953937f,1.1096745413517537f,0.26441208677594674f,0.09488691847288891f,1.1104271755806634f,-0.4184146284680025f,0.19522690153683941f,0f,0f,0f,1f], start_interpolation: 0, interpolation_duration: 1 }
$data merge entity $(bone_segment10) { transformation: [-1.0470104361591401f,0.048841396224616244f,-0.00767219745904499f,0.15947314502321203f,0.03831624663847854f,0.9043965203772842f,0.5284638087874829f,1.1904378137197766f,0.03124435697145673f,0.5275951572649845f,-0.9051753080001407f,0.7354893244485496f,0f,0f,0f,1f], start_interpolation: 0, interpolation_duration: 1 }