# This file was generated by Animated Java via MC-Build. It is not recommended to edit this file directly.
$data merge entity $(bone_neck_spine5) { transformation: [-1.36530363378507f,-0.04623137595409102f,-0.05486627021153835f,0.15384766806029185f,-0.05005805578183692f,1.3627992974169743f,0.09733409560578073f,3.6638885988725116f,0.051398820812121236f,0.09920884533873102f,-1.3626141883827314f,-0.655150722267837f,0f,0f,0f,1f], start_interpolation: 0, interpolation_duration: 1 }
$data merge entity $(bone_neck_spine2) { transformation: [-1.3002891750333996f,-0.04800489382536863f,-0.04862713650031342f,0.05959273822331712f,-0.04767433883984467f,1.3011740200858342f,-0.009712559616193996f,5.014867598550467f,0.048951257916305925f,-0.007918747813229801f,-1.301138760749954f,0.7545156294002748f,0f,0f,0f,1f], start_interpolation: 0, interpolation_duration: 1 }
$data merge entity $(bone_scale_neck_left1) { transformation: [-1.3933242711777485f,0.3316016346451267f,0.012134646696672094f,0.7700571548022008f,0.3169823318086871f,1.314626191396532f,0.47195296017522204f,4.256098874317034f,0.09812795254615607f,0.46179838804147755f,-1.3522472304035864f,0.7042485701496366f,0f,0f,0f,1f], start_interpolation: 0, interpolation_duration: 1 }
$data merge entity $(bone_scale_neck_right1) { transformation: [-1.3698380996017598f,-0.3912353600027001f,-0.14811445697761444f,-0.5952464789828689f,-0.4182920571093435f,1.2881237975671513f,0.46607752091598725f,4.206040818535197f,0.005895272805377539f,0.4890106273155177f,-1.346214422197969f,0.7556473909617578f,0f,0f,0f,1f], start_interpolation: 0, interpolation_duration: 1 }
$data merge entity $(bone_blush_right1) { transformation: [-0.9985572080504568f,-0.0319738944827463f,-0.04314130644849241f,-0.42995491444088885f,-0.036801240218077416f,0.9925449087214671f,0.11619067470974842f,3.917134642713012f,0.039104615697995115f,0.11761068932159782f,-0.9922895518891706f,1.9718116912824932f,0f,0f,0f,1f], start_interpolation: 0, interpolation_duration: 1 }
$data merge entity $(bone_blush_left1) { transformation: [-0.9985572080504568f,-0.0319738944827463f,-0.04314130644849241f,0.7207262432735048f,-0.036801240218077416f,0.9925449087214671f,0.11619067470974842f,3.9595423218705625f,0.039104615697995115f,0.11761068932159782f,-0.9922895518891706f,1.9267497317867566f,0f,0f,0f,1f], start_interpolation: 0, interpolation_duration: 1 }
$data merge entity $(bone_left_head_scales) { transformation: [-0.8658106226632155f,-0.0319738944827463f,-0.4993492122304199f,0.695436285665836f,-0.086293981665898f,0.9925449087214671f,0.08606946554580708f,4.629648707827151f,0.49287454226383054f,0.11761068932159782f,-0.8621150801056193f,1.661861605557117f,0f,0f,0f,1f], start_interpolation: 0, interpolation_duration: 1 }
$data merge entity $(bone_left_head_scales2) { transformation: [-0.793225341501785f,-0.0319738944827463f,-0.6080881742568115f,0.7267354180422725f,-0.09679004429424948f,0.9925449087214671f,0.07406950449822405f,3.8372028795228195f,0.601186530891115f,0.11761068932159782f,-0.7904065288396885f,1.7153331693521339f,0f,0f,0f,1f], start_interpolation: 0, interpolation_duration: 1 }
$data merge entity $(bone_left_head_scales1) { transformation: [-0.9985572080504568f,-0.0319738944827463f,-0.04314130644849241f,0.6985587362989167f,-0.036801240218077416f,0.9925449087214671f,0.11619067470974842f,4.5327204940848205f,0.039104615697995115f,0.11761068932159782f,-0.9922895518891706f,1.6503761866780546f,0f,0f,0f,1f], start_interpolation: 0, interpolation_duration: 1 }
$data merge entity $(bone_right_head_scales) { transformation: [-0.9056514995146935f,-0.0319738944827463f,0.4228155998758714f,-0.474747942518293f,0.021007784170240525f,0.9925449087214671f,0.12005530881786028f,4.586522254446591f,-0.42350210676104494f,0.11761068932159782f,-0.8982280842448956f,1.707687327078205f,0f,0f,0f,1f], start_interpolation: 0, interpolation_duration: 1 }
$data merge entity $(bone_right_head_scales2) { transformation: [-0.8427150151262944f,-0.0319738944827463f,0.5374095955156507f,-0.44344881014185655f,0.03649842198023273f,0.9925449087214671f,0.11628615293339131f,3.7940764261422597f,-0.5371212791108188f,0.11761068932159782f,-0.8352655010735549f,1.7611588908732219f,0f,0f,0f,1f], start_interpolation: 0, interpolation_duration: 1 }
$data merge entity $(bone_right_head_scales1) { transformation: [-0.9985572080504568f,-0.0319738944827463f,-0.04314130644849241f,-0.4716254918852123f,-0.036801240218077416f,0.9925449087214671f,0.11619067470974842f,4.489594040704261f,0.039104615697995115f,0.11761068932159782f,-0.9922895518891706f,1.6962019081991426f,0f,0f,0f,1f], start_interpolation: 0, interpolation_duration: 1 }
$data merge entity $(bone_head_left_fin1) { transformation: [-0.6718589787784442f,-0.023790795057570584f,-0.7402969071293726f,0.7071081660068901f,0.14691645821474078f,0.9753442368452299f,-0.16467900278551922f,4.177750025594621f,0.725962166328537f,-0.21940286626050576f,-0.651798523576306f,1.534628755311639f,0f,0f,0f,1f], start_interpolation: 0, interpolation_duration: 1 }
$data merge entity $(bone_head_right_fin1) { transformation: [-0.7138815765262715f,-0.06516515907417213f,0.6972277940093918f,-0.46307606217723896f,-0.19798711360089064f,0.9738194089267396f,-0.11169987307765529f,4.134623572214061f,-0.6716950182518501f,-0.2177825999486968f,-0.7080935966489408f,1.5804544768327269f,0f,0f,0f,1f], start_interpolation: 0, interpolation_duration: 1 }
$data merge entity $(bone_right_whisker16) { transformation: [0.2670116485801508f,0.942872766484749f,-0.199237862224791f,-0.8918519103218402f,0.9294049150812448f,-0.306605877816281f,-0.2054247782311873f,1.7998004549514732f,-0.254776928597027f,-0.1303218397272796f,-0.9581779243672667f,1.9201176483622084f,0f,0f,0f,1f], start_interpolation: 0, interpolation_duration: 1 }
$data merge entity $(bone_right_whisker15) { transformation: [-0.8999543454930476f,0.38779691886898016f,-0.199237862224791f,-0.6281934106656739f,0.4252945066241132f,0.8814336294492172f,-0.2054247782311873f,1.6752024549639402f,0.09595185596710282f,-0.2696076901568382f,-0.9581779243672667f,1.8920067530593463f,0f,0f,0f,1f], start_interpolation: 0, interpolation_duration: 1 }
$data merge entity $(bone_right_whisker14) { transformation: [-0.7318005084980372f,-0.6517455715370133f,-0.199237862224791f,-0.4137987304416396f,-0.6191129370084516f,0.7579576714549677f,-0.2054247782311873f,1.856583198228135f,0.2848985556137178f,-0.02697921912240368f,-0.9581779243672667f,1.80854037934439f,0f,0f,0f,1f], start_interpolation: 0, interpolation_duration: 1 }
$data merge entity $(bone_right_whisker13) { transformation: [-0.0750218789144764f,-0.996729305398725f,0.03004013055091289f,-0.3918196643534141f,-0.9971539190425408f,0.07476009963380507f,-0.009746242396213578f,2.1487181354476292f,0.007468562260826622f,-0.030685815324312218f,-0.9995011762452504f,1.8063523239945385f,0f,0f,0f,1f], start_interpolation: 0, interpolation_duration: 1 }
$data merge entity $(bone_right_whisker12) { transformation: [0.10735249712474505f,-0.9931763198587389f,0.04556576601937815f,-0.4337542335427676f,-0.9737868533860746f,-0.09579150103576775f,0.2063083917385875f,2.529103625051565f,-0.20053579614006486f,-0.0665190649450639f,-0.9774255002123207f,1.8846866193617513f,0f,0f,0f,1f], start_interpolation: 0, interpolation_duration: 1 }
$data merge entity $(bone_right_whisker11) { transformation: [0.301542587713357f,-0.950439776277989f,0.07573836190318516f,-0.5515443068682977f,-0.946537229649592f,-0.30795952396252324f,-0.09606354401151351f,2.898844730383437f,0.11462696315617979f,-0.042721929607891375f,-0.992489544553579f,1.8399104618788686f,0f,0f,0f,1f], start_interpolation: 0, interpolation_duration: 1 }
$data merge entity $(bone_right_whisker10) { transformation: [0.055432058244916545f,-0.980842612720363f,0.1867486438789412f,-0.5731974546202182f,-0.9368164365522058f,-0.11579390461668088f,-0.3301010994517444f,3.264788650911642f,0.34540157950472594f,-0.15665101571810658f,-0.9252881757323641f,1.7049879698848351f,0f,0f,0f,1f], start_interpolation: 0, interpolation_duration: 1 }
$data merge entity $(bone_right_whisker1) { transformation: [-0.32505285415925506f,-0.9325421818631426f,0.15718053648225971f,-0.4462236834642592f,-0.9454052023254207f,0.31631280904490783f,-0.07845514801560571f,3.63408755807001f,0.023444517886979543f,-0.17410136668058843f,-0.9844486115084924f,1.6958299550852338f,0f,0f,0f,1f], start_interpolation: 0, interpolation_duration: 1 }
$data merge entity $(bone_left_whisker16) { transformation: [0.2486479905719109f,-0.8853510609320387f,0.39284561304800614f,1.1857333615074779f,-0.9188957293564346f,-0.343865229314955f,-0.1933580684602526f,1.8421418131323994f,0.30627571786718105f,-0.3129060609427154f,-0.899046707168352f,2.127605529866084f,0f,0f,0f,1f], start_interpolation: 0, interpolation_duration: 1 }
$data merge entity $(bone_left_whisker15) { transformation: [-0.8453216844604023f,-0.3620822753048864f,0.39284561304800614f,0.9380805242632193f,-0.4608633752096013f,0.8661510299894208f,-0.1933580684602526f,1.7071232461764616f,-0.27025210299170965f,-0.34449792330041956f,-0.899046707168352f,2.0484301090677315f,0f,0f,0f,1f], start_interpolation: 0, interpolation_duration: 1 }
$data merge entity $(bone_left_whisker14) { transformation: [-0.6854063665551419f,0.6130990433809322f,0.39284561304800614f,0.7372778778115175f,0.5902301446981938f,0.7837353084115004f,-0.1933580684602526f,1.8800422338810105f,-0.42643462450324965f,0.09934047188591316f,-0.899046707168352f,1.9234980901702952f,0f,0f,0f,1f], start_interpolation: 0, interpolation_duration: 1 }
$data merge entity $(bone_left_whisker13) { transformation: [-0.1122288633977434f,0.9792818456250284f,0.16855785075067942f,0.7043983279879599f,0.9933377335615451f,0.11503136890465948f,-0.006923239901485856f,2.1710591480103694f,-0.026169243459909786f,0.16665788609351134f,-0.985667448838389f,1.9158313196253998f,0f,0f,0f,1f], start_interpolation: 0, interpolation_duration: 1 }
$data merge entity $(bone_left_whisker12) { transformation: [0.02621816626481245f,0.9897658764870548f,0.1402715847900863f,0.7146397991851522f,0.9765090344574014f,-0.05537897649297435f,0.2082385040900569f,2.552507989595292f,0.2138754623157708f,0.1315168381022077f,-0.9679672556005255f,1.9993764220924977f,0f,0f,0f,1f], start_interpolation: 0, interpolation_duration: 1 }
$data merge entity $(bone_left_whisker11) { transformation: [0.27981717559920616f,0.9517629369070688f,0.12589543347442608f,0.8239433834035921f,0.9583853892915409f,-0.2691924767063692f,-0.09504133878051746f,2.9268772822873f,-0.05656672018232228f,0.14725054300314677f,-0.9874803713254726f,1.9772800470212781f,0f,0f,0f,1f], start_interpolation: 0, interpolation_duration: 1 }
$data merge entity $(bone_left_whisker10) { transformation: [0.0847808763343086f,0.9963105222504004f,0.01332464863029599f,0.8570609132216814f,0.9396739876549773f,-0.07549936161935535f,-0.3336354946939307f,3.2939374337150253f,-0.3313985514943912f,0.04080673532891364f,-0.9426079834264165f,1.8478274878437815f,0f,0f,0f,1f], start_interpolation: 0, interpolation_duration: 1 }
$data merge entity $(bone_left_whisker1) { transformation: [-0.35187214562045904f,0.9350214341657094f,0.04382819625714054f,0.7196108563386896f,0.9316094153288856f,0.3543739086609617f,-0.0807652780031426f,3.657847361577871f,-0.09104883528649321f,0.012411708627435653f,-0.9957690791955336f,1.812261536559995f,0f,0f,0f,1f], start_interpolation: 0, interpolation_duration: 1 }
$data merge entity $(bone_upper_left_tooth1) { transformation: [-0.9985572080504568f,-0.03561223676767947f,-0.04019043223056037f,0.43917115071796403f,-0.036801240218077416f,0.9988946602409607f,0.029242545383527996f,3.9540819552792272f,0.039104615697995115f,0.030679412225449662f,-0.9987640375467136f,2.5984782255689245f,0f,0f,0f,1f], start_interpolation: 0, interpolation_duration: 1 }
$data merge entity $(bone_upper_right_tooth1) { transformation: [-0.9985572080504568f,-0.03561223676767947f,-0.04019043223056037f,-0.1459209633741005f,-0.036801240218077416f,0.9988946602409607f,0.029242545383527996f,3.9325187285889474f,0.039104615697995115f,0.030679412225449662f,-0.9987640375467136f,2.6213910863294685f,0f,0f,0f,1f], start_interpolation: 0, interpolation_duration: 1 }
$data merge entity $(bone_top_lip1) { transformation: [-0.9985572080504568f,-0.05099762458902586f,-0.016815009270092954f,0.16717871056170064f,-0.036801240218077416f,0.8779644652733967f,-0.4773091937472091f,4.051501958543809f,0.039104615697995115f,-0.4760017226896098f,-0.878574521043967f,2.6122755811824705f,0f,0f,0f,1f], start_interpolation: 0, interpolation_duration: 1 }
$data merge entity $(bone_muzzle1) { transformation: [-0.9985572080504568f,-0.03561223676767947f,-0.04019043223056037f,0.14233783982885678f,-0.036801240218077416f,0.9988946602409607f,0.029242545383527996f,4.212103005153094f,0.039104615697995115f,0.030679412225449662f,-0.9987640375467136f,2.129091882999327f,0f,0f,0f,1f], start_interpolation: 0, interpolation_duration: 1 }
$data merge entity $(bone_jaw_right_tooth1) { transformation: [-0.9985572080504568f,-0.05094450727863295f,-0.01697525930917817f,-0.13687125872748782f,-0.036801240218077416f,0.8794607545996235f,-0.47454657288560476f,3.734899550117025f,0.039104615697995115f,-0.47323719031496086f,-0.8800666967531005f,2.666501284076504f,0f,0f,0f,1f], start_interpolation: 0, interpolation_duration: 1 }
$data merge entity $(bone_jaw_left_tooth1) { transformation: [-0.9985572080504568f,-0.05094450727863295f,-0.01697525930917817f,0.49697853153891536f,-0.036801240218077416f,0.8794607545996235f,-0.47454657288560476f,3.758259712364828f,0.039104615697995115f,-0.47323719031496086f,-0.8800666967531005f,2.641679018252581f,0f,0f,0f,1f], start_interpolation: 0, interpolation_duration: 1 }
$data merge entity $(bone_tongue1) { transformation: [-0.9985572080504568f,-0.03624396164171831f,-0.039621679608393405f,0.1527336329465716f,-0.036801240218077416f,0.9992323966596905f,0.013427069082372178f,3.7549717638920477f,0.039104615697995115f,0.01486582356430638f,-0.9991245349408987f,1.9643491191401101f,0f,0f,0f,1f], start_interpolation: 0, interpolation_duration: 1 }
$data merge entity $(bone_jaw_lips1) { transformation: [-0.9985572080504568f,-0.03624396164171831f,-0.039621679608393405f,0.23651610177466478f,-0.036801240218077416f,0.9992323966596905f,0.013427069082372178f,3.6340606319423494f,0.039104615697995115f,0.01486582356430638f,-0.9991245349408987f,2.741336259975059f,0f,0f,0f,1f], start_interpolation: 0, interpolation_duration: 1 }
$data merge entity $(bone_jaw3) { transformation: [-0.9985572080504568f,-0.047222822896922215f,-0.0255637878281456f,0.22000311013995386f,-0.036801240218077416f,0.9485039171993486f,-0.3146203867773084f,3.318792656617104f,0.039104615697995115f,-0.3132256759193564f,-0.9488732818327085f,2.022970440111779f,0f,0f,0f,1f], start_interpolation: 0, interpolation_duration: 1 }
$data merge entity $(bone_jaw1) { transformation: [-0.9985572080504568f,-0.01531525057108918f,-0.05146790602328095f,0.1797938085592656f,-0.036801240218077416f,0.8931637608234322f,0.4482233428438939f,3.668967143213896f,0.039104615697995115f,0.4494707325863255f,-0.892438731554959f,1.325752681084467f,0f,0f,0f,1f], start_interpolation: 0, interpolation_duration: 1 }
$data merge entity $(bone_tear_right1) { transformation: [-0.9985572080504568f,-0.0319738944827463f,-0.04314130644849241f,-0.38833409909525807f,-0.036801240218077416f,0.9925449087214671f,0.11619067470974842f,4.247968255349282f,0.039104615697995115f,0.11761068932159782f,-0.9922895518891706f,2.0973142011923414f,0f,0f,0f,1f], start_interpolation: 0, interpolation_duration: 1 }
$data merge entity $(bone_right_pupil1) { transformation: [-0.9985572080504568f,-0.0319738944827463f,-0.04314130644849241f,-0.22802871947743208f,-0.036801240218077416f,0.9925449087214671f,0.11619067470974842f,4.344018297584777f,0.039104615697995115f,0.11761068932159782f,-0.9922895518891706f,2.1606405615134525f,0f,0f,0f,1f], start_interpolation: 0, interpolation_duration: 1 }
$data merge entity $(bone_right_sad_pupil1) { transformation: [-0.9985572080504568f,-0.0319738944827463f,-0.04314130644849241f,-0.22845002129821812f,-0.036801240218077416f,0.9925449087214671f,0.11619067470974842f,4.345152972142491f,0.039104615697995115f,0.11761068932159782f,-0.9922895518891706f,2.150950233858285f,0f,0f,0f,1f], start_interpolation: 0, interpolation_duration: 1 }
$data merge entity $(bone_right_happy_pupil1) { transformation: [-0.9985572080504568f,-0.0319738944827463f,-0.04314130644849241f,-0.2520479446698318f,-0.036801240218077416f,0.9925449087214671f,0.11619067470974842f,4.320022772598818f,0.039104615697995115f,0.11761068932159782f,-0.9922895518891706f,2.149033606203357f,0f,0f,0f,1f], start_interpolation: 0, interpolation_duration: 1 }
$data merge entity $(bone_eyelid_right1) { transformation: [-0.9985572080504568f,-0.0319738944827463f,-0.04314130644849241f,0.12748053157055486f,-0.036801240218077416f,0.9925449087214671f,0.11619067470974842f,4.367259008450262f,0.039104615697995115f,0.11761068932159782f,-0.9922895518891706f,1.6459887104521618f,0f,0f,0f,1f], start_interpolation: 0, interpolation_duration: 1 }
$data merge entity $(bone_eyelid_expressions_right5) { transformation: [-0.9985572080504568f,-0.0319738944827463f,-0.04314130644849241f,-0.3437148150831504f,-0.036801240218077416f,0.9925449087214671f,0.11619067470974842f,4.437948245602905f,0.039104615697995115f,0.11761068932159782f,-0.9922895518891706f,2.1668272721629256f,0f,0f,0f,1f], start_interpolation: 0, interpolation_duration: 1 }
$data merge entity $(bone_eyelid_expressions_right7) { transformation: [-0.9985572080504568f,-0.0319738944827463f,-0.04314130644849241f,-0.051168758037118095f,-0.036801240218077416f,0.9925449087214671f,0.11619067470974842f,4.448729858948044f,0.039104615697995115f,0.11761068932159782f,-0.9922895518891706f,2.155370841782654f,0f,0f,0f,1f], start_interpolation: 0, interpolation_duration: 1 }
$data merge entity $(bone_eyelid_expressions_right6) { transformation: [-0.9985572080504568f,-0.0319738944827463f,-0.04314130644849241f,-0.14868411038579551f,-0.036801240218077416f,0.9925449087214671f,0.11619067470974842f,4.445135987832998f,0.039104615697995115f,0.11761068932159782f,-0.9922895518891706f,2.1591896519094114f,0f,0f,0f,1f], start_interpolation: 0, interpolation_duration: 1 }
$data merge entity $(bone_right_eye1) { transformation: [-0.9985572080504568f,-0.0319738944827463f,-0.04314130644849241f,0.11815029815647317f,-0.036801240218077416f,0.9925449087214671f,0.11619067470974842f,4.365764946781044f,0.039104615697995115f,0.11761068932159782f,-0.9922895518891706f,1.656060919120005f,0f,0f,0f,1f], start_interpolation: 0, interpolation_duration: 1 }
$data merge entity $(bone_tear_left1) { transformation: [-0.9985572080504568f,-0.0319738944827463f,-0.04314130644849241f,0.6648317062704582f,-0.036801240218077416f,0.9925449087214671f,0.11619067470974842f,4.286782063391786f,0.039104615697995115f,0.11761068932159782f,-0.9922895518891706f,2.0560710518233623f,0f,0f,0f,1f], start_interpolation: 0, interpolation_duration: 1 }
$data merge entity $(bone_left_sad_pupil1) { transformation: [-0.9985572080504568f,-0.0319738944827463f,-0.04314130644849241f,0.5029151213168626f,-0.036801240218077416f,0.9925449087214671f,0.11619067470974842f,4.37210700550534f,0.039104615697995115f,0.11761068932159782f,-0.9922895518891706f,2.122309157907605f,0f,0f,0f,1f], start_interpolation: 0, interpolation_duration: 1 }
$data merge entity $(bone_left_pupil1) { transformation: [-0.9985572080504568f,-0.0319738944827463f,-0.04314130644849241f,0.5033364231376486f,-0.036801240218077416f,0.9925449087214671f,0.11619067470974842f,4.370972330947628f,0.039104615697995115f,0.11761068932159782f,-0.9922895518891706f,2.1319994855627726f,0f,0f,0f,1f], start_interpolation: 0, interpolation_duration: 1 }
$data merge entity $(bone_eyelid_left1) { transformation: [-0.9985572080504568f,-0.0319738944827463f,-0.04314130644849241f,0.10797746110081936f,-0.036801240218077416f,0.9925449087214671f,0.11619067470974842f,4.366540234227252f,0.039104615697995115f,0.11761068932159782f,-0.9922895518891706f,1.646752472477513f,0f,0f,0f,1f], start_interpolation: 0, interpolation_duration: 1 }
$data merge entity $(bone_left_happy_pupil1) { transformation: [-0.9985572080504568f,-0.0319738944827463f,-0.04314130644849241f,0.5280748741195875f,-0.036801240218077416f,0.9925449087214671f,0.11619067470974842f,4.3487737415191905f,0.039104615697995115f,0.11761068932159782f,-0.9922895518891706f,2.1184831251892984f,0f,0f,0f,1f], start_interpolation: 0, interpolation_duration: 1 }
$data merge entity $(bone_eyelid_expressions_left5) { transformation: [-0.9985572080504568f,-0.0319738944827463f,-0.04314130644849241f,0.6119356379338884f,-0.036801240218077416f,0.9925449087214671f,0.11619067470974842f,4.473168182530362f,0.039104615697995115f,0.11761068932159782f,-0.9922895518891706f,2.129402932920704f,0f,0f,0f,1f], start_interpolation: 0, interpolation_duration: 1 }
$data merge entity $(bone_eyelid_expressions_left7) { transformation: [-0.9985572080504568f,-0.0319738944827463f,-0.04314130644849241f,0.31938958088785613f,-0.036801240218077416f,0.9925449087214671f,0.11619067470974842f,4.462386569185222f,0.039104615697995115f,0.11761068932159782f,-0.9922895518891706f,2.1408593633009763f,0f,0f,0f,1f], start_interpolation: 0, interpolation_duration: 1 }
$data merge entity $(bone_eyelid_expressions_left6) { transformation: [-0.9985572080504568f,-0.0319738944827463f,-0.04314130644849241f,0.41690493323653355f,-0.036801240218077416f,0.9925449087214671f,0.11619067470974842f,4.465980440300268f,0.039104615697995115f,0.11761068932159782f,-0.9922895518891706f,2.1370405531742187f,0f,0f,0f,1f], start_interpolation: 0, interpolation_duration: 1 }
$data merge entity $(bone_left_eye1) { transformation: [-0.9985572080504568f,-0.0319738944827463f,-0.04314130644849241f,0.11815029815647317f,-0.036801240218077416f,0.9925449087214671f,0.11619067470974842f,4.365764946781044f,0.039104615697995115f,0.11761068932159782f,-0.9922895518891706f,1.656060919120005f,0f,0f,0f,1f], start_interpolation: 0, interpolation_duration: 1 }
$data merge entity $(bone_crest_middle5) { transformation: [-0.9985572080504568f,-0.040553473228076356f,-0.03519826784965733f,0.09750800933661058f,-0.036801240218077416f,0.9941658960493727f,-0.1013895450762055f,5.513572161876346f,0.039104615697995115f,-0.09994792114640624f,-0.9942239396079859f,2.2091471052128755f,0f,0f,0f,1f], start_interpolation: 0, interpolation_duration: 1 }
$data merge entity $(bone_crest_middle4) { transformation: [-0.9985572080504568f,-0.040553473228076356f,-0.03519826784965733f,0.12126981005618656f,-0.036801240218077416f,0.9941658960493727f,-0.1013895450762055f,4.931053082159917f,0.039104615697995115f,-0.09994792114640624f,-0.9942239396079859f,2.267710340259598f,0f,0f,0f,1f], start_interpolation: 0, interpolation_duration: 1 }
$data merge entity $(bone_crest_middle1) { transformation: [-0.9985572080504568f,-0.040553473228076356f,-0.03519826784965733f,0.14166916972884708f,-0.036801240218077416f,0.9941658960493727f,-0.1013895450762055f,4.501589796127838f,0.039104615697995115f,-0.09994792114640624f,-0.9942239396079859f,2.384452213441378f,0f,0f,0f,1f], start_interpolation: 0, interpolation_duration: 1 }
$data merge entity $(bone_crest_left5) { transformation: [-0.5095578877013363f,-0.8576333448258558f,0.06939600077934349f,-0.8400070636505002f,-0.8568771775566673f,0.5131251949692767f,0.049639065968875504f,4.914748797800367f,-0.07818095461090667f,-0.03416987167895667f,-0.9963534303677442f,2.2663974112010057f,0f,0f,0f,1f], start_interpolation: 0, interpolation_duration: 1 }
$data merge entity $(bone_crest_left4) { transformation: [-0.5095578877013363f,-0.8576333448258558f,0.06939600077934349f,-0.42124078199725024f,-0.8568771775566673f,0.5131251949692767f,0.049639065968875504f,4.664199386194276f,-0.07818095461090667f,-0.03416987167895667f,-0.9963534303677442f,2.2830819188567464f,0f,0f,0f,1f], start_interpolation: 0, interpolation_duration: 1 }
$data merge entity $(bone_crest_left1) { transformation: [-0.5095578877013363f,-0.8576333448258558f,0.06939600077934349f,0.042790604421878556f,-0.8568771775566673f,0.5131251949692767f,0.049639065968875504f,4.391018815945586f,-0.07818095461090667f,-0.03416987167895667f,-0.9963534303677442f,2.252784807435886f,0f,0f,0f,1f], start_interpolation: 0, interpolation_duration: 1 }
$data merge entity $(bone_crest_center1) { transformation: [-0.9985572080504568f,-0.0319738944827463f,-0.04314130644849241f,0.14108655943698412f,-0.036801240218077416f,0.9925449087214671f,0.11619067470974842f,4.370380943795333f,0.039104615697995115f,0.11761068932159782f,-0.9922895518891706f,2.2460946793427032f,0f,0f,0f,1f], start_interpolation: 0, interpolation_duration: 1 }
$data merge entity $(bone_crest_right5) { transformation: [-0.5634909058934803f,0.8123060289953029f,-0.15045568860374395f,1.0780987650521f,0.8173305936449664f,0.5746698311204713f,0.04153656090646317f,4.985439463088932f,0.12020274400907834f,-0.09956656295087758f,-0.9877437926278438f,2.1912822443434754f,0f,0f,0f,1f], start_interpolation: 0, interpolation_duration: 1 }
$data merge entity $(bone_crest_right4) { transformation: [-0.5634909058934803f,0.8123060289953029f,-0.15045568860374395f,0.6814649618317371f,0.8173305936449664f,0.5746698311204713f,0.04153656090646317f,4.70483895961214f,0.12020274400907834f,-0.09956656295087758f,-0.9877437926278438f,2.2398987301593336f,0f,0f,0f,1f], start_interpolation: 0, interpolation_duration: 1 }
$data merge entity $(bone_crest_right1) { transformation: [-0.5634909058934803f,0.8123060289953029f,-0.15045568860374395f,0.23782130911923338f,0.8173305936449664f,0.5746698311204713f,0.04153656090646317f,4.398206558175679f,0.12020274400907834f,-0.09956656295087758f,-0.9877437926278438f,2.245147187182371f,0f,0f,0f,1f], start_interpolation: 0, interpolation_duration: 1 }
$data merge entity $(bone_head1) { transformation: [-0.9985572080504568f,-0.0319738944827463f,-0.04314130644849241f,0.09653992332978029f,-0.036801240218077416f,0.9925449087214671f,0.11619067470974842f,4.37970794058406f,0.039104615697995115f,0.11761068932159782f,-0.9922895518891706f,1.1173501886462516f,0f,0f,0f,1f], start_interpolation: 0, interpolation_duration: 1 }
$data merge entity $(bone_neck10) { transformation: [-1.3002891750333996f,-0.041247090338006484f,-0.05447702060551183f,0.07009917324975505f,-0.04767433883984467f,1.2913100393906154f,0.16020782293519853f,4.106463002608205f,0.048951257916305925f,0.16198168616266642f,-1.2910409422790414f,0.14888901142363442f,0f,0f,0f,1f], start_interpolation: 0, interpolation_duration: 1 }
$data merge entity $(bone_neck9) { transformation: [-0.998622086425651f,-0.02227612844211104f,-0.04751528811351255f,0.10069949686344645f,-0.03661389222900071f,0.9443994475834856f,0.3267554227550795f,2.8915635367915202f,0.03759456607972295f,0.32804490166079114f,-0.9439137625311114f,-0.22148470345182752f,0f,0f,0f,1f], start_interpolation: 0, interpolation_duration: 1 }
$data merge entity $(bone_neck8) { transformation: [-0.9988510428271113f,-0.038947594490570676f,-0.027922734941086564f,0.12731321734763684f,-0.031280206756948446f,0.9712897740262464f,-0.2358341017267988f,2.265883668177882f,0.03630623787222609f,-0.23468970952183144f,-0.9713920924817762f,-0.028356821958719525f,0f,0f,0f,1f], start_interpolation: 0, interpolation_duration: 1 }
$data merge entity $(bone_neck7) { transformation: [-0.9997614648802258f,-0.009176005156094966f,-0.019819542626416616f,0.1352427177047605f,4.336808689942018e-19f,0.9074618277807379f,-0.4201345393095438f,1.5347390611012024f,0.02184063507650422f,-0.4200343224668883f,-0.9072453662649576f,0.3346183783977306f,0f,0f,0f,1f], start_interpolation: 0, interpolation_duration: 1 }
$data merge entity $(bone_neck6) { transformation: [-0.9997614648802258f,-0.005652772314933443f,-0.021096433482950348f,0.139552374763762f,4.336808689942018e-19f,0.9659258262890684f,-0.25881904510252063f,0.7638364878126778f,0.02184063507650422f,-0.2587573076705973f,-0.9656954190564014f,0.5318941920060022f,0f,0f,0f,1f], start_interpolation: 0, interpolation_duration: 1 }
$data merge entity $(bone_neck_spine6) { transformation: [-1.0669284847553648f,0.1933564398703679f,0.2218525931686154f,0.031223365063414027f,0.15963515747679255f,-0.32067481058219494f,1.047199102307099f,0.6500308179398697f,0.2472284417949157f,1.041500182686538f,0.2812421457550908f,-1.6493432870818894f,0f,0f,0f,1f], start_interpolation: 0, interpolation_duration: 1 }
$data merge entity $(bone_neck_spine7) { transformation: [-0.9684853255618694f,0.009917749792935422f,0.24887308494564936f,-0.24806606944901996f,0.2478777231993589f,-0.05929706700933843f,0.9669749180747099f,1.7325672987898615f,0.024347659288352114f,0.9981911120036759f,0.05496995000946939f,-4.556959960000432f,0f,0f,0f,1f], start_interpolation: 0, interpolation_duration: 1 }
$data merge entity $(bone_tail6) { transformation: [-1.0756251536828982f,-0.34336596431313593f,0.9835266264824655f,0.5004990031673631f,1.0125962960158115f,-0.012552466112996883f,1.1030346588269873f,1.6071700897785601f,-0.24469072672197345f,1.45744177648022f,0.2412140089432625f,-7.90406587016774f,0f,0f,0f,1f], start_interpolation: 0, interpolation_duration: 1 }
$data merge entity $(bone_tail5) { transformation: [-0.8885599095641334f,-0.28365014443259057f,0.8124785175289932f,0.3213515435257267f,0.8364925923608879f,-0.01036942852812786f,0.9112025442483809f,1.600620977023953f,-0.20213581772684766f,1.203973641440182f,0.1992637465183473f,-7.143661465047624f,0f,0f,0f,1f], start_interpolation: 0, interpolation_duration: 1 }
$data merge entity $(bone_tail4) { transformation: [-0.7183305374160573f,-0.22930874834129428f,0.6568247383813335f,0.2317778137049086f,0.6762382220349072f,-0.00838286432589705f,0.736635319981849f,1.5973464206466494f,-0.16341085054128315f,0.9733176385537471f,0.16108900771167445f,-6.763459262487567f,0f,0f,0f,1f], start_interpolation: 0, interpolation_duration: 1 }
$data merge entity $(bone_segment18) { transformation: [-0.7183305374160573f,-0.22930874834129428f,0.6568247383813335f,0.119810651428886f,0.6762382220349072f,-0.00838286432589705f,0.736635319981849f,1.59325322517502f,-0.16341085054128315f,0.9733176385537471f,0.16108900771167445f,-6.2882065092874955f,0f,0f,0f,1f], start_interpolation: 0, interpolation_duration: 1 }
$data merge entity $(bone_segment17) { transformation: [-0.7183305374160573f,-0.22930874834129428f,0.6568247383813335f,-0.025746659529943372f,0.6762382220349072f,-0.00838286432589705f,0.736635319981849f,1.5879320710619018f,-0.16341085054128315f,0.9733176385537471f,0.16108900771167445f,-5.670377930127402f,0f,0f,0f,1f], start_interpolation: 0, interpolation_duration: 1 }
$data merge entity $(bone_segment16) { transformation: [-0.8939408034089148f,-0.3660361082035265f,0.25862599925730606f,-0.32958522590982375f,0.33670125435475773f,-0.16762122123964368f,0.9265718490792083f,1.4487933620250881f,-0.295807547768066f,0.915380081540639f,0.2730882659546118f,-4.9105409483798015f,0f,0f,0f,1f], start_interpolation: 0, interpolation_duration: 1 }
$data merge entity $(bone_segment15) { transformation: [-0.9684853255618694f,-0.05483328353368211f,0.24295984274820911f,-0.3858107607832283f,0.2478777231993589f,-0.3075480933816981f,0.9186788364813812f,1.1334364303348703f,0.024347659288352114f,0.9499513046857704f,0.3114477648225802f,-3.936469786348494f,0f,0f,0f,1f], start_interpolation: 0, interpolation_duration: 1 }
$data merge entity $(bone_segment14) { transformation: [-0.9685417609373839f,0.09038420897808992f,0.23185674906656545f,-0.2931316402490541f,0.16131258417476052f,-0.48141086816231343f,0.8615229690507784f,0.6398022393481233f,0.18948643093153694f,0.8718223848827311f,0.4516864196654746f,-3.0425112862246f,0f,0f,0f,1f], start_interpolation: 0, interpolation_duration: 1 }
$data merge entity $(bone_segment13) { transformation: [-0.9640012662260237f,0.13724125897616338f,0.22774194947189796f,-0.15126454160217312f,0.14423505993197255f,-0.44963893196240406f,0.8814879910413578f,0.1352712404628486f,0.22337816858646498f,0.8826039132580065f,0.41365749854270817f,-2.104500544534523f,0f,0f,0f,1f], start_interpolation: 0, interpolation_duration: 1 }
$data merge entity $(bone_segment12) { transformation: [-0.9740848669974678f,0.13084854386064843f,0.18449208778718185f,0.0020735957345242723f,0.15684981665640008f,-0.19690913937786708f,0.967793844702642f,-0.09548165724558944f,0.1629625935648391f,0.9716508886421171f,0.17128264272717586f,-0.9658471594070419f,0f,0f,0f,1f], start_interpolation: 0, interpolation_duration: 1 }
$data merge entity $(bone_segment11) { transformation: [-1.0256449241396068f,0.10418194470862335f,0.09352579268550303f,0.11736911103276718f,0.12425108280573212f,0.35867732012914644f,0.963047615832488f,0.3196458736895972f,0.06451836887527025f,0.9654248620870326f,-0.36788677287444227f,0.1501774266006648f,0f,0f,0f,1f], start_interpolation: 0, interpolation_duration: 1 }
$data merge entity $(bone_segment10) { transformation: [-0.9994648531117574f,0.032077194363660966f,0.006407885458474668f,0.14133345076874235f,0.030958338787685613f,0.864325971965854f,0.5019782818457272f,1.117464818207111f,0.010563553085960001f,0.5019080272191684f,-0.8648564872619982f,0.6134234675771948f,0f,0f,0f,1f], start_interpolation: 0, interpolation_duration: 1 }