# This file was generated by Animated Java via MC-Build. It is not recommended to edit this file directly.
$data merge entity $(bone_neck_spine5) { transformation: [-1.5678698849076689f,-0.055364274434547826f,0.10362440191668866f,0.19412051139998826f,-0.03902208911212934f,1.5534206929914587f,0.23954252796508538f,4.337721615222303f,-0.11081739988639144f,0.23630095907320062f,-1.5504517264913948f,-0.5714320572351508f,0f,0f,0f,1f], start_interpolation: 0, interpolation_duration: 1 }
$data merge entity $(bone_neck_spine2) { transformation: [-1.4932094141977794f,-0.05839750468533195f,0.09544453091549497f,-0.08170065349232887f,-0.03716389439250412f,1.463612872202157f,0.3140867506943944f,5.640552775771556f,-0.10554038084418228f,0.31083978743832996f,-1.4609702721960451f,1.278816233533188f,0f,0f,0f,1f], start_interpolation: 0, interpolation_duration: 1 }
$data merge entity $(bone_scale_neck_left1) { transformation: [-1.6065928873714026f,0.3213440619274127f,0.16927010648452787f,0.7395537541544491f,0.3619680390042325f,1.3534444526173912f,0.8661537584380233f,4.785744529145041f,0.02989170160299808f,0.8820324191212436f,-1.39074813630365f,1.114094337298301f,0f,0f,0f,1f], start_interpolation: 0, interpolation_duration: 1 }
$data merge entity $(bone_scale_neck_right1) { transformation: [-1.5665320945381296f,-0.5087382198164465f,-0.014754704932558805f,-0.8283161307532191f,-0.44094268288247074f,1.3327848653133618f,0.8615736382003142f,4.7467224400329115f,-0.25416889666531345f,0.8233620147464351f,-1.4037550518086481f,1.0032769374119097f,0f,0f,0f,1f], start_interpolation: 0, interpolation_duration: 1 }
$data merge entity $(bone_blush_right1) { transformation: [-0.9988851282115696f,-0.04709158911152988f,-0.003298919930385613f,-0.7194193415658473f,-0.0458197094827777f,0.9503433912567832f,0.3078116192047834f,4.121410447047949f,-0.011360231541219075f,0.3076196042671977f,-0.9514416031527224f,2.362708100314088f,0f,0f,0f,1f], start_interpolation: 0, interpolation_duration: 1 }
$data merge entity $(bone_blush_left1) { transformation: [-0.9988851282115696f,-0.04709158911152988f,-0.003298919930385613f,0.6042985480660862f,-0.0458197094827777f,0.9503433912567832f,0.3078116192047834f,4.182130511274638f,-0.011360231541219075f,0.3076196042671977f,-0.9514416031527224f,2.3777626259014264f,0f,0f,0f,1f], start_interpolation: 0, interpolation_duration: 1 }
$data merge entity $(bone_left_head_scales) { transformation: [-0.8844986581212502f,-0.04709158911152988f,-0.4641600004488309f,0.5798438613879459f,-0.18277416698974178f,0.9503433912567832f,0.25187505350026773f,4.9973676092760275f,0.4292501923854128f,0.3076196042671977f,-0.8491845802931061f,2.2284667778384217f,0f,0f,0f,1f], start_interpolation: 0, interpolation_duration: 1 }
$data merge entity $(bone_left_head_scales2) { transformation: [-0.8163466120469008f,-0.04709158911152988f,-0.5756392891685709f,0.6227084372381403f,-0.21408680030246993f,0.9503433912567832f,0.22586341144773114f,4.091690437138268f,0.5364187272418788f,0.3076196042671977f,-0.7858912953676833f,2.1123668175044594f,0f,0f,0f,1f], start_interpolation: 0, interpolation_duration: 1 }
$data merge entity $(bone_left_head_scales1) { transformation: [-0.9988851282115696f,-0.04709158911152988f,-0.003298919930385613f,0.5851324675869947f,-0.0458197094827777f,0.9503433912567832f,0.3078116192047834f,4.890639591703244f,-0.011360231541219075f,0.3076196042671977f,-0.9514416031527224f,2.1939196543123205f,0f,0f,0f,1f], start_interpolation: 0, interpolation_duration: 1 }
$data merge entity $(bone_right_head_scales) { transformation: [-0.8875452015273082f,-0.04709158911152988f,0.4583076450167517f,-0.7663099246784272f,0.10148900962113636f,0.9503433912567832f,0.29418942812527715f,4.9356183914183775f,-0.4494034892743613f,0.3076196042671977f,-0.8386934379727325f,2.2131570908004505f,0f,0f,0f,1f], start_interpolation: 0, interpolation_duration: 1 }
$data merge entity $(bone_right_head_scales2) { transformation: [-0.8201309775218569f,-0.04709158911152988f,0.5702346551587287f,-0.7234453488282327f,0.13902018291937981f,0.9503433912567832f,0.2784256228072749f,4.029941219280618f,-0.5550302410230505f,0.3076196042671977f,-0.772859373120613f,2.0970571304664887f,0f,0f,0f,1f], start_interpolation: 0, interpolation_duration: 1 }
$data merge entity $(bone_right_head_scales1) { transformation: [-0.9988851282115696f,-0.04709158911152988f,-0.003298919930385613f,-0.7610213184793784f,-0.0458197094827777f,0.9503433912567832f,0.3078116192047834f,4.828890373845594f,-0.011360231541219075f,0.3076196042671977f,-0.9514416031527224f,2.1786099672743493f,0f,0f,0f,1f], start_interpolation: 0, interpolation_duration: 1 }
$data merge entity $(bone_head_left_fin1) { transformation: [-0.7366301468578931f,-0.02600551846323793f,-0.745234820559769f,0.6046868619665349f,0.0008210703450235511f,1.0475105548280328f,-0.037365243108120706f,4.516336272492909f,0.7456879713451069f,-0.026843035567883273f,-0.7361413579319489f,1.9842298796271383f,0f,0f,0f,1f], start_interpolation: 0, interpolation_duration: 1 }
$data merge entity $(bone_head_right_fin1) { transformation: [-0.7163483393831516f,-0.06938742034082894f,0.762040445505762f,-0.7414669240998382f,-0.06747042795783387f,1.0455205901316913f,0.03177475392572356f,4.454587054635259f,-0.7622125661778094f,-0.027336414071686087f,-0.7189992506613015f,1.9689201925891673f,0f,0f,0f,1f], start_interpolation: 0, interpolation_duration: 1 }
$data merge entity $(bone_right_whisker16) { transformation: [0.25532376651809396f,0.9466528217126824f,-0.19661691024535702f,-1.2070672756456327f,0.9620566882867054f,-0.26898393559520295f,-0.045766482435647904f,1.728107931971099f,-0.09621176005993502f,-0.17747134285605856f,-0.9794116701831955f,1.9206147241623257f,0f,0f,0f,1f], start_interpolation: 0, interpolation_duration: 1 }
$data merge entity $(bone_right_whisker15) { transformation: [-0.9052276365651686f,0.3767024244734944f,-0.19661691024535702f,-0.9020833551231882f,0.39225633695986445f,0.9187167110705544f,-0.045766482435647904f,1.5959512559445823f,0.16339489622833642f,-0.11855331372633313f,-0.9794116701831955f,1.865564685882271f,0f,0f,0f,1f], start_interpolation: 0, interpolation_duration: 1 }
$data merge entity $(bone_right_whisker14) { transformation: [-0.7239740709407265f,-0.6612135322352996f,-0.19661691024535702f,-0.6581663097378851f,-0.6668654180411917f,0.7437714321659672f,-0.045766482435647904f,1.8206275930776008f,0.17649945843049616f,0.09798327144316395f,-0.9794116701831955f,1.8060995363134027f,0f,0f,0f,1f], start_interpolation: 0, interpolation_duration: 1 }
$data merge entity $(bone_right_whisker13) { transformation: [-0.06249173297854813f,-0.9975888778903285f,0.030186321717854833f,-0.6371119661074173f,-0.985377717331864f,0.06647392934290727f,0.1568820286188295f,2.1526152029208556f,-0.15851037030801118f,-0.01994109894740433f,-0.9871559223737589f,1.859503909122254f,0f,0f,0f,1f], start_interpolation: 0, interpolation_duration: 1 }
$data merge entity $(bone_right_whisker12) { transformation: [0.11958020386634506f,-0.991893078030823f,0.042996471922979375f,-0.6908296358130019f,-0.9255085315713333f,-0.09569272814049748f,0.36643807085195607f,2.5683709885876653f,-0.359352936306297f,-0.08361234080905183f,-0.9294484620636441f,2.0209319859785984f,0f,0f,0f,1f], start_interpolation: 0, interpolation_duration: 1 }
$data merge entity $(bone_right_whisker11) { transformation: [0.313404471886315f,-0.9464956615517096f,0.0769649249038289f,-0.8316168009181826f,-0.9486167076706595f,-0.30831936208768235f,0.07117241663680676f,2.9945074002365946f,-0.04363460701941316f,-0.0953159673173209f,-0.9944902651331609f,2.0405334696006006f,0f,0f,0f,1f], start_interpolation: 0, interpolation_duration: 1 }
$data merge entity $(bone_right_whisker10) { transformation: [0.06718522446388576f,-0.9793067524056778f,0.1909042438144897f,-0.8617976634703187f,-0.9804344161044276f,-0.10028247502082567f,-0.1693864838812937f,3.434936923096005f,0.18502567749290275f,-0.1757888218754034f,-0.9668835445760517f,1.9574164660393358f,0f,0f,0f,1f], start_interpolation: 0, interpolation_duration: 1 }
$data merge entity $(bone_right_whisker1) { transformation: [-0.31315337581557556f,-0.9364370091812079f,0.1581793003242319f,-0.7211232954281657f,-0.9401036834036243f,0.3292790384385922f,0.08820645835705332f,3.857249124624977f,-0.1346849199659979f,-0.12108279266977137f,-0.9834627240790785f,2.0179194574303114f,0f,0f,0f,1f], start_interpolation: 0, interpolation_duration: 1 }
$data merge entity $(bone_left_whisker16) { transformation: [0.26016185182267615f,-0.8809540309216829f,0.39526675329331085f,1.1813494905095272f,-0.9538692860334258f,-0.2980116173208961f,-0.03636565830376598f,1.7660428968221697f,0.1498305576919426f,-0.3675718587495821f,-0.9178462467304089f,2.169048493580717f,0f,0f,0f,1f], start_interpolation: 0, interpolation_duration: 1 }
$data merge entity $(bone_left_whisker15) { transformation: [-0.8394594111845162f,-0.37292370629219956f,0.39526675329331085f,0.8985238099834938f,-0.4199670124041029f,0.9068104804139097f,-0.03636565830376598f,1.6245501045571156f,-0.3448704183691572f,-0.19652649159027824f,-0.9178462467304089f,2.0528567998918894f,0f,0f,0f,1f], start_interpolation: 0, interpolation_duration: 1 }
$data merge entity $(bone_left_whisker14) { transformation: [-0.6927545361398602f,0.6032042327426197f,0.39526675329331085f,0.6651250648973107f,0.6443636709949152f,0.7638540426011308f,-0.03636565830376598f,1.8416452866794255f,-0.32386202642422285f,0.22950306142467294f,-0.9178462467304089f,1.9437431288798221f,0f,0f,0f,1f], start_interpolation: 0, interpolation_duration: 1 }
$data merge entity $(bone_left_whisker13) { transformation: [-0.12469581740702469f,0.9777554242324945f,0.1686572960328996f,0.6231132904779518f,0.9824046377399526f,0.09784810898008252f,0.15908134810861477f,2.172631224199234f,0.13903985352490228f,0.18552648854801573f,-0.9727527132724003f,1.990587610780302f,0f,0f,0f,1f], start_interpolation: 0, interpolation_duration: 1 }
$data merge entity $(bone_left_whisker12) { transformation: [0.013945383132812524f,0.9903799303786796f,0.1376703301092919f,0.629377818057145f,0.9276293040099247f,-0.06420850061169245f,0.36794176548913393f,2.5893397006099423f,0.3732417455635709f,0.12257594361178956f,-0.9196008576639856f,2.1582548011701874f,0f,0f,0f,1f], start_interpolation: 0, interpolation_duration: 1 }
$data merge entity $(bone_left_whisker11) { transformation: [0.2677590986471692f,0.9550651110309496f,0.12710506985598988f,0.7496602256525531f,0.9578472657262374f,-0.27811707826004783f,0.07196878712931915f,3.019622652010401f,0.10408496833081288f,0.10247694604902582f,-0.9892748833848146f,2.2050117205375446f,0f,0f,0f,1f], start_interpolation: 0, interpolation_duration: 1 }
$data merge entity $(bone_left_whisker10) { transformation: [0.07298039214283097f,0.9971791482762791f,0.017538774349247464f,0.7824443861854654f,0.9826606514142157f,-0.06889016349736136f,-0.17214002885876445f,3.4610522415128804f,-0.17044619832917401f,0.029797510236629295f,-0.9849163425686619f,2.128444092381861f,0f,0f,0f,1f], start_interpolation: 0, interpolation_duration: 1 }
$data merge entity $(bone_left_whisker1) { transformation: [-0.3635431805710524f,0.9304963559788054f,0.04486521336679188f,0.619133973038313f,0.9293557852791727f,0.35893133890399453f,0.08640670298488617f,3.8785362856812586f,0.06429759115562333f,0.07310831322599612f,-0.9952492121618755f,2.157327775908801f,0f,0f,0f,1f], start_interpolation: 0, interpolation_duration: 1 }
$data merge entity $(bone_upper_left_tooth1) { transformation: [-0.9988851282115696f,-0.04719991121441885f,0.0008179358821035813f,0.24894544306710872f,-0.0458197094827777f,0.973554598034689f,0.22381241893252724f,4.0243060907183885f,-0.011360231541219075f,0.2235254191962651f,-0.9746318956983009f,3.1196732036812076f,0f,0f,0f,1f], start_interpolation: 0, interpolation_duration: 1 }
$data merge entity $(bone_upper_right_tooth1) { transformation: [-0.9988851282115696f,-0.04719991121441885f,0.0008179358821035813f,-0.42413144996607777f,-0.0458197094827777f,0.973554598034689f,0.22381241893252724f,3.9934314817895635f,-0.011360231541219075f,0.2235254191962651f,-0.9746318956983009f,3.112018360162222f,0f,0f,0f,1f], start_interpolation: 0, interpolation_duration: 1 }
$data merge entity $(bone_top_lip1) { transformation: [-0.9988851282115696f,-0.04225253122946345f,0.021052891546281004f,-0.06537862233895146f,-0.0458197094827777f,0.9750977860487481f,-0.2169904649189542f,4.130423464145256f,-0.011360231541219075f,-0.21771318574568096f,-0.9759466757419671f,3.1437779854038466f,0f,0f,0f,1f], start_interpolation: 0, interpolation_duration: 1 }
$data merge entity $(bone_muzzle1) { transformation: [-0.9988851282115696f,-0.04719991121441885f,0.0008179358821035813f,-0.07287048908922264f,-0.0458197094827777f,0.973554598034689f,0.22381241893252724f,4.42010150032415f,-0.011360231541219075f,0.2235254191962651f,-0.9746318956983009f,2.63415376156091f,0f,0f,0f,1f], start_interpolation: 0, interpolation_duration: 1 }
$data merge entity $(bone_jaw_right_tooth1) { transformation: [-0.9988851282115696f,-0.037983300681340405f,0.028031580531734927f,-0.4202517484576909f,-0.0458197094827777f,0.9229922164130279f,-0.3820810420105664f,3.9039529729209423f,-0.011360231541219075f,-0.38293946951224234f,-0.923703582232424f,3.131780557954592f,0f,0f,0f,1f], start_interpolation: 0, interpolation_duration: 1 }
$data merge entity $(bone_jaw_left_tooth1) { transformation: [-0.9988851282115696f,-0.037983300681340405f,0.028031580531734927f,0.3089148856615945f,-0.0458197094827777f,0.9229922164130279f,-0.3820810420105664f,3.937400465927169f,-0.011360231541219075f,-0.38293946951224234f,-0.923703582232424f,3.1400733051001595f,0f,0f,0f,1f], start_interpolation: 0, interpolation_duration: 1 }
$data merge entity $(bone_tongue1) { transformation: [-0.9988851282115696f,-0.04530536844048677f,0.013263643097882291f,-0.04413589070362728f,-0.0458197094827777f,0.9980892534687514f,-0.04145354427675005f,3.8711196788777293f,-0.011360231541219075f,-0.04201506516313416f,-0.9990523907376768f,2.3218031365206135f,0f,0f,0f,1f], start_interpolation: 0, interpolation_duration: 1 }
$data merge entity $(bone_jaw_lips1) { transformation: [-0.9988851282115696f,-0.04530536844048677f,0.013263643097882291f,0.005888485786599611f,-0.0458197094827777f,0.9980892534687514f,-0.04145354427675005f,3.7820327233654956f,-0.011360231541219075f,-0.04201506516313416f,-0.9990523907376768f,3.225453419429366f,0f,0f,0f,1f], start_interpolation: 0, interpolation_duration: 1 }
$data merge entity $(bone_jaw3) { transformation: [-0.9988851282115696f,-0.04227388187243749f,0.021009986891748794f,0.02832532739665345f,-0.0458197094827777f,0.9753175673596884f,-0.2160004560701057f,3.5058199121485667f,-0.011360231541219075f,-0.21672231475096243f,-0.9761671903051827f,2.3666824861484237f,0f,0f,0f,1f], start_interpolation: 0, interpolation_duration: 1 }
$data merge entity $(bone_jaw1) { transformation: [-0.9988851282115696f,-0.04474845274287566f,-0.015035844335283571f,0.014816561001672113f,-0.0458197094827777f,0.8423890529169618f,0.5369182784638444f,3.988207427955927f,-0.011360231541219075f,0.537008621441763f,-0.8435002582314646f,1.608850222893592f,0f,0f,0f,1f], start_interpolation: 0, interpolation_duration: 1 }
$data merge entity $(bone_tear_right1) { transformation: [-0.9988851282115696f,-0.04709158911152988f,-0.003298919930385613f,-0.6815062864217366f,-0.0458197094827777f,0.9503433912567832f,0.3078116192047834f,4.466419573696797f,-0.011360231541219075f,0.3076196042671977f,-0.9514416031527224f,2.580427153006934f,0f,0f,0f,1f], start_interpolation: 0, interpolation_duration: 1 }
$data merge entity $(bone_right_pupil1) { transformation: [-0.9988851282115696f,-0.04709158911152988f,-0.003298919930385613f,-0.5014768155078804f,-0.0458197094827777f,0.9503433912567832f,0.3078116192047834f,4.560896879636351f,-0.011360231541219075f,0.3076196042671977f,-0.9514416031527224f,2.681190165568113f,0f,0f,0f,1f], start_interpolation: 0, interpolation_duration: 1 }
$data merge entity $(bone_right_sad_pupil1) { transformation: [-0.9988851282115696f,-0.04709158911152988f,-0.003298919930385613f,-0.5015138639250672f,-0.0458197094827777f,0.9503433912567832f,0.3078116192047834f,4.564353748406718f,-0.011360231541219075f,0.3076196042671977f,-0.9514416031527224f,2.6705050303764564f,0f,0f,0f,1f], start_interpolation: 0, interpolation_duration: 1 }
$data merge entity $(bone_right_happy_pupil1) { transformation: [-0.9988851282115696f,-0.04709158911152988f,-0.003298919930385613f,-0.5282362408675513f,-0.0458197094827777f,0.9503433912567832f,0.3078116192047834f,4.536385659970935f,-0.011360231541219075f,0.3076196042671977f,-0.9514416031527224f,2.6615494123150185f,0f,0f,0f,1f], start_interpolation: 0, interpolation_duration: 1 }
$data merge entity $(bone_eyelid_right1) { transformation: [-0.9988851282115696f,-0.04709158911152988f,-0.003298919930385613f,-0.06883061634758597f,-0.0458197094827777f,0.9503433912567832f,0.3078116192047834f,4.703644402001091f,-0.011360231541219075f,0.3076196042671977f,-0.9514416031527224f,2.123886571037843f,0f,0f,0f,1f], start_interpolation: 0, interpolation_duration: 1 }
$data merge entity $(bone_eyelid_expressions_right5) { transformation: [-0.9988851282115696f,-0.04709158911152988f,-0.003298919930385613f,-0.6358085156478005f,-0.0458197094827777f,0.9503433912567832f,0.3078116192047834f,4.665164149067935f,-0.011360231541219075f,0.3076196042671977f,-0.9514416031527224f,2.7035849796440017f,0f,0f,0f,1f], start_interpolation: 0, interpolation_duration: 1 }
$data merge entity $(bone_eyelid_expressions_right7) { transformation: [-0.9988851282115696f,-0.04709158911152988f,-0.003298919930385613f,-0.29927006913120724f,-0.0458197094827777f,0.9503433912567832f,0.3078116192047834f,4.680601453532347f,-0.011360231541219075f,0.3076196042671977f,-0.9514416031527224f,2.707412401403495f,0f,0f,0f,1f], start_interpolation: 0, interpolation_duration: 1 }
$data merge entity $(bone_eyelid_expressions_right6) { transformation: [-0.9988851282115696f,-0.04709158911152988f,-0.003298919930385613f,-0.411449551303405f,-0.0458197094827777f,0.9503433912567832f,0.3078116192047834f,4.675455685377543f,-0.011360231541219075f,0.3076196042671977f,-0.9514416031527224f,2.7061365941503306f,0f,0f,0f,1f], start_interpolation: 0, interpolation_duration: 1 }
$data merge entity $(bone_right_eye1) { transformation: [-0.9988851282115696f,-0.04709158911152988f,-0.003298919930385613f,-0.0800115161476188f,-0.0458197094827777f,0.9503433912567832f,0.3078116192047834f,4.699672956415244f,-0.011360231541219075f,0.3076196042671977f,-0.9514416031527224f,2.1344441255041833f,0f,0f,0f,1f], start_interpolation: 0, interpolation_duration: 1 }
$data merge entity $(bone_tear_left1) { transformation: [-0.9988851282115696f,-0.04709158911152988f,-0.003298919930385613f,0.5300321210379991f,-0.0458197094827777f,0.9503433912567832f,0.3078116192047834f,4.521993869768681f,-0.011360231541219075f,0.3076196042671977f,-0.9514416031527224f,2.5942058713411082f,0f,0f,0f,1f], start_interpolation: 0, interpolation_duration: 1 }
$data merge entity $(bone_left_sad_pupil1) { transformation: [-0.9988851282115696f,-0.04709158911152988f,-0.003298919930385613f,0.33983225236641584f,-0.0458197094827777f,0.9503433912567832f,0.3078116192047834f,4.602947009567749f,-0.011360231541219075f,0.3076196042671977f,-0.9514416031527224f,2.680073584775188f,0f,0f,0f,1f], start_interpolation: 0, interpolation_duration: 1 }
$data merge entity $(bone_left_pupil1) { transformation: [-0.9988851282115696f,-0.04709158911152988f,-0.003298919930385613f,0.3398693007836028f,-0.0458197094827777f,0.9503433912567832f,0.3078116192047834f,4.599490140797382f,-0.011360231541219075f,0.3076196042671977f,-0.9514416031527224f,2.6907587199668446f,0f,0f,0f,1f], start_interpolation: 0, interpolation_duration: 1 }
$data merge entity $(bone_eyelid_left1) { transformation: [-0.9988851282115696f,-0.04709158911152988f,-0.003298919930385613f,-0.09126651278202552f,-0.0458197094827777f,0.9503433912567832f,0.3078116192047834f,4.7026152483701305f,-0.011360231541219075f,0.3076196042671977f,-0.9514416031527224f,2.1236314095872104f,0f,0f,0f,1f], start_interpolation: 0, interpolation_duration: 1 }
$data merge entity $(bone_left_happy_pupil1) { transformation: [-0.9988851282115696f,-0.04709158911152988f,-0.003298919930385613f,0.3691996165100306f,-0.0458197094827777f,0.9503433912567832f,0.3078116192047834f,4.577551805209368f,-0.011360231541219075f,0.3076196042671977f,-0.9514416031527224f,2.6717558703403324f,0f,0f,0f,1f], start_interpolation: 0, interpolation_duration: 1 }
$data merge entity $(bone_eyelid_expressions_left5) { transformation: [-0.9988851282115696f,-0.04709158911152988f,-0.003298919930385613f,0.4635504096397375f,-0.0458197094827777f,0.9503433912567832f,0.3078116192047834f,4.715592676985015f,-0.011360231541219075f,0.3076196042671977f,-0.9514416031527224f,2.716087890725011f,0f,0f,0f,1f], start_interpolation: 0, interpolation_duration: 1 }
$data merge entity $(bone_eyelid_expressions_left7) { transformation: [-0.9988851282115696f,-0.04709158911152988f,-0.003298919930385613f,0.1270119631231442f,-0.0458197094827777f,0.9503433912567832f,0.3078116192047834f,4.700155372520602f,-0.011360231541219075f,0.3076196042671977f,-0.9514416031527224f,2.7122604689655185f,0f,0f,0f,1f], start_interpolation: 0, interpolation_duration: 1 }
$data merge entity $(bone_eyelid_expressions_left6) { transformation: [-0.9988851282115696f,-0.04709158911152988f,-0.003298919930385613f,0.23919144529534198f,-0.0458197094827777f,0.9503433912567832f,0.3078116192047834f,4.705301140675406f,-0.011360231541219075f,0.3076196042671977f,-0.9514416031527224f,2.713536276218683f,0f,0f,0f,1f], start_interpolation: 0, interpolation_duration: 1 }
$data merge entity $(bone_left_eye1) { transformation: [-0.9988851282115696f,-0.04709158911152988f,-0.003298919930385613f,-0.0800115161476188f,-0.0458197094827777f,0.9503433912567832f,0.3078116192047834f,4.699672956415244f,-0.011360231541219075f,0.3076196042671977f,-0.9514416031527224f,2.1344441255041833f,0f,0f,0f,1f], start_interpolation: 0, interpolation_duration: 1 }
$data merge entity $(bone_crest_middle5) { transformation: [-0.9988851282115696f,-0.04668934737466453f,0.006971763011187453f,-0.14369370378036816f,-0.0458197094827777f,0.9944390863031597f,0.09482329806250583f,5.869816894395055f,-0.011360231541219075f,0.09439813808685421f,-0.9954697065531755f,3.0143148245120517f,0f,0f,0f,1f], start_interpolation: 0, interpolation_duration: 1 }
$data merge entity $(bone_crest_middle4) { transformation: [-0.9988851282115696f,-0.04668934737466453f,0.006971763011187453f,-0.11223310838142428f,-0.0458197094827777f,0.9944390863031597f,0.09482329806250583f,5.199735869444684f,-0.011360231541219075f,0.09439813808685421f,-0.9954697065531755f,2.9507067041214956f,0f,0f,0f,1f], start_interpolation: 0, interpolation_duration: 1 }
$data merge entity $(bone_crest_middle1) { transformation: [-0.9988851282115696f,-0.04668934737466453f,0.006971763011187453f,-0.0892248855874153f,-0.0458197094827777f,0.9944390863031597f,0.09482329806250583f,4.689188241012311f,-0.011360231541219075f,0.09439813808685421f,-0.9954697065531755f,2.9868479073081327f,0f,0f,0f,1f], start_interpolation: 0, interpolation_duration: 1 }
$data merge entity $(bone_crest_left5) { transformation: [-0.4969839447451437f,-0.8607603091410381f,0.10999385834209462f,-1.2164409965017824f,-0.826130398730441f,0.508114846365111f,0.2435731249478117f,5.179334507639934f,-0.2655475907611259f,0.03018266242041076f,-0.9636251781321288f,2.898524737471087f,0f,0f,0f,1f], start_interpolation: 0, interpolation_duration: 1 }
$data merge entity $(bone_crest_left4) { transformation: [-0.4969839447451437f,-0.8607603091410381f,0.10999385834209462f,-0.733103908849344f,-0.826130398730441f,0.508114846365111f,0.2435731249478117f,4.894016112464213f,-0.2655475907611259f,0.03018266242041076f,-0.9636251781321288f,2.881576465115876f,0f,0f,0f,1f], start_interpolation: 0, interpolation_duration: 1 }
$data merge entity $(bone_crest_left1) { transformation: [-0.4969839447451437f,-0.8607603091410381f,0.10999385834209462f,-0.19525669948764846f,-0.826130398730441f,0.508114846365111f,0.2435731249478117f,4.593843079611251f,-0.2655475907611259f,0.03018266242041076f,-0.9636251781321288f,2.8088235532765133f,0f,0f,0f,1f], start_interpolation: 0, interpolation_duration: 1 }
$data merge entity $(bone_crest_center1) { transformation: [-0.9988851282115696f,-0.04709158911152988f,-0.003298919930385613f,-0.08175508268922835f,-0.0458197094827777f,0.9503433912567832f,0.3078116192047834f,4.572307184902515f,-0.011360231541219075f,0.3076196042671977f,-0.9514416031527224f,2.8014626901989477f,0f,0f,0f,1f], start_interpolation: 0, interpolation_duration: 1 }
$data merge entity $(bone_crest_right5) { transformation: [-0.5764172315979428f,0.8097274626928708f,-0.10993002900904332f,0.9901050850419626f,0.7768925748111176f,0.5847415397037171f,0.2334850293879207f,5.2805506510794835f,0.25333989484547337f,0.04918097097345278f,-0.9661263529030728f,2.923619589406251f,0f,0f,0f,1f], start_interpolation: 0, interpolation_duration: 1 }
$data merge entity $(bone_crest_right4) { transformation: [-0.5764172315979428f,0.8097274626928708f,-0.10993002900904332f,0.5354241367525088f,0.7768925748111176f,0.5847415397037171f,0.2334850293879207f,4.95220457165601f,0.25333989484547337f,0.04918097097345278f,-0.9661263529030728f,2.89600332152565f,0f,0f,0f,1f], start_interpolation: 0, interpolation_duration: 1 }
$data merge entity $(bone_crest_right1) { transformation: [-0.5764172315979428f,0.8097274626928708f,-0.10993002900904332f,0.029102264856747044f,0.7768925748111176f,0.5847415397037171f,0.2334850293879207f,4.6041346159208585f,0.25333989484547337f,0.04918097097345278f,-0.9661263529030728f,2.811375167782842f,0f,0f,0f,1f], start_interpolation: 0, interpolation_duration: 1 }
$data merge entity $(bone_head1) { transformation: [-1.0470085002738452f,-0.04936032452445512f,-0.0034578522707817932f,-0.07940487599337655f,-0.048027169444838584f,0.9961281640126434f,0.32264108523418034f,4.8364367299989945f,-0.011907534362866342f,0.32243981957694534f,-0.9972792845546109f,1.5294881282000223f,0f,0f,0f,1f], start_interpolation: 0, interpolation_duration: 1 }
$data merge entity $(bone_neck10) { transformation: [-1.4932094141977794f,-0.07035591712595393f,0.08700558580067226f,0.0036933790273886297f,-0.03716389439250412f,1.4100949135904841f,0.502439510094355f,4.771396406864077f,-0.10554038084418228f,0.49887539654270174f,-1.4078987351438506f,0.37669766044721803f,0f,0f,0f,1f], start_interpolation: 0, interpolation_duration: 1 }
$data merge entity $(bone_neck9) { transformation: [-1.142305201861302f,-0.058502647363680146f,0.06248531467943382f,0.07519257102622443f,-0.02843037921026567f,1.0480434414750028f,0.4615027701084034f,3.4130320809592494f,-0.0807383913457995f,0.45866167654515216f,-1.0465652999838182f,-0.15656892240523973f,0f,0f,0f,1f], start_interpolation: 0, interpolation_duration: 1 }
$data merge entity $(bone_neck8) { transformation: [-1.060166048553065f,-0.014335501210046188f,0.07831079298126994f,0.08342356086170105f,-0.02734209430737703f,1.0477263076632826f,-0.1783595568117105f,2.6369167852621107f,-0.07476962465590592f,-0.1798727745720294f,-1.045153302436295f,0.010536392036168796f,0f,0f,0f,1f], start_interpolation: 0, interpolation_duration: 1 }
$data merge entity $(bone_neck7) { transformation: [-1.0521108266061212f,0.03572584554712334f,0.07882312701315049f,0.04943427867898913f,1.8312852319637973e-18f,0.9615132287951795f,-0.43579688354309376f,1.7761250017585595f,-0.08654144320606265f,-0.43433004462714286f,-0.9582768930721431f,0.4237545040550882f,0f,0f,0f,1f], start_interpolation: 0, interpolation_duration: 1 }
$data merge entity $(bone_neck6) { transformation: [-1.0461414034764411f,0.022271489586331072f,0.0831183306964287f,0.03046087164288251f,1.8208949611441444e-18f,1.01390768862361f,-0.27167574636640235f,0.8778786916057535f,-0.08605042792546086f,-0.27076131908998324f,-1.010494999568187f,0.6544200236115505f,0f,0f,0f,1f], start_interpolation: 0, interpolation_duration: 1 }
$data merge entity $(bone_neck_spine6) { transformation: [-1.2250099408886164f,0.3095955580393354f,0.15325339697080545f,0.1339886678295438f,0.13964538227826864f,-0.0726569643291348f,1.2630144501388496f,0.5729648512250799f,0.3159670559554192f,1.232419135072763f,0.03596197400140435f,-2.057466255224695f,0f,0f,0f,1f], start_interpolation: 0, interpolation_duration: 1 }
$data merge entity $(bone_neck_spine7) { transformation: [-0.9095941297634927f,0.41224386084693443f,-0.051899116503150905f,-1.0783034535425018f,0.06988512691963013f,0.2749207553652481f,0.9589236921177976f,0.8322296528956084f,0.40957854940807314f,0.8686043848976444f,-0.27887601976750126f,-5.505383201530994f,0f,0f,0f,1f], start_interpolation: 0, interpolation_duration: 1 }
$data merge entity $(bone_tail6) { transformation: [-1.6248739845319877f,0.5339201514880374f,0.20003935551100874f,-2.302534705251997f,0.4104851208229677f,0.6761491589433404f,1.5295836747201161f,-0.8393837442260241f,0.395712569299008f,1.49099078609572f,-0.7652842451034603f,-8.925053041822691f,0f,0f,0f,1f], start_interpolation: 0, interpolation_duration: 1 }
$data merge entity $(bone_tail5) { transformation: [-1.3422872046133811f,0.44106447296837875f,0.16524990237865939f,-2.023967669693021f,0.3390964041581037f,0.5585580008662377f,1.2635691225948786f,-0.4866102699947161f,0.3268929920296153f,1.2316880406877688f,-0.6321913329115542f,-8.147144805598836f,0f,0f,0f,1f], start_interpolation: 0, interpolation_duration: 1 }
$data merge entity $(bone_tail4) { transformation: [-0.9890537297151228f,0.32499487481880535f,0.12176308596322269f,-1.8846841519135327f,0.24986050832702375f,0.4115690532698593f,0.9310509324383315f,-0.3102235328790621f,0.24086852044287438f,0.9075596089278295f,-0.46582519267167144f,-7.758190687486909f,0f,0f,0f,1f], start_interpolation: 0, interpolation_duration: 1 }
$data merge entity $(bone_segment18) { transformation: [-0.943594117293434f,0.310057222187382f,0.11616652176367084f,-1.7105797546891726f,0.23837623651571957f,0.3926522147965863f,0.8882572870964455f,-0.0897401114844946f,0.22979754496910254f,0.8658456890143765f,-0.44441459375384307f,-7.271998039847f,0f,0f,0f,1f], start_interpolation: 0, interpolation_duration: 1 }
$data merge entity $(bone_segment17) { transformation: [-0.943594117293434f,0.310057222187382f,0.11616652176367084f,-1.4842440382975042f,0.23837623651571957f,0.3926522147965863f,0.8882572870964455f,0.19688833632844352f,0.22979754496910254f,0.8658456890143765f,-0.44441459375384307f,-6.639947597915119f,0f,0f,0f,1f], start_interpolation: 0, interpolation_duration: 1 }
$data merge entity $(bone_segment16) { transformation: [-0.9606428285655164f,0.2775645908771779f,0.011101973555563228f,-1.2192836988615259f,0.06653081348357101f,0.1910907251958443f,0.9793150594172136f,0.3793016018352189f,0.26970169962916035f,0.9415106120672839f,-0.20203653279006487f,-5.741191129852842f,0f,0f,0f,1f], start_interpolation: 0, interpolation_duration: 1 }
$data merge entity $(bone_segment15) { transformation: [-0.9095941297634927f,0.4116294716961808f,0.05656586542180134f,-0.7338905474229143f,0.06988512691963013f,0.017365343470080147f,0.997403887039545f,0.3997788012884628f,0.40957854940807314f,0.9111858333387813f,-0.04456219235505954f,-4.666721507043683f,0f,0f,0f,1f], start_interpolation: 0, interpolation_duration: 1 }
$data merge entity $(bone_segment14) { transformation: [-0.9656434182810487f,0.3793486472486567f,0.14934051890320263f,-0.3071233192681755f,0.07953231490013632f,-0.20129734188569445f,1.0255872410777893f,0.17331929166705656f,0.39985322012244584f,0.9561637840901214f,0.15666339195020262f,-3.591037249942297f,0f,0f,0f,1f], start_interpolation: 0, interpolation_duration: 1 }
$data merge entity $(bone_segment13) { transformation: [-0.9872138935396496f,0.22426088698090776f,0.1649527047247476f,-0.04154316140787029f,0.1125377492477812f,-0.23440965894054488f,0.9922101484125269f,-0.13615759998002197f,0.25463227450524956f,0.9730636043903306f,0.20100556811782433f,-2.4246012390501073f,0f,0f,0f,1f], start_interpolation: 0, interpolation_duration: 1 }
$data merge entity $(bone_segment12) { transformation: [-1.10282617066647f,0.09543714061945291f,0.13834764427047336f,0.07375002860220707f,0.13356916817285716f,-0.05970857160751219f,1.105924068361783f,-0.20828876031124477f,0.10201762494009384f,1.1098650908370125f,0.04760005813661343f,-1.0838246192470047f,0f,0f,0f,1f], start_interpolation: 0, interpolation_duration: 1 }
$data merge entity $(bone_segment11) { transformation: [-1.1868864360557498f,-0.009967146283704988f,0.0912364224593827f,0.06832661578141783f,0.08058737695114031f,0.45314164700450615f,1.0978575332471538f,0.31497536875969334f,-0.043921560358923334f,1.1007661625551313f,-0.4511181583472723f,0.18851310995919468f,0f,0f,0f,1f], start_interpolation: 0, interpolation_duration: 1 }
$data merge entity $(bone_segment10) { transformation: [-1.0447942496435887f,-0.047391942898255435f,0.0695282509861477f,0.023981011337376942f,-0.005390778610645428f,0.9020327215390787f,0.5338380904393648f,1.238389536312583f,-0.08397090831255347f,0.5317576243424299f,-0.8993652837062553f,0.7331976696704973f,0f,0f,0f,1f], start_interpolation: 0, interpolation_duration: 1 }