# This file was generated by Animated Java via MC-Build. It is not recommended to edit this file directly.
$data merge entity $(bone_neck_spine5) { transformation: [-1.5710578640095418f,-0.054760110757862246f,-0.02824382693978749f,0.1702975742410668f,-0.056382577609657376f,1.5683493918003077f,0.0955007106692768f,4.228490988027259f,0.024847302318540935f,0.09644019424509988f,-1.5691083761353453f,-0.7286917609762724f,0f,0f,0f,1f], start_interpolation: 0, interpolation_duration: 1 }
$data merge entity $(bone_neck_spine2) { transformation: [-1.4962455847709917f,-0.05403456859698481f,-0.022884429944360338f,0.027007625628142972f,-0.05369769296157843f,1.49626975661448f,-0.02208290957902373f,5.796899810887547f,0.023664097446229455f,-0.021245294100318755f,-1.4970580916098992f,0.8765904039848813f,0f,0f,0f,1f], start_interpolation: 0, interpolation_duration: 1 }
$data merge entity $(bone_scale_neck_left1) { transformation: [-1.6041901547275104f,0.3704922809988305f,0.04862610444280683f,0.8445606951971099f,0.3661108562268891f,1.515480251308586f,0.5313544294387232f,4.923526019485963f,0.0747788022491223f,0.5283087718859307f,-1.5583173788160867f,0.8432071355655774f,0f,0f,0f,1f], start_interpolation: 0, interpolation_duration: 1 }
$data merge entity $(bone_scale_neck_right1) { transformation: [-1.5753868014353278f,-0.46127782254230115f,-0.13577288805822757f,-0.7264971688124313f,-0.48022043080309357f,1.485629446006856f,0.5247366652277361f,4.867143441876306f,-0.024491723915027023f,0.5414637572595854f,-1.5554009887716014f,0.8680544378841183f,0f,0f,0f,1f], start_interpolation: 0, interpolation_duration: 1 }
$data merge entity $(bone_blush_right1) { transformation: [-0.9988161340935593f,-0.033782168177708995f,-0.03500136265361614f,-0.5533484572860278f,-0.03761143064473192f,0.992624212274059f,0.11524996092042812f,4.537939886582074f,0.030849806470276107f,0.11642997174489329f,-0.9927196739866849f,2.2780670397423246f,0f,0f,0f,1f], start_interpolation: 0, interpolation_duration: 1 }
$data merge entity $(bone_blush_left1) { transformation: [-0.9988161340935593f,-0.033782168177708995f,-0.03500136265361614f,0.7702780016641285f,-0.03761143064473192f,0.992624212274059f,0.11524996092042812f,4.587782378168892f,0.030849806470276107f,0.11642997174489329f,-0.9927196739866849f,2.2371850208163826f,0f,0f,0f,1f], start_interpolation: 0, interpolation_duration: 1 }
$data merge entity $(bone_left_head_scales) { transformation: [-0.8697989006275346f,-0.033782168177708995f,-0.49224855264423584f,0.7430769922511968f,-0.08657825606360811f,0.992624212274059f,0.08486093791779582f,5.358101947893253f,0.48575104533507324f,0.11642997174489329f,-0.8663082497791228f,1.931625413712143f,0f,0f,0f,1f], start_interpolation: 0, interpolation_duration: 1 }
$data merge entity $(bone_left_head_scales2) { transformation: [-0.7981063212532751f,-0.033782168177708995f,-0.6015688365339222f,0.77932438461569f,-0.09691414217560228f,0.992624212274059f,0.07283421073692525f,4.446876465909944f,0.5946712949369014f,0.11642997174489329f,-0.795493628294754f,1.994250970115855f,0f,0f,0f,1f], start_interpolation: 0, interpolation_duration: 1 }
$data merge entity $(bone_left_head_scales1) { transformation: [-0.9988161340935593f,-0.033782168177708995f,-0.03500136265361614f,0.7468708880914668f,-0.03761143064473192f,0.992624212274059f,0.11524996092042812f,5.246625595928881f,0.030849806470276107f,0.11642997174489329f,-0.9927196739866849f,1.9185497821196988f,0f,0f,0f,1f], start_interpolation: 0, interpolation_duration: 1 }
$data merge entity $(bone_right_head_scales) { transformation: [-0.9021225619608222f,-0.033782168177708995f,0.4301553769447215f,-0.6029838134608265f,0.019854763197190976f,0.992624212274059f,0.11959498980177706f,5.307414668313439f,-0.4310228202539002f,0.11642997174489329f,-0.8947979604915612f,1.9732003482131009f,0f,0f,0f,1f], start_interpolation: 0, interpolation_duration: 1 }
$data merge entity $(bone_right_head_scales2) { transformation: [-0.8382582349698586f,-0.033782168177708995f,0.5442259609927023f,-0.5667364210963334f,0.0352951815730707f,0.992624212274059f,0.11598027144746498f,4.39618918633013f,-0.5441299308648085f,0.11642997174489329f,-0.8308830724094349f,2.035825904616813f,0f,0f,0f,1f], start_interpolation: 0, interpolation_duration: 1 }
$data merge entity $(bone_right_head_scales1) { transformation: [-0.9988161340935593f,-0.033782168177708995f,-0.03500136265361614f,-0.5991899176205565f,-0.03761143064473192f,0.992624212274059f,0.11524996092042812f,5.195938316349067f,0.030849806470276107f,0.11642997174489329f,-0.9927196739866849f,1.9601247166206568f,0f,0f,0f,1f], start_interpolation: 0, interpolation_duration: 1 }
$data merge entity $(bone_head_left_fin1) { transformation: [-0.7106477143901315f,-0.023885553914627683f,-0.770119798714101f,0.7581498851094612f,0.15409110974461318f,1.0221020333243693f,-0.173892384528584f,4.838296924503025f,0.7549244690397373f,-0.23111060515163473f,-0.6894578538654045f,1.7859012576770554f,0f,0f,0f,1f], start_interpolation: 0, interpolation_duration: 1 }
$data merge entity $(bone_head_right_fin1) { transformation: [-0.7422304129945092f,-0.0672644593555183f,0.7370513581554435f,-0.5879109206025621f,-0.20880070349077987f,1.020468556813785f,-0.1171383319042905f,4.787609644923211f,-0.7100503350276861f,-0.229770788150222f,-0.7360089025718847f,1.8274761921780134f,0f,0f,0f,1f], start_interpolation: 0, interpolation_duration: 1 }
$data merge entity $(bone_right_whisker16) { transformation: [0.2665879088457206f,0.9442792649728065f,-0.19304806810657676f,-1.0785711532865465f,0.932094782718286f,-0.3035507064596386f,-0.1976266293726754f,2.098529419341153f,-0.24521460577750318f,-0.1272542272392948f,-0.9610807243739278f,2.1982093650862162f,0f,0f,0f,1f], start_interpolation: 0, interpolation_duration: 1 }
$data merge entity $(bone_right_whisker15) { transformation: [-0.9014041203255896f,0.3875603891787288f,-0.19304806810657676f,-0.7748754291534133f,0.4226165708621926f,0.8844992647794998f,-0.1976266293726754f,1.9561439535721525f,0.0941586209156155f,-0.2597267705573605f,-0.9610807243739278f,2.166486001594139f,0f,0f,0f,1f], start_interpolation: 0, interpolation_duration: 1 }
$data merge entity $(bone_right_whisker14) { transformation: [-0.7321988411175414f,-0.6531594755237401f,-0.19304806810657676f,-0.5281873430347107f,-0.6230230907372576f,0.7568262308951701f,-0.1976266293726754f,2.166049194103748f,0.275185547357276f,-0.024428584948022806f,-0.9610807243739278f,2.073772120892713f,0f,0f,0f,1f], start_interpolation: 0, interpolation_duration: 1 }
$data merge entity $(bone_right_whisker13) { transformation: [-0.0729745824653491f,-0.9966815711435201f,0.03606322305191213f,-0.5036011799970687f,-0.9973326690920169f,0.07298125099964423f,-0.0011332097421875853f,2.5020645953115075f,-0.001502489867129031f,-0.03604972601020614f,-0.9993488679028902f,2.074278330857713f,0f,0f,0f,1f], start_interpolation: 0, interpolation_duration: 1 }
$data merge entity $(bone_right_whisker12) { transformation: [0.11059644039809463f,-0.9925558545027261f,0.051002971125551765f,-0.5532831747071503f,-0.9718139412245781f,-0.0972499136327716f,0.2147559497196067f,2.938621639220986f,-0.2081972406465141f,-0.07331664197698656f,-0.9753351111266302f,2.1678044350543892f,0f,0f,0f,1f], start_interpolation: 0, interpolation_duration: 1 }
$data merge entity $(bone_right_whisker11) { transformation: [0.30283251951643503f,-0.9495182753285675f,0.0818993891331968f,-0.689321220583674f,-0.9468645891373213f,-0.3095259199602476f,-0.08741369864371257f,3.3639709663725172f,0.10835088814190422f,-0.051075920841676184f,-0.9927997458445663f,2.119131184521893f,0f,0f,0f,1f], start_interpolation: 0, interpolation_duration: 1 }
$data merge entity $(bone_right_whisker10) { transformation: [0.05532049669945811f,-0.9796391036834238f,0.19299447966007593f,-0.7141722249603837f,-0.9396219007872024f,-0.11645519606648409f,-0.32179010374801953f,3.786066742116768f,0.33771337877846913f,-0.16354025144732712f,-0.9269327159781208f,1.967424002648753f,0f,0f,0f,1f], start_interpolation: 0, interpolation_duration: 1 }
$data merge entity $(bone_right_whisker1) { transformation: [-0.32320495049222076f,-0.9321407953128823f,0.16325470189488672f,-0.5689825011064564f,-0.9462339942984966f,0.31588287843800217f,-0.06970821431965424f,4.211132794243046f,0.013408505182668617f,-0.17700718862009407f,-0.9841182180843808f,1.961400650711226f,0f,0f,0f,1f], start_interpolation: 0, interpolation_duration: 1 }
$data merge entity $(bone_left_whisker16) { transformation: [0.24872994674661109f,-0.8827328002654534f,0.39864296924308007f,1.309068312112103f,-0.9209719853439519f,-0.34298556163024274f,-0.18485536704355368f,2.1500650486394384f,0.2999066784902399f,-0.32115994122663893f,-0.8982829600678477f,2.45161597585324f,0f,0f,0f,1f], start_interpolation: 0, interpolation_duration: 1 }
$data merge entity $(bone_left_whisker15) { transformation: [-0.8427151259493666f,-0.3618217787381018f,0.39864296924308007f,1.0251457354983027f,-0.46026223899200147f,0.8683243429924459f,-0.18485536704355368f,1.994996227885297f,-0.27926669664357195f,-0.3392607195027645f,-0.8982829600678477f,2.357527098566099f,0f,0f,0f,1f], start_interpolation: 0, interpolation_duration: 1 }
$data merge entity $(bone_left_whisker14) { transformation: [-0.6840686972611092f,0.6108467897112577f,0.39864296924308007f,0.79467337167498f,0.5924538863398547f,0.7841089757399768f,-0.18485536704355368f,2.1946022735759705f,-0.4254978378185857f,0.1097238062749139f,-0.8982829600678477f,2.2141708934416733f,0f,0f,0f,1f], start_interpolation: 0, interpolation_duration: 1 }
$data merge entity $(bone_left_whisker13) { transformation: [-0.11415204847493002f,0.9780198630166567f,0.17448913253798115f,0.7562139412805944f,0.9932936636962152f,0.11560388417373628f,0.0018546225750174783f,2.529256877067371f,-0.018357763750730366f,0.17353065869991174f,-0.9846573530935763f,2.2079859046779995f,0f,0f,0f,1f], start_interpolation: 0, interpolation_duration: 1 }
$data merge entity $(bone_left_whisker12) { transformation: [0.022885691228760142f,0.9890720310241707f,0.14564601808049438f,0.766494622887264f,0.9746950653445126f,-0.05447777755626873f,0.2167987577122767f,2.967108175952601f,0.22236405898894399f,0.13699886568235348f,-0.9652903895055158f,2.307876009301939f,0f,0f,0f,1f], start_interpolation: 0, interpolation_duration: 1 }
$data merge entity $(bone_left_whisker11) { transformation: [0.2781419136397569f,0.9514236418482752f,0.13202321617419796f,0.8914411856551236f,0.9594045406052121f,-0.268495337503846f,-0.08633180876593519f,3.398090684427599f,-0.04669050591840054f,0.15067616756096772f,-0.9874799690050545f,2.2869017585964073f,0f,0f,0f,1f], start_interpolation: 0, interpolation_duration: 1 }
$data merge entity $(bone_left_whisker10) { transformation: [0.08479950356367535f,0.9962035575071676f,0.019685431298753886f,0.9295347126466185f,0.9426462989408957f,-0.07380793025667097f,-0.3255308657013308f,3.821545076529954f,-0.3228420655496829f,0.0461612547629519f,-0.9453264723207134f,2.1418750494627607f,0f,0f,0f,1f], start_interpolation: 0, interpolation_duration: 1 }
$data merge entity $(bone_left_whisker1) { transformation: [-0.3532713776860559f,0.9341849837936184f,0.04997749255728397f,0.7708385859517106f,0.9316326971666283f,0.3561662942952651f,-0.07215322846562044f,4.240051952210275f,-0.08520476088710999f,0.021070995764220973f,-0.9961406335752372f,2.1035994732830043f,0f,0f,0f,1f], start_interpolation: 0, interpolation_duration: 1 }
$data merge entity $(bone_upper_left_tooth1) { transformation: [-0.9988161340935593f,-0.036704186587933445f,-0.031923861942364296f,0.4400945517650674f,-0.03761143064473192f,0.9988916734105714f,0.02829849953415664f,4.5819325078581645f,0.030849806470276107f,0.029465700024711827f,-0.9990896165824167f,3.006964437797612f,0f,0f,0f,1f], start_interpolation: 0, interpolation_duration: 1 }
$data merge entity $(bone_upper_right_tooth1) { transformation: [-0.9988161340935593f,-0.036704186587933445f,-0.031923861942364296f,-0.23293585109094417f,-0.03761143064473192f,0.9988916734105714f,0.02829849953415664f,4.556588868068257f,0.030849806470276107f,0.029465700024711827f,-0.9990896165824167f,3.027751905048091f,0f,0f,0f,1f], start_interpolation: 0, interpolation_duration: 1 }
$data merge entity $(bone_top_lip1) { transformation: [-0.9988161340935593f,-0.047764529389063476f,-0.009213034605289421f,0.12708838531377417f,-0.03761143064473192f,0.8784005493633722f,-0.4764429191025744f,4.693714925422664f,0.030849806470276107f,-0.4755323591621997f,-0.8791571331851773f,3.0201320657240007f,0f,0f,0f,1f], start_interpolation: 0, interpolation_duration: 1 }
$data merge entity $(bone_muzzle1) { transformation: [-0.9988161340935593f,-0.036704186587933445f,-0.031923861942364296f,0.102979310310573f,-0.03761143064473192f,0.9988916734105714f,0.02829849953415664f,4.877875522000265f,0.030849806470276107f,0.029465700024711827f,-0.9990896165824167f,2.464083534199951f,0f,0f,0f,1f], start_interpolation: 0, interpolation_duration: 1 }
$data merge entity $(bone_jaw_right_tooth1) { transformation: [-0.9988161340935593f,-0.047732708665801586f,-0.009376502430153743f,-0.22263678172427903f,-0.03761143064473192f,0.8800265035907423f,-0.47343292372067824f,4.326036669672586f,0.030849806470276107f,-0.472519778952457f,-0.8807799656778461f,3.0801178293264533f,0f,0f,0f,1f], start_interpolation: 0, interpolation_duration: 1 }
$data merge entity $(bone_jaw_left_tooth1) { transformation: [-0.9988161340935593f,-0.047732708665801586f,-0.009376502430153743f,0.5064794880364002f,-0.03761143064473192f,0.8800265035907423f,-0.47343292372067824f,4.3534922794449855f,0.030849806470276107f,-0.472519778952457f,-0.8807799656778461f,3.0575980731384345f,0f,0f,0f,1f], start_interpolation: 0, interpolation_duration: 1 }
$data merge entity $(bone_tongue1) { transformation: [-0.9988161340935593f,-0.037020945258882595f,-0.03155598020242418f,0.11690815930431755f,-0.03761143064473192f,0.9991243383220347f,0.018328580343620116f,4.353680878288597f,0.030849806470276107f,0.01949374732304776f,-0.9993339197966071f,2.2759672363687797f,0f,0f,0f,1f], start_interpolation: 0, interpolation_duration: 1 }
$data merge entity $(bone_jaw_lips1) { transformation: [-0.9988161340935593f,-0.037020945258882595f,-0.03155598020242418f,0.20612635840918986f,-0.03761143064473192f,0.9991243383220347f,0.018328580343620116f,4.210288824851692f,0.030849806470276107f,0.01949374732304776f,-0.9993339197966071f,3.169556397922552f,0f,0f,0f,1f], start_interpolation: 0, interpolation_duration: 1 }
$data merge entity $(bone_jaw3) { transformation: [-0.9988161340935593f,-0.04537932900646867f,-0.017522750164276155f,0.19420551238894274f,-0.03761143064473192f,0.9488676880440114f,-0.3134254151642285f,3.8487736205272824f,0.030849806470276107f,-0.312395305798495f,-0.9494511374240443f,2.3428465968058263f,0f,0f,0f,1f], start_interpolation: 0, interpolation_duration: 1 }
$data merge entity $(bone_jaw1) { transformation: [-0.9988161340935593f,-0.019697575799972028f,-0.044478486732366755f,0.15424437196533197f,-0.03761143064473192f,0.8925760131235569f,0.4493255402058872f,4.252464535556009f,0.030849806470276107f,0.45046649853686144f,-0.8922601768187833f,1.5412065941952005f,0f,0f,0f,1f], start_interpolation: 0, interpolation_duration: 1 }
$data merge entity $(bone_tear_right1) { transformation: [-0.9988161340935593f,-0.033782168177708995f,-0.03500136265361614f,-0.5070034904369056f,-0.03761143064473192f,0.992624212274059f,0.11524996092042812f,4.918570288678868f,0.030849806470276107f,0.11642997174489329f,-0.9927196739866849f,2.422437826864298f,0f,0f,0f,1f], start_interpolation: 0, interpolation_duration: 1 }
$data merge entity $(bone_right_pupil1) { transformation: [-0.9988161340935593f,-0.033782168177708995f,-0.03500136265361614f,-0.3233558941843875f,-0.03761143064473192f,0.992624212274059f,0.11524996092042812f,5.029250261561523f,0.030849806470276107f,0.11642997174489329f,-0.9927196739866849f,2.4966891597068157f,0f,0f,0f,1f], start_interpolation: 0, interpolation_duration: 1 }
$data merge entity $(bone_right_sad_pupil1) { transformation: [-0.9988161340935593f,-0.033782168177708995f,-0.03500136265361614f,-0.32374897589387636f,-0.03761143064473192f,0.992624212274059f,0.11524996092042812f,5.030544572646079f,0.030849806470276107f,0.11642997174489329f,-0.9927196739866849f,2.4855404524305977f,0f,0f,0f,1f], start_interpolation: 0, interpolation_duration: 1 }
$data merge entity $(bone_right_happy_pupil1) { transformation: [-0.9988161340935593f,-0.033782168177708995f,-0.03500136265361614f,-0.35084308857706115f,-0.03761143064473192f,0.992624212274059f,0.11524996092042812f,5.001619869904673f,0.030849806470276107f,0.11642997174489329f,-0.9927196739866849f,2.4831377197566287f,0f,0f,0f,1f], start_interpolation: 0, interpolation_duration: 1 }
$data merge entity $(bone_eyelid_right1) { transformation: [-0.9988161340935593f,-0.033782168177708995f,-0.03500136265361614f,0.09035542066730495f,-0.03761143064473192f,0.992624212274059f,0.11524996092042812f,5.0557841332734705f,0.030849806470276107f,0.11642997174489329f,-0.9927196739866849f,1.908228636917786f,0f,0f,0f,1f], start_interpolation: 0, interpolation_duration: 1 }
$data merge entity $(bone_eyelid_expressions_right5) { transformation: [-0.9988161340935593f,-0.033782168177708995f,-0.03500136265361614f,-0.45654000666533384f,-0.03761143064473192f,0.992624212274059f,0.11524996092042812f,5.137163407167326f,0.030849806470276107f,0.11642997174489329f,-0.9927196739866849f,2.5026003374927344f,0f,0f,0f,1f], start_interpolation: 0, interpolation_duration: 1 }
$data merge entity $(bone_eyelid_expressions_right7) { transformation: [-0.9988161340935593f,-0.033782168177708995f,-0.03500136265361614f,-0.12002480523732802f,-0.03761143064473192f,0.992624212274059f,0.11524996092042812f,5.14983522706228f,0.030849806470276107f,0.11642997174489329f,-0.9927196739866849f,2.492206603867495f,0f,0f,0f,1f], start_interpolation: 0, interpolation_duration: 1 }
$data merge entity $(bone_eyelid_expressions_right6) { transformation: [-0.9988161340935593f,-0.033782168177708995f,-0.03500136265361614f,-0.23219653904666332f,-0.03761143064473192f,0.992624212274059f,0.11524996092042812f,5.145611287097295f,0.030849806470276107f,0.11642997174489329f,-0.9927196739866849f,2.495671181742575f,0f,0f,0f,1f], start_interpolation: 0, interpolation_duration: 1 }
$data merge entity $(bone_right_eye1) { transformation: [-0.9988161340935593f,-0.033782168177708995f,-0.03500136265361614f,0.07953132899586028f,-0.03761143064473192f,0.992624212274059f,0.11524996092042812f,5.0540674281924165f,0.030849806470276107f,0.11642997174489329f,-0.9927196739866849f,1.9197238019815117f,0f,0f,0f,1f], start_interpolation: 0, interpolation_duration: 1 }
$data merge entity $(bone_tear_left1) { transformation: [-0.9988161340935593f,-0.033782168177708995f,-0.03500136265361614f,0.7044512347039154f,-0.03761143064473192f,0.992624212274059f,0.11524996092042812f,4.964188840300701f,0.030849806470276107f,0.11642997174489329f,-0.9927196739866849f,2.3850203858134353f,0f,0f,0f,1f], start_interpolation: 0, interpolation_duration: 1 }
$data merge entity $(bone_left_sad_pupil1) { transformation: [-0.9988161340935593f,-0.033782168177708995f,-0.03500136265361614f,0.5175390276761381f,-0.03761143064473192f,0.992624212274059f,0.11524996092042812f,5.062224122383463f,0.030849806470276107f,0.11642997174489329f,-0.9927196739866849f,2.459556118367499f,0f,0f,0f,1f], start_interpolation: 0, interpolation_duration: 1 }
$data merge entity $(bone_left_pupil1) { transformation: [-0.9988161340935593f,-0.033782168177708995f,-0.03500136265361614f,0.517932109385627f,-0.03761143064473192f,0.992624212274059f,0.11524996092042812f,5.060929811298907f,0.030849806470276107f,0.11642997174489329f,-0.9927196739866849f,2.4707048256437165f,0f,0f,0f,1f], start_interpolation: 0, interpolation_duration: 1 }
$data merge entity $(bone_eyelid_left1) { transformation: [-0.9988161340935593f,-0.033782168177708995f,-0.03500136265361614f,0.0679210739054379f,-0.03761143064473192f,0.992624212274059f,0.11524996092042812f,5.054939345280474f,0.030849806470276107f,0.11642997174489329f,-0.9927196739866849f,1.908921552492802f,0f,0f,0f,1f], start_interpolation: 0, interpolation_duration: 1 }
$data merge entity $(bone_left_happy_pupil1) { transformation: [-0.9988161340935593f,-0.033782168177708995f,-0.03500136265361614f,0.5465307818976209f,-0.03761143064473192f,0.992624212274059f,0.11524996092042812f,5.03541138962455f,0.030849806470276107f,0.11642997174489329f,-0.9927196739866849f,2.45542109675599f,0f,0f,0f,1f], start_interpolation: 0, interpolation_duration: 1 }
$data merge entity $(bone_eyelid_expressions_left5) { transformation: [-0.9988161340935593f,-0.033782168177708995f,-0.03500136265361614f,0.6427429846661519f,-0.03761143064473192f,0.992624212274059f,0.11524996092042812f,5.178558018824175f,0.030849806470276107f,0.11642997174489329f,-0.9927196739866849f,2.468647474316952f,0f,0f,0f,1f], start_interpolation: 0, interpolation_duration: 1 }
$data merge entity $(bone_eyelid_expressions_left7) { transformation: [-0.9988161340935593f,-0.033782168177708995f,-0.03500136265361614f,0.30622778323814603f,-0.03761143064473192f,0.992624212274059f,0.11524996092042812f,5.165886198929221f,0.030849806470276107f,0.11642997174489329f,-0.9927196739866849f,2.4790412079421915f,0f,0f,0f,1f], start_interpolation: 0, interpolation_duration: 1 }
$data merge entity $(bone_eyelid_expressions_left6) { transformation: [-0.9988161340935593f,-0.033782168177708995f,-0.03500136265361614f,0.41839951704748135f,-0.03761143064473192f,0.992624212274059f,0.11524996092042812f,5.170110138894206f,0.030849806470276107f,0.11642997174489329f,-0.9927196739866849f,2.4755766300671116f,0f,0f,0f,1f], start_interpolation: 0, interpolation_duration: 1 }
$data merge entity $(bone_left_eye1) { transformation: [-0.9988161340935593f,-0.033782168177708995f,-0.03500136265361614f,0.07953132899586028f,-0.03761143064473192f,0.992624212274059f,0.11524996092042812f,5.0540674281924165f,0.030849806470276107f,0.11642997174489329f,-0.9927196739866849f,1.9197238019815117f,0f,0f,0f,1f], start_interpolation: 0, interpolation_duration: 1 }
$data merge entity $(bone_crest_middle5) { transformation: [-0.9988161340935593f,-0.040557077323807575f,-0.026859891164106794f,0.04940623542095016f,-0.03761143064473192f,0.9940397120617318f,-0.10232512462286845f,6.374604103526795f,0.030849806470276107f,-0.10119374646281144f,-0.9943883120378914f,2.554341853583512f,0f,0f,0f,1f], start_interpolation: 0, interpolation_duration: 1 }
$data merge entity $(bone_crest_middle4) { transformation: [-0.9988161340935593f,-0.040557077323807575f,-0.026859891164106794f,0.07673473478953144f,-0.03761143064473192f,0.9940397120617318f,-0.10232512462286845f,5.704792188172698f,0.030849806470276107f,-0.10119374646281144f,-0.9943883120378914f,2.6225290460242734f,0f,0f,0f,1f], start_interpolation: 0, interpolation_duration: 1 }
$data merge entity $(bone_crest_middle1) { transformation: [-0.9988161340935593f,-0.040557077323807575f,-0.026859891164106794f,0.09949348773134255f,-0.03761143064473192f,0.9940397120617318f,-0.10232512462286845f,5.211051981788344f,0.030849806470276107f,-0.10119374646281144f,-0.9943883120378914f,2.757425649190945f,0f,0f,0f,1f], start_interpolation: 0, interpolation_duration: 1 }
$data merge entity $(bone_crest_left5) { transformation: [-0.508171925996866f,-0.8577506494361197f,0.07762162727327016f,-1.0286669300788736f,-0.8573793764934736f,0.5123671905322328f,0.048790027974669095f,5.685104491484804f,-0.08162045327182432f,-0.04175745990863666f,-0.9957883390307806f,2.6118619330363444f,0f,0f,0f,1f], start_interpolation: 0, interpolation_duration: 1 }
$data merge entity $(bone_crest_left4) { transformation: [-0.508171925996866f,-0.8577506494361197f,0.07762162727327016f,-0.5470198368896462f,-0.8573793764934736f,0.5123671905322328f,0.048790027974669095f,5.397398305394927f,-0.08162045327182432f,-0.04175745990863666f,-0.9957883390307806f,2.6353097254655107f,0f,0f,0f,1f], start_interpolation: 0, interpolation_duration: 1 }
$data merge entity $(bone_crest_left1) { transformation: [-0.508171925996866f,-0.8577506494361197f,0.07762162727327016f,-0.012849398084413835f,-0.8573793764934736f,0.5123671905322328f,0.048790027974669095f,5.083661175118468f,-0.08162045327182432f,-0.04175745990863666f,-0.9957883390307806f,2.605186448022095f,0f,0f,0f,1f], start_interpolation: 0, interpolation_duration: 1 }
$data merge entity $(bone_crest_center1) { transformation: [-0.9988161340935593f,-0.033782168177708995f,-0.03500136265361614f,0.10027079754452226f,-0.03761143064473192f,0.992624212274059f,0.11524996092042812f,5.060016383816686f,0.030849806470276107f,0.11642997174489329f,-0.9927196739866849f,2.5984530040909255f,0f,0f,0f,1f], start_interpolation: 0, interpolation_duration: 1 }
$data merge entity $(bone_crest_right5) { transformation: [-0.5651551093210501f,0.8126217399306669f,-0.14228706968789334f,1.177726742848059f,0.8169621625839172f,0.5752667504502939f,0.0405091438143083f,5.768188474383796f,0.11477163113993366f,-0.09334920255907245f,-0.9889961572559645f,2.543714437733008f,0f,0f,0f,1f], start_interpolation: 0, interpolation_duration: 1 }
$data merge entity $(bone_crest_right4) { transformation: [-0.5651551093210501f,0.8126217399306669f,-0.14228706968789334f,0.7214205900549597f,0.8169621625839172f,0.5752667504502939f,0.0405091438143083f,5.445162711191492f,0.11477163113993366f,-0.09334920255907245f,-0.9889961572559645f,2.5961322028418623f,0f,0f,0f,1f], start_interpolation: 0, interpolation_duration: 1 }
$data merge entity $(bone_crest_right1) { transformation: [-0.5651551093210501f,0.8126217399306669f,-0.14228706968789334f,0.2114940695342567f,0.8169621625839172f,0.5752667504502939f,0.0405091438143083f,5.092109055048438f,0.11477163113993366f,-0.09334920255907245f,-0.9889961572559645f,2.598257292271936f,0f,0f,0f,1f], start_interpolation: 0, interpolation_duration: 1 }
$data merge entity $(bone_head1) { transformation: [-1.046936182220462f,-0.03540969450918714f,-0.03668762621895961f,0.059808782894108396f,-0.03942343967318904f,1.0404459516674702f,0.12080236789185493f,5.069516361860788f,0.032336060167411786f,0.1220392281961446f,-1.0405460124469805f,1.300007085993319f,0f,0f,0f,1f], start_interpolation: 0, interpolation_duration: 1 }
$data merge entity $(bone_neck10) { transformation: [-1.4962455847709917f,-0.05058527787026737f,-0.029741576961022614f,0.05379349267045999f,-0.05369769296157843f,1.486351359524958f,0.17340840663860585f,4.747164443733307f,0.023664097446229455f,0.17434175456592096f,-1.4870236194462276f,0.18820023076810533f,0f,0f,0f,1f], start_interpolation: 0, interpolation_duration: 1 }
$data merge entity $(bone_neck9) { transformation: [-1.1446278723498093f,-0.033211320150807f,-0.030202492485319022f,0.0976021601413571f,-0.04107873511560753f,1.0857111535939206f,0.3629490005243109f,3.3456233165780986f,0.018103034546365544f,0.363753278575101f,-1.0860681290621756f,-0.2221682552069168f,0f,0f,0f,1f], start_interpolation: 0, interpolation_duration: 1 }
$data merge entity $(bone_neck8) { transformation: [-1.0625033987774632f,-0.03642174164480289f,-0.007079669400250814f,0.125f,-0.03362713321995309f,1.030994732499441f,-0.2573115132805602f,2.5844769809452757f,0.015680589742262382f,-0.2569308383415343f,-1.031518686603093f,0.0020024423587927664f,0f,0f,0f,1f], start_interpolation: 0, interpolation_duration: 1 }
$data merge entity $(bone_neck7) { transformation: [-1.0556640625f,3.937929025449727e-17f,8.444916047552402e-17f,0.12499999999999997f,0f,0.9567565603384949f,-0.4461429110758749f,1.7282075129699548f,-9.31793389436132e-17f,-0.4461429110758749f,-0.9567565603384949f,0.4258769192552695f,0f,0f,0f,1f], start_interpolation: 0, interpolation_duration: 1 }
$data merge entity $(bone_neck6) { transformation: [-1.0496744791666666f,2.397975582637976e-17f,8.94936670971451e-17f,0.12499999999999996f,0f,1.01390768862361f,-0.27167574636640235f,0.8299612028171488f,-9.26506618432239e-17f,-0.27167574636640235f,-1.01390768862361f,0.6573214527547895f,0f,0f,0f,1f], start_interpolation: 0, interpolation_duration: 1 }
$data merge entity $(bone_neck_spine6) { transformation: [-1.2228196731341021f,0.24526931053346543f,0.25404798921336974f,0.05292024885674779f,0.17762830268299942f,-0.3641695288238083f,1.206571219977881f,0.625445372560881f,0.30519764350150974f,1.1946584817860684f,0.31564359460385233f,-1.8772661184043442f,0f,0f,0f,1f], start_interpolation: 0, interpolation_duration: 1 }
$data merge entity $(bone_neck_spine7) { transformation: [-0.9715519322233309f,0.09529025415817685f,0.2168100792296852f,-0.4454691352039144f,0.2098602834715203f,-0.07785421532933531f,0.9746267914318315f,1.8882460531164922f,0.10975201325882572f,0.9924003670988456f,0.05564177358523839f,-5.197761558308002f,0f,0f,0f,1f], start_interpolation: 0, interpolation_duration: 1 }
$data merge entity $(bone_tail6) { transformation: [-1.3406597636459938f,-0.2256342122298477f,1.0568928696605022f,0.03402080104630126f,1.073077508150379f,-0.078141611620913f,1.3445075260340447f,1.8897011612588723f,-0.12821075294049497f,1.7053694697430903f,0.20144208106979242f,-9.114832051296439f,0f,0f,0f,1f], start_interpolation: 0, interpolation_duration: 1 }
$data merge entity $(bone_tail5) { transformation: [-1.107501543881473f,-0.18639347966813505f,0.8730854140673714f,-0.08370139663883666f,0.8864553328198782f,-0.06455176612162378f,1.1106801302020368f,1.8489316247610046f,-0.10591323068997409f,1.4087834750051615f,0.16640867566635026f,-8.225074067082653f,0f,0f,0f,1f], start_interpolation: 0, interpolation_duration: 1 }
$data merge entity $(bone_tail4) { transformation: [-0.8160537691758222f,-0.13734256396599423f,0.6433260945759578f,-0.14256249548140562f,0.6531776136567523f,-0.04756445924751226f,0.8183958854120271f,1.8285468565120708f,-0.07804132787682301f,1.0380509815827506f,0.12261691891204754f,-7.78019507497576f,0f,0f,0f,1f], start_interpolation: 0, interpolation_duration: 1 }
$data merge entity $(bone_segment18) { transformation: [-0.7785457077354428f,-0.1310299243799796f,0.6137570691109759f,-0.21613886903461682f,0.6231557854514109f,-0.04537826671067008f,0.7807801739086172f,1.8030658962009036f,-0.07445433516695661f,0.9903393215596925f,0.1169811102167112f,-7.224096334842144f,0f,0f,0f,1f], start_interpolation: 0, interpolation_duration: 1 }
$data merge entity $(bone_segment17) { transformation: [-0.7785457077354428f,-0.1310299243799796f,0.6137570691109759f,-0.3117881546537915f,0.6231557854514109f,-0.04537826671067008f,0.7807801739086172f,1.7699406477963862f,-0.07445433516695661f,0.9903393215596925f,0.1169811102167112f,-6.5011679726684415f,0f,0f,0f,1f], start_interpolation: 0, interpolation_duration: 1 }
$data merge entity $(bone_segment16) { transformation: [-0.9342322556930671f,-0.26076533507556204f,0.24333419908753814f,-0.5607120951189889f,0.3015788112253056f,-0.21329438001095655f,0.929276992115738f,1.566331998908974f,-0.19042140909723182f,0.9415449789992358f,0.2779077895251463f,-5.602378698281963f,0f,0f,0f,1f], start_interpolation: 0, interpolation_duration: 1 }
$data merge entity $(bone_segment15) { transformation: [-0.9715519322233309f,0.0359287398102033f,0.23408538751652788f,-0.5183449532041251f,0.2098602834715203f,-0.32745337276179554f,0.9212670351685107f,1.180199237571212f,0.10975201325882572f,0.944183993892385f,0.3105979414984249f,-4.488997670327808f,0f,0f,0f,1f], start_interpolation: 0, interpolation_duration: 1 }
$data merge entity $(bone_segment14) { transformation: [-1.0070279661104362f,0.15149128273551843f,0.24823429406872313f,-0.3479172601266669f,0.14628213162129355f,-0.5094086402306588f,0.9043116571469452f,0.6071145173117208f,0.2513392358247725f,0.9034536106179833f,0.4682684700270994f,-3.4726123583825768f,0f,0f,0f,1f], start_interpolation: 0, interpolation_duration: 1 }
$data merge entity $(bone_segment13) { transformation: [-0.9854487954080704f,0.15910386062634022f,0.23594542798233012f,-0.16275409973401767f,0.14314751451512306f,-0.4578667885236989f,0.9066203201331444f,0.030853183084463498f,0.24595339505709904f,0.903956623585433f,0.4176876368281658f,-2.3953383853716463f,0f,0f,0f,1f], start_interpolation: 0, interpolation_duration: 1 }
$data merge entity $(bone_segment12) { transformation: [-1.088043172771561f,0.1392606087651073f,0.20308229421405394f,0.005480192733897216f,0.1747733161009896f,-0.2113718195397768f,1.0813186963495935f,-0.2244953237421125f,0.1734653376209074f,1.086463215181486f,0.18434028288263188f,-1.0828324878369653f,0f,0f,0f,1f], start_interpolation: 0, interpolation_duration: 1 }
$data merge entity $(bone_segment11) { transformation: [-1.181408943267549f,0.09712864977583485f,0.10936990007092277f,0.11235631095328394f,0.13685918006151523f,0.4198384545681195f,1.105499017539179f,0.26131774265994323f,0.05162668381457558f,1.1096956962789046f,-0.4278235478088292f,0.19983393105309333f,0f,0f,0f,1f], start_interpolation: 0, interpolation_duration: 1 }
$data merge entity $(bone_segment10) { transformation: [-1.0478178992256817f,0.01763685614000418f,0.02101878666691737f,0.12499999999999994f,0.02578335879359386f,0.9075310264504245f,0.523829984312022f,1.1904720475239783f,-0.009384375140273998f,0.5241675069674856f,-0.9076538746504037f,0.7363651502149133f,0f,0f,0f,1f], start_interpolation: 0, interpolation_duration: 1 }