# This file was generated by Animated Java via MC-Build. It is not recommended to edit this file directly.
$data merge entity $(bone_neck_spine5) { transformation: [-1.3649308423590192f,-0.04101062421660426f,0.06695957313717436f,0.19290334075203142f,-0.03898712748208977f,1.365989162741663f,0.04189595826899779f,3.6375956894346366f,-0.06815760870250226f,0.03991736627016856f,-1.364903954277465f,-0.7042346830285986f,0f,0f,0f,1f], start_interpolation: 0, interpolation_duration: 1 }
$data merge entity $(bone_neck_spine2) { transformation: [-1.299934135580018f,-0.03494544642789305f,0.06611403687743021f,-0.012526327067383464f,-0.037130597601990244f,1.3008605691136426f,-0.04247476181797105f,5.036787786265045f,-0.06491200828809737f,-0.044289981301978004f,-1.2997099044328009f,0.6504549305312017f,0f,0f,0f,1f], start_interpolation: 0, interpolation_duration: 1 }
$data merge entity $(bone_scale_neck_left1) { transformation: [-1.3935246952820937f,0.3019080794341699f,0.13564606007583094f,0.6924742116989796f,0.3293142485734176f,1.323552285188372f,0.4372881115030922f,4.271933681219578f,-0.033173298422833966f,0.4566402066701816f,-1.3571435710074085f,0.6819013878761613f,0f,0f,0f,1f], start_interpolation: 0, interpolation_duration: 1 }
$data merge entity $(bone_scale_neck_right1) { transformation: [-1.3688832035871945f,-0.4207315470770981f,-0.024559288136004734f,-0.6724566306600394f,-0.4082181355458981f,1.302911207730036f,0.4327120947993796f,4.232946553737489f,-0.10476710910904531f,0.42055530964232013f,-1.3651434000805054f,0.6137437791736591f,0f,0f,0f,1f], start_interpolation: 0, interpolation_duration: 1 }
$data merge entity $(bone_blush_right1) { transformation: [-0.9994316505427608f,-0.03311437921093213f,-0.006309816387744742f,-0.5726155182030191f,-0.033624664803470344f,0.9926009112758324f,0.11667395961070967f,3.949633135277788f,0.0023995437538686104f,0.11681981349010025f,-0.9931502269877963f,1.8650644266204504f,0f,0f,0f,1f], start_interpolation: 0, interpolation_duration: 1 }
$data merge entity $(bone_blush_left1) { transformation: [-0.9994316505427608f,-0.03311437921093213f,-0.006309816387744742f,0.5790732978521155f,-0.033624664803470344f,0.9926009112758324f,0.11667395961070967f,3.988380307609912f,0.0023995437538686104f,0.11681981349010025f,-0.9931502269877963f,1.8622993273728283f,0f,0f,0f,1f], start_interpolation: 0, interpolation_duration: 1 }
$data merge entity $(bone_left_head_scales) { transformation: [-0.8835931520858108f,-0.03311437921093213f,-0.4670830541526159f,0.5656568274249778f,-0.08369948099355021f,0.9926009112758324f,0.0879649237810025f,4.658656406087523f,0.4607141613500407f,0.11681981349010025f,-0.8798270243108397f,1.5969734522608148f,0f,0f,0f,1f], start_interpolation: 0, interpolation_duration: 1 }
$data merge entity $(bone_left_head_scales2) { transformation: [-0.8150673176715117f,-0.03311437921093213f,-0.57841914348787f,0.5924517256934421f,-0.09446514688077157f,0.9926009112758324f,0.07628739711893112f,3.8660960321009292f,0.571613159128235f,0.11681981349010025f,-0.8121647169679171f,1.6511889632530894f,0f,0f,0f,1f], start_interpolation: 0, interpolation_duration: 1 }
$data merge entity $(bone_left_head_scales1) { transformation: [-0.9994316505427608f,-0.03311437921093213f,-0.006309816387744742f,0.5688906535197954f,-0.033624664803470344f,0.9926009112758324f,0.11667395961070967f,4.561722723345743f,0.0023995437538686104f,0.11681981349010025f,-0.9931502269877963f,1.585565267349672f,0f,0f,0f,1f], start_interpolation: 0, interpolation_duration: 1 }
$data merge entity $(bone_right_head_scales) { transformation: [-0.8894202500194285f,-0.03311437921093213f,0.4558893031700258f,-0.6055521380548201f,0.02404859710822089f,0.9926009112758324f,0.11901720846799306f,4.619252502020957f,-0.4564573187413075f,0.11681981349010025f,-0.8820429963123309f,1.5997854175973796f,0f,0f,0f,1f], start_interpolation: 0, interpolation_duration: 1 }
$data merge entity $(bone_right_head_scales2) { transformation: [-0.8223056416669359f,-0.03311437921093213f,0.5680817455016516f,-0.5787572397863558f,0.03937772105618189f,0.9926009112758324f,0.11486002794187705f,3.8266921280343626f,-0.5676819767855503f,0.11681981349010025f,-0.814917360478342f,1.6540009285896542f,0f,0f,0f,1f], start_interpolation: 0, interpolation_duration: 1 }
$data merge entity $(bone_right_head_scales1) { transformation: [-0.9994316505427608f,-0.03311437921093213f,-0.006309816387744742f,-0.6023183119600025f,-0.033624664803470344f,0.9926009112758324f,0.11667395961070967f,4.522318819279176f,0.0023995437538686104f,0.11681981349010025f,-0.9931502269877963f,1.5883772326862369f,0f,0f,0f,1f], start_interpolation: 0, interpolation_duration: 1 }
$data merge entity $(bone_head_left_fin1) { transformation: [-0.6975897344672753f,-0.01261779854103771f,-0.7163863158421259f,0.5805553482439737f,0.1488088603755266f,0.9754917208122119f,-0.16208585903948142f,4.206767142817414f,0.7008740867228672f,-0.2196740626173409f,-0.6786153702750765f,1.4700444256578173f,0f,0f,0f,1f], start_interpolation: 0, interpolation_duration: 1 }
$data merge entity $(bone_head_right_fin1) { transformation: [-0.6893643220921489f,-0.05402839433454346f,0.7223972342361665f,-0.5906536172358242f,-0.19547124616678863f,0.9740985115796322f,-0.11367973284780364f,4.1673632387508475f,-0.697544137204546f,-0.2195746395738278f,-0.6820697576550283f,1.4728563909943821f,0f,0f,0f,1f], start_interpolation: 0, interpolation_duration: 1 }
$data merge entity $(bone_right_whisker16) { transformation: [0.2651234436112443f,0.9451650538344748f,-0.19071596854429787f,-1.0185271398456428f,0.9393179126637355f,-0.29783216880437746f,-0.17022884060676585f,1.8188498956265744f,-0.21769570183344986f,-0.13401126906105718f,-0.966772755702128f,1.7540063492293578f,0f,0f,0f,1f], start_interpolation: 0, interpolation_duration: 1 }
$data merge entity $(bone_right_whisker15) { transformation: [-0.9024734822114477f,0.38622407129457115f,-0.19071596854429787f,-0.7541306118540078f,0.41788976373700143f,0.8924070187921592f,-0.17022884060676585f,1.6964212539067498f,0.10444979305377637f,-0.2333252655910556f,-0.966772755702128f,1.7234058239206342f,0f,0f,0f,1f], start_interpolation: 0, interpolation_duration: 1 }
$data merge entity $(bone_right_whisker14) { transformation: [-0.731439657674546f,-0.6546933988693892f,-0.19071596854429787f,-0.5398416496446681f,-0.632187584787733f,0.7558842500448921f,-0.17022884060676585f,1.881632460387531f,0.25560689509713097f,-0.0039438573652747985f,-0.966772755702128f,1.6485209913726466f,0f,0f,0f,1f], start_interpolation: 0, interpolation_duration: 1 }
$data merge entity $(bone_right_whisker13) { transformation: [-0.07088208002717833f,-0.9967583639044069f,0.038059095071093674f,-0.5190754152617056f,-0.9970213147700633f,0.07196044322763906f,0.027752342327380025f,2.173728548699073f,-0.030401128682913003f,-0.03597858525694964f,-0.9988900403836817f,1.6574275720414688f,0f,0f,0f,1f], start_interpolation: 0, interpolation_duration: 1 }
$data merge entity $(bone_right_whisker12) { transformation: [0.11304706376281279f,-0.9922017208969763f,0.05249863258871888f,-0.5632344245440544f,-0.9651803277333371f,-0.09711678397198797f,0.2428894094593389f,2.550752114219908f,-0.23589679169326289f,-0.07812858196599354f,-0.9686323494230451f,1.7495747562966497f,0f,0f,0f,1f], start_interpolation: 0, interpolation_duration: 1 }
$data merge entity $(bone_right_whisker11) { transformation: [0.30459857791282435f,-0.9487640178104723f,0.08406274348137163f,-0.6822182440412514f,-0.9489761406987438f,-0.30985767768702205f,-0.058587575158251276f,2.921445919180355f,0.0816332696760532f,-0.06192784580893644f,-0.9947366240344533f,1.7176867603294415f,0f,0f,0f,1f], start_interpolation: 0, interpolation_duration: 1 }
$data merge entity $(bone_right_whisker10) { transformation: [0.05661485253820792f,-0.9790648017274045f,0.19551693658237088f,-0.7043334208139889f,-0.9488531279043778f,-0.11368655571331746f,-0.294538806808409f,3.2920916722680023f,0.31060022559257017f,-0.1688415857202267f,-0.9354250471274135f,1.5963585472073438f,0f,0f,0f,1f], start_interpolation: 0, interpolation_duration: 1 }
$data merge entity $(bone_right_whisker1) { transformation: [-0.32124818860525f,-0.9324454825200887f,0.1653633074346429f,-0.578845847140063f,-0.9468834474200428f,0.31895588966813887f,-0.04097410704263499f,3.6619680189164563f,-0.014537479829082878f,-0.16974263628765923f,-0.9853811948207325f,1.6020372502655793f,0f,0f,0f,1f], start_interpolation: 0, interpolation_duration: 1 }
$data merge entity $(bone_left_whisker16) { transformation: [0.2500598481617783f,-0.881369927757731f,0.40082056182491416f,1.0571389352425955f,-0.9287271608014727f,-0.33538070554207255f,-0.15806847610999875f,1.861519882602515f,0.27374428419045393f,-0.3327263632392736f,-0.9024174389264775f,1.9798252816618147f,0f,0f,0f,1f], start_interpolation: 0, interpolation_duration: 1 }
$data merge entity $(bone_left_whisker15) { transformation: [-0.8411903260371278f,-0.3629624121033887f,0.40082056182491416f,0.8106964569114058f,-0.4537346970243664f,0.8770058047564275f,-0.15806847610999875f,1.7285897955836576f,-0.29414904401979014f,-0.31483186913592565f,-0.9024174389264775f,1.8936488039216417f,0f,0f,0f,1f], start_interpolation: 0, interpolation_duration: 1 }
$data merge entity $(bone_left_whisker14) { transformation: [-0.6844580538738099f,0.608982799187002f,0.40082056182491416f,0.610171636440563f,0.6030806211792136f,0.7818619579045628f,-0.15806847610999875f,1.9052735713197553f,-0.4096473322815251f,0.13353587186972193f,-0.9024174389264775f,1.7736349370422886f,0f,0f,0f,1f], start_interpolation: 0, interpolation_duration: 1 }
$data merge entity $(bone_left_whisker13) { transformation: [-0.11619568694714176f,0.9774274208093312f,0.17644885770358543f,0.5761299312802676f,0.993175510295014f,0.11254427447720078f,0.03059725531218216f,2.1962429591014976f,0.0100482876710499f,0.17879995339042676f,-0.9838341367234931f,1.7765787713209165f,0f,0f,0f,1f], start_interpolation: 0, interpolation_duration: 1 }
$data merge entity $(bone_left_whisker12) { transformation: [0.020400211968313993f,0.9889087064944561f,0.1471169656127717f,0.5840987640803902f,0.9679236367779673f,-0.05639060110989258f,0.24483450221114378f,2.574338129717891f,0.2504149850112038f,0.1374033126453891f,-0.9583384918471719f,1.874397124840918f,0f,0f,0f,1f], start_interpolation: 0, interpolation_duration: 1 }
$data merge entity $(bone_left_whisker11) { transformation: [0.2762241466662278f,0.9516815105805277f,0.1341734817975559f,0.6919988213718854f,0.9609162588085725f,-0.2707897433414264f,-0.05755743616963027f,2.9496960433149897f,-0.018443545099870395f,0.14482823385047944f,-0.989284902504784f,1.867192615036281f,0f,0f,0f,1f], start_interpolation: 0, interpolation_duration: 1 }
$data merge entity $(bone_left_whisker10) { transformation: [0.08346855849714603f,0.996261912010641f,0.022253144032030915f,0.7246037270348331f,0.9517328576432615f,-0.07307927010026638f,-0.29810063395404496f,3.3214666908318886f,-0.2953600640313442f,0.04606107856438134f,-0.9542750178103198f,1.7518175900240371f,0f,0f,0f,1f], start_interpolation: 0, interpolation_duration: 1 }
$data merge entity $(bone_left_whisker1) { transformation: [-0.3550514927958886f,0.9333929470366402f,0.05211567792580747f,0.5859117376614391f,0.9329805856141079f,0.35731239722198976f,-0.04330216690457239f,3.6859122320873996f,-0.059039514992650755f,0.033248416710130846f,-0.9977017983624676f,1.728755279480033f,0f,0f,0f,1f], start_interpolation: 0, interpolation_duration: 1 }
$data merge entity $(bone_upper_left_tooth1) { transformation: [-0.9994316505427608f,-0.033538305734405346f,-0.00339969731564732f,0.2730290372120308f,-0.033624664803470344f,0.998992570743201f,0.029719110295311907f,3.9835851667185738f,0.0023995437538686104f,0.02981653313777774f,-0.999552508146229f,2.5232351580396393f,0f,0f,0f,1f], start_interpolation: 0, interpolation_duration: 1 }
$data merge entity $(bone_upper_right_tooth1) { transformation: [-0.9994316505427608f,-0.033538305734405346f,-0.00339969731564732f,-0.31257544552786815f,-0.033624664803470344f,0.998992570743201f,0.029719110295311907f,3.9638832146852905f,0.0023995437538686104f,0.02981653313777774f,-0.999552508146229f,2.5246411407079217f,0f,0f,0f,1f], start_interpolation: 0, interpolation_duration: 1 }
$data merge entity $(bone_top_lip1) { transformation: [-0.9994316505427608f,-0.030822530233530394f,0.013650916576390431f,0.0010245472589881371f,-0.033624664803470344f,0.8826764505730011f,-0.46877677579067706f,4.081868770937998f,0.0023995437538686104f,-0.4689693542587315f,-0.8832111791388977f,2.5270825139084043f,0f,0f,0f,1f], start_interpolation: 0, interpolation_duration: 1 }
$data merge entity $(bone_muzzle1) { transformation: [-0.9994316505427608f,-0.033538305734405346f,-0.00339969731564732f,-0.005548298949981063f,-0.033624664803470344f,0.998992570743201f,0.029719110295311907f,4.242716857616842f,0.0023995437538686104f,0.02981653313777774f,-0.999552508146229f,2.0433874220114827f,0f,0f,0f,1f], start_interpolation: 0, interpolation_duration: 1 }
$data merge entity $(bone_jaw_right_tooth1) { transformation: [-0.9994316505427608f,-0.030835045169909325f,0.013622623930143463f,-0.3055004224490037f,-0.033624664803470344f,0.8831062914546735f,-0.46796651580003845f,3.756862514617036f,0.0023995437538686104f,-0.46815860344817234f,-0.8836411965312788f,2.570483332993619f,0f,0f,0f,1f], start_interpolation: 0, interpolation_duration: 1 }
$data merge entity $(bone_jaw_left_tooth1) { transformation: [-0.9994316505427608f,-0.030835045169909325f,0.013622623930143463f,0.32890443385255347f,-0.033624664803470344f,0.8831062914546735f,-0.46796651580003845f,3.7782062959864264f,0.0023995437538686104f,-0.46815860344817234f,-0.8836411965312788f,2.5689601851029797f,0f,0f,0f,1f], start_interpolation: 0, interpolation_duration: 1 }
$data merge entity $(bone_tongue1) { transformation: [-0.9994316505427608f,-0.033528036945420225f,-0.0034995188182095262f,0.009284456270463037f,-0.033624664803470344f,0.9988996769367633f,0.03269277186908953f,3.7902585561391877f,0.0023995437538686104f,0.03279186109717769f,-0.9994593218513482f,1.8810925307261677f,0f,0f,0f,1f], start_interpolation: 0, interpolation_duration: 1 }
$data merge entity $(bone_jaw_lips1) { transformation: [-0.9994316505427608f,-0.033528036945420225f,-0.0034995188182095262f,0.06458417414297979f,-0.033624664803470344f,0.9988996769367633f,0.03269277186908953f,3.6541783535464836f,0.0023995437538686104f,0.03279186109717769f,-0.9994593218513482f,2.658120291234571f,0f,0f,0f,1f], start_interpolation: 0, interpolation_duration: 1 }
$data merge entity $(bone_jaw3) { transformation: [-0.9994316505427608f,-0.032732135368319676f,0.008061216260742682f,0.07327938277139916f,-0.033624664803470344f,0.9509514552362406f,-0.3075072547126827f,3.34428824884206f,0.0023995437538686104f,-0.3076035388260456f,-0.9515115895728579f,1.9372815140732427f,0f,0f,0f,1f], start_interpolation: 0, interpolation_duration: 1 }
$data merge entity $(bone_jaw1) { transformation: [-0.9994316505427608f,-0.02884525556423729f,-0.017444974199072465f,0.0596504966783738f,-0.033624664803470344f,0.8898646876481582f,0.45498375750536446f,3.699744309393126f,0.0023995437538686104f,0.4553117491436826f,-0.8903288455854351f,1.2417121034596215f,0f,0f,0f,1f], start_interpolation: 0, interpolation_duration: 1 }
$data merge entity $(bone_tear_right1) { transformation: [-0.9994316505427608f,-0.03311437921093213f,-0.006309816387744742f,-0.5345789622672684f,-0.033624664803470344f,0.9926009112758324f,0.11667395961070967f,4.280288306978717f,0.0023995437538686104f,0.11681981349010025f,-0.9931502269877963f,1.9921645027559423f,0f,0f,0f,1f], start_interpolation: 0, interpolation_duration: 1 }
$data merge entity $(bone_right_pupil1) { transformation: [-0.9994316505427608f,-0.03311437921093213f,-0.006309816387744742f,-0.3764021521270351f,-0.033624664803470344f,0.9926009112758324f,0.11667395961070967f,4.375803651201003f,0.0023995437538686104f,0.11681981349010025f,-0.9931502269877963f,2.061378439295731f,0f,0f,0f,1f], start_interpolation: 0, interpolation_duration: 1 }
$data merge entity $(bone_right_sad_pupil1) { transformation: [-0.9994316505427608f,-0.03311437921093213f,-0.006309816387744742f,-0.3764637714276966f,-0.033624664803470344f,0.9926009112758324f,0.11667395961070967f,4.376943045337826f,0.0023995437538686104f,0.11681981349010025f,-0.9931502269877963f,2.051679706610303f,0f,0f,0f,1f], start_interpolation: 0, interpolation_duration: 1 }
$data merge entity $(bone_right_happy_pupil1) { transformation: [-0.9994316505427608f,-0.03311437921093213f,-0.006309816387744742f,-0.40005519971067405f,-0.033624664803470344f,0.9926009112758324f,0.11667395961070967f,4.35188903067982f,0.0023995437538686104f,0.11681981349010025f,-0.9931502269877963f,2.04888627875003f,0f,0f,0f,1f], start_interpolation: 0, interpolation_duration: 1 }
$data merge entity $(bone_eyelid_right1) { transformation: [-0.9994316505427608f,-0.03311437921093213f,-0.006309816387744742f,-0.002164634666207062f,-0.033624664803470344f,0.9926009112758324f,0.11667395961070967f,4.3980880072038335f,0.0023995437538686104f,0.11681981349010025f,-0.9931502269877963f,1.5601368069213415f,0f,0f,0f,1f], start_interpolation: 0, interpolation_duration: 1 }
$data merge entity $(bone_eyelid_expressions_right5) { transformation: [-0.9994316505427608f,-0.03311437921093213f,-0.006309816387744742f,-0.49193814439193745f,-0.033624664803470344f,0.9926009112758324f,0.11667395961070967f,4.4701005311142685f,0.0023995437538686104f,0.11681981349010025f,-0.9931502269877963f,2.063357370783009f,0f,0f,0f,1f], start_interpolation: 0, interpolation_duration: 1 }
$data merge entity $(bone_eyelid_expressions_right7) { transformation: [-0.9994316505427608f,-0.03311437921093213f,-0.006309816387744742f,-0.199135903021988f,-0.033624664803470344f,0.9926009112758324f,0.11667395961070967f,4.47995150713091f,0.0023995437538686104f,0.11681981349010025f,-0.9931502269877963f,2.062654379448868f,0f,0f,0f,1f], start_interpolation: 0, interpolation_duration: 1 }
$data merge entity $(bone_eyelid_expressions_right6) { transformation: [-0.9994316505427608f,-0.03311437921093213f,-0.006309816387744742f,-0.2967366501453045f,-0.033624664803470344f,0.9926009112758324f,0.11667395961070967f,4.476667848458696f,0.0023995437538686104f,0.11681981349010025f,-0.9931502269877963f,2.0628887098935818f,0f,0f,0f,1f], start_interpolation: 0, interpolation_duration: 1 }
$data merge entity $(bone_right_eye1) { transformation: [-0.9994316505427608f,-0.03311437921093213f,-0.006309816387744742f,-0.011863090077877142f,-0.033624664803470344f,0.9926009112758324f,0.11667395961070967f,4.396620247199789f,0.0023995437538686104f,0.11681981349010025f,-0.9931502269877963f,1.5698589726512406f,0f,0f,0f,1f], start_interpolation: 0, interpolation_duration: 1 }
$data merge entity $(bone_tear_left1) { transformation: [-0.9994316505427608f,-0.03311437921093213f,-0.006309816387744742f,0.5195091066645497f,-0.033624664803470344f,0.9926009112758324f,0.11667395961070967f,4.315751820638627f,0.0023995437538686104f,0.11681981349010025f,-0.9931502269877963f,1.989633733953034f,0f,0f,0f,1f], start_interpolation: 0, interpolation_duration: 1 }
$data merge entity $(bone_left_sad_pupil1) { transformation: [-0.9994316505427608f,-0.03311437921093213f,-0.006309816387744742f,0.35554183199717704f,-0.033624664803470344f,0.9926009112758324f,0.11667395961070967f,4.40157048537943f,0.0023995437538686104f,0.11681981349010025f,-0.9931502269877963f,2.04992222827495f,0f,0f,0f,1f], start_interpolation: 0, interpolation_duration: 1 }
$data merge entity $(bone_left_pupil1) { transformation: [-0.9994316505427608f,-0.03311437921093213f,-0.006309816387744742f,0.35560345129783855f,-0.033624664803470344f,0.9926009112758324f,0.11667395961070967f,4.400431091242607f,0.0023995437538686104f,0.11681981349010025f,-0.9931502269877963f,2.0596209609603777f,0f,0f,0f,1f], start_interpolation: 0, interpolation_duration: 1 }
$data merge entity $(bone_eyelid_left1) { transformation: [-0.9994316505427608f,-0.03311437921093213f,-0.006309816387744742f,-0.02168478409087036f,-0.033624664803470344f,0.9926009112758324f,0.11667395961070967f,4.397431275469391f,0.0023995437538686104f,0.11681981349010025f,-0.9931502269877963f,1.5601836730102843f,0f,0f,0f,1f], start_interpolation: 0, interpolation_duration: 1 }
$data merge entity $(bone_left_happy_pupil1) { transformation: [-0.9994316505427608f,-0.03311437921093213f,-0.006309816387744742f,0.3807507772758578f,-0.033624664803470344f,0.9926009112758324f,0.11667395961070967f,4.378158300057531f,0.0023995437538686104f,0.11681981349010025f,-0.9931502269877963f,2.0470116351923204f,0f,0f,0f,1f], start_interpolation: 0, interpolation_duration: 1 }
$data merge entity $(bone_eyelid_expressions_left5) { transformation: [-0.9994316505427608f,-0.03311437921093213f,-0.006309816387744742f,0.46454917741656415f,-0.033624664803470344f,0.9926009112758324f,0.11667395961070967f,4.5022803861019645f,0.0023995437538686104f,0.11681981349010025f,-0.9931502269877963f,2.061060932424814f,0f,0f,0f,1f], start_interpolation: 0, interpolation_duration: 1 }
$data merge entity $(bone_eyelid_expressions_left7) { transformation: [-0.9994316505427608f,-0.03311437921093213f,-0.006309816387744742f,0.1717469360466147f,-0.033624664803470344f,0.9926009112758324f,0.11667395961070967f,4.492429410085323f,0.0023995437538686104f,0.11681981349010025f,-0.9931502269877963f,2.0617639237589556f,0f,0f,0f,1f], start_interpolation: 0, interpolation_duration: 1 }
$data merge entity $(bone_eyelid_expressions_left6) { transformation: [-0.9994316505427608f,-0.03311437921093213f,-0.006309816387744742f,0.2693476831699312f,-0.033624664803470344f,0.9926009112758324f,0.11667395961070967f,4.495713068757537f,0.0023995437538686104f,0.11681981349010025f,-0.9931502269877963f,2.061529593314242f,0f,0f,0f,1f], start_interpolation: 0, interpolation_duration: 1 }
$data merge entity $(bone_left_eye1) { transformation: [-0.9994316505427608f,-0.03311437921093213f,-0.006309816387744742f,-0.011863090077877142f,-0.033624664803470344f,0.9926009112758324f,0.11667395961070967f,4.396620247199789f,0.0023995437538686104f,0.11681981349010025f,-0.9931502269877963f,1.5698589726512406f,0f,0f,0f,1f], start_interpolation: 0, interpolation_duration: 1 }
$data merge entity $(bone_crest_middle5) { transformation: [-0.9994316505427608f,-0.033695130424872155f,0.001007014907198977f,-0.04914872242615445f,-0.033624664803470344f,0.9943251731169742f,-0.10092983712834205f,5.54429458929605f,0.0023995437538686104f,-0.10090633424889767f,-0.9948930364105595f,2.1223489928992203f,0f,0f,0f,1f], start_interpolation: 0, interpolation_duration: 1 }
$data merge entity $(bone_crest_middle4) { transformation: [-0.9994316505427608f,-0.033695130424872155f,0.001007014907198977f,-0.029405481942830925f,-0.033624664803470344f,0.9943251731169742f,-0.10092983712834205f,4.961682183172823f,0.0023995437538686104f,-0.10090633424889767f,-0.9948930364105595f,2.181473798123184f,0f,0f,0f,1f], start_interpolation: 0, interpolation_duration: 1 }
$data merge entity $(bone_crest_middle1) { transformation: [-0.9994316505427608f,-0.033695130424872155f,0.001007014907198977f,-0.0146718078696788f,-0.033624664803470344f,0.9943251731169742f,-0.10092983712834205f,4.532115232176276f,0.0023995437538686104f,-0.10090633424889767f,-0.9948930364105595f,2.298685855260457f,0f,0f,0f,1f], start_interpolation: 0, interpolation_duration: 1 }
$data merge entity $(bone_crest_left5) { transformation: [-0.5090658502461409f,-0.8541645981633508f,0.10608863915431689f,-0.990032985753616f,-0.85521763690581f,0.5158742855217122f,0.04976459647887406f,4.948449367175047f,-0.09723555747984262f,-0.06539541866143399f,-0.9931106109490926f,2.1448613289696232f,0f,0f,0f,1f], start_interpolation: 0, interpolation_duration: 1 }
$data merge entity $(bone_crest_left4) { transformation: [-0.5090658502461409f,-0.8541645981633508f,0.10608863915431689f,-0.5729604280566674f,-0.85521763690581f,0.5158742855217122f,0.04976459647887406f,4.696557626197649f,-0.09723555747984262f,-0.06539541866143399f,-0.9931106109490926f,2.1767926857379014f,0f,0f,0f,1f], start_interpolation: 0, interpolation_duration: 1 }
$data merge entity $(bone_crest_left1) { transformation: [-0.5090658502461409f,-0.8541645981633508f,0.10608863915431689f,-0.10900050525631702f,-0.85521763690581f,0.5158742855217122f,0.04976459647887406f,4.4219066230599555f,-0.09723555747984262f,-0.06539541866143399f,-0.9931106109490926f,2.1634254491327587f,0f,0f,0f,1f], start_interpolation: 0, interpolation_duration: 1 }
$data merge entity $(bone_crest_center1) { transformation: [-0.9994316505427608f,-0.03311437921093213f,-0.006309816387744742f,-0.010591311957539658f,-0.033624664803470344f,0.9926009112758324f,0.11667395961070967f,4.400957171234509f,0.0023995437538686104f,0.11681981349010025f,-0.9931502269877963f,2.160339108966451f,0f,0f,0f,1f], start_interpolation: 0, interpolation_duration: 1 }
$data merge entity $(bone_crest_right5) { transformation: [-0.5649226185659493f,0.8172371515099555f,-0.11395557566211727f,0.9297525396432056f,0.8190845984464143f,0.5721065686940312f,0.04236147595419655f,5.013038221001085f,0.09981410531817196f,-0.06940830100957217f,-0.9925823049654358f,2.1402520999505787f,0f,0f,0f,1f], start_interpolation: 0, interpolation_duration: 1 }
$data merge entity $(bone_crest_right4) { transformation: [-0.5649226185659493f,0.8172371515099555f,-0.11395557566211727f,0.5307109617574852f,0.8190845984464143f,0.5721065686940312f,0.04236147595419655f,4.7336893105059525f,0.09981410531817196f,-0.06940830100957217f,-0.9925823049654358f,2.174142871927909f,0f,0f,0f,1f], start_interpolation: 0, interpolation_duration: 1 }
$data merge entity $(bone_crest_right1) { transformation: [-0.5649226185659493f,0.8172371515099555f,-0.11395557566211727f,0.08620098899031593f,0.8190845984464143f,0.5721065686940312f,0.04236147595419655f,4.428473940404383f,0.09981410531817196f,-0.06940830100957217f,-0.9925823049654358f,2.1629567882433314f,0f,0f,0f,1f], start_interpolation: 0, interpolation_duration: 1 }
$data merge entity $(bone_head1) { transformation: [-0.9994316505427608f,-0.03311437921093213f,-0.006309816387744742f,-0.013635238566854682f,-0.033624664803470344f,0.9926009112758324f,0.11667395961070967f,4.410820083354182f,0.0023995437538686104f,0.11681981349010025f,-0.9931502269877963f,1.0307245824971458f,0f,0f,0f,1f], start_interpolation: 0, interpolation_duration: 1 }
$data merge entity $(bone_neck10) { transformation: [-1.299934135580018f,-0.04327609677525538f,0.06098712606914411f,0.04280091778998712f,-0.037130597601990244f,1.295275595537085f,0.1276849923531091f,4.113212961744647f,-0.06491200828809737f,0.1257351104441124f,-1.294371708639391f,0.07076420695834573f,0f,0f,0f,1f], start_interpolation: 0, interpolation_duration: 1 }
$data merge entity $(bone_neck9) { transformation: [-0.9983494161254539f,-0.041650200768285114f,0.039543698586835103f,0.09374630457653879f,-0.02851629895832851f,0.9571479689584025f,0.28819192600162225f,2.8840118328911273f,-0.04985242236525879f,0.2865886011249693f,-0.9567558255320681f,-0.2463523850200301f,0f,0f,0f,1f], start_interpolation: 0, interpolation_duration: 1 }
$data merge entity $(bone_neck8) { transformation: [-0.9983559621477243f,-0.014104781003721803f,0.055555629750085066f,0.10070585387375139f,-0.02807540890719922f,0.9653519156033312f,-0.25943679472209163f,2.2631785266768594f,-0.049971434427931394f,-0.2605700178336261f,-0.9641608380075384f,-0.03659171834239161f,0f,0f,0f,1f], start_interpolation: 0, interpolation_duration: 1 }
$data merge entity $(bone_neck7) { transformation: [-0.9979915879612645f,0.027238365146024957f,0.0571914488601692f,0.0772042389408095f,0f,0.9028339112819157f,-0.4299894517768991f,1.5360300177976516f,-0.06334658916274448f,-0.4291258557854212f,-0.9010206487855184f,0.3336636389953783f,0f,0f,0f,1f], start_interpolation: 0, interpolation_duration: 1 }
$data merge entity $(bone_neck6) { transformation: [-0.9979915879612645f,0.016395303717603213f,0.061188106479618094f,0.06470450739945979f,0f,0.9659258262890684f,-0.25881904510252063f,0.765127444509127f,-0.06334658916274448f,-0.2582992298164828f,-0.9639858492310239f,0.5305902153891345f,0f,0f,0f,1f], start_interpolation: 0, interpolation_duration: 1 }
$data merge entity $(bone_neck_spine6) { transformation: [-1.0637564952251377f,0.24129741431042934f,0.18745493920084774f,0.15166206850367275f,0.12186505297527549f,-0.2876138063145995f,1.0617762875473922f,0.5872000185250444f,0.2802011870906793f,1.0411510619413933f,0.24986684151492614f,-1.6667492610041346f,0f,0f,0f,1f], start_interpolation: 0, interpolation_duration: 1 }
$data merge entity $(bone_neck_spine7) { transformation: [-0.9389485998339019f,0.32972897967766784f,0.0982564340421484f,-0.6640579290819155f,0.07005333624557872f,-0.09638214441230769f,0.992876131407815f,1.6577427080114768f,0.3368501995706977f,0.9391428444061156f,0.06739926446165412f,-4.476494511397069f,0f,0f,0f,1f], start_interpolation: 0, interpolation_duration: 1 }
$data merge entity $(bone_tail6) { transformation: [-1.3609107275546828f,0.2826477111720988f,0.5569798422562391f,-1.3253475373134864f,0.5319508531841731f,-0.17528045469233078f,1.388704192289887f,1.9084474417742427f,0.32732944124725716f,1.4599936011010637f,0.05889315173035683f,-7.834777471735468f,0f,0f,0f,1f], start_interpolation: 0, interpolation_duration: 1 }
$data merge entity $(bone_tail5) { transformation: [-1.1242306010234338f,0.23349158748999468f,0.46011378273341497f,-1.177879166267174f,0.4394376613260561f,-0.14479689735453416f,1.147190419717733f,1.8169967697608527f,0.2704025818999081f,1.2060816704747919f,0.048650864472903475f,-7.073041679856652f,0f,0f,0f,1f], start_interpolation: 0, interpolation_duration: 1 }
$data merge entity $(bone_tail4) { transformation: [-0.9088516858799969f,0.1887595149392799f,0.3719656685676449f,-1.1041449807440178f,0.35525065673516953f,-0.11705686017713918f,0.9274128866770724f,1.7712714337541577f,0.21859913989382046f,0.9750218136048843f,0.03933038306862091f,-6.6921737839172435f,0f,0f,0f,1f], start_interpolation: 0, interpolation_duration: 1 }
$data merge entity $(bone_segment18) { transformation: [-0.9088516858799969f,0.1887595149392799f,0.3719656685676449f,-1.0119772488400725f,0.35525065673516953f,-0.11705686017713918f,0.9274128866770724f,1.714114763745789f,0.21859913989382046f,0.9750218136048843f,0.03933038306862091f,-6.216088913992984f,0f,0f,0f,1f], start_interpolation: 0, interpolation_duration: 1 }
$data merge entity $(bone_segment17) { transformation: [-0.9088516858799969f,0.1887595149392799f,0.3719656685676449f,-0.8921591973649436f,0.35525065673516953f,-0.11705686017713918f,0.9274128866770724f,1.6398110927349097f,0.21859913989382046f,0.9750218136048843f,0.03933038306862091f,-5.597178583091446f,0f,0f,0f,1f], start_interpolation: 0, interpolation_duration: 1 }
$data merge entity $(bone_segment16) { transformation: [-0.9784165255578714f,0.10377705503810498f,0.17869366346594678f,-0.8060161341008917f,0.13808086345976922f,-0.3150110323505444f,0.93898973617588f,1.3783273256470554f,0.15373606493424863f,0.9433972505498744f,0.29388237441784454f,-4.814085162224851f,0f,0f,0f,1f], start_interpolation: 0, interpolation_duration: 1 }
$data merge entity $(bone_segment15) { transformation: [-0.9389485998339019f,0.293063100712635f,0.18024856690318197f,-0.5055119780967249f,0.07005333624557872f,-0.35007325471702616f,0.9340991630510606f,1.0193654921969797f,0.3368501995706977f,0.8896981147178655f,0.3081707444204547f,-3.901797056312977f,0f,0f,0f,1f], start_interpolation: 0, interpolation_duration: 1 }
$data merge entity $(bone_segment14) { transformation: [-0.9347147299314784f,0.2799218984952811f,0.21897968945068988f,-0.21848268764746215f,0.06265875963571878f,-0.47670286760126135f,0.8768285213550294f,0.5305588408480304f,0.3498317502600876f,0.8333055302609793f,0.42804163319288474f,-3.0473333778227154f,0f,0f,0f,1f], start_interpolation: 0, interpolation_duration: 1 }
$data merge entity $(bone_segment13) { transformation: [-0.9611352803916537f,0.18529613324753372f,0.2046565801286854f,-0.0244305415935797f,0.11010865962942537f,-0.42250826428644805f,0.8996459579658345f,0.054728809815284135f,0.2531700137478137f,0.8872159317850223f,0.38568489019634516f,-2.1036854030885546f,0f,0f,0f,1f], start_interpolation: 0, interpolation_duration: 1 }
$data merge entity $(bone_segment12) { transformation: [-0.9846563766018582f,0.08907143925387691f,0.15006031696135463f,0.07995005128205732f,0.13470076755333624f,-0.15873220484191586f,0.9780898682465563f,-0.13128549273383605f,0.11093927725490824f,0.9832956655326348f,0.14429868643508742f,-0.951385795042498f,0f,0f,0f,1f], start_interpolation: 0, interpolation_duration: 1 }
$data merge entity $(bone_segment11) { transformation: [-1.0313588242876524f,0.014936699531244432f,0.08731742372039669f,0.09124116794336914f,0.08656878420858082f,0.38643215359816724f,0.9564123055357416f,0.31580010774905964f,-0.018795826097890486f,0.9602059922676273f,-0.3862636809858029f,0.15817770327466008f,0f,0f,0f,1f], start_interpolation: 0, interpolation_duration: 1 }
$data merge entity $(bone_segment10) { transformation: [-0.9979284700349448f,-0.029450353943130073f,0.0571965501261983f,0.0595386736423413f,0.002575040469854926f,0.8700687060642149f,0.4929237424737433f,1.1187557749035602f,-0.0642817070424624f,0.49204991960203304f,-0.8681904968146911f,0.6119751597492112f,0f,0f,0f,1f], start_interpolation: 0, interpolation_duration: 1 }