# This file was generated by Animated Java via MC-Build. It is not recommended to edit this file directly.
$data merge entity $(bone_neck_spine5) { transformation: [-1.363417668204855f,-0.03555073336824853f,0.09502666752057126f,0.19851536850640417f,-0.033607111890574144f,1.3664661186287401f,0.02902703612722674f,3.631506422123114f,-0.095731312607004f,0.0266111283664668f,-1.3635721556961526f,-0.7144705258687347f,0f,0f,0f,1f], start_interpolation: 0, interpolation_duration: 1 }
$data merge entity $(bone_neck_spine2) { transformation: [-1.298493017337957f,-0.028518509212487983f,0.09232326630546071f,-0.028381033625451663f,-0.03200677322911823f,1.3007915824784748f,-0.048351136129877105f,5.041184835958296f,-0.09117267867333713f,-0.050487231354941396f,-1.29790584753983f,0.6274617587714957f,0f,0f,0f,1f], start_interpolation: 0, interpolation_duration: 1 }
$data merge entity $(bone_scale_neck_left1) { transformation: [-1.3911533386639696f,0.2981823193723708f,0.16504275549257255f,0.6725834900678885f,0.3349573053004288f,1.3242420544238003f,0.4308665725303906f,4.273549774621045f,-0.06289205317639933f,0.45708828918702776f,-1.3559403762474622f,0.6764677836504376f,0f,0f,0f,1f], start_interpolation: 0, interpolation_duration: 1 }
$data merge entity $(bone_scale_neck_right1) { transformation: [-1.368192130882084f,-0.42365618258981635f,0.005015012317380358f,-0.6908341781369663f,-0.4029728768324311f,1.3064493355320845f,0.42692202171819105f,4.239942662730471f,-0.13085324578516858f,0.40640495942345095f,-1.3671765999410193f,0.5807364710434337f,0f,0f,0f,1f], start_interpolation: 0, interpolation_duration: 1 }
$data merge entity $(bone_blush_right1) { transformation: [-0.9995090560483364f,-0.03108641137619514f,0.003909207734701839f,-0.6085705369055294f,-0.03040338605819551f,0.9924696048556199f,0.11865798563066093f,3.9558422696637514f,-0.007568420810143438f,0.11848087805835886f,-0.9929274900721403f,1.8381046959344622f,0f,0f,0f,1f], start_interpolation: 0, interpolation_duration: 1 }
$data merge entity $(bone_blush_left1) { transformation: [-0.9995090560483364f,-0.03108641137619514f,0.003909207734701839f,0.5432074769001707f,-0.03040338605819551f,0.9924696048556199f,0.11865798563066093f,3.99087742156675f,-0.007568420810143438f,0.11848087805835886f,-0.9929274900721403f,1.8468261183524008f,0f,0f,0f,1f], start_interpolation: 0, interpolation_duration: 1 }
$data merge entity $(bone_left_head_scales) { transformation: [-0.888380431824959f,-0.03108641137619514f,-0.4580544109363525f,0.534571877166872f,-0.0817582931131394f,0.9924696048556199f,0.09121219734748087f,4.66171684733576f,0.451769620335105f,0.11848087805835886f,-0.8842321480679126f,1.5827281041148866f,0f,0f,0f,1f], start_interpolation: 0, interpolation_duration: 1 }
$data merge entity $(bone_left_head_scales2) { transformation: [-0.8209921159887815f,-0.03108641137619514f,-0.5700926069613713f,0.5582854982027615f,-0.09296442038550641f,0.9924696048556199f,0.07976026567230485f,3.8689684276784404f,0.5633201239318986f,0.11848087805835886f,-0.8176996511604185f,1.63561328093533f,0f,0f,0f,1f], start_interpolation: 0, interpolation_duration: 1 }
$data merge entity $(bone_left_head_scales1) { transformation: [-0.9995090560483364f,-0.03108641137619514f,0.003909207734701839f,0.5376076595278286f,-0.03040338605819551f,0.9924696048556199f,0.11865798563066093f,4.564795987486578f,-0.007568420810143438f,0.11848087805835886f,-0.9929274900721403f,1.571157705867f,0f,0f,0f,1f], start_interpolation: 0, interpolation_duration: 1 }
$data merge entity $(bone_right_head_scales) { transformation: [-0.8847702893242665f,-0.03108641137619514f,0.46498943015600175f,-0.6367277978897722f,0.027822027515301138f,0.9924696048556199f,0.11928964004752315f,4.6260878792988125f,-0.46519616283240245f,0.11848087805835886f,-0.8772427324409867f,1.5738588609779998f,0f,0f,0f,1f], start_interpolation: 0, interpolation_duration: 1 }
$data merge entity $(bone_right_head_scales2) { transformation: [-0.816507657105929f,-0.03108641137619514f,0.5764970779762341f,-0.6130141768538827f,0.04315442869974985f,0.9924696048556199f,0.11463759732883458f,3.833339459641493f,-0.5757194986892353f,0.11848087805835886f,-0.8090175154862441f,1.6267440377984432f,0f,0f,0f,1f], start_interpolation: 0, interpolation_duration: 1 }
$data merge entity $(bone_right_head_scales1) { transformation: [-0.9995090560483364f,-0.03108641137619514f,0.003909207734701839f,-0.6336920155288156f,-0.03040338605819551f,0.9924696048556199f,0.11865798563066093f,4.5291670194496305f,-0.007568420810143438f,0.11848087805835886f,-0.9929274900721403f,1.5622884627301132f,0f,0f,0f,1f], start_interpolation: 0, interpolation_duration: 1 }
$data merge entity $(bone_head_left_fin1) { transformation: [-0.7040217936279094f,-0.0073103970627850364f,-0.7101407411152564f,0.5492781513711662f,0.14967298695190012f,0.9759599820276269f,-0.15843014377804004f,4.210033806550212f,0.6942271321936626f,-0.21782715986629997f,-0.6860029280919606f,1.4550448783507723f,0f,0f,0f,1f], start_interpolation: 0, interpolation_duration: 1 }
$data merge entity $(bone_head_right_fin1) { transformation: [-0.6830396818629643f,-0.04872420008722233f,0.7287542420640861f,-0.622021523685478f,-0.1918650664239243f,0.9747002437252367f,-0.11466137609547224f,4.174404838513264f,-0.7047301535245126f,-0.21814075091056379f,-0.6751074162720268f,1.4461756352138855f,0f,0f,0f,1f], start_interpolation: 0, interpolation_duration: 1 }
$data merge entity $(bone_right_whisker16) { transformation: [0.26462520818810886f,0.9443617441193124f,-0.19533150139014924f,-1.0527501281395326f,0.941460677705153f,-0.29685907938603306f,-0.15977008268455967f,1.822624529113465f,-0.20886668361984917f,-0.14161773628330188f,-0.9676358433024475f,1.7165148635762428f,0f,0f,0f,1f], start_interpolation: 0, interpolation_duration: 1 }
$data merge entity $(bone_right_whisker15) { transformation: [-0.9017420776948692f,0.38562524538625564f,-0.19533150139014924f,-0.7885678788148639f,0.4172046861952051f,0.8946584658380701f,-0.15977008268455967f,1.7003965937047136f,0.11314360402294199f,-0.22556462405497166f,-0.9676358433024475f,1.6833673233351465f,0f,0f,0f,1f], start_interpolation: 0, interpolation_duration: 1 }
$data merge entity $(bone_right_whisker14) { transformation: [-0.7305878321853347f,-0.6542835960249979f,-0.19533150139014924f,-0.5745284748543166f,-0.6345176150574141f,0.7562148615709823f,-0.15977008268455967f,1.8862904262410654f,0.252247528520269f,0.0072152000510771405f,-0.9676358433024475f,1.6094666802139739f,0f,0f,0f,1f], start_interpolation: 0, interpolation_duration: 1 }
$data merge entity $(bone_right_whisker13) { transformation: [-0.07157880643188616f,-0.9968755415686774f,0.03340103429449867f,-0.553558121407475f,-0.9966025602845078f,0.07284675301726809f,0.03842769065667401f,2.1782638325744172f,-0.040740781830377965f,-0.03053694806290962f,-0.9987030006457638f,1.6214024561408424f,0f,0f,0f,1f], start_interpolation: 0, interpolation_duration: 1 }
$data merge entity $(bone_right_whisker12) { transformation: [0.11140466195859644f,-0.9926103059668427f,0.04810178564566264f,-0.5970755674850518f,-0.9626561509547504f,-0.09577172095508121f,0.2532210743486546f,2.5543013915411166f,-0.24674305729417298f,-0.07451548801230858f,-0.966211832738252f,1.7177864628963788f,0f,0f,0f,1f], start_interpolation: 0, interpolation_duration: 1 }
$data merge entity $(bone_right_whisker11) { transformation: [0.3044485720463214f,-0.9492157786273601f,0.07937551627428924f,-0.7160007909406461f,-0.949950127435912f,-0.30869588485445754f,-0.047975056627565515f,2.92537566007077f,0.07004157596349761f,-0.06079684431594861f,-0.9956896712117544f,1.6904264722856375f,0f,0f,0f,1f], start_interpolation: 0, interpolation_duration: 1 }
$data merge entity $(bone_right_whisker10) { transformation: [0.057538840679409585f,-0.9799071426042737f,0.19097453674874243f,-0.7384769005810404f,-0.9521532425714383f,-0.11137583314104427f,-0.28460433315892125f,3.297310520450238f,0.3001557670176696f,-0.16546122103159264f,-0.9394301995682109f,1.5731781257943602f,0f,0f,0f,1f], start_interpolation: 0, interpolation_duration: 1 }
$data merge entity $(bone_right_whisker1) { transformation: [-0.32183999752192793f,-0.9330515973328927f,0.16072875508017392f,-0.6127581515490373f,-0.946510552028156f,0.32122777247751777f,-0.030503984796868944f,3.6670412048362366f,-0.023168748227751723f,-0.16194886508916706f,-0.9865271279604476f,1.5822284180708257f,0f,0f,0f,1f], start_interpolation: 0, interpolation_duration: 1 }
$data merge entity $(bone_left_whisker16) { transformation: [0.25082047578091166f,-0.8831035248726236f,0.3965063092645368f,1.0239731213336263f,-0.931731816899296f,-0.33135186064798444f,-0.14859934664276064f,1.8618219694156821f,0.2626117101474602f,-0.332165785117411f,-0.9059254830783597f,1.933052802693316f,0f,0f,0f,1f], start_interpolation: 0, interpolation_duration: 1 }
$data merge entity $(bone_left_whisker15) { transformation: [-0.8428098101615575f,-0.3639428122780481f,0.3965063092645368f,0.7770561847628574f,-0.45013250577623026f,0.8805106253878805f,-0.14859934664276064f,1.7299472118640522f,-0.2950463542209107f,-0.30372136567944746f,-0.9059254830783597f,1.8466134411051587f,0f,0f,0f,1f], start_interpolation: 0, interpolation_duration: 1 }
$data merge entity $(bone_left_whisker14) { transformation: [-0.6860310217520988f,0.61003621524233f,0.3965063092645368f,0.5760705338589223f,0.6077794192134109f,0.7800784651289594f,-0.14859934664276064f,1.9080075885867311f,-0.3999570161584611f,0.13904461275022578f,-0.9059254830783597f,1.7294385340274845f,0f,0f,0f,1f], start_interpolation: 0, interpolation_duration: 1 }
$data merge entity $(bone_left_whisker13) { transformation: [-0.11559424264277116f,0.9783157317772269f,0.1718612813435092f,0.5422050330846729f,0.99306973306781f,0.11012781203275196f,0.041041080413499104f,2.198945986946441f,0.021224427730154427f,0.17541434939612988f,-0.9842658836378813f,1.735656628089053f,0f,0f,0f,1f], start_interpolation: 0, interpolation_duration: 1 }
$data merge entity $(bone_left_whisker12) { transformation: [0.022110580890812935f,0.9895091369028854f,0.14276830950311475f,0.5508419787451467f,0.9651762054503861f,-0.05835989511191214f,0.255007872574399f,2.5759679422004984f,0.26066456346244116f,0.13215820303043213f,-0.9563410451960647f,1.8374787231915692f,0f,0f,0f,1f], start_interpolation: 0, interpolation_duration: 1 }
$data merge entity $(bone_left_whisker11) { transformation: [0.276669976082566f,0.952197681145602f,0.1295117768985139f,0.658916188152399f,0.9609185410676137f,-0.2728073568100057f,-0.04702875187401065f,2.951326747305035f,-0.00944890295015427f,0.13746171136456967f,-0.9904620114581688f,1.8337877454766651f,0f,0f,0f,1f], start_interpolation: 0, interpolation_duration: 1 }
$data merge entity $(bone_left_whisker10) { transformation: [0.08261591737831793f,0.9964256408617866f,0.01762249780582665f,0.6911880308783045f,0.9547986156433838f,-0.0740732285128744f,-0.2878762935414404f,3.324294956540732f,-0.2855419649740071f,0.040609100591577844f,-0.95750545021317f,1.7222479154086936f,0f,0f,0f,1f], start_interpolation: 0, interpolation_duration: 1 }
$data merge entity $(bone_left_whisker1) { transformation: [-0.3548041355751208f,0.9337371375825848f,0.04742344649930151f,0.5525926654192729f,0.9337391256863719f,0.3564627706951493f,-0.032642583702693184f,3.689036802511971f,-0.047384285804907056f,0.03269940377771949f,-0.998341363688463f,1.7037384287661517f,0f,0f,0f,1f], start_interpolation: 0, interpolation_duration: 1 }
$data merge entity $(bone_upper_left_tooth1) { transformation: [-0.9995090560483364f,-0.030627408291991693f,0.006603691291900754f,0.23061304666460403f,-0.03040338605819551f,0.9990346832449594f,0.03170703060584458f,3.985762748058996f,-0.007568420810143438f,0.03149068965518634f,-0.9994753901279815f,2.5046869071266986f,0f,0f,0f,1f], start_interpolation: 0, interpolation_duration: 1 }
$data merge entity $(bone_upper_right_tooth1) { transformation: [-0.9995090560483364f,-0.030627408291991693f,0.006603691291900754f,-0.3550367908637181f,-0.03040338605819551f,0.9990346832449594f,0.03170703060584458f,3.967948264040522f,-0.007568420810143438f,0.03149068965518634f,-0.9994753901279815f,2.500252285558255f,0f,0f,0f,1f], start_interpolation: 0, interpolation_duration: 1 }
$data merge entity $(bone_top_lip1) { transformation: [-0.9995090560483364f,-0.023402238677956072f,0.020832237091178284f,-0.041099536814413244f,-0.03040338605819551f,0.8850689017667908f,-0.46446600870410654f,4.084915964582458f,-0.007568420810143438f,-0.4648713524731191f,-0.8853458898398145f,2.5060371635340966f,0f,0f,0f,1f], start_interpolation: 0, interpolation_duration: 1 }
$data merge entity $(bone_muzzle1) { transformation: [-0.9995090560483364f,-0.030627408291991693f,0.006603691291900754f,-0.04236151493731205f,-0.03040338605819551f,0.9990346832449594f,0.03170703060584458f,4.246740884298929f,-0.007568420810143438f,0.03149068965518634f,-0.9994753901279815f,2.0226249646906274f,0f,0f,0f,1f], start_interpolation: 0, interpolation_duration: 1 }
$data merge entity $(bone_jaw_right_tooth1) { transformation: [-0.9995090560483364f,-0.023381078206942223f,0.02085598377550047f,-0.3490402927965006f,-0.03040338605819551f,0.8845969303975347f,-0.46536427113333034f,3.7594721525580024f,-0.007568420810143438f,-0.46576989588544726f,-0.8848735068320782f,2.5458133857143217f,0f,0f,0f,1f], start_interpolation: 0, interpolation_duration: 1 }
$data merge entity $(bone_jaw_left_tooth1) { transformation: [-0.9995090560483364f,-0.023381078206942223f,0.02085598377550047f,0.2854136978591817f,-0.03040338605819551f,0.8845969303975347f,-0.46536427113333034f,3.7787711769113494f,-0.007568420810143438f,-0.46576989588544726f,-0.8848735068320782f,2.5506175590801354f,0f,0f,0f,1f], start_interpolation: 0, interpolation_duration: 1 }
$data merge entity $(bone_tongue1) { transformation: [-0.9995090560483364f,-0.030664393911640546f,0.006429760757200051f,-0.027394912497821784f,-0.03040338605819551f,0.9988386418062116f,0.03737648660480403f,3.795221418482503f,-0.007568420810143438f,0.03716265034620769f,-0.9992805694226651f,1.859904884051332f,0f,0f,0f,1f], start_interpolation: 0, interpolation_duration: 1 }
$data merge entity $(bone_jaw_lips1) { transformation: [-0.9995090560483364f,-0.030664393911640546f,0.006429760757200051f,0.019829735630976446f,-0.03040338605819551f,0.9988386418062116f,0.03737648660480403f,3.655331629263477f,-0.007568420810143438f,0.03716265034620769f,-0.9992805694226651f,2.6367888524896848f,0f,0f,0f,1f], start_interpolation: 0, interpolation_duration: 1 }
$data merge entity $(bone_jaw3) { transformation: [-0.9995090560483364f,-0.0266474706680482f,0.016479052896286192f,0.034655723076604555f,-0.03040338605819551f,0.9519675729798949f,-0.30468569725368666f,3.3475714433200543f,-0.007568420810143438f,-0.305037132660541f,-0.9523103835959554f,1.9151380474942346f,0f,0f,0f,1f], start_interpolation: 0, interpolation_duration: 1 }
$data merge entity $(bone_jaw1) { transformation: [-0.9995090560483364f,-0.03049505726134228f,-0.0071901571603507205f,0.029038412795080557f,-0.03040338605819551f,0.8885880489824164f,0.45769740366515f,3.705147539933453f,-0.007568420810143438f,0.45769130501709343f,-0.8890789550530314f,1.2205451138590537f,0f,0f,0f,1f], start_interpolation: 0, interpolation_duration: 1 }
$data merge entity $(bone_tear_right1) { transformation: [-0.9995090560483364f,-0.03108641137619514f,0.003909207734701839f,-0.570735204752575f,-0.03040338605819551f,0.9924696048556199f,0.11865798563066093f,4.28612089495244f,-0.007568420810143438f,0.11848087805835886f,-0.9929274900721403f,1.9662396592815572f,0f,0f,0f,1f], start_interpolation: 0, interpolation_duration: 1 }
$data merge entity $(bone_right_pupil1) { transformation: [-0.9995090560483364f,-0.03108641137619514f,0.003909207734701839f,-0.4129466492805282f,-0.03040338605819551f,0.9924696048556199f,0.11865798563066093f,4.380988112060097f,-0.007568420810143438f,0.11848087805835886f,-0.9929274900721403f,2.0372089212170486f,0f,0f,0f,1f], start_interpolation: 0, interpolation_duration: 1 }
$data merge entity $(bone_right_sad_pupil1) { transformation: [-0.9995090560483364f,-0.03108641137619514f,0.003909207734701839f,-0.41290847342374404f,-0.03040338605819551f,0.9924696048556199f,0.11865798563066093f,4.382146881451021f,-0.007568420810143438f,0.11848087805835886f,-0.9929274900721403f,2.027512363696813f,0f,0f,0f,1f], start_interpolation: 0, interpolation_duration: 1 }
$data merge entity $(bone_right_happy_pupil1) { transformation: [-0.9995090560483364f,-0.03108641137619514f,0.003909207734701839f,-0.4365513017651085f,-0.03040338605819551f,0.9924696048556199f,0.11865798563066093f,4.3571747159691f,-0.007568420810143438f,0.11848087805835886f,-0.9929274900721403f,2.024435027626562f,0f,0f,0f,1f], start_interpolation: 0, interpolation_duration: 1 }
$data merge entity $(bone_eyelid_right1) { transformation: [-0.9995090560483364f,-0.03108641137619514f,0.003909207734701839f,-0.03368949797680249f,-0.03040338605819551f,0.9924696048556199f,0.11865798563066093f,4.40305589115223f,-0.007568420810143438f,0.11848087805835886f,-0.9929274900721403f,1.539744839765965f,0f,0f,0f,1f], start_interpolation: 0, interpolation_duration: 1 }
$data merge entity $(bone_eyelid_expressions_right5) { transformation: [-0.9995090560483364f,-0.03108641137619514f,0.003909207734701839f,-0.528193495631049f,-0.03040338605819551f,0.9924696048556199f,0.11865798563066093f,4.475653308031054f,-0.007568420810143438f,0.11848087805835886f,-0.9929274900721403f,2.038232795175879f,0f,0f,0f,1f], start_interpolation: 0, interpolation_duration: 1 }
$data merge entity $(bone_eyelid_expressions_right7) { transformation: [-0.9995090560483364f,-0.03108641137619514f,0.003909207734701839f,-0.2353685768668879f,-0.03040338605819551f,0.9924696048556199f,0.11865798563066093f,4.484560550040291f,-0.007568420810143438f,0.11848087805835886f,-0.9929274900721403f,2.040450105960101f,0f,0f,0f,1f], start_interpolation: 0, interpolation_duration: 1 }
$data merge entity $(bone_eyelid_expressions_right6) { transformation: [-0.9995090560483364f,-0.03108641137619514f,0.003909207734701839f,-0.3329768831216082f,-0.03040338605819551f,0.9924696048556199f,0.11865798563066093f,4.481591469370545f,-0.007568420810143438f,0.11848087805835886f,-0.9929274900721403f,2.0397110023653604f,0f,0f,0f,1f], start_interpolation: 0, interpolation_duration: 1 }
$data merge entity $(bone_right_eye1) { transformation: [-0.9995090560483364f,-0.03108641137619514f,0.003909207734701839f,-0.043488504459058726f,-0.03040338605819551f,0.9924696048556199f,0.11865798563066093f,4.401600213694332f,-0.007568420810143438f,0.11848087805835886f,-0.9929274900721403f,1.5493674869267267f,0f,0f,0f,1f], start_interpolation: 0, interpolation_duration: 1 }
$data merge entity $(bone_tear_left1) { transformation: [-0.9995090560483364f,-0.03108641137619514f,0.003909207734701839f,0.4834345027984047f,-0.03040338605819551f,0.9924696048556199f,0.11865798563066093f,4.318186966185693f,-0.007568420810143438f,0.11848087805835886f,-0.9929274900721403f,1.9742219781047552f,0f,0f,0f,1f], start_interpolation: 0, interpolation_duration: 1 }
$data merge entity $(bone_left_sad_pupil1) { transformation: [-0.9995090560483364f,-0.03108641137619514f,0.003909207734701839f,0.3191538234866586f,-0.03040338605819551f,0.9924696048556199f,0.11865798563066093f,4.404414986474114f,-0.007568420810143438f,0.11848087805835886f,-0.9929274900721403f,2.033055640657367f,0f,0f,0f,1f], start_interpolation: 0, interpolation_duration: 1 }
$data merge entity $(bone_left_pupil1) { transformation: [-0.9995090560483364f,-0.03108641137619514f,0.003909207734701839f,0.31911564762987443f,-0.03040338605819551f,0.9924696048556199f,0.11865798563066093f,4.4032562170831895f,-0.007568420810143438f,0.11848087805835886f,-0.9929274900721403f,2.042752198177603f,0f,0f,0f,1f], start_interpolation: 0, interpolation_duration: 1 }
$data merge entity $(bone_eyelid_left1) { transformation: [-0.9995090560483364f,-0.03108641137619514f,0.003909207734701839f,-0.053211159227746566f,-0.03040338605819551f,0.9924696048556199f,0.11865798563066093f,4.402462075018281f,-0.007568420810143438f,0.11848087805835886f,-0.9929274900721403f,1.539597019047017f,0f,0f,0f,1f], start_interpolation: 0, interpolation_duration: 1 }
$data merge entity $(bone_left_happy_pupil1) { transformation: [-0.9995090560483364f,-0.03108641137619514f,0.003909207734701839f,0.3443151482726543f,-0.03040338605819551f,0.9924696048556199f,0.11865798563066093f,4.380927361327065f,-0.007568420810143438f,0.11848087805835886f,-0.9929274900721403f,2.030347856384487f,0f,0f,0f,1f], start_interpolation: 0, interpolation_duration: 1 }
$data merge entity $(bone_eyelid_expressions_left5) { transformation: [-0.9995090560483364f,-0.03108641137619514f,0.003909207734701839f,0.4283679056652105f,-0.03040338605819551f,0.9924696048556199f,0.11865798563066093f,4.504750298594561f,-0.007568420810143438f,0.11848087805835886f,-0.9929274900721403f,2.045476010404337f,0f,0f,0f,1f], start_interpolation: 0, interpolation_duration: 1 }
$data merge entity $(bone_eyelid_expressions_left7) { transformation: [-0.9995090560483364f,-0.03108641137619514f,0.003909207734701839f,0.13554298690104943f,-0.03040338605819551f,0.9924696048556199f,0.11865798563066093f,4.495843056585325f,-0.007568420810143438f,0.11848087805835886f,-0.9929274900721403f,2.043258699620115f,0f,0f,0f,1f], start_interpolation: 0, interpolation_duration: 1 }
$data merge entity $(bone_eyelid_expressions_left6) { transformation: [-0.9995090560483364f,-0.03108641137619514f,0.003909207734701839f,0.23315129315576977f,-0.03040338605819551f,0.9924696048556199f,0.11865798563066093f,4.4988121372550705f,-0.007568420810143438f,0.11848087805835886f,-0.9929274900721403f,2.0439978032148556f,0f,0f,0f,1f], start_interpolation: 0, interpolation_duration: 1 }
$data merge entity $(bone_left_eye1) { transformation: [-0.9995090560483364f,-0.03108641137619514f,0.003909207734701839f,-0.043488504459058726f,-0.03040338605819551f,0.9924696048556199f,0.11865798563066093f,4.401600213694332f,-0.007568420810143438f,0.11848087805835886f,-0.9929274900721403f,1.5493674869267267f,0f,0f,0f,1f], start_interpolation: 0, interpolation_duration: 1 }
$data merge entity $(bone_crest_middle5) { transformation: [-0.9995090560483364f,-0.029503431889364277f,0.01054487477937649f,-0.08256698479784796f,-0.03040338605819551f,0.9946264010090129f,-0.09896442053614317f,5.548293825980116f,-0.007568420810143438f,-0.09923643445130405f,-0.9950350994230465f,2.1037666827023913f,0f,0f,0f,1f], start_interpolation: 0, interpolation_duration: 1 }
$data merge entity $(bone_crest_middle4) { transformation: [-0.9995090560483364f,-0.029503431889364277f,0.01054487477937649f,-0.06527981767517359f,-0.03040338605819551f,0.9946264010090129f,-0.09896442053614317f,4.965504919138897f,-0.007568420810143438f,-0.09923643445130405f,-0.9950350994230465f,2.1619130310137025f,0f,0f,0f,1f], start_interpolation: 0, interpolation_duration: 1 }
$data merge entity $(bone_crest_middle1) { transformation: [-0.9995090560483364f,-0.029503431889364277f,0.01054487477937649f,-0.053086775324196284f,-0.03040338605819551f,0.9946264010090129f,-0.09896442053614317f,4.535661640579101f,-0.007568420810143438f,-0.09923643445130405f,-0.9950350994230465f,2.2784016505166784f,0f,0f,0f,1f], start_interpolation: 0, interpolation_duration: 1 }
$data merge entity $(bone_crest_left5) { transformation: [-0.5108178109181712f,-0.8518151680722835f,0.11608653449368772f,-1.025534719872981f,-0.8533761023860104f,0.5187568619146433f,0.05138624419952563f,4.9554451583249435f,-0.1039922685839135f,-0.07281646557241425f,-0.9919089526848278f,2.1157599659807427f,0f,0f,0f,1f], start_interpolation: 0, interpolation_duration: 1 }
$data merge entity $(bone_crest_left4) { transformation: [-0.5108178109181712f,-0.8518151680722835f,0.11608653449368772f,-0.6096093448376863f,-0.8533761023860104f,0.5187568619146433f,0.05138624419952563f,4.702145909343184f,-0.1039922685839135f,-0.07281646557241425f,-0.9919089526848278f,2.151314880811023f,0f,0f,0f,1f], start_interpolation: 0, interpolation_duration: 1 }
$data merge entity $(bone_crest_left1) { transformation: [-0.5108178109181712f,-0.8518151680722835f,0.11608653449368772f,-0.1464231444817875f,-0.8533761023860104f,0.5187568619146433f,0.05138624419952563f,4.426025829418303f,-0.1039922685839135f,-0.07281646557241425f,-0.9919089526848278f,2.1419922327940175f,0f,0f,0f,1f], start_interpolation: 0, interpolation_duration: 1 }
$data merge entity $(bone_crest_center1) { transformation: [-0.9995090560483364f,-0.03108641137619514f,0.003909207734701839f,-0.04805590235133156f,-0.03040338605819551f,0.9924696048556199f,0.11865798563066093f,4.4047650052725045f,-0.007568420810143438f,0.11848087805835886f,-0.9929274900721403f,2.139838773852061f,0f,0f,0f,1f], start_interpolation: 0, interpolation_duration: 1 }
$data merge entity $(bone_crest_right5) { transformation: [-0.563253837789578f,0.8197160308708983f,-0.10397472264243643f,0.8943994919989081f,0.820704647543039f,0.5696020323933492f,0.04469235051574709f,5.013846331077355f,0.09585924950972546f,-0.060159400151814604f,-0.9935752869595768f,2.130297973370778f,0f,0f,0f,1f], start_interpolation: 0, interpolation_duration: 1 }
$data merge entity $(bone_crest_right4) { transformation: [-0.563253837789578f,0.8197160308708983f,-0.10397472264243643f,0.4941475238002273f,0.820704647543039f,0.5696020323933492f,0.04469235051574709f,4.7357203386977895f,0.09585924950972546f,-0.060159400151814604f,-0.9935752869595768f,2.159672680476156f,0f,0f,0f,1f], start_interpolation: 0, interpolation_duration: 1 }
$data merge entity $(bone_crest_right1) { transformation: [-0.563253837789578f,0.8197160308708983f,-0.10397472264243643f,0.048793468027653206f,0.820704647543039f,0.5696020323933492f,0.04469235051574709f,4.431963990757795f,0.09585924950972546f,-0.060159400151814604f,-0.9935752869595768f,2.1434704399834987f,0f,0f,0f,1f], start_interpolation: 0, interpolation_duration: 1 }
$data merge entity $(bone_head1) { transformation: [-0.9995090560483364f,-0.03108641137619514f,0.003909207734701839f,-0.03987094115544958f,-0.03040338605819551f,0.9924696048556199f,0.11865798563066093f,4.416872100270584f,-0.007568420810143438f,0.11848087805835886f,-0.9929274900721403f,1.0102716241898175f,0f,0f,0f,1f], start_interpolation: 0, interpolation_duration: 1 }
$data merge entity $(bone_neck10) { transformation: [-1.298493017337957f,-0.04032513381693246f,0.08781101554849637f,0.03479194756793383f,-0.03200677322911823f,1.295974219855137f,0.12184988667525821f,4.114897878570165f,-0.09117267867333713f,0.11935540204766543f,-1.293391989154878f,0.05292321130266736f,0f,0f,0f,1f], start_interpolation: 0, interpolation_duration: 1 }
$data merge entity $(bone_neck9) { transformation: [-0.9972426373155511f,-0.04310607202805524f,0.06040686115199264f,0.08656689930511371f,-0.0245812018399628f,0.9599211263706524f,0.2791902499432977f,2.882615674684409f,-0.07002061722112292f,0.27693554791974606f,-0.9583338747338332f,-0.2518614747900849f,0f,0f,0f,1f], start_interpolation: 0, interpolation_duration: 1 }
$data merge entity $(bone_neck8) { transformation: [-0.9972375728337238f,-0.006006878648554849f,0.07403472656534076f,0.08747603700376685f,-0.02546054269876168f,0.9639847074138971f,-0.2647361793137234f,2.262892788024548f,-0.06977810612353828f,-0.26588982921699905f,-0.9614747082605797f,-0.038730801411003546f,0f,0f,0f,1f], start_interpolation: 0, interpolation_duration: 1 }
$data merge entity $(bone_neck7) { transformation: [-0.9966341225205071f,0.03544488147660087f,0.07391945755272149f,0.05690494135695673f,1.734723475976807e-18f,0.9016964816740606f,-0.4323695814192075f,1.5367254878414958f,-0.08197820337003536f,-0.4309142783822908f,-0.8986614817930556f,0.3329313701411216f,0f,0f,0f,1f], start_interpolation: 0, interpolation_duration: 1 }
$data merge entity $(bone_neck6) { transformation: [-0.9966341225205071f,0.021217520315452803f,0.07918486382789469f,0.04072876600306312f,1.734723475976807e-18f,0.9659258262890684f,-0.25881904510252063f,0.7658229145529711f,-0.08197820337003536f,-0.25794789190734624f,-0.9626746383035013f,0.5295900875418302f,0f,0f,0f,1f], start_interpolation: 0, interpolation_duration: 1 }
$data merge entity $(bone_neck_spine6) { transformation: [-1.0676632346711257f,0.23901426488382543f,0.1670600970638857f,0.17547934178394975f,0.10613390689476393f,-0.2720718241487638f,1.0675458743440391f,0.5710758564315799f,0.2716109140962563f,1.0458445301304442f,0.23953790442722708f,-1.6697680675898607f,0f,0f,0f,1f], start_interpolation: 0, interpolation_duration: 1 }
$data merge entity $(bone_neck_spine7) { transformation: [-0.9179024784822759f,0.3930383076410766f,0.05455207349618921f,-0.7298008650692389f,0.02184774016567563f,-0.08721047969324469f,0.9959503042227195f,1.6039932765733358f,0.39620413456417664f,0.9153770922184541f,0.0714637166395585f,-4.4582476861117675f,0f,0f,0f,1f], start_interpolation: 0, interpolation_duration: 1 }
$data merge entity $(bone_tail6) { transformation: [-1.3776288548106925f,0.43487416225802006f,0.39397650066646533f,-1.7339394303236044f,0.3558824552661542f,-0.1801625712488046f,1.4432890935771605f,1.8673160506146569f,0.46656264114343937f,1.421485206608015f,0.06239704294158118f,-7.729520430377574f,0f,0f,0f,1f], start_interpolation: 0, interpolation_duration: 1 }
$data merge entity $(bone_tail5) { transformation: [-1.138041227887094f,0.35924387316966877f,0.3254588483766453f,-1.5070485630585502f,0.29398985435030134f,-0.148829950162056f,1.1922822946941762f,1.7733181873544108f,0.3854213122489282f,1.1742703880674907f,0.051545383299567066f,-6.987875974756f,0f,0f,0f,1f], start_interpolation: 0, interpolation_duration: 1 }
$data merge entity $(bone_tail4) { transformation: [-0.920016487386619f,0.29042031009926905f,0.263107784792909f,-1.3936031294260232f,0.23766758751687517f,-0.12031726497311473f,0.9638661077106603f,1.726319255724288f,0.311582702954923f,0.9493049031956136f,0.04167037302533422f,-6.6170537469452135f,0f,0f,0f,1f], start_interpolation: 0, interpolation_duration: 1 }
$data merge entity $(bone_segment18) { transformation: [-0.920016487386619f,0.29042031009926905f,0.263107784792909f,-1.2517963373853644f,0.23766758751687517f,-0.12031726497311473f,0.9638661077106603f,1.6675705911866343f,0.311582702954923f,0.9493049031956136f,0.04167037302533422f,-6.15352596218173f,0f,0f,0f,1f], start_interpolation: 0, interpolation_duration: 1 }
$data merge entity $(bone_segment17) { transformation: [-0.920016487386619f,0.29042031009926905f,0.263107784792909f,-1.067447507732508f,0.23766758751687517f,-0.12031726497311473f,0.9638661077106603f,1.5911973272876845f,0.311582702954923f,0.9493049031956136f,0.04167037302533422f,-5.5509398419892015f,0f,0f,0f,1f], start_interpolation: 0, interpolation_duration: 1 }
$data merge entity $(bone_segment16) { transformation: [-0.9620116082139968f,0.22658924177176254f,0.15228585349538432f,-0.8793607347774318f,0.0724024874157894f,-0.3260840736217602f,0.9425640862807395f,1.3205220708633718f,0.2632328730943883f,0.9177834670789922f,0.2972910393519075f,-4.7891078624802725f,0f,0f,0f,1f], start_interpolation: 0, interpolation_duration: 1 }
$data merge entity $(bone_segment15) { transformation: [-0.9179024784822759f,0.3655267365008177f,0.15441905613996276f,-0.504553045982648f,0.02184774016567563f,-0.34200976136725264f,0.9394423874720409f,0.9698284678989038f,0.39620413456417664f,0.8656902032670672f,0.3059456744614557f,-3.9014372438958773f,0f,0f,0f,1f], start_interpolation: 0, interpolation_duration: 1 }
$data merge entity $(bone_segment14) { transformation: [-0.928044258634708f,0.31266419630664505f,0.20242271207321366f,-0.18395011031665476f,0.03628407065157583f,-0.4649864958870362f,0.8845739227784452f,0.49303567426473593f,0.37069842221421284f,0.8282684703588653f,0.4201833180616267f,-3.0521385194068067f,0f,0f,0f,1f], start_interpolation: 0, interpolation_duration: 1 }
$data merge entity $(bone_segment13) { transformation: [-0.9646651343852052f,0.18646445452538024f,0.18615097555512974f,0.011808859563571972f,0.0958951064649161f,-0.40958419195804807f,0.9072182307770028f,0.03090405647816938f,0.24540844944226448f,0.8930127641286125f,0.37723056085863227f,-2.102057076795686f,0f,0f,0f,1f], start_interpolation: 0, interpolation_duration: 1 }
$data merge entity $(bone_segment12) { transformation: [-0.988620863773901f,0.0719020174814208f,0.1321320838897483f,0.096069036299612f,0.12061199192106185f,-0.14604239988715506f,0.9818983475085565f,-0.14023938088959048f,0.08989735878088817f,0.9866619062866984f,0.13570831797247557f,-0.945812655365961f,0f,0f,0f,1f], start_interpolation: 0, interpolation_duration: 1 }
$data merge entity $(bone_segment11) { transformation: [-1.0319489014988867f,-0.009836075277249418f,0.0808280782429234f,0.0786073903076373f,0.07102078991892295f,0.3938507696455032f,0.9546654285994647f,0.31533790143650453f,-0.03982428917879232f,0.9572529889150764f,-0.3919556137097909f,0.1602117898522405f,0f,0f,0f,1f], start_interpolation: 0, interpolation_duration: 1 }
$data merge entity $(bone_segment10) { transformation: [-0.9967726505916473f,-0.043772247365657685f,0.06729244677570839f,0.03404354781035393f,-0.005143003693137562f,0.8713591187022535f,0.49061882940572576f,1.1194512449474043f,-0.08011137588079639f,0.48868934571462874f,-0.8687720591959053f,0.6108643323221717f,0f,0f,0f,1f], start_interpolation: 0, interpolation_duration: 1 }