# This file was generated by Animated Java via MC-Build. It is not recommended to edit this file directly.
$data merge entity $(bone_neck_spine5) { transformation: [-1.5634347523696246f,-0.024123373627153857f,0.164648211300388f,0.2208984052096536f,-0.02364925260687758f,1.572077172097541f,0.00576830803424524f,4.185526189169828f,-0.1647169799708232f,0.003259351359792156f,-1.5636102099611169f,-0.8039500636967007f,0f,0f,0f,1f], start_interpolation: 0, interpolation_duration: 1 }
$data merge entity $(bone_neck_spine2) { transformation: [-1.4889854784472611f,-0.015498627183607625f,0.15772228508562802f,-0.0767909170321435f,-0.022523097720835782f,1.4957865890008357f,-0.06564656821442684f,5.828074733093187f,-0.1568733142579268f,-0.0676502358066642f,-1.4876183954741433f,0.7138047344397699f,0f,0f,0f,1f], start_interpolation: 0, interpolation_duration: 1 }
$data merge entity $(bone_scale_neck_left1) { transformation: [-1.5923103129463376f,0.33982375915335805f,0.2492443797506571f,0.7178159903158535f,0.40071692221964494f,1.5225148330010099f,0.48417931841043776f,4.937643030184617f,-0.13049481357212817f,0.5286997984153778f,-1.5545104398568663f,0.8033619168952852f,0f,0f,0f,1f], start_interpolation: 0, interpolation_duration: 1 }
$data merge entity $(bone_scale_neck_right1) { transformation: [-1.5718386499771695f,-0.4879104164291067f,0.06574013093687057f,-0.8456187620537704f,-0.448579334128138f,1.5099941348522539f,0.48140354645829525f,4.91399377757774f,-0.20286675496191556f,0.4414931699238877f,-1.5738436839405154f,0.6386449369244621f,0f,0f,0f,1f], start_interpolation: 0, interpolation_duration: 1 }
$data merge entity $(bone_blush_right1) { transformation: [-0.9994028644299285f,-0.02497563120666164f,0.02387744574033951f,-0.7892240728241835f,-0.021805851890344143f,0.9919345925066865f,0.12486099876234585f,4.582399344822161f,-0.026803346667727948f,0.12426577177333653f,-0.9918868879932766f,2.0933024514374274f,0f,0f,0f,1f], start_interpolation: 0, interpolation_duration: 1 }
$data merge entity $(bone_blush_left1) { transformation: [-0.9994028644299285f,-0.02497563120666164f,0.02387744574033951f,0.5351799184174308f,-0.021805851890344143f,0.9919345925066865f,0.12486099876234585f,4.611296357532314f,-0.026803346667727948f,0.12426577177333653f,-0.9918868879932766f,2.128822120800813f,0f,0f,0f,1f], start_interpolation: 0, interpolation_duration: 1 }
$data merge entity $(bone_left_head_scales) { transformation: [-0.8975065449168889f,-0.02497563120666164f,-0.4402933336733338f,0.5375573798670903f,-0.07699641987906955f,0.9919345925066865f,0.10068423667287835f,5.384712790342207f,0.4342275361572028f,0.12426577177333653f,-0.8921908230913511f,1.8299573068066273f,0f,0f,0f,1f], start_interpolation: 0, interpolation_duration: 1 }
$data merge entity $(bone_left_head_scales2) { transformation: [-0.8323584397029595f,-0.02497563120666164f,-0.5536746749681474f,0.5559740999060748f,-0.08947963486277709f,0.9919345925066865f,0.08977281956927857f,4.472487841716567f,0.5469669302618568f,0.12426577177333653f,-0.8278799400670959f,1.885402597966169f,0f,0f,0f,1f], start_interpolation: 0, interpolation_duration: 1 }
$data merge entity $(bone_left_head_scales1) { transformation: [-0.9994028644299285f,-0.02497563120666164f,0.02387744574033951f,0.5403622603248697f,-0.021805851890344143f,0.9919345925066865f,0.12486099876234585f,5.273313885910304f,-0.026803346667727948f,0.12426577177333653f,-0.9918868879932766f,1.8160016781406765f,0f,0f,0f,1f], start_interpolation: 0, interpolation_duration: 1 }
$data merge entity $(bone_right_head_scales) { transformation: [-0.8754557900004958f,-0.02497563120666164f,0.48265243975394645f,-0.8092941366498057f,0.038312366172239425f,0.9919345925066865f,0.12082188041442826f,5.35532599775561f,-0.48177725387661496f,0.12426577177333653f,-0.8674380067835885f,1.7938356091489471f,0f,0f,0f,1f], start_interpolation: 0, interpolation_duration: 1 }
$data merge entity $(bone_right_head_scales2) { transformation: [-0.8049673592291406f,-0.02497563120666164f,0.5927931919493445f,-0.7908774166108211f,0.05375501855590033f,0.9919345925066865f,0.1147874652070032f,4.44310104912997f,-0.5908789626951686f,0.12426577177333653f,-0.7971324039391817f,1.849280900308489f,0f,0f,0f,1f], start_interpolation: 0, interpolation_duration: 1 }
$data merge entity $(bone_right_head_scales1) { transformation: [-0.9994028644299285f,-0.02497563120666164f,0.02387744574033951f,-0.8064892561920263f,-0.021805851890344143f,0.9919345925066865f,0.12486099876234585f,5.243927093323707f,-0.026803346667727948f,0.12426577177333653f,-0.9918868879932766f,1.7798799804829963f,0f,0f,0f,1f], start_interpolation: 0, interpolation_duration: 1 }
$data merge entity $(bone_head_left_fin1) { transformation: [-0.750357255930973f,0.0053255476203743135f,-0.7318543742025848f,0.5528917062965931f,0.1586108169313594f,1.0244223799960541f,-0.1551663434536012f,4.866085162480448f,0.7144800873707263f,-0.22182340708531476f,-0.7341578705189747f,1.6801233115171488f,0f,0f,0f,1f], start_interpolation: 0, interpolation_duration: 1 }
$data merge entity $(bone_head_right_fin1) { transformation: [-0.703374329505942f,-0.038078839707434115f,0.7762021338438692f,-0.7939598102203028f,-0.1903296129930802f,1.0234753448462186f,-0.12226223838533301f,4.836698369893851f,-0.7534682402299013f,-0.2229874850381143f,-0.6937127579239164f,1.6440016138594686f,0f,0f,0f,1f], start_interpolation: 0, interpolation_duration: 1 }
$data merge entity $(bone_right_whisker16) { transformation: [0.2635950961597353f,0.941077512143865f,-0.2118743529020283f,-1.2991515207142246f,0.9454163596908606f,-0.2956586220922356f,-0.1370178309980203f,2.1248200111556406f,-0.19158687875066352f,-0.16419225109497068f,-0.9676442386388422f,1.9334465753573125f,0f,0f,0f,1f], start_interpolation: 0, interpolation_duration: 1 }
$data merge entity $(bone_right_whisker15) { transformation: [-0.8986203993798761f,0.3841752678149628f,-0.2118743529020283f,-0.996393671313778f,0.41653081908719874f,0.8987369975355111f,-0.1370178309980203f,1.98448492074052f,0.13778045786285828f,-0.21137921577145768f,-0.9676442386388422f,1.8870264015656268f,0f,0f,0f,1f], start_interpolation: 0, interpolation_duration: 1 }
$data merge entity $(bone_right_whisker14) { transformation: [-0.7279544279582475f,-0.652067181660239f,-0.2118743529020283f,-0.7511355876755016f,-0.6384988086403106f,0.7573277925399952f,-0.1370178309980203f,2.1996041482609368f,0.2498031668752112f,0.03553878512513785f,-0.9676442386388422f,1.802864201788334f,0f,0f,0f,1f], start_interpolation: 0, interpolation_duration: 1 }
$data merge entity $(bone_right_whisker13) { transformation: [-0.07488765852443817f,-0.997049910406749f,0.016831956470384445f,-0.7259048824109203f,-0.9952365210156932f,0.07578671435644584f,0.061324066757142665f,2.5349133277047007f,-0.062418793943067485f,-0.012159362028834327f,-0.997975973697636f,1.8238939712320432f,0f,0f,0f,1f], start_interpolation: 0, interpolation_duration: 1 }
$data merge entity $(bone_right_whisker12) { transformation: [0.10472187672971436f,-0.9939657200674361f,0.03264162779381074f,-0.7729479129730967f,-0.9569728776254983f,-0.09178429154667692f,0.27527904990109187f,2.96480348757553f,-0.270621950372433f,-0.060064891210238565f,-0.9608100586591102f,1.9454624255009096f,0f,0f,0f,1f], start_interpolation: 0, interpolation_duration: 1 }
$data merge entity $(bone_right_whisker11) { transformation: [0.3030582890893575f,-0.9509123198351332f,0.06262134939456845f,-0.9090873787749566f,-0.9519971457080779f,-0.30506545562192555f,-0.025228998193741997f,3.392458455374081f,0.043094175684241676f,-0.05196948885598345f,-0.9977184293427397f,1.9261037137677541f,0f,0f,0f,1f], start_interpolation: 0, interpolation_duration: 1 }
$data merge entity $(bone_right_whisker10) { transformation: [0.06001805208790375f,-0.9828233696410494f,0.17451663963928155f,-0.9360486131113196f,-0.958936132601362f,-0.10532013562530683f,-0.2633422917486105f,3.823230546191099f,0.2771990747010478f,-0.15154502010716214f,-0.9487859504996914f,1.8015806919293929f,0f,0f,0f,1f], start_interpolation: 0, interpolation_duration: 1 }
$data merge entity $(bone_right_whisker1) { transformation: [-0.3246872325372356f,-0.9347702805920908f,0.1441621432592315f,-0.7901930203699833f,-0.9449957364008124f,0.32698090390386503f,-0.008157614019934145f,4.2477403496524015f,-0.03951277276524601f,-0.13888128385061632f,-0.9895204544547862f,1.8193305703200306f,0f,0f,0f,1f], start_interpolation: 0, interpolation_duration: 1 }
$data merge entity $(bone_left_whisker16) { transformation: [0.25269965029065733f,-0.8893980297908252f,0.3809383563612072f,1.0930142057886765f,-0.9380937486498526f,-0.32162026610627936f,-0.1286099652973804f,2.1587481099427044f,0.23690294528993677f,-0.3248561974688566f,-0.9156120605797133f,2.1434110229533143f,0f,0f,0f,1f], start_interpolation: 0, interpolation_duration: 1 }
$data merge entity $(bone_left_whisker15) { transformation: [-0.8488051832243266f,-0.3666275079482433f,0.3809383563612072f,0.8070398032375117f,-0.4413145651014474f,0.888088357910139f,-0.1286099652973804f,2.0100630269739552f,-0.2911549682915231f,-0.2772784502267237f,-0.9156120605797133f,2.0453168197691585f,0f,0f,0f,1f], start_interpolation: 0, interpolation_duration: 1 }
$data merge entity $(bone_left_whisker14) { transformation: [-0.6909979364860949f,0.6143352671178667f,0.3809383563612072f,0.5742328812768648f,0.6183737999665241f,0.7752891849762693f,-0.1286099652973804f,2.218401856064239f,-0.3743470252144658f,0.1466930783440433f,-0.9156120605797133f,1.919194042719363f,0f,0f,0f,1f], start_interpolation: 0, interpolation_duration: 1 }
$data merge entity $(bone_left_whisker13) { transformation: [-0.11259370938658916f,0.9813949759887743f,0.15552028070499785f,0.5362984772354846f,0.9925774718115571f,0.10384700834306625f,0.06329108397217623f,2.55281516443825f,0.04596323594728924f,0.16149210495311578f,-0.9858030639935472f,1.9346797032680103f,0f,0f,0f,1f], start_interpolation: 0, interpolation_duration: 1 }
$data merge entity $(bone_left_whisker12) { transformation: [0.02901329769914253f,0.9914187482062875f,0.1274640900869683f,0.5493317945612713f,0.9588696442913935f,-0.06362557343463074f,0.27662391737087966f,2.9835573874597743f,0.28236011370786357f,0.11419567465623306f,-0.9524873301397191f,2.0615211605977146f,0f,0f,0f,1f], start_interpolation: 0, interpolation_duration: 1 }
$data merge entity $(bone_left_whisker11) { transformation: [0.27901750045563084f,0.9536332232600475f,0.11284019644676455f,0.6746716873440743f,0.9602527296212007f,-0.27805327640093996f,-0.024516744028036636f,3.4149209183442983f,0.007995604700450298f,0.11519570728701148f,-0.9933106358678132f,2.065112936146745f,0f,0f,0f,1f], start_interpolation: 0, interpolation_duration: 1 }
$data merge entity $(bone_left_whisker10) { transformation: [0.08036757442086256f,0.9967649072151689f,0.0008790483735634479f,0.7107743086659462f,0.9609272226632686f,-0.07724362492590903f,-0.26580499459747353f,3.8465874441500634f,-0.26487718989442005f,0.022206804196944388f,-0.9640264167132528f,1.946125135998861f,0f,0f,0f,1f], start_interpolation: 0, interpolation_duration: 1 }
$data merge entity $(bone_left_whisker1) { transformation: [-0.35307149549099853f,0.9350935024317728f,0.030670193700563855f,0.5521679728008492f,0.9353830808796779f,0.35350119154360593f,-0.009767270923509985f,4.266779062513981f,-0.019975261595087668f,0.025239835322980353f,-0.9994818355713508f,1.9371518739541926f,0f,0f,0f,1f], start_interpolation: 0, interpolation_duration: 1 }
$data merge entity $(bone_upper_left_tooth1) { transformation: [-0.9994028644299285f,-0.022799534871154874f,0.02596335453890774f,0.16127232514604484f,-0.021805851890344143f,0.9990423349963038f,0.037933068798473024f,4.603732452779828f,-0.026803346667727948f,0.03734426455015949f,-0.9989429345626394f,2.8783230090035916f,0f,0f,0f,1f], start_interpolation: 0, interpolation_duration: 1 }
$data merge entity $(bone_upper_right_tooth1) { transformation: [-0.9994028644299285f,-0.022799534871154874f,0.02596335453890774f,-0.512153433112403f,-0.021805851890344143f,0.9990423349963038f,0.037933068798473024f,4.58903905648653f,-0.026803346667727948f,0.03734426455015949f,-0.9989429345626394f,2.8602621601747518f,0f,0f,0f,1f], start_interpolation: 0, interpolation_duration: 1 }
$data merge entity $(bone_top_lip1) { transformation: [-0.9994028644299285f,-0.007274707888826238f,0.03377859076969135f,-0.1501973323314081f,-0.021805851890344143f,0.8911154819458034f,-0.45325236089824744f,4.7204148382693445f,-0.026803346667727948f,-0.4537182787387248f,-0.8907419963972614f,2.874658459145738f,0f,0f,0f,1f], start_interpolation: 0, interpolation_duration: 1 }
$data merge entity $(bone_muzzle1) { transformation: [-0.9994028644299285f,-0.022799534871154874f,0.02596335453890774f,-0.13945904219996502f,-0.021805851890344143f,0.9990423349963038f,0.037933068798473024f,4.910010851302532f,-0.026803346667727948f,0.03734426455015949f,-0.9989429345626394f,2.3200194926041218f,0f,0f,0f,1f], start_interpolation: 0, interpolation_duration: 1 }
$data merge entity $(bone_jaw_right_tooth1) { transformation: [-0.9994028644299285f,-0.007056310398013837f,0.03382488806812093f,-0.5082473602265217f,-0.021805851890344143f,0.888168389143439f,-0.45900045462906175f,4.3472785667762f,-0.026803346667727948f,-0.45946394963034465f,-0.8877919010654997f,2.9113025402324357f,0f,0f,0f,1f], start_interpolation: 0, interpolation_duration: 1 }
$data merge entity $(bone_jaw_left_tooth1) { transformation: [-0.9994028644299285f,-0.007056310398013837f,0.03382488806812093f,0.22129721122013013f,-0.021805851890344143f,0.888168389143439f,-0.45900045462906175f,4.363196412760606f,-0.026803346667727948f,-0.45946394963034465f,-0.8877919010654997f,2.9308684597970123f,0f,0f,0f,1f], start_interpolation: 0, interpolation_duration: 1 }
$data merge entity $(bone_tongue1) { transformation: [-0.9994028644299285f,-0.02302030654222078f,0.025767810461042574f,-0.12308263327293734f,-0.021805851890344143f,0.9986821785521238f,0.04645870279851605f,4.392625809377616f,-0.026803346667727948f,0.045869071596083666f,-0.9985878072950436f,2.1303189876901163f,0f,0f,0f,1f], start_interpolation: 0, interpolation_duration: 1 }
$data merge entity $(bone_jaw_lips1) { transformation: [-0.9994028644299285f,-0.02302030654222078f,0.025767810461042574f,-0.08714151398651387f,-0.021805851890344143f,0.9986821785521238f,0.04645870279851605f,4.223130183704358f,-0.026803346667727948f,0.045869071596083666f,-0.9985878072950436f,3.0230687995124503f,0f,0f,0f,1f], start_interpolation: 0, interpolation_duration: 1 }
$data merge entity $(bone_jaw3) { transformation: [-0.9994028644299285f,-0.012822739360441782f,0.03208569657258831f,-0.05723447606133086f,-0.021805851890344143f,0.9543797081034517f,-0.297798384118697f,3.8751906188363345f,-0.026803346667727948f,-0.29832021405809034f,-0.9540894247877109f,2.1910062579496143f,0f,0f,0f,1f], start_interpolation: 0, interpolation_duration: 1 }
$data merge entity $(bone_jaw1) { transformation: [-0.9994028644299285f,-0.0317550595807272f,0.013620967670415119f,-0.044996887919942274f,-0.021805851890344143f,0.8854236202635155f,0.4642731065900617f,4.292310988038343f,-0.026803346667727948f,0.4636988558002648f,-0.885587348451261f,1.3953613745754343f,0f,0f,0f,1f], start_interpolation: 0, interpolation_duration: 1 }
$data merge entity $(bone_tear_right1) { transformation: [-0.9994028644299285f,-0.02497563120666164f,0.02387744574033951f,-0.7453357354121577f,-0.021805851890344143f,0.9919345925066865f,0.12486099876234585f,4.960899732122682f,-0.026803346667727948f,0.12426577177333653f,-0.9918868879932766f,2.2439064147962813f,0f,0f,0f,1f], start_interpolation: 0, interpolation_duration: 1 }
$data merge entity $(bone_right_pupil1) { transformation: [-0.9994028644299285f,-0.02497563120666164f,0.02387744574033951f,-0.5645578209585684f,-0.021805851890344143f,0.9919345925066865f,0.12486099876234585f,5.067925827430598f,-0.026803346667727948f,0.12426577177333653f,-0.9918868879932766f,2.32966489545257f,0f,0f,0f,1f], start_interpolation: 0, interpolation_duration: 1 }
$data merge entity $(bone_right_sad_pupil1) { transformation: [-0.9994028644299285f,-0.02497563120666164f,0.02387744574033951f,-0.5642896660503518f,-0.021805851890344143f,0.9919345925066865f,0.12486099876234585f,5.069328074975292f,-0.026803346667727948f,0.12426577177333653f,-0.9918868879932766f,2.318525540753427f,0f,0f,0f,1f], start_interpolation: 0, interpolation_duration: 1 }
$data merge entity $(bone_right_happy_pupil1) { transformation: [-0.9994028644299285f,-0.02497563120666164f,0.02387744574033951f,-0.5916475023452219f,-0.021805851890344143f,0.9919345925066865f,0.12486099876234585f,5.040866488334735f,-0.026803346667727948f,0.12426577177333653f,-0.9918868879932766f,2.3142841525095355f,0f,0f,0f,1f], start_interpolation: 0, interpolation_duration: 1 }
$data merge entity $(bone_eyelid_right1) { transformation: [-0.9994028644299285f,-0.02497563120666164f,0.02387744574033951f,-0.11736425970105173f,-0.021805851890344143f,0.9919345925066865f,0.12486099876234585f,5.0931692704520675f,-0.026803346667727948f,0.12426577177333653f,-0.9918868879932766f,1.766169045760914f,0f,0f,0f,1f], start_interpolation: 0, interpolation_duration: 1 }
$data merge entity $(bone_eyelid_expressions_right5) { transformation: [-0.9994028644299285f,-0.02497563120666164f,0.02387744574033951f,-0.696167457680596f,-0.021805851890344143f,0.9919345925066865f,0.12486099876234585f,5.177910752954125f,-0.026803346667727948f,0.12426577177333653f,-0.9918868879932766f,2.329019516359636f,0f,0f,0f,1f], start_interpolation: 0, interpolation_duration: 1 }
$data merge entity $(bone_eyelid_expressions_right7) { transformation: [-0.9994028644299285f,-0.02497563120666164f,0.02387744574033951f,-0.359454578551372f,-0.021805851890344143f,0.9919345925066865f,0.12486099876234585f,5.185257451100774f,-0.026803346667727948f,0.12426577177333653f,-0.9918868879932766f,2.3380499407740563f,0f,0f,0f,1f], start_interpolation: 0, interpolation_duration: 1 }
$data merge entity $(bone_eyelid_expressions_right6) { transformation: [-0.9994028644299285f,-0.02497563120666164f,0.02387744574033951f,-0.47169220492777997f,-0.021805851890344143f,0.9919345925066865f,0.12486099876234585f,5.182808551718558f,-0.026803346667727948f,0.12426577177333653f,-0.9918868879932766f,2.335039799302583f,0f,0f,0f,1f], start_interpolation: 0, interpolation_duration: 1 }
$data merge entity $(bone_right_eye1) { transformation: [-0.9994028644299285f,-0.02497563120666164f,0.02387744574033951f,-0.12885617724690923f,-0.021805851890344143f,0.9919345925066865f,0.12486099876234585f,5.091522132969152f,-0.026803346667727948f,0.12426577177333653f,-0.9918868879932766f,1.7770073863129099f,0f,0f,0f,1f], start_interpolation: 0, interpolation_duration: 1 }
$data merge entity $(bone_tear_left1) { transformation: [-0.9994028644299285f,-0.02497563120666164f,0.02387744574033951f,0.46683062945304865f,-0.021805851890344143f,0.9919345925066865f,0.12486099876234585f,4.987347845450619f,-0.026803346667727948f,0.12426577177333653f,-0.9918868879932766f,2.2764159426881934f,0f,0f,0f,1f], start_interpolation: 0, interpolation_duration: 1 }
$data merge entity $(bone_left_sad_pupil1) { transformation: [-0.9994028644299285f,-0.02497563120666164f,0.02387744574033951f,0.2774925317727081f,-0.021805851890344143f,0.9919345925066865f,0.12486099876234585f,5.087694820341915f,-0.026803346667727948f,0.12426577177333653f,-0.9918868879932766f,2.341101601789477f,0f,0f,0f,1f], start_interpolation: 0, interpolation_duration: 1 }
$data merge entity $(bone_left_pupil1) { transformation: [-0.9994028644299285f,-0.02497563120666164f,0.02387744574033951f,0.2772243768644914f,-0.021805851890344143f,0.9919345925066865f,0.12486099876234585f,5.086292572797221f,-0.026803346667727948f,0.12426577177333653f,-0.9918868879932766f,2.3522409564886204f,0f,0f,0f,1f], start_interpolation: 0, interpolation_duration: 1 }
$data merge entity $(bone_eyelid_left1) { transformation: [-0.9994028644299285f,-0.02497563120666164f,0.02387744574033951f,-0.13981178497633334f,-0.021805851890344143f,0.9919345925066865f,0.12486099876234585f,5.092679490575624f,-0.026803346667727948f,0.12426577177333653f,-0.9918868879932766f,1.7655670174666194f,0f,0f,0f,1f], start_interpolation: 0, interpolation_duration: 1 }
$data merge entity $(bone_left_happy_pupil1) { transformation: [-0.9994028644299285f,-0.02497563120666164f,0.02387744574033951f,0.3062535086660419f,-0.021805851890344143f,0.9919345925066865f,0.12486099876234585f,5.060457683392466f,-0.026803346667727948f,0.12426577177333653f,-0.9918868879932766f,2.338365284281322f,0f,0f,0f,1f], start_interpolation: 0, interpolation_duration: 1 }
$data merge entity $(bone_eyelid_expressions_left5) { transformation: [-0.9994028644299285f,-0.02497563120666164f,0.02387744574033951f,0.4037612808082024f,-0.021805851890344143f,0.9919345925066865f,0.12486099876234585f,5.201909966899845f,-0.026803346667727948f,0.12426577177333653f,-0.9918868879932766f,2.358518902780075f,0f,0f,0f,1f], start_interpolation: 0, interpolation_duration: 1 }
$data merge entity $(bone_eyelid_expressions_left7) { transformation: [-0.9994028644299285f,-0.02497563120666164f,0.02387744574033951f,0.06704840167897841f,-0.021805851890344143f,0.9919345925066865f,0.12486099876234585f,5.194563268753196f,-0.026803346667727948f,0.12426577177333653f,-0.9918868879932766f,2.3494884783656547f,0f,0f,0f,1f], start_interpolation: 0, interpolation_duration: 1 }
$data merge entity $(bone_eyelid_expressions_left6) { transformation: [-0.9994028644299285f,-0.02497563120666164f,0.02387744574033951f,0.17928602805538643f,-0.021805851890344143f,0.9919345925066865f,0.12486099876234585f,5.197012168135412f,-0.026803346667727948f,0.12426577177333653f,-0.9918868879932766f,2.352498619837128f,0f,0f,0f,1f], start_interpolation: 0, interpolation_duration: 1 }
$data merge entity $(bone_left_eye1) { transformation: [-0.9994028644299285f,-0.02497563120666164f,0.02387744574033951f,-0.12885617724690923f,-0.021805851890344143f,0.9919345925066865f,0.12486099876234585f,5.091522132969152f,-0.026803346667727948f,0.12426577177333653f,-0.9918868879932766f,1.7770073863129099f,0f,0f,0f,1f], start_interpolation: 0, interpolation_duration: 1 }
$data merge entity $(bone_crest_middle5) { transformation: [-0.9994028644299285f,-0.019215583884496682f,0.028717170912746604f,-0.17484859318445858f,-0.021805851890344143f,0.9954466483564643f,-0.0927926457173114f,6.4065211224473755f,-0.026803346667727948f,-0.09336343830354571f,-0.9952712439307938f,2.422086496913051f,0f,0f,0f,1f], start_interpolation: 0, interpolation_duration: 1 }
$data merge entity $(bone_crest_middle4) { transformation: [-0.9994028644299285f,-0.019215583884496682f,0.028717170912746604f,-0.16190059232478796f,-0.021805851890344143f,0.9954466483564643f,-0.0927926457173114f,5.735761173847805f,-0.026803346667727948f,-0.09336343830354571f,-0.9952712439307938f,2.4849974074886823f,0f,0f,0f,1f], start_interpolation: 0, interpolation_duration: 1 }
$data merge entity $(bone_crest_middle1) { transformation: [-0.9994028644299285f,-0.019215583884496682f,0.028717170912746604f,-0.15460840667919837f,-0.021805851890344143f,0.9954466483564643f,-0.0927926457173114f,5.240507032555169f,-0.026803346667727948f,-0.09336343830354571f,-0.9952712439307938f,2.616011167616547f,0f,0f,0f,1f], start_interpolation: 0, interpolation_duration: 1 }
$data merge entity $(bone_crest_left5) { transformation: [-0.5159145339254186f,-0.8458647645693188f,0.13544369215511304f,-1.2650365288830545f,-0.8483054258063807f,0.526470567669816f,0.056627254258679274f,5.733971214381544f,-0.11920611658792275f,-0.08568279545808884f,-0.9891654868274136f,2.410821030433457f,0f,0f,0f,1f], start_interpolation: 0, interpolation_duration: 1 }
$data merge entity $(bone_crest_left4) { transformation: [-0.5159145339254186f,-0.8458647645693188f,0.13544369215511304f,-0.7900636386219624f,-0.8483054258063807f,0.526470567669816f,0.056627254258679274f,5.438345651481012f,-0.11920611658792275f,-0.08568279545808884f,-0.9891654868274136f,2.4589339282736926f,0f,0f,0f,1f], start_interpolation: 0, interpolation_duration: 1 }
$data merge entity $(bone_crest_left1) { transformation: [-0.5159145339254186f,-0.8458647645693188f,0.13544369215511304f,-0.25998797857409883f,-0.8483054258063807f,0.526470567669816f,0.056627254258679274f,5.11633728533718f,-0.11920611658792275f,-0.08568279545808884f,-0.9891654868274136f,2.4563141554559826f,0f,0f,0f,1f], start_interpolation: 0, interpolation_duration: 1 }
$data merge entity $(bone_crest_center1) { transformation: [-0.9994028644299285f,-0.02497563120666164f,0.02387744574033951f,-0.14704914105886344f,-0.021805851890344143f,0.9919345925066865f,0.12486099876234585f,5.090936815087915f,-0.026803346667727948f,0.12426577177333653f,-0.9918868879932766f,2.45583543441898f,0f,0f,0f,1f], start_interpolation: 0, interpolation_duration: 1 }
$data merge entity $(bone_crest_right5) { transformation: [-0.5580430013523702f,0.8254888445839949f,-0.08459418484162894f,0.9426532365454815f,0.8248728744456792f,0.5629376327090765f,0.05182627406657865f,5.782140534040462f,0.090403261254014f,-0.04085815888267959f,-0.9950667621860135f,2.470029860249379f,0f,0f,0f,1f], start_interpolation: 0, interpolation_duration: 1 }
$data merge entity $(bone_crest_right4) { transformation: [-0.5580430013523702f,0.8254888445839949f,-0.08459418484162894f,0.4791219029167735f,0.8248728744456792f,0.5629376327090765f,0.05182627406657865f,5.466037859423548f,0.090403261254014f,-0.04085815888267959f,-0.9950667621860135f,2.4929726740751024f,0f,0f,0f,1f], start_interpolation: 0, interpolation_duration: 1 }
$data merge entity $(bone_crest_right1) { transformation: [-0.5580430013523702f,0.8254888445839949f,-0.08459418484162894f,-0.03551272582128284f,0.8248728744456792f,0.5629376327090765f,0.05182627406657865f,5.121235084101612f,0.090403261254014f,-0.04085815888267959f,-0.9950667621860135f,2.4623344383989294f,0f,0f,0f,1f], start_interpolation: 0, interpolation_duration: 1 }
$data merge entity $(bone_head1) { transformation: [-1.0475511795131407f,-0.026178884272607568f,0.025027791433558978f,-0.11270521706610084f,-0.022856394234019566f,1.0397231080310967f,0.13087643750480255f,5.112946295711387f,-0.028094653733751286f,0.13025253421554148f,-1.0396731052533688f,1.1573650635270565f,0f,0f,0f,1f], start_interpolation: 0, interpolation_duration: 1 }
$data merge entity $(bone_neck10) { transformation: [-1.4889854784472611f,-0.03595292358000869f,0.1543499722813666f,0.008055015258375466f,-0.022523097720835782f,1.4915585239580813f,0.13015437511307956f,4.758213730792032f,-0.1568733142579268f,0.12710168597649896f,-1.4837217415606248f,0.06208281687216144f,0f,0f,0f,1f], start_interpolation: 0, interpolation_duration: 1 }
$data merge entity $(bone_neck9) { transformation: [-1.1390738910121554f,-0.04802413719921348f,0.11132161317208815f,0.06380530712148637f,-0.017230169756439383f,1.1052552381004597f,0.3005031254416468f,3.334824548632542f,-0.12000808540731409f,0.2971408578373309f,-1.0997697570578593f,-0.26271583737846327f,0f,0f,0f,1f], start_interpolation: 0, interpolation_duration: 1 }
$data merge entity $(bone_neck8) { transformation: [-1.0572272521570214f,0.01152370423693201f,0.11148039708438613f,0.05169813537889023f,-0.01961960365725985f,1.0221559875215853f,-0.2917230634060729f,2.5813561613405303f,-0.11034376215158123f,-0.29215488839201603f,-1.0162479582955148f,-0.012744452481589008f,0f,0f,0f,1f], start_interpolation: 0, interpolation_duration: 1 }
$data merge entity $(bone_neck7) { transformation: [-1.048936094893222f,0.05199190318790395f,0.10703515164216469f,0.002395507956151885f,3.662570463927595e-18f,0.9495665791561447f,-0.46124822449923997f,1.731911178018338f,-0.11899446072889934f,-0.4583085932061508f,-0.9435147929753098f,0.42185817658199143f,0f,0f,0f,1f], start_interpolation: 0, interpolation_duration: 1 }
$data merge entity $(bone_neck6) { transformation: [-1.0429846844257427f,0.030623292087288707f,0.11428768196478341f,-0.023692921526998284f,3.641789922288289e-18f,1.01390768862361f,-0.27167574636640235f,0.8336648678655321f,-0.11831931485242331f,-0.2699443000796246f,-1.0074458431107787f,0.6518276657189489f,0f,0f,0f,1f], start_interpolation: 0, interpolation_duration: 1 }
$data merge entity $(bone_neck_spine6) { transformation: [-1.241233984684351f,0.24844659487394033f,0.13265690060024085f,0.23197033238059078f,0.07883862013264208f,-0.2690319620408857f,1.2415279472862149f,0.5152112474289705f,0.27038497694379954f,1.2189673750403192f,0.24697342234970407f,-1.899627484720014f,0f,0f,0f,1f], start_interpolation: 0, interpolation_duration: 1 }
$data merge entity $(bone_neck_spine7) { transformation: [-0.8726178835584317f,0.48724611803261214f,-0.033604311570885934f,-0.9325423074267235f,-0.06509676783969422f,-0.04784056125964725f,0.9967315042252789f,1.573451181897761f,0.48404590702827804f,0.8719532677618175f,0.07346467674100196f,-5.083678036602933f,0f,0f,0f,1f], start_interpolation: 0, interpolation_duration: 1 }
$data merge entity $(bone_tail6) { transformation: [-1.5241991753238524f,0.79908165862681f,0.059894192668753204f,-2.759154211602406f,-0.017252867837970528f,-0.16140485836470828f,1.7143374077977658f,1.7723378414186608f,0.8011374101991374f,1.5168120885823735f,0.1508703928440708f,-8.575552746425473f,0f,0f,0f,1f], start_interpolation: 0, interpolation_duration: 1 }
$data merge entity $(bone_tail5) { transformation: [-1.2591210578762257f,0.6601109353873648f,0.04947781133505699f,-2.34224204188407f,-0.014252369083540871f,-0.13333444821432422f,1.4161917716590238f,1.6881266109675086f,0.6618091649471135f,1.2530186818723954f,0.12463206365379761f,-7.7841725262955395f,0f,0f,0f,1f], start_interpolation: 0, interpolation_duration: 1 }
$data merge entity $(bone_tail4) { transformation: [-0.9277734110666925f,0.4863975313380582f,0.03645733466793673f,-2.1337859570249025f,-0.0105017456405038f,-0.09824643552634416f,1.0435097264855964f,1.6460209957419325f,0.4876488583820836f,0.9232769234849229f,0.09183415216595613f,-7.3884824162305724f,0f,0f,0f,1f], start_interpolation: 0, interpolation_duration: 1 }
$data merge entity $(bone_segment18) { transformation: [-0.8851304095642484f,0.46404137151258223f,0.03478165593164647f,-1.873215850950943f,-0.010019056710443376f,-0.09373076084997803f,0.9955471676284945f,1.5933889767099625f,0.4652351841458885f,0.8808405928402743f,0.0876132035570861f,-6.893869778649364f,0f,0f,0f,1f], start_interpolation: 0, interpolation_duration: 1 }
$data merge entity $(bone_segment17) { transformation: [-0.8851304095642484f,0.46404137151258223f,0.03478165593164647f,-1.5344747130547949f,-0.010019056710443376f,-0.09373076084997803f,0.9955471676284945f,1.5249673519684013f,0.4652351841458885f,0.8808405928402743f,0.0876132035570861f,-6.2508733497937925f,0f,0f,0f,1f], start_interpolation: 0, interpolation_duration: 1 }
$data merge entity $(bone_segment16) { transformation: [-0.8903374240441311f,0.4455136099642181f,0.09389832098132314f,-1.109191945730553f,-0.05339806742025456f,-0.30698481218083f,0.9502152237709534f,1.2319227680750793f,0.4521591730157015f,0.8409981857453386f,0.29710963267926177f,-5.448065023069115f,0f,0f,0f,1f], start_interpolation: 0, interpolation_duration: 1 }
$data merge entity $(bone_segment15) { transformation: [-0.8726178835584317f,0.47934104499889607f,0.0936493025781275f,-0.5439533599530461f,-0.06509676783969422f,-0.30418352981204333f,0.9503866534247579f,0.8732297873641004f,0.48404590702827804f,0.8232281231654153f,0.2966395407202478f,-4.477315063379429f,0f,0f,0f,1f], start_interpolation: 0, interpolation_duration: 1 }
$data merge entity $(bone_segment14) { transformation: [-0.9664384412650727f,0.37172437671333464f,0.1627664739047685f,-0.12576343615054458f,-0.014058722227793273f,-0.4508444050397243f,0.9461590103142659f,0.3660298316944106f,0.4055542992000339f,0.8701927994568975f,0.4206725569833495f,-3.4983481639904186f,0f,0f,0f,1f], start_interpolation: 0, interpolation_duration: 1 }
$data merge entity $(bone_segment13) { transformation: [-1.000288564127977f,0.17861294717771503f,0.1400493320172166f,0.08552092889782298f,0.0635346526951292f,-0.38725373164989985f,0.947676900137027f,-0.1263103771322764f,0.21789848141941492f,0.9328588179606313f,0.3665900835693659f,-2.384866341023681f,0f,0f,0f,1f], start_interpolation: 0, interpolation_duration: 1 }
$data merge entity $(bone_segment12) { transformation: [-1.1106763256057859f,0.03521278753540812f,0.0981429596277432f,0.128059866860061f,0.09333924386090928f,-0.13222972009494852f,1.1037558461320882f,-0.2860509785892612f,0.046473287875728485f,1.1071356023131378f,0.12870459508666296f,-1.0473870899071387f,0f,0f,0f,1f], start_interpolation: 0, interpolation_duration: 1 }
$data merge entity $(bone_segment11) { transformation: [-1.186338947870222f,-0.06695549580418371f,0.07238579438769763f,0.04446204629580122f,0.04020291313733989f,0.46951973535516806f,1.0931869852722507f,0.2567653019604397f,-0.09003592295741515f,1.091875002266732f,-0.46564509326694037f,0.21397785763133004f,0f,0f,0f,1f], start_interpolation: 0, interpolation_duration: 1 }
$data merge entity $(bone_segment10) { transformation: [-1.042121186865526f,-0.07197606916796652f,0.08647586587186684f,-0.032602727674051535f,-0.020974884092511387f,0.9157927551082955f,0.509469215903804f,1.1941757125723615f,-0.11053815697969056f,0.5047952784876847f,-0.911942016080654f,0.7303676011823138f,0f,0f,0f,1f], start_interpolation: 0, interpolation_duration: 1 }