# This file was generated by Animated Java via MC-Build. It is not recommended to edit this file directly.
$data merge entity $(bone_neck_spine5) { transformation: [-1.561115402307309f,-0.014285737367123377f,0.18637009938133373f,0.22199871742795296f,-0.015208788553886908f,1.5721769936126595f,-0.006883971413776806f,4.179474595713464f,-0.18629704502823918f,-0.008637940702511957f,-1.56116558780637f,-0.8130031212677411f,0f,0f,0f,1f], start_interpolation: 0, interpolation_duration: 1 }
$data merge entity $(bone_neck_spine2) { transformation: [-1.4867765736260081f,-0.006204908303198681f,0.17790784387958752f,-0.08711339327921291f,-0.014484560527511335f,1.4957406068887356f,-0.06888044783877267f,5.83124287407677f,-0.17742575716975156f,-0.07011289254547923f,-1.4851931068637756f,0.6946186601397f,0f,0f,0f,1f], start_interpolation: 0, interpolation_duration: 1 }
$data merge entity $(bone_scale_neck_left1) { transformation: [-1.588090130777524f,0.34098133400128333f,0.2734164355473261f,0.7011921952704098f,0.4093652107911317f,1.5214358515619348f,0.4803208871302769f,4.9365457166591415f,-0.15311741102380316f,0.531055326950393f,-1.5516411888695956f,0.7965035915546208f,0f,0f,0f,1f], start_interpolation: 0, interpolation_duration: 1 }
$data merge entity $(bone_scale_neck_right1) { transformation: [-1.5713648280737254f,-0.4855249007868452f,0.09018441465368549f,-0.8599232070368986f,-0.4401454352022666f,1.513383814829235f,0.4785357935632324f,4.921336928105255f,-0.22391885539433967f,0.43242349677892067f,-1.5735073391853158f,0.6102065465263817f,0f,0f,0f,1f], start_interpolation: 0, interpolation_duration: 1 }
$data merge entity $(bone_blush_right1) { transformation: [-0.9992265510691357f,-0.02114940156145008f,0.03315120589167864f,-0.8204315822929654f,-0.016706073776576062f,0.9915036610668483f,0.12900153948697027f,4.585845642177138f,-0.0355978473710354f,0.12834793689276536f,-0.9910901070830641f,2.0664173821363727f,0f,0f,0f,1f], start_interpolation: 0, interpolation_duration: 1 }
$data merge entity $(bone_blush_left1) { transformation: [-0.9992265510691357f,-0.02114940156145008f,0.03315120589167864f,0.503738759309395f,-0.016706073776576062f,0.9915036610668483f,0.12900153948697027f,4.607984452836136f,-0.0355978473710354f,0.12834793689276536f,-0.9910901070830641f,2.1135914826075597f,0f,0f,0f,1f], start_interpolation: 0, interpolation_duration: 1 }
$data merge entity $(bone_left_head_scales) { transformation: [-0.9016322989451867f,-0.02114940156145008f,-0.4319859955049586f,0.5125525171624338f,-0.07438475038299057f,0.9915036610668483f,0.10671175662267461f,5.382656548675399f,0.42605880628063286f,0.12834793689276536f,-0.8955449182961697f,1.818118523595036f,0f,0f,0f,1f], start_interpolation: 0, interpolation_duration: 1 }
$data merge entity $(bone_left_head_scales2) { transformation: [-0.83753322255221f,-0.02114940156145008f,-0.5459769261927675f,0.5259693789009294f,-0.08767705778886016f,0.9915036610668483f,0.09608966452499264f,4.470121261816999f,0.5393058822772094f,0.12834793689276536f,-0.8322715737285347f,1.8697620211833996f,0f,0f,0f,1f], start_interpolation: 0, interpolation_duration: 1 }
$data merge entity $(bone_left_head_scales1) { transformation: [-0.9992265510691357f,-0.02114940156145008f,0.03315120589167864f,0.5149276940956045f,-0.016706073776576062f,0.9915036610668483f,0.12900153948697027f,5.271306039864181f,-0.0355978473710354f,0.12834793689276536f,-0.9910901070830641f,1.803704448651024f,0f,0f,0f,1f], start_interpolation: 0, interpolation_duration: 1 }
$data merge entity $(bone_right_head_scales) { transformation: [-0.8710172522500833f,-0.02114940156145008f,0.49079695302263987f,-0.8340613895518311f,0.044747813543595416f,0.9915036610668483f,0.12213976942054693f,5.3601425039374355f,-0.4892101587924994f,0.12834793689276536f,-0.8626704049807137f,1.770144862098914f,0f,0f,0f,1f], start_interpolation: 0, interpolation_duration: 1 }
$data merge entity $(bone_right_head_scales2) { transformation: [-0.7995037214800323f,-0.02114940156145008f,0.6002886823463952f,-0.8206445278133354f,0.06030742881661016f,0.9915036610668483f,0.11525408504936495f,4.447607217079035f,-0.5976259811697517f,0.12834793689276536f,-0.7914354008548408f,1.8217883596872777f,0f,0f,0f,1f], start_interpolation: 0, interpolation_duration: 1 }
$data merge entity $(bone_right_head_scales1) { transformation: [-0.9992265510691357f,-0.02114940156145008f,0.03315120589167864f,-0.8316862126186604f,-0.016706073776576062f,0.9915036610668483f,0.12900153948697027f,5.248791995126218f,-0.0355978473710354f,0.12834793689276536f,-0.9910901070830641f,1.7557307871549022f,0f,0f,0f,1f], start_interpolation: 0, interpolation_duration: 1 }
$data merge entity $(bone_head_left_fin1) { transformation: [-0.7557702712933961f,0.012331638218253685f,-0.7261779573583422f,0.5266268649441485f,0.159279233987909f,1.0253268401224396f,-0.14835833164986612f,4.86460754996814f,0.7086018774139009f,-0.2173200396847029f,-0.7411683868744726f,1.6661740213387983f,0f,0f,0f,1f], start_interpolation: 0, interpolation_duration: 1 }
$data merge entity $(bone_head_right_fin1) { transformation: [-0.6977048486973596f,-0.03106509176367823f,0.7816125013093652f,-0.8199870417701164f,-0.18357989189276813f,1.0246012899737125f,-0.1231495753221158f,4.842093505230176f,-0.7603825125698299f,-0.218866065627114f,-0.6874527459542756f,1.6182003598426764f,0f,0f,0f,1f], start_interpolation: 0, interpolation_duration: 1 }
$data merge entity $(bone_right_whisker16) { transformation: [0.26303844404370846f,0.9385825786449605f,-0.22332380083466502f,-1.331257891150209f,0.9472500188656701f,-0.29517531686428705f,-0.12485565294793444f,2.1266266114801966f,-0.18310701437698185f,-0.17870163787230373f,-0.9667148213965191f,1.898078983200925f,0f,0f,0f,1f], start_interpolation: 0, interpolation_duration: 1 }
$data merge entity $(bone_right_whisker15) { transformation: [-0.8962194680640141f,0.38329772376550086f,-0.22332380083466502f,-1.029308949273173f,0.4162909891523913f,0.9006180534929711f,-0.12485565294793444f,1.9863723231427208f,0.1532725592321694f,-0.20486575282051742f,-0.9667148213965191f,1.846439302600243f,0f,0f,0f,1f], start_interpolation: 0, interpolation_duration: 1 }
$data merge entity $(bone_right_whisker14) { transformation: [-0.726144425533484f,-0.6502620650533176f,-0.22332380083466502f,-0.7846606809049586f,-0.64030498081257f,0.7579054014014934f,-0.12485565294793444f,2.202100075467268f,0.2504472096336083f,0.05233210562394449f,-0.9667148213965191f,1.7620601157607951f,0f,0f,0f,1f], start_interpolation: 0, interpolation_duration: 1 }
$data merge entity $(bone_right_whisker13) { transformation: [-0.07737794860628791f,-0.9969873801014256f,0.005368145674076369f,-0.7585909618920978f,-0.994276940629662f,0.07756315702815472f,0.07346646856862926f,2.537085958784879f,-0.07366151234940976f,0.0003472611715138638f,-0.9972832401118934f,1.7868777151363286f,0f,0f,0f,1f], start_interpolation: 0, interpolation_duration: 1 }
$data merge entity $(bone_right_whisker12) { transformation: [0.09987316706541904f,-0.9947571834667986f,0.02198855251090622f,-0.8034558611597665f,-0.9537705817146108f,-0.08941579321403242f,0.2869259370981969f,2.9655375872894894f,-0.2834555131869831f,-0.0496282365705994f,-0.9577003759938683f,1.9142112464507937f,0f,0f,0f,1f], start_interpolation: 0, interpolation_duration: 1 }
$data merge entity $(bone_right_whisker11) { transformation: [0.3018424179845959f,-0.9519925517158174f,0.051003295803499424f,-0.9390491348637843f,-0.9529473610155604f,-0.30285010896214026f,-0.013158215498277753f,3.3936194096206984f,0.027972876839750083f,-0.04463174855667822f,-0.9986117990400882f,1.9016453056829372f,0f,0f,0f,1f], start_interpolation: 0, interpolation_duration: 1 }
$data merge entity $(bone_right_whisker10) { transformation: [0.061521066417809245f,-0.9847004341960104f,0.16303439293904903f,-0.9666855514186595f,-0.9623434774172206f,-0.1018528751215341f,-0.25203377412959715f,3.8259221436167152f,0.26478328848200955f,-0.1413896980818119f,-0.9538861375536323f,1.7826996878101595f,0f,0f,0f,1f], start_interpolation: 0, interpolation_duration: 1 }
$data merge entity $(bone_right_whisker1) { transformation: [-0.3268052948493241f,-0.9357342474813642f,0.13266392632864232f,-0.8198784853730647f,-0.9439100578803945f,0.3301821817377511f,0.0036782462029347762f,4.249944239930174f,-0.04724512557584171f,-0.12402074404463069f,-0.9911542529576005f,1.803923084064932f,0f,0f,0f,1f], start_interpolation: 0, interpolation_duration: 1 }
$data merge entity $(bone_left_whisker16) { transformation: [0.25375926329566845f,-0.893676164866279f,0.37006641112311034f,1.0632382208711781f,-0.9413268309232443f,-0.3161754349817681f,-0.11805461320122797f,2.1540707163929858f,0.22250850247943668f,-0.31839599033905724f,-0.9214737975983742f,2.080639216594585f,0f,0f,0f,1f], start_interpolation: 0, interpolation_duration: 1 }
$data merge entity $(bone_left_whisker15) { transformation: [-0.8529084110103775f,-0.3682364644983085f,0.37006641112311034f,0.7758813831772522f,-0.43633831718028243f,0.8920044737904556f,-0.11805461320122797f,2.007062201327363f,-0.28662888093845695f,-0.2621639276323086f,-0.9214737975983742f,1.9840699158877806f,0f,0f,0f,1f], start_interpolation: 0, interpolation_duration: 1 }
$data merge entity $(bone_left_whisker14) { transformation: [-0.6941902453308895f,0.6173740799919449f,0.37006641112311034f,0.5419989274749509f,0.6240260595302265f,0.7724341948212071f,-0.11805461320122797f,2.2173053561495584f,-0.3587358085201666f,0.1489787233970436f,-0.9214737975983742f,1.8632067772750294f,0f,0f,0f,1f], start_interpolation: 0, interpolation_duration: 1 }
$data merge entity $(bone_left_whisker13) { transformation: [-0.11028605876818713f,0.9833848557504078f,0.14419157646037997f,0.5048420033782473f,0.9921260619204074f,0.10026085243648519f,0.07505756941850136f,2.5515665781832895f,0.05935370670551082f,0.1513340244276182f,-0.9866991185517788f,1.8832038757256164f,0f,0f,0f,1f], start_interpolation: 0, interpolation_duration: 1 }
$data merge entity $(bone_left_whisker12) { transformation: [0.03399228868565058f,0.9925613946230775f,0.11690338837605621f,0.5201119768112543f,0.9553048575872616f,-0.06663848350013515f,0.28801378714739345f,2.9807074321775673f,0.29366163075909874f,0.10188812698589496f,-0.9504639163057232f,2.0151221864181803f,0f,0f,0f,1f], start_interpolation: 0, interpolation_duration: 1 }
$data merge entity $(bone_left_whisker11) { transformation: [0.28080041462751293f,0.9544083500210135f,0.10127106474794942f,0.6462527880697074f,0.9596252215243389f,-0.2810002232636687f,-0.01258208011943232f,3.4117890746592043f,0.016448749477703667f,0.10071532125716978f,-0.9947793035164557f,2.0225112730976176f,0f,0f,0f,1f], start_interpolation: 0, interpolation_duration: 1 }
$data merge entity $(bone_left_whisker10) { transformation: [0.0790013201102964f,0.9968163059777116f,-0.010772351543633676f,0.6817416623380046f,0.9639540505558076f,-0.07914206217397471f,-0.2540258302061077f,3.8448153083073207f,-0.2540696358045998f,0.00968432402389969f,-0.9671374431952876f,1.9083784288885202f,0f,0f,0f,1f], start_interpolation: 0, interpolation_duration: 1 }
$data merge entity $(bone_left_whisker1) { transformation: [-0.3516136880715063f,0.9359511081171848f,0.01906141586995589f,0.5237902008996327f,0.9361344755152221f,0.3516341811813481f,0.002376210588956429f,4.265344467230174f,-0.004478628427735498f,0.018679556716816176f,-0.9998154910023497f,1.9063665450244984f,0f,0f,0f,1f], start_interpolation: 0, interpolation_duration: 1 }
$data merge entity $(bone_upper_left_tooth1) { transformation: [-0.9992265510691357f,-0.01817960373086006f,0.03486834734639476f,0.12327107317284236f,-0.016706073776576062f,0.9989739152829276f,0.04209541166528924f,4.599064681113504f,-0.0355978473710354f,0.04148033983090625f,-0.9985049697773474f,2.8597687134690846f,0f,0f,0f,1f], start_interpolation: 0, interpolation_duration: 1 }
$data merge entity $(bone_upper_right_tooth1) { transformation: [-0.9992265510691357f,-0.01817960373086006f,0.03486834734639476f,-0.55003588018429f,-0.016706073776576062f,0.9989739152829276f,0.04209541166528924f,4.587807658744522f,-0.0355978473710354f,0.04148033983090625f,-0.9985049697773474f,2.8357818827210233f,0f,0f,0f,1f], start_interpolation: 0, interpolation_duration: 1 }
$data merge entity $(bone_top_lip1) { transformation: [-0.9992265510691357f,0.0009572562446252889f,0.03931136348388417f,-0.1875734082062564f,-0.016706073776576062f,0.8946650819571993f,-0.4464250197127059f,4.717313617245616f,-0.0355978473710354f,-0.4467364712971176f,-0.8939571122126321f,2.8538990424315136f,0f,0f,0f,1f], start_interpolation: 0, interpolation_duration: 1 }
$data merge entity $(bone_muzzle1) { transformation: [-0.9992265510691357f,-0.01817960373086006f,0.03486834734639476f,-0.17105649601816691f,-0.016706073776576062f,0.9989739152829276f,0.04209541166528924f,4.909235357571638f,-0.0355978473710354f,0.04148033983090625f,-0.9985049697773474f,2.3002027543444594f,0f,0f,0f,1f], start_interpolation: 0, interpolation_duration: 1 }
$data merge entity $(bone_jaw_right_tooth1) { transformation: [-0.9992265510691357f,0.001347979213874505f,0.03929990573167953f,-0.5477707936196279f,-0.016706073776576062f,0.8901832407632257f,-0.45529628261523547f,4.345731375884874f,-0.0355978473710354f,-0.4556006813167862f,-0.8894722100471879f,2.885807649351541f,0f,0f,0f,1f], start_interpolation: 0, interpolation_duration: 1 }
$data merge entity $(bone_jaw_left_tooth1) { transformation: [-0.9992265510691357f,0.001347979213874505f,0.03929990573167953f,0.1816450725172655f,-0.016706073776576062f,0.8901832407632257f,-0.45529628261523547f,4.357926483451271f,-0.0355978473710354f,-0.4556006813167862f,-0.8894722100471879f,2.9117933826619407f,0f,0f,0f,1f], start_interpolation: 0, interpolation_duration: 1 }
$data merge entity $(bone_tongue1) { transformation: [-0.9992265510691357f,-0.018481530684141573f,0.034709259024805886f,-0.15558743959445795f,-0.016706073776576062f,0.9985709603151622f,0.050763612107753375f,4.3926352474878945f,-0.0355978473710354f,0.05014449360424306f,-0.9981073704886276f,2.1084290137765147f,0f,0f,0f,1f], start_interpolation: 0, interpolation_duration: 1 }
$data merge entity $(bone_jaw_lips1) { transformation: [-0.9992265510691357f,-0.018481530684141573f,0.034709259024805886f,-0.12827573645439122f,-0.016706073776576062f,0.9985709603151622f,0.050763612107753375f,4.218999929202204f,-0.0355978473710354f,0.05014449360424306f,-0.9981073704886276f,3.000688844096225f,0f,0f,0f,1f], start_interpolation: 0, interpolation_duration: 1 }
$data merge entity $(bone_jaw3) { transformation: [-0.9992265510691357f,-0.0054968566320653875f,0.038936925991229124f,-0.09283034795899117f,-0.016706073776576062f,0.9557207268798212f,-0.2938006114889448f,3.8745391606783364f,-0.0355978473710354f,-0.294223854878344f,-0.9550733565978458f,2.1673972695724153f,0f,0f,0f,1f], start_interpolation: 0, interpolation_duration: 1 }
$data merge entity $(bone_jaw1) { transformation: [-0.9992265510691357f,-0.03141942900670053f,0.02364569980721316f,-0.0715861645384481f,-0.016706073776576062f,0.883545011597845f,0.46804820219667076f,4.295051217339408f,-0.0355978473710354f,0.46729116400961074f,-0.8833865299522581f,1.3737296840684334f,0f,0f,0f,1f], start_interpolation: 0, interpolation_duration: 1 }
$data merge entity $(bone_tear_right1) { transformation: [-0.9992265510691357f,-0.02114940156145008f,0.03315120589167864f,-0.7759865210154235f,-0.016706073776576062f,0.9915036610668483f,0.12900153948697027f,4.963471778392625f,-0.0355978473710354f,0.12834793689276536f,-0.9910901070830641f,2.219039205287027f,0f,0f,0f,1f], start_interpolation: 0, interpolation_duration: 1 }
$data merge entity $(bone_right_pupil1) { transformation: [-0.9992265510691357f,-0.02114940156145008f,0.03315120589167864f,-0.5954364663631725f,-0.016706073776576062f,0.9915036610668483f,0.12900153948697027f,5.069225475804106f,-0.0355978473710354f,0.12834793689276536f,-0.9910901070830641f,2.3068320847499626f,0f,0f,0f,1f], start_interpolation: 0, interpolation_duration: 1 }
$data merge entity $(bone_right_sad_pupil1) { transformation: [-0.9992265510691357f,-0.02114940156145008f,0.03315120589167864f,-0.5950641627813811f,-0.016706073776576062f,0.9915036610668483f,0.12900153948697027f,5.070674223562016f,-0.0355978473710354f,0.12834793689276536f,-0.9910901070830641f,2.295701678273932f,0f,0f,0f,1f], start_interpolation: 0, interpolation_duration: 1 }
$data merge entity $(bone_right_happy_pupil1) { transformation: [-0.9992265510691357f,-0.02114940156145008f,0.03315120589167864f,-0.6225244734414934f,-0.016706073776576062f,0.9915036610668483f,0.12900153948697027f,5.042367916085878f,-0.0355978473710354f,0.12834793689276536f,-0.9910901070830641f,2.291098767174776f,0f,0f,0f,1f], start_interpolation: 0, interpolation_duration: 1 }
$data merge entity $(bone_eyelid_right1) { transformation: [-0.9992265510691357f,-0.02114940156145008f,0.03315120589167864f,-0.14322240772402842f,-0.016706073776576062f,0.9915036610668483f,0.12900153948697027f,5.094659619075765f,-0.0355978473710354f,0.12834793689276536f,-0.9910901070830641f,1.7473658795233824f,0f,0f,0f,1f], start_interpolation: 0, interpolation_duration: 1 }
$data merge entity $(bone_eyelid_expressions_right5) { transformation: [-0.9992265510691357f,-0.02114940156145008f,0.03315120589167864f,-0.7264894800109605f,-0.016706073776576062f,0.9915036610668483f,0.12900153948697027f,5.179867142422925f,-0.0355978473710354f,0.12834793689276536f,-0.9910901070830641f,2.3055182901175417f,0f,0f,0f,1f], start_interpolation: 0, interpolation_duration: 1 }
$data merge entity $(bone_eyelid_expressions_right7) { transformation: [-0.9992265510691357f,-0.02114940156145008f,0.03315120589167864f,-0.3898360033323942f,-0.016706073776576062f,0.9915036610668483f,0.12900153948697027f,5.185495653607415f,-0.0355978473710354f,0.12834793689276536f,-0.9910901070830641f,2.317511705491572f,0f,0f,0f,1f], start_interpolation: 0, interpolation_duration: 1 }
$data merge entity $(bone_eyelid_expressions_right6) { transformation: [-0.9992265510691357f,-0.02114940156145008f,0.03315120589167864f,-0.5020538288919163f,-0.016706073776576062f,0.9915036610668483f,0.12900153948697027f,5.183619483212585f,-0.0355978473710354f,0.12834793689276536f,-0.9910901070830641f,2.313513900366895f,0f,0f,0f,1f], start_interpolation: 0, interpolation_duration: 1 }
$data merge entity $(bone_right_eye1) { transformation: [-0.9992265510691357f,-0.02114940156145008f,0.03315120589167864f,-0.15481649386177193f,-0.016706073776576062f,0.9915036610668483f,0.12900153948697027f,5.093023254278371f,-0.0355978473710354f,0.12834793689276536f,-0.9910901070830641f,1.7580965054869453f,0f,0f,0f,1f], start_interpolation: 0, interpolation_duration: 1 }
$data merge entity $(bone_tear_left1) { transformation: [-0.9992265510691357f,-0.02114940156145008f,0.03315120589167864f,0.4359659950274148f,-0.016706073776576062f,0.9915036610668483f,0.12900153948697027f,4.983734418656792f,-0.0355978473710354f,0.12834793689276536f,-0.9910901070830641f,2.2622155006335367f,0f,0f,0f,1f], start_interpolation: 0, interpolation_duration: 1 }
$data merge entity $(bone_left_sad_pupil1) { transformation: [-0.9992265510691357f,-0.02114940156145008f,0.03315120589167864f,0.2465695289150343f,-0.016706073776576062f,0.9915036610668483f,0.12900153948697027f,5.084745501523243f,-0.0355978473710354f,0.12834793689276536f,-0.9910901070830641f,2.325685216709008f,0f,0f,0f,1f], start_interpolation: 0, interpolation_duration: 1 }
$data merge entity $(bone_left_pupil1) { transformation: [-0.9992265510691357f,-0.02114940156145008f,0.03315120589167864f,0.246197225333243f,-0.016706073776576062f,0.9915036610668483f,0.12900153948697027f,5.0832967537653335f,-0.0355978473710354f,0.12834793689276536f,-0.9910901070830641f,2.3368156231850383f,0f,0f,0f,1f], start_interpolation: 0, interpolation_duration: 1 }
$data merge entity $(bone_eyelid_left1) { transformation: [-0.9992265510691357f,-0.02114940156145008f,0.03315120589167864f,-0.16566597283593282f,-0.016706073776576062f,0.9915036610668483f,0.12900153948697027f,5.094284384996799f,-0.0355978473710354f,0.12834793689276536f,-0.9910901070830641f,1.746566318498447f,0f,0f,0f,1f], start_interpolation: 0, interpolation_duration: 1 }
$data merge entity $(bone_left_happy_pupil1) { transformation: [-0.9992265510691357f,-0.02114940156145008f,0.03315120589167864f,0.2752181310346831f,-0.016706073776576062f,0.9915036610668483f,0.12900153948697027f,5.05737727924452f,-0.0355978473710354f,0.12834793689276536f,-0.9910901070830641f,2.3230812081721908f,0f,0f,0f,1f], start_interpolation: 0, interpolation_duration: 1 }
$data merge entity $(bone_eyelid_expressions_left5) { transformation: [-0.9992265510691357f,-0.02114940156145008f,0.03315120589167864f,0.3732452104723559f,-0.016706073776576062f,0.9915036610668483f,0.12900153948697027f,5.198253612292262f,-0.0355978473710354f,0.12834793689276536f,-0.9910901070830641f,2.3446967803393743f,0f,0f,0f,1f], start_interpolation: 0, interpolation_duration: 1 }
$data merge entity $(bone_eyelid_expressions_left7) { transformation: [-0.9992265510691357f,-0.02114940156145008f,0.03315120589167864f,0.036591733793789674f,-0.016706073776576062f,0.9915036610668483f,0.12900153948697027f,5.1926251011077715f,-0.0355978473710354f,0.12834793689276536f,-0.9910901070830641f,2.332703364965344f,0f,0f,0f,1f], start_interpolation: 0, interpolation_duration: 1 }
$data merge entity $(bone_eyelid_expressions_left6) { transformation: [-0.9992265510691357f,-0.02114940156145008f,0.03315120589167864f,0.14880955935331178f,-0.016706073776576062f,0.9915036610668483f,0.12900153948697027f,5.1945012715026015f,-0.0355978473710354f,0.12834793689276536f,-0.9910901070830641f,2.336701170090021f,0f,0f,0f,1f], start_interpolation: 0, interpolation_duration: 1 }
$data merge entity $(bone_left_eye1) { transformation: [-0.9992265510691357f,-0.02114940156145008f,0.03315120589167864f,-0.15481649386177193f,-0.016706073776576062f,0.9915036610668483f,0.12900153948697027f,5.093023254278371f,-0.0355978473710354f,0.12834793689276536f,-0.9910901070830641f,1.7580965054869453f,0f,0f,0f,1f], start_interpolation: 0, interpolation_duration: 1 }
$data merge entity $(bone_crest_middle5) { transformation: [-0.9992265510691357f,-0.01347284209264231f,0.036942958252238825f,-0.19992817221278478f,-0.016706073776576062f,0.9959221087483405f,-0.08865698170607078f,6.405451091358713f,-0.0355978473710354f,-0.08920558184444344f,-0.9953768921520848f,2.408452417675158f,0f,0f,0f,1f], start_interpolation: 0, interpolation_duration: 1 }
$data merge entity $(bone_crest_middle4) { transformation: [-0.9992265510691357f,-0.01347284209264231f,0.036942958252238825f,-0.19084979228707855f,-0.016706073776576062f,0.9959221087483405f,-0.08865698170607078f,5.7343707641747725f,-0.0355978473710354f,-0.08920558184444344f,-0.9953768921520848f,2.4685616476289334f,0f,0f,0f,1f], start_interpolation: 0, interpolation_duration: 1 }
$data merge entity $(bone_crest_middle1) { transformation: [-0.9992265510691357f,-0.01347284209264231f,0.036942958252238825f,-0.1871526711555569f,-0.016706073776576062f,0.9959221087483405f,-0.08865698170607078f,5.238527996616815f,-0.0355978473710354f,-0.08920558184444344f,-0.9953768921520848f,2.5974830459212312f,0f,0f,0f,1f], start_interpolation: 0, interpolation_duration: 1 }
$data merge entity $(bone_crest_left5) { transformation: [-0.5190468101782054f,-0.8424686231834198f,0.1443503647216143f,-1.2932916648415054f,-0.8452018731331061f,0.5310457708921696f,0.060201186614804225f,5.738401047651727f,-0.12737426151353773f,-0.09075796476879841f,-0.987693671810702f,2.3847767572966183f,0f,0f,0f,1f], start_interpolation: 0, interpolation_duration: 1 }
$data merge entity $(bone_crest_left4) { transformation: [-0.5190468101782054f,-0.8424686231834198f,0.1443503647216143f,-0.8202257875656593f,-0.8452018731331061f,0.5310457708921696f,0.060201186614804225f,5.440206400910518f,-0.12737426151353773f,-0.09075796476879841f,-0.987693671810702f,2.435739481654098f,0f,0f,0f,1f], start_interpolation: 0, interpolation_duration: 1 }
$data merge entity $(bone_crest_left1) { transformation: [-0.5190468101782054f,-0.8424686231834198f,0.1443503647216143f,-0.29174771126194343f,-0.8452018731331061f,0.5310457708921696f,0.060201186614804225f,5.115572727220141f,-0.12737426151353773f,-0.09075796476879841f,-0.987693671810702f,2.436337163868111f,0f,0f,0f,1f], start_interpolation: 0, interpolation_duration: 1 }
$data merge entity $(bone_crest_center1) { transformation: [-0.9992265510691357f,-0.02114940156145008f,0.03315120589167864f,-0.17893609906969488f,-0.016706073776576062f,0.9915036610668483f,0.12900153948697027f,5.089611626733795f,-0.0355978473710354f,0.12834793689276536f,-0.9910901070830641f,2.436731496381825f,0f,0f,0f,1f], start_interpolation: 0, interpolation_duration: 1 }
$data merge entity $(bone_crest_right5) { transformation: [-0.5547212589001828f,0.8285901279277659f,-0.07564869347744776f,0.914008622813868f,0.8272495393387711f,0.558984210629571f,0.056523021244680366f,5.775304912359056f,0.08912084261264305f,-0.031225825329107698f,-0.9955312266546584f,2.4634127169375284f,0f,0f,0f,1f], start_interpolation: 0, interpolation_duration: 1 }
$data merge entity $(bone_crest_right4) { transformation: [-0.5547212589001828f,0.8285901279277659f,-0.07564869347744776f,0.44873584590130416f,0.8272495393387711f,0.558984210629571f,0.056523021244680366f,5.4614221768981155f,0.08912084261264305f,-0.031225825329107698f,-0.9955312266546584f,2.4809467497151036f,0f,0f,0f,1f], start_interpolation: 0, interpolation_duration: 1 }
$data merge entity $(bone_crest_right1) { transformation: [-0.5547212589001828f,0.8285901279277659f,-0.07564869347744776f,-0.06731206014289931f,0.8272495393387711f,0.558984210629571f,0.056523021244680366f,5.119325068009801f,0.08912084261264305f,-0.031225825329107698f,-0.9955312266546584f,2.4443327741174645f,0f,0f,0f,1f], start_interpolation: 0, interpolation_duration: 1 }
$data merge entity $(bone_head1) { transformation: [-1.0473663718888722f,-0.02216831804292618f,0.034748334300522515f,-0.1331522083966644f,-0.017510923685082974f,1.0392714155713705f,0.13521645740496227f,5.11702912655783f,-0.037312847830317034f,0.13453136614410946f,-1.0388379377628467f,1.138717111833262f,0f,0f,0f,1f], start_interpolation: 0, interpolation_duration: 1 }
$data merge entity $(bone_neck10) { transformation: [-1.4867765736260081f,-0.02937345788018399f,0.17557591455862004f,0.0007576680904075941f,-0.014484560527511335f,1.4919350412227885f,0.12694215990721777f,4.759894903124886f,-0.17742575716975156f,0.12434353392012727f,-1.48163864283739f,0.04574651863558338f,0f,0f,0f,1f], start_interpolation: 0, interpolation_duration: 1 }
$data merge entity $(bone_neck9) { transformation: [-1.137384078823897f,-0.04519699693184749f,0.12846336911662662f,0.05206445981155506f,-0.01108068880354618f,1.107711304161796f,0.29161795806559815f,3.3338109881115376f,-0.13573070423486003f,0.28830720871849963f,-1.1002928145850055f,-0.2677679231338277f,0f,0f,0f,1f], start_interpolation: 0, interpolation_duration: 1 }
$data merge entity $(bone_neck8) { transformation: [-1.0557197140771493f,0.020287299688174765f,0.1238323389795354f,0.03302978786420874f,-0.015136469433594448f,1.0209150511675738f,-0.2962996506739675f,2.5814125470303915f,-0.12456688965718875f,-0.29599158969097666f,-1.0134901115601775f,-0.015020708221757162f,0f,0f,0f,1f], start_interpolation: 0, interpolation_duration: 1 }
$data merge entity $(bone_neck7) { transformation: [-1.0475051551230958f,0.057516662447332445f,0.11769195548321311f,-0.021496695892787705f,0f,0.9484608440839488f,-0.46351768045411995f,1.7330159589068184f,-0.13099451455898067f,-0.4599352928776908f,-0.9411304778695534f,0.4210034491140259f,0f,0f,0f,1f], start_interpolation: 0, interpolation_duration: 1 }
$data merge entity $(bone_neck6) { transformation: [-1.0415618634628228f,0.03371151275950122f,0.12581307841846504f,-0.05021602563988646f,0f,1.01390768862361f,-0.27167574636640246f,0.8347696487540124f,-0.13025128327070273f,-0.26957604691664977f,-1.0060715035965089f,0.6506592180067055f,0f,0f,0f,1f], start_interpolation: 0, interpolation_duration: 1 }
$data merge entity $(bone_neck_spine6) { transformation: [-1.2489245748730606f,0.2247984717665376f,0.09817546478771241f,0.24816425221377383f,0.054103792316493995f,-0.2444151919961341f,1.247926024287969f,0.49795061510063987f,0.2392604322737629f,1.2287034750213865f,0.23027719065346047f,-1.9007016518598627f,0f,0f,0f,1f], start_interpolation: 0, interpolation_duration: 1 }
$data merge entity $(bone_neck_spine7) { transformation: [-0.8530378818027169f,0.5162283430936564f,-0.07638501159463044f,-0.933532704174174f,-0.10134937623338211f,-0.0202991189323527f,0.9946437803091492f,1.475591782992562f,0.5119127622423941f,0.8562103967818587f,0.06963533798305022f,-5.089872444165586f,0f,0f,0f,1f], start_interpolation: 0, interpolation_duration: 1 }
$data merge entity $(bone_tail6) { transformation: [-1.4536166378395268f,0.9144665194489877f,-0.12669487965221876f,-3.0175942508105713f,-0.22111304162584114f,-0.11541710913032674f,1.7038456066410759f,1.5679324002899864f,0.8963312058308606f,1.454555538043831f,0.2148499330391859f,-8.43747897493904f,0f,0f,0f,1f], start_interpolation: 0, interpolation_duration: 1 }
$data merge entity $(bone_tail5) { transformation: [-1.2008137443022178f,0.755428863892642f,-0.10466098753878941f,-2.540481284141534f,-0.18265859960395572f,-0.09534456841200904f,1.4075246315730625f,1.5077147781350333f,0.7404475178602762f,1.2015893575144692f,0.17748472729324052f,-7.678580433350955f,0f,0f,0f,1f], start_interpolation: 0, interpolation_duration: 1 }
$data merge entity $(bone_tail4) { transformation: [-0.8848101273805814f,0.5566317944472098f,-0.07711862239700272f,-2.3019248008070154f,-0.13459054707659893f,-0.07025389251411192f,1.037123412738046f,1.4776059670575568f,0.5455929078970455f,0.8853816318527666f,0.13077822011080878f,-7.299131162556912f,0f,0f,0f,1f], start_interpolation: 0, interpolation_duration: 1 }
$data merge entity $(bone_segment18) { transformation: [-0.8441418358115361f,0.5310474759446673f,-0.07357403975266844f,-2.0037291966388673f,-0.12840439770786086f,-0.06702483161594777f,0.9894543863140614f,1.439969953210711f,0.5205159667887341f,0.8446870723763041f,0.1247672957082002f,-6.8248195740643585f,0f,0f,0f,1f], start_interpolation: 0, interpolation_duration: 1 }
$data merge entity $(bone_segment17) { transformation: [-0.8441418358115361f,0.5310474759446673f,-0.07357403975266844f,-1.6160749112202744f,-0.12840439770786086f,-0.06702483161594777f,0.9894543863140614f,1.3910431352098116f,0.5205159667887341f,0.8446870723763041f,0.1247672957082002f,-6.208214509024038f,0f,0f,0f,1f], start_interpolation: 0, interpolation_duration: 1 }
$data merge entity $(bone_segment16) { transformation: [-0.8429373839416474f,0.5343838671158317f,0.06237346647365764f,-1.1059574990076513f,-0.10664462597281243f,-0.27959320086771366f,0.954177428877704f,1.1241463052799383f,0.5273362214988936f,0.7976600307116279f,0.29266872894177526f,-5.446776344941404f,0f,0f,0f,1f], start_interpolation: 0, interpolation_duration: 1 }
$data merge entity $(bone_segment15) { transformation: [-0.8530378818027169f,0.5184081846176439f,0.05982747137371312f,-0.4946509727129197f,-0.10134937623338211f,-0.27704019666444823f,0.9554983167799034f,0.7974607218108747f,0.5119127622423941f,0.8090127833066436f,0.2888661286821274f,-4.492789102907447f,0f,0f,0f,1f], start_interpolation: 0, interpolation_duration: 1 }
$data merge entity $(bone_segment14) { transformation: [-0.9678991808467781f,0.38008664344377185f,0.13183518960032925f,-0.06705349883867637f,-0.03785878148629695f,-0.4280210588630107f,0.9560543310185527f,0.3159370305899877f,0.40051602515465035f,0.8780702219473142f,0.408967965675657f,-3.5049601032167184f,0f,0f,0f,1f], start_interpolation: 0, interpolation_duration: 1 }
$data merge entity $(bone_segment13) { transformation: [-1.0064862750447607f,0.16467020212548183f,0.10937419486178136f,0.12827814619733954f,0.04360129145505692f,-0.3686122451394882f,0.956199535630438f,-0.15418503370966188f,0.19281576012650303f,0.942922239152501f,0.3547017696342381f,-2.3790326955545344f,0f,0f,0f,1f], start_interpolation: 0, interpolation_duration: 1 }
$data merge entity $(bone_segment12) { transformation: [-1.1133060561604284f,0.01033943656382155f,0.07011848942847877f,0.1407687407039696f,0.06866060730566267f,-0.11648498344967834f,1.1073350219454012f,-0.29490514794417266f,0.01758486601048096f,1.109413460290593f,0.11561326829184704f,-1.0388016697001268f,0f,0f,0f,1f], start_interpolation: 0, interpolation_duration: 1 }
$data merge entity $(bone_segment11) { transformation: [-1.1853040416992904f,-0.09276497997994233f,0.059764773085778856f,0.027342944119107815f,0.017627813347047872f,0.47727595773452003f,1.090421827205667f,0.2567564274795895f,-0.10893314375925896f,1.0866117795879378f,-0.47384728714302754f,0.21638111221214285f,0f,0f,0f,1f], start_interpolation: 0, interpolation_duration: 1 }
$data merge entity $(bone_segment10) { transformation: [-1.040921574882333f,-0.08245321637606062f,0.09142723926106222f,-0.060024345488546516f,-0.02808464886316842f,0.9168921655712626f,0.5071441680996112f,1.1952804934608419f,-0.11986961861910432f,0.5011840199452261f,-0.9127546497875688f,0.7290920107015596f,0f,0f,0f,1f], start_interpolation: 0, interpolation_duration: 1 }