# This file was generated by Animated Java via MC-Build. It is not recommended to edit this file directly.
$data merge entity $(bone_neck_spine5) { transformation: [-1.5590499359461583f,-0.003945483351839074f,0.20338860819633514f,0.22048073605765695f,-0.006413693144022626f,1.5721417392911663f,-0.01866578890493887f,4.173876313221041f,-0.20332574190981403f,-0.01933857017232135f,-1.5589431862441798f,-0.8212654083714153f,0f,0f,0f,1f], start_interpolation: 0, interpolation_duration: 1 }
$data merge entity $(bone_neck_spine2) { transformation: [-1.4848094628058646f,0.0031187204353700917f,0.19371477596981013f,-0.09517343070225484f,-0.006108279184783451f,1.49570391716761f,-0.07089966698720342f,5.833787968915118f,-0.19364356372363237f,-0.07109393389271446f,-1.4831190459555488f,0.6783068637661347f,0f,0f,0f,1f], start_interpolation: 0, interpolation_duration: 1 }
$data merge entity $(bone_scale_neck_left1) { transformation: [-1.5839557028268996f,0.3438623701023187f,0.2930837469861317f,0.6868410453124915f,0.4183298437443486f,1.519821080860216f,0.47770189956016273f,4.934669831938216f,-0.1707031169974464f,0.5338142312061138f,-1.5488569634562301f,0.7893436988333389f,0f,0f,0f,1f], start_interpolation: 0, interpolation_duration: 1 }
$data merge entity $(bone_scale_neck_right1) { transformation: [-1.5713190731067808f,-0.48155033833746097f,0.11009415504737942f,-0.8722088906336661f,-0.43131016190563437f,1.5164254591376207f,0.476949108347909f,4.928256138794193f,-0.24079658545223434f,0.4261668445151572f,-1.572721814533076f,0.5860179569235249f,0f,0f,0f,1f], start_interpolation: 0, interpolation_duration: 1 }
$data merge entity $(bone_blush_right1) { transformation: [-0.9989878478684879f,-0.016978895486551186f,0.04165329421718601f,-0.8474973803191227f,-0.011265305118206021f,0.9909503866033751f,0.13375509033758493f,4.587983676007227f,-0.043547361707460666f,0.13315047276926387f,-0.9901386664955779f,2.0418976054051323f,0f,0f,0f,1f], start_interpolation: 0, interpolation_duration: 1 }
$data merge entity $(bone_blush_left1) { transformation: [-0.9989878478684879f,-0.016978895486551186f,0.04165329421718601f,0.47635663292066066f,-0.011265305118206021f,0.9909503866033751f,0.13375509033758493f,4.602912405543756f,-0.043547361707460666f,0.13315047276926387f,-0.9901386664955779f,2.099606365011601f,0f,0f,0f,1f], start_interpolation: 0, interpolation_duration: 1 }
$data merge entity $(bone_left_head_scales) { transformation: [-0.9053463941142026f,-0.016978895486551186f,-0.4243343301837216f,0.4915539833080708f,-0.07175367515541334f,0.9909503866033751f,0.11344047510616836f,5.378987980598209f,0.41856817457387074f,0.13315047276926387f,-0.8983716574086804f,1.8081024194942086f,0f,0f,0f,1f], start_interpolation: 0, interpolation_duration: 1 }
$data merge entity $(bone_left_head_scales2) { transformation: [-0.8422142858607075f,-0.016978895486551186f,-0.5388755086290294f,0.4997916694361592f,-0.0859467657767619f,0.9909503866033751f,0.10310424211998366f,4.466149007201395f,0.5322482974558519f,0.13315047276926387f,-0.8360518533300841f,1.855270861899252f,0f,0f,0f,1f], start_interpolation: 0, interpolation_duration: 1 }
$data merge entity $(bone_left_head_scales1) { transformation: [-0.9989878478684879f,-0.016978895486551186f,0.04165329421718601f,0.4934607928597831f,-0.011265305118206021f,0.9909503866033751f,0.13375509033758493f,5.267699607102713f,-0.043547361707460666f,0.13315047276926387f,-0.9901386664955779f,1.793148997259379f,0f,0f,0f,1f], start_interpolation: 0, interpolation_duration: 1 }
$data merge entity $(bone_right_head_scales) { transformation: [-0.8668796924312896f,-0.016978895486551186f,0.4982281766001291f,-0.8547382335459461f,0.051768779797599716f,0.9909503866033751f,0.12384395313817068f,5.3638062217475015f,-0.49582213775556694f,0.13315047276926387f,-0.8581557896517515f,1.7494155453181386f,0f,0f,0f,1f], start_interpolation: 0, interpolation_duration: 1 }
$data merge entity $(bone_right_head_scales2) { transformation: [-0.794431589741957f,-0.016978895486551186f,0.607116270847787f,-0.8465005474178577f,0.0674907703425265f,0.9909503866033751f,0.11602726924819927f,4.450967248350687f,-0.603592118187969f,0.13315047276926387f,-0.7860963722487736f,1.796583987723182f,0f,0f,0f,1f], start_interpolation: 0, interpolation_duration: 1 }
$data merge entity $(bone_right_head_scales1) { transformation: [-0.9989878478684879f,-0.016978895486551186f,0.04165329421718601f,-0.8528314239942338f,-0.011265305118206021f,0.9909503866033751f,0.13375509033758493f,5.252517848252006f,-0.043547361707460666f,0.13315047276926387f,-0.9901386664955779f,1.734462123083309f,0f,0f,0f,1f], start_interpolation: 0, interpolation_duration: 1 }
$data merge entity $(bone_head_left_fin1) { transformation: [-0.7605013119241506f,0.01940808906310081f,-0.7210660709433901f,0.504119702750566f,0.15972997707014047f,1.0263163292589113f,-0.14084148801706387f,4.861634507265584f,0.7034197090016682f,-0.21206913118275184f,-0.7475978829642143f,1.653676157418964f,0f,0f,0f,1f], start_interpolation: 0, interpolation_duration: 1 }
$data merge entity $(bone_head_right_fin1) { transformation: [-0.6926265903482283f,-0.023978273962175226f,0.7863641947250369f,-0.8421725141034511f,-0.1761164919109417f,1.0258270734401422f,-0.12384262069009243f,4.846452748414876f,-0.7667637091338794f,-0.213960407085521f,-0.6818867622855188f,1.594989283242894f,0f,0f,0f,1f], start_interpolation: 0, interpolation_duration: 1 }
$data merge entity $(bone_right_whisker16) { transformation: [0.2624403655436166f,0.9355201797865421f,-0.2364890013203338f,-1.3599334835897516f,0.9489962298336974f,-0.2946092518521161f,-0.11230113305111754f,2.127446493601372f,-0.17473182393245168f,-0.1949548202412354f,-0.965122483299372f,1.865731762160683f,0f,0f,0f,1f], start_interpolation: 0, interpolation_duration: 1 }
$data merge entity $(bone_right_whisker15) { transformation: [-0.8932613333616237f,0.3823050386478382f,-0.2364890013203338f,-1.0589811788927201f,0.41595769317334047f,0.902423211694684f,-0.11230113305111754f,1.9873044973662135f,0.1704798750906604f,-0.19868367929733566f,-0.965122483299372f,1.808294694869396f,0f,0f,0f,1f], start_interpolation: 0, interpolation_duration: 1 }
$data merge entity $(bone_right_whisker14) { transformation: [-0.7239945855353519f,-0.6480006113963201f,-0.2364890013203338f,-0.8150572218520014f,-0.6420818667149271f,0.7583662254816664f,-0.11230113305111754f,2.203630907538723f,0.2521164741768542f,0.0705398871468144f,-0.965122483299372f,1.723353109331296f,0f,0f,0f,1f], start_interpolation: 0, interpolation_duration: 1 }
$data merge entity $(bone_right_whisker13) { transformation: [-0.08032656051187738f,-0.996737813574611f,-0.00783419854454931f,-0.7879940740232927f,-0.9931316067838669f,0.07936019453799849f,0.08597424689862554f,2.538230911777428f,-0.08507205935691492f,0.01468640573437759f,-0.996266557806383f,1.7520150824544753f,0f,0f,0f,1f], start_interpolation: 0, interpolation_duration: 1 }
$data merge entity $(bone_right_whisker12) { transformation: [0.09418074817445138f,-0.9955074940100074f,0.00973735298813811f,-0.8303018319922846f,-0.9503153862981831f,-0.08698178932844375f,0.29888933552429936f,2.965130401716065f,-0.2966996010078805f,-0.03740317760748738f,-0.9542380987293619f,1.885298106344734f,0f,0f,0f,1f], start_interpolation: 0, interpolation_duration: 1 }
$data merge entity $(bone_right_whisker11) { transformation: [0.3003012275430421f,-0.9531027531296091f,0.03760737577791523f,-0.9652027740526357f,-0.9537691977410222f,-0.3005392054599687f,-0.0007095223306088361f,3.39358140851379f,0.01197873852243947f,-0.0356556861979963f,-0.9992923405416261f,1.879917032399107f,0f,0f,0f,1f], start_interpolation: 0, interpolation_duration: 1 }
$data merge entity $(bone_right_whisker10) { transformation: [0.06315267146287584f,-0.9867044187368135f,0.14975356467326287f,-0.9935721381863494f,-0.9657025866626868f,-0.09828380578373759f,-0.24033062150641663f,3.8273931173661686f,0.25185363646391545f,-0.12943988398446443f,-0.9590698943424251f,1.7667796566438325f,0f,0f,0f,1f], start_interpolation: 0, interpolation_duration: 1 }
$data merge entity $(bone_right_whisker1) { transformation: [-0.3292777411375023f,-0.9366543194365475f,0.11939369779114048f,-0.845654402909737f,-0.9426482654080075f,0.3334095832303446f,0.01588387652441614f,4.250848392842422f,-0.05468470457686481f,-0.10731605514099982f,-0.992719923943463f,1.791345051277971f,0f,0f,0f,1f], start_interpolation: 0, interpolation_duration: 1 }
$data merge entity $(bone_left_whisker16) { transformation: [0.25484911465995297f,-0.8984820991882702f,0.3574658671751436f,1.036841176100452f,-0.9445053123040349f,-0.3105313869414431f,-0.10714463474052939f,2.148254412079856f,0.20727190785655455f,-0.31032269521010364f,-0.9277597647295559f,2.0165008219582843f,0f,0f,0f,1f], start_interpolation: 0, interpolation_duration: 1 }
$data merge entity $(bone_left_whisker15) { transformation: [-0.8575309757493497f,-0.3699442923401987f,0.3574658671751436f,0.7479269313411495f,-0.43115742982503225f,0.8958924589218235f,-0.10714463474052939f,2.002991410820446f,-0.280613428647027f,-0.24600390771676534f,-0.9277597647295559f,1.9219582117207608f,0f,0f,0f,1f], start_interpolation: 0, interpolation_duration: 1 }
$data merge entity $(bone_left_whisker14) { transformation: [-0.697691643277681f,0.6208417871770644f,0.3574658671751436f,0.5128648054321655f,0.629739308339018f,0.7693818497852766f,-0.10714463474052939f,2.2151594395088843f,-0.34154761664105415f,0.15035639166917514f,-0.9277597647295559f,1.8068860166610308f,0f,0f,0f,1f], start_interpolation: 0, interpolation_duration: 1 }
$data merge entity $(bone_left_whisker13) { transformation: [-0.10751602363471133f,0.9855188991484666f,0.1311213334395835f,0.4766411451255489f,0.9915008263673988f,0.09656942024263883f,0.08718060785958215f,2.549210010892432f,0.07325582553316703f,0.1393802227548615f,-0.9875255629755917f,1.8315669344432013f,0f,0f,0f,1f], start_interpolation: 0, interpolation_duration: 1 }
$data merge entity $(bone_left_whisker12) { transformation: [0.03981209087893619f,0.9937021709313228f,0.10474250763764988f,0.494525482825071f,0.9514786629793895f,-0.06971220064292943f,0.2997141354298685f,2.9766320665277046f,0.30512841774374405f,0.08772801472674382f,-0.9482618014648189f,1.9686363408515237f,0f,0f,0f,1f], start_interpolation: 0, interpolation_duration: 1 }
$data merge entity $(bone_left_whisker11) { transformation: [0.2828960346466868f,0.9551122360507862f,0.08792297838021501f,0.6216076858890124f,0.9588323024594643f,-0.2839727828412396f,-0.00027270072415883084f,3.4073575148981674f,0.024707273047895578f,0.08438053775290506f,-0.9961272386131539f,1.979735311166008f,0f,0f,0f,1f], start_interpolation: 0, interpolation_duration: 1 }
$data merge entity $(bone_left_whisker10) { transformation: [0.07750343295043861f,0.9966978873922577f,-0.02421857032748221f,0.6564236811597172f,0.966923711369718f,-0.08106463445734051f,-0.24184098377096572f,3.8417177758650327f,-0.24300566716006367f,-0.0046740034347565f,-0.9700136078529951f,1.8705726091214483f,0f,0f,0f,1f], start_interpolation: 0, interpolation_duration: 1 }
$data merge entity $(bone_left_whisker1) { transformation: [-0.34978680975241117f,0.9368120890868095f,0.005683085784876758f,0.49929288771625124f,0.9367528760523922f,0.3496743314172988f,0.014896682699081398f,4.262524731904193f,0.011968163217575656f,0.010534310071041247f,-0.9998728876114826f,1.8759489324418437f,0f,0f,0f,1f], start_interpolation: 0, interpolation_duration: 1 }
$data merge entity $(bone_upper_left_tooth1) { transformation: [-0.9989878478684879f,-0.013283961867770578f,0.042974599104381506f,0.08996491651463667f,-0.011265305118206021f,0.9988370454509001f,0.046879094866588394f,4.592284000496999f,-0.043547361707460666f,0.046347524119552105f,-0.9979757182899328f,2.842710772801534f,0f,0f,0f,1f], start_interpolation: 0, interpolation_duration: 1 }
$data merge entity $(bone_upper_right_tooth1) { transformation: [-0.9989878478684879f,-0.013283961867770578f,0.042974599104381506f,-0.5831811919123717f,-0.011265305118206021f,0.9988370454509001f,0.046879094866588394f,4.584693121071646f,-0.043547361707460666f,0.046347524119552105f,-0.9979757182899328f,2.813367335713499f,0f,0f,0f,1f], start_interpolation: 0, interpolation_duration: 1 }
$data merge entity $(bone_top_lip1) { transformation: [-0.9989878478684879f,0.009000981843327552f,0.04407110319634372f,-0.22020106047477178f,-0.011265305118206021f,0.8984837816137651f,-0.43886215042724086f,4.71219634195358f,-0.043547361707460666f,-0.4389144295906489f,-0.897472980532247f,2.8349872617532608f,0f,0f,0f,1f], start_interpolation: 0, interpolation_duration: 1 }
$data merge entity $(bone_muzzle1) { transformation: [-0.9989878478684879f,-0.013283961867770578f,0.042974599104381506f,-0.19830759263997788f,-0.011265305118206021f,0.9988370454509001f,0.046879094866588394f,4.906781175829135f,-0.043547361707460666f,0.046347524119552105f,-0.9979757182899328f,2.282408072196534f,0f,0f,0f,1f], start_interpolation: 0, interpolation_duration: 1 }
$data merge entity $(bone_jaw_right_tooth1) { transformation: [-0.9989878478684879f,0.009612537548062513f,0.04394176752218529f,-0.5825809633046966f,-0.011265305118206021f,0.8922984700991339f,-0.45130536575509383f,4.342773265658784f,-0.043547361707460666f,-0.4513435934857528f,-0.8912870401322388f,2.862180393887892f,0f,0f,0f,1f], start_interpolation: 0, interpolation_duration: 1 }
$data merge entity $(bone_jaw_left_tooth1) { transformation: [-0.9989878478684879f,0.009612537548062513f,0.04394176752218529f,0.14666065415789592f,-0.011265305118206021f,0.8922984700991339f,-0.45130536575509383f,4.350996718369585f,-0.043547361707460666f,-0.4513435934857528f,-0.8912870401322388f,2.89396911739993f,0f,0f,0f,1f], start_interpolation: 0, interpolation_duration: 1 }
$data merge entity $(bone_tongue1) { transformation: [-0.9989878478684879f,-0.013625690604917045f,0.04286747446054835f,-0.18401816688795702f,-0.011265305118206021f,0.998432151586506f,0.05483002442945467f,4.3908669208945765f,-0.043547361707460666f,0.054291612923912214f,-0.997575083918218f,2.0880672246505796f,0f,0f,0f,1f], start_interpolation: 0, interpolation_duration: 1 }
$data merge entity $(bone_jaw_lips1) { transformation: [-0.9989878478684879f,-0.013625690604917045f,0.04286747446054835f,-0.164676646070594f,-0.011265305118206021f,0.998432151586506f,0.05483002442945467f,4.213290600528283f,-0.043547361707460666f,0.054291612923912214f,-0.997575083918218f,2.9797596120266197f,0f,0f,0f,1f], start_interpolation: 0, interpolation_duration: 1 }
$data merge entity $(bone_jaw3) { transformation: [-0.9989878478684879f,0.0018360936497615436f,0.044943392964884116f,-0.12445246855622005f,-0.011265305118206021f,0.9571108056892386f,-0.28950301990392213f,3.872573864669805f,-0.043547361707460666f,-0.28971629984004427f,-0.9561213797919765f,2.1451467878744563f,0f,0f,0f,1f], start_interpolation: 0, interpolation_duration: 1 }
$data merge entity $(bone_jaw1) { transformation: [-0.9989878478684879f,-0.030481463664361393f,0.03307809220564128f,-0.09473387009021421f,-0.011265305118206021f,0.8814890895978279f,0.4720699925017333f,4.296699248558081f,-0.043547361707460666f,0.4712195510511748f,-0.8809402715255155f,1.3536770126757507f,0f,0f,0f,1f], start_interpolation: 0, interpolation_duration: 1 }
$data merge entity $(bone_tear_right1) { transformation: [-0.9989878478684879f,-0.016978895486551186f,0.04165329421718601f,-0.8022857788858977f,-0.011265305118206021f,0.9909503866033751f,0.13375509033758493f,4.964606365267203f,-0.043547361707460666f,0.13315047276926387f,-0.9901386664955779f,2.1967573618212457f,0f,0f,0f,1f], start_interpolation: 0, interpolation_duration: 1 }
$data merge entity $(bone_right_pupil1) { transformation: [-0.9989878478684879f,-0.016978895486551186f,0.04165329421718601f,-0.6218844837456844f,-0.011265305118206021f,0.9909503866033751f,0.13375509033758493f,5.0689694323830645f,-0.043547361707460666f,0.13315047276926387f,-0.9901386664955779f,2.2864985417189234f,0f,0f,0f,1f], start_interpolation: 0, interpolation_duration: 1 }
$data merge entity $(bone_right_sad_pupil1) { transformation: [-0.9989878478684879f,-0.016978895486551186f,0.04165329421718601f,-0.6214166977266438f,-0.011265305118206021f,0.9909503866033751f,0.13375509033758493f,5.0704715647452545f,-0.043547361707460666f,0.13315047276926387f,-0.9901386664955779f,2.275378820366678f,0f,0f,0f,1f], start_interpolation: 0, interpolation_duration: 1 }
$data merge entity $(bone_right_happy_pupil1) { transformation: [-0.9989878478684879f,-0.016978895486551186f,0.04165329421718601f,-0.6489873969470403f,-0.011265305118206021f,0.9909503866033751f,0.13375509033758493f,5.042333544899921f,-0.043547361707460666f,0.13315047276926387f,-0.9901386664955779f,2.2704178850967534f,0f,0f,0f,1f], start_interpolation: 0, interpolation_duration: 1 }
$data merge entity $(bone_eyelid_right1) { transformation: [-0.9989878478684879f,-0.016978895486551186f,0.04165329421718601f,-0.1651382134134995f,-0.011265305118206021f,0.9909503866033751f,0.13375509033758493f,5.094804814453394f,-0.043547361707460666f,0.13315047276926387f,-0.9901386664955779f,1.7307447627516555f,0f,0f,0f,1f], start_interpolation: 0, interpolation_duration: 1 }
$data merge entity $(bone_eyelid_expressions_right5) { transformation: [-0.9989878478684879f,-0.016978895486551186f,0.04165329421718601f,-0.7523428190489414f,-0.011265305118206021f,0.9909503866033751f,0.13375509033758493f,5.180305023732693f,-0.043547361707460666f,0.13315047276926387f,-0.9901386664955779f,2.2847080994761337f,0f,0f,0f,1f], start_interpolation: 0, interpolation_duration: 1 }
$data merge entity $(bone_eyelid_expressions_right7) { transformation: [-0.9989878478684879f,-0.016978895486551186f,0.04165329421718601f,-0.4157697648354372f,-0.011265305118206021f,0.9909503866033751f,0.13375509033758493f,5.18410046344537f,-0.043547361707460666f,0.13315047276926387f,-0.9901386664955779f,2.2993798180201512f,0f,0f,0f,1f], start_interpolation: 0, interpolation_duration: 1 }
$data merge entity $(bone_eyelid_expressions_right6) { transformation: [-0.9989878478684879f,-0.016978895486551186f,0.04165329421718601f,-0.5279607829066053f,-0.011265305118206021f,0.9909503866033751f,0.13375509033758493f,5.182835316874478f,-0.043547361707460666f,0.13315047276926387f,-0.9901386664955779f,2.2944892451721453f,0f,0f,0f,1f], start_interpolation: 0, interpolation_duration: 1 }
$data merge entity $(bone_right_eye1) { transformation: [-0.9989878478684879f,-0.016978895486551186f,0.04165329421718601f,-0.17682510123965697f,-0.011265305118206021f,0.9909503866033751f,0.13375509033758493f,5.093176167434115f,-0.043547361707460666f,0.13315047276926387f,-0.9901386664955779f,1.7413754268191002f,0f,0f,0f,1f], start_interpolation: 0, interpolation_duration: 1 }
$data merge entity $(bone_tear_left1) { transformation: [-0.9989878478684879f,-0.016978895486551186f,0.04165329421718601f,0.4093772162827176f,-0.011265305118206021f,0.9909503866033751f,0.13375509033758493f,4.97826994823284f,-0.043547361707460666f,0.13315047276926387f,-0.9901386664955779f,2.249575548579709f,0f,0f,0f,1f], start_interpolation: 0, interpolation_duration: 1 }
$data merge entity $(bone_left_sad_pupil1) { transformation: [-0.9989878478684879f,-0.016978895486551186f,0.04165329421718601f,0.22001593780711684f,-0.011265305118206021f,0.9909503866033751f,0.13375509033758493f,5.0799601640269465f,-0.043547361707460666f,0.13315047276926387f,-0.9901386664955779f,2.312058116726722f,0f,0f,0f,1f], start_interpolation: 0, interpolation_duration: 1 }
$data merge entity $(bone_left_pupil1) { transformation: [-0.9989878478684879f,-0.016978895486551186f,0.04165329421718601f,0.21954815178807616f,-0.011265305118206021f,0.9909503866033751f,0.13375509033758493f,5.0784580316647565f,-0.043547361707460666f,0.13315047276926387f,-0.9901386664955779f,2.3231778380789674f,0f,0f,0f,1f], start_interpolation: 0, interpolation_duration: 1 }
$data merge entity $(bone_eyelid_left1) { transformation: [-0.9989878478684879f,-0.016978895486551186f,0.04165329421718601f,-0.18757641702773312f,-0.011265305118206021f,0.9909503866033751f,0.13375509033758493f,5.094551785139216f,-0.043547361707460666f,0.13315047276926387f,-0.9901386664955779f,1.7297666481820544f,0f,0f,0f,1f], start_interpolation: 0, interpolation_duration: 1 }
$data merge entity $(bone_left_happy_pupil1) { transformation: [-0.9989878478684879f,-0.016978895486551186f,0.04165329421718601f,0.24854074762230413f,-0.011265305118206021f,0.9909503866033751f,0.13375509033758493f,5.052454717467059f,-0.043547361707460666f,0.13315047276926387f,-0.9901386664955779f,2.3095424678808003f,0f,0f,0f,1f], start_interpolation: 0, interpolation_duration: 1 }
$data merge entity $(bone_eyelid_expressions_left5) { transformation: [-0.9989878478684879f,-0.016978895486551186f,0.04165329421718601f,0.34712915804850564f,-0.011265305118206021f,0.9909503866033751f,0.13375509033758493f,5.192703460127437f,-0.043547361707460666f,0.13315047276926387f,-0.9901386664955779f,2.3326357133865914f,0f,0f,0f,1f], start_interpolation: 0, interpolation_duration: 1 }
$data merge entity $(bone_eyelid_expressions_left7) { transformation: [-0.9989878478684879f,-0.016978895486551186f,0.04165329421718601f,0.010556103835001357f,-0.011265305118206021f,0.9909503866033751f,0.13375509033758493f,5.18890802041476f,-0.043547361707460666f,0.13315047276926387f,-0.9901386664955779f,2.3179639948425734f,0f,0f,0f,1f], start_interpolation: 0, interpolation_duration: 1 }
$data merge entity $(bone_eyelid_expressions_left6) { transformation: [-0.9989878478684879f,-0.016978895486551186f,0.04165329421718601f,0.12274712190616946f,-0.011265305118206021f,0.9909503866033751f,0.13375509033758493f,5.190173166985653f,-0.043547361707460666f,0.13315047276926387f,-0.9901386664955779f,2.3228545676905794f,0f,0f,0f,1f], start_interpolation: 0, interpolation_duration: 1 }
$data merge entity $(bone_left_eye1) { transformation: [-0.9989878478684879f,-0.016978895486551186f,0.04165329421718601f,-0.17682510123965697f,-0.011265305118206021f,0.9909503866033751f,0.13375509033758493f,5.093176167434115f,-0.043547361707460666f,0.13315047276926387f,-0.9901386664955779f,1.7413754268191002f,0f,0f,0f,1f], start_interpolation: 0, interpolation_duration: 1 }
$data merge entity $(bone_crest_middle5) { transformation: [-0.9989878478684879f,-0.007561004949208628f,0.04434085041183505f,-0.22021108136474046f,-0.011265305118206021f,0.9964108058097524f,-0.08389635847969815f,6.402571067468365f,-0.043547361707460666f,-0.08431095581072715f,-0.9954874635165435f,2.3979326262146055f,0f,0f,0f,1f], start_interpolation: 0, interpolation_duration: 1 }
$data merge entity $(bone_crest_middle4) { transformation: [-0.9989878478684879f,-0.007561004949208628f,0.04434085041183505f,-0.2151162635766995f,-0.011265305118206021f,0.9964108058097524f,-0.08389635847969815f,5.7311614424598405f,-0.043547361707460666f,-0.08431095581072715f,-0.9954874635165435f,2.4547437194855055f,0f,0f,0f,1f], start_interpolation: 0, interpolation_duration: 1 }
$data merge entity $(bone_crest_middle1) { transformation: [-0.9989878478684879f,-0.007561004949208628f,0.04434085041183505f,-0.2150299301824009f,-0.011265305118206021f,0.9964108058097524f,-0.08389635847969815f,5.234670719594789f,-0.043547361707460666f,-0.08431095581072715f,-0.9954874635165435f,2.5812008285672827f,0f,0f,0f,1f], start_interpolation: 0, interpolation_duration: 1 }
$data merge entity $(bone_crest_left5) { transformation: [-0.5224359241902666f,-0.8389376392238882f,0.15246095437491813f,-1.3168257386762683f,-0.8418119233141782f,0.5359209436530703f,0.06435392699818202f,5.741415386864336f,-0.1356959501294948f,-0.09472264590609698f,-0.986212061106029f,2.362302805955859f,0f,0f,0f,1f], start_interpolation: 0, interpolation_duration: 1 }
$data merge entity $(bone_crest_left4) { transformation: [-0.5224359241902666f,-0.8389376392238882f,0.15246095437491813f,-0.8457425916511356f,-0.8418119233141782f,0.5359209436530703f,0.06435392699818202f,5.440483216356021f,-0.1356959501294948f,-0.09472264590609698f,-0.986212061106029f,2.415491791694146f,0f,0f,0f,1f], start_interpolation: 0, interpolation_duration: 1 }
$data merge entity $(bone_crest_left1) { transformation: [-0.5224359241902666f,-0.8389376392238882f,0.15246095437491813f,-0.31899009000497713f,-0.8418119233141782f,0.5359209436530703f,0.06435392699818202f,5.113071452627338f,-0.1356959501294948f,-0.09472264590609698f,-0.986212061106029f,2.4186215573406398f,0f,0f,0f,1f], start_interpolation: 0, interpolation_duration: 1 }
$data merge entity $(bone_crest_center1) { transformation: [-0.9989878478684879f,-0.016978895486551186f,0.04165329421718601f,-0.20632237564767159f,-0.011265305118206021f,0.9909503866033751f,0.13375509033758493f,5.086514861947151f,-0.043547361707460666f,0.13315047276926387f,-0.9901386664955779f,2.4197738224808893f,0f,0f,0f,1f], start_interpolation: 0, interpolation_duration: 1 }
$data merge entity $(bone_crest_right5) { transformation: [-0.5510756346156832f,0.8317219160573487f,-0.06748554869610474f,0.8899472514979779f,0.829706235258339f,0.5547605017908857f,0.061873652115895655f,5.766300545491613f,0.08889998934958263f,-0.02189611843723134f,-0.9957998553379223f,2.4584993130649457f,0f,0f,0f,1f], start_interpolation: 0, interpolation_duration: 1 }
$data merge entity $(bone_crest_right4) { transformation: [-0.5510756346156832f,0.8317219160573487f,-0.06748554869610474f,0.422915902149369f,0.829706235258339f,0.5547605017908857f,0.061873652115895655f,5.45478952153677f,0.08889998934958263f,-0.02189611843723134f,-0.9957998553379223f,2.470794496757727f,0f,0f,0f,1f], start_interpolation: 0, interpolation_duration: 1 }
$data merge entity $(bone_crest_right1) { transformation: [-0.5510756346156832f,0.8317219160573487f,-0.06748554869610474f,-0.09460805386264103f,0.829706235258339f,0.5547605017908857f,0.061873652115895655f,5.115601745769123f,0.08889998934958263f,-0.02189611843723134f,-0.9957998553379223f,2.4284027030366513f,0f,0f,0f,1f], start_interpolation: 0, interpolation_duration: 1 }
$data merge entity $(bone_head1) { transformation: [-1.047116168664235f,-0.01779688914931471f,0.04366002844379521f,-0.15014346541656437f,-0.011808034661661254f,1.0386914859579643f,0.14019902047103622f,5.120149260606799f,-0.04564534658138779f,0.13956527419174136f,-1.0378406595428904f,1.1223140413281962f,0f,0f,0f,1f], start_interpolation: 0, interpolation_duration: 1 }
$data merge entity $(bone_neck10) { transformation: [-1.4848094628058646f,-0.022192812734390492f,0.19246459391047482f,-0.006354598435033922f,-0.006108279184783451f,1.4921622263740157f,0.12493542648892637f,4.761517084067954f,-0.19364356372363237f,0.12310016624483237f,-1.4797103773992173f,0.031090347557804043f,0f,0f,0f,1f], start_interpolation: 0, interpolation_duration: 1 }
$data merge entity $(bone_neck9) { transformation: [-1.1358792390464871f,-0.04112923386952711f,0.1423899186144018f,0.03908511538816721f,-0.004672833576359343f,1.1099081697381366f,0.2833199037721227f,3.33304000970699f,-0.14813732624857884f,0.28035760979217733f,-1.1007466064912832f,-0.27227000774147675f,0f,0f,0f,1f], start_interpolation: 0, interpolation_duration: 1 }
$data merge entity $(bone_neck8) { transformation: [-1.0543995558138517f,0.028575898433191478f,0.13309820481586715f,0.013574489224871401f,-0.01029164647819375f,1.0197559991064093f,-0.30046950210657936f,2.5816376163679866f,-0.13574165207937644f,-0.2992845764688582f,-1.0110851020441038f,-0.01714153273238478f,0f,0f,0f,1f], start_interpolation: 0, interpolation_duration: 1 }
$data merge entity $(bone_neck7) { transformation: [-1.046370016503916f,0.06165697698709134f,0.12543850527015885f,-0.04486174738525234f,0f,0.9474020552521167f,-0.46567795584295096f,1.7342446409166792f,-0.1397726776433734f,-0.46157813612310833f,-0.9390611458747097f,0.42032540928452555f,0f,0f,0f,1f], start_interpolation: 0, interpolation_duration: 1 }
$data merge entity $(bone_neck6) { transformation: [-1.040433165346447f,0.03597057801746854f,0.1342440247388128f,-0.0755056077971903f,0f,1.01390768862361f,-0.27167574636640246f,0.8359983307638732f,-0.1389796411744748f,-0.2692839183479605f,-1.0049812649358174f,0.6497323095858552f,0f,0f,0f,1f], start_interpolation: 0, interpolation_duration: 1 }
$data merge entity $(bone_neck_spine6) { transformation: [-1.256303551108232f,0.19463192253347714f,0.061686065853462306f,0.2591563265240316f,0.02759818027709159f,-0.21913344813780578f,1.2534768609229845f,0.4815348536247345f,0.20229952158853068f,1.2385815738799235f,0.21207535671759134f,-1.9014047281623265f,0f,0f,0f,1f], start_interpolation: 0, interpolation_duration: 1 }
$data merge entity $(bone_neck_spine7) { transformation: [-0.838285648393308f,0.5324807579151656f,-0.11722377808235677f,-0.9091037362105014f,-0.13211623238321668f,0.010214285915760318f,0.9911816026864578f,1.3729321341809992f,0.5289824882155126f,0.846380476389503f,0.06178686226054367f,-5.1072224325158775f,0f,0f,0f,1f], start_interpolation: 0, interpolation_duration: 1 }
$data merge entity $(bone_tail6) { transformation: [-1.366943686633909f,1.0041487008149903f,-0.2974092832283333f,-3.1911768080770226f,-0.40757352899321825f,-0.059610132603423197f,1.672014470057644f,1.3351480767283974f,0.9647023963704242f,1.3976530171218093f,0.2849864342290568f,-8.321764473042913f,0f,0f,0f,1f], start_interpolation: 0, interpolation_duration: 1 }
$data merge entity $(bone_tail5) { transformation: [-1.1292143498280118f,0.8295141441515138f,-0.24568592962340577f,-2.667273138086593f,-0.33669117612483246f,-0.049243153020219164f,1.3812293448302277f,1.3040471379787852f,0.7969280665668722f,1.1545829271875816f,0.2354235761022643f,-7.592554203240231f,0f,0f,0f,1f], start_interpolation: 0, interpolation_duration: 1 }
$data merge entity $(bone_tail4) { transformation: [-0.8320526788206402f,0.611220948322168f,-0.18103173761724634f,-2.405321303091378f,-0.24808823503935018f,-0.036284428541214116f,1.017747938295957f,1.2884966686039792f,0.5872101543124321f,0.8507453147697969f,0.17347000344377367f,-7.227949068338889f,0f,0f,0f,1f], start_interpolation: 0, interpolation_duration: 1 }
$data merge entity $(bone_segment18) { transformation: [-0.7938092637692568f,0.5831275631197826f,-0.17271102421123627f,-2.0778815093473595f,-0.23668542175182727f,-0.03461669704304651f,0.970969461628938f,1.2690585818854716f,0.5602203708222955f,0.8116427350847255f,0.16549684800598533f,-6.772192649712212f,0f,0f,0f,1f], start_interpolation: 0, interpolation_duration: 1 }
$data merge entity $(bone_segment17) { transformation: [-0.7938092637692568f,0.5831275631197826f,-0.17271102421123627f,-1.652209777480135f,-0.23668542175182727f,-0.03461669704304651f,0.970969461628938f,1.2437890691514117f,0.5602203708222955f,0.8116427350847255f,0.16549684800598533f,-6.179709305497531f,0f,0f,0f,1f], start_interpolation: 0, interpolation_duration: 1 }
$data merge entity $(bone_segment16) { transformation: [-0.7943866963897075f,0.606686618918555f,0.029683716482583285f,-1.0730728927214552f,-0.15051181053887544f,-0.24395239852346165f,0.9580362321660699f,1.0109145871624625f,0.5884691763273217f,0.756583487580731f,0.28510604138253864f,-5.45748239230401f,0f,0f,0f,1f], start_interpolation: 0, interpolation_duration: 1 }
$data merge entity $(bone_segment15) { transformation: [-0.838285648393308f,0.5446766623788211f,0.02458668659414283f,-0.4307905979729919f,-0.13211623238321668f,-0.24667043336736152f,0.960051560304561f,0.7200410048469459f,0.5289824882155126f,0.801549144321311f,0.27874091267537227f,-4.51229626753059f,0f,0f,0f,1f], start_interpolation: 0, interpolation_duration: 1 }
$data merge entity $(bone_segment14) { transformation: [-0.9724707906372556f,0.3787205033655404f,0.09770639545635779f,-0.004730031686758923f,-0.06009445486339809f,-0.40341659622588194f,0.9655666234959487f,0.26619733409282875f,0.38647692800113387f,0.8902252682581234f,0.39599211343501667f,-3.510792840740201f,0f,0f,0f,1f], start_interpolation: 0, interpolation_duration: 1 }
$data merge entity $(bone_segment13) { transformation: [-1.0124328617754577f,0.1458351730113465f,0.07619327091741958f,0.16882531457753927f,0.02224088645859734f,-0.34932444653221756f,0.9641428244029427f,-0.18091232277192576f,0.1630296144566394f,0.9533090501987793f,0.34163842208160533f,-2.3719982013340926f,0f,0f,0f,1f], start_interpolation: 0, interpolation_duration: 1 }
$data merge entity $(bone_segment12) { transformation: [-1.1147101851595131f,-0.015348714100152526f,0.040736976677110785f,0.15028324385252279f,0.04196260236847467f,-0.10102714859881395f,1.1101831094194035f,-0.30295854255572785f,-0.011585520954405768f,1.1108698453973544f,0.10152755036319006f,-1.0300077840755435f,0f,0f,0f,1f], start_interpolation: 0, interpolation_duration: 1 }
$data merge entity $(bone_segment11) { transformation: [-1.1838347670124938f,-0.11639174129001591f,0.045946140787876795f,0.00959255821614842f,-0.005434501434613043f,0.4845129758472715f,1.0873548102211743f,0.2569456762706457f,-0.1250142051447697f,1.0811211678976815f,-0.48236014524100357f,0.21874868450301133f,0f,0f,0f,1f], start_interpolation: 0, interpolation_duration: 1 }
$data merge entity $(bone_segment10) { transformation: [-1.0399740268984414f,-0.09088930946241347f,0.09417194288777671f,-0.08597119968128861f,-0.03450175141212398f,0.9179112375663079f,0.5048997792870965f,1.1965091754707027f,-0.1262491605964532f,0.4978486631498656f,-0.9137193530147845f,0.7280801078617676f,0f,0f,0f,1f], start_interpolation: 0, interpolation_duration: 1 }