# This file was generated by Animated Java via MC-Build. It is not recommended to edit this file directly.
$data merge entity $(bone_neck_spine5) { transformation: [-1.35569559647492f,-0.0034308550885557157f,0.176859659301161f,0.19793501958505f,-0.005577124473063152f,1.3670797732966662f,-0.016231120786903364f,3.6103889557138262f,-0.17680499296505567f,-0.016816147975931606f,-1.3556027706471128f,-0.7469294961879278f,0f,0f,0f,1f], start_interpolation: 0, interpolation_duration: 1 }
$data merge entity $(bone_neck_spine2) { transformation: [-1.2911386633094473f,0.0027119308133652974f,0.16844763127809576f,-0.07654686455400375f,-0.0053115471172030014f,1.3006121018848784f,-0.06165188433669862f,5.053790395447807f,-0.16838570758576726f,-0.06182081208062127f,-1.2896687356135208f,0.5570463926273332f,0f,0f,0f,1f], start_interpolation: 0, interpolation_duration: 1 }
$data merge entity $(bone_scale_neck_left1) { transformation: [-1.3773527850668694f,0.2990107566107119f,0.2548554321618537f,0.6034657232849061f,0.3637650815168249f,1.321583548574101f,0.415392956139272f,4.271948537207022f,-0.14843749304125775f,0.4641862880053164f,-1.3468321421358525f,0.6536001622509889f,0f,0f,0f,1f], start_interpolation: 0, interpolation_duration: 1 }
$data merge entity $(bone_scale_neck_right1) { transformation: [-1.3663644113972009f,-0.41873942464127045f,0.09573404786728647f,-0.7522298731900137f,-0.37505231470055167f,1.318630834032714f,0.4147383550851383f,4.266371412733959f,-0.20938833517585598f,0.3705798647957889f,-1.367584186550501f,0.47679516928593335f,0f,0f,0f,1f], start_interpolation: 0, interpolation_duration: 1 }
$data merge entity $(bone_blush_right1) { transformation: [-0.9989878478684879f,-0.016978895486551186f,0.04165329421718601f,-0.7307416033512801f,-0.011265305118206021f,0.9909503866033751f,0.13375509033758493f,3.9704823146583363f,-0.043547361707460666f,0.13315047276926387f,-0.9901386664955779f,1.742777472313418f,0f,0f,0f,1f], start_interpolation: 0, interpolation_duration: 1 }
$data merge entity $(bone_blush_left1) { transformation: [-0.9989878478684879f,-0.016978895486551186f,0.04165329421718601f,0.42043579946592263f,-0.011265305118206021f,0.9909503866033751f,0.13375509033758493f,3.983463818603144f,-0.043547361707460666f,0.13315047276926387f,-0.9901386664955779f,1.7929590024059996f,0f,0f,0f,1f], start_interpolation: 0, interpolation_duration: 1 }
$data merge entity $(bone_left_head_scales) { transformation: [-0.9053463941142026f,-0.016978895486551186f,-0.4243343301837216f,0.43365088675932284f,-0.07175367515541334f,0.9909503866033751f,0.11344047510616836f,4.658312144737451f,0.41856817457387074f,0.13315047276926387f,-0.8983716574086804f,1.5394773106517454f,0f,0f,0f,1f], start_interpolation: 0, interpolation_duration: 1 }
$data merge entity $(bone_left_head_scales2) { transformation: [-0.8422142858607075f,-0.016978895486551186f,-0.5388755086290294f,0.4408140920880953f,-0.0859467657767619f,0.9909503866033751f,0.10310424211998366f,3.8645391243923948f,0.5322482974558519f,0.13315047276926387f,-0.8360518533300841f,1.5804933475256961f,0f,0f,0f,1f], start_interpolation: 0, interpolation_duration: 1 }
$data merge entity $(bone_left_head_scales1) { transformation: [-0.9989878478684879f,-0.016978895486551186f,0.04165329421718601f,0.43530898202168133f,-0.011265305118206021f,0.9909503866033751f,0.13375509033758493f,4.561539646045715f,-0.043547361707460666f,0.13315047276926387f,-0.9901386664955779f,1.526474334795372f,0f,0f,0f,1f], start_interpolation: 0, interpolation_duration: 1 }
$data merge entity $(bone_right_head_scales) { transformation: [-0.8668796924312896f,-0.016978895486551186f,0.4982281766001291f,-0.7370379974615614f,0.051768779797599716f,0.9909503866033751f,0.12384395313817068f,4.645110615302054f,-0.49582213775556694f,0.13315047276926387f,-0.8581557896517515f,1.4884452461508149f,0f,0f,0f,1f], start_interpolation: 0, interpolation_duration: 1 }
$data merge entity $(bone_right_head_scales2) { transformation: [-0.794431589741957f,-0.016978895486551186f,0.607116270847787f,-0.7298747921327889f,0.0674907703425265f,0.9909503866033751f,0.11602726924819927f,3.8513375949569975f,-0.603592118187969f,0.13315047276926387f,-0.7860963722487736f,1.5294612830247656f,0f,0f,0f,1f], start_interpolation: 0, interpolation_duration: 1 }
$data merge entity $(bone_right_head_scales1) { transformation: [-0.9989878478684879f,-0.016978895486551186f,0.04165329421718601f,-0.7353799021992029f,-0.011265305118206021f,0.9909503866033751f,0.13375509033758493f,4.548338116610318f,-0.043547361707460666f,0.13315047276926387f,-0.9901386664955779f,1.4754422702944414f,0f,0f,0f,1f], start_interpolation: 0, interpolation_duration: 1 }
$data merge entity $(bone_head_left_fin1) { transformation: [-0.7255465932394382f,0.0185160402490204f,-0.6879239037074828f,0.4445775993180143f,0.15238835079486696f,0.9791440259265141f,-0.13436802831938516f,4.208439559230821f,0.6710886167866847f,-0.20232185434578065f,-0.7132362411385299f,1.4051936044993587f,0f,0f,0f,1f], start_interpolation: 0, interpolation_duration: 1 }
$data merge entity $(bone_head_right_fin1) { transformation: [-0.6607915793632787f,-0.02287616696018705f,0.7502207472656254f,-0.7261112849028699f,-0.16802169663056302f,0.9786772576422724f,-0.11815047539129316f,4.195238029795424f,-0.7315211535587819f,-0.20412620203935422f,-0.6505453831494142f,1.3541615399984281f,0f,0f,0f,1f], start_interpolation: 0, interpolation_duration: 1 }
$data merge entity $(bone_right_whisker16) { transformation: [0.2624403655436166f,0.9355201797865421f,-0.2364890013203338f,-1.176338214890958f,0.9489962298336974f,-0.2946092518521161f,-0.11230113305111754f,1.8308847647402005f,-0.17473182393245168f,-0.1949548202412354f,-0.965122483299372f,1.5895897825356362f,0f,0f,0f,1f], start_interpolation: 0, interpolation_duration: 1 }
$data merge entity $(bone_right_whisker15) { transformation: [-0.8932613333616237f,0.3823050386478382f,-0.2364890013203338f,-0.9146405586326698f,0.41595769317334047f,0.902423211694684f,-0.11230113305111754f,1.7090221593183235f,0.1704798750906604f,-0.19868367929733566f,-0.965122483299372f,1.5396445066301694f,0f,0f,0f,1f], start_interpolation: 0, interpolation_duration: 1 }
$data merge entity $(bone_right_whisker14) { transformation: [-0.7239945855353519f,-0.6480006113963201f,-0.2364890013203338f,-0.7025327699016096f,-0.6420818667149271f,0.7583662254816664f,-0.11230113305111754f,1.8971320812074624f,0.2521164741768542f,0.0705398871468144f,-0.965122483299372f,1.465782258336169f,0f,0f,0f,1f], start_interpolation: 0, interpolation_duration: 1 }
$data merge entity $(bone_right_whisker13) { transformation: [-0.08032656051187738f,-0.996737813574611f,-0.00783419854454931f,-0.6789995978766455f,-0.9931316067838669f,0.07936019453799849f,0.08597424689862554f,2.1880886066324234f,-0.08507205935691492f,0.01468640573437759f,-0.996266557806383f,1.4907057132258903f,0f,0f,0f,1f], start_interpolation: 0, interpolation_duration: 1 }
$data merge entity $(bone_right_whisker12) { transformation: [0.09418074817445138f,-0.9955074940100074f,0.00973735298813811f,-0.7157889526322906f,-0.9503153862981831f,-0.08698178932844375f,0.29888933552429936f,2.5593055544051513f,-0.2966996010078805f,-0.03740317760748738f,-0.9542380987293619f,1.6066039948695936f,0f,0f,0f,1f], start_interpolation: 0, interpolation_duration: 1 }
$data merge entity $(bone_right_whisker11) { transformation: [0.3003012275430421f,-0.9531027531296091f,0.03760737577791523f,-0.8330941196412914f,-0.9537691977410222f,-0.3005392054599687f,-0.0007095223306088361f,2.931871647272738f,0.01197873852243947f,-0.0356556861979963f,-0.9992923405416261f,1.6019248001342656f,0f,0f,0f,1f], start_interpolation: 0, interpolation_duration: 1 }
$data merge entity $(bone_right_whisker10) { transformation: [0.06315267146287584f,-0.9867044187368135f,0.14975356467326287f,-0.8577631319314774f,-0.9657025866626868f,-0.09828380578373759f,-0.24033062150641663f,3.3090992201878504f,0.25185363646391545f,-0.12943988398446443f,-0.9590698943424251f,1.5035444733905488f,0f,0f,0f,1f], start_interpolation: 0, interpolation_duration: 1 }
$data merge entity $(bone_right_whisker1) { transformation: [-0.3292777411375023f,-0.9366543194365475f,0.11939369779114048f,-0.7291390142996405f,-0.9426482654080075f,0.3334095832303446f,0.01588387652441614f,3.6773211988628534f,-0.05468470457686481f,-0.10731605514099982f,-0.992719923943463f,1.5249056861158865f,0f,0f,0f,1f], start_interpolation: 0, interpolation_duration: 1 }
$data merge entity $(bone_left_whisker16) { transformation: [0.25484911465995297f,-0.8984820991882702f,0.3574658671751436f,0.9078136631005242f,-0.9445053123040349f,-0.3105313869414431f,-0.10714463474052939f,1.848978606895405f,0.20727190785655455f,-0.31032269521010364f,-0.9277597647295559f,1.72069331279442f,0f,0f,0f,1f], start_interpolation: 0, interpolation_duration: 1 }
$data merge entity $(bone_left_whisker15) { transformation: [-0.8575309757493497f,-0.3699442923401987f,0.3574658671751436f,0.6565838850489569f,-0.43115742982503225f,0.8958924589218235f,-0.10714463474052939f,1.7226629536263527f,-0.280613428647027f,-0.24600390771676534f,-0.9277597647295559f,1.6384823473704864f,0f,0f,0f,1f], start_interpolation: 0, interpolation_duration: 1 }
$data merge entity $(bone_left_whisker14) { transformation: [-0.697691643277681f,0.6208417871770644f,0.3574658671751436f,0.45218203643244886f,0.629739308339018f,0.7693818497852766f,-0.10714463474052939f,1.9071568916162993f,-0.34154761664105415f,0.15035639166917514f,-0.9277597647295559f,1.5384195690576776f,0f,0f,0f,1f], start_interpolation: 0, interpolation_duration: 1 }
$data merge entity $(bone_left_whisker13) { transformation: [-0.10751602363471133f,0.9855188991484666f,0.1311213334395835f,0.420683201383217f,0.9915008263673988f,0.09656942024263883f,0.08718060785958215f,2.197635649341123f,0.07325582553316703f,0.1393802227548615f,-0.9875255629755917f,1.5598812366943478f,0f,0f,0f,1f], start_interpolation: 0, interpolation_duration: 1 }
$data merge entity $(bone_left_whisker12) { transformation: [0.03981209087893619f,0.9937021709313228f,0.10474250763764988f,0.43623479938280146f,0.9514786629793895f,-0.06971220064292943f,0.2997141354298685f,2.5693070020674473f,0.30512841774374405f,0.08772801472674382f,-0.9482618014648189f,1.6790720248754978f,0f,0f,0f,1f], start_interpolation: 0, interpolation_duration: 1 }
$data merge entity $(bone_left_whisker11) { transformation: [0.2828960346466868f,0.9551122360507862f,0.08792297838021501f,0.5467410629166635f,0.9588323024594643f,-0.2839727828412396f,-0.00027270072415883084f,2.9438508702156754f,0.024707273047895578f,0.08438053775290506f,-0.9961272386131539f,1.688723303409832f,0f,0f,0f,1f], start_interpolation: 0, interpolation_duration: 1 }
$data merge entity $(bone_left_whisker10) { transformation: [0.07750343295043861f,0.9966978873922577f,-0.02421857032748221f,0.5770158414129285f,0.966923711369718f,-0.08106463445734051f,-0.24184098377096572f,3.3215554449694715f,-0.24300566716006367f,-0.0046740034347565f,-0.9700136078529951f,1.593799214675432f,0f,0f,0f,1f], start_interpolation: 0, interpolation_duration: 1 }
$data merge entity $(bone_left_whisker1) { transformation: [-0.34978680975241117f,0.9368120890868095f,0.005683085784876758f,0.4403803688533928f,0.9367528760523922f,0.3496743314172988f,0.014896682699081398f,3.687474537177437f,0.011968163217575656f,0.010534310071041247f,-0.9998728876114826f,1.5984742784322976f,0f,0f,0f,1f], start_interpolation: 0, interpolation_duration: 1 }
$data merge entity $(bone_upper_left_tooth1) { transformation: [-0.9989878478684879f,-0.013283961867770578f,0.042974599104381506f,0.08444300259111936f,-0.011265305118206021f,0.9988370454509001f,0.046879094866588394f,3.9742217272581377f,-0.043547361707460666f,0.046347524119552105f,-0.9979757182899328f,2.4391367483102893f,0f,0f,0f,1f], start_interpolation: 0, interpolation_duration: 1 }
$data merge entity $(bone_upper_right_tooth1) { transformation: [-0.9989878478684879f,-0.013283961867770578f,0.042974599104381506f,-0.5009014395193228f,-0.011265305118206021f,0.9988370454509001f,0.046879094866588394f,3.967620962540439f,-0.043547361707460666f,0.046347524119552105f,-0.9979757182899328f,2.413620716059824f,0f,0f,0f,1f], start_interpolation: 0, interpolation_duration: 1 }
$data merge entity $(bone_top_lip1) { transformation: [-0.9989878478684879f,0.009000981843327552f,0.04407110319634372f,-0.18526654261706194f,-0.011265305118206021f,0.8984837816137651f,-0.43886215042724086f,4.078493328524729f,-0.043547361707460666f,-0.4389144295906489f,-0.897472980532247f,2.4324206517465736f,0f,0f,0f,1f], start_interpolation: 0, interpolation_duration: 1 }
$data merge entity $(bone_muzzle1) { transformation: [-0.9989878478684879f,-0.013283961867770578f,0.042974599104381506f,-0.16622874449984987f,-0.011265305118206021f,0.9988370454509001f,0.046879094866588394f,4.247697531894778f,-0.043547361707460666f,0.046347524119552105f,-0.9979757182899328f,1.9519170086537674f,0f,0f,0f,1f], start_interpolation: 0, interpolation_duration: 1 }
$data merge entity $(bone_jaw_right_tooth1) { transformation: [-0.9989878478684879f,0.009612537548062513f,0.04394176752218529f,-0.5003795015996052f,-0.011265305118206021f,0.8922984700991339f,-0.45130536575509383f,3.757255870877082f,-0.043547361707460666f,-0.4513435934857528f,-0.8912870401322388f,2.4560668536027745f,0f,0f,0f,1f], start_interpolation: 0, interpolation_duration: 1 }
$data merge entity $(bone_jaw_left_tooth1) { transformation: [-0.9989878478684879f,0.009612537548062513f,0.04394176752218529f,0.1337436440200404f,-0.011265305118206021f,0.8922984700991339f,-0.45130536575509383f,3.7644066993212557f,-0.043547361707460666f,-0.4513435934857528f,-0.8912870401322388f,2.483709221874112f,0f,0f,0f,1f], start_interpolation: 0, interpolation_duration: 1 }
$data merge entity $(bone_tongue1) { transformation: [-0.9989878478684879f,-0.013625690604917045f,0.04286747446054835f,-0.15380315688939697f,-0.011265305118206021f,0.998432151586506f,0.05483002442945467f,3.7990764406473363f,-0.043547361707460666f,0.054291612923912214f,-0.997575083918218f,1.7829249673094594f,0f,0f,0f,1f], start_interpolation: 0, interpolation_duration: 1 }
$data merge entity $(bone_jaw_lips1) { transformation: [-0.9989878478684879f,-0.013625690604917045f,0.04286747446054835f,-0.13698444313516828f,-0.011265305118206021f,0.998432151586506f,0.05483002442945467f,3.644662249024472f,-0.043547361707460666f,0.054291612923912214f,-0.997575083918218f,2.558309651984277f,0f,0f,0f,1f], start_interpolation: 0, interpolation_duration: 1 }
$data merge entity $(bone_jaw3) { transformation: [-0.9989878478684879f,0.0018360936497615436f,0.044943392964884116f,-0.10200689747049523f,-0.011265305118206021f,0.9571108056892386f,-0.28950301990392213f,3.348386826538839f,-0.043547361707460666f,-0.28971629984004427f,-0.9561213797919765f,1.8325593701128302f,0f,0f,0f,1f], start_interpolation: 0, interpolation_duration: 1 }
$data merge entity $(bone_jaw1) { transformation: [-0.9989878478684879f,-0.030481463664361393f,0.03307809220564128f,-0.07616463793483798f,-0.011265305118206021f,0.8814890895978279f,0.4720699925017333f,3.717191508180818f,-0.043547361707460666f,0.4712195510511748f,-0.8809402715255155f,1.1443247829835212f,0f,0f,0f,1f], start_interpolation: 0, interpolation_duration: 1 }
$data merge entity $(bone_tear_right1) { transformation: [-0.9989878478684879f,-0.016978895486551186f,0.04165329421718601f,-0.6914271673223887f,-0.011265305118206021f,0.9909503866033751f,0.13375509033758493f,4.297980305319185f,-0.043547361707460666f,0.13315047276926387f,-0.9901386664955779f,1.87743813006656f,0f,0f,0f,1f], start_interpolation: 0, interpolation_duration: 1 }
$data merge entity $(bone_right_pupil1) { transformation: [-0.9989878478684879f,-0.016978895486551186f,0.04165329421718601f,-0.5345564758961164f,-0.011265305118206021f,0.9909503866033751f,0.13375509033758493f,4.3887307984634125f,-0.043547361707460666f,0.13315047276926387f,-0.9901386664955779f,1.955473938673236f,0f,0f,0f,1f], start_interpolation: 0, interpolation_duration: 1 }
$data merge entity $(bone_right_sad_pupil1) { transformation: [-0.9989878478684879f,-0.016978895486551186f,0.04165329421718601f,-0.5341497054447767f,-0.011265305118206021f,0.9909503866033751f,0.13375509033758493f,4.3900370005174905f,-0.043547361707460666f,0.13315047276926387f,-0.9901386664955779f,1.94580461575824f,0f,0f,0f,1f], start_interpolation: 0, interpolation_duration: 1 }
$data merge entity $(bone_right_happy_pupil1) { transformation: [-0.9989878478684879f,-0.016978895486551186f,0.04165329421718601f,-0.5581242265059912f,-0.011265305118206021f,0.9909503866033751f,0.13375509033758493f,4.365569157173723f,-0.043547361707460666f,0.13315047276926387f,-0.9901386664955779f,1.941490759001784f,0f,0f,0f,1f], start_interpolation: 0, interpolation_duration: 1 }
$data merge entity $(bone_eyelid_right1) { transformation: [-0.9989878478684879f,-0.016978895486551186f,0.04165329421718601f,-0.13738580604204262f,-0.011265305118206021f,0.9909503866033751f,0.13375509033758493f,4.411196348089786f,-0.043547361707460666f,0.13315047276926387f,-0.9901386664955779f,1.472209783049525f,0f,0f,0f,1f], start_interpolation: 0, interpolation_duration: 1 }
$data merge entity $(bone_eyelid_expressions_right5) { transformation: [-0.9989878478684879f,-0.016978895486551186f,0.04165329421718601f,-0.6479985065946009f,-0.011265305118206021f,0.9909503866033751f,0.13375509033758493f,4.485544356158742f,-0.043547361707460666f,0.13315047276926387f,-0.9901386664955779f,1.9539170323751582f,0f,0f,0f,1f], start_interpolation: 0, interpolation_duration: 1 }
$data merge entity $(bone_eyelid_expressions_right7) { transformation: [-0.9989878478684879f,-0.016978895486551186f,0.04165329421718601f,-0.3553262855393798f,-0.011265305118206021f,0.9909503866033751f,0.13375509033758493f,4.4888447385175905f,-0.043547361707460666f,0.13315047276926387f,-0.9901386664955779f,1.9666750485003908f,0f,0f,0f,1f], start_interpolation: 0, interpolation_duration: 1 }
$data merge entity $(bone_eyelid_expressions_right6) { transformation: [-0.9989878478684879f,-0.016978895486551186f,0.04165329421718601f,-0.4528836925577868f,-0.011265305118206021f,0.9909503866033751f,0.13375509033758493f,4.487744611064641f,-0.043547361707460666f,0.13315047276926387f,-0.9901386664955779f,1.9624223764586466f,0f,0f,0f,1f], start_interpolation: 0, interpolation_duration: 1 }
$data merge entity $(bone_right_eye1) { transformation: [-0.9989878478684879f,-0.016978895486551186f,0.04165329421718601f,-0.14754831719522302f,-0.011265305118206021f,0.9909503866033751f,0.13375509033758493f,4.409780133290413f,-0.043547361707460666f,0.13315047276926387f,-0.9901386664955779f,1.4814538387603466f,0f,0f,0f,1f], start_interpolation: 0, interpolation_duration: 1 }
$data merge entity $(bone_tear_left1) { transformation: [-0.9989878478684879f,-0.016978895486551186f,0.04165329421718601f,0.3621928284764072f,-0.011265305118206021f,0.9909503866033751f,0.13375509033758493f,4.309861681811043f,-0.043547361707460666f,0.13315047276926387f,-0.9901386664955779f,1.9233669881173974f,0f,0f,0f,1f], start_interpolation: 0, interpolation_duration: 1 }
$data merge entity $(bone_left_sad_pupil1) { transformation: [-0.9989878478684879f,-0.016978895486551186f,0.04165329421718601f,0.197530847193276f,-0.011265305118206021f,0.9909503866033751f,0.13375509033758493f,4.398287956414614f,-0.043547361707460666f,0.13315047276926387f,-0.9901386664955779f,1.9776996560713216f,0f,0f,0f,1f], start_interpolation: 0, interpolation_duration: 1 }
$data merge entity $(bone_left_pupil1) { transformation: [-0.9989878478684879f,-0.016978895486551186f,0.04165329421718601f,0.19712407674193624f,-0.011265305118206021f,0.9909503866033751f,0.13375509033758493f,4.396981754360536f,-0.043547361707460666f,0.13315047276926387f,-0.9901386664955779f,1.9873689789863174f,0f,0f,0f,1f], start_interpolation: 0, interpolation_duration: 1 }
$data merge entity $(bone_eyelid_left1) { transformation: [-0.9989878478684879f,-0.016978895486551186f,0.04165329421718601f,-0.156897287445724f,-0.011265305118206021f,0.9909503866033751f,0.13375509033758493f,4.410976322599196f,-0.043547361707460666f,0.13315047276926387f,-0.9901386664955779f,1.4713592486411764f,0f,0f,0f,1f], start_interpolation: 0, interpolation_duration: 1 }
$data merge entity $(bone_left_happy_pupil1) { transformation: [-0.9989878478684879f,-0.016978895486551186f,0.04165329421718601f,0.22233502964126498f,-0.011265305118206021f,0.9909503866033751f,0.13375509033758493f,4.3743701767973215f,-0.043547361707460666f,0.13315047276926387f,-0.9901386664955779f,1.9755121353357377f,0f,0f,0f,1f], start_interpolation: 0, interpolation_duration: 1 }
$data merge entity $(bone_eyelid_expressions_left5) { transformation: [-0.9989878478684879f,-0.016978895486551186f,0.04165329421718601f,0.30806408218578796f,-0.011265305118206021f,0.9909503866033751f,0.13375509033758493f,4.49632560519765f,-0.043547361707460666f,0.13315047276926387f,-0.9901386664955779f,1.9955932183842515f,0f,0f,0f,1f], start_interpolation: 0, interpolation_duration: 1 }
$data merge entity $(bone_eyelid_expressions_left7) { transformation: [-0.9989878478684879f,-0.016978895486551186f,0.04165329421718601f,0.015391861130566883f,-0.011265305118206021f,0.9909503866033751f,0.13375509033758493f,4.493025222838801f,-0.043547361707460666f,0.13315047276926387f,-0.9901386664955779f,1.982835202259019f,0f,0f,0f,1f], start_interpolation: 0, interpolation_duration: 1 }
$data merge entity $(bone_eyelid_expressions_left6) { transformation: [-0.9989878478684879f,-0.016978895486551186f,0.04165329421718601f,0.11294926814897391f,-0.011265305118206021f,0.9909503866033751f,0.13375509033758493f,4.494125350291751f,-0.043547361707460666f,0.13315047276926387f,-0.9901386664955779f,1.9870878743007632f,0f,0f,0f,1f], start_interpolation: 0, interpolation_duration: 1 }
$data merge entity $(bone_left_eye1) { transformation: [-0.9989878478684879f,-0.016978895486551186f,0.04165329421718601f,-0.14754831719522302f,-0.011265305118206021f,0.9909503866033751f,0.13375509033758493f,4.409780133290413f,-0.043547361707460666f,0.13315047276926387f,-0.9901386664955779f,1.4814538387603466f,0f,0f,0f,1f], start_interpolation: 0, interpolation_duration: 1 }
$data merge entity $(bone_crest_middle5) { transformation: [-0.9989878478684879f,-0.007561004949208628f,0.04434085041183505f,-0.18527525643442602f,-0.011265305118206021f,0.9964108058097524f,-0.08389635847969815f,5.548384394189761f,-0.043547361707460666f,-0.08431095581072715f,-0.9954874635165435f,2.0523731425825242f,0f,0f,0f,1f], start_interpolation: 0, interpolation_duration: 1 }
$data merge entity $(bone_crest_middle4) { transformation: [-0.9989878478684879f,-0.007561004949208628f,0.04434085041183505f,-0.1808449800969991f,-0.011265305118206021f,0.9964108058097524f,-0.08389635847969815f,4.9645499376606095f,-0.043547361707460666f,-0.08431095581072715f,-0.9954874635165435f,2.1017740932528723f,0f,0f,0f,1f], start_interpolation: 0, interpolation_duration: 1 }
$data merge entity $(bone_crest_middle1) { transformation: [-0.9989878478684879f,-0.007561004949208628f,0.04434085041183505f,-0.18076990758021771f,-0.011265305118206021f,0.9964108058097524f,-0.08389635847969815f,4.532818874299695f,-0.043547361707460666f,-0.08431095581072715f,-0.9954874635165435f,2.211736796802244f,0f,0f,0f,1f], start_interpolation: 0, interpolation_duration: 1 }
$data merge entity $(bone_crest_left5) { transformation: [-0.5224359241902666f,-0.8389376392238882f,0.15246095437491813f,-1.138853219314016f,-0.8418119233141782f,0.5359209436530703f,0.06435392699818202f,4.973466411055823f,-0.1356959501294948f,-0.09472264590609698f,-0.986212061106029f,2.021390690183615f,0f,0f,0f,1f], start_interpolation: 0, interpolation_duration: 1 }
$data merge entity $(bone_crest_left4) { transformation: [-0.5224359241902666f,-0.8389376392238882f,0.15246095437491813f,-0.7292157001617269f,-0.8418119233141782f,0.5359209436530703f,0.06435392699818202f,4.711786262787722f,-0.1356959501294948f,-0.09472264590609698f,-0.986212061106029f,2.067641982129951f,0f,0f,0f,1f], start_interpolation: 0, interpolation_duration: 1 }
$data merge entity $(bone_crest_left1) { transformation: [-0.5224359241902666f,-0.8389376392238882f,0.15246095437491813f,-0.271170046556371f,-0.8418119233141782f,0.5359209436530703f,0.06435392699818202f,4.42708038128452f,-0.1356959501294948f,-0.09472264590609698f,-0.986212061106029f,2.0703635174747284f,0f,0f,0f,1f], start_interpolation: 0, interpolation_duration: 1 }
$data merge entity $(bone_crest_center1) { transformation: [-0.9989878478684879f,-0.016978895486551186f,0.04165329421718601f,-0.17319812102827917f,-0.011265305118206021f,0.9909503866033751f,0.13375509033758493f,4.403987693736531f,-0.043547361707460666f,0.13315047276926387f,-0.9901386664955779f,2.071365487161902f,0f,0f,0f,1f], start_interpolation: 0, interpolation_duration: 1 }
$data merge entity $(bone_crest_right5) { transformation: [-0.5510756346156832f,0.8317219160573487f,-0.06748554869610474f,0.7800798156201124f,0.829706235258339f,0.5547605017908857f,0.061873652115895655f,4.995105679427367f,0.08889998934958263f,-0.02189611843723134f,-0.9957998553379223f,2.105039826800212f,0f,0f,0f,1f], start_interpolation: 0, interpolation_duration: 1 }
$data merge entity $(bone_crest_right4) { transformation: [-0.5510756346156832f,0.8317219160573487f,-0.06748554869610474f,0.3739655987952351f,0.829706235258339f,0.5547605017908857f,0.061873652115895655f,4.724226528162286f,0.08889998934958263f,-0.02189611843723134f,-0.9957998553379223f,2.115731290880891f,0f,0f,0f,1f], start_interpolation: 0, interpolation_duration: 1 }
$data merge entity $(bone_crest_right1) { transformation: [-0.5510756346156832f,0.8317219160573487f,-0.06748554869610474f,-0.07605523251955693f,0.829706235258339f,0.5547605017908857f,0.061873652115895655f,4.429280636190419f,0.08889998934958263f,-0.02189611843723134f,-0.9957998553379223f,2.0788688615582167f,0f,0f,0f,1f], start_interpolation: 0, interpolation_duration: 1 }
$data merge entity $(bone_head1) { transformation: [-0.9989878478684879f,-0.016978895486551186f,0.04165329421718601f,-0.12434689474035987f,-0.011265305118206021f,0.9909503866033751f,0.13375509033758493f,4.433234996918833f,-0.043547361707460666f,0.13315047276926387f,-0.9901386664955779f,0.9431395905073866f,0f,0f,0f,1f], start_interpolation: 0, interpolation_duration: 1 }
$data merge entity $(bone_neck10) { transformation: [-1.2911386633094473f,-0.019298098029904776f,0.16736051644389116f,0.0006869026348840304f,-0.0053115471172030014f,1.2975323707600137f,0.10863950129471858f,4.121380930363316f,-0.16838570758576726f,0.10704362282159337f,-1.2867046759993193f,-0.0057505779886065644f,0f,0f,0f,1f], start_interpolation: 0, interpolation_duration: 1 }
$data merge entity $(bone_neck9) { transformation: [-0.9915944934216556f,-0.03590480433281819f,0.12430287865400458f,0.040199697263754566f,-0.004079268186011905f,0.968922391996463f,0.24733127149416323f,2.8792269526581302f,-0.12932022342586927f,0.24474526208626549f,-0.9609245737826713f,-0.2695421912923289f,0f,0f,0f,1f], start_interpolation: 0, interpolation_duration: 1 }
$data merge entity $(bone_neck8) { transformation: [-0.991768351335013f,0.02687849356606375f,0.12519218775087074f,0.017512551495998348f,-0.009680323937847887f,0.9591826176530586f,-0.2826216504811426f,2.26337454505562f,-0.12767861457068108f,-0.2815071092811795f,-0.9510267708142949f,-0.04662276148974159f,0f,0f,0f,1f], start_interpolation: 0, interpolation_duration: 1 }
$data merge entity $(bone_neck7) { transformation: [-0.9911960193339593f,0.058405869042351094f,0.11882426401169532f,-0.032795915252274765f,0f,0.8974465352249469f,-0.4411232440177445f,1.5408703696722372f,-0.13240261045958776f,-0.43723960350607116f,-0.889545433280021f,0.32999784898457574f,0f,0f,0f,1f], start_interpolation: 0, interpolation_duration: 1 }
$data merge entity $(bone_neck6) { transformation: [-0.9911960193339593f,0.03426831720823152f,0.12789110091100694f,-0.05892197993851815f,0f,0.9659258262890684f,-0.25881904510252074f,0.7699677963837126f,-0.13240261045958776f,-0.2565404072334351f,-0.9574218339895899f,0.5255835041916537f,0f,0f,0f,1f], start_interpolation: 0, interpolation_duration: 1 }
$data merge entity $(bone_neck_spine6) { transformation: [-1.0924378705288977f,0.16924515002911059f,0.05364005726388028f,0.2306432798632412f,0.023998417632253563f,-0.19055082446765723f,1.089979879063465f,0.5108177333657764f,0.17591262746828756f,1.07702745554776f,0.18441335366747075f,-1.6751291864969253f,0f,0f,0f,1f], start_interpolation: 0, interpolation_duration: 1 }
$data merge entity $(bone_neck_spine7) { transformation: [-0.838285648393308f,0.5324807579151656f,-0.11722377808235677f,-0.7852350355580919f,-0.13211623238321668f,0.010214285915760318f,0.9911816026864578f,1.2859458034147024f,0.5289824882155126f,0.846380476389503f,0.06178686226054367f,-4.462796755500014f,0f,0f,0f,1f], start_interpolation: 0, interpolation_duration: 1 }
$data merge entity $(bone_tail6) { transformation: [-1.188646684029486f,0.8731727833173828f,-0.2586167680246376f,-2.7696464023985445f,-0.35441176434192884f,-0.05183489791602017f,1.4539256261370817f,1.253090101282005f,0.8388716490177601f,1.2153504496711385f,0.24781429063396238f,-7.2580507037843915f,0f,0f,0f,1f], start_interpolation: 0, interpolation_duration: 1 }
$data merge entity $(bone_tail5) { transformation: [-0.9819255215895755f,0.7213166470882728f,-0.21363993880296153f,-2.314077993711214f,-0.2927749357607239f,-0.04282013306106014f,1.201068995504546f,1.226045806717125f,0.692980927449454f,1.003985154076158f,0.20471615313240374f,-6.623954816999449f,0f,0f,0f,1f], start_interpolation: 0, interpolation_duration: 1 }
$data merge entity $(bone_tail4) { transformation: [-0.7938092637692568f,0.5831275631197826f,-0.17271102421123627f,-2.086293789367549f,-0.23668542175182727f,-0.03461669704304651f,0.970969461628938f,1.2125236594346849f,0.5602203708222955f,0.8116427350847255f,0.16549684800598533f,-6.306906873606978f,0f,0f,0f,1f], start_interpolation: 0, interpolation_duration: 1 }
$data merge entity $(bone_segment18) { transformation: [-0.7938092637692568f,0.5831275631197826f,-0.17271102421123627f,-1.8015635339379679f,-0.23668542175182727f,-0.03461669704304651f,0.970969461628938f,1.195620975331635f,0.5602203708222955f,0.8116427350847255f,0.16549684800598533f,-5.9105969443663895f,0f,0f,0f,1f], start_interpolation: 0, interpolation_duration: 1 }
$data merge entity $(bone_segment17) { transformation: [-0.7938092637692568f,0.5831275631197826f,-0.17271102421123627f,-1.431414201879512f,-0.23668542175182727f,-0.03461669704304651f,0.970969461628938f,1.1736474859976698f,0.5602203708222955f,0.8116427350847255f,0.16549684800598533f,-5.395394036353625f,0f,0f,0f,1f], start_interpolation: 0, interpolation_duration: 1 }
$data merge entity $(bone_segment16) { transformation: [-0.7943866963897075f,0.606686618918555f,0.029683716482583285f,-0.9278169107850083f,-0.15051181053887544f,-0.24395239852346165f,0.9580362321660699f,0.9711479364420619f,0.5884691763273217f,0.756583487580731f,0.28510604138253864f,-4.76737063357665f,0f,0f,0f,1f], start_interpolation: 0, interpolation_duration: 1 }
$data merge entity $(bone_segment15) { transformation: [-0.838285648393308f,0.5446766623788211f,0.02458668659414283f,-0.369310567525475f,-0.13211623238321668f,-0.24667043336736152f,0.960051560304561f,0.7182143866024822f,0.5289824882155126f,0.801549144321311f,0.27874091267537227f,-3.9454696555128064f,0f,0f,0f,1f], start_interpolation: 0, interpolation_duration: 1 }
$data merge entity $(bone_segment14) { transformation: [-0.9277733754154197f,0.36131347401830466f,0.0932155424974942f,0.001176881419075515f,-0.05733234948458356f,-0.3848744669583572f,0.9211865426644585f,0.32356771638151055f,0.368713392179964f,0.849308082015204f,0.37779123368707207f,-3.0745971104776855f,0f,0f,0f,1f], start_interpolation: 0, interpolation_duration: 1 }
$data merge entity $(bone_segment13) { transformation: [-0.9870497465484627f,0.14217888019386113f,0.07428299849518025f,0.15209457382281308f,0.021683276166553803f,-0.34056639154140667f,0.9399704083039798f,-0.06522328958784124f,0.1589422328184057f,0.9294082520503492f,0.33307306652957525f,-2.084340902298461f,0f,0f,0f,1f], start_interpolation: 0, interpolation_duration: 1 }
$data merge entity $(bone_segment12) { transformation: [-0.9992383101283998f,-0.013758753929287593f,0.036517068092233554f,0.13597103406192917f,0.03761573226610862f,-0.09056183265116913f,0.9951801902936706f,-0.17135043722593007f,-0.01038538674407194f,0.9957957878788077f,0.0910103982246046f,-0.9173927133779831f,0f,0f,0f,1f], start_interpolation: 0, interpolation_duration: 1 }
$data merge entity $(bone_segment11) { transformation: [-1.0294215365326034f,-0.10121020981740515f,0.03995316590250157f,0.012825047399175851f,-0.004725653421402647f,0.42131563117154053f,0.945525921931456f,0.31551909532598976f,-0.10870800447371282f,0.9401053633892884f,-0.4194436045573945f,0.16839733477808155f,0f,0f,0f,1f], start_interpolation: 0, interpolation_duration: 1 }
$data merge entity $(bone_segment10) { transformation: [-0.9921739784571467f,-0.08671178840637708f,0.08984354302833852f,-0.06971924437978987f,-0.03291595662672201f,0.8757215285104653f,0.48169320558073314f,1.1235961267781458f,-0.12044640414667834f,0.47496617801130037f,-0.8717223144290118f,0.6064142785754503f,0f,0f,0f,1f], start_interpolation: 0, interpolation_duration: 1 }