# This file was generated by Animated Java via MC-Build. It is not recommended to edit this file directly.
$data merge entity $(bone_neck_spine5) { transformation: [-1.5564416792273301f,0.016816943229372022f,0.2218686213529784f,0.20949757790804382f,0.011374419493444714f,1.5717322461309111f,-0.03933909772873111f,4.164255706093239f,-0.22221412489272227f,-0.03733808309680085f,-1.556035329227926f,-0.8360406098466613f,0f,0f,0f,1f], start_interpolation: 0, interpolation_duration: 1 }
$data merge entity $(bone_neck_spine2) { transformation: [-1.482325408787933f,0.020784192317838072f,0.21088784103264577f,-0.10449703701021887f,0.010832780469947343f,1.4956599212980393f,-0.07126241908650334f,5.837017302746528f,-0.21163249989783064f,-0.0690195541601484f,-1.4807573291442984f,0.6542705857258007f,0f,0f,0f,1f], start_interpolation: 0, interpolation_duration: 1 }
$data merge entity $(bone_scale_neck_left1) { transformation: [-1.576968167181696f,0.3544122789017514f,0.3172040622327264f,0.665962199681048f,0.4363310931927261f,1.5152031347271147f,0.4762664364240235f,4.929023425297371f,-0.1893189310304618f,0.5400059980356374f,-1.544541014436551f,0.7735556509734252f,0f,0f,0f,1f], start_interpolation: 0, interpolation_duration: 1 }
$data merge entity $(bone_scale_neck_right1) { transformation: [-1.573027902506387f,-0.46961953198436035f,0.13452060791127898f,-0.8904794795462815f,-0.41331103585455387f,1.5212251293948587f,0.47760148050032664f,4.940397844790816f,-0.2604079231030912f,0.4223584753666703f,-1.5706228422854256f,0.551341526080703f,0f,0f,0f,1f], start_interpolation: 0, interpolation_duration: 1 }
$data merge entity $(bone_blush_right1) { transformation: [-0.9984228661558779f,-0.00806287621752223f,0.05555871096581455f,-0.8874033074394225f,0.00006700931736650616f,0.9894611910775151f,0.1447982971626962f,4.588266933976386f,-0.056140679073497096f,0.14457365381896517f,-0.98790013805779f,2.001095973591315f,0f,0f,0f,1f], start_interpolation: 0, interpolation_duration: 1 }
$data merge entity $(bone_blush_left1) { transformation: [-0.9984228661558779f,-0.00806287621752223f,0.05555871096581455f,0.4357019946831617f,0.00006700931736650616f,0.9894611910775151f,0.1447982971626962f,4.588178133543118f,-0.056140679073497096f,0.14457365381896517f,-0.98790013805779f,2.07549333834008f,0f,0f,0f,1f], start_interpolation: 0, interpolation_duration: 1 }
$data merge entity $(bone_left_head_scales) { transformation: [-0.9112660561147043f,-0.00806287621752223f,-0.41173919536552933f,0.46286727217528584f,-0.06680097492324134f,0.9894611910775151f,0.1284685996684387f,5.367380071366631f,0.4063641282427093f,0.14457365381896517f,-0.9022010052637809f,1.7933494110654327f,0f,0f,0f,1f], start_interpolation: 0, interpolation_duration: 1 }
$data merge entity $(bone_left_head_scales2) { transformation: [-0.8497272993204916f,-0.00806287621752223f,-0.5271607978753776f,0.460752007017588f,-0.0829980004569719f,0.9894611910775151f,0.11865025609584492f,4.454018741237842f,0.5206484886270661f,0.14457365381896517f,-0.8414413882807201f,1.8298777433911364f,0f,0f,0f,1f], start_interpolation: 0, interpolation_duration: 1 }
$data merge entity $(bone_left_head_scales1) { transformation: [-0.9984228661558779f,-0.00806287621752223f,0.05555871096581455f,0.46377277096924585f,0.00006700931736650616f,0.9894611910775151f,0.1447982971626962f,5.256258941509293f,-0.056140679073497096f,0.14457365381896517f,-0.98790013805779f,1.7771131120525605f,0f,0f,0f,1f], start_interpolation: 0, interpolation_duration: 1 }
$data merge entity $(bone_right_head_scales) { transformation: [-0.8599577406315224f,-0.00806287621752223f,0.5103015523737197f,-0.8826635435425967f,0.06691985090409729f,0.9894611910775151f,0.1284067167497031f,5.367470376891988f,-0.5059589092830569f,0.14457365381896517f,-0.8503552438472602f,1.7176910740327902f,0f,0f,0f,1f], start_interpolation: 0, interpolation_duration: 1 }
$data merge entity $(bone_right_head_scales2) { transformation: [-0.7859929644324322f,-0.00806287621752223f,0.6181828612067941f,-0.8847788087002945f,0.08310778209558625f,0.9894611910775151f,0.11857338616493013f,4.4541090467632f,-0.6126239926887209f,0.14457365381896517f,-0.7770394470061117f,1.754219406358494f,0f,0f,0f,1f], start_interpolation: 0, interpolation_duration: 1 }
$data merge entity $(bone_right_head_scales1) { transformation: [-0.9984228661558779f,-0.00806287621752223f,0.05555871096581455f,-0.8817580447486366f,0.00006700931736650616f,0.9894611910775151f,0.1447982971626962f,5.25634924703465f,-0.056140679073497096f,0.14457365381896517f,-0.98790013805779f,1.701454775019918f,0f,0f,0f,1f], start_interpolation: 0, interpolation_duration: 1 }
$data merge entity $(bone_head_left_fin1) { transformation: [-0.7675572143374618f,0.03304890331592346f,-0.7130490100500136f,0.47184799633727703f,0.15977225404753048f,1.0284419459709984f,-0.12431889892180975f,4.851751153730044f,0.6957039223550925f,-0.19972514058619295f,-0.7581432045878524f,1.6330180355227193f,0f,0f,0f,1f], start_interpolation: 0, interpolation_duration: 1 }
$data merge entity $(bone_head_right_fin1) { transformation: [-0.6847488654346547f,-0.010312922372148488f,0.793528722191751f,-0.8736828193806054f,-0.15967478228249823f,1.0284448562071693f,-0.12442001313785912f,4.851841459255401f,-0.7773661641814388f,-0.202163348306102f,-0.6734293024606781f,1.5573596984900768f,0f,0f,0f,1f], start_interpolation: 0, interpolation_duration: 1 }
$data merge entity $(bone_right_whisker16) { transformation: [0.2611183270384466f,0.927781104780768f,-0.2665322511374946f,-1.404645667254524f,0.9522299103341141f,-0.29286194534271515f,-0.08654524155125909f,2.125946413605555f,-0.1583521933846453f,-0.23120143291480286f,-0.9599325394361904f,1.8102210053187355f,0f,0f,0f,1f], start_interpolation: 0, interpolation_duration: 1 }
$data merge entity $(bone_right_whisker15) { transformation: [-0.8857610278674106f,0.3799841583735401f,-0.2665322511374946f,-1.106220320951539f,0.41464741511592546f,0.9058572968754602f,-0.08654524155125909f,1.9862458684737245f,0.2085543637734521f,-0.18717531109266733f,-0.9599325394361904f,1.739956107367719f,0f,0f,0f,1f], start_interpolation: 0, interpolation_duration: 1 }
$data merge entity $(bone_right_whisker14) { transformation: [-0.7187213875994872f,-0.6421838725089933f,-0.2665322511374946f,-0.864072978449759f,-0.6457479522906335f,0.7586300173848172f,-0.08654524155125909f,2.2038074344310177f,0.25777732468066566f,0.10991073929359618f,-0.9599325394361904f,1.6531073016891746f,0f,0f,0f,1f], start_interpolation: 0, interpolation_duration: 1 }
$data merge entity $(bone_right_whisker13) { transformation: [-0.0872716078148723f,-0.9954567498543654f,-0.038072636351987585f,-0.8346699465199436f,-0.9903139658052807f,0.08255089360366455f,0.1116404903977666f,2.537458135800961f,-0.10799034957080425f,0.04744690858865292f,-0.9930190709472578f,1.6894907690738694f,0f,0f,0f,1f], start_interpolation: 0, interpolation_duration: 1 }
$data merge entity $(bone_right_whisker12) { transformation: [0.08083551603696913f,-0.9965597923066044f,-0.018281129747766224f,-0.8709827759896759f,-0.9426895893692371f,-0.08239723483867051f,0.32333733744465737f,2.960931974775423f,-0.323731304389761f,-0.0089037098312311f,-0.9461071643896081f,1.8349169409677073f,0f,0f,0f,1f], start_interpolation: 0, interpolation_duration: 1 }
$data merge entity $(bone_right_whisker11) { transformation: [0.29632871332552474f,-0.9550612859170583f,0.006872685158964997f,-1.0040991901788765f,-0.9548384131410345f,-0.2960803795612337f,0.02490007287513782f,3.3898632931786223f,-0.021746228389086297f,-0.013940910348005521f,-0.9996663206137927f,1.8446857545018671f,0f,0f,0f,1f], start_interpolation: 0, interpolation_duration: 1 }
$data merge entity $(bone_right_whisker10) { transformation: [0.06661459278381662f,-0.9906394474267632f,0.11914688930158347f,-1.0340237142809816f,-0.9720921633982694f,-0.09135601924272037f,-0.21608078028319916f,3.8265453197051884f,0.2249429302910379f,-0.10142762419637577f,-0.9690784876169524f,1.74363717253519f,0f,0f,0f,1f], start_interpolation: 0, interpolation_duration: 1 }
$data merge entity $(bone_right_whisker1) { transformation: [-0.3349467127089014f,-0.9380343561383894f,0.08889457997841162f,-0.8835593706812798f,-0.9397324470618836f,0.33944072081493293f,0.04102346879193769f,4.248690754908769f,-0.06865586343922125f,-0.06979644515787545f,-0.9951958745185484f,1.7744786736895277f,0f,0f,0f,1f], start_interpolation: 0, interpolation_duration: 1 }
$data merge entity $(bone_left_whisker16) { transformation: [0.25694164051948454f,-0.9089528662502292f,0.32830729553674093f,0.9956989172789581f,-0.9504450747572404f,-0.29918991573618525f,-0.08449588268950355f,2.134216152013305f,0.17502900684417963f,-0.2903275413343821f,-0.9407841226901484f,1.8874902432094094f,0f,0f,0f,1f], start_interpolation: 0, interpolation_duration: 1 }
$data merge entity $(bone_left_whisker15) { transformation: [-0.8676390345150046f,-0.3733856257051438f,0.32830729553674093f,0.7033791253769301f,-0.4206882810538688f,0.9032617649344308f,-0.08449588268950355f,1.9924803541973044f,-0.2649978791798376f,-0.21142695789400984f,-0.9407841226901484f,1.7982087311810462f,0f,0f,0f,1f], start_interpolation: 0, interpolation_duration: 1 }
$data merge entity $(bone_left_whisker14) { transformation: [-0.7050824007292336f,0.6285484292234382f,0.32830729553674093f,0.46582694934999136f,0.6408426212188739f,0.7630079820276093f,-0.08449588268950355f,2.2083892451353035f,-0.30361084139276584f,0.15081674801859368f,-0.9407841226901484f,1.6959179691883663f,0f,0f,0f,1f], start_interpolation: 0, interpolation_duration: 1 }
$data merge entity $(bone_left_whisker13) { transformation: [-0.10085076229534862f,0.9897524755114405f,0.10108986578002103f,0.4318489093188436f,0.9896658410320788f,0.08939039535029317f,0.11211993718062235f,2.5418215841549006f,0.10193452231072403f,0.11135256817017677f,-0.9885393056035708f,1.7302611432090693f,0f,0f,0f,1f], start_interpolation: 0, interpolation_duration: 1 }
$data merge entity $(bone_left_whisker12) { transformation: [0.05335690138021001f,0.9956127414937791f,0.0768655322647559f,0.4558178298607348f,0.9431519130687153f,-0.07553374289514372f,0.3236651395486904f,2.9655031076037375f,0.3280510782636225f,0.05522610487343815f,-0.9430443082859797f,1.877627838522806f,0f,0f,0f,1f], start_interpolation: 0, interpolation_duration: 1 }
$data merge entity $(bone_left_whisker11) { transformation: [0.2877372039070993f,0.9559959329525779f,0.05726323136057575f,0.5850747769283772f,0.9568506543748635f,-0.28949634850830647f,0.025073679880563637f,3.3953383624986957f,0.0405478323726467f,0.047577729858491f,-0.998044203886477f,1.8958426850964558f,0f,0f,0f,1f], start_interpolation: 0, interpolation_duration: 1 }
$data merge entity $(bone_left_whisker10) { transformation: [0.07425101472962183f,0.9957170776724724f,-0.05508437203974866f,0.6184297249514494f,0.9725774777703354f,-0.08451256478499693f,-0.21668104699616578f,3.832238401340838f,-0.22040834046268387f,-0.03748503201083936f,-0.9746871476682308f,1.7968311259042347f,0f,0f,0f,1f], start_interpolation: 0, interpolation_duration: 1 }
$data merge entity $(bone_left_whisker1) { transformation: [-0.34512928471004245f,0.9382225250928607f,-0.024985400615384654f,0.4633911790856101f,0.937389429050102f,0.34590485671171245f,0.04063112610270109f,4.253331308921939f,0.046763609149191976f,-0.009398058928654779f,-0.9988617728933843f,1.8178382159517232f,0f,0f,0f,1f], start_interpolation: 0, interpolation_duration: 1 }
$data merge entity $(bone_upper_left_tooth1) { transformation: [-0.9984228661558779f,-0.003189933818937645f,0.05605001926237676f,0.039882081123362834f,0.00006700931736650616f,0.998315995656775f,0.058010070897847654f,4.573098451261296f,-0.056140679073497096f,0.057922337125263804f,-0.9967413039576085f,2.813541359534942f,0f,0f,0f,1f], start_interpolation: 0, interpolation_duration: 1 }
$data merge entity $(bone_upper_right_tooth1) { transformation: [-0.9984228661558779f,-0.003189933818937645f,0.05605001926237676f,-0.6328833267355782f,0.00006700931736650616f,0.998315995656775f,0.058010070897847654f,4.573143604023975f,-0.056140679073497096f,0.057922337125263804f,-0.9967413039576085f,2.775712191018621f,0f,0f,0f,1f], start_interpolation: 0, interpolation_duration: 1 }
$data merge entity $(bone_top_lip1) { transformation: [-0.9984228661558779f,0.02374308709052856f,0.05087284297632268f,-0.2688624409765173f,0.00006700931736650616f,0.9066699275626718f,-0.4218407732347011f,4.6964462687637765f,-0.056140679073497096f,-0.4211720649199217f,-0.9052415787425231f,2.8033584557743194f,0f,0f,0f,1f], start_interpolation: 0, interpolation_duration: 1 }
$data merge entity $(bone_muzzle1) { transformation: [-0.9984228661558779f,-0.003189933818937645f,0.05605001926237676f,-0.2379264082693885f,0.00006700931736650616f,0.998315995656775f,0.058010070897847654f,4.897193632061683f,-0.056140679073497096f,0.057922337125263804f,-0.9967413039576085f,2.2534222774329944f,0f,0f,0f,1f], start_interpolation: 0, interpolation_duration: 1 }
$data merge entity $(bone_jaw_right_tooth1) { transformation: [-0.9984228661558779f,0.024913771410292856f,0.05030988303701055f,-0.6354812687440479f,0.00006700931736650616f,0.8966671269622778f,-0.44270538615987676f,4.332969290715755f,-0.056140679073497096f,-0.44200380928146993f,-0.8952546323442491f,2.821628108530849f,0f,0f,0f,1f], start_interpolation: 0, interpolation_duration: 1 }
$data merge entity $(bone_jaw_left_tooth1) { transformation: [-0.9984228661558779f,0.024913771410292856f,0.05030988303701055f,0.09334792310313839f,0.00006700931736650616f,0.8966671269622778f,-0.44270538615987676f,4.332920375222853f,-0.056140679073497096f,-0.44200380928146993f,-0.8952546323442491f,2.8626097077568637f,0f,0f,0f,1f], start_interpolation: 0, interpolation_duration: 1 }
$data merge entity $(bone_tongue1) { transformation: [-0.9984228661558779f,-0.0034123703047620746f,0.05603691699215067f,-0.22667041284528155f,0.00006700931736650616f,0.9980778914499369f,0.0619719138691015f,4.382337739870672f,-0.056140679073497096f,0.06187793086190835f,-0.9965035603676564f,2.052627710272623f,0f,0f,0f,1f], start_interpolation: 0, interpolation_duration: 1 }
$data merge entity $(bone_jaw_lips1) { transformation: [-0.9984228661558779f,-0.0034123703047620746f,0.05603691699215067f,-0.2205115887356752f,0.00006700931736650616f,0.9980778914499369f,0.0619719138691015f,4.1977542949029845f,-0.056140679073497096f,0.06187793086190835f,-0.9965035603676564f,2.943084771795631f,0f,0f,0f,1f], start_interpolation: 0, interpolation_duration: 1 }
$data merge entity $(bone_jaw3) { transformation: [-0.9984228661558779f,0.015799055733617007f,0.05387179387219318f,-0.17344188561913154f,0.00006700931736650616f,0.9599197220536304f,-0.28027508401966855f,3.8650916908251736f,-0.056140679073497096f,-0.2798294427868644f,-0.9584068588562791f,2.105585828699758f,0f,0f,0f,1f], start_interpolation: 0, interpolation_duration: 1 }
$data merge entity $(bone_jaw1) { transformation: [-0.9984228661558779f,-0.026921491316126908f,0.049264730207296485f,-0.1291806045735136f,0.00006700931736650616f,0.876950157366765f,0.480581332350891f,4.296863981609177f,-0.056140679073497096f,0.47982669246272847f,-0.875565285603218f,1.318945142415617f,0f,0f,0f,1f], start_interpolation: 0, interpolation_duration: 1 }
$data merge entity $(bone_tear_right1) { transformation: [-0.9984228661558779f,-0.00806287621752223f,0.05555871096581455f,-0.8401243225356643f,0.00006700931736650616f,0.9894611910775151f,0.1447982971626962f,4.962551750984796f,-0.056140679073497096f,0.14457365381896517f,-0.98790013805779f,2.1609266855032687f,0f,0f,0f,1f], start_interpolation: 0, interpolation_duration: 1 }
$data merge entity $(bone_right_pupil1) { transformation: [-0.9984228661558779f,-0.00806287621752223f,0.05555871096581455f,-0.6597633951803843f,0.00006700931736650616f,0.9894611910775151f,0.1447982971626962f,5.0639035473484455f,-0.056140679073497096f,0.14457365381896517f,-0.98790013805779f,2.254133475454045f,0f,0f,0f,1f], start_interpolation: 0, interpolation_duration: 1 }
$data merge entity $(bone_right_sad_pupil1) { transformation: [-0.9984228661558779f,-0.00806287621752223f,0.05555871096581455f,-0.6591394448130925f,0.00006700931736650616f,0.9894611910775151f,0.1447982971626962f,5.065529700099784f,-0.056140679073497096f,0.14457365381896517f,-0.98790013805779f,2.2430388938254664f,0f,0f,0f,1f], start_interpolation: 0, interpolation_duration: 1 }
$data merge entity $(bone_right_happy_pupil1) { transformation: [-0.9984228661558779f,-0.00806287621752223f,0.05555871096581455f,-0.6869446061981035f,0.00006700931736650616f,0.9894611910775151f,0.1447982971626962f,5.0377516545640955f,-0.056140679073497096f,0.14457365381896517f,-0.98790013805779f,2.237403675849115f,0f,0f,0f,1f], start_interpolation: 0, interpolation_duration: 1 }
$data merge entity $(bone_eyelid_right1) { transformation: [-0.9984228661558779f,-0.00806287621752223f,0.05555871096581455f,-0.19579768153381444f,0.00006700931736650616f,0.9894611910775151f,0.1447982971626962f,5.091247799691259f,-0.056140679073497096f,0.14457365381896517f,-0.98790013805779f,1.7044653995302912f,0f,0f,0f,1f], start_interpolation: 0, interpolation_duration: 1 }
$data merge entity $(bone_eyelid_expressions_right5) { transformation: [-0.9984228661558779f,-0.00806287621752223f,0.05555871096581455f,-0.7889912879717985f,0.00006700931736650616f,0.9894611910775151f,0.1447982971626962f,5.176659484212555f,-0.056140679073497096f,0.14457365381896517f,-0.98790013805779f,2.2520246223816f,0f,0f,0f,1f], start_interpolation: 0, interpolation_duration: 1 }
$data merge entity $(bone_eyelid_expressions_right7) { transformation: [-0.9984228661558779f,-0.00806287621752223f,0.05555871096581455f,-0.452608584042328f,0.00006700931736650616f,0.9894611910775151f,0.1447982971626962f,5.176636907831215f,-0.056140679073497096f,0.14457365381896517f,-0.98790013805779f,2.270939206639761f,0f,0f,0f,1f], start_interpolation: 0, interpolation_duration: 1 }
$data merge entity $(bone_eyelid_expressions_right6) { transformation: [-0.9984228661558779f,-0.00806287621752223f,0.05555871096581455f,-0.5647361520188182f,0.00006700931736650616f,0.9894611910775151f,0.1447982971626962f,5.176644433291662f,-0.056140679073497096f,0.14457365381896517f,-0.98790013805779f,2.264634345220374f,0f,0f,0f,1f], start_interpolation: 0, interpolation_duration: 1 }
$data merge entity $(bone_right_eye1) { transformation: [-0.9984228661558779f,-0.00806287621752223f,0.05555871096581455f,-0.20763438869875533f,0.00006700931736650616f,0.9894611910775151f,0.1447982971626962f,5.089622399485965f,-0.056140679073497096f,0.14457365381896517f,-0.98790013805779f,1.7149294950169311f,0f,0f,0f,1f], start_interpolation: 0, interpolation_duration: 1 }
$data merge entity $(bone_tear_left1) { transformation: [-0.9984228661558779f,-0.00806287621752223f,0.05555871096581455f,0.3708534116104298f,0.00006700931736650616f,0.9894611910775151f,0.1447982971626962f,4.962470476011974f,-0.056140679073497096f,0.14457365381896517f,-0.98790013805779f,2.2290191888326474f,0f,0f,0f,1f], start_interpolation: 0, interpolation_duration: 1 }
$data merge entity $(bone_left_sad_pupil1) { transformation: [-0.9984228661558779f,-0.00806287621752223f,0.05555871096581455f,0.181817315010584f,0.00006700931736650616f,0.9894611910775151f,0.1447982971626962f,5.065473259146436f,-0.056140679073497096f,0.14457365381896517f,-0.98790013805779f,2.290325354470868f,0f,0f,0f,1f], start_interpolation: 0, interpolation_duration: 1 }
$data merge entity $(bone_left_pupil1) { transformation: [-0.9984228661558779f,-0.00806287621752223f,0.05555871096581455f,0.18119336464329217f,0.00006700931736650616f,0.9894611910775151f,0.1447982971626962f,5.063847106395097f,-0.056140679073497096f,0.14457365381896517f,-0.98790013805779f,2.301419936099447f,0f,0f,0f,1f], start_interpolation: 0, interpolation_duration: 1 }
$data merge entity $(bone_eyelid_left1) { transformation: [-0.9984228661558779f,-0.00806287621752223f,0.05555871096581455f,-0.21822319512911248f,0.00006700931736650616f,0.9894611910775151f,0.1447982971626962f,5.091249304783348f,-0.056140679073497096f,0.14457365381896517f,-0.98790013805779f,1.7032044272464137f,0f,0f,0f,1f], start_interpolation: 0, interpolation_duration: 1 }
$data merge entity $(bone_left_happy_pupil1) { transformation: [-0.9984228661558779f,-0.00806287621752223f,0.05555871096581455f,0.210075937613818f,0.00006700931736650616f,0.9894611910775151f,0.1447982971626962f,5.037691450880524f,-0.056140679073497096f,0.14457365381896517f,-0.98790013805779f,2.28784256720421f,0f,0f,0f,1f], start_interpolation: 0, interpolation_duration: 1 }
$data merge entity $(bone_eyelid_expressions_left5) { transformation: [-0.9984228661558779f,-0.00806287621752223f,0.05555871096581455f,0.30985887819780533f,0.00006700931736650616f,0.9894611910775151f,0.1447982971626962f,5.17658573470018f,-0.056140679073497096f,0.14457365381896517f,-0.98790013805779f,2.3138122642915917f,0f,0f,0f,1f], start_interpolation: 0, interpolation_duration: 1 }
$data merge entity $(bone_eyelid_expressions_left7) { transformation: [-0.9984228661558779f,-0.00806287621752223f,0.05555871096581455f,-0.026523825731665326f,0.00006700931736650616f,0.9894611910775151f,0.1447982971626962f,5.1766083110815195f,-0.056140679073497096f,0.14457365381896517f,-0.98790013805779f,2.2948976800334306f,0f,0f,0f,1f], start_interpolation: 0, interpolation_duration: 1 }
$data merge entity $(bone_eyelid_expressions_left6) { transformation: [-0.9984228661558779f,-0.00806287621752223f,0.05555871096581455f,0.08560374224482489f,0.00006700931736650616f,0.9894611910775151f,0.1447982971626962f,5.176600785621073f,-0.056140679073497096f,0.14457365381896517f,-0.98790013805779f,2.3012025414528177f,0f,0f,0f,1f], start_interpolation: 0, interpolation_duration: 1 }
$data merge entity $(bone_left_eye1) { transformation: [-0.9984228661558779f,-0.00806287621752223f,0.05555871096581455f,-0.20763438869875533f,0.00006700931736650616f,0.9894611910775151f,0.1447982971626962f,5.089622399485965f,-0.056140679073497096f,0.14457365381896517f,-0.98790013805779f,1.7149294950169311f,0f,0f,0f,1f], start_interpolation: 0, interpolation_duration: 1 }
$data merge entity $(bone_crest_middle5) { transformation: [-0.9984228661558779f,0.00415335209527032f,0.05598687349240643f,-0.2452948445628642f,0.00006700931736650616f,0.9973470975859f,-0.0727925988458469f,6.391688850330396f,-0.056140679073497096f,-0.07267404353243137f,-0.995774426037249f,2.3862486078348835f,0f,0f,0f,1f], start_interpolation: 0, interpolation_duration: 1 }
$data merge entity $(bone_crest_middle4) { transformation: [-0.9984228661558779f,0.00415335209527032f,0.05598687349240643f,-0.24809349001768502f,0.00006700931736650616f,0.9973470975859f,-0.0727925988458469f,5.719648325589897f,-0.056140679073497096f,-0.07267404353243137f,-0.995774426037249f,2.43521842232451f,0f,0f,0f,1f], start_interpolation: 0, interpolation_duration: 1 }
$data merge entity $(bone_crest_middle1) { transformation: [-0.9984228661558779f,0.00415335209527032f,0.05598687349240643f,-0.25490818547783334f,0.00006700931736650616f,0.9973470975859f,-0.0727925988458469f,5.221749170743634f,-0.056140679073497096f,-0.07267404353243137f,-0.995774426037249f,2.555818742850618f,0f,0f,0f,1f], start_interpolation: 0, interpolation_duration: 1 }
$data merge entity $(bone_crest_left5) { transformation: [-0.5296520541195601f,-0.8319006042714256f,0.16555991718941968f,-1.3483775975224765f,-0.8344671004386288f,0.5460448832209506f,0.07415958329013034f,5.742913355006731f,-0.15209654779934337f,-0.09887552842364644f,-0.9834074791389714f,2.3291625192694134f,0f,0f,0f,1f], start_interpolation: 0, interpolation_duration: 1 }
$data merge entity $(bone_crest_left4) { transformation: [-0.5296520541195601f,-0.8319006042714256f,0.16555991718941968f,-0.8812459105536583f,-0.8344671004386288f,0.5460448832209506f,0.07415958329013034f,5.436296355151217f,-0.15209654779934337f,-0.09887552842364644f,-0.9834074791389714f,2.3846834458744883f,0f,0f,0f,1f], start_interpolation: 0, interpolation_duration: 1 }
$data merge entity $(bone_crest_left1) { transformation: [-0.5296520541195601f,-0.8319006042714256f,0.16555991718941968f,-0.3581044775067173f,-0.8344671004386288f,0.5460448832209506f,0.07415958329013034f,5.103181889723416f,-0.15209654779934337f,-0.09887552842364644f,-0.9834074791389714f,2.3905358303251383f,0f,0f,0f,1f], start_interpolation: 0, interpolation_duration: 1 }
$data merge entity $(bone_crest_center1) { transformation: [-0.9984228661558779f,-0.00806287621752223f,0.05555871096581455f,-0.24575053772933328f,0.00006700931736650616f,0.9894611910775151f,0.1447982971626962f,5.075394437386251f,-0.056140679073497096f,0.14457365381896517f,-0.98790013805779f,2.392781668947464f,0f,0f,0f,1f], start_interpolation: 0, interpolation_duration: 1 }
$data merge entity $(bone_crest_right5) { transformation: [-0.5432523757805728f,0.8378141025827308f,-0.05426219422633652f,0.8571473430523773f,0.834539108598582f,0.5459328200396114f,0.07417433668784121f,5.742765330832094f,0.09176781804231395f,-0.0049885385726321785f,-0.99576793584382f,2.45317777580509f,0f,0f,0f,1f], start_interpolation: 0, interpolation_duration: 1 }
$data merge entity $(bone_crest_right4) { transformation: [-0.5432523757805728f,0.8378141025827308f,-0.05426219422633652f,0.38669508818414466f,0.834539108598582f,0.5459328200396114f,0.07417433668784121f,5.436211257079382f,0.09176781804231395f,-0.0049885385726321785f,-0.99576793584382f,2.455978957132496f,0f,0f,0f,1f], start_interpolation: 0, interpolation_duration: 1 }
$data merge entity $(bone_crest_right1) { transformation: [-0.5432523757805728f,0.8378141025827308f,-0.05426219422633652f,-0.13384934155373696f,0.834539108598582f,0.5459328200396114f,0.07417433668784121f,5.103166838802523f,0.09176781804231395f,-0.0049885385726321785f,-0.99576793584382f,2.4031455531639123f,0f,0f,0f,1f], start_interpolation: 0, interpolation_duration: 1 }
$data merge entity $(bone_head1) { transformation: [-1.0465239677805747f,-0.008451322076960146f,0.05823536761390715f,-0.1728643691007229f,0.00007023763083338207f,1.0371305453351554f,0.15177425679162812f,5.123500235880933f,-0.05884537324761086f,0.15153879078680588f,-1.0354942853340112f,1.0966093559386672f,0f,0f,0f,1f], start_interpolation: 0, interpolation_duration: 1 }
$data merge entity $(bone_neck10) { transformation: [-1.482325408787933f,-0.00692000620417322f,0.21179654779965032f,-0.01988332693222008f,0.010832780469947343f,1.4921659555454496f,0.12457003517079437f,4.764606599276489f,-0.21163249989783064f,0.12484853346874837f,-1.4770981045149727f,0.006722396431124711f,0f,0f,0f,1f], start_interpolation: 0, interpolation_duration: 1 }
$data merge entity $(bone_neck9) { transformation: [-1.1339789377227694f,-0.03000250216496369f,0.1593102858057748f,0.010545828483627034f,0.008287077059509722f,1.1135183184169208f,0.26869392885269905f,3.3322453145856734f,-0.16189886242184057f,0.2671421960535827f,-1.1020943489251362f,-0.27972871868985644f,0f,0f,0f,1f], start_interpolation: 0, interpolation_duration: 1 }
$data merge entity $(bone_neck8) { transformation: [-1.0528045288118388f,0.04279537399756228f,0.14163798033934752f,-0.025843042468914f,-1.5899489515862938e-17f,1.0177108892614906f,-0.3074974524699426f,2.58259003976754f,-0.14796202725767388f,-0.30450490840036293f,-1.0078065968462424f,-0.020808448082399844f,0f,0f,0f,1f], start_interpolation: 0, interpolation_duration: 1 }
$data merge entity $(bone_neck7) { transformation: [-1.0453904124117555f,0.06535846278584653f,0.1315817990219584f,-0.08775812748196726f,-3.662570463927595e-18f,0.9454542444930836f,-0.46961993614412983f,1.7370426901800853f,-0.14692004115022544f,-0.4650496272079871f,-0.9362531487776863f,0.41974027317832324f,0f,0f,0f,1f], start_interpolation: 0, interpolation_duration: 1 }
$data merge entity $(bone_neck6) { transformation: [-1.0394591192916887f,0.03780995607745248f,0.14110867711300037f,-0.11996898090935124f,-3.641789922288289e-18f,1.01390768862361f,-0.27167574636640235f,0.8387963800272793f,-0.1460864522642667f,-0.26903181667818193f,-1.0040404086955317f,0.6489324043876866f,0f,0f,0f,1f], start_interpolation: 0, interpolation_duration: 1 }
$data merge entity $(bone_neck_spine6) { transformation: [-1.2672798575683215f,0.11748944770968353f,-0.013541078066302954f,0.26458064404444953f,-0.029255576617410517f,-0.17022405637034418f,1.261012787558603f,0.45162388166172057f,0.1145916330065463f,1.255868372412654f,0.1721881451645079f,-1.9031374900759332f,0f,0f,0f,1f], start_interpolation: 0, interpolation_duration: 1 }
$data merge entity $(bone_neck_spine7) { transformation: [-0.8287684017640742f,0.5264388544165283f,-0.1897500165956122f,-0.7864885909543463f,-0.17827320142933983f,0.07303451109975023f,0.9812668474174363f,1.1694606092916344f,0.5304352947245836f,0.8470702997679906f,0.03332124489586821f,-5.172544514697309f,0f,0f,0f,1f], start_interpolation: 0, interpolation_duration: 1 }
$data merge entity $(bone_tail6) { transformation: [-1.1852379342831674f,1.105529511884086f,-0.5816506468806092f,-3.28437013846409f,-0.7103995701811642f,0.06302125003213091f,1.5673744639549068f,0.8440478427122806f,1.02754339438766f,1.318762585883012f,0.4127005600342264f,-8.198142996983927f,0f,0f,0f,1f], start_interpolation: 0, interpolation_duration: 1 }
$data merge entity $(bone_tail5) { transformation: [-0.9791095978860948f,0.9132635098172884f,-0.4804940126405032f,-2.707572132263697f,-0.5868518188453095f,0.05206103263523858f,1.2947876006584014f,0.8769284949029577f,0.8488401953637191f,1.089412570946836f,0.34092654959349133f,-7.510092952175399f,0f,0f,0f,1f], start_interpolation: 0, interpolation_duration: 1 }
$data merge entity $(bone_tail4) { transformation: [-0.7214491773897539f,0.6729310072337914f,-0.3540482198403707f,-2.419173129163501f,-0.4324171296754912f,0.03836076088912316f,0.9540540215377692f,0.8933688209982962f,0.625461196583793f,0.802725052276616f,0.25120903654257254f,-7.166067929771136f,0f,0f,0f,1f], start_interpolation: 0, interpolation_duration: 1 }
$data merge entity $(bone_segment18) { transformation: [-0.6882894015345727f,0.6420012590752197f,-0.33777519607131024f,-2.0586743752882555f,-0.4125420566345059f,0.036597595481797f,0.910203091355288f,0.9139192286174693f,0.5967132906538547f,0.7658296150912312f,0.23966278268906302f,-6.736036651765805f,0f,0f,0f,1f], start_interpolation: 0, interpolation_duration: 1 }
$data merge entity $(bone_segment17) { transformation: [-0.6882894015345727f,0.6420012590752197f,-0.33777519607131024f,-1.590025995250436f,-0.4125420566345059f,0.036597595481797f,0.910203091355288f,0.9406347585223944f,0.5967132906538547f,0.7658296150912312f,0.23966278268906302f,-6.176995990358876f,0f,0f,0f,1f], start_interpolation: 0, interpolation_duration: 1 }
$data merge entity $(bone_segment16) { transformation: [-0.7132739182285552f,0.6998911988366482f,-0.03731792285059918f,-0.9219169651109592f,-0.20871448365660844f,-0.16127391935913743f,0.964587469982115f,0.7866843130404052f,0.669087873068134f,0.6958038751872122f,0.2611099105503638f,-5.512788677863269f,0f,0f,0f,1f], start_interpolation: 0, interpolation_duration: 1 }
$data merge entity $(bone_segment15) { transformation: [-0.8287684017640742f,0.5576118035464195f,-0.04703203996353032f,-0.2643815620032429f,-0.17827320142933983f,-0.1834246279576974f,0.9667337128241231f,0.570390135053179f,0.5304352947245836f,0.8095829064427493f,0.2514237771296792f,-4.558129147072624f,0f,0f,0f,1f], start_interpolation: 0, interpolation_duration: 1 }
$data merge entity $(bone_segment14) { transformation: [-0.9891213475846298f,0.3460768294138156f,0.023344933506408698f,0.12495487108729961f,-0.10040150761688274f,-0.3531829685255694f,0.9817619497805441f,0.1730592954619135f,0.33201460065152993f,0.9242119978184223f,0.3664337403513188f,-3.518390649526899f,0f,0f,0f,1f], start_interpolation: 0, interpolation_duration: 1 }
$data merge entity $(bone_segment13) { transformation: [-1.0212784734521179f,0.0951391685106616f,0.005694743330398504f,0.23938266517575107f,-0.02357655292108965f,-0.3115626140944828f,0.9769680114897105f,-0.22892183208707578f,0.09234737483468732f,0.9726103474346239f,0.3124014824667603f,-2.3555496512587695f,0f,0f,0f,1f], start_interpolation: 0, interpolation_duration: 1 }
$data merge entity $(bone_segment12) { transformation: [-1.1134066752268426f,-0.06655328933041611f,-0.01923841031079827f,0.15898271833363764f,-0.01490263178520219f,-0.07244846051323683f,1.1131051223163124f,-0.3164434622372948f,-0.06765625113660517f,1.1112136434728652f,0.07141954517901067f,-1.0131439074660462f,0f,0f,0f,1f], start_interpolation: 0, interpolation_duration: 1 }
$data merge entity $(bone_segment11) { transformation: [-1.1802013328253511f,-0.1549036694106026f,0.015890502878847457f,-0.026018526745407722f,-0.05070724074175515f,0.4971712326511403f,1.0804500830866044f,0.2578606301191194f,-0.14722917718634987f,1.0704898222349541f,-0.4994976984509077f,0.22323244301806378f,0f,0f,0f,1f], start_interpolation: 0, interpolation_duration: 1 }
$data merge entity $(bone_segment10) { transformation: [-1.0391709848776678f,-0.10095685421479542f,0.09277163252095966f,-0.13096973739622592f,-0.04464788492984733f,0.9197363427924768f,0.500766237024007f,1.1993072247341088f,-0.12963575349741502f,0.49251189971303794f,-0.916134159433751f,0.7272068540177165f,0f,0f,0f,1f], start_interpolation: 0, interpolation_duration: 1 }