# This file was generated by Animated Java via MC-Build. It is not recommended to edit this file directly.
$data merge entity $(bone_neck_spine5) { transformation: [-1.3535704135231417f,0.03085455700471972f,0.18999155797846434f,0.15930485898780744f,0.024337211858318893f,1.3661113250880261f,-0.048468626362338285f,3.5966056878092085f,-0.1909358423921632f,-0.044603855601631194f,-1.3530541971080516f,-0.7709306949388136f,0f,0f,0f,1f], start_interpolation: 0, interpolation_duration: 1 }
$data merge entity $(bone_neck_spine2) { transformation: [-1.2891146795458488f,0.031034590340223794f,0.18066876909488752f,-0.09585636416885847f,0.02317829700792275f,1.300583212898362f,-0.058026544091745715f,5.0581383891030285f,-0.18184365942110778f,-0.05423253150861843f,-1.2881819448350265f,0.5249700952722147f,0f,0f,0f,1f], start_interpolation: 0, interpolation_duration: 1 }
$data merge entity $(bone_scale_neck_left1) { transformation: [-1.3676619101116436f,0.32215720074897136f,0.27780398852092536f,0.5663130167832775f,0.39389318999047723f,1.312289297271511f,0.4173779744410903f,4.261438499378735f,-0.16065015689900042f,0.4749431088825358f,-1.3416705962404094f,0.6240530806333582f,0f,0f,0f,1f], start_interpolation: 0, interpolation_duration: 1 }
$data merge entity $(bone_scale_neck_right1) { transformation: [-1.3717542463360777f,-0.39446783821236786f,0.11893204226690761f,-0.787257396739864f,-0.34463845547390454f,1.3251742238493482f,0.42023449389194295f,4.285775711237054f,-0.22577431446087476f,0.37385534564068595f,-1.3640812138096408f,0.4331172382411949f,0f,0f,0f,1f], start_interpolation: 0, interpolation_duration: 1 }
$data merge entity $(bone_blush_right1) { transformation: [-0.9979313374205866f,0.0009876511578610202f,0.06428118184312907f,-0.7927264359174735f,0.0111133921933341f,0.9874791908279577f,0.15735736460591668f,3.9671805594280394f,-0.06332091524856692f,0.1577462272986349f,-0.98544740573261f,1.6826483132089052f,0f,0f,0f,1f], start_interpolation: 0, interpolation_duration: 1 }
$data merge entity $(bone_blush_left1) { transformation: [-0.9979313374205866f,0.0009876511578610202f,0.06428118184312907f,0.3572335036882805f,0.0111133921933341f,0.9874791908279577f,0.15735736460591668f,3.954374111392752f,-0.06332091524856692f,0.1577462272986349f,-0.98544740573261f,1.755615774139871f,0f,0f,0f,1f], start_interpolation: 0, interpolation_duration: 1 }
$data merge entity $(bone_left_head_scales) { transformation: [-0.9148576536332655f,0.0009876511578610202f,-0.4037753064933839f,0.3895769609850683f,-0.06280184562025601f,0.9874791908279577f,0.14470928051943244f,4.634867683393054f,0.3988626352208556f,0.1577462272986349f,-0.9033408692169984f,1.5195431812591922f,0f,0f,0f,1f], start_interpolation: 0, interpolation_duration: 1 }
$data merge entity $(bone_left_head_scales2) { transformation: [-0.8543276663141367f,0.0009876511578610202f,-0.5197338387246218f,0.3793891697714373f,-0.08115291849009897f,0.9874791908279577f,0.13527398679088898f,3.8403491703527677f,0.5133599540193803f,0.1577462272986349f,-0.8435506418599107f,1.5406565885062464f,0f,0f,0f,1f], start_interpolation: 0, interpolation_duration: 1 }
$data merge entity $(bone_left_head_scales1) { transformation: [-0.9979313374205866f,0.0009876511578610202f,0.06428118184312907f,0.38948051067668343f,0.0111133921933341f,0.9874791908279577f,0.15735736460591668f,4.538434168663762f,-0.06332091524856692f,0.1577462272986349f,-0.98544740573261f,1.5041382762495599f,0f,0f,0f,1f], start_interpolation: 0, interpolation_duration: 1 }
$data merge entity $(bone_right_head_scales) { transformation: [-0.8554941604869177f,0.0009876511578610202f,0.5178115158220933f,-0.7798738250546815f,0.08251724415794726f,0.9874791908279577f,0.13444609365221427f,4.647891189869618f,-0.5111953108053334f,0.1577462272986349f,-0.8448641796074006f,1.4453389837022779f,0f,0f,0f,1f], start_interpolation: 0, interpolation_duration: 1 }
$data merge entity $(bone_right_head_scales2) { transformation: [-0.7805873239021056f,0.0009876511578610202f,0.6250459617568449f,-0.7900616162683126f,0.09936003435840886f,0.9874791908279577f,0.12252522701084077f,3.853372676829331f,-0.6170988683636074f,0.1577462272986349f,-0.7709118720303915f,1.466452390949332f,0f,0f,0f,1f], start_interpolation: 0, interpolation_duration: 1 }
$data merge entity $(bone_right_head_scales1) { transformation: [-0.9979313374205866f,0.0009876511578610202f,0.06428118184312907f,-0.7799702753630664f,0.0111133921933341f,0.9874791908279577f,0.15735736460591668f,4.551457675140325f,-0.06332091524856692f,0.1577462272986349f,-0.98544740573261f,1.4299340786926455f,0f,0f,0f,1f], start_interpolation: 0, interpolation_duration: 1 }
$data merge entity $(bone_head_left_fin1) { transformation: [-0.7355318503015903f,0.042951030545725466f,-0.6761272854773566f,0.3938268966142878f,0.15112393562151227f,0.9832444172033548f,-0.10194102275679026f,4.188333945444957f,0.6604199067821804f,-0.17715988545236647f,-0.7296985142593623f,1.3741939160493926f,0f,0f,0f,1f], start_interpolation: 0, interpolation_duration: 1 }
$data merge entity $(bone_head_right_fin1) { transformation: [-0.6493401575556751f,0.0016025989434701286f,0.760496411209282f,-0.775623889425462f,-0.13570140585040702f,0.98370489110546f,-0.11793988157285243f,4.20135745192152f,-0.7482930497043214f,-0.17978353342790257f,-0.6385416140490644f,1.2999897184924782f,0f,0f,0f,1f], start_interpolation: 0, interpolation_duration: 1 }
$data merge entity $(bone_right_whisker16) { transformation: [0.2597181815499739f,0.9182542668919264f,-0.29892401627695475f,-1.2478947592846557f,0.9550935110980588f,-0.2899724079224976f,-0.06092936649933581f,1.8253957903682774f,-0.14262836755272984f,-0.26967592398729057f,-0.9523297983318827f,1.503601326165353f,0f,0f,0f,1f], start_interpolation: 0, interpolation_duration: 1 }
$data merge entity $(bone_right_whisker15) { transformation: [-0.8764984490565417f,0.3773524894502899f,-0.29892401627695475f,-0.9911081042876219f,0.4121563729926596f,0.9090735594546377f,-0.06092936649933581f,1.704646852968084f,0.24875207135421376f,-0.17660793358777416f,-0.9523297983318827f,1.430724742760798f,0f,0f,0f,1f], start_interpolation: 0, interpolation_duration: 1 }
$data merge entity $(bone_right_whisker14) { transformation: [-0.7124217506051576f,-0.6349013165504832f,-0.29892401627695475f,-0.7823907945400171f,-0.6497156360033541f,0.7577316178111787f,-0.06092936649933581f,1.8949932307034416f,0.26518831346316746f,0.15080820140733836f,-0.9523297983318827f,1.3530328540508858f,0f,0f,0f,1f], start_interpolation: 0, interpolation_duration: 1 }
$data merge entity $(bone_right_whisker13) { transformation: [-0.09506030204050968f,-0.9929463546747367f,-0.07085954920911282f,-0.7545410966765865f,-0.9869076948733179f,0.08468663567415793f,0.13726389014604817f,2.184126344435859f,-0.13029482252108465f,0.08298018122626655f,-0.9879967351908886f,1.3912051653363597f,0f,0f,0f,1f], start_interpolation: 0, interpolation_duration: 1 }
$data merge entity $(bone_right_whisker12) { transformation: [0.0659224656408671f,-0.9966402433843576f,-0.04860507988468791f,-0.7802920598175502f,-0.9343237868493427f,-0.07875342880463132f,0.34761610834226f,2.5490965736738835f,-0.35027601952079523f,0.022497171339571787f,-0.9363763065297975f,1.5280317354616704f,0f,0f,0f,1f], start_interpolation: 0, interpolation_duration: 1 }
$data merge entity $(bone_right_whisker11) { transformation: [0.2913628757446213f,-0.9562445899951435f,-0.026532220842668597f,-0.8941056831552929f,-0.9549653041815613f,-0.2923762347528538f,0.050570793558753796f,2.922129895619806f,-0.056115438581929994f,0.010602898507665305f,-0.9983679863136606f,1.5499518286577367f,0f,0f,0f,1f], start_interpolation: 0, interpolation_duration: 1 }
$data merge entity $(bone_right_whisker10) { transformation: [0.06997499995089217f,-0.9938626836927014f,0.08567651571471548f,-0.9214396675111102f,-0.9777751183173642f,-0.08535043667570064f,-0.19149705208888151f,3.3040733012125263f,0.19763430213740052f,-0.07037235907946002f,-0.977746599941035f,1.4727509293853147f,0f,0f,0f,1f], start_interpolation: 0, interpolation_duration: 1 }
$data merge entity $(bone_right_whisker1) { transformation: [-0.34106008364396323f,-0.9383921520959312f,0.05566137107132277f,-0.788213072337687f,-0.9365127071307133f,0.3443093323312848f,0.06629504545807219f,3.669898577435461f,-0.08137547989090882f,-0.02951698755550136f,-0.9962463443938817f,1.504538226217701f,0f,0f,0f,1f], start_interpolation: 0, interpolation_duration: 1 }
$data merge entity $(bone_left_whisker16) { transformation: [0.25861256852118075f,-0.919439738636898f,0.2962264444950685f,0.8404523800316253f,-0.9554988672912788f,-0.2885352548184589f,-0.06139479889966784f,1.8237626160941325f,0.14192059050032624f,-0.2671665655394764f,-0.9531424721676605f,1.5007497025978571f,0f,0f,0f,1f], start_interpolation: 0, interpolation_duration: 1 }
$data merge entity $(bone_left_whisker15) { transformation: [-0.8778180903851149f,-0.3764110702070806f,0.2962264444950685f,0.583279111364111f,-0.4107844245330468f,0.909663033891739f,-0.06139479889966784f,1.7034156167192165f,-0.2463565642593744f,-0.1755786746630619f,-0.9531424721676605f,1.4285749279124935f,0f,0f,0f,1f], start_interpolation: 0, interpolation_duration: 1 }
$data merge entity $(bone_left_whisker14) { transformation: [-0.7121262395385737f,0.636495178726799f,0.2962264444950685f,0.3746483771242945f,0.6508296917491574f,0.756737332900767f,-0.06139479889966784f,1.8940883779738524f,-0.26324310304041526f,0.1490721182910269f,-0.9531424721676605f,1.3514529250686218f,0f,0f,0f,1f], start_interpolation: 0, interpolation_duration: 1 }
$data merge entity $(bone_left_whisker13) { transformation: [-0.09316039693386209f,0.9933005110743883f,0.06837569116640735f,0.3473552920850771f,0.987054891284125f,0.0831333080581833f,0.1371550024001582f,2.1832646156547484f,0.13055183658305794f,0.08026797487579865f,-0.9881868599481217f,1.3897005334425645f,0f,0f,0f,1f], start_interpolation: 0, interpolation_duration: 1 }
$data merge entity $(bone_left_whisker12) { transformation: [0.06834009222784135f,0.9965735704207718f,0.046591313923143654f,0.3740506406115776f,0.9342187879478844f,-0.08031220486359716f,0.3475416608050515f,2.5481938296968907f,0.3500926849271146f,0.01977545166974428f,-0.9365062965467886f,1.5264554884922186f,0f,0f,0f,1f], start_interpolation: 0, interpolation_duration: 1 }
$data merge entity $(bone_left_whisker11) { transformation: [0.29300832436423424f,0.9558115110677624f,0.023884663774565176f,0.4885070173163566f,0.9545083016111549f,-0.2938715421067832f,0.05053136545918671f,2.921048635013748f,0.055317483751995994f,0.00799199913298066f,-0.9984368302207236f,1.548063880582842f,0f,0f,0f,1f], start_interpolation: 0, interpolation_duration: 1 }
$data merge entity $(bone_left_whisker10) { transformation: [0.07096423599480886f,0.9935320814669654f,-0.08864581380748865f,0.5162274220018288f,0.9776648979761045f,-0.08690466199673176f,-0.19136072478073213f,3.302948985785664f,-0.19782675368879304f,-0.07308613287862961f,-0.9775085640063728f,1.470787804923157f,0f,0f,0f,1f], start_interpolation: 0, interpolation_duration: 1 }
$data merge entity $(bone_left_whisker1) { transformation: [-0.3393713797428147f,0.9388454216913326f,-0.05827813295466687f,0.3836604767897918f,0.9370448328201644f,0.342841254513068f,0.06638415088660976f,3.6689821236060407f,0.08230460434561743f,-0.03208034247213326f,-0.9960907607895889f,1.5029380409956639f,0f,0f,0f,1f], start_interpolation: 0, interpolation_duration: 1 }
$data merge entity $(bone_upper_left_tooth1) { transformation: [-0.9979313374205866f,0.006586366995260516f,0.0639504930689576f,0.008227376239188455f,0.0111133921933341f,0.9974361323677812f,0.07069409000163675f,3.9362690676801f,-0.06332091524856692f,0.07125855469349698f,-0.9954459704449448f,2.394669125200079f,0f,0f,0f,1f], start_interpolation: 0, interpolation_duration: 1 }
$data merge entity $(bone_upper_right_tooth1) { transformation: [-0.9979313374205866f,0.006586366995260516f,0.0639504930689576f,-0.5764980167806865f,0.0111133921933341f,0.9974361323677812f,0.07069409000163675f,3.9427808209183817f,-0.06332091524856692f,0.07125855469349698f,-0.9954459704449448f,2.357567026421622f,0f,0f,0f,1f], start_interpolation: 0, interpolation_duration: 1 }
$data merge entity $(bone_top_lip1) { transformation: [-0.9979313374205866f,0.03566451435131744f,0.05348914104791479f,-0.25906393048264226f,0.0111133921933341f,0.9151883063508924f,-0.40287325107599564f,4.046400077306406f,-0.06332091524856692f,-0.40144539645469823f,-0.9136914442837988f,2.385318743936038f,0f,0f,0f,1f], start_interpolation: 0, interpolation_duration: 1 }
$data merge entity $(bone_muzzle1) { transformation: [-0.9979313374205866f,0.006586366995260516f,0.0639504930689576f,-0.22687330393599398f,0.0111133921933341f,0.9974361323677812f,0.07069409000163675f,4.2270274843923294f,-0.06332091524856692f,0.07125855469349698f,-0.9954459704449448f,1.9096994060273977f,0f,0f,0f,1f], start_interpolation: 0, interpolation_duration: 1 }
$data merge entity $(bone_jaw_right_tooth1) { transformation: [-0.9979313374205866f,0.03746010517922307f,0.05224735700416428f,-0.5811405878003084f,0.0111133921933341f,0.9009815734937179f,-0.4337149948281034f,3.737101332378292f,-0.06332091524856692f,-0.43223713947871967f,-0.8995340554683506f,2.394634877939516f,0f,0f,0f,1f], start_interpolation: 0, interpolation_duration: 1 }
$data merge entity $(bone_jaw_left_tooth1) { transformation: [-0.9979313374205866f,0.03746010517922307f,0.05224735700416428f,0.05231192130455606f,0.0111133921933341f,0.9009815734937179f,-0.4337149948281034f,3.7300469330368204f,-0.06332091524856692f,-0.43223713947871967f,-0.8995340554683506f,2.4348288182828446f,0f,0f,0f,1f], start_interpolation: 0, interpolation_duration: 1 }
$data merge entity $(bone_tongue1) { transformation: [-0.9979313374205866f,0.006800224015915759f,0.06392810608247684f,-0.22033978675145144f,0.0111133921933341f,0.9976670022819155f,0.06735759104788402f,3.7798495382896653f,-0.06332091524856692f,0.06792870903491538f,-0.9956787394440707f,1.7282480578878991f,0f,0f,0f,1f], start_interpolation: 0, interpolation_duration: 1 }
$data merge entity $(bone_jaw_lips1) { transformation: [-0.9979313374205866f,0.006800224015915759f,0.06392810608247684f,-0.2223201984513643f,0.0111133921933341f,0.9976670022819155f,0.06735759104788402f,3.614641405030922f,-0.06332091524856692f,0.06792870903491538f,-0.9956787394440707f,2.5015852234307276f,0f,0f,0f,1f], start_interpolation: 0, interpolation_duration: 1 }
$data merge entity $(bone_jaw3) { transformation: [-0.9979313374205866f,0.02781834367746499f,0.05795848125168131f,-0.17907762001028504f,0.0111133921933341f,0.9626074573764742f,-0.27067208115569835f,3.332675064931136f,-0.06332091524856692f,-0.2694680366170398f,-0.9609253035141918f,1.770598842732189f,0f,0f,0f,1f], start_interpolation: 0, interpolation_duration: 1 }
$data merge entity $(bone_jaw1) { transformation: [-0.9979313374205866f,-0.021312295664623827f,0.06065337457605065f,-0.13169217112274548f,0.0111133921933341f,0.8720603247947152f,0.4892721966685757f,3.714918968578461f,-0.06332091524856692f,0.48893412232369277f,-0.8700194743335601f,1.0908961284090952f,0f,0f,0f,1f], start_interpolation: 0, interpolation_duration: 1 }
$data merge entity $(bone_tear_right1) { transformation: [-0.9979313374205866f,0.0009876511578610202f,0.06428118184312907f,-0.7493114570010682f,0.0111133921933341f,0.9874791908279577f,0.15735736460591668f,4.290324977753808f,-0.06332091524856692f,0.1577462272986349f,-0.98544740573261f,1.8262689107019574f,0f,0f,0f,1f], start_interpolation: 0, interpolation_duration: 1 }
$data merge entity $(bone_right_pupil1) { transformation: [-0.9979313374205866f,0.0009876511578610202f,0.06428118184312907f,-0.5921823109643815f,0.0111133921933341f,0.9874791908279577f,0.15735736460591668f,4.37574760573313f,-0.06332091524856692f,0.1577462272986349f,-0.98544740573261f,1.9096179320175246f,0f,0f,0f,1f], start_interpolation: 0, interpolation_duration: 1 }
$data merge entity $(bone_right_sad_pupil1) { transformation: [-0.9979313374205866f,0.0009876511578610202f,0.06428118184312907f,-0.5915545650479447f,0.0111133921933341f,0.9874791908279577f,0.15735736460591668f,4.37728429874686f,-0.06332091524856692f,0.1577462272986349f,-0.98544740573261f,1.899994422195917f,0f,0f,0f,1f], start_interpolation: 0, interpolation_duration: 1 }
$data merge entity $(bone_right_happy_pupil1) { transformation: [-0.9979313374205866f,0.0009876511578610202f,0.06428118184312907f,-0.6159419235053517f,0.0111133921933341f,0.9874791908279577f,0.15735736460591668f,4.353447548230443f,-0.06332091524856692f,0.1577462272986349f,-0.98544740573261f,1.8945973442445554f,0f,0f,0f,1f], start_interpolation: 0, interpolation_duration: 1 }
$data merge entity $(bone_eyelid_right1) { transformation: [-0.9979313374205866f,0.0009876511578610202f,0.06428118184312907f,-0.18501638867233403f,0.0111133921933341f,0.9874791908279577f,0.15735736460591668f,4.401723813601197f,-0.06332091524856692f,0.1577462272986349f,-0.98544740573261f,1.434923678448021f,0f,0f,0f,1f], start_interpolation: 0, interpolation_duration: 1 }
$data merge entity $(bone_eyelid_expressions_right5) { transformation: [-0.9979313374205866f,0.0009876511578610202f,0.06428118184312907f,-0.7035301698814929f,0.0111133921933341f,0.9874791908279577f,0.15735736460591668f,4.474965896040555f,-0.06332091524856692f,0.1577462272986349f,-0.98544740573261f,1.9082881113941312f,0f,0f,0f,1f], start_interpolation: 0, interpolation_duration: 1 }
$data merge entity $(bone_eyelid_expressions_right7) { transformation: [-0.9979313374205866f,0.0009876511578610202f,0.06428118184312907f,-0.41116747337155546f,0.0111133921933341f,0.9874791908279577f,0.15735736460591668f,4.471710019421414f,-0.06332091524856692f,0.1577462272986349f,-0.98544740573261f,1.92683916078336f,0f,0f,0f,1f], start_interpolation: 0, interpolation_duration: 1 }
$data merge entity $(bone_eyelid_expressions_right6) { transformation: [-0.9979313374205866f,0.0009876511578610202f,0.06428118184312907f,-0.5086217055415346f,0.0111133921933341f,0.9874791908279577f,0.15735736460591668f,4.472795311627794f,-0.06332091524856692f,0.1577462272986349f,-0.98544740573261f,1.920655477653617f,0f,0f,0f,1f], start_interpolation: 0, interpolation_duration: 1 }
$data merge entity $(bone_right_eye1) { transformation: [-0.9979313374205866f,0.0009876511578610202f,0.06428118184312907f,-0.19538955780576875f,0.0111133921933341f,0.9874791908279577f,0.15735736460591668f,4.400295649808105f,-0.06332091524856692f,0.1577462272986349f,-0.98544740573261f,1.4439288199566542f,0f,0f,0f,1f], start_interpolation: 0, interpolation_duration: 1 }
$data merge entity $(bone_tear_left1) { transformation: [-0.9979313374205866f,0.0009876511578610202f,0.06428118184312907f,0.3031942504347067f,0.0111133921933341f,0.9874791908279577f,0.15735736460591668f,4.2786038219249f,-0.06332091524856692f,0.1577462272986349f,-0.98544740573261f,1.8930526885031804f,0f,0f,0f,1f], start_interpolation: 0, interpolation_duration: 1 }
$data merge entity $(bone_left_sad_pupil1) { transformation: [-0.9979313374205866f,0.0009876511578610202f,0.06428118184312907f,0.13935217622689902f,0.0111133921933341f,0.9874791908279577f,0.15735736460591668f,4.369144607199007f,-0.06332091524856692f,0.1577462272986349f,-0.98544740573261f,1.9463720456689886f,0f,0f,0f,1f], start_interpolation: 0, interpolation_duration: 1 }
$data merge entity $(bone_left_pupil1) { transformation: [-0.9979313374205866f,0.0009876511578610202f,0.06428118184312907f,0.13872443031046225f,0.0111133921933341f,0.9874791908279577f,0.15735736460591668f,4.367607914185277f,-0.06332091524856692f,0.1577462272986349f,-0.98544740573261f,1.9559955554905961f,0f,0f,0f,1f], start_interpolation: 0, interpolation_duration: 1 }
$data merge entity $(bone_eyelid_left1) { transformation: [-0.9979313374205866f,0.0009876511578610202f,0.06428118184312907f,-0.20450723510632984f,0.0111133921933341f,0.9874791908279577f,0.15735736460591668f,4.401940872042473f,-0.06332091524856692f,0.1577462272986349f,-0.98544740573261f,1.4336869418220723f,0f,0f,0f,1f], start_interpolation: 0, interpolation_duration: 1 }
$data merge entity $(bone_left_happy_pupil1) { transformation: [-0.9979313374205866f,0.0009876511578610202f,0.06428118184312907f,0.16369193385448153f,0.0111133921933341f,0.9874791908279577f,0.15735736460591668f,4.344765210579401f,-0.06332091524856692f,0.1577462272986349f,-0.98544740573261f,1.9440668092824982f,0f,0f,0f,1f], start_interpolation: 0, interpolation_duration: 1 }
$data merge entity $(bone_eyelid_expressions_left5) { transformation: [-0.9979313374205866f,0.0009876511578610202f,0.06428118184312907f,0.25152130538430284f,0.0111133921933341f,0.9874791908279577f,0.15735736460591668f,4.464330032418028f,-0.06332091524856692f,0.1577462272986349f,-0.98544740573261f,1.9688882060656114f,0f,0f,0f,1f], start_interpolation: 0, interpolation_duration: 1 }
$data merge entity $(bone_eyelid_expressions_left7) { transformation: [-0.9979313374205866f,0.0009876511578610202f,0.06428118184312907f,-0.040841391125634605f,0.0111133921933341f,0.9874791908279577f,0.15735736460591668f,4.467585909037169f,-0.06332091524856692f,0.1577462272986349f,-0.98544740573261f,1.9503371566763827f,0f,0f,0f,1f], start_interpolation: 0, interpolation_duration: 1 }
$data merge entity $(bone_eyelid_expressions_left6) { transformation: [-0.9979313374205866f,0.0009876511578610202f,0.06428118184312907f,0.05661284104434455f,0.0111133921933341f,0.9874791908279577f,0.15735736460591668f,4.466500616830788f,-0.06332091524856692f,0.1577462272986349f,-0.98544740573261f,1.9565208398061256f,0f,0f,0f,1f], start_interpolation: 0, interpolation_duration: 1 }
$data merge entity $(bone_left_eye1) { transformation: [-0.9979313374205866f,0.0009876511578610202f,0.06428118184312907f,-0.19538955780576875f,0.0111133921933341f,0.9874791908279577f,0.15735736460591668f,4.400295649808105f,-0.06332091524856692f,0.1577462272986349f,-0.98544740573261f,1.4439288199566542f,0f,0f,0f,1f], start_interpolation: 0, interpolation_duration: 1 }
$data merge entity $(bone_crest_middle5) { transformation: [-0.9979313374205866f,0.014877234063458937f,0.06254369433108431f,-0.2208483104661538f,0.0111133921933341f,0.9981303583649798f,-0.06010224807904138f,5.524932546957095f,-0.06332091524856692f,-0.059282844203180446f,-0.9962308999801528f,2.042540161181809f,0f,0f,0f,1f], start_interpolation: 0, interpolation_duration: 1 }
$data merge entity $(bone_crest_middle4) { transformation: [-0.9979313374205866f,0.014877234063458937f,0.06254369433108431f,-0.22956543980021177f,0.0111133921933341f,0.9981303583649798f,-0.06010224807904138f,4.940090540102615f,-0.06332091524856692f,-0.059282844203180446f,-0.9962308999801528f,2.07727620270711f,0f,0f,0f,1f], start_interpolation: 0, interpolation_duration: 1 }
$data merge entity $(bone_crest_middle1) { transformation: [-0.9979313374205866f,0.014877234063458937f,0.06254369433108431f,-0.2406841433327997f,0.0111133921933341f,0.9981303583649798f,-0.06010224807904138f,4.505861073866684f,-0.06332091524856692f,-0.059282844203180446f,-0.9962308999801528f,2.1762946755428825f,0f,0f,0f,1f], start_interpolation: 0, interpolation_duration: 1 }
$data merge entity $(bone_crest_left5) { transformation: [-0.5370210932910904f,-0.8255298462701113f,0.17351892772169816f,-1.1853752635692958f,-0.8268602811896466f,0.5558650746395132f,0.08553416970420173f,4.9714152390901925f,-0.16706412167614124f,-0.09754225603939329f,-0.981109110922595f,1.9784474345556184f,0f,0f,0f,1f], start_interpolation: 0, interpolation_duration: 1 }
$data merge entity $(bone_crest_left4) { transformation: [-0.5370210932910904f,-0.8255298462701113f,0.17351892772169816f,-0.7822845183202181f,-0.8268602811896466f,0.5558650746395132f,0.08553416970420173f,4.699996745613868f,-0.16706412167614124f,-0.09754225603939329f,-0.981109110922595f,2.0260754892623534f,0f,0f,0f,1f], start_interpolation: 0, interpolation_duration: 1 }
$data merge entity $(bone_crest_left1) { transformation: [-0.5370210932910904f,-0.8255298462701113f,0.17351892772169816f,-0.3304120946535715f,-0.8268602811896466f,0.5558650746395132f,0.08553416970420173f,4.405612875919998f,-0.16706412167614124f,-0.09754225603939329f,-0.981109110922595f,2.0305606311329947f,0f,0f,0f,1f], start_interpolation: 0, interpolation_duration: 1 }
$data merge entity $(bone_crest_center1) { transformation: [-0.9979313374205866f,0.0009876511578610202f,0.06428118184312907f,-0.23298197475204757f,0.0111133921933341f,0.9874791908279577f,0.15735736460591668f,4.380419513618542f,-0.06332091524856692f,0.1577462272986349f,-0.98544740573261f,2.0328931373060257f,0f,0f,0f,1f], start_interpolation: 0, interpolation_duration: 1 }
$data merge entity $(bone_crest_right5) { transformation: [-0.535355140215116f,0.8433628514073952f,-0.0461949641329123f,0.7315283444758502f,0.8388027237354128f,0.5372795684203967f,0.08798099801687449f,4.950067776800767f,0.09901951574970638f,0.008352617792043104f,-0.9950504355442058f,2.1000791404187065f,0f,0f,0f,1f], start_interpolation: 0, interpolation_duration: 1 }
$data merge entity $(bone_crest_right4) { transformation: [-0.535355140215116f,0.8433628514073952f,-0.0461949641329123f,0.3197300771870831f,0.8388027237354128f,0.5372795684203967f,0.08798099801687449f,4.687724237532994f,0.09901951574970638f,0.008352617792043104f,-0.9950504355442058f,2.0960007137624355f,0f,0f,0f,1f], start_interpolation: 0, interpolation_duration: 1 }
$data merge entity $(bone_crest_right1) { transformation: [-0.535355140215116f,0.8433628514073952f,-0.0461949641329123f,-0.13550363031361318f,0.8388027237354128f,0.5372795684203967f,0.08798099801687449f,4.403442291507238f,0.09901951574970638f,0.008352617792043104f,-0.9950504355442058f,2.0429279973924803f,0f,0f,0f,1f], start_interpolation: 0, interpolation_duration: 1 }
$data merge entity $(bone_head1) { transformation: [-0.9979313374205866f,0.0009876511578610202f,0.06428118184312907f,-0.16091175755593679f,0.0111133921933341f,0.9874791908279577f,0.15735736460591668f,4.436597008198589f,-0.06332091524856692f,0.1577462272986349f,-0.98544740573261f,0.9069333272634243f,0f,0f,0f,1f], start_interpolation: 0, interpolation_duration: 1 }
$data merge entity $(bone_neck10) { transformation: [-1.2891146795458488f,0.007187078634616768f,0.18317394963407635f,-0.0325564420320424f,0.02317829700792275f,1.297030527065106f,0.11223005548190175f,4.127451764609912f,-0.18184365942110778f,0.11437291946242353f,-1.2842401355534823f,-0.04239964515715883f,0f,0f,0f,1f], start_interpolation: 0, interpolation_duration: 1 }
$data merge entity $(bone_neck9) { transformation: [-0.990040073891212f,-0.014167932448153078f,0.14007113114281575f,-0.02140921974155585f,0.017800932102084673f,0.9743409840135583f,0.2243719538796869f,2.8795397754384173f,-0.13965593043541077f,0.22463062249309615f,-0.9643844174044829f,-0.2804861572380191f,0f,0f,0f,1f], start_interpolation: 0, interpolation_duration: 1 }
$data merge entity $(bone_neck8) { transformation: [-0.9904984803493792f,0.04947625590736855f,0.1283154726716891f,-0.05900446437057543f,0.009643290842123094f,0.9557335104116806f,-0.2940756093556559f,2.2664105532570384f,-0.13718515724124328f,-0.29004406075207734f,-0.9471297036072411f,-0.05214185315983966f,0f,0f,0f,1f], start_interpolation: 0, interpolation_duration: 1 }
$data merge entity $(bone_neck7) { transformation: [-0.9911960193339593f,0.05932173217809852f,0.11836968931235432f,-0.11005016384601161f,0f,0.8940132592663904f,-0.4480405029189726f,1.5468621573050552f,-0.13240261045958776f,-0.4440959629936708f,-0.8861423838166249f,0.32999784898457574f,0f,0f,0f,1f], start_interpolation: 0, interpolation_duration: 1 }
$data merge entity $(bone_neck6) { transformation: [-0.9911960193339593f,0.03426831720823152f,0.12789110091100694f,-0.136176228532255f,0f,0.9659258262890684f,-0.25881904510252074f,0.7759595840165305f,-0.13240261045958776f,-0.2565404072334351f,-0.9574218339895899f,0.5255835041916537f,0f,0f,0f,1f], start_interpolation: 0, interpolation_duration: 1 }
$data merge entity $(bone_neck_spine6) { transformation: [-1.1040640053249302f,0.021562960799130153f,-0.0742925863381366f,0.210117944618253f,-0.07610280300560303f,-0.11201152605696257f,1.0984550327266212f,0.4631231005150851f,0.013882112156465462f,1.1008769841673172f,0.11322027296429615f,-1.6807924108838337f,0f,0f,0f,1f], start_interpolation: 0, interpolation_duration: 1 }
$data merge entity $(bone_neck_spine7) { transformation: [-0.8482322552136431f,0.4699588332547322f,-0.24421452917676267f,-0.505468153039582f,-0.20840741237952326f,0.1277313931163643f,0.9696654277006188f,0.9561591927711153f,0.48689669508063865f,0.8733976106324105f,-0.010402983281155465f,-4.60115590701019f,0f,0f,0f,1f], start_interpolation: 0, interpolation_duration: 1 }
$data merge entity $(bone_tail6) { transformation: [-0.9134412622106897f,0.9630955435877883f,-0.6930124934633658f,-2.667526596958639f,-0.795630707981915f,0.1516371775823532f,1.2594332950081484f,0.4451686448475886f,0.8802221984767062f,1.1365066748507147f,0.41923232343491124f,-7.198761078115399f,0f,0f,0f,1f], start_interpolation: 0, interpolation_duration: 1 }
$data merge entity $(bone_tail5) { transformation: [-0.7545819122610046f,0.795600666442086f,-0.5724885815566936f,-2.1650419655215316f,-0.6572601500720169f,0.12526549452455266f,1.040401417615427f,0.5242836940209904f,0.7271400770024965f,0.9388533400940686f,0.3463223541418832f,-6.60580107384546f,0f,0f,0f,1f], start_interpolation: 0, interpolation_duration: 1 }
$data merge entity $(bone_tail4) { transformation: [-0.610019903806791f,0.6431803282394969f,-0.4628118217216217f,-1.9137996498029781f,-0.5313429423740094f,0.10126726294195415f,0.8410824091880504f,0.5638412186076912f,0.5878353464609656f,0.7589888054655207f,0.2799742820852277f,-6.309321071710491f,0f,0f,0f,1f], start_interpolation: 0, interpolation_duration: 1 }
$data merge entity $(bone_segment18) { transformation: [-0.610019903806791f,0.6431803282394969f,-0.4628118217216217f,-1.5997467551547864f,-0.5313429423740094f,0.10126726294195415f,0.8410824091880504f,0.6132881243410673f,0.5878353464609656f,0.7589888054655207f,0.2799742820852277f,-5.9387210690417795f,0f,0f,0f,1f], start_interpolation: 0, interpolation_duration: 1 }
$data merge entity $(bone_segment17) { transformation: [-0.610019903806791f,0.6431803282394969f,-0.4628118217216217f,-1.191477992112137f,-0.5313429423740094f,0.10126726294195415f,0.8410824091880504f,0.6775691017944562f,0.5878353464609656f,0.7589888054655207f,0.2799742820852277f,-5.456941065572455f,0f,0f,0f,1f], start_interpolation: 0, interpolation_duration: 1 }
$data merge entity $(bone_segment16) { transformation: [-0.6778363565326245f,0.7281051983377269f,-0.10198379241897194f,-0.5870937942732035f,-0.23504842994768627f,-0.08317672747259684f,0.9684182296849212f,0.608525919810367f,0.6966276690899553f,0.6804002146975915f,0.2275201936043636f,-4.892155731106681f,0f,0f,0f,1f], start_interpolation: 0, interpolation_duration: 1 }
$data merge entity $(bone_segment15) { transformation: [-0.8482322552136431f,0.517152745575115f,-0.1142588244263757f,-0.0568102172674704f,-0.20840741237952326f,-0.12758882862742355f,0.9696841966716552f,0.47769753108107527f,0.48689669508063865f,0.8463297989280552f,0.21600342535698222f,-4.024337089627718f,0f,0f,0f,1f], start_interpolation: 0, interpolation_duration: 1 }
$data merge entity $(bone_segment14) { transformation: [-0.9636363200120441f,0.2624536207557284f,-0.050230864076320124f,0.21230726495275884f,-0.12955732310669638f,-0.29447376887969856f,0.9468368916931854f,0.17574688916341577f,0.2337090986313382f,0.9189141942499279f,0.3177684075280822f,-3.082091089664413f,0f,0f,0f,1f], start_interpolation: 0, interpolation_duration: 1 }
$data merge entity $(bone_segment13) { transformation: [-0.9975543012818191f,0.030843009389624195f,-0.06272260171527833f,0.24697069786314557f,-0.06876112083329779f,-0.27201162598671513f,0.9598341437924637f,-0.13988625051751416f,0.01254289663078291f,0.9617995550528474f,0.2734671673972116f,-2.0555843329430306f,0f,0f,0f,1f], start_interpolation: 0, interpolation_duration: 1 }
$data merge entity $(bone_segment12) { transformation: [-0.9925111718723947f,-0.10130255008594848f,-0.06825955650727501f,0.1282567719811747f,-0.06411609437814941f,-0.04361278668378632f,0.9969889925567718f,-0.19099498491257627f,-0.10397451683070331f,0.993899249513631f,0.036791054158087644f,-0.8908586499192442f,0f,0f,0f,1f], start_interpolation: 0, interpolation_duration: 1 }
$data merge entity $(bone_segment11) { transformation: [-1.0233214571282352f,-0.15551130955897585f,-0.013337537038770506f,-0.05710591505101191f,-0.07920991655306915f,0.44120524028630753f,0.933066014265668f,0.318451660970266f,-0.13448957734584494f,0.9234189896559507f,-0.4480606934804503f,0.17555855652482644f,0f,0f,0f,1f], start_interpolation: 0, interpolation_duration: 1 }
$data merge entity $(bone_segment10) { transformation: [-0.9922145825922509f,-0.0966779437778586f,0.07850858092062614f,-0.14697349297352671f,-0.04810596751714717f,0.8789798802445832f,0.47442616497665624f,1.1295879144109637f,-0.11487400916014237f,0.46695582800957036f,-0.8767874410068681f,0.6064142785754503f,0f,0f,0f,1f], start_interpolation: 0, interpolation_duration: 1 }