# This file was generated by Animated Java via MC-Build. It is not recommended to edit this file directly.
$data merge entity $(bone_neck_spine5) { transformation: [-1.5594882747291245f,0.04985522366974575f,0.19372654235251527f,0.15940221993745454f,0.04182246220436441f,1.5702619143099026f,-0.067435878281577f,4.152852556556241f,-0.19561799046658712f,-0.061734696057264414f,-1.558827002802163f,-0.8618653907687696f,0f,0f,0f,1f], start_interpolation: 0, interpolation_duration: 1 }
$data merge entity $(bone_neck_spine2) { transformation: [-1.4852269283134514f,0.04663802285450789f,0.18471639862459507f,-0.09664255643781561f,0.03983091638510895f,1.4957652643194923f,-0.05739384844380874f,5.836559872044724f,-0.18630284806341627f,-0.05201394585580727f,-1.4848501877037958f,0.6366819143450565f,0f,0f,0f,1f], start_interpolation: 0, interpolation_duration: 1 }
$data merge entity $(bone_scale_neck_left1) { transformation: [-1.5717808908640887f,0.390726175887806f,0.2998215593119612f,0.6591804876059724f,0.46665651211078196f,1.5020966781960068f,0.48886843822729653f,4.9135912252758605f,-0.15745352221136338f,0.5514469200805162f,-1.544075698764352f,0.7323357007479531f,0f,0f,0f,1f], start_interpolation: 0, interpolation_duration: 1 }
$data merge entity $(bone_scale_neck_right1) { transformation: [-1.5843810146433905f,-0.43491860363175133f,0.1167805184534684f,-0.9003077871231515f,-0.38201434830428027f,1.524238875829192f,0.4937772452617588f,4.955413687480225f,-0.23844688919109316f,0.4478802724653568f,-1.5670358717684552f,0.5367177102813661f,0f,0f,0f,1f], start_interpolation: 0, interpolation_duration: 1 }
$data merge entity $(bone_blush_right1) { transformation: [-0.9977071758208161f,0.009603284228329125f,0.06699379260559321f,-0.9030300562654696f,0.020954410002657013f,0.985072803145205f,0.17085808498601793f,4.573157003722768f,-0.06435296432249143f,0.17187015283544332f,-0.9830154355589896f,1.955192274019137f,0f,0f,0f,1f], start_interpolation: 0, interpolation_duration: 1 }
$data merge entity $(bone_blush_left1) { transformation: [-0.9977071758208161f,0.009603284228329125f,0.06699379260559321f,0.41912681637988936f,0.020954410002657013f,0.985072803145205f,0.17085808498601793f,4.545388317811044f,-0.06435296432249143f,0.17187015283544332f,-0.9830154355589896f,2.0404725206847822f,0f,0f,0f,1f], start_interpolation: 0, interpolation_duration: 1 }
$data merge entity $(bone_left_head_scales) { transformation: [-0.9159113641237008f,0.009603284228329125f,-0.4012656850530478f,0.4636747548626693f,-0.060306695127072485f,0.985072803145205f,0.16122864207856838f,5.331395470001359f,0.3968242376568148f,0.17187015283544332f,-0.9016602325557059f,1.7802667448270764f,0f,0f,0f,1f], start_interpolation: 0, interpolation_duration: 1 }
$data merge entity $(bone_left_head_scales2) { transformation: [-0.8556999334957753f,0.009603284228329125f,-0.5173832242616259f,0.4437612287742634f,-0.08083532371749813f,0.985072803145205f,0.1519777054147616f,4.417586877663784f,0.5111196281251712f,0.17187015283544332f,-0.8421504475505006f,1.791448016336176f,0f,0f,0f,1f], start_interpolation: 0, interpolation_duration: 1 }
$data merge entity $(bone_left_head_scales1) { transformation: [-0.9977071758208161f,0.009603284228329125f,0.06699379260559321f,0.4625962610284331f,0.020954410002657013f,0.985072803145205f,0.17085808498601793f,5.220767176679388f,-0.06435296432249143f,0.17187015283544332f,-0.9830154355589896f,1.7609649210223146f,0f,0f,0f,1f], start_interpolation: 0, interpolation_duration: 1 }
$data merge entity $(bone_right_head_scales) { transformation: [-0.8540427824617246f,0.009603284228329125f,0.5201141246467602f,-0.8808915563021024f,0.09748027247750221f,0.985072803145205f,0.14187730255879796f,5.359634811606503f,-0.5109877906591778f,0.17187015283544332f,-0.8422304484887579f,1.6935410702518439f,0f,0f,0f,1f], start_interpolation: 0, interpolation_duration: 1 }
$data merge entity $(bone_right_head_scales2) { transformation: [-0.7788478118550608f,0.009603284228329125f,0.6271394285967147f,-0.9008050823905083f,0.11516501929859052f,0.985072803145205f,0.12793979378443618f,4.445826219268928f,-0.6165493526868221f,0.17187015283544332f,-0.7683277596610594f,1.7047223417609434f,0f,0f,0f,1f], start_interpolation: 0, interpolation_duration: 1 }
$data merge entity $(bone_right_head_scales1) { transformation: [-0.9977071758208161f,0.009603284228329125f,0.06699379260559321f,-0.8819700501363386f,0.020954410002657013f,0.985072803145205f,0.17085808498601793f,5.249006518284531f,-0.06435296432249143f,0.17187015283544332f,-0.9830154355589896f,1.674239246447082f,0f,0f,0f,1f], start_interpolation: 0, interpolation_duration: 1 }
$data merge entity $(bone_head_left_fin1) { transformation: [-0.7704399424437355f,0.05447579831751216f,-0.7086112336889226f,0.4641946762325916f,0.15538241742428205f,1.0327210216963727f,-0.08954771759771733f,4.8203024922113125f,0.6935083254495604f,-0.17086508352862548f,-0.7671548238706947f,1.6057855658178701f,0f,0f,0f,1f], start_interpolation: 0, interpolation_duration: 1 }
$data merge entity $(bone_head_right_fin1) { transformation: [-0.6808250940389314f,0.011145055290512547f,0.7968865522109315f,-0.8803716349321801f,-0.1249021288847513f,1.033631078451613f,-0.12116703299242146f,4.848541833816456f,-0.7871161588686331f,-0.17365995343400578f,-0.6700489318298791f,1.5190598912426376f,0f,0f,0f,1f], start_interpolation: 0, interpolation_duration: 1 }
$data merge entity $(bone_right_whisker16) { transformation: [0.2584678750960574f,0.9077303991730821f,-0.33048431121674393f,-1.4335978429703342f,0.9575333351274593f,-0.2859859415796955f,-0.03663268128952518f,2.110504319421192f,-0.12776646533035885f,-0.3069813734346954f,-0.9431002951442304f,1.7321517023893946f,0f,0f,0f,1f], start_interpolation: 0, interpolation_duration: 1 }
$data merge entity $(bone_right_whisker15) { transformation: [-0.8662278122254538f,0.3747392391606436f,-0.33048431121674393f,-1.1417535117029693f,0.4085224723622934f,0.9120128487233825f,-0.03663268128952518f,1.9728673536350676f,0.28767823501631656f,-0.16674251526459177f,-0.9431002951442304f,1.6352288595372177f,0f,0f,0f,1f], start_interpolation: 0, interpolation_duration: 1 }
$data merge entity $(bone_right_whisker14) { transformation: [-0.705712782833651f,-0.6266973657075464f,-0.33048431121674393f,-0.903988951080304f,-0.6539152895237147f,0.7556803826940705f,-0.03663268128952518f,2.1931806103593656f,0.27269811563760504f,0.1902565925968534f,-0.9431002951442304f,1.5433530295616575f,0f,0f,0f,1f], start_interpolation: 0, interpolation_duration: 1 }
$data merge entity $(bone_right_whisker13) { transformation: [-0.10304768002939882f,-0.9893315941165024f,-0.1029765629813826f,-0.869270738570399f,-0.9831231826460346f,0.08557026337921057f,0.16169891084711926f,2.524408635762571f,-0.1511621096190798f,0.11790134396228288f,-0.9814526426208231f,1.594281670009492f,0f,0f,0f,1f], start_interpolation: 0, interpolation_duration: 1 }
$data merge entity $(bone_right_whisker12) { transformation: [0.05076940688237386f,-0.9956416124173146f,-0.07823200718287793f,-0.8920773080683404f,-0.9256301962787682f,-0.07632325514109636f,0.37065280312119137f,2.9402190754971738f,-0.3750082759909992f,0.05359608519021713f,-0.9254708275199937f,1.7627424189898235f,0f,0f,0f,1f], start_interpolation: 0, interpolation_duration: 1 }
$data merge entity $(bone_right_whisker11) { transformation: [0.2857353773827091f,-0.956469299104109f,-0.05934453625444575f,-1.0204349971269793f,-0.9541596642887842f,-0.28970845158882735f,0.07515549296172128f,3.368845487189401f,-0.08907653538545374f,0.0351495796461146f,-0.9954043790813991f,1.8027572688700078f,0f,0f,0f,1f], start_interpolation: 0, interpolation_duration: 1 }
$data merge entity $(bone_right_whisker10) { transformation: [0.07277601556881566f,-0.9959619285726973f,0.05256889186278547f,-1.0531273478707832f,-0.9825377573054763f,-0.08064547431726884f,-0.16767785465370286f,3.8102198703539703f,0.17124020271844193f,-0.039447994954071836f,-0.9844392559559227f,1.7258329590550827f,0f,0f,0f,1f], start_interpolation: 0, interpolation_duration: 1 }
$data merge entity $(bone_right_whisker1) { transformation: [-0.34710274941131447f,-0.9375466673718511f,0.022933116906391278f,-0.8972022846586692f,-0.9332148760394252f,0.3477146421566306f,0.09057882075080836f,4.229437490449806f,-0.09289605206803458f,0.010038631870044556f,-0.9956252052757358f,1.76756360744502f,0f,0f,0f,1f], start_interpolation: 0, interpolation_duration: 1 }
$data merge entity $(bone_left_whisker16) { transformation: [0.2595506844132508f,-0.9288567634296595f,0.2643076904889284f,0.9665548842657465f,-0.9594599031295399f,-0.27915547190723106f,-0.03884477816780113f,2.1015778874246647f,0.10986417299223405f,-0.24351044235356573f,-0.9636558140526645f,1.6492044121999676f,0f,0f,0f,1f], start_interpolation: 0, interpolation_duration: 1 }
$data merge entity $(bone_left_whisker15) { transformation: [-0.8870321025300751f,-0.3785703287758876f,0.2643076904889284f,0.6677012950344224f,-0.40200190589012347f,0.9148144898665538f,-0.03884477816780113f,1.9661377921784804f,-0.22708702460022492f,-0.14070876056846507f,-0.9636558140526645f,1.5726956002008683f,0f,0f,0f,1f], start_interpolation: 0, interpolation_duration: 1 }
$data merge entity $(bone_left_whisker14) { transformation: [-0.7179772021900698f,0.6439333675806286f,0.2643076904889284f,0.42580467906218245f,0.6592101491762861f,0.7509547672344009f,-0.03884477816780113f,2.1882349615786936f,-0.2234965690078899f,0.1463446469270342f,-0.9636558140526645f,1.4973964631816086f,0f,0f,0f,1f], start_interpolation: 0, interpolation_duration: 1 }
$data merge entity $(bone_left_whisker13) { transformation: [-0.08505965363574546f,0.9957189553328499f,0.0361748160220008f,0.39714688560092054f,0.9838227745107339f,0.07818764204088674f,0.16118139156269967f,2.519698689319126f,0.15766294325988311f,0.049299641205030754f,-0.986261599019087f,1.5505153259010027f,0f,0f,0f,1f], start_interpolation: 0, interpolation_duration: 1 }
$data merge entity $(bone_left_whisker12) { transformation: [0.08341228466040244f,0.9963716888958855f,0.01690704984594808f,0.4346172478507107f,0.9251311598086537f,-0.08373177171946722f,0.3702989705033147f,2.93528495251442f,0.3703710678749458f,-0.015246244504151886f,-0.9287587545265413f,1.716892954047951f,0f,0f,0f,1f], start_interpolation: 0, interpolation_duration: 1 }
$data merge entity $(bone_left_whisker11) { transformation: [0.2982838560074756f,0.9544351707495923f,-0.008958017722058453f,0.568611948791569f,0.9519876325208203f,-0.29681531550146356f,0.07496809995705225f,3.3629356468108824f,0.06889331442684113f,-0.03088969601604548f,-0.997145695426361f,1.7478411226381334f,0f,0f,0f,1f], start_interpolation: 0, interpolation_duration: 1 }
$data merge entity $(bone_left_whisker10) { transformation: [0.06807833268837751f,0.9902358289074903f,-0.12164844333680053f,0.599194012303926f,0.9820139044910842f,-0.08803236224844614f,-0.16702992122112242f,3.8040747054689863f,-0.1761080123235358f,-0.10808934427062893f,-0.978418449156903f,1.66873010147717f,0f,0f,0f,1f], start_interpolation: 0, interpolation_duration: 1 }
$data merge entity $(bone_left_whisker1) { transformation: [-0.3329188901692869f,0.9385602464019001f,-0.09093776136707746f,0.44964060461069166f,0.9357439513157613f,0.3407371941826003f,0.09100231907229372f,4.224428433599114f,0.1163970366651011f,-0.05479806907705963f,-0.9916899220426763f,1.7210178327915708f,0f,0f,0f,1f], start_interpolation: 0, interpolation_duration: 1 }
$data merge entity $(bone_upper_left_tooth1) { transformation: [-0.9977071758208161f,0.015405634586552601f,0.06590187962901305f,0.01662393230656467f,0.020954410002657013f,0.9962155670290258f,0.08435316657054191f,4.517650344021935f,-0.06435296432249143f,0.08554069459633018f,-0.9942542358727401f,2.7745281830841604f,0f,0f,0f,1f], start_interpolation: 0, interpolation_duration: 1 }
$data merge entity $(bone_upper_right_tooth1) { transformation: [-0.9977071758208161f,0.015405634586552601f,0.06590187962901305f,-0.6556592232758212f,0.020954410002657013f,0.9962155670290258f,0.08435316657054191f,4.531770014824507f,-0.06435296432249143f,0.08554069459633018f,-0.9942542358727401f,2.731165345796544f,0f,0f,0f,1f], start_interpolation: 0, interpolation_duration: 1 }
$data merge entity $(bone_top_lip1) { transformation: [-0.9977071758208161f,0.04395420779943492f,0.051462791727377215f,-0.28960235130856565f,0.020954410002657013f,0.9236560000737265f,-0.3826493254002224f,4.6471894980075685f,-0.06435296432249143f,-0.38069360533705976f,-0.9224592537550804f,2.765220855526874f,0f,0f,0f,1f], start_interpolation: 0, interpolation_duration: 1 }
$data merge entity $(bone_muzzle1) { transformation: [-0.9977071758208161f,0.015405634586552601f,0.06590187962901305f,-0.2500017138545981f,0.020954410002657013f,0.9962155670290258f,0.08435316657054191f,4.862375294971015f,-0.06435296432249143f,0.08554069459633018f,-0.9942542358727401f,2.2213337307134378f,0f,0f,0f,1f], start_interpolation: 0, interpolation_duration: 1 }
$data merge entity $(bone_jaw_right_tooth1) { transformation: [-0.9977071758208161f,0.046278812163004814f,0.04938281948646339f,-0.6630424054968853f,0.020954410002657013f,0.9050433214381336f,-0.4248028943188501f,4.30070389040933f,-0.06435296432249143f,-0.42279410812476215f,-0.9039379614320309f,2.770392747365449f,0f,0f,0f,1f], start_interpolation: 0, interpolation_duration: 1 }
$data merge entity $(bone_jaw_left_tooth1) { transformation: [-0.9977071758208161f,0.046278812163004814f,0.04938281948646339f,0.06526434638403264f,0.020954410002657013f,0.9050433214381336f,-0.4248028943188501f,4.285407580373211f,-0.06435296432249143f,-0.42279410812476215f,-0.9039379614320309f,2.817369154427033f,0f,0f,0f,1f], start_interpolation: 0, interpolation_duration: 1 }
$data merge entity $(bone_tongue1) { transformation: [-0.9977071758208161f,0.016313531680057065f,0.06568302672513719f,-0.24676923119029864f,0.020954410002657013f,0.9972846885889144f,0.07059860202265406f,4.348216886992615f,-0.06435296432249143f,0.07181308091313382f,-0.995339930572803f,2.003799738544439f,0f,0f,0f,1f], start_interpolation: 0, interpolation_duration: 1 }
$data merge entity $(bone_jaw_lips1) { transformation: [-0.9977071758208161f,0.016313531680057065f,0.06568302672513719f,-0.2518646223414091f,0.020954410002657013f,0.9972846885889144f,0.07059860202265406f,4.154812467557934f,-0.06435296432249143f,0.07181308091313382f,-0.995339930572803f,2.892389365548319f,0f,0f,0f,1f], start_interpolation: 0, interpolation_duration: 1 }
$data merge entity $(bone_jaw3) { transformation: [-0.9977071758208161f,0.03700049640644347f,0.056668814892567455f,-0.20406774414812437f,0.020954410002657013f,0.9650599282302998f,-0.2611900603498715f,3.838863610649928f,-0.06435296432249143f,-0.2594037358825154f,-0.9636225390644944f,2.0484840254517445f,0f,0f,0f,1f], start_interpolation: 0, interpolation_duration: 1 }
$data merge entity $(bone_jaw1) { transformation: [-0.9977071758208161f,-0.013907601376075005f,0.06623420520860432f,-0.14456045040601892f,0.020954410002657013f,0.8670896823549656f,0.4977111566511302f,4.286025977953678f,-0.06435296432249143f,0.497957891169052f,-0.8648101725843534f,1.2715061360204891f,0f,0f,0f,1f], start_interpolation: 0, interpolation_duration: 1 }
$data merge entity $(bone_tear_right1) { transformation: [-0.9977071758208161f,0.009603284228329125f,0.06699379260559321f,-0.8500030767958207f,0.020954410002657013f,0.985072803145205f,0.17085808498601793f,4.941910043659037f,-0.06435296432249143f,0.17187015283544332f,-0.9830154355589896f,2.125719744278087f,0f,0f,0f,1f], start_interpolation: 0, interpolation_duration: 1 }
$data merge entity $(bone_right_pupil1) { transformation: [-0.9977071758208161f,0.009603284228329125f,0.06699379260559321f,-0.6685613038932512f,0.020954410002657013f,0.985072803145205f,0.17085808498601793f,5.037142536736071f,-0.06435296432249143f,0.17187015283544332f,-0.9830154355589896f,2.223184669988974f,0f,0f,0f,1f], start_interpolation: 0, interpolation_duration: 1 }
$data merge entity $(bone_right_sad_pupil1) { transformation: [-0.9977071758208161f,0.009603284228329125f,0.06699379260559321f,-0.6678089321989502f,0.020954410002657013f,0.985072803145205f,0.17085808498601793f,5.039061353120191f,-0.06435296432249143f,0.17187015283544332f,-0.9830154355589896f,2.212144945859161f,0f,0f,0f,1f], start_interpolation: 0, interpolation_duration: 1 }
$data merge entity $(bone_right_happy_pupil1) { transformation: [-0.9977071758208161f,0.009603284228329125f,0.06699379260559321f,-0.6960899918045786f,0.020954410002657013f,0.985072803145205f,0.17085808498601793f,5.01199294588652f,-0.06435296432249143f,0.17187015283544332f,-0.9830154355589896f,2.2055127899136693f,0f,0f,0f,1f], start_interpolation: 0, interpolation_duration: 1 }
$data merge entity $(bone_eyelid_right1) { transformation: [-0.9977071758208161f,0.009603284228329125f,0.06699379260559321f,-0.19934754435129956f,0.020954410002657013f,0.985072803145205f,0.17085808498601793f,5.070627896036413f,-0.06435296432249143f,0.17187015283544332f,-0.9830154355589896f,1.6783323378525365f,0f,0f,0f,1f], start_interpolation: 0, interpolation_duration: 1 }
$data merge entity $(bone_eyelid_expressions_right5) { transformation: [-0.9977071758208161f,0.009603284228329125f,0.06699379260559321f,-0.7955843513003217f,0.020954410002657013f,0.985072803145205f,0.17085808498601793f,5.152395909148831f,-0.06435296432249143f,0.17187015283544332f,-0.9830154355589896f,2.223135582310643f,0f,0f,0f,1f], start_interpolation: 0, interpolation_duration: 1 }
$data merge entity $(bone_eyelid_expressions_right7) { transformation: [-0.9977071758208161f,0.009603284228329125f,0.06699379260559321f,-0.4594427735091286f,0.020954410002657013f,0.985072803145205f,0.17085808498601793f,5.145336073747545f,-0.06435296432249143f,0.17187015283544332f,-0.9830154355589896f,2.244817000954451f,0f,0f,0f,1f], start_interpolation: 0, interpolation_duration: 1 }
$data merge entity $(bone_eyelid_expressions_right6) { transformation: [-0.9977071758208161f,0.009603284228329125f,0.06699379260559321f,-0.571489966106193f,0.020954410002657013f,0.985072803145205f,0.17085808498601793f,5.14768935221464f,-0.06435296432249143f,0.17187015283544332f,-0.9830154355589896f,2.237589861406515f,0f,0f,0f,1f], start_interpolation: 0, interpolation_duration: 1 }
$data merge entity $(bone_right_eye1) { transformation: [-0.9977071758208161f,0.009603284228329125f,0.06699379260559321f,-0.21130463530530708f,0.020954410002657013f,0.985072803145205f,0.17085808498601793f,5.068944407499003f,-0.06435296432249143f,0.17187015283544332f,-0.9830154355589896f,1.6886493480275557f,0f,0f,0f,1f], start_interpolation: 0, interpolation_duration: 1 }
$data merge entity $(bone_tear_left1) { transformation: [-0.9977071758208161f,0.009603284228329125f,0.06699379260559321f,0.360106603252474f,0.020954410002657013f,0.985072803145205f,0.17085808498601793f,4.916494636214408f,-0.06435296432249143f,0.17187015283544332f,-0.9830154355589896f,2.2037728513957964f,0f,0f,0f,1f], start_interpolation: 0, interpolation_duration: 1 }
$data merge entity $(bone_left_sad_pupil1) { transformation: [-0.9977071758208161f,0.009603284228329125f,0.06699379260559321f,0.17254501227903213f,0.020954410002657013f,0.985072803145205f,0.17085808498601793f,5.0214117646169765f,-0.06435296432249143f,0.17187015283544332f,-0.9830154355589896f,2.2663484924686816f,0f,0f,0f,1f], start_interpolation: 0, interpolation_duration: 1 }
$data merge entity $(bone_left_pupil1) { transformation: [-0.9977071758208161f,0.009603284228329125f,0.06699379260559321f,0.17179264058473104f,0.020954410002657013f,0.985072803145205f,0.17085808498601793f,5.019492948232856f,-0.06435296432249143f,0.17187015283544332f,-0.9830154355589896f,2.277388216598494f,0f,0f,0f,1f], start_interpolation: 0, interpolation_duration: 1 }
$data merge entity $(bone_eyelid_left1) { transformation: [-0.9977071758208161f,0.009603284228329125f,0.06699379260559321f,-0.2217569828707124f,0.020954410002657013f,0.985072803145205f,0.17085808498601793f,5.071098551729833f,-0.06435296432249143f,0.17187015283544332f,-0.9830154355589896f,1.6768869099429493f,0f,0f,0f,1f], start_interpolation: 0, interpolation_duration: 1 }
$data merge entity $(bone_left_happy_pupil1) { transformation: [-0.9977071758208161f,0.009603284228329125f,0.06699379260559321f,0.20028754897193574f,0.020954410002657013f,0.985072803145205f,0.17085808498601793f,4.993166718149757f,-0.06435296432249143f,0.17187015283544332f,-0.9830154355589896f,2.263329906297158f,0f,0f,0f,1f], start_interpolation: 0, interpolation_duration: 1 }
$data merge entity $(bone_eyelid_expressions_left5) { transformation: [-0.9977071758208161f,0.009603284228329125f,0.06699379260559321f,0.3024781361509085f,0.020954410002657013f,0.985072803145205f,0.17085808498601793f,5.129333780171297f,-0.06435296432249143f,0.17187015283544332f,-0.9830154355589896f,2.2939615498804162f,0f,0f,0f,1f], start_interpolation: 0, interpolation_duration: 1 }
$data merge entity $(bone_eyelid_expressions_left7) { transformation: [-0.9977071758208161f,0.009603284228329125f,0.06699379260559321f,-0.03366344164028433f,0.020954410002657013f,0.985072803145205f,0.17085808498601793f,5.136393615572583f,-0.06435296432249143f,0.17187015283544332f,-0.9830154355589896f,2.2722801312366077f,0f,0f,0f,1f], start_interpolation: 0, interpolation_duration: 1 }
$data merge entity $(bone_eyelid_expressions_left6) { transformation: [-0.9977071758208161f,0.009603284228329125f,0.06699379260559321f,0.07838375095678002f,0.020954410002657013f,0.985072803145205f,0.17085808498601793f,5.134040337105488f,-0.06435296432249143f,0.17187015283544332f,-0.9830154355589896f,2.279507270784544f,0f,0f,0f,1f], start_interpolation: 0, interpolation_duration: 1 }
$data merge entity $(bone_left_eye1) { transformation: [-0.9977071758208161f,0.009603284228329125f,0.06699379260559321f,-0.21130463530530708f,0.020954410002657013f,0.985072803145205f,0.17085808498601793f,5.068944407499003f,-0.06435296432249143f,0.17187015283544332f,-0.9830154355589896f,1.6886493480275557f,0f,0f,0f,1f], start_interpolation: 0, interpolation_duration: 1 }
$data merge entity $(bone_crest_middle5) { transformation: [-0.9977071758208161f,0.02387575865515948f,0.06332724109174415f,-0.22993673441258006f,0.020954410002657013f,0.998703102385681f,-0.04640071105766544f,6.352505810637937f,-0.06435296432249143f,-0.044967337411247754f,-0.9969135542006898f,2.395464509749525f,0f,0f,0f,1f], start_interpolation: 0, interpolation_duration: 1 }
$data merge entity $(bone_crest_middle4) { transformation: [-0.9977071758208161f,0.02387575865515948f,0.06332724109174415f,-0.2460248921001387f,0.020954410002657013f,0.998703102385681f,-0.04640071105766544f,5.67955157172571f,-0.06435296432249143f,-0.044967337411247754f,-0.9969135542006898f,2.425764766403588f,0f,0f,0f,1f], start_interpolation: 0, interpolation_duration: 1 }
$data merge entity $(bone_crest_middle1) { transformation: [-0.9977071758208161f,0.02387575865515948f,0.06332724109174415f,-0.26342499263981906f,0.020954410002657013f,0.998703102385681f,-0.04640071105766544f,5.178744172233128f,-0.06435296432249143f,-0.044967337411247754f,-0.9969135542006898f,2.5324588660367113f,0f,0f,0f,1f], start_interpolation: 0, interpolation_duration: 1 }
$data merge entity $(bone_crest_left5) { transformation: [-0.5441670025832227f,-0.8203987679109963f,0.17557942621420675f,-1.3446884182065175f,-0.8195431793880201f,0.5645742065200993f,0.09800480830436939f,5.727039259810691f,-0.17953063921839796f,-0.09056393842098334f,-0.9795748683176362f,2.3113199793748405f,0f,0f,0f,1f], start_interpolation: 0, interpolation_duration: 1 }
$data merge entity $(bone_crest_left4) { transformation: [-0.5441670025832227f,-0.8203987679109963f,0.17557942621420675f,-0.8840152819283702f,-0.8195431793880201f,0.5645742065200993f,0.09800480830436939f,5.41001761064169f,-0.17953063921839796f,-0.09056393842098334f,-0.9795748683176362f,2.3621737533905294f,0f,0f,0f,1f], start_interpolation: 0, interpolation_duration: 1 }
$data merge entity $(bone_crest_left1) { transformation: [-0.5441670025832227f,-0.8203987679109963f,0.17557942621420675f,-0.36741563572620095f,-0.8195431793880201f,0.5645742065200993f,0.09800480830436939f,5.066796996240849f,-0.17953063921839796f,-0.09056393842098334f,-0.9795748683176362f,2.363107480073154f,0f,0f,0f,1f], start_interpolation: 0, interpolation_duration: 1 }
$data merge entity $(bone_crest_center1) { transformation: [-0.9977071758208161f,0.009603284228329125f,0.06699379260559321f,-0.25563806313651544f,0.020954410002657013f,0.985072803145205f,0.17085808498601793f,5.0367869984538f,-0.06435296432249143f,0.17187015283544332f,-0.9830154355589896f,2.3655092254357357f,0f,0f,0f,1f], start_interpolation: 0, interpolation_duration: 1 }
$data merge entity $(bone_crest_right5) { transformation: [-0.5279683470434576f,0.8481190526152187f,-0.04408511212714773f,0.8592555560892039f,0.842060771963153f,0.5295310522205604f,0.10261832709124416f,5.680750782811131f,0.11037699416553443f,0.017056884980860748f,-0.993743418510901f,2.45347624664829f,0f,0f,0f,1f], start_interpolation: 0, interpolation_duration: 1 }
$data merge entity $(bone_crest_right4) { transformation: [-0.5279683470434576f,0.8481190526152187f,-0.04408511212714773f,0.38301683025546296f,0.842060771963153f,0.5295310522205604f,0.10261832709124416f,5.38340668610525f,0.11037699416553443f,0.017056884980860748f,-0.993743418510901f,2.443898405960795f,0f,0f,0f,1f], start_interpolation: 0, interpolation_duration: 1 }
$data merge entity $(bone_crest_right1) { transformation: [-0.5279683470434576f,0.8481190526152187f,-0.04408511212714773f,-0.14332125053207234f,0.842060771963153f,0.5295310522205604f,0.10261832709124416f,5.062090439306659f,0.11037699416553443f,0.017056884980860748f,-0.993743418510901f,2.3775617591690263f,0f,0f,0f,1f], start_interpolation: 0, interpolation_duration: 1 }
$data merge entity $(bone_head1) { transformation: [-1.0457737975725998f,0.010065942452871018f,0.07022135813476889f,-0.17046343903586492f,0.021963932359555842f,1.0325307376717312f,0.17908952918456297f,5.119165161964634f,-0.0674533024474031f,0.1801503555111091f,-1.0303742521158674f,1.071813608985467f,0f,0f,0f,1f], start_interpolation: 0, interpolation_duration: 1 }
$data merge entity $(bone_neck10) { transformation: [-1.4852269283134514f,0.02212869995066661f,0.18922360776370184f,-0.04228022848942736f,0.03983091638510895f,1.4904601856252249f,0.13833370829256086f,4.770589873435516f,-0.18630284806341627f,0.14224288167968957f,-1.4789362708037646f,-0.024601348466122386f,0f,0f,0f,1f], start_interpolation: 0, interpolation_duration: 1 }
$data merge entity $(bone_neck9) { transformation: [-1.136198600159791f,-0.0014452457116849134f,0.14573537922653199f,-0.04758213979936482f,0.030470651034608366f,1.1177817365902754f,0.24864367530522982f,3.333777676050595f,-0.14252167876851352f,0.25049959901883717f,-1.1086594023733998f,-0.2895194941581012f,0f,0f,0f,1f], start_interpolation: 0, interpolation_duration: 1 }
$data merge entity $(bone_neck8) { transformation: [-1.0550451662044549f,0.05695684103087936f,0.11800742741588702f,-0.09379333816764063f,0.01947194667196589f,1.014979776736541f,-0.3157958731610734f,2.5864213511036076f,-0.12957884842186562f,-0.3112267798126373f,-1.0082843601712952f,-0.025568861973990775f,0f,0f,0f,1f], start_interpolation: 0, interpolation_duration: 1 }
$data merge entity $(bone_neck7) { transformation: [-1.048936094893222f,0.053618583629266435f,0.10622960591922066f,-0.14455080511696639f,0f,0.9424201484298442f,-0.4756793843414644f,1.743747215586851f,-0.11899446072889931f,-0.4726477802519188f,-0.9364139079449731f,0.42185817658199143f,0f,0f,0f,1f], start_interpolation: 0, interpolation_duration: 1 }
$data merge entity $(bone_neck6) { transformation: [-1.0429846844257427f,0.030623292087288697f,0.11428768196478338f,-0.17063923460011654f,0f,1.01390768862361f,-0.27167574636640235f,0.845500905434045f,-0.11831931485242328f,-0.2699443000796246f,-1.0074458431107787f,0.6518276657189489f,0f,0f,0f,1f], start_interpolation: 0, interpolation_duration: 1 }
$data merge entity $(bone_neck_spine6) { transformation: [-1.2621642125724026f,-0.07292816950355736f,-0.14699779287818154f,0.2097027002016927f,-0.14117773202843648f,-0.0985565412114143f,1.2610871598269726f,0.4032327139715029f,-0.08364040290136905f,1.2668675774499925f,0.0896448142682745f,-1.9176549814515957f,0f,0f,0f,1f], start_interpolation: 0, interpolation_duration: 1 }
$data merge entity $(bone_neck_spine7) { transformation: [-0.8893493285703701f,0.3662288709314995f,-0.2737410927640765f,-0.29493096354884724f,-0.22741237284816612f,0.16509059994172376f,0.9597024051686277f,0.8627607114373277f,0.3966628095082755f,0.9157628011156168f,-0.06353823766741457f,-5.365909793604008f,0f,0f,0f,1f], start_interpolation: 0, interpolation_duration: 1 }
$data merge entity $(bone_tail6) { transformation: [-1.006250898914555f,1.0148150461459575f,-0.9606828238688115f,-2.557748151686766f,-1.0351740994491199f,0.2539128492642533f,1.352495762039697f,0.08781396723060605f,0.9387095662613019f,1.367837937996096f,0.46167701168157893f,-8.479030842862183f,0f,0f,0f,1f], start_interpolation: 0, interpolation_duration: 1 }
$data merge entity $(bone_tail5) { transformation: [-0.8312507425815889f,0.8383254729031823f,-0.7936075501524964f,-2.0282794319584405f,-0.8551438212840556f,0.20975409287047012f,1.1172791077719235f,0.2202902364119556f,0.7754557286506406f,1.1299530792141663f,0.38138535747608693f,-7.765376266516394f,0f,0f,0f,1f], start_interpolation: 0, interpolation_duration: 1 }
$data merge entity $(bone_tail4) { transformation: [-0.6125005471653813f,0.6177135063497131f,-0.5847634580071026f,-1.7635450720942776f,-0.6301059735777251f,0.15455564737824112f,0.8232582899372067f,0.2865283710026304f,0.5713884316373141f,0.832597005736754f,0.2810207897192219f,-7.408548978343499f,0f,0f,0f,1f], start_interpolation: 0, interpolation_duration: 1 }
$data merge entity $(bone_segment18) { transformation: [-0.5843483481031215f,0.589321705436745f,-0.5578861313657824f,-1.432627122264074f,-0.6011445810033452f,0.14745184743663253f,0.7854190890332606f,0.36932603924097385f,0.5451258577608165f,0.7943285719327045f,0.2681043062165993f,-6.962514868127381f,0f,0f,0f,1f], start_interpolation: 0, interpolation_duration: 1 }
$data merge entity $(bone_segment17) { transformation: [-0.5843483481031215f,0.589321705436745f,-0.5578861313657824f,-1.002433787484809f,-0.6011445810033452f,0.14745184743663253f,0.7854190890332606f,0.4769630079508205f,0.5451258577608165f,0.7943285719327045f,0.2681043062165993f,-6.382670524846427f,0f,0f,0f,1f], start_interpolation: 0, interpolation_duration: 1 }
$data merge entity $(bone_segment16) { transformation: [-0.7004320542051132f,0.6961010868212354f,-0.15760144151720107f,-0.3379427597819201f,-0.2440045020601474f,-0.026039154515133518f,0.9694244505924724f,0.45210629551083703f,0.670713605361025f,0.7174714205865146f,0.1880904575601423f,-5.697779593573655f,0f,0f,0f,1f], start_interpolation: 0, interpolation_duration: 1 }
$data merge entity $(bone_segment15) { transformation: [-0.8893493285703701f,0.42459933299994f,-0.16962658455394805f,0.16274444197338023f,-0.22741237284816612f,-0.0889239859270691f,0.969729930136432f,0.34724720077750115f,0.3966628095082755f,0.901003846352971f,0.1756436290053049f,-4.635316561863487f,0f,0f,0f,1f], start_interpolation: 0, interpolation_duration: 1 }
$data merge entity $(bone_segment14) { transformation: [-1.0266737979777896f,0.17228722556387271f,-0.1222015649594392f,0.35656757073273704f,-0.16511594613249428f,-0.27642479086397004f,0.9974974974172888f,0.03626931105553488f,0.1317301594313317f,0.9962839178308991f,0.2978938035489866f,-3.514497154303726f,0f,0f,0f,1f], start_interpolation: 0, interpolation_duration: 1 }
$data merge entity $(bone_segment13) { transformation: [-1.017155865425995f,-0.03730778188438617f,-0.12686877733922433f,0.3151074817867302f,-0.11377264286997527f,-0.25469487312771516f,0.9870561884513092f,-0.2974976042296357f,-0.06740432469110329f,0.9928908614931009f,0.2484310890359983f,-2.325479727390084f,0f,0f,0f,1f], start_interpolation: 0, interpolation_duration: 1 }
$data merge entity $(bone_segment12) { transformation: [-1.0984016742346094f,-0.14965082278254124f,-0.12486902926983615f,0.13432125292191527f,-0.12190760215632626f,-0.030136632409480783f,1.1084693054456616f,-0.33390427425451186f,-0.15207294225725246f,1.1050657427588644f,0.013319369568342346f,-0.9905009777485024f,0f,0f,0f,1f], start_interpolation: 0, interpolation_duration: 1 }
$data merge entity $(bone_segment11) { transformation: [-1.174957951997228f,-0.18588672402136933f,-0.04519709893820292f,-0.08567429084351952f,-0.12257731622777196f,0.5156124765514869f,1.0659462540166773f,0.26142905910711545f,-0.1468722351781412f,1.0567462991363599f,-0.5280517462112317f,0.23009246137969674f,0f,0f,0f,1f], start_interpolation: 0, interpolation_duration: 1 }
$data merge entity $(bone_segment10) { transformation: [-1.0421884020427992f,-0.09202094491367958f,0.0636449398604775f,-0.17954904074716976f,-0.051266911882277354f,0.9227169566123231f,0.494611281463859f,1.2060117501408745f,-0.09944966776568466f,0.48867244827436246f,-0.921945876884326f,0.7303676011823138f,0f,0f,0f,1f], start_interpolation: 0, interpolation_duration: 1 }