# This file was generated by Animated Java via MC-Build. It is not recommended to edit this file directly.
$data merge entity $(bone_neck_spine5) { transformation: [-1.561639534945024f,0.054934530473086746f,0.17402113611579473f,0.14258890596099988f,0.04726819622027435f,1.5699315070049245f,-0.07141411972412483f,4.151931723986621f,-0.1762579816048399f,-0.06569974301008737f,-1.5609727298212606f,-0.8676843635114766f,0f,0f,0f,1f], start_interpolation: 0, interpolation_duration: 1 }
$data merge entity $(bone_neck_spine2) { transformation: [-1.4872757475666891f,0.050427439626857466f,0.16631958909476907f,-0.08942293346903402f,0.045017329733594603f,1.4958505638213782f,-0.050978548654806784f,5.8351830016108694f,-0.16786474438556176f,-0.04563382223716685f,-1.4872569594876415f,0.6375542112738697f,0f,0f,0f,1f], start_interpolation: 0, interpolation_duration: 1 }
$data merge entity $(bone_scale_neck_left1) { transformation: [-1.5722045356324283f,0.4019085630534621f,0.2823074315684821f,0.6647789322037958f,0.47195285034674544f,1.4983572421917142f,0.4952182979847346f,4.9095847635673415f,-0.13597237228229375f,0.5535794094379013f,-1.5453531739573263f,0.7196315603143508f,0f,0f,0f,1f], start_interpolation: 0, interpolation_duration: 1 }
$data merge entity $(bone_scale_neck_right1) { transformation: [-1.588311186221272f,-0.42487516492465555f,0.09901389191570112f,-0.8968606027412276f,-0.3762893672221959f,1.5233825919035318f,0.5007662844466176f,4.956852959787616f,-0.2207463899536456f,0.4602625921723354f,-1.5660410142799286f,0.5433735787095111f,0f,0f,0f,1f], start_interpolation: 0, interpolation_duration: 1 }
$data merge entity $(bone_blush_right1) { transformation: [-0.9977272581472552f,0.013620343508620018f,0.06599094326244744f,-0.8931714357983093f,0.025190999237965587f,0.9837395414880512f,0.17782555516649529f,4.566257391341258f,-0.06249585512138528f,0.17908378138621756f,-0.9818468655228574f,1.950814944970126f,0f,0f,0f,1f], start_interpolation: 0, interpolation_duration: 1 }
$data merge entity $(bone_blush_left1) { transformation: [-0.9977272581472552f,0.013620343508620018f,0.06599094326244744f,0.42901204985191066f,0.025190999237965587f,0.9837395414880512f,0.17782555516649529f,4.532874397233915f,-0.06249585512138528f,0.17908378138621756f,-0.9818468655228574f,2.033634159227665f,0f,0f,0f,1f], start_interpolation: 0, interpolation_duration: 1 }
$data merge entity $(bone_left_head_scales) { transformation: [-0.9154661130713264f,0.013620343508620018f,-0.4021644962708475f,0.476098402297733f,-0.05976601427321941f,0.9837395414880512f,0.16936510281274822f,5.320599394036254f,0.39793192804293886f,0.17908378138621756f,-0.8997661806760924f,1.779132660738547f,0f,0f,0f,1f], start_interpolation: 0, interpolation_duration: 1 }
$data merge entity $(bone_left_head_scales2) { transformation: [-0.8551411732220934f,0.013620343508620018f,-0.5182162291004101f,0.4527447365353281f,-0.08136128970108276f,0.9837395414880512f,0.16011513061249372f,4.406814934626852f,0.5119706186867738f,0.17908378138621756f,-0.8401280169390228f,1.7836360840074656f,0f,0f,0f,1f], start_interpolation: 0, interpolation_duration: 1 }
$data merge entity $(bone_left_head_scales1) { transformation: [-0.9977272581472552f,0.013620343508620018f,0.06599094326244744f,0.47456877387635477f,0.025190999237965587f,0.9837395414880512f,0.17782555516649529f,5.2101208322480455f,-0.06249585512138528f,0.17908378138621756f,-0.9818468655228574f,1.7590207126336495f,0f,0f,0f,1f], start_interpolation: 0, interpolation_duration: 1 }
$data merge entity $(bone_right_head_scales) { transformation: [-0.8545236599963126f,0.013620343508620018f,0.5192338594017281f,-0.8684949729397788f,0.10445539271853903f,0.9837395414880512f,0.1461012848844774f,5.354548201603044f,-0.5088009290857496f,0.17908378138621756f,-0.8420514318056178f,1.6949097309851175f,0f,0f,0f,1f], start_interpolation: 0, interpolation_duration: 1 }
$data merge entity $(bone_right_head_scales2) { transformation: [-0.779439473086256f,0.013620343508620018f,0.6263294612563955f,-0.8918486387021838f,0.12263180674800665f,0.9837395414880512f,0.13121720347042526f,4.440763742193642f,-0.6143578336513167f,0.17908378138621756f,-0.768435717204552f,1.6994131542540363f,0f,0f,0f,1f], start_interpolation: 0, interpolation_duration: 1 }
$data merge entity $(bone_right_head_scales1) { transformation: [-0.9977272581472552f,0.013620343508620018f,0.06599094326244744f,-0.8700246013611571f,0.025190999237965587f,0.9837395414880512f,0.17782555516649529f,5.244069639814835f,-0.06249585512138528f,0.17908378138621756f,-0.9818468655228574f,1.67479778288022f,0f,0f,0f,1f], start_interpolation: 0, interpolation_duration: 1 }
$data merge entity $(bone_head_left_fin1) { transformation: [-0.7686817899109819f,0.05809789154164944f,-0.71023104612713f,0.4743909676711917f,0.1531859864002135f,1.0337362517552842f,-0.08123184968165809f,4.810804497719467f,0.6959436453154925f,-0.16336827975627538f,-0.7665823150449224f,1.600901820395686f,0f,0f,0f,1f], start_interpolation: 0, interpolation_duration: 1 }
$data merge entity $(bone_head_right_fin1) { transformation: [-0.6826124583273169f,0.014766276332763794f,0.7952970431510323f,-0.8702024075663202f,-0.11654315440089073f,1.0348303049414564f,-0.11924399843277952f,4.844753305286257f,-0.7868501273583174f,-0.16608249481270165f,-0.6722787219733803f,1.5166788906422566f,0f,0f,0f,1f], start_interpolation: 0, interpolation_duration: 1 }
$data merge entity $(bone_right_whisker16) { transformation: [0.25799562269132775f,0.9024439908704313f,-0.3450117418494083f,-1.4276239705202098f,0.9585766289743294f,-0.28371017641042845f,-0.02528600769942202f,2.1043108326106816f,-0.12070254784521171f,-0.3241965131567771f,-0.9382577022335931f,1.7178831355214066f,0f,0f,0f,1f], start_interpolation: 0, interpolation_duration: 1 }
$data merge entity $(bone_right_whisker15) { transformation: [-0.8610482711868228f,0.3735810121944375f,-0.3450117418494083f,-1.1375246994660557f,0.40640235385272866f,0.9133442640086962f,-0.02528600769942202f,1.9673881645645965f,0.30566812308309954f,-0.16198605720923354f,-0.9382577022335931f,1.6148992463967295f,0f,0f,0f,1f], start_interpolation: 0, interpolation_duration: 1 }
$data merge entity $(bone_right_whisker14) { transformation: [-0.7024741040846617f,-0.6224925951981186f,-0.3450117418494083f,-0.9008512952578449f,-0.6560179623637705f,0.7543215831929456f,-0.02528600769942202f,2.1884098413375463f,0.2759901558870143f,0.20857113427509455f,-0.9382577022335931f,1.5219142817668274f,0f,0f,0f,1f], start_interpolation: 0, interpolation_duration: 1 }
$data merge entity $(bone_right_whisker13) { transformation: [-0.10692578619210856f,-0.9872632567981129f,-0.11780550930912599f,-0.8648264942458552f,-0.9811677104324383f,0.08560410290977037f,0.1731527117020728f,2.518979040653163f,-0.16086267513617664f,0.134101451675202f,-0.9778241152715738f,1.5761111791515745f,0f,0f,0f,1f], start_interpolation: 0, interpolation_duration: 1 }
$data merge entity $(bone_right_whisker12) { transformation: [0.04352077407286381f,-0.9948194971994307f,-0.09187007247178175f,-0.8843768419738995f,-0.9213145627550932f,-0.07552793095215837f,0.3814118615112519f,2.9328508168908023f,-0.3863747127847408f,0.06804189619607665f,-0.9198287241016944f,1.7496779446603448f,0f,0f,0f,1f], start_interpolation: 0, interpolation_duration: 1 }
$data merge entity $(bone_right_whisker11) { transformation: [0.2828119983950169f,-0.9562753208464783f,-0.07453109622018095f,-1.011421294377911f,-0.953472095659275f,-0.2887413870194965f,0.08671432535151605f,3.3611683598627424f,-0.10444298139620545f,0.04653946886270103f,-0.9934413628770694f,1.7965956902094216f,0f,0f,0f,1f], start_interpolation: 0, interpolation_duration: 1 }
$data merge entity $(bone_right_whisker10) { transformation: [0.07383764570957241f,-0.9965780445298063f,0.03715108662226512f,-1.044590549286508f,-0.9845492750529259f,-0.07877633099558365f,-0.15638738653623296f,3.803446354515424f,0.15877886216000708f,-0.02502979896087124f,-0.9869968500938346f,1.7252692482234808f,0f,0f,0f,1f], start_interpolation: 0, interpolation_duration: 1 }
$data merge entity $(bone_right_whisker1) { transformation: [-0.349975855176108f,-0.9367265963176346f,0.007757869870730551f,-0.8873748330941157f,-0.9315895477494438f,0.3489015144715873f,0.10202278041408425f,4.221933846668494f,-0.09827418439111785f,0.028478359338490467f,-0.9947518121278534f,1.7694158544929284f,0f,0f,0f,1f], start_interpolation: 0, interpolation_duration: 1 }
$data merge entity $(bone_left_whisker16) { transformation: [0.25968250236218227f,-0.9329361926777002f,0.24938937098230987f,0.9709514103591999f,-0.9610293160996319f,-0.27501439977169384f,-0.02810219769500527f,2.0929467152739827f,0.0948032254935945f,-0.23237284761833085f,-0.9679954587319914f,1.5978829385503106f,0f,0f,0f,1f], start_interpolation: 0, interpolation_duration: 1 }
$data merge entity $(bone_left_whisker15) { transformation: [-0.8910594260004427f,-0.3792334913701703f,0.24938937098230987f,0.6707409592164726f,-0.3981011106997737f,0.9169109946686853f,-0.02810219769500527f,1.9588208527823596f,-0.2180105616601358f,-0.12432291373223783f,-0.9679954587319914f,1.5244321145534876f,0f,0f,0f,1f], start_interpolation: 0, interpolation_duration: 1 }
$data merge entity $(bone_left_whisker14) { transformation: [-0.720280252057854f,0.6473030975798911f,0.24938937098230987f,0.42806841335713736f,0.6627587750867698f,0.7483054673929598f,-0.02810219769500527f,2.1821136041543667f,-0.20481006943253294f,0.14504353599275754f,-0.9679954587319914f,1.455428722020066f,0f,0f,0f,1f], start_interpolation: 0, interpolation_duration: 1 }
$data merge entity $(bone_left_whisker13) { transformation: [-0.08105792599926334f,0.9964827455628603f,0.021254421380070592f,0.4007588582109012f,0.9820583511768405f,0.0762053896082211f,0.17249386504593556f,2.5129828728614076f,0.17026745877155772f,0.03485507696395018f,-0.9847812529152414f,1.5127942232663427f,0f,0f,0f,1f], start_interpolation: 0, interpolation_duration: 1 }
$data merge entity $(bone_left_whisker12) { transformation: [0.09057273516389289f,0.9958846812035436f,0.0032064605171035973f,0.44144582908530616f,0.9206792463146743f,-0.08495961112630254f,0.3809614020904368f,2.9265692530418277f,0.3796660441103143f,-0.031552594526977784f,-0.9245853820649776f,1.683347329019023f,0f,0f,0f,1f], start_interpolation: 0, interpolation_duration: 1 }
$data merge entity $(bone_left_whisker11) { transformation: [0.30082342583187577f,0.9533733296715343f,-0.024177690993680584f,0.5765813524082192f,0.9507069120024922f,-0.2977890373495024f,0.08647575790441478f,3.3536446236679476f,0.07524382992285947f,-0.048999831688166524f,-0.9959605326282115f,1.7171482682421826f,0f,0f,0f,1f], start_interpolation: 0, interpolation_duration: 1 }
$data merge entity $(bone_left_whisker10) { transformation: [0.06692413506617537f,0.988314411933143f,-0.13695175541368693f,0.6066449287074777f,0.9838823652672214f,-0.08818047603759012f,-0.1555625114285663f,3.795623029940332f,-0.16582114298792877f,-0.12433353051783744f,-0.9782865233290022f,1.642658301665574f,0f,0f,0f,1f], start_interpolation: 0, interpolation_duration: 1 }
$data merge entity $(bone_left_whisker1) { transformation: [-0.3295988838204272f,0.9381473665811224f,-0.1060381740753484f,0.45858293011627016f,0.9348092785674023f,0.34001862178630776f,0.10256193028036081f,4.215556885546782f,0.13227315860983363f,-0.06532117126510571f,-0.9890586211625336f,1.7020778846348352f,0f,0f,0f,1f], start_interpolation: 0, interpolation_duration: 1 }
$data merge entity $(bone_upper_left_tooth1) { transformation: [-0.9977272581472552f,0.01932000366413276f,0.0645527366451513f,0.027639012453170353f,0.025190999237965587f,0.9954946338736519f,0.091410324833452f,4.501259992921358f,-0.06249585512138528f,0.09282872070206648f,-0.9937188217526446f,2.7681516176091048f,0f,0f,0f,1f], start_interpolation: 0, interpolation_duration: 1 }
$data merge entity $(bone_upper_right_tooth1) { transformation: [-0.9977272581472552f,0.01932000366413276f,0.0645527366451513f,-0.6446576751655855f,0.025190999237965587f,0.9954946338736519f,0.091410324833452f,4.518234396704752f,-0.06249585512138528f,0.09282872070206648f,-0.9937188217526446f,2.7260401527323896f,0f,0f,0f,1f], start_interpolation: 0, interpolation_duration: 1 }
$data merge entity $(bone_top_lip1) { transformation: [-0.9977272581472552f,0.04661273736093698f,0.04865769276980438f,-0.27810991114246014f,0.025190999237965587f,0.9277888734535117f,-0.3722542408801506f,4.63201850407735f,-0.06249585512138528f,-0.37018246718555514f,-0.9268544702816413f,2.7603181625164757f,0f,0f,0f,1f], start_interpolation: 0, interpolation_duration: 1 }
$data merge entity $(bone_muzzle1) { transformation: [-0.9977272581472552f,0.01932000366413276f,0.0645527366451513f,-0.23860744610044365f,0.025190999237965587f,0.9954946338736519f,0.091410324833452f,4.851045614548482f,-0.06249585512138528f,0.09282872070206648f,-0.9937188217526446f,2.2179594045216864f,0f,0f,0f,1f], start_interpolation: 0, interpolation_duration: 1 }
$data merge entity $(bone_jaw_right_tooth1) { transformation: [-0.9977272581472552f,0.04910468025561139f,0.04614161599851627f,-0.6527588985966719f,0.025190999237965587f,0.9069505751615211f,-0.4204831361322109f,4.290542902715994f,-0.06249585512138528f,-0.4183651330968928f,-0.9061263065938797f,2.763595206350192f,0f,0f,0f,1f], start_interpolation: 0, interpolation_duration: 1 }
$data merge entity $(bone_jaw_left_tooth1) { transformation: [-0.9977272581472552f,0.04910468025561139f,0.04614161599851627f,0.07556251299031366f,0.025190999237965587f,0.9069505751615211f,-0.4204831361322109f,4.272153965283983f,-0.06249585512138528f,-0.4183651330968928f,-0.9061263065938797f,2.809215959966633f,0f,0f,0f,1f], start_interpolation: 0, interpolation_duration: 1 }
$data merge entity $(bone_tongue1) { transformation: [-0.9977272581472552f,0.020615234643682492f,0.06415084138611338f,-0.23767376356608788f,0.025190999237965587f,0.9971326730532886f,0.07135717123735266f,4.336736624954886f,-0.06249585512138528f,0.0728110186042602f,-0.9953857662547001f,1.9957443815743208f,0f,0f,0f,1f], start_interpolation: 0, interpolation_duration: 1 }
$data merge entity $(bone_jaw_lips1) { transformation: [-0.9977272581472552f,0.020615234643682492f,0.06415084138611338f,-0.24194701935415208f,0.025190999237965587f,0.9971326730532886f,0.07135717123735266f,4.142432416887483f,-0.06249585512138528f,0.0728110186042602f,-0.9953857662547001f,2.8841420243554188f,0f,0f,0f,1f], start_interpolation: 0, interpolation_duration: 1 }
$data merge entity $(bone_jaw3) { transformation: [-0.9977272581472552f,0.04034626229216197f,0.053967559413155175f,-0.19685886047721926f,0.025190999237965587f,0.9661880883469816f,-0.2566047378631166f,3.8305081619937225f,-0.06249585512138528f,-0.254662044787711f,-0.965008554903628f,2.03859204834686f,0f,0f,0f,1f], start_interpolation: 0, interpolation_duration: 1 }
$data merge entity $(bone_jaw1) { transformation: [-0.9977272581472552f,-0.009631711562811097f,0.06668994288744874f,-0.13694211491427702f,0.025190999237965587f,0.8646450993994239f,0.5017511989442116f,4.281300254795163f,-0.06249585512138528f,0.5022908342951635f,-0.8624373518556088f,1.2637459900390862f,0f,0f,0f,1f], start_interpolation: 0, interpolation_duration: 1 }
$data merge entity $(bone_tear_right1) { transformation: [-0.9977272581472552f,0.013620343508620018f,0.06599094326244744f,-0.8384629953900833f,0.025190999237965587f,0.9837395414880512f,0.17782555516649529f,4.933544244889134f,-0.06249585512138528f,0.17908378138621756f,-0.9818468655228574f,2.123955456941853f,0f,0f,0f,1f], start_interpolation: 0, interpolation_duration: 1 }
$data merge entity $(bone_right_pupil1) { transformation: [-0.9977272581472552f,0.013620343508620018f,0.06599094326244744f,-0.6564987917883321f,0.025190999237965587f,0.9837395414880512f,0.17782555516649529f,5.027372468648433f,-0.06249585512138528f,0.17908378138621756f,-0.9818468655228574f,2.2218076386716383f,0f,0f,0f,1f], start_interpolation: 0, interpolation_duration: 1 }
$data merge entity $(bone_right_sad_pupil1) { transformation: [-0.9977272581472552f,0.013620343508620018f,0.06599094326244744f,-0.6557576825622402f,0.025190999237965587f,0.9837395414880512f,0.17782555516649529f,5.029369532988682f,-0.06249585512138528f,0.17908378138621756f,-0.9818468655228574f,2.2107810381310986f,0f,0f,0f,1f], start_interpolation: 0, interpolation_duration: 1 }
$data merge entity $(bone_right_happy_pupil1) { transformation: [-0.9977272581472552f,0.013620343508620018f,0.06599094326244744f,-0.6841520881986553f,0.025190999237965587f,0.9837395414880512f,0.17782555516649529f,5.00245750384432f,-0.06249585512138528f,0.17908378138621756f,-0.9818468655228574f,2.203998493552693f,0f,0f,0f,1f], start_interpolation: 0, interpolation_duration: 1 }
$data merge entity $(bone_eyelid_right1) { transformation: [-0.9977272581472552f,0.013620343508620018f,0.06599094326244744f,-0.1880763023547306f,0.025190999237965587f,0.9837395414880512f,0.17782555516649529f,5.063091550959653f,-0.06249585512138528f,0.17908378138621756f,-0.9818468655228574f,1.676416582806994f,0f,0f,0f,1f], start_interpolation: 0, interpolation_duration: 1 }
$data merge entity $(bone_eyelid_expressions_right5) { transformation: [-0.9977272581472552f,0.013620343508620018f,0.06599094326244744f,-0.7830845607095568f,0.025190999237965587f,0.9837395414880512f,0.17782555516649529f,5.143101513115692f,-0.06249585512138528f,0.17908378138621756f,-0.9818468655228574f,2.222821644594074f,0f,0f,0f,1f], start_interpolation: 0, interpolation_duration: 1 }
$data merge entity $(bone_eyelid_expressions_right7) { transformation: [-0.9977272581472552f,0.013620343508620018f,0.06599094326244744f,-0.4469362169001788f,0.025190999237965587f,0.9837395414880512f,0.17782555516649529f,5.134614311223994f,-0.06249585512138528f,0.17908378138621756f,-0.9818468655228574f,2.243877377032431f,0f,0f,0f,1f], start_interpolation: 0, interpolation_duration: 1 }
$data merge entity $(bone_eyelid_expressions_right6) { transformation: [-0.9977272581472552f,0.013620343508620018f,0.06599094326244744f,-0.5589856648366381f,0.025190999237965587f,0.9837395414880512f,0.17782555516649529f,5.137443378521227f,-0.06249585512138528f,0.17908378138621756f,-0.9818468655228574f,2.2368587995529783f,0f,0f,0f,1f], start_interpolation: 0, interpolation_duration: 1 }
$data merge entity $(bone_right_eye1) { transformation: [-0.9977272581472552f,0.013620343508620018f,0.06599094326244744f,-0.20002235637446847f,0.025190999237965587f,0.9837395414880512f,0.17782555516649529f,5.061377393349128f,-0.06249585512138528f,0.17908378138621756f,-0.9818468655228574f,1.6867413255995887f,0f,0f,0f,1f], start_interpolation: 0, interpolation_duration: 1 }
$data merge entity $(bone_tear_left1) { transformation: [-0.9977272581472552f,0.013620343508620018f,0.06599094326244744f,0.37167104232367737f,0.025190999237965587f,0.9837395414880512f,0.17782555516649529f,4.9029903180790235f,-0.06249585512138528f,0.17908378138621756f,-0.9818468655228574f,2.199756093719939f,0f,0f,0f,1f], start_interpolation: 0, interpolation_duration: 1 }
$data merge entity $(bone_left_sad_pupil1) { transformation: [-0.9977272581472552f,0.013620343508620018f,0.06599094326244744f,0.18461317696120466f,0.025190999237965587f,0.9837395414880512f,0.17782555516649529f,5.008151528259438f,-0.06249585512138528f,0.17908378138621756f,-0.9818468655228574f,2.263420369226992f,0f,0f,0f,1f], start_interpolation: 0, interpolation_duration: 1 }
$data merge entity $(bone_left_pupil1) { transformation: [-0.9977272581472552f,0.013620343508620018f,0.06599094326244744f,0.18387206773511272f,0.025190999237965587f,0.9837395414880512f,0.17782555516649529f,5.00615446391919f,-0.06249585512138528f,0.17908378138621756f,-0.9818468655228574f,2.274446969767532f,0f,0f,0f,1f], start_interpolation: 0, interpolation_duration: 1 }
$data merge entity $(bone_eyelid_left1) { transformation: [-0.9977272581472552f,0.013620343508620018f,0.06599094326244744f,-0.21048619194202245f,0.025190999237965587f,0.9837395414880512f,0.17782555516649529f,5.063657364419099f,-0.06249585512138528f,0.17908378138621756f,-0.9818468655228574f,1.6750128673111035f,0f,0f,0f,1f], start_interpolation: 0, interpolation_duration: 1 }
$data merge entity $(bone_left_happy_pupil1) { transformation: [-0.9977272581472552f,0.013620343508620018f,0.06599094326244744f,0.21224349529301922f,0.025190999237965587f,0.9837395414880512f,0.17782555516649529f,4.97982496546646f,-0.06249585512138528f,0.17908378138621756f,-0.9818468655228574f,2.2601471133883124f,0f,0f,0f,1f], start_interpolation: 0, interpolation_duration: 1 }
$data merge entity $(bone_eyelid_expressions_left5) { transformation: [-0.9977272581472552f,0.013620343508620018f,0.06599094326244744f,0.3150000290677444f,0.025190999237965587f,0.9837395414880512f,0.17782555516649529f,5.115376653602815f,-0.06249585512138528f,0.17908378138621756f,-0.9818468655228574f,2.2916037038927075f,0f,0f,0f,1f], start_interpolation: 0, interpolation_duration: 1 }
$data merge entity $(bone_eyelid_expressions_left7) { transformation: [-0.9977272581472552f,0.013620343508620018f,0.06599094326244744f,-0.021148314741633478f,0.025190999237965587f,0.9837395414880512f,0.17782555516649529f,5.123863855494513f,-0.06249585512138528f,0.17908378138621756f,-0.9818468655228574f,2.27054797145435f,0f,0f,0f,1f], start_interpolation: 0, interpolation_duration: 1 }
$data merge entity $(bone_eyelid_expressions_left6) { transformation: [-0.9977272581472552f,0.013620343508620018f,0.06599094326244744f,0.09090113319482587f,0.025190999237965587f,0.9837395414880512f,0.17782555516649529f,5.12103478819728f,-0.06249585512138528f,0.17908378138621756f,-0.9818468655228574f,2.2775665489338026f,0f,0f,0f,1f], start_interpolation: 0, interpolation_duration: 1 }
$data merge entity $(bone_left_eye1) { transformation: [-0.9977272581472552f,0.013620343508620018f,0.06599094326244744f,-0.20002235637446847f,0.025190999237965587f,0.9837395414880512f,0.17782555516649529f,5.061377393349128f,-0.06249585512138528f,0.17908378138621756f,-0.9818468655228574f,1.6867413255995887f,0f,0f,0f,1f], start_interpolation: 0, interpolation_duration: 1 }
$data merge entity $(bone_crest_middle5) { transformation: [-0.9977272581472552f,0.027580541266203f,0.06147871252249544f,-0.21260989463269045f,0.025190999237965587f,0.9989094809093435f,-0.03930982710238537f,6.33976953930689f,-0.06249585512138528f,-0.03767177581280043f,-0.9973339989189963f,2.402995315898625f,0f,0f,0f,1f], start_interpolation: 0, interpolation_duration: 1 }
$data merge entity $(bone_crest_middle4) { transformation: [-0.9977272581472552f,0.027580541266203f,0.06147871252249544f,-0.23119443904058115f,0.025190999237965587f,0.9989094809093435f,-0.03930982710238537f,5.666676236741024f,-0.06249585512138528f,-0.03767177581280043f,-0.9973339989189963f,2.4283796179599846f,0f,0f,0f,1f], start_interpolation: 0, interpolation_duration: 1 }
$data merge entity $(bone_crest_middle1) { transformation: [-0.9977272581472552f,0.027580541266203f,0.06147871252249544f,-0.25031113013871736f,0.025190999237965587f,0.9989094809093435f,-0.03930982710238537f,5.165167282329903f,-0.06249585512138528f,-0.03767177581280043f,-0.9973339989189963f,2.5314221652342024f,0f,0f,0f,1f], start_interpolation: 0, interpolation_duration: 1 }
$data merge entity $(bone_crest_left5) { transformation: [-0.5475657462436737f,-0.8184065591072844f,0.17430564405888688f,-1.3298607750170104f,-0.8161424001744887f,0.5683159462012843f,0.10453979113602761f,5.719148727495942f,-0.18461672778498095f,-0.08501581796062335f,-0.9791266386522491f,2.316160398125252f,0f,0f,0f,1f], start_interpolation: 0, interpolation_duration: 1 }
$data merge entity $(bone_crest_left4) { transformation: [-0.5475657462436737f,-0.8184065591072844f,0.17430564405888688f,-0.8703063106745411f,-0.8161424001744887f,0.5683159462012843f,0.10453979113602761f,5.400026003798932f,-0.18461672778498095f,-0.08501581796062335f,-0.9791266386522491f,2.3638987724683753f,0f,0f,0f,1f], start_interpolation: 0, interpolation_duration: 1 }
$data merge entity $(bone_crest_left1) { transformation: [-0.5475657462436737f,-0.8184065591072844f,0.17430564405888688f,-0.3550087294550659f,-0.8161424001744887f,0.5683159462012843f,0.10453979113602761f,5.054861162019645f,-0.18461672778498095f,-0.08501581796062335f,-0.9791266386522491f,2.361430728657428f,0f,0f,0f,1f], start_interpolation: 0, interpolation_duration: 1 }
$data merge entity $(bone_crest_center1) { transformation: [-0.9977272581472552f,0.013620343508620018f,0.06599094326244744f,-0.24334168372914022f,0.025190999237965587f,0.9837395414880512f,0.17782555516649529f,5.024412807806757f,-0.06249585512138528f,0.17908378138621756f,-0.9818468655228574f,2.36342138346889f,0f,0f,0f,1f], start_interpolation: 0, interpolation_duration: 1 }
$data merge entity $(bone_crest_right5) { transformation: [-0.5245911838352674f,0.8501448461423375f,-0.04536331579518492f,0.8741275613154064f,0.8432126282233369f,0.5261877224458238f,0.11008607701235464f,5.663501587410649f,0.11745873082494063f,0.019499264727108362f,-0.9928863103236423f,2.454214294750701f,0f,0f,0f,1f], start_interpolation: 0, interpolation_duration: 1 }
$data merge entity $(bone_crest_right4) { transformation: [-0.5245911838352674f,0.8501448461423375f,-0.04536331579518492f,0.3967513049366524f,0.8432126282233369f,0.5261877224458238f,0.11008607701235464f,5.368034848732575f,0.11745873082494063f,0.019499264727108362f,-0.9928863103236423f,2.4432650005924126f,0f,0f,0f,1f], start_interpolation: 0, interpolation_duration: 1 }
$data merge entity $(bone_crest_right1) { transformation: [-0.5245911838352674f,0.8501448461423375f,-0.04536331579518492f,-0.1309098335821473f,0.8432126282233369f,0.5261877224458238f,0.11008607701235464f,5.04920302742518f,0.11745873082494063f,0.019499264727108362f,-0.9928863103236423f,2.375467883616333f,0f,0f,0f,1f], start_interpolation: 0, interpolation_duration: 1 }
$data merge entity $(bone_head1) { transformation: [-1.0457948474069532f,0.014276531932863422f,0.0691701944352476f,-0.16002616315010096f,0.026404628107502978f,1.0311332433566156f,0.1863926717565477f,5.115976651168703f,-0.06550672314155616f,0.1877115156457097f,-1.0291493837837238f,1.0702223218174454f,0f,0f,0f,1f], start_interpolation: 0, interpolation_duration: 1 }
$data merge entity $(bone_neck10) { transformation: [-1.4872757475666891f,0.02828696323414207f,0.17147880363171267f,-0.0463336045327483f,0.045017329733594603f,1.489707390724639f,0.1447052581217188f,4.772166930363036f,-0.16786474438556176f,0.14888256921280837f,-1.4804896790795237f,-0.029291345290557824f,0f,0f,0f,1f], start_interpolation: 0, interpolation_duration: 1 }
$data merge entity $(bone_neck9) { transformation: [-1.137765946888518f,0.00584510815079285f,0.1328255747592167f,-0.06029430976215176f,0.034438257246199894f,1.1182993834590755f,0.24578169966747654f,3.334835279892279f,-0.12841652945495483f,0.24811382904686008f,-1.1109171307064207f,-0.2910581308058491f,0f,0f,0f,1f], start_interpolation: 0, interpolation_duration: 1 }
$data merge entity $(bone_neck8) { transformation: [-1.056483261643601f,0.056938777061557616f,0.10436106041311992f,-0.10606247904282831f,0.023410471760732042f,1.0146480043569583f,-0.3165936109009476f,2.587751607615418f,-0.11655558792162903f,-0.3123100067530576f,-1.009538207302263f,-0.02625981355042345f,0f,0f,0f,1f], start_interpolation: 0, interpolation_duration: 1 }
$data merge entity $(bone_neck7) { transformation: [-1.0505230620322112f,0.04699447612165113f,0.09284087573112591f,-0.15054371036022826f,0f,0.9418736933959604f,-0.476760483411384f,1.7455947354346417f,-0.10405723902002592f,-0.4744386975750482f,-0.9372868430234285f,0.4228061021570376f,0f,0f,0f,1f], start_interpolation: 0, interpolation_duration: 1 }
$data merge entity $(bone_neck6) { transformation: [-1.044562647495858f,0.026779189592420812f,0.09994129614443417f,-0.17335729282244072f,0f,1.01390768862361f,-0.27167574636640246f,0.8473484252818357f,-0.10346684333764278f,-0.270352706974639f,-1.0089700383931335f,0.6531235190886503f,0f,0f,0f,1f], start_interpolation: 0, interpolation_duration: 1 }
$data merge entity $(bone_neck_spine6) { transformation: [-1.2553666367053304f,-0.12012914680702082f,-0.17207255461366888f,0.18383517045680106f,-0.1642028984625321f,-0.08759627024024547f,1.2591066952777317f,0.39304252103445037f,-0.13068046564180974f,1.2640732771655783f,0.07089946665684191f,-1.9247852795964198f,0f,0f,0f,1f], start_interpolation: 0, interpolation_duration: 1 }
$data merge entity $(bone_neck_spine7) { transformation: [-0.9131350586747993f,0.2986669972668049f,-0.27745700452971334f,-0.13723173140623052f,-0.23309785372642305f,0.1758369669164676f,0.9564239392935291f,0.8176157425161217f,0.3344394641891205f,0.9380188621820178f,-0.09094426306065986f,-5.410126007968119f,0f,0f,0f,1f], start_interpolation: 0, interpolation_duration: 1 }
$data merge entity $(bone_tail6) { transformation: [-1.0228753097073113f,0.9328207042773737f,-1.0241452885161186f,-2.2101021537147467f,-1.0687499810049246f,0.2785787038243867f,1.3211621101911095f,-0.015222423180893369f,0.8813634417312034f,1.420401836444221f,0.4134719387488566f,-8.636761765888957f,0f,0f,0f,1f], start_interpolation: 0, interpolation_duration: 1 }
$data merge entity $(bone_tail5) { transformation: [-0.8449839514973442f,0.7705910165769609f,-0.8460330644263588f,-1.7234130906135081f,-0.8828804190910247f,0.2301302335940586f,1.091394786679612f,0.130122987510091f,0.728082843169255f,1.1733754301060955f,0.3415637754881859f,-7.895682546874582f,0f,0f,0f,1f], start_interpolation: 0, interpolation_duration: 1 }
$data merge entity $(bone_tail4) { transformation: [-0.6226197537348851f,0.5678039069514448f,-0.6233927843141591f,-1.4800685590628888f,-0.6505434666986497f,0.16956964580614842f,0.8041856322902404f,0.2027956928555832f,0.5364820949668194f,0.8645924221834387f,0.25167857141234745f,-7.525142937367394f,0f,0f,0f,1f], start_interpolation: 0, interpolation_duration: 1 }
$data merge entity $(bone_segment18) { transformation: [-0.5940024482837165f,0.5417060876257263f,-0.5947399482649369f,-1.1758878946246147f,-0.6206427110864137f,0.1617757614647478f,0.7672230628557822f,0.2936365745374484f,0.5118239117198973f,0.8248533915986099f,0.2401107364530222f,-7.061968425483409f,0f,0f,0f,1f], start_interpolation: 0, interpolation_duration: 1 }
$data merge entity $(bone_segment17) { transformation: [-0.5940024482837165f,0.5417060876257263f,-0.5947399482649369f,-0.780453030854858f,-0.6206427110864137f,0.1617757614647478f,0.7672230628557822f,0.4117297207238733f,0.5118239117198973f,0.8248533915986099f,0.2401107364530222f,-6.459841560034228f,0f,0f,0f,1f], start_interpolation: 0, interpolation_duration: 1 }
$data merge entity $(bone_segment16) { transformation: [-0.7315956441016397f,0.6575907751775876f,-0.1798393336643755f,-0.15272355552664263f,-0.24557731774714747f,-0.008116433562094263f,0.969343027268649f,0.40398185567802647f,0.6359713787110419f,0.753331597576772f,0.16742732618304773f,-5.740718868011479f,0f,0f,0f,1f], start_interpolation: 0, interpolation_duration: 1 }
$data merge entity $(bone_segment15) { transformation: [-0.9131350586747993f,0.3603013230895996f,-0.19070217932382147f,0.2721434831752046f,-0.23309785372642305f,-0.07769526312018993f,0.9693445397157915f,0.3123636621061228f,0.3344394641891205f,0.9295947518508096f,0.15493173375498456f,-4.644541462874904f,0f,0f,0f,1f], start_interpolation: 0, interpolation_duration: 1 }
$data merge entity $(bone_segment14) { transformation: [-1.0309576777249425f,0.11241850623047744f,-0.15219574311416928f,0.3986143026844917f,-0.17638172245942166f,-0.26580624013231313f,0.9984546703351849f,0.013331641957270546f,0.06849053034846246f,1.0076628008360748f,0.28035678177806767f,-3.51092081193432f,0f,0f,0f,1f], start_interpolation: 0, interpolation_duration: 1 }
$data merge entity $(bone_segment13) { transformation: [-1.0116778189919429f,-0.0712593650331178f,-0.15337439577051507f,0.3169891303611632f,-0.13232821817274648f,-0.24571922634784404f,0.9870181945138755f,-0.30962414782337155f,-0.10531308113487019f,0.993296419263294f,0.2331630121691396f,-2.3209970230683794f,0f,0f,0f,1f], start_interpolation: 0, interpolation_duration: 1 }
$data merge entity $(bone_segment12) { transformation: [-1.0940481225751457f,-0.16298333196652745f,-0.14480683748554152f,0.12009651456267365f,-0.14304716479413465f,-0.02253840903448222f,1.1061208839698444f,-0.33685175605294737f,-0.16452992228113109f,1.1033595673265173f,0.0012045973941084778f,-0.9880794249558081f,0f,0f,0f,1f], start_interpolation: 0, interpolation_duration: 1 }
$data merge entity $(bone_segment11) { transformation: [-1.1748446555978729f,-0.18276795268039217f,-0.0588111517272088f,-0.09601476432239375f,-0.1339759836333282f,0.5192108620107535f,1.062823295501599f,0.26262177556705824f,-0.1375256772531771f,1.0555277339437439f,-0.5329828626259825f,0.23117964174865302f,0f,0f,0f,1f], start_interpolation: 0, interpolation_duration: 1 }
$data merge entity $(bone_segment10) { transformation: [-1.0435252337939667f,-0.08395796019238233f,0.05178170894008013f,-0.18114866245584127f,-0.04979408013566074f,0.9233343837119669f,0.4936085123494724f,1.2078592699886652f,-0.08515182936299273f,0.48895794788585867f,-0.9232250479598996f,0.731782279995515f,0f,0f,0f,1f], start_interpolation: 0, interpolation_duration: 1 }