# This file was generated by Animated Java via MC-Build. It is not recommended to edit this file directly.
$data merge entity $(bone_neck_spine5) { transformation: [-1.3599987055315677f,0.05082319702232751f,0.13046909117925387f,0.09486316731839975f,0.04482584608026311f,1.3649322642236648f,-0.0644377044958874f,3.5930214874661432f,-0.1326492541701586f,-0.05982120762689789f,-1.3594216632974518f,-0.7913493952353137f,0f,0f,0f,1f], start_interpolation: 0, interpolation_duration: 1 }
$data merge entity $(bone_neck_spine2) { transformation: [-1.2952368624110167f,0.046140730855659395f,0.12511398863522474f,-0.08346391050629867f,0.04269128198120296f,1.300834934927312f,-0.037774772797487116f,5.055200009316679f,-0.12633262301919862f,-0.03347404925021708f,-1.295507839934721f,0.5245538200542983f,0f,0f,0f,1f], start_interpolation: 0, interpolation_duration: 1 }
$data merge entity $(bone_scale_neck_left1) { transformation: [-1.3678384355656719f,0.3595610556594021f,0.22625931990777615f,0.5715699847874284f,0.41394457345676483f,1.2995942439250059f,0.4372231806131365f,4.248560823889877f,-0.09553702265472805f,0.48293898870651003f,-1.3450286349710852f,0.5818273907097326f,0f,0f,0f,1f], start_interpolation: 0, interpolation_duration: 1 }
$data merge entity $(bone_scale_neck_right1) { transformation: [-1.3845875848760554f,-0.36046733414720483f,0.06663286893626119f,-0.788428720744139f,-0.3232240274460921f,1.3233265325247037f,0.4424845023279914f,4.29338666997014f,-0.17292445255485853f,0.41271007709011615f,-1.3605980098396624f,0.44917813653957395f,0f,0f,0f,1f], start_interpolation: 0, interpolation_duration: 1 }
$data merge entity $(bone_blush_right1) { transformation: [-0.9978345221955078f,0.01739222413863133f,0.06343324723182742f,-0.777218826319066f,0.028875684714566266f,0.982334935689975f,0.1848898833231222f,3.9463257310366076f,-0.059097048548362306f,0.18632118683199816f,-0.9807099235708732f,1.662580248543345f,0f,0f,0f,1f], start_interpolation: 0, interpolation_duration: 1 }
$data merge entity $(bone_blush_left1) { transformation: [-0.9978345221955078f,0.01739222413863133f,0.06343324723182742f,0.3726295488671636f,0.028875684714566266f,0.982334935689975f,0.1848898833231222f,3.9130510162288066f,-0.059097048548362306f,0.18632118683199816f,-0.9807099235708732f,1.7306803630814969f,0f,0f,0f,1f], start_interpolation: 0, interpolation_duration: 1 }
$data merge entity $(bone_left_head_scales) { transformation: [-0.9143802448489216f,0.01739222413863133f,-0.40448272938351504f,0.4150952983234186f,-0.059759602068379825f,0.982334935689975f,0.17733263682582986f,4.599516260871805f,0.4004217249234301f,0.18632118683199816f,-0.8971883066262402f,1.5143241801483691f,0f,0f,0f,1f], start_interpolation: 0, interpolation_duration: 1 }
$data merge entity $(bone_left_head_scales2) { transformation: [-0.853762004611986f,0.01739222413863133f,-0.5203728951631077f,0.39221564364013817f,-0.08239490422965579f,0.982334935689975f,0.168015338228266f,3.8049836133616015f,0.5141026349260513f,0.18632118683199816f,-0.837247213252816f,1.5124194331464476f,0f,0f,0f,1f], start_interpolation: 0, interpolation_duration: 1 }
$data merge entity $(bone_left_head_scales1) { transformation: [-0.9978345221955078f,0.01739222413863133f,0.06343324723182742f,0.4133968389348804f,0.028875684714566266f,0.982334935689975f,0.1848898833231222f,4.503585114808331f,-0.059097048548362306f,0.18632118683199816f,-0.9807099235708732f,1.4961287517468067f,0f,0f,0f,1f], start_interpolation: 0, interpolation_duration: 1 }
$data merge entity $(bone_right_head_scales) { transformation: [-0.8557998169643388f,0.01739222413863133f,0.5170146843401218f,-0.7542420323744422f,0.11098569238289796f,0.982334935689975f,0.15066602207950378f,4.633354953896688f,-0.5052611694659435f,0.18632118683199816f,-0.8426123461992606f,1.445069826380757f,0f,0f,0f,1f], start_interpolation: 0, interpolation_duration: 1 }
$data merge entity $(bone_right_head_scales2) { transformation: [-0.7809943728251731f,0.01739222413863133f,0.6242958434547885f,-0.7771216870577227f,0.12970205655801847f,0.982334935689975f,0.13489051355671142f,3.8388223063864837f,-0.610921571185725f,0.18632118683199816f,-0.7694538642423473f,1.4431650793788355f,0f,0f,0f,1f], start_interpolation: 0, interpolation_duration: 1 }
$data merge entity $(bone_right_head_scales1) { transformation: [-0.9978345221955078f,0.01739222413863133f,0.06343324723182742f,-0.7559404917629804f,0.028875684714566266f,0.982334935689975f,0.1848898833231222f,4.537423807833213f,-0.059097048548362306f,0.18632118683199816f,-0.9807099235708732f,1.4268743979791947f,0f,0f,0f,1f], start_interpolation: 0, interpolation_duration: 1 }
$data merge entity $(bone_head_left_fin1) { transformation: [-0.7307477288432396f,0.05813745329169191f,-0.6801674744614032f,0.41167359162752976f,0.14358337276372402f,0.9871677930100671f,-0.06988249787627204f,4.157385305773087f,0.6673766341851057f,-0.14872721663633068f,-0.7297181943568142f,1.3560669198328814f,0f,0f,0f,1f], start_interpolation: 0, interpolation_duration: 1 }
$data merge entity $(bone_head_right_fin1) { transformation: [-0.6539899243844853f,0.01679303314549785f,0.7563168468580808f,-0.7576637390703309f,-0.10351134980042374f,0.9883642323136714f,-0.11145198403573364f,4.19122399879797f,-0.7493881365928269f,-0.1511758523071106f,-0.644641980027014f,1.2868125660652694f,0f,0f,0f,1f], start_interpolation: 0, interpolation_duration: 1 }
$data merge entity $(bone_right_whisker16) { transformation: [0.25768091713718966f,0.897359520772064f,-0.3582547074681202f,-1.245551957376101f,0.9594945084613588f,-0.28134914420820156f,-0.014592713449124356f,1.8064652692733716f,-0.11388956570218534f,-0.3399831606610012f,-0.9335098378116446f,1.4504311145141693f,0f,0f,0f,1f], start_interpolation: 0, interpolation_duration: 1 }
$data merge entity $(bone_right_whisker15) { transformation: [-0.8560483767526401f,0.37260534246854493f,-0.3582547074681202f,-0.9947565344993508f,0.4041813279226516f,0.9145624674525374f,-0.014592713449124356f,1.6880527708585322f,0.32220898624627464f,-0.15729193205954506f,-0.9335098378116446f,1.3560339505748311f,0f,0f,0f,1f], start_interpolation: 0, interpolation_duration: 1 }
$data merge entity $(bone_right_whisker14) { transformation: [-0.699476800319848f,-0.6183734877816472f,-0.3582547074681202f,-0.7898316906556453f,-0.658060675748969f,0.7528234851191892f,-0.014592713449124356f,1.880843984456863f,0.2787263045482389f,0.2255460703753425f,-0.9335098378116446f,1.2743758535392142f,0f,0f,0f,1f], start_interpolation: 0, interpolation_duration: 1 }
$data merge entity $(bone_right_whisker13) { transformation: [-0.11063298057427244f,-0.9851451536070315f,-0.13133685672282291f,-0.7574196846280264f,-0.9792122325872096f,0.08544095014132776f,0.18396534344957444f,2.167722568222647f,-0.170011020704028f,0.14895929096073796f,-0.9741187722632433f,1.3241837697610974f,0f,0f,0f,1f], start_interpolation: 0, interpolation_duration: 1 }
$data merge entity $(bone_right_whisker12) { transformation: [0.036704410051375924f,-0.9938706277398052f,-0.10427828920185764f,-0.7717573448043452f,-0.9171013825622861f,-0.07495070327245948f,0.39154494784291016f,2.5259652957860403f,-0.3969607542127106f,0.08126233687908269f,-0.9142311481347735f,1.4792465643754376f,0f,0f,0f,1f], start_interpolation: 0, interpolation_duration: 1 }
$data merge entity $(bone_right_whisker11) { transformation: [0.27990261825939855f,-0.9559484073448911f,-0.08841474303700575f,-0.8810943050619228f,-0.952648946087183f,-0.287967656665396f,0.09764534926774743f,2.8980937903513464f,-0.11880450248417851f,0.05689702285187658f,-0.9912861438454991f,1.5256545731583198f,0f,0f,0f,1f], start_interpolation: 0, interpolation_duration: 1 }
$data merge entity $(bone_right_whisker10) { transformation: [0.07461794001110975f,-0.9969471885766462f,0.022988393106515684f,-0.9102419378787625f,-0.986319590487818f,-0.07718123618572069f,-0.1456596107395151f,3.2833748803856504f,0.1469892120138123f,-0.011805082378588834f,-0.9890676476265883f,1.4682369122154244f,0f,0f,0f,1f], start_interpolation: 0, interpolation_duration: 1 }
$data merge entity $(bone_right_whisker1) { transformation: [-0.3527021923970335f,-0.9357155481454305f,-0.006129962252990541f,-0.7724676439736713f,-0.9299985952783215f,0.3498079372088424f,0.11285840618245274f,3.646655581666245f,-0.10345905595294674f,0.04550626357537629f,-0.993592171726777f,1.5086506059470441f,0f,0f,0f,1f], start_interpolation: 0, interpolation_duration: 1 }
$data merge entity $(bone_left_whisker16) { transformation: [0.2595759945385947f,-0.9365272894826859f,0.2356627656493765f,0.8384687024852153f,-0.9623487730996003f,-0.2712296114288527f,-0.017869997141788857f,1.7949654780853996f,0.08065446034159185f,-0.22215115110745423f,-0.9716705841429177f,1.3165273528809989f,0f,0f,0f,1f], start_interpolation: 0, interpolation_duration: 1 }
$data merge entity $(bone_left_whisker15) { transformation: [-0.8946337025350963f,-0.37959662692762675f,0.2356627656493765f,0.5763689849456363f,-0.39452092544388034f,0.9187131775418574f,-0.017869997141788857f,1.6793831757092628f,-0.20972309761981123f,-0.10896099410390625f,-0.9716705841429177f,1.2550850391251949f,0f,0f,0f,1f], start_interpolation: 0, interpolation_duration: 1 }
$data merge entity $(bone_left_whisker14) { transformation: [-0.7221199191773825f,0.6503890245182015f,0.2356627656493765f,0.3648104148741375f,0.665905159127945f,0.7458223530097087f,-0.017869997141788857f,1.874472577797528f,-0.18738500840258437f,0.144024770568551f,-0.9716705841429177f,1.2001870874447502f,0f,0f,0f,1f], start_interpolation: 0, interpolation_duration: 1 }
$data merge entity $(bone_left_whisker13) { transformation: [-0.07719777700971425f,0.9969867563019622f,0.007609926625821427f,0.3421938786408228f,0.9802486975956889f,0.07450338915165533f,0.1831986240856425f,2.161654813421265f,0.18207963666130825f,0.021602147194409987f,-0.9830464654073461f,1.2535307309978678f,0f,0f,0f,1f], start_interpolation: 0, interpolation_duration: 1 }
$data merge entity $(bone_left_whisker12) { transformation: [0.0972799928174985f,0.9952137966298098f,-0.009279116073597174f,0.3801938758351581f,0.9163620460071773f,-0.08592662878800647f,0.3910207348756175f,2.5196087376428187f,0.38835190695420474f,-0.04654152407053275f,-0.9203350927255921f,1.405230694651854f,0f,0f,0f,1f], start_interpolation: 0, interpolation_duration: 1 }
$data merge entity $(bone_left_whisker11) { transformation: [0.3032579258508706f,0.9521464406857739f,-0.0381023083033058f,0.49865400312065444f,0.9494310199814125f,-0.298496675279184f,0.09736772126494508f,2.890480229823058f,0.08133491689110281f,-0.06570304663168691f,-0.9945188489705117f,1.437002146562441f,0f,0f,0f,1f], start_interpolation: 0, interpolation_duration: 1 }
$data merge entity $(bone_left_whisker10) { transformation: [0.06602930869873493f,0.9863302426118197f,-0.15097278861462587f,0.5244467018310978f,0.9855434878212381f,-0.08812511825261125f,-0.1446996791499986f,3.2754581547532293f,-0.15602616449146078f,-0.1392358288741538f,-0.9778901880844345f,1.3760544260579641f,0f,0f,0f,1f], start_interpolation: 0, interpolation_duration: 1 }
$data merge entity $(bone_left_whisker1) { transformation: [-0.32631960461223886f,0.9376329069976328f,-0.11983341504305459f,0.39697810627944197f,0.933745491375891f,0.3394706519451304f,0.11348583084748659f,3.640202487321937f,0.14708797701004767f,-0.0748612595613849f,-0.9862864283949031f,1.433510667077514f,0f,0f,0f,1f], start_interpolation: 0, interpolation_duration: 1 }
$data merge entity $(bone_upper_left_tooth1) { transformation: [-0.9978345221955078f,0.022854613252313555f,0.061676032362253205f,0.025563407003350275f,0.028875684714566266f,0.9947110697922035f,0.09857019055026298f,3.881950307940454f,-0.059097048548362306f,0.1001376766553796f,-0.9932169876552328f,2.3702896924551866f,0f,0f,0f,1f], start_interpolation: 0, interpolation_duration: 1 }
$data merge entity $(bone_upper_right_tooth1) { transformation: [-0.9978345221955078f,0.022854613252313555f,0.061676032362253205f,-0.5591052583455801f,0.028875684714566266f,0.9947110697922035f,0.09857019055026298f,3.898869654452895f,-0.059097048548362306f,0.1001376766553796f,-0.9932169876552328f,2.3356625155713804f,0f,0f,0f,1f], start_interpolation: 0, interpolation_duration: 1 }
$data merge entity $(bone_top_lip1) { transformation: [-0.9978345221955078f,0.04826755967549651f,0.044682311912376635f,-0.23995433405032457f,0.028875684714566266f,0.931827387463027f,-0.361751178030003f,3.9965587276020056f,-0.059097048548362306f,-0.3596775815321304f,-0.9312032947729888f,2.365175898502401f,0f,0f,0f,1f], start_interpolation: 0, interpolation_duration: 1 }
$data merge entity $(bone_muzzle1) { transformation: [-0.9978345221955078f,0.022854613252313555f,0.061676032362253205f,-0.20649124013531125f,0.028875684714566266f,0.9947110697922035f,0.09857019055026298f,4.190398332820719f,-0.059097048548362306f,0.1001376766553796f,-0.9932169876552328f,1.894875271227685f,0f,0f,0f,1f], start_interpolation: 0, interpolation_duration: 1 }
$data merge entity $(bone_jaw_right_tooth1) { transformation: [-0.9978345221955078f,0.05082839396917754f,0.0417461457068387f,-0.5665901551859516f,0.028875684714566266f,0.9087744744084763f,-0.41628734006196066f,3.7041581784682025f,-0.059097048548362306f,-0.4141804305252864f,-0.9082742481336574f,2.3669036911783485f,0f,0f,0f,1f], start_interpolation: 0, interpolation_duration: 1 }
$data merge entity $(bone_jaw_left_tooth1) { transformation: [-0.9978345221955078f,0.05082839396917754f,0.0417461457068387f,0.06680089894205635f,0.028875684714566266f,0.9087744744084763f,-0.41628734006196066f,3.685828886413058f,-0.059097048548362306f,-0.4141804305252864f,-0.9082742481336574f,2.404416466135805f,0f,0f,0f,1f], start_interpolation: 0, interpolation_duration: 1 }
$data merge entity $(bone_tongue1) { transformation: [-0.9978345221955078f,0.024519701790185394f,0.06103319210874449f,-0.20774938012299604f,0.028875684714566266f,0.9970194095552815f,0.07154363565197733f,3.742926945239155f,-0.059097048548362306f,0.07315108470937592f,-0.9955684093314302f,1.6974774742195722f,0f,0f,0f,1f], start_interpolation: 0, interpolation_duration: 1 }
$data merge entity $(bone_jaw_lips1) { transformation: [-0.9978345221955078f,0.024519701790185394f,0.06103319210874449f,-0.20946284246360827f,0.028875684714566266f,0.9970194095552815f,0.07154363565197733f,3.57365389269037f,-0.059097048548362306f,0.07315108470937592f,-0.9955684093314302f,2.4699357052345436f,0f,0f,0f,1f], start_interpolation: 0, interpolation_duration: 1 }
$data merge entity $(bone_jaw3) { transformation: [-0.9978345221955078f,0.04280705432739432f,0.04993818593695653f,-0.17358393037693517f,0.028875684714566266f,0.9672556861246352f,-0.2521559685825941f,3.3058128176442345f,-0.059097048548362306f,-0.25016793111702534f,-0.9663971984093805f,1.7332608186720542f,0f,0f,0f,1f], start_interpolation: 0, interpolation_duration: 1 }
$data merge entity $(bone_jaw1) { transformation: [-0.9978345221955078f,-0.005042471518655181f,0.06558078831369811f,-0.12234893950685853f,0.028875684714566266f,0.8622542501013906f,0.5056518594985621f,3.700853332877486f,-0.059097048548362306f,0.5064505717866967f,-0.8602414528432121f,1.0611971836382947f,0f,0f,0f,1f], start_interpolation: 0, interpolation_duration: 1 }
$data merge entity $(bone_tear_right1) { transformation: [-0.9978345221955078f,0.01739222413863133f,0.06343324723182742f,-0.7281270174250896f,0.028875684714566266f,0.982334935689975f,0.1848898833231222f,4.264424709314617f,-0.059097048548362306f,0.18632118683199816f,-0.9807099235708732f,1.81534505414881f,0f,0f,0f,1f], start_interpolation: 0, interpolation_duration: 1 }
$data merge entity $(bone_right_pupil1) { transformation: [-0.9978345221955078f,0.01739222413863133f,0.06343324723182742f,-0.5693617787188736f,0.028875684714566266f,0.982334935689975f,0.1848898833231222f,4.344869652509857f,-0.059097048548362306f,0.18632118683199816f,-0.9807099235708732f,1.900526409809822f,0f,0f,0f,1f], start_interpolation: 0, interpolation_duration: 1 }
$data merge entity $(bone_right_sad_pupil1) { transformation: [-0.9978345221955078f,0.01739222413863133f,0.06343324723182742f,-0.5687423134138754f,0.028875684714566266f,0.982334935689975f,0.1848898833231222f,4.346675217776684f,-0.059097048548362306f,0.18632118683199816f,-0.9807099235708732f,1.8909491644624503f,0f,0f,0f,1f], start_interpolation: 0, interpolation_duration: 1 }
$data merge entity $(bone_right_happy_pupil1) { transformation: [-0.9978345221955078f,0.01739222413863133f,0.06343324723182742f,-0.5935278053921904f,0.028875684714566266f,0.982334935689975f,0.1848898833231222f,4.323397701988183f,-0.059097048548362306f,0.18632118683199816f,-0.9807099235708732f,1.884957585018433f,0f,0f,0f,1f], start_interpolation: 0, interpolation_duration: 1 }
$data merge entity $(bone_eyelid_right1) { transformation: [-0.9978345221955078f,0.01739222413863133f,0.06343324723182742f,-0.1634555724360435f,0.028875684714566266f,0.982334935689975f,0.1848898833231222f,4.378131318383848f,-0.059097048548362306f,0.18632118683199816f,-0.9807099235708732f,1.4252083065280152f,0f,0f,0f,1f], start_interpolation: 0, interpolation_duration: 1 }
$data merge entity $(bone_eyelid_expressions_right5) { transformation: [-0.9978345221955078f,0.01739222413863133f,0.06343324723182742f,-0.6791050363939272f,0.028875684714566266f,0.982334935689975f,0.1848898833231222f,4.4458492295647245f,-0.059097048548362306f,0.18632118683199816f,-0.9807099235708732f,1.902507735762444f,0f,0f,0f,1f], start_interpolation: 0, interpolation_duration: 1 }
$data merge entity $(bone_eyelid_expressions_right7) { transformation: [-0.9978345221955078f,0.01739222413863133f,0.06343324723182742f,-0.386770703719462f,0.028875684714566266f,0.982334935689975f,0.1848898833231222f,4.437389556308504f,-0.059097048548362306f,0.18632118683199816f,-0.9807099235708732f,1.9198213242043471f,0f,0f,0f,1f], start_interpolation: 0, interpolation_duration: 1 }
$data merge entity $(bone_eyelid_expressions_right6) { transformation: [-0.9978345221955078f,0.01739222413863133f,0.06343324723182742f,-0.48421548127761704f,0.028875684714566266f,0.982334935689975f,0.1848898833231222f,4.440209447393911f,-0.059097048548362306f,0.18632118683199816f,-0.9807099235708732f,1.914050128057046f,0f,0f,0f,1f], start_interpolation: 0, interpolation_duration: 1 }
$data merge entity $(bone_right_eye1) { transformation: [-0.9978345221955078f,0.01739222413863133f,0.06343324723182742f,-0.1738195154968573f,0.028875684714566266f,0.982334935689975f,0.1848898833231222f,4.376607742225561f,-0.059097048548362306f,0.18632118683199816f,-0.9807099235708732f,1.434208432260657f,0f,0f,0f,1f], start_interpolation: 0, interpolation_duration: 1 }
$data merge entity $(bone_tear_left1) { transformation: [-0.9978345221955078f,0.01739222413863133f,0.06343324723182742f,0.324276580202985f,0.028875684714566266f,0.982334935689975f,0.1848898833231222f,4.233969885592223f,-0.059097048548362306f,0.18632118683199816f,-0.9807099235708732f,1.877673972539661f,0f,0f,0f,1f], start_interpolation: 0, interpolation_duration: 1 }
$data merge entity $(bone_left_sad_pupil1) { transformation: [-0.9978345221955078f,0.01739222413863133f,0.06343324723182742f,0.16209351827228763f,0.028875684714566266f,0.982334935689975f,0.1848898833231222f,4.325526034636133f,-0.059097048548362306f,0.18632118683199816f,-0.9807099235708732f,1.9342331355672078f,0f,0f,0f,1f], start_interpolation: 0, interpolation_duration: 1 }
$data merge entity $(bone_left_pupil1) { transformation: [-0.9978345221955078f,0.01739222413863133f,0.06343324723182742f,0.16147405296728934f,0.028875684714566266f,0.982334935689975f,0.1848898833231222f,4.323720469369306f,-0.059097048548362306f,0.18632118683199816f,-0.9807099235708732f,1.9438103809145795f,0f,0f,0f,1f], start_interpolation: 0, interpolation_duration: 1 }
$data merge entity $(bone_eyelid_left1) { transformation: [-0.9978345221955078f,0.01739222413863133f,0.06343324723182742f,-0.18294452794767452f,0.028875684714566266f,0.982334935689975f,0.1848898833231222f,4.378695296600929f,-0.059097048548362306f,0.18632118683199816f,-0.9807099235708732f,1.424054067298555f,0f,0f,0f,1f], start_interpolation: 0, interpolation_duration: 1 }
$data merge entity $(bone_left_happy_pupil1) { transformation: [-0.9978345221955078f,0.01739222413863133f,0.06343324723182742f,0.18603041507305007f,0.028875684714566266f,0.982334935689975f,0.1848898833231222f,4.300838573304929f,-0.059097048548362306f,0.18632118683199816f,-0.9807099235708732f,1.9311271541968411f,0f,0f,0f,1f], start_interpolation: 0, interpolation_duration: 1 }
$data merge entity $(bone_eyelid_expressions_left5) { transformation: [-0.9978345221955078f,0.01739222413863133f,0.06343324723182742f,0.27585378367599245f,0.028875684714566266f,0.982334935689975f,0.1848898833231222f,4.418214296927738f,-0.059097048548362306f,0.18632118683199816f,-0.9807099235708732f,1.959065458005994f,0f,0f,0f,1f], start_interpolation: 0, interpolation_duration: 1 }
$data merge entity $(bone_eyelid_expressions_left7) { transformation: [-0.9978345221955078f,0.01739222413863133f,0.06343324723182742f,-0.01648054899847276f,0.028875684714566266f,0.982334935689975f,0.1848898833231222f,4.426673970183959f,-0.059097048548362306f,0.18632118683199816f,-0.9807099235708732f,1.941751869564091f,0f,0f,0f,1f], start_interpolation: 0, interpolation_duration: 1 }
$data merge entity $(bone_eyelid_expressions_left6) { transformation: [-0.9978345221955078f,0.01739222413863133f,0.06343324723182742f,0.0809642285596823f,0.028875684714566266f,0.982334935689975f,0.1848898833231222f,4.423854079098552f,-0.059097048548362306f,0.18632118683199816f,-0.9807099235708732f,1.947523065711392f,0f,0f,0f,1f], start_interpolation: 0, interpolation_duration: 1 }
$data merge entity $(bone_left_eye1) { transformation: [-0.9978345221955078f,0.01739222413863133f,0.06343324723182742f,-0.1738195154968573f,0.028875684714566266f,0.982334935689975f,0.1848898833231222f,4.376607742225561f,-0.059097048548362306f,0.18632118683199816f,-0.9807099235708732f,1.434208432260657f,0f,0f,0f,1f], start_interpolation: 0, interpolation_duration: 1 }
$data merge entity $(bone_crest_middle5) { transformation: [-0.9978345221955078f,0.030709426523177645f,0.058165259712994355f,-0.17915990378232216f,0.028875684714566266f,0.9990671703360566f,-0.03210893939341475f,5.483631959439321f,-0.059097048548362306f,-0.030359846497019255f,-0.9977904682715454f,2.065287428198989f,0f,0f,0f,1f], start_interpolation: 0, interpolation_duration: 1 }
$data merge entity $(bone_crest_middle4) { transformation: [-0.9978345221955078f,0.030709426523177645f,0.058165259712994355f,-0.19715370838574656f,0.028875684714566266f,0.9990671703360566f,-0.03210893939341475f,4.898241039320538f,-0.059097048548362306f,-0.030359846497019255f,-0.9977904682715454f,2.083076400755836f,0f,0f,0f,1f], start_interpolation: 0, interpolation_duration: 1 }
$data merge entity $(bone_crest_middle1) { transformation: [-0.9978345221955078f,0.030709426523177645f,0.058165259712994355f,-0.21490923087284386f,0.028875684714566266f,0.9990671703360566f,-0.03210893939341475f,4.4615495882249725f,-0.059097048548362306f,-0.030359846497019255f,-0.9977904682715454f,2.1694987985458503f,0f,0f,0f,1f], start_interpolation: 0, interpolation_duration: 1 }
$data merge entity $(bone_crest_left5) { transformation: [-0.5508045510327684f,-0.8168208051814048f,0.17151710930514155f,-1.152669006757127f,-0.8129779875961932f,0.5715708344111138f,0.1112365629396515f,4.947676765693595f,-0.18889451618730002f,-0.07817002925280725f,-0.978881151254319f,1.9889095014190123f,0f,0f,0f,1f], start_interpolation: 0, interpolation_duration: 1 }
$data merge entity $(bone_crest_left4) { transformation: [-0.5508045510327684f,-0.8168208051814048f,0.17151710930514155f,-0.7538307229771442f,-0.8129779875961932f,0.5715708344111138f,0.1112365629396515f,4.668589444203794f,-0.18889451618730002f,-0.07817002925280725f,-0.978881151254319f,2.0270784610151096f,0f,0f,0f,1f], start_interpolation: 0, interpolation_duration: 1 }
$data merge entity $(bone_crest_left1) { transformation: [-0.5508045510327684f,-0.8168208051814048f,0.17151710930514155f,-0.30673375196637304f,-0.8129779875961932f,0.5715708344111138f,0.1112365629396515f,4.3670248633648f,-0.18889451618730002f,-0.07817002925280725f,-0.978881151254319f,2.021267385357227f,0f,0f,0f,1f], start_interpolation: 0, interpolation_duration: 1 }
$data merge entity $(bone_crest_center1) { transformation: [-0.9978345221955078f,0.01739222413863133f,0.06343324723182742f,-0.2097135838202825f,0.028875684714566266f,0.982334935689975f,0.1848898833231222f,4.340222492743192f,-0.059097048548362306f,0.18632118683199816f,-0.9807099235708732f,2.022489782629508f,0f,0f,0f,1f], start_interpolation: 0, interpolation_duration: 1 }
$data merge entity $(bone_crest_right5) { transformation: [-0.5214676449084044f,0.8519099833385282f,-0.048175466804492084f,0.7640486311242332f,0.844007775771959f,0.5232805186814381f,0.1175941036147472f,4.892210119704506f,0.12538887410832344f,0.020661051682661857f,-0.9918925098987356f,2.10242767780977f,0f,0f,0f,1f], start_interpolation: 0, interpolation_duration: 1 }
$data merge entity $(bone_crest_right4) { transformation: [-0.5214676449084044f,0.8519099833385282f,-0.048175466804492084f,0.34807695957221746f,0.844007775771959f,0.5232805186814381f,0.1175941036147472f,4.636702053942085f,0.12538887410832344f,0.020661051682661857f,-0.9918925098987356f,2.0923392736678452f,0f,0f,0f,1f], start_interpolation: 0, interpolation_duration: 1 }
$data merge entity $(bone_crest_right1) { transformation: [-0.5214676449084044f,0.8519099833385282f,-0.048175466804492084f,-0.11184419685006292f,0.844007775771959f,0.5232805186814381f,0.1175941036147472f,4.361385081193986f,0.12538887410832344f,0.020661051682661857f,-0.9918925098987356f,2.032809777651829f,0f,0f,0f,1f], start_interpolation: 0, interpolation_duration: 1 }
$data merge entity $(bone_head1) { transformation: [-0.9978345221955078f,0.01739222413863133f,0.06343324723182742f,-0.14059815341621912f,0.028875684714566266f,0.982334935689975f,0.1848898833231222f,4.427948258869329f,-0.059097048548362306f,0.18632118683199816f,-0.9807099235708732f,0.8983622239544264f,0f,0f,0f,1f], start_interpolation: 0, interpolation_duration: 1 }
$data merge entity $(bone_neck10) { transformation: [-1.2952368624110167f,0.029415337976856835f,0.13006619502321434f,-0.05675059085523591f,0.04269128198120296f,1.2946367089844522f,0.13234142638324883f,4.133850512472058f,-0.12633262301919862f,0.13591003121940162f,-1.2887938309595814f,-0.060676389970095945f,0f,0f,0f,1f], start_interpolation: 0, interpolation_duration: 1 }
$data merge entity $(bone_neck9) { transformation: [-0.9947419103316608f,0.011208084468323193f,0.1017983824639127f,-0.07595022848415758f,0.03278690456156387f,0.9765310393015413f,0.21286650316553474f,2.8837199692588937f,-0.09702345447874455f,0.2150848858548704f,-0.971763829928758f,-0.28628396820729685f,0f,0f,0f,1f], start_interpolation: 0, interpolation_duration: 1 }
$data merge entity $(bone_neck8) { transformation: [-0.9951893884988903f,0.05216356124458888f,0.08292794400855963f,-0.1134518518224851f,0.025180562090512587f,0.9542202445950907f,-0.29804305745595094f,2.2717423708738127f,-0.09467851029674376f,-0.2945211158527813f,-0.9509433695046312f,-0.05485576327491387f,0f,0f,0f,1f], start_interpolation: 0, interpolation_duration: 1 }
$data merge entity $(bone_neck7) { transformation: [-0.9966341225205071f,0.03709248076231139f,0.07310659134904617f,-0.14534930723678f,1.734723475976807e-18f,0.8917808434890401f,-0.45246759794042307f,1.5541143328192102f,-0.08197820337003534f,-0.4509446474423151f,-0.8887792184312969f,0.3329313701411216f,0f,0f,0f,1f], start_interpolation: 0, interpolation_duration: 1 }
$data merge entity $(bone_neck6) { transformation: [-0.9966341225205071f,0.0212175203154528f,0.07918486382789466f,-0.1615254825906736f,1.734723475976807e-18f,0.9659258262890684f,-0.25881904510252063f,0.7832117595306856f,-0.08197820337003534f,-0.25794789190734624f,-0.9626746383035013f,0.5295900875418302f,0f,0f,0f,1f], start_interpolation: 0, interpolation_duration: 1 }
$data merge entity $(bone_neck_spine6) { transformation: [-1.0846436089529257f,-0.14298508000068963f,-0.167466969794438f,0.12047695530012131f,-0.15972193846329533f,-0.06858068195149178f,1.093035804516008f,0.42733591444774965f,-0.1515876691834205f,1.0953509184173016f,0.046574903019471064f,-1.7029905938692824f,0f,0f,0f,1f], start_interpolation: 0, interpolation_duration: 1 }
$data merge entity $(bone_neck_spine7) { transformation: [-0.9358442916677737f,0.2224496000243781f,-0.2733342956927242f,0.009689502573263287f,-0.23573766386909856f,0.18138587962924774f,0.9547391876867022f,0.7762421707853576f,0.2619603320855722f,0.9579224071500355f,-0.11730919100180728f,-4.758194362501424f,0f,0f,0f,1f], start_interpolation: 0, interpolation_duration: 1 }
$data merge entity $(bone_tail6) { transformation: [-0.925351299595455f,0.7190107606223481f,-0.9321710036953003f,-1.5823380372218954f,-0.9443078009088506f,0.2546883019003981f,1.133847841512171f,0.02308572860696534f,0.7029950434844626f,1.288546342460523f,0.2960415069748067f,-7.680778917215699f,0f,0f,0f,1f], start_interpolation: 0, interpolation_duration: 1 }
$data merge entity $(bone_tail5) { transformation: [-0.7644206387962456f,0.5939654109488963f,-0.7700543074004655f,-1.2072019882015395f,-0.7800803572725288f,0.21039468417858975f,0.9366569125535328f,0.1559665817723906f,0.5807350359219474f,1.0644513263804323f,0.2445560275009273f,-7.0084938689754255f,0f,0f,0f,1f], start_interpolation: 0, interpolation_duration: 1 }
$data merge entity $(bone_tail4) { transformation: [-0.6179737374689648f,0.48017414274605513f,-0.6225281137721658f,-1.0196339636913616f,-0.6306333835634759f,0.17008749205174412f,0.7572131672011717f,0.22240700835510313f,0.46947842904005854f,0.8605248617475494f,0.197704241179697f,-6.672351344855289f,0f,0f,0f,1f], start_interpolation: 0, interpolation_duration: 1 }
$data merge entity $(bone_segment18) { transformation: [-0.6179737374689648f,0.48017414274605513f,-0.6225281137721658f,-0.7851739330536394f,-0.6306333835634759f,0.17008749205174412f,0.7572131672011717f,0.3054575415834938f,0.46947842904005854f,0.8605248617475494f,0.197704241179697f,-6.252173189705118f,0f,0f,0f,1f], start_interpolation: 0, interpolation_duration: 1 }
$data merge entity $(bone_segment17) { transformation: [-0.6179737374689648f,0.48017414274605513f,-0.6225281137721658f,-0.4803758932246005f,-0.6306333835634759f,0.17008749205174412f,0.7572131672011717f,0.41342323478040166f,0.46947842904005854f,0.8605248617475494f,0.197704241179697f,-5.705941588009896f,0f,0f,0f,1f], start_interpolation: 0, interpolation_duration: 1 }
$data merge entity $(bone_segment16) { transformation: [-0.7725382313899163f,0.6035318428956735f,-0.19731699281078827f,0.020602687304034695f,-0.24588085615654245f,0.0021648137732914116f,0.9692976416751732f,0.41522019933830956f,0.5854291465383887f,0.797335956916706f,0.14672452484521686f,-5.044090451897396f,0f,0f,0f,1f], start_interpolation: 0, interpolation_duration: 1 }
$data merge entity $(bone_segment15) { transformation: [-0.9358442916677737f,0.2856139351161811f,-0.20644646235838796f,0.3134685387415251f,-0.23573766386909856f,-0.07189937922097797f,0.9691533589175543f,0.3414952499417989f,0.2619603320855722f,0.9556438454440483f,0.13461658545115743f,-4.064182211940119f,0f,0f,0f,1f], start_interpolation: 0, interpolation_duration: 1 }
$data merge entity $(bone_segment14) { transformation: [-0.9843666400410012f,0.046992997701876926f,-0.16974680009173002f,0.3616547180256762f,-0.17610763935148774f,-0.24672452090306374f,0.952949689200432f,0.08850623925018089f,0.002901264627140021f,0.967945591937969f,0.2511432135484019f,-3.0716598764568506f,0f,0f,0f,1f], start_interpolation: 0, interpolation_duration: 1 }
$data merge entity $(bone_segment13) { transformation: [-0.9800074019715844f,-0.10095358303672583f,-0.17144639440056061f,0.2573941356592401f,-0.14431346910565976f,-0.23251648410046227f,0.961826235479283f,-0.18474911291104493f,-0.13696391756807874f,0.9673388541217636f,0.21329891371218496f,-2.037733768110378f,0f,0f,0f,1f], start_interpolation: 0, interpolation_duration: 1 }
$data merge entity $(bone_segment12) { transformation: [-0.9773496487491333f,-0.15460448038247832f,-0.14451684585407287f,0.07621701021102323f,-0.14408051940371985f,-0.014083826838130808f,0.9894657395533955f,-0.20125359748697946f,-0.15501118675211892f,0.9878760552150545f,-0.008510670622358996f,-0.8800665159052359f,0f,0f,0f,1f], start_interpolation: 0, interpolation_duration: 1 }
$data merge entity $(bone_segment11) { transformation: [-1.0220072264342834f,-0.15239376373263872f,-0.061853308768141074f,-0.10448412694256895f,-0.12355143828276115f,0.45442767612092777f,0.9218345790800303f,0.3233562349167338f,-0.10855751069560952f,0.9175075421296526f,-0.46684434121111373f,0.1797737854308592f,0f,0f,0f,1f], start_interpolation: 0, interpolation_duration: 1 }
$data merge entity $(bone_segment10) { transformation: [-0.9968348296876179f,-0.07045762676702096f,0.036824518354176175f,-0.1682107007833828f,-0.04493129926169653f,0.8814264152737337f,0.4701793836445316f,1.1368400899251188f,-0.06558582673347768f,0.46703661236358635f,-0.8818023032650977f,0.6108643323221717f,0f,0f,0f,1f], start_interpolation: 0, interpolation_duration: 1 }