# This file was generated by Animated Java via MC-Build. It is not recommended to edit this file directly.
$data merge entity $(bone_neck_spine5) { transformation: [-1.3620301335805578f,0.05246876816936443f,0.10640772406910845f,0.07746122880589557f,0.04744712144420564f,1.3647865204460763f,-0.06563676128208756f,3.593982621442366f,-0.10873980890840682f,-0.06169637049075457f,-1.361459096698495f,-0.7954722019162628f,0f,0f,0f,1f], start_interpolation: 0, interpolation_duration: 1 }
$data merge entity $(bone_neck_spine2) { transformation: [-1.297171555791007f,0.047443434591210025f,0.10254795124902037f,-0.07541303707357178f,0.04518773470876727f,1.3009466584162885f,-0.03027982053822971f,5.053524380431245f,-0.10356172276991123f,-0.026606755046922028f,-1.2976856541964414f,0.5283852612953646f,0f,0f,0f,1f], start_interpolation: 0, interpolation_duration: 1 }
$data merge entity $(bone_scale_neck_left1) { transformation: [-1.3686877998898186f,0.36978016106400685f,0.20350861730900144f,0.5793432825063531f,0.4163501166973916f,1.2962278113650243f,0.44486566486152374f,4.245676262896287f,-0.06932319353299439f,0.48426801662931873f,-1.3461568264177364f,0.5695194600925959f,0f,0f,0f,1f], start_interpolation: 0, interpolation_duration: 1 }
$data merge entity $(bone_scale_neck_right1) { transformation: [-1.3878495152156116f,-0.35132373408034256f,0.043643732544464964f,-0.7826868510742044f,-0.3203245167266577f,1.3213478900205968f,0.45043465222463497f,4.293123384340493f,-0.15074928027158663f,0.42669755777686286f,-1.358919889871231f,0.46077965118418907f,0f,0f,0f,1f], start_interpolation: 0, interpolation_duration: 1 }
$data merge entity $(bone_blush_right1) { transformation: [-0.9980168565036054f,0.02088744089852102f,0.059380711913654384f,-0.7613190284822606f,0.03195406751042994f,0.9808687660382233f,0.19202968879887464f,3.938527248765971f,-0.0542336768456695f,0.19354632164772476f,-0.9795910012206296f,1.6629953111062703f,0f,0f,0f,1f], start_interpolation: 0, interpolation_duration: 1 }
$data merge entity $(bone_blush_left1) { transformation: [-0.9980168565036054f,0.02088744089852102f,0.059380711913654384f,0.38873945850431585f,0.03195406751042994f,0.9808687660382233f,0.19202968879887464f,3.901705178783249f,-0.0542336768456695f,0.19354632164772476f,-0.9795910012206296f,1.7254911496588974f,0f,0f,0f,1f], start_interpolation: 0, interpolation_duration: 1 }
$data merge entity $(bone_left_head_scales) { transformation: [-0.9126707247922118f,0.02088744089852102f,-0.40816156472648113f,0.4320404881125717f,-0.06032583845697588f,0.9808687660382233f,0.18508716061660407f,4.589650050198626f,0.4042189274659484f,0.19354632164772476f,-0.8939501552407239f,1.5140561842411802f,0f,0f,0f,1f], start_interpolation: 0, interpolation_duration: 1 }
$data merge entity $(bone_left_head_scales2) { transformation: [-0.8515869253672238f,0.02088744089852102f,-0.5237971204162056f,0.4070238284388754f,-0.08396846485034176f,0.9808687660382233f,0.1756296123133302f,3.795216977786117f,0.5174446883042432f,0.19354632164772476f,-0.8335411303123323f,1.5063428960233234f,0f,0f,0f,1f], start_interpolation: 0, interpolation_duration: 1 }
$data merge entity $(bone_left_head_scales1) { transformation: [-0.9980168565036054f,0.02088744089852102f,0.059380711913654384f,0.43000069896232546f,0.03195406751042994f,0.9808687660382233f,0.19202968879887464f,4.493862084765206f,-0.0542336768456695f,0.19354632164772476f,-0.9795910012206296f,1.4951551762677695f,0f,0f,0f,1f], start_interpolation: 0, interpolation_duration: 1 }
$data merge entity $(bone_right_head_scales) { transformation: [-0.8578328020341338f,0.02088744089852102f,0.5135042342249742f,-0.737510515602591f,0.11701304654869508f,0.9808687660382233f,0.15557766789628474f,4.627096223062411f,-0.5004306452363398f,0.19354632164772476f,-0.8438655050924742f,1.4505010941876613f,0f,0f,0f,1f], start_interpolation: 0, interpolation_duration: 1 }
$data merge entity $(bone_right_head_scales2) { transformation: [-0.7834681711123798f,0.02088744089852102f,0.621080783527017f,-0.7625271752762872f,0.13631894429937602f,0.9808687660382233f,0.13897341197422394f,3.8326631506499016f,-0.6062959428191206f,0.19354632164772476f,-0.7713268121216257f,1.4427878059698045f,0f,0f,0f,1f], start_interpolation: 0, interpolation_duration: 1 }
$data merge entity $(bone_right_head_scales1) { transformation: [-0.9980168565036054f,0.02088744089852102f,0.059380711913654384f,-0.7395503047528371f,0.03195406751042994f,0.9808687660382233f,0.19202968879887464f,4.531308257628991f,-0.0542336768456695f,0.19354632164772476f,-0.9795910012206296f,1.4316000862142506f,0f,0f,0f,1f], start_interpolation: 0, interpolation_duration: 1 }
$data merge entity $(bone_head_left_fin1) { transformation: [-0.7272583969384203f,0.06009162447337625f,-0.6837281775316195f,0.4267006508556183f,0.14053445834857078f,0.9880922450569307f,-0.06264009319141142f,4.148722135374666f,0.6718223649888659f,-0.1416429028455207f,-0.72704332606404f,1.352529375188179f,0f,0f,0f,1f], start_interpolation: 0, interpolation_duration: 1 }
$data merge entity $(bone_head_right_fin1) { transformation: [-0.6577322894088067f,0.01873964946104619f,0.7530186325763306f,-0.7428503528595443f,-0.09619043188803561f,0.9894162345192559f,-0.10864122460157857f,4.186168308238451f,-0.7470847584325644f,-0.14389002886862792f,-0.6489684301335026f,1.2889742851346602f,0f,0f,0f,1f], start_interpolation: 0, interpolation_duration: 1 }
$data merge entity $(bone_right_whisker16) { transformation: [0.25756365090399036f,0.8926473171901074f,-0.3699212522231058f,-1.2334902264170795f,0.9602829416446013f,-0.2789899842650805f,-0.004610928991175184f,1.8000251675773655f,-0.10732025773076986f,-0.35404146055663244f,-0.9290516705154391f,1.4400918223823487f,0f,0f,0f,1f], start_interpolation: 0, interpolation_duration: 1 }
$data merge entity $(bone_right_whisker15) { transformation: [-0.8513917930404573f,0.37187401347370835f,-0.3699212522231058f,-0.9840590370497581f,0.4019452621011138f,0.9156520876448135f,-0.004610928991175184f,1.6822677665711798f,0.3370044821924799f,-0.15261380178296746f,-0.9290516705154391f,1.3413600404900206f,0f,0f,0f,1f], start_interpolation: 0, interpolation_duration: 1 }
$data merge entity $(bone_right_whisker14) { transformation: [-0.6968460338428493f,-0.6144622626908665f,-0.3699212522231058f,-0.7799049255723608f,-0.6599932092647771f,0.7512574146444202f,-0.004610928991175184f,1.87562515209797f,0.2807393254281815f,0.24093240685014128f,-0.9290516705154391f,1.259112191243483f,0f,0f,0f,1f], start_interpolation: 0, interpolation_duration: 1 }
$data merge entity $(bone_right_whisker13) { transformation: [-0.11410516915091659f,-0.9830860346147995f,-0.14325452494909047f,-0.7464756767976782f,-0.9772856770433718f,0.08515274758011535f,0.1940662645217757f,2.1619393152942705f,-0.17858531803852004f,0.16214455934414218f,-0.9704722695967026f,1.3114321086375806f,0f,0f,0f,1f], start_interpolation: 0, interpolation_duration: 1 }
$data merge entity $(bone_right_whisker12) { transformation: [0.030468196115303606f,-0.9928793562924533f,-0.11516194195029357f,-0.7583773159052187f,-0.913045997582732f,-0.07452827803367293f,0.4009894538157953f,2.518597908100025f,-0.4067169720132585f,0.0929307248525423f,-0.9088152645366097f,1.4703059258302598f,0f,0f,0f,1f], start_interpolation: 0, interpolation_duration: 1 }
$data merge entity $(bone_right_whisker11) { transformation: [0.27707666598100644f,-0.9555595668452469f,-0.10066993284677293f,-0.8666103885540494f,-0.9517370638875945f,-0.2873328157303696f,0.10787221248810522f,2.8903701986811168f,-0.1320040999040228f,0.06592243332115005f,-0.9890546751285025f,1.5218700273552688f,0f,0f,0f,1f], start_interpolation: 0, interpolation_duration: 1 }
$data merge entity $(bone_right_whisker10) { transformation: [0.07508574046543041f,-0.9971226848336215f,0.010415515779266356f,-0.8959407559233581f,-0.9878618654853129f,-0.07580461434693582f,-0.13558242940584342f,3.276253739886317f,0.13598186018229125f,-0.00010878374165811458f,-0.9907113211564011f,1.4687521132215613f,0f,0f,0f,1f], start_interpolation: 0, interpolation_duration: 1 }
$data merge entity $(bone_right_whisker1) { transformation: [-0.35525481449835067f,-0.9345883996199806f,-0.01839945845686046f,-0.7571693440099398f,-0.9284501360118043f,0.3504999223369483f,0.12300467219360361f,3.6389295742659282f,-0.10850973097102884f,0.060780981709384674f,-0.9922355116337245f,1.5111387268821195f,0f,0f,0f,1f], start_interpolation: 0, interpolation_duration: 1 }
$data merge entity $(bone_left_whisker16) { transformation: [0.25923271719221036f,-0.9396066781576172f,0.22346742200766231f,0.8486749099839324f,-0.9634473192512544f,-0.26777097447610293f,-0.008244286245009391f,1.7872759356985632f,0.06758447576710812f,-0.21316189994866694f,-0.9746765325201794f,1.279996928184162f,0f,0f,0f,1f], start_interpolation: 0, interpolation_duration: 1 }
$data merge entity $(bone_left_whisker15) { transformation: [-0.8977315532979286f,-0.3796582272446323f,0.22346742200766231f,0.5856676189786798f,-0.3912352666558724f,0.9202537681906109f,-0.008244286245009391f,1.6726562286704756f,-0.20251672606971516f,-0.0948294923346332f,-0.9746765325201794f,1.2206658560934252f,0f,0f,0f,1f], start_interpolation: 0, interpolation_duration: 1 }
$data merge entity $(bone_left_whisker14) { transformation: [-0.7234849563288888f,0.6531705973687383f,0.22346742200766231f,0.3737091356792006f,0.6686899878352072f,0.7434956166066218f,-0.008244286245009391f,1.8685614985440715f,-0.17153197408861076f,0.14346581062993535f,-0.9746765325201794f,1.1704123480596524f,0f,0f,0f,1f], start_interpolation: 0, interpolation_duration: 1 }
$data merge entity $(bone_left_whisker13) { transformation: [-0.07355835190611215f,0.9972810692483182f,-0.004431453913477729f,0.3521588372692068f,0.9784347529275661f,0.07302683164246551f,0.19321624187380274f,2.1552123050658194f,0.19301451533091865f,0.009876779798786064f,-0.9811461899698625f,1.2269595693480075f,0f,0f,0f,1f], start_interpolation: 0, interpolation_duration: 1 }
$data merge entity $(bone_left_whisker12) { transformation: [0.10339691273330204f,0.994434071807773f,-0.020247352049946328f,0.39254825630565293f,0.9122263328580876f,-0.08669672676416229f,0.40040828563937836f,2.51155071633851f,0.396424262725565f,-0.05987114827855525f,-0.9161131204858383f,1.3818127969751814f,0f,0f,0f,1f], start_interpolation: 0, interpolation_duration: 1 }
$data merge entity $(bone_left_whisker11) { transformation: [0.3055646567551366f,0.9508363945941298f,-0.05040229416754183f,0.5119094503506282f,0.9481695133624833f,-0.2990058015758701f,0.10756442048337062f,2.88192943249573f,0.08720558739018641f,-0.08065780395725733f,-0.9929196866759797f,1.415877479549473f,0f,0f,0f,1f], start_interpolation: 0, interpolation_duration: 1 }
$data merge entity $(bone_left_whisker10) { transformation: [0.0654362819092657f,0.9843889203854863f,-0.16339077829604576f,0.5374704979714351f,0.9870014400483419f,-0.08793753814045549f,-0.13451820221923722f,3.2674768700146135f,-0.14678641065299877f,-0.15246456246647108f,-0.9773475875242735f,1.3585390378881455f,0f,0f,0f,1f], start_interpolation: 0, interpolation_duration: 1 }
$data merge entity $(bone_left_whisker1) { transformation: [-0.32316241034967813f,0.9370921056438939f,-0.13200167452301237f,0.4112351814285921f,0.9326041285837439f,0.3390395014762429f,0.12370026591441513f,3.6317753577426384f,0.1606723245787603f,-0.08313003054633056f,-0.9835007890875453f,1.4213016646767236f,0f,0f,0f,1f], start_interpolation: 0, interpolation_duration: 1 }
$data merge entity $(bone_upper_left_tooth1) { transformation: [-0.9980168565036054f,0.02598332793153059f,0.057334289951687434f,0.04456044100474238f,0.03195406751042994f,0.9938727544079384f,0.10581061201560647f,3.866753514553616f,-0.0542336768456695f,0.10743283816031693f,-0.9927320351336604f,2.366460291027449f,0f,0f,0f,1f], start_interpolation: 0, interpolation_duration: 1 }
$data merge entity $(bone_upper_right_tooth1) { transformation: [-0.9980168565036054f,0.02598332793153059f,0.057334289951687434f,-0.5402150608528389f,0.03195406751042994f,0.9938727544079384f,0.10581061201560647f,3.8854766009855086f,-0.0542336768456695f,0.10743283816031693f,-0.9927320351336604f,2.3346827460006896f,0f,0f,0f,1f], start_interpolation: 0, interpolation_duration: 1 }
$data merge entity $(bone_top_lip1) { transformation: [-0.9980168565036054f,0.048938204700073706f,0.03959048187879642f,-0.22067017432790317f,0.03195406751042994f,0.9357595968390593f,-0.3511878621096415f,3.9820985939725024f,-0.0542336768456695f,-0.3492263292541606f,-0.9354676259772244f,2.363436236749961f,0f,0f,0f,1f], start_interpolation: 0, interpolation_duration: 1 }
$data merge entity $(bone_muzzle1) { transformation: [-0.9980168565036054f,0.02598332793153059f,0.057334289951687434f,-0.1888687640099605f,0.03195406751042994f,0.9938727544079384f,0.10581061201560647f,4.179350761129723f,-0.0542336768456695f,0.10743283816031693f,-0.9927320351336604f,1.8944410298722438f,0f,0f,0f,1f], start_interpolation: 0, interpolation_duration: 1 }
$data merge entity $(bone_jaw_right_tooth1) { transformation: [-0.9980168565036054f,0.05144618847383063f,0.03627180483759693f,-0.5479572617034152f,0.03195406751042994f,0.9105213920577793f,-0.4122253414998925f,3.6943705242122027f,-0.0542336768456695f,-0.41024880779434236f,-0.910359612460439f,2.3645577345812114f,0f,0f,0f,1f], start_interpolation: 0, interpolation_duration: 1 }
$data merge entity $(bone_jaw_left_tooth1) { transformation: [-0.9980168565036054f,0.05144618847383063f,0.03627180483759693f,0.0855495319756312f,0.03195406751042994f,0.9105213920577793f,-0.4122253414998925f,3.6740871805776525f,-0.0542336768456695f,-0.41024880779434236f,-0.910359612460439f,2.398983408360201f,0f,0f,0f,1f], start_interpolation: 0, interpolation_duration: 1 }
$data merge entity $(bone_tongue1) { transformation: [-0.9980168565036054f,0.027961708422172663f,0.056395895212107604f,-0.19225009695715087f,0.03195406751042994f,0.9969515649583935f,0.07117945417428453f,3.7315212175109465f,-0.0542336768456695f,0.07284037334558069f,-0.9958679572647552f,1.6928071221744367f,0f,0f,0f,1f], start_interpolation: 0, interpolation_duration: 1 }
$data merge entity $(bone_jaw_lips1) { transformation: [-0.9980168565036054f,0.027961708422172663f,0.056395895212107604f,-0.19071832045842915f,0.03195406751042994f,0.9969515649583935f,0.07117945417428453f,3.5623899893267046f,-0.0542336768456695f,0.07284037334558069f,-0.9958679572647552f,2.4652967999364144f,0f,0f,0f,1f], start_interpolation: 0, interpolation_duration: 1 }
$data merge entity $(bone_jaw3) { transformation: [-0.9980168565036054f,0.044366072461216446f,0.044654291496201294f,-0.15908163728926256f,0.03195406751042994f,0.9682707055215538f,-0.24785233183960925f,3.2978367879278476f,-0.0542336768456695f,-0.24593391885455534f,-0.9677681622437478f,1.7272407382351915f,0f,0f,0f,1f], start_interpolation: 0, interpolation_duration: 1 }
$data merge entity $(bone_jaw1) { transformation: [-0.9980168565036054f,-0.00020380163410483113f,0.06294690301798461f,-0.10990436930646208f,0.03195406751042994f,0.8599288464752595f,0.5094127173218873f,3.695815473335572f,-0.0542336768456695f,0.5104138883931589f,-0.8582169718848351f,1.056758728950164f,0f,0f,0f,1f], start_interpolation: 0, interpolation_duration: 1 }
$data merge entity $(bone_tear_right1) { transformation: [-0.9980168565036054f,0.02088744089852102f,0.059380711913654384f,-0.7106674825179699f,0.03195406751042994f,0.9808687660382233f,0.19202968879887464f,4.2553472612131955f,-0.0542336768456695f,0.19354632164772476f,-0.9795910012206296f,1.8178938331070946f,0f,0f,0f,1f], start_interpolation: 0, interpolation_duration: 1 }
$data merge entity $(bone_right_pupil1) { transformation: [-0.9980168565036054f,0.02088744089852102f,0.059380711913654384f,-0.5512940808258472f,0.03195406751042994f,0.9808687660382233f,0.19202968879887464f,4.3347346482854325f,-0.0542336768456695f,0.19354632164772476f,-0.9795910012206296f,1.9029315592426113f,0f,0f,0f,1f], start_interpolation: 0, interpolation_duration: 1 }
$data merge entity $(bone_right_sad_pupil1) { transformation: [-0.9980168565036054f,0.02088744089852102f,0.059380711913654384f,-0.5507141910610653f,0.03195406751042994f,0.9808687660382233f,0.19202968879887464f,4.336609938215109f,-0.0542336768456695f,0.19354632164772476f,-0.9795910012206296f,1.8933652408713162f,0f,0f,0f,1f], start_interpolation: 0, interpolation_duration: 1 }
$data merge entity $(bone_right_happy_pupil1) { transformation: [-0.9980168565036054f,0.02088744089852102f,0.059380711913654384f,-0.5755894658517665f,0.03195406751042994f,0.9808687660382233f,0.19202968879887464f,4.313443371993926f,-0.0542336768456695f,0.19354632164772476f,-0.9795910012206296f,1.8873160019330981f,0f,0f,0f,1f], start_interpolation: 0, interpolation_duration: 1 }
$data merge entity $(bone_eyelid_right1) { transformation: [-0.9980168565036054f,0.02088744089852102f,0.059380711913654384f,-0.14750833849155043f,0.03195406751042994f,0.9808687660382233f,0.19202968879887464f,4.370466461536114f,-0.0542336768456695f,0.19354632164772476f,-0.9795910012206296f,1.425989426660045f,0f,0f,0f,1f], start_interpolation: 0, interpolation_duration: 1 }
$data merge entity $(bone_eyelid_expressions_right5) { transformation: [-0.9980168565036054f,0.02088744089852102f,0.059380711913654384f,-0.6607560612199213f,0.03195406751042994f,0.9808687660382233f,0.19202968879887464f,4.435986485228995f,-0.0542336768456695f,0.19354632164772476f,-0.9795910012206296f,1.9061755696626217f,0f,0f,0f,1f], start_interpolation: 0, interpolation_duration: 1 }
$data merge entity $(bone_eyelid_expressions_right7) { transformation: [-0.9980168565036054f,0.02088744089852102f,0.059380711913654384f,-0.36836831029113065f,0.03195406751042994f,0.9808687660382233f,0.19202968879887464f,4.426624942013049f,-0.0542336768456695f,0.19354632164772476f,-0.9795910012206296f,1.9220643421760015f,0f,0f,0f,1f], start_interpolation: 0, interpolation_duration: 1 }
$data merge entity $(bone_eyelid_expressions_right6) { transformation: [-0.9980168565036054f,0.02088744089852102f,0.059380711913654384f,-0.46583089393406085f,0.03195406751042994f,0.9808687660382233f,0.19202968879887464f,4.429745456418365f,-0.0542336768456695f,0.19354632164772476f,-0.9795910012206296f,1.9167680846715416f,0f,0f,0f,1f], start_interpolation: 0, interpolation_duration: 1 }
$data merge entity $(bone_right_eye1) { transformation: [-0.9980168565036054f,0.02088744089852102f,0.059380711913654384f,-0.15783448662062524f,0.03195406751042994f,0.9808687660382233f,0.19202968879887464f,4.368903223046969f,-0.0542336768456695f,0.19354632164772476f,-0.9795910012206296f,1.4350261192808942f,0f,0f,0f,1f], start_interpolation: 0, interpolation_duration: 1 }
$data merge entity $(bone_tear_left1) { transformation: [-0.9980168565036054f,0.02088744089852102f,0.059380711913654384f,0.3419284208256764f,0.03195406751042994f,0.9808687660382233f,0.19202968879887464f,4.221645705635789f,-0.0542336768456695f,0.19354632164772476f,-0.9795910012206296f,1.8750934141552618f,0f,0f,0f,1f], start_interpolation: 0, interpolation_duration: 1 }
$data merge entity $(bone_left_sad_pupil1) { transformation: [-0.9980168565036054f,0.02088744089852102f,0.059380711913654384f,0.18025518626091122f,0.03195406751042994f,0.9808687660382233f,0.19202968879887464f,4.313206080175243f,-0.0542336768456695f,0.19354632164772476f,-0.9795910012206296f,1.9330871721547656f,0f,0f,0f,1f], start_interpolation: 0, interpolation_duration: 1 }
$data merge entity $(bone_left_pupil1) { transformation: [-0.9980168565036054f,0.02088744089852102f,0.059380711913654384f,0.17967529649612943f,0.03195406751042994f,0.9808687660382233f,0.19202968879887464f,4.311330790245567f,-0.0542336768456695f,0.19354632164772476f,-0.9795910012206296f,1.9426534905260606f,0f,0f,0f,1f], start_interpolation: 0, interpolation_duration: 1 }
$data merge entity $(bone_eyelid_left1) { transformation: [-0.9980168565036054f,0.02088744089852102f,0.059380711913654384f,-0.16700085522013647f,0.03195406751042994f,0.9808687660382233f,0.19202968879887464f,4.371090564417177f,-0.0542336768456695f,0.19354632164772476f,-0.9795910012206296f,1.424930175159153f,0f,0f,0f,1f], start_interpolation: 0, interpolation_duration: 1 }
$data merge entity $(bone_left_happy_pupil1) { transformation: [-0.9980168565036054f,0.02088744089852102f,0.059380711913654384f,0.20411120329167518f,0.03195406751042994f,0.9808687660382233f,0.19202968879887464f,4.288479256751403f,-0.0542336768456695f,0.19354632164772476f,-0.9795910012206296f,1.9296860619687775f,0f,0f,0f,1f], start_interpolation: 0, interpolation_duration: 1 }
$data merge entity $(bone_eyelid_expressions_left5) { transformation: [-0.9980168565036054f,0.02088744089852102f,0.059380711913654384f,0.2943772584807948f,0.03195406751042994f,0.9808687660382233f,0.19202968879887464f,4.405405444056905f,-0.0542336768456695f,0.19354632164772476f,-0.9795910012206296f,1.9580788932063289f,0f,0f,0f,1f], start_interpolation: 0, interpolation_duration: 1 }
$data merge entity $(bone_eyelid_expressions_left7) { transformation: [-0.9980168565036054f,0.02088744089852102f,0.059380711913654384f,0.001989507552004152f,0.03195406751042994f,0.9808687660382233f,0.19202968879887464f,4.414766987272851f,-0.0542336768456695f,0.19354632164772476f,-0.9795910012206296f,1.9421901206929493f,0f,0f,0f,1f], start_interpolation: 0, interpolation_duration: 1 }
$data merge entity $(bone_eyelid_expressions_left6) { transformation: [-0.9980168565036054f,0.02088744089852102f,0.059380711913654384f,0.09945209119493437f,0.03195406751042994f,0.9808687660382233f,0.19202968879887464f,4.4116464728675355f,-0.0542336768456695f,0.19354632164772476f,-0.9795910012206296f,1.9474863781974092f,0f,0f,0f,1f], start_interpolation: 0, interpolation_duration: 1 }
$data merge entity $(bone_left_eye1) { transformation: [-0.9980168565036054f,0.02088744089852102f,0.059380711913654384f,-0.15783448662062524f,0.03195406751042994f,0.9808687660382233f,0.19202968879887464f,4.368903223046969f,-0.0542336768456695f,0.19354632164772476f,-0.9795910012206296f,1.4350261192808942f,0f,0f,0f,1f], start_interpolation: 0, interpolation_duration: 1 }
$data merge entity $(bone_crest_middle5) { transformation: [-0.9980168565036054f,0.03324466351014073f,0.053452282297009f,-0.15728323592768104f,0.03195406751042994f,0.999181091500056f,-0.02482103862243168f,5.47120084086295f,-0.0542336768456695f,-0.023063797104008715f,-0.9982618742388919f,2.0743472390940894f,0f,0f,0f,1f], start_interpolation: 0, interpolation_duration: 1 }
$data merge entity $(bone_crest_middle4) { transformation: [-0.9980168565036054f,0.03324466351014073f,0.053452282297009f,-0.1767625309531541f,0.03195406751042994f,0.999181091500056f,-0.02482103862243168f,4.8857431700621365f,-0.0542336768456695f,-0.023063797104008715f,-0.9982618742388919f,2.0878611827097195f,0f,0f,0f,1f], start_interpolation: 0, interpolation_duration: 1 }
$data merge entity $(bone_crest_middle1) { transformation: [-0.9980168565036054f,0.03324466351014073f,0.053452282297009f,-0.19528698100839761f,0.03195406751042994f,0.999181091500056f,-0.02482103862243168f,4.448467871882829f,-0.0542336768456695f,-0.023063797104008715f,-0.9982618742388919f,2.1711118357453842f,0f,0f,0f,1f], start_interpolation: 0, interpolation_duration: 1 }
$data merge entity $(bone_crest_left5) { transformation: [-0.5538503551016501f,-0.8156403185497648f,0.16727419080603442f,-1.1325682881111094f,-0.8100874187832363f,0.5742958033222809f,0.118079228552401f,4.938406252476963f,-0.19237504537462682f,-0.07010849479523876f,-0.9788138949129486f,1.9985150259442044f,0f,0f,0f,1f], start_interpolation: 0, interpolation_duration: 1 }
$data merge entity $(bone_crest_left4) { transformation: [-0.5538503551016501f,-0.8156403185497648f,0.16727419080603442f,-0.7343064138192321f,-0.8100874187832363f,0.5742958033222809f,0.118079228552401f,4.657988379761006f,-0.19237504537462682f,-0.07010849479523876f,-0.9788138949129486f,2.032747689418442f,0f,0f,0f,1f], start_interpolation: 0, interpolation_duration: 1 }
$data merge entity $(bone_crest_left1) { transformation: [-0.5538503551016501f,-0.8156403185497648f,0.16727419080603442f,-0.2880506670002161f,-0.8100874187832363f,0.5742958033222809f,0.118079228552401f,4.355294307105114f,-0.19237504537462682f,-0.07010849479523876f,-0.9788138949129486f,2.022609972027557f,0f,0f,0f,1f], start_interpolation: 0, interpolation_duration: 1 }
$data merge entity $(bone_crest_center1) { transformation: [-0.9980168565036054f,0.02088744089852102f,0.059380711913654384f,-0.19109802411752216f,0.03195406751042994f,0.9808687660382233f,0.19202968879887464f,4.328227107862933f,-0.0542336768456695f,0.19354632164772476f,-0.9795910012206296f,2.02318103802189f,0f,0f,0f,1f], start_interpolation: 0, interpolation_duration: 1 }
$data merge entity $(bone_crest_right5) { transformation: [-0.5186177771441806f,0.8533953971569489f,-0.052458529729321225f,0.7844995915954709f,0.8444252347001202f,0.52085734725867f,0.1251145347603897f,4.877026410993296f,0.13409557871785396f,0.02058931562715627f,-0.9907544881807651f,2.10269126224893f,0f,0f,0f,1f], start_interpolation: 0, interpolation_duration: 1 }
$data merge entity $(bone_crest_right4) { transformation: [-0.5186177771441806f,0.8533953971569489f,-0.052458529729321225f,0.3678026203274294f,0.8444252347001202f,0.52085734725867f,0.1251145347603897f,4.6227015344021485f,0.13409557871785396f,0.02058931562715627f,-0.9907544881807651f,2.092637885477858f,0f,0f,0f,1f], start_interpolation: 0, interpolation_duration: 1 }
$data merge entity $(bone_crest_right1) { transformation: [-0.5186177771441806f,0.8533953971569489f,-0.052458529729321225f,-0.09312549971435569f,0.8444252347001202f,0.52085734725867f,0.1251145347603897f,4.349053278294483f,0.13409557871785396f,0.02058931562715627f,-0.9907544881807651f,2.033202487036477f,0f,0f,0f,1f], start_interpolation: 0, interpolation_duration: 1 }
$data merge entity $(bone_head1) { transformation: [-0.9980168565036054f,0.02088744089852102f,0.059380711913654384f,-0.12696044413275037f,0.03195406751042994f,0.9808687660382233f,0.19202968879887464f,4.424150186462467f,-0.0542336768456695f,0.19354632164772476f,-0.9795910012206296f,0.8994281048729521f,0f,0f,0f,1f], start_interpolation: 0, interpolation_duration: 1 }
$data merge entity $(bone_neck10) { transformation: [-1.297171555791007f,0.03365235583487756f,0.107863250173285f,-0.06020358513474808f,0.04518773470876727f,1.2937691890842207f,0.13978684112852924f,4.135617554041278f,-0.10356172276991123f,0.14300283657174556f,-1.2900566519551797f,-0.06263811061663718f,0f,0f,0f,1f], start_interpolation: 0, interpolation_duration: 1 }
$data merge entity $(bone_neck9) { transformation: [-0.9962277548474935f,0.0169256906702729f,0.08511040751198587f,-0.08584705998528916f,0.03470418025633326f,0.976655061100771f,0.2119917722436071f,2.8853722727491067f,-0.07953540308729183f,0.2141457742323758f,-0.973558271000847f,-0.2869658381088699f,0f,0f,0f,1f], start_interpolation: 0, interpolation_duration: 1 }
$data merge entity $(bone_neck8) { transformation: [-0.9966163141768887f,0.04944416330731335f,0.06565970629931754f,-0.1208656239961632f,0.027721216142643498f,0.9542256472409161f,-0.29780018187238866f,2.2733812338683177f,-0.07737865656656073f,-0.29497235270868133f,-0.9523674997843321f,-0.055184399635821335f,0f,0f,0f,1f], start_interpolation: 0, interpolation_duration: 1 }
$data merge entity $(bone_neck7) { transformation: [-0.9979915879612645f,0.02870429937418527f,0.05646993497420268f,-0.14554739210628242f,0f,0.8914439707104851f,-0.45313093812266225f,1.5560428738995662f,-0.06334658916274445f,-0.4522208644914133f,-0.8896535839078521f,0.3336636389953783f,0f,0f,0f,1f], start_interpolation: 0, interpolation_duration: 1 }
$data merge entity $(bone_neck6) { transformation: [-0.9979915879612645f,0.016395303717603206f,0.06118810647961807f,-0.15804712364763213f,0f,0.9659258262890684f,-0.25881904510252063f,0.7851403006110416f,-0.06334658916274445f,-0.2582992298164828f,-0.9639858492310239f,0.5305902153891345f,0f,0f,0f,1f], start_interpolation: 0, interpolation_duration: 1 }
$data merge entity $(bone_neck_spine6) { transformation: [-1.07727239091421f,-0.17796540431260632f,-0.1809811817819558f,0.09036775314569312f,-0.17305120433981766f,-0.06234775209287094f,1.0913788141625553f,0.4196604506056568f,-0.18568563209866684f,1.0905882587824691f,0.032859904980113715f,-1.71134033927647f,0f,0f,0f,1f], start_interpolation: 0, interpolation_duration: 1 }
$data merge entity $(bone_neck_spine7) { transformation: [-0.9551044472717989f,0.13948089954944293f,-0.26138204502702445f,0.15223741345403846f,-0.2346599262614446f,0.18242387093546114f,0.9548069178215539f,0.7565659792815769f,0.18085965224063819f,0.9732762249093525f,-0.14150327281584318f,-4.781559888985754f,0f,0f,0f,1f], start_interpolation: 0, interpolation_duration: 1 }
$data merge entity $(bone_tail6) { transformation: [-0.9799965921314264f,0.6064649362253569f,-0.9560341218931421f,-1.185054391467506f,-0.9447241721256157f,0.25879423322101053f,1.132570556361566f,-0.005629661236948497f,0.6239368555361893f,1.3444032533673633f,0.21325331022727279f,-7.827487626287439f,0f,0f,0f,1f], start_interpolation: 0, interpolation_duration: 1 }
$data merge entity $(bone_tail5) { transformation: [-0.8095624021955263f,0.5009927734035557f,-0.7897673180856392f,-0.8686379030021021f,-0.7804243161037696f,0.21378654048692175f,0.9356017639508589f,0.12939341696531803f,0.5154260980516346f,1.1105939919121697f,0.17616577801383407f,-7.126059841921857f,0f,0f,0f,1f], start_interpolation: 0, interpolation_duration: 1 }
$data merge entity $(bone_tail4) { transformation: [-0.654467289353857f,0.40501310523571665f,-0.6384645266208114f,-0.7104296587694002f,-0.6309114471238895f,0.17282954009890095f,0.7563601628571154f,0.1969049560664512f,0.41668130874068987f,0.8978275639879435f,0.1424161236996048f,-6.775345949739067f,0f,0f,0f,1f], start_interpolation: 0, interpolation_duration: 1 }
$data merge entity $(bone_segment18) { transformation: [-0.654467289353857f,0.40501310523571665f,-0.6384645266208114f,-0.5126693534785229f,-0.6309114471238895f,0.17282954009890095f,0.7563601628571154f,0.28129437994286766f,0.41668130874068987f,0.8978275639879435f,0.1424161236996048f,-6.336953584510579f,0f,0f,0f,1f], start_interpolation: 0, interpolation_duration: 1 }
$data merge entity $(bone_segment17) { transformation: [-0.654467289353857f,0.40501310523571665f,-0.6384645266208114f,-0.2555809566003825f,-0.6309114471238895f,0.17282954009890095f,0.7563601628571154f,0.3910006309822091f,0.41668130874068987f,0.8978275639879435f,0.1424161236996048f,-5.767043509713544f,0f,0f,0f,1f], start_interpolation: 0, interpolation_duration: 1 }
$data merge entity $(bone_segment16) { transformation: [-0.8194074493883902f,0.5336016931278575f,-0.20938162521552897f,0.1873501363280149f,-0.24449627701226873f,0.00502648826397672f,0.969637202742795f,0.3951730089357054f,0.5184525073851534f,0.8457209749715422f,0.12634488544943862f,-5.065029028535995f,0f,0f,0f,1f], start_interpolation: 0, interpolation_duration: 1 }
$data merge entity $(bone_segment15) { transformation: [-0.9551044472717989f,0.20237885444967674f,-0.2163753545884276f,0.39486751637895295f,-0.2346599262614446f,-0.07091428645966992f,0.9694874331227246f,0.3224581644213954f,0.18085965224063819f,0.9767363837021494f,0.115220757434774f,-4.063492697591408f,0f,0f,0f,1f], start_interpolation: 0, interpolation_duration: 1 }
$data merge entity $(bone_segment14) { transformation: [-0.9817514862242028f,-0.01458421979782279f,-0.18960833270048422f,0.3799129941253261f,-0.18049342614745503f,-0.24251352186251135f,0.9532100056290819f,0.07378707266784384f,-0.05988440877325167f,0.970038397305349f,0.23545565471898983f,-3.0688244191044785f,0f,0f,0f,1f], start_interpolation: 0, interpolation_duration: 1 }
$data merge entity $(bone_segment13) { transformation: [-0.9733472896730743f,-0.12995884350635326f,-0.18895965887080604f,0.2449219815742428f,-0.15635685286232934f,-0.22671043029916513f,0.9613297641062379f,-0.19321918690853612f,-0.16777242994326602f,0.9652528579538413f,0.20034802710002764f,-2.036822947245989f,0f,0f,0f,1f], start_interpolation: 0, interpolation_duration: 1 }
$data merge entity $(bone_segment12) { transformation: [-0.9748441768804395f,-0.15942452778624394f,-0.15576472881378314f,0.058096363074738144f,-0.15643996741017566f,-0.008384755622677265f,0.9876518781786683f,-0.20304507240386105f,-0.15876198348156734f,0.9871745113267871f,-0.016766537737930076f,-0.8799778167849103f,0f,0f,0f,1f], start_interpolation: 0, interpolation_duration: 1 }
$data merge entity $(bone_segment11) { transformation: [-1.0228731124491357f,-0.14216773443113817f,-0.07118562375506285f,-0.11045246357676514f,-0.12757048223672585f,0.4572435628090412f,0.9198926884401495f,0.3248431378960639f,-0.09489378169600586f,0.9177500321277435f,-0.46933837541694684f,0.1802354203810802f,0f,0f,0f,1f], start_interpolation: 0, interpolation_duration: 1 }
$data merge entity $(bone_segment10) { transformation: [-0.9979806151137194f,-0.05909078535738451f,0.023301736911431753f,-0.16321295740475064f,-0.04125116852047799f,0.8818888941518133f,0.4696491450725605f,1.1387686310054748f,-0.04830147982140086f,0.4677395188109933f,-0.8825455849923693f,0.6119751597492112f,0f,0f,0f,1f], start_interpolation: 0, interpolation_duration: 1 }