# This file was generated by Animated Java via MC-Build. It is not recommended to edit this file directly.
$data merge entity $(bone_neck_spine5) { transformation: [-1.5710570316959287f,0.05660683701148345f,0.02438574827589307f,0.05383955187279911f,0.05544361061310672f,1.5696519527224702f,-0.07167948739605605f,4.160426990510274f,-0.026925912381980225f,-0.07076446053446962f,-1.5704415245160537f,-0.8859906000758784f,0f,0f,0f,1f], start_interpolation: 0, interpolation_duration: 1 }
$data merge entity $(bone_neck_spine2) { transformation: [-1.4962447920913602f,0.05284692232900653f,0.025553994283908713f,-0.02654465646165862f,0.05280343867914924f,1.4964615306635722f,-0.002994293192734806f,5.822195129218349f,-0.025643726078076395f,-0.002090867862558988f,-1.497174775792206f,0.6682669150138605f,0f,0f,0f,1f], start_interpolation: 0, interpolation_duration: 1 }
$data merge entity $(bone_scale_neck_left1) { transformation: [-1.5758203940169448f,0.45910146697426285f,0.138097826413138f,0.7277351230254774f,0.4786150495699971f,1.47897889177137f,0.5446137648439608f,4.893223141020294f,0.027799297887944833f,0.5611616180339525f,-1.5483474798378198f,0.6492326543409186f,0f,0f,0f,1f], start_interpolation: 0, interpolation_duration: 1 }
$data merge entity $(bone_scale_neck_right1) { transformation: [-1.6037548776724915f,-0.37266819591245637f,-0.046301068397165066f,-0.8433219086704506f,-0.36640579826846215f,1.5083325768244864f,0.5511213201491386f,4.9486667516334f,-0.08229315995035706f,0.5469061476003293f,-1.551507841546418f,0.6223067419589384f,0f,0f,0f,1f], start_interpolation: 0, interpolation_duration: 1 }
$data merge entity $(bone_blush_right1) { transformation: [-0.9987903896461874f,0.029442854310161984f,0.039381161492366805f,-0.7726734640820476f,0.037206063204692774f,0.9761675099873427f,0.21380528830204415f,4.514303554100236f,-0.03214757240019386f,0.21501188519517328f,-0.9760821803585968f,1.9630788174419584f,0f,0f,0f,1f], start_interpolation: 0, interpolation_duration: 1 }
$data merge entity $(bone_blush_left1) { transformation: [-0.9987903896461874f,0.029442854310161984f,0.039381161492366805f,0.5509188784471284f,0.037206063204692774f,0.9761675099873427f,0.21380528830204415f,4.464998253544799f,-0.03214757240019386f,0.21501188519517328f,-0.9760821803585968f,2.0056806296949494f,0f,0f,0f,1f], start_interpolation: 0, interpolation_duration: 1 }
$data merge entity $(bone_left_head_scales) { transformation: [-0.9041220923971506f,0.029442854310161984f,-0.4262585604647358f,0.5991078829182758f,-0.06572211425330939f,0.9761675099873427f,0.206827455003408f,5.261203304843878f,0.4221893482046572f,0.21501188519517328f,-0.8806395650249567f,1.7793310239055535f,0f,0f,0f,1f], start_interpolation: 0, interpolation_duration: 1 }
$data merge entity $(bone_left_head_scales2) { transformation: [-0.8407492957630298f,0.029442854310161984f,-0.5406234734119857f,0.5660212849468087f,-0.09215625260322496f,0.9761675099873427f,0.1964795601360162f,4.348160803456713f,0.5335239889452958f,0.21501188519517328f,-0.8179988034494414f,1.7505841896597514f,0f,0f,0f,1f], start_interpolation: 0, interpolation_duration: 1 }
$data merge entity $(bone_left_head_scales1) { transformation: [-0.9987903896461874f,0.029442854310161984f,0.039381161492366805f,0.595801312365865f,0.037206063204692774f,0.9761675099873427f,0.21380528830204415f,5.151575117687097f,-0.03214757240019386f,0.21501188519517328f,-0.9760821803585968f,1.7551841813299238f,0f,0f,0f,1f], start_interpolation: 0, interpolation_duration: 1 }
$data merge entity $(bone_right_head_scales) { transformation: [-0.8677536989837801f,0.029442854310161984f,0.4961215941984766f,-0.7469182281283439f,0.13172647649826164f,0.9761675099873427f,0.17246775882600418f,5.311344288459577f,-0.4792198381633635f,0.21501188519517328f,-0.8509513710756319f,1.7360071470381047f,0f,0f,0f,1f], start_interpolation: 0, interpolation_duration: 1 }
$data merge entity $(bone_right_head_scales2) { transformation: [-0.7955730832267163f,0.029442854310161984f,0.60514179129788f,-0.7800048260998109f,0.153111098071364f,0.9761675099873427f,0.15379851784881726f,4.398301787072412f,-0.5861914882463901f,0.21501188519517328f,-0.7811206234201606f,1.7072603127923025f,0f,0f,0f,1f], start_interpolation: 0, interpolation_duration: 1 }
$data merge entity $(bone_right_head_scales1) { transformation: [-0.9987903896461874f,0.029442854310161984f,0.039381161492366805f,-0.7502247986807546f,0.037206063204692774f,0.9761675099873427f,0.21380528830204415f,5.201716101302796f,-0.03214757240019386f,0.21501188519517328f,-0.9760821803585968f,1.711860304462475f,0f,0f,0f,1f], start_interpolation: 0, interpolation_duration: 1 }
$data merge entity $(bone_head_left_fin1) { transformation: [-0.7464566125675764f,0.06449909218701627f,-0.7330195022551335f,0.5867186859988358f,0.1344887111359382f,1.0385138302015007f,-0.04557421510434291f,4.758478191889545f,0.7234573312617041f,-0.126507270986428f,-0.7478506523741444f,1.582419996541124f,0f,0f,0f,1f], start_interpolation: 0, interpolation_duration: 1 }
$data merge entity $(bone_head_right_fin1) { transformation: [-0.7063840669393102f,0.021121304835742018f,0.7741128073359138f,-0.7593074250477838f,-0.08036876494059052f,1.0401297014739936f,-0.10171658546529821f,4.808619175505244f,-0.7702191958276412f,-0.12790345037891226f,-0.6993413299562418f,1.5390961196736752f,0f,0f,0f,1f], start_interpolation: 0, interpolation_duration: 1 }
$data merge entity $(bone_right_whisker16) { transformation: [0.2587189512001783f,0.8823060935427156f,-0.39319265200061015f,-1.3309390482325485f,0.9618539056709992f,-0.27277098188895627f,0.020809987620846182f,2.0629669211958053f,-0.08889076687330817f,-0.3835778261796787f,-0.9192205844235365f,1.660333275101935f,0f,0f,0f,1f], start_interpolation: 0, interpolation_duration: 1 }
$data merge entity $(bone_right_whisker15) { transformation: [-0.8409882430464013f,0.37166962947011745f,-0.39319265200061015f,-1.0475982827530481f,0.39598451610491436f,0.9180213545557518f,0.020809987620846182f,1.929554169187802f,0.3686936913792859f,-0.13819724711139691f,-0.9192205844235365f,1.5361151857212185f,0f,0f,0f,1f], start_interpolation: 0, interpolation_duration: 1 }
$data merge entity $(bone_right_whisker14) { transformation: [-0.6922640688144287f,-0.6051198207307535f,-0.39319265200061015f,-0.8143647830059997f,-0.6646596144273205f,0.7468564395950176f,0.020809987620846182f,2.153487340064194f,0.2810659281695629f,0.27574528317676583f,-0.9192205844235365f,1.4414201220312781f,0f,0f,0f,1f], start_interpolation: 0, interpolation_duration: 1 }
$data merge entity $(bone_right_whisker13) { transformation: [-0.12256951247142903f,-0.9783381698096366f,-0.16682667684170668f,-0.7730693906206061f,-0.9719153690482828f,0.08429913697267342f,0.21971383869343106f,2.4809392954564373f,-0.200891089947406f,0.18907162928158594f,-0.9611944074850574f,1.5091031552655116f,0f,0f,0f,1f], start_interpolation: 0, interpolation_duration: 1 }
$data merge entity $(bone_right_whisker12) { transformation: [0.016481140289016885f,-0.9905245433425051f,-0.1363433205217481f,-0.7804730278598129f,-0.902267595916109f,-0.07349453393791872f,0.42486673068270897f,2.886254817059377f,-0.4308614131882074f,0.11601587183385942f,-0.8949294721418504f,1.7026541807211517f,0f,0f,0f,1f], start_interpolation: 0, interpolation_duration: 1 }
$data merge entity $(bone_right_whisker11) { transformation: [0.2697618869461063f,-0.9547692276510221f,-0.12507696143553884f,-0.9016551255113842f,-0.9489347690525419f,-0.285652719021962f,0.13388550406432936f,3.312534107844699f,-0.1635583334302342f,0.08257267130250262f,-0.9830719330341466f,1.7761276508167647f,0f,0f,0f,1f], start_interpolation: 0, interpolation_duration: 1 }
$data merge entity $(bone_right_whisker10) { transformation: [0.07443028931911712f,-0.9971123761815703f,-0.015067889613864828f,-0.9350906070414563f,-0.9913150890062308f,-0.0723379164533402f,-0.10982540758749387f,3.757851432984216f,0.1084182933846595f,0.023111363195031563f,-0.9938366759940115f,1.7274241205853746f,0f,0f,0f,1f], start_interpolation: 0, interpolation_duration: 1 }
$data merge entity $(bone_right_whisker1) { transformation: [-0.3616775585257058f,-0.931317948349555f,-0.042851169655691176f,-0.7726182662974869f,-0.9240862962742842f,0.35202211802254524f,0.1488117786366322f,4.172968323888679f,-0.12350652086817654f,0.09342005943531348f,-0.9879366537375469f,1.782905565506626f,0f,0f,0f,1f], start_interpolation: 0, interpolation_duration: 1 }
$data merge entity $(bone_left_whisker16) { transformation: [0.25689686573870707f,-0.945762366247412f,0.19884050634547454f,1.058080971444347f,-0.9657663317455453f,-0.258899835052153f,0.01631771665161899f,2.044839346535496f,0.03604709198234006f,-0.1962254366795089f,-0.9798960073189162f,1.4154909078190407f,0f,0f,0f,1f], start_interpolation: 0, interpolation_duration: 1 }
$data merge entity $(bone_left_whisker15) { transformation: [-0.904139468418593f,-0.37814583785097905f,0.19884050634547454f,0.7534636700728485f,-0.3827427129300571f,0.9237108572611985f,0.01631771665161899f,1.915887944229959f,-0.18984161120967033f,-0.06135126317985323f,-0.9798960073189162f,1.3515305993548452f,0f,0f,0f,1f], start_interpolation: 0, interpolation_duration: 1 }
$data merge entity $(bone_left_whisker14) { transformation: [-0.7248223679940663f,0.6596173041178871f,0.19884050634547454f,0.509260821481098f,0.6754122828737035f,0.7372597780067828f,0.01631771665161899f,2.1434438403153373f,-0.13583365929992042f,0.14612676634224267f,-0.9798960073189162f,1.3057663293758681f,0f,0f,0f,1f], start_interpolation: 0, interpolation_duration: 1 }
$data merge entity $(bone_left_whisker13) { transformation: [-0.0646653167436158f,0.9975050542031102f,-0.02832072826919671f,0.4874741669141571f,0.9733360826955739f,0.06930669435379572f,0.21866287348469893f,2.471374454114139f,0.22008013752559247f,-0.01342568273866854f,-0.9753894012699326f,1.3799144225851743f,0f,0f,0f,1f], start_interpolation: 0, interpolation_duration: 1 }
$data merge entity $(bone_left_whisker12) { transformation: [0.11707817188815012f,0.9922491369724665f,-0.041645550119118704f,0.5400678769420371f,0.9012541651440229f,-0.08853956396209814f,0.4241481762591381f,2.8762347236124306f,0.41717338299306683f,-0.08719171859068268f,-0.9046347178454538f,1.567316528226591f,0f,0f,0f,1f], start_interpolation: 0, interpolation_duration: 1 }
$data merge entity $(bone_left_whisker11) { transformation: [0.3115484707710876f,0.9472718309726289f,-0.07492415235396324f,0.6800212915462366f,0.9445238613064637f,-0.3000851603632597f,0.1335049510410971f,3.300532551933694f,0.10398185314239083f,-0.11236091302370188f,-0.9882119203093813f,1.6140271263178996f,0f,0f,0f,1f], start_interpolation: 0, interpolation_duration: 1 }
$data merge entity $(bone_left_whisker10) { transformation: [0.06577072956874358f,0.9798727347291639f,-0.18847714680136912f,0.7095667364696956f,0.9902512618233658f,-0.08733902356218722f,-0.10850960059108355f,3.745371985955909f,-0.1227870090409729f,-0.179502976848835f,-0.9760645632913734f,1.558868899600275f,0f,0f,0f,1f], start_interpolation: 0, interpolation_duration: 1 }
$data merge entity $(bone_left_whisker1) { transformation: [-0.315189914254816f,0.9360869568462423f,-0.15619387687865105f,0.56797751717554f,0.9292222790399802f,0.3378524913299478f,0.149671808427284f,4.1627960566184f,0.19287631811030542f,-0.09796378578071134f,-0.9763205531933269f,1.6455125581263887f,0f,0f,0f,1f], start_interpolation: 0, interpolation_duration: 1 }
$data merge entity $(bone_upper_left_tooth1) { transformation: [-0.9987903896461874f,0.03276310974060377f,0.03666519044737737f,0.17071740760308077f,0.037206063204692774f,0.9910872566041536f,0.1279130902513946f,4.4098118982538494f,-0.03214757240019386f,0.12912253264623552f,-0.9911074135288246f,2.7500038055638614f,0f,0f,0f,1f], start_interpolation: 0, interpolation_duration: 1 }
$data merge entity $(bone_upper_right_tooth1) { transformation: [-0.9987903896461874f,0.03276310974060377f,0.03666519044737737f,-0.5022956479202291f,0.037206063204692774f,0.9910872566041536f,0.1279130902513946f,4.434882390061699f,-0.03214757240019386f,0.12912253264623552f,-0.9911074135288246f,2.728341867130137f,0f,0f,0f,1f], start_interpolation: 0, interpolation_duration: 1 }
$data merge entity $(bone_top_lip1) { transformation: [-0.9987903896461874f,0.04552024955675766f,0.018592052891163006f,-0.13369915469043184f,0.037206063204692774f,0.9468567336616267f,-0.3194965332839219f,4.543736646063496f,-0.03214757240019386f,-0.31841832987428087f,-0.9474050352351143f,2.756026600913953f,0f,0f,0f,1f], start_interpolation: 0, interpolation_duration: 1 }
$data merge entity $(bone_muzzle1) { transformation: [-0.9987903896461874f,0.03276310974060377f,0.03666519044737737f,-0.10759161471240827f,0.037206063204692774f,0.9910872566041536f,0.1279130902513946f,4.78251846115995f,-0.03214757240019386f,0.12912253264623552f,-0.9911074135288246f,2.2212481576545797f,0f,0f,0f,1f], start_interpolation: 0, interpolation_duration: 1 }
$data merge entity $(bone_jaw_right_tooth1) { transformation: [-0.9987903896461874f,0.04696743544318816f,0.014553953356639917f,-0.5109130715489669f,0.037206063204692774f,0.9154077002625184f,-0.40080475441403673f,4.229494935548575f,-0.03214757240019386f,-0.3997784415247748f,-0.9160478870019826f,2.7583703021799115f,0f,0f,0f,1f], start_interpolation: 0, interpolation_duration: 1 }
$data merge entity $(bone_jaw_left_tooth1) { transformation: [-0.9987903896461874f,0.04696743544318816f,0.014553953356639917f,0.21818440526795208f,0.037206063204692774f,0.9154077002625184f,-0.40080475441403673f,4.202335236090072f,-0.03214757240019386f,-0.3997784415247748f,-0.9160478870019826f,2.7818374021497796f,0f,0f,0f,1f], start_interpolation: 0, interpolation_duration: 1 }
$data merge entity $(bone_tongue1) { transformation: [-0.9987903896461874f,0.034940356265190826f,0.03459666247600826f,-0.11890626514378157f,0.037206063204692774f,0.9970475864363062f,0.0671700769863022f,4.265587555134597f,-0.03214757240019386f,0.06837603297646691f,-0.9971415404561059f,1.9745110245910338f,0f,0f,0f,1f], start_interpolation: 0, interpolation_duration: 1 }
$data merge entity $(bone_jaw_lips1) { transformation: [-0.9987903896461874f,0.034940356265190826f,0.03459666247600826f,-0.0984173308969966f,0.037206063204692774f,0.9970475864363062f,0.0671700769863022f,4.074381504495576f,-0.03214757240019386f,0.06837603297646691f,-0.9971415404561059f,2.8633547720850476f,0f,0f,0f,1f], start_interpolation: 0, interpolation_duration: 1 }
$data merge entity $(bone_jaw3) { transformation: [-0.9987903896461874f,0.04372662708532205f,0.02248865567699586f,-0.08189572391913685f,0.037206063204692774f,0.9710996155898427f,-0.23575675061823548f,3.7807741707279403f,-0.03214757240019386f,-0.23463486246719956f,-0.9715518590913061f,2.010239179184095f,0f,0f,0f,1f], start_interpolation: 0, interpolation_duration: 1 }
$data merge entity $(bone_jaw1) { transformation: [-0.9987903896461874f,0.015017513601473458f,0.046821275459419706f,-0.03982973424856445f,0.037206063204692774f,0.8533763204638873f,0.5199659263185673f,4.247931057654778f,-0.03214757240019386f,0.52107900548453f,-0.8529028101911894f,1.243959310652948f,0f,0f,0f,1f], start_interpolation: 0, interpolation_duration: 1 }
$data merge entity $(bone_tear_right1) { transformation: [-0.9987903896461874f,0.029442854310161984f,0.039381161492366805f,-0.7089964659863094f,0.037206063204692774f,0.9761675099873427f,0.21380528830204415f,4.8743027990185706f,-0.03214757240019386f,0.21501188519517328f,-0.9760821803585968f,2.1480546718083477f,0f,0f,0f,1f], start_interpolation: 0, interpolation_duration: 1 }
$data merge entity $(bone_right_pupil1) { transformation: [-0.9987903896461874f,0.029442854310161984f,0.039381161492366805f,-0.523265277526157f,0.037206063204692774f,0.9761675099873427f,0.21380528830204415f,4.962629812645957f,-0.03214757240019386f,0.21501188519517328f,-0.9760821803585968f,2.243929698443913f,0f,0f,0f,1f], start_interpolation: 0, interpolation_duration: 1 }
$data merge entity $(bone_right_sad_pupil1) { transformation: [-0.9987903896461874f,0.029442854310161984f,0.039381161492366805f,-0.5228230086226783f,0.037206063204692774f,0.9761675099873427f,0.21380528830204415f,4.965030946254818f,-0.03214757240019386f,0.21501188519517328f,-0.9760821803585968f,2.232967838019964f,0f,0f,0f,1f], start_interpolation: 0, interpolation_duration: 1 }
$data merge entity $(bone_right_happy_pupil1) { transformation: [-0.9987903896461874f,0.029442854310161984f,0.039381161492366805f,-0.5516914923862635f,0.037206063204692774f,0.9761675099873427f,0.21380528830204415f,4.9386688407302195f,-0.03214757240019386f,0.21501188519517328f,-0.9760821803585968f,2.2260286354309144f,0f,0f,0f,1f], start_interpolation: 0, interpolation_duration: 1 }
$data merge entity $(bone_eyelid_right1) { transformation: [-0.9987903896461874f,0.029442854310161984f,0.039381161492366805f,-0.07051244582386049f,0.037206063204692774f,0.9761675099873427f,0.21380528830204415f,5.014186620838504f,-0.03214757240019386f,0.21501188519517328f,-0.9760821803585968f,1.6867011509160346f,0f,0f,0f,1f], start_interpolation: 0, interpolation_duration: 1 }
$data merge entity $(bone_eyelid_expressions_right5) { transformation: [-0.9987903896461874f,0.029442854310161984f,0.039381161492366805f,-0.6485102481052724f,0.037206063204692774f,0.9761675099873427f,0.21380528830204415f,5.079464297637175f,-0.03214757240019386f,0.21501188519517328f,-0.9760821803585968f,2.252962820615497f,0f,0f,0f,1f], start_interpolation: 0, interpolation_duration: 1 }
$data merge entity $(bone_eyelid_expressions_right7) { transformation: [-0.9987903896461874f,0.029442854310161984f,0.039381161492366805f,-0.31200372034361745f,0.037206063204692774f,0.9761675099873427f,0.21380528830204415f,5.066929051733251f,-0.03214757240019386f,0.21501188519517328f,-0.9760821803585968f,2.2637937898323592f,0f,0f,0f,1f], start_interpolation: 0, interpolation_duration: 1 }
$data merge entity $(bone_eyelid_expressions_right6) { transformation: [-0.9987903896461874f,0.029442854310161984f,0.039381161492366805f,-0.4241725629308358f,0.037206063204692774f,0.9761675099873427f,0.21380528830204415f,5.071107467034559f,-0.03214757240019386f,0.21501188519517328f,-0.9760821803585968f,2.260183466760072f,0f,0f,0f,1f], start_interpolation: 0, interpolation_duration: 1 }
$data merge entity $(bone_right_eye1) { transformation: [-0.9987903896461874f,0.029442854310161984f,0.039381161492366805f,-0.08217159898606105f,0.037206063204692774f,0.9761675099873427f,0.21380528830204415f,5.012203328759774f,-0.03214757240019386f,0.21501188519517328f,-0.9760821803585968f,1.6973019790327548f,0f,0f,0f,1f], start_interpolation: 0, interpolation_duration: 1 }
$data merge entity $(bone_tear_left1) { transformation: [-0.9987903896461874f,0.029442854310161984f,0.039381161492366805f,0.5024270339556484f,0.037206063204692774f,0.9761675099873427f,0.21380528830204415f,4.829175913764441f,-0.03214757240019386f,0.21501188519517328f,-0.9760821803585968f,2.187046160989052f,0f,0f,0f,1f], start_interpolation: 0, interpolation_duration: 1 }
$data merge entity $(bone_left_sad_pupil1) { transformation: [-0.9987903896461874f,0.029442854310161984f,0.039381161492366805f,0.31844331078145893f,0.037206063204692774f,0.9761675099873427f,0.21380528830204415f,4.933692831495006f,-0.03214757240019386f,0.21501188519517328f,-0.9760821803585968f,2.2600452610621193f,0f,0f,0f,1f], start_interpolation: 0, interpolation_duration: 1 }
$data merge entity $(bone_left_pupil1) { transformation: [-0.9987903896461874f,0.029442854310161984f,0.039381161492366805f,0.3180010418779803f,0.037206063204692774f,0.9761675099873427f,0.21380528830204415f,4.931291697886145f,-0.03214757240019386f,0.21501188519517328f,-0.9760821803585968f,2.2710071214860683f,0f,0f,0f,1f], start_interpolation: 0, interpolation_duration: 1 }
$data merge entity $(bone_eyelid_left1) { transformation: [-0.9987903896461874f,0.029442854310161984f,0.039381161492366805f,-0.09294621434130415f,0.037206063204692774f,0.9761675099873427f,0.21380528830204415f,5.015022303898765f,-0.03214757240019386f,0.21501188519517328f,-0.9760821803585968f,1.685979086301577f,0f,0f,0f,1f], start_interpolation: 0, interpolation_duration: 1 }
$data merge entity $(bone_left_happy_pupil1) { transformation: [-0.9987903896461874f,0.029442854310161984f,0.039381161492366805f,0.34565924831148287f,0.037206063204692774f,0.9761675099873427f,0.21380528830204415f,4.9052415183197535f,-0.03214757240019386f,0.21501188519517328f,-0.9760821803585968f,2.254911220009214f,0f,0f,0f,1f], start_interpolation: 0, interpolation_duration: 1 }
$data merge entity $(bone_eyelid_expressions_left5) { transformation: [-0.9987903896461874f,0.029442854310161984f,0.039381161492366805f,0.450744409249467f,0.037206063204692774f,0.9761675099873427f,0.21380528830204415f,5.038515827684354f,-0.03214757240019386f,0.21501188519517328f,-0.9760821803585968f,2.2883439867239135f,0f,0f,0f,1f], start_interpolation: 0, interpolation_duration: 1 }
$data merge entity $(bone_eyelid_expressions_left7) { transformation: [-0.9987903896461874f,0.029442854310161984f,0.039381161492366805f,0.11423788148781212f,0.037206063204692774f,0.9761675099873427f,0.21380528830204415f,5.051051073588279f,-0.03214757240019386f,0.21501188519517328f,-0.9760821803585968f,2.2775130175070513f,0f,0f,0f,1f], start_interpolation: 0, interpolation_duration: 1 }
$data merge entity $(bone_eyelid_expressions_left6) { transformation: [-0.9987903896461874f,0.029442854310161984f,0.039381161492366805f,0.22640672407503046f,0.037206063204692774f,0.9761675099873427f,0.21380528830204415f,5.04687265828697f,-0.03214757240019386f,0.21501188519517328f,-0.9760821803585968f,2.2811233405793385f,0f,0f,0f,1f], start_interpolation: 0, interpolation_duration: 1 }
$data merge entity $(bone_left_eye1) { transformation: [-0.9987903896461874f,0.029442854310161984f,0.039381161492366805f,-0.08217159898606105f,0.037206063204692774f,0.9761675099873427f,0.21380528830204415f,5.012203328759774f,-0.03214757240019386f,0.21501188519517328f,-0.9760821803585968f,1.6973019790327548f,0f,0f,0f,1f], start_interpolation: 0, interpolation_duration: 1 }
$data merge entity $(bone_crest_middle5) { transformation: [-0.9987903896461874f,0.03726858449106702f,0.03207507070061572f,-0.060147581480480876f,0.037206063204692774f,0.9993043763388696f,-0.0025440697301677417f,6.262949492935002f,-0.03214757240019386f,-0.0013476052892991974f,-0.9994822247287638f,2.4605933251379355f,0f,0f,0f,1f], start_interpolation: 0, interpolation_duration: 1 }
$data merge entity $(bone_crest_middle4) { transformation: [-0.9987903896461874f,0.03726858449106702f,0.03207507070061572f,-0.08526020188950065f,0.037206063204692774f,0.9993043763388696f,-0.0025440697301677417f,5.5895900987222875f,-0.03214757240019386f,-0.0013476052892991974f,-0.9994822247287638f,2.461501379483264f,0f,0f,0f,1f], start_interpolation: 0, interpolation_duration: 1 }
$data merge entity $(bone_crest_middle1) { transformation: [-0.9987903896461874f,0.03726858449106702f,0.03207507070061572f,-0.1067963143169238f,0.037206063204692774f,0.9993043763388696f,-0.0025440697301677417f,5.084784837194045f,-0.03214757240019386f,-0.0013476052892991974f,-0.9994822247287638f,2.5463676836136613f,0f,0f,0f,1f], start_interpolation: 0, interpolation_duration: 1 }
$data merge entity $(bone_crest_left5) { transformation: [-0.5614815366429737f,-0.8143400998097918f,0.14693088800801338f,-1.1860897284530139f,-0.8033005244157809f,0.5790253098649271f,0.13942007749659724f,5.6568993435981705f,-0.19861206278163673f,-0.03974786003804162f,-0.9792718499681382f,2.383667888013309f,0f,0f,0f,1f], start_interpolation: 0, interpolation_duration: 1 }
$data merge entity $(bone_crest_left4) { transformation: [-0.5614815366429737f,-0.8143400998097918f,0.14693088800801338f,-0.7288186763137263f,-0.8033005244157809f,0.5790253098649271f,0.13942007749659724f,5.331763061203314f,-0.19861206278163673f,-0.03974786003804162f,-0.9792718499681382f,2.405987243015139f,0f,0f,0f,1f], start_interpolation: 0, interpolation_duration: 1 }
$data merge entity $(bone_crest_left1) { transformation: [-0.5614815366429737f,-0.8143400998097918f,0.14693088800801338f,-0.2175700052295923f,-0.8033005244157809f,0.5790253098649271f,0.13942007749659724f,4.981941914686213f,-0.19861206278163673f,-0.03974786003804162f,-0.9792718499681382f,2.375550123973043f,0f,0f,0f,1f], start_interpolation: 0, interpolation_duration: 1 }
$data merge entity $(bone_crest_center1) { transformation: [-0.9987903896461874f,0.029442854310161984f,0.039381161492366805f,-0.10622779469945093f,0.037206063204692774f,0.9761675099873427f,0.21380528830204415f,4.950356803405908f,-0.03214757240019386f,0.21501188519517328f,-0.9760821803585968f,2.3731238136713193f,0f,0f,0f,1f], start_interpolation: 0, interpolation_duration: 1 }
$data merge entity $(bone_crest_right5) { transformation: [-0.5118178337119623f,0.8559892357730183f,-0.07297214081495904f,1.0202470747620112f,0.8432821307917981f,0.5168036670892479f,0.14761171217200617f,5.574710820958963f,0.16406630666178607f,0.014014204359512089f,-0.9863497600215306f,2.4546821597322164f,0f,0f,0f,1f], start_interpolation: 0, interpolation_duration: 1 }
$data merge entity $(bone_crest_right4) { transformation: [-0.5118178337119623f,0.8559892357730183f,-0.07297214081495904f,0.539589056627748f,0.8432821307917981f,0.5168036670892479f,0.14761171217200617f,5.284513449302403f,0.16406630666178607f,0.014014204359512089f,-0.9863497600215306f,2.4468128555264355f,0f,0f,0f,1f], start_interpolation: 0, interpolation_duration: 1 }
$data merge entity $(bone_crest_right1) { transformation: [-0.5118178337119623f,0.8559892357730183f,-0.07297214081495904f,0.006767679944844278f,0.8432821307917981f,0.5168036670892479f,0.14761171217200617f,4.973585084083596f,0.16406630666178607f,0.014014204359512089f,-0.9863497600215306f,2.3827707701176175f,0f,0f,0f,1f], start_interpolation: 0, interpolation_duration: 1 }
$data merge entity $(bone_head1) { transformation: [-1.0469091974807037f,0.030861325155833834f,0.041278430991347995f,-0.05950009457093636f,0.038998542812210504f,1.023196413463295f,0.22410580349367898f,5.08945158366873f,-0.03369634867468235f,0.22537053070587812f,-1.0231069729019142f,1.0823262344277405f,0f,0f,0f,1f], start_interpolation: 0, interpolation_duration: 1 }
$data merge entity $(bone_neck10) { transformation: [-1.4962447920913602f,0.04905934401262283f,0.032233283862511064f,-0.05125168302268407f,0.05280343867914924f,1.4840499285088238f,0.19235874880192255f,4.781292213637452f,-0.025643726078076395f,0.19334754237392038f,-1.4846391510582044f,-0.03348342341340649f,0f,0f,0f,1f], start_interpolation: 0, interpolation_duration: 1 }
$data merge entity $(bone_neck9) { transformation: [-1.1446272659498913f,0.0352384570897655f,0.02783561898982038f,-0.09752793318561169f,0.040394630589549195f,1.1181526881564336f,0.24554223320360216f,3.3441592663202524f,-0.019617450449728454f,0.24633506776139494f,-1.1185358011826794f,-0.292609695992504f,0f,0f,0f,1f], start_interpolation: 0, interpolation_duration: 1 }
$data merge entity $(bone_neck8) { transformation: [-1.0625033987774632f,0.03655072689469086f,0.006380387662779424f,-0.125f,0.033059403788966865f,1.0155943770517062f,-0.3126743905710759f,2.5962461198332742f,-0.01684460757559134f,-0.3122855152922489f,-1.0161122740776227f,-0.027622718236643973f,0f,0f,0f,1f], start_interpolation: 0, interpolation_duration: 1 }
$data merge entity $(bone_neck7) { transformation: [-1.0556640625f,8.327769981572837e-17f,1.6344168853265284e-16f,-0.12500000000000008f,0f,0.9406035670386972f,-0.479261455291455f,1.7552912739909399f,-1.8343489536345932e-16f,-0.479261455291455f,-0.9406035670386972f,0.4258769192552695f,0f,0f,0f,1f], start_interpolation: 0, interpolation_duration: 1 }
$data merge entity $(bone_neck6) { transformation: [-1.0496744791666666f,4.720707455882609e-17f,1.7617920073023112e-16f,-0.1250000000000001f,0f,1.01390768862361f,-0.27167574636640235f,0.8570449638381339f,-1.82394129999695e-16f,-0.27167574636640235f,-1.01390768862361f,0.6573214527547895f,0f,0f,0f,1f], start_interpolation: 0, interpolation_duration: 1 }
$data merge entity $(bone_neck_spine6) { transformation: [-1.218742749317037f,-0.29164439379680146f,-0.2226994096776096f,0.00857719579096819f,-0.21662632448762806f,-0.0516535959380716f,1.2531521496140672f,0.35007687043483193f,-0.2961832457159595f,1.2378452335046866f,-0.00017709770438798653f,-1.974614494561651f,0f,0f,0f,1f], start_interpolation: 0, interpolation_duration: 1 }
$data merge entity $(bone_neck_spine7) { transformation: [-0.9750541270289482f,-0.12531668412843916f,-0.18320801850047083f,0.6501805205697063f,-0.20322100760648262f,0.1720158905230236f,0.9639044327499366f,0.7198250995440074f,-0.08927861687560909f,0.9770907133355754f,-0.1931917867875187f,-5.487806133709899f,0f,0f,0f,1f], start_interpolation: 0, interpolation_duration: 1 }
$data merge entity $(bone_tail6) { transformation: [-1.386887903129435f,0.19242819002742287f,-1.0024047452816338f,0.24558690042955694f,-0.9704090795767736f,0.2757473141545921f,1.395554217699411f,-0.09943728387825522f,0.31646500589374166f,1.688856639252256f,-0.11364457587309386f,-9.312615132557836f,0f,0f,0f,1f], start_interpolation: 0, interpolation_duration: 1 }
$data merge entity $(bone_tail5) { transformation: [-1.1456900069330114f,0.15896241784874063f,-0.828073485232654f,0.34598421696560366f,-0.8016422831286389f,0.22779125951901083f,1.1528491363603828f,0.044430880028488454f,0.26142761356439526f,1.3951424411214288f,-0.09388030180820797f,-8.431472538165355f,0f,0f,0f,1f], start_interpolation: 0, interpolation_duration: 1 }
$data merge entity $(bone_tail4) { transformation: [-0.844192636687482f,0.11713020262538781f,-0.6101594101714292f,0.396182875233627f,-0.5906837875684707f,0.16784619122453429f,0.8494677846865978f,0.11636496198186029f,0.19263087315271227f,1.0279996934578948f,-0.0691749592271006f,-7.990901240969114f,0f,0f,0f,1f], start_interpolation: 0, interpolation_duration: 1 }
$data merge entity $(bone_segment18) { transformation: [-0.8053912359950139f,0.11174657840533894f,-0.5821148161635499f,0.4589311980686562f,-0.5635343464007274f,0.16013152156576688f,0.8104239237755368f,0.2062825644235751f,0.18377703177799135f,0.9807500181064139f,-0.06599548905144505f,-7.440187119473813f,0f,0f,0f,1f], start_interpolation: 0, interpolation_duration: 1 }
$data merge entity $(bone_segment17) { transformation: [-0.8053912359950139f,0.11174657840533894f,-0.5821148161635499f,0.5405040177541942f,-0.5635343464007274f,0.16013152156576688f,0.8104239237755368f,0.3231754475978045f,0.18377703177799135f,0.9807500181064139f,-0.06599548905144505f,-6.724258761529921f,0f,0f,0f,1f], start_interpolation: 0, interpolation_duration: 1 }
$data merge entity $(bone_segment16) { transformation: [-0.949326157590266f,0.23509044438453544f,-0.20859609170351995f,0.7649189683263462f,-0.21907502898692327f,-0.019072076069482042f,0.9755215977049296f,0.3049694374826495f,0.22535744538239763f,0.9717863648320454f,0.06960806661040127f,-5.7966013673665175f,0f,0f,0f,1f], start_interpolation: 0, interpolation_duration: 1 }
$data merge entity $(bone_segment15) { transformation: [-0.9750541270289482f,-0.07362889726115195f,-0.20939970117438703f,0.6780958301985718f,-0.20322100760648262f,-0.08332223366612404f,0.9755811741953069f,0.20671592463905109f,-0.08927861687560909f,0.9937988684160363f,0.06628074911905898f,-4.6247145181356935f,0f,0f,0f,1f], start_interpolation: 0, interpolation_duration: 1 }
$data merge entity $(bone_segment14) { transformation: [-1.0036704994375594f,-0.19879211482306824f,-0.22760145357203757f,0.45445470102262f,-0.17839814957804653f,-0.24743352144102554f,1.0028090300349288f,-0.07164678698210264f,-0.24391561411902526f,0.9989662384568546f,0.2030931452252219f,-3.5008774998717316f,0f,0f,0f,1f], start_interpolation: 0, interpolation_duration: 1 }
$data merge entity $(bone_segment13) { transformation: [-0.9821632744496123f,-0.20029586438917413f,-0.2175556959819647f,0.21917737104484789f,-0.1745753320870885f,-0.2163604323251725f,0.9873222516351666f,-0.35925176790047686f,-0.2386888509593321f,0.9824272705171847f,0.1730835127765082f,-2.3223998008174824f,0f,0f,0f,1f], start_interpolation: 0, interpolation_duration: 1 }
$data merge entity $(bone_segment12) { transformation: [-1.0869860688029265f,-0.16817691844013175f,-0.18614964819740396f,0.01601062393596389f,-0.18974664320316506f,0.009660890776407484f,1.0992619159118602f,-0.34758089313703155f,-0.16410782678826366f,1.1027679141528663f,-0.03801880973210037f,-0.9901969515052949f,0f,0f,0f,1f], start_interpolation: 0, interpolation_duration: 1 }
$data merge entity $(bone_segment11) { transformation: [-1.1813231363093053f,-0.10577416962562777f,-0.10203094404004316f,-0.10932951914950564f,-0.1389638165802698f,0.5349797798192142f,1.0543284752615656f,0.2703094083230344f,-0.04782829897810112f,1.058173568516026f,-0.543234749985922f,0.23256707925606324f,0f,0f,0f,1f], start_interpolation: 0, interpolation_duration: 1 }
$data merge entity $(bone_segment10) { transformation: [-1.0478178992256817f,-0.018359657319748358f,-0.02039046518728766f,-0.12500000000000014f,-0.025783358793593825f,0.9252595858799473f,0.4918385051739674f,1.2175558085449634f,0.009384375140273711f,0.4921715348793989f,-0.9253941386149237f,0.7363651502149133f,0f,0f,0f,1f], start_interpolation: 0, interpolation_duration: 1 }