# This file was generated by Animated Java via MC-Build. It is not recommended to edit this file directly.
$data merge entity $(bone_neck_spine5) { transformation: [-1.3661365493008073f,0.04922333653172473f,0.02120499850077658f,0.029355649343726586f,0.048211835315744966f,1.3649147414978f,-0.06232998904004873f,3.6015010734130035f,-0.023413836853895843f,-0.061534313508234455f,-1.3656013256661335f,-0.8026694099697854f,0f,0f,0f,1f], start_interpolation: 0, interpolation_duration: 1 }
$data merge entity $(bone_neck_spine2) { transformation: [-1.3010824279055304f,0.045953845503483935f,0.022220864594703228f,-0.04054366225145403f,0.04591603363404282f,1.3012708962291932f,-0.002603733211073744f,5.046516846202634f,-0.022298892241805562f,-0.001818145967442598f,-1.3018911093845271f,0.5488588640212919f,0f,0f,0f,1f], start_interpolation: 0, interpolation_duration: 1 }
$data merge entity $(bone_scale_neck_left1) { transformation: [-1.3702786034929957f,0.39921866693414165f,0.12008506644620696f,0.6153517981721425f,0.4161869996260845f,1.2860686015403218f,0.4735771868208356f,4.23871511733476f,0.024173302511256378f,0.48796662437735f,-1.3463891129024521f,0.5323073330013424f,0f,0f,0f,1f], start_interpolation: 0, interpolation_duration: 1 }
$data merge entity $(bone_scale_neck_right1) { transformation: [-1.394569458845645f,-0.32405930079344036f,-0.0402617986062305f,-0.7507847511286646f,-0.31861373762474976f,1.3115935450647709f,0.47923593056446845f,4.2869269526505045f,-0.07155926952204963f,0.47557056313072116f,-1.3491372535186246f,0.5088934961474465f,0f,0f,0f,1f], start_interpolation: 0, interpolation_duration: 1 }
$data merge entity $(bone_blush_right1) { transformation: [-0.9987903896461874f,0.029442854310161984f,0.039381161492366805f,-0.6893513210517924f,0.037206063204692774f,0.9761675099873427f,0.21380528830204415f,3.9092198243607967f,-0.03214757240019386f,0.21501188519517328f,-0.9760821803585968f,1.6747822574370288f,0f,0f,0f,1f], start_interpolation: 0, interpolation_duration: 1 }
$data merge entity $(bone_blush_left1) { transformation: [-0.9987903896461874f,0.029442854310161984f,0.039381161492366805f,0.4615985420170564f,0.037206063204692774f,0.9761675099873427f,0.21380528830204415f,3.8663456499647637f,-0.03214757240019386f,0.21501188519517328f,-0.9760821803585968f,1.7118273115700648f,0f,0f,0f,1f], start_interpolation: 0, interpolation_duration: 1 }
$data merge entity $(bone_left_head_scales) { transformation: [-0.9041220923971506f,0.029442854310161984f,-0.4262585604647358f,0.5035020241658802f,-0.06572211425330939f,0.9761675099873427f,0.206827455003408f,4.558697868485703f,0.4221893482046572f,0.21501188519517328f,-0.8806395650249567f,1.5150015674053732f,0f,0f,0f,1f], start_interpolation: 0, interpolation_duration: 1 }
$data merge entity $(bone_left_head_scales2) { transformation: [-0.8407492957630298f,0.029442854310161984f,-0.5406234734119857f,0.47473106940808274f,-0.09215625260322496f,0.9761675099873427f,0.1964795601360162f,3.764747867279472f,0.5335239889452958f,0.21501188519517328f,-0.8179988034494414f,1.4900043202351103f,0f,0f,0f,1f], start_interpolation: 0, interpolation_duration: 1 }
$data merge entity $(bone_left_head_scales1) { transformation: [-0.9987903896461874f,0.029442854310161984f,0.039381161492366805f,0.5006267454246535f,0.037206063204692774f,0.9761675099873427f,0.21380528830204415f,4.463369010088502f,-0.03214757240019386f,0.21501188519517328f,-0.9760821803585968f,1.494004312991782f,0f,0f,0f,1f], start_interpolation: 0, interpolation_duration: 1 }
$data merge entity $(bone_right_head_scales) { transformation: [-0.8677536989837801f,0.029442854310161984f,0.4961215941984766f,-0.6669554637007457f,0.13172647649826164f,0.9761675099873427f,0.17246775882600418f,4.6022987238037025f,-0.4792198381633635f,0.21501188519517328f,-0.8509513710756319f,1.477328630998896f,0f,0f,0f,1f], start_interpolation: 0, interpolation_duration: 1 }
$data merge entity $(bone_right_head_scales2) { transformation: [-0.7955730832267163f,0.029442854310161984f,0.60514179129788f,-0.6957264184585431f,0.153111098071364f,0.9761675099873427f,0.15379851784881726f,3.8083487225974713f,-0.5861914882463901f,0.21501188519517328f,-0.7811206234201606f,1.4523313838286331f,0f,0f,0f,1f], start_interpolation: 0, interpolation_duration: 1 }
$data merge entity $(bone_right_head_scales1) { transformation: [-0.9987903896461874f,0.029442854310161984f,0.039381161492366805f,-0.6698307424419724f,0.037206063204692774f,0.9761675099873427f,0.21380528830204415f,4.506969865406501f,-0.03214757240019386f,0.21501188519517328f,-0.9760821803585968f,1.4563313765853048f,0f,0f,0f,1f], start_interpolation: 0, interpolation_duration: 1 }
$data merge entity $(bone_head_left_fin1) { transformation: [-0.7121474266483214f,0.061534537639290066f,-0.6993279226483758f,0.49272880945332376f,0.12830724242534228f,0.990780896390997f,-0.04347949962749734f,4.121545596351501f,0.6902052551664457f,-0.12069265107773505f,-0.7134773925755813f,1.3437745870884776f,0f,0f,0f,1f], start_interpolation: 0, interpolation_duration: 1 }
$data merge entity $(bone_head_right_fin1) { transformation: [-0.6739167247321618f,0.020150511942670646f,0.7385324671229588f,-0.6777286784133021f,-0.0766747968625758f,0.9923224978037604f,-0.09704141321409818f,4.1651464516695f,-0.7348178166405323f,-0.12202465824969519f,-0.6671976911880667f,1.3061016506820005f,0f,0f,0f,1f], start_interpolation: 0, interpolation_duration: 1 }
$data merge entity $(bone_right_whisker16) { transformation: [0.2587189512001783f,0.8823060935427156f,-0.39319265200061015f,-1.1747996550957065f,0.9618539056709992f,-0.27277098188895627f,0.020809987620846182f,1.7776227522699872f,-0.08889076687330817f,-0.3835778261796787f,-0.9192205844235365f,1.4115252640978788f,0f,0f,0f,1f], start_interpolation: 0, interpolation_duration: 1 }
$data merge entity $(bone_right_whisker15) { transformation: [-0.8409882430464013f,0.37166962947011745f,-0.39319265200061015f,-0.9284163807657062f,0.39598451610491436f,0.9180213545557518f,0.020809987620846182f,1.6616116635673757f,0.3686936913792859f,-0.13819724711139691f,-0.9192205844235365f,1.3035095342016036f,0f,0f,0f,1f], start_interpolation: 0, interpolation_duration: 1 }
$data merge entity $(bone_right_whisker14) { transformation: [-0.6922640688144287f,-0.6051198207307535f,-0.39319265200061015f,-0.725604641855229f,-0.6646596144273205f,0.7468564395950176f,0.020809987620846182f,1.8563361599816297f,0.2810659281695629f,0.27574528317676583f,-0.9192205844235365f,1.221166000558177f,0f,0f,0f,1f], start_interpolation: 0, interpolation_duration: 1 }
$data merge entity $(bone_right_whisker13) { transformation: [-0.12256951247142903f,-0.9783381698096366f,-0.16682667684170668f,-0.689695604998365f,-0.9719153690482828f,0.08429913697267342f,0.21971383869343106f,2.141076990757494f,-0.200891089947406f,0.18907162928158594f,-0.9611944074850574f,1.2800208120662062f,0f,0f,0f,1f], start_interpolation: 0, interpolation_duration: 1 }
$data merge entity $(bone_right_whisker12) { transformation: [0.016481140289016885f,-0.9905245433425051f,-0.1363433205217481f,-0.6961335504237622f,-0.902267595916109f,-0.07349453393791872f,0.42486673068270897f,2.4935252704122237f,-0.4308614131882074f,0.11601587183385942f,-0.8949294721418504f,1.4483260515928498f,0f,0f,0f,1f], start_interpolation: 0, interpolation_duration: 1 }
$data merge entity $(bone_right_whisker11) { transformation: [0.2697618869461063f,-0.9547692276510221f,-0.12507696143553884f,-0.8015092875120851f,-0.9489347690525419f,-0.285652719021962f,0.13388550406432936f,2.8642029145733727f,-0.1635583334302342f,0.08257267130250262f,-0.9830719330341466f,1.512216025589035f,0f,0f,0f,1f], start_interpolation: 0, interpolation_duration: 1 }
$data merge entity $(bone_right_whisker10) { transformation: [0.07443028931911712f,-0.9971123761815703f,-0.015067889613864828f,-0.8305836192773652f,-0.9913150890062308f,-0.0723379164533402f,-0.10982540758749387f,3.2514353712164317f,0.1084182933846595f,0.023111363195031563f,-0.9938366759940115f,1.4698651297356522f,0f,0f,0f,1f], start_interpolation: 0, interpolation_duration: 1 }
$data merge entity $(bone_right_whisker1) { transformation: [-0.3616775585257058f,-0.931317948349555f,-0.042851169655691176f,-0.6893033229782614f,-0.9240862962742842f,0.35202211802254524f,0.1488117786366322f,3.6124065806985737f,-0.12350652086817654f,0.09342005943531348f,-0.9879366537375469f,1.5181098644497837f,0f,0f,0f,1f], start_interpolation: 0, interpolation_duration: 1 }
$data merge entity $(bone_left_whisker16) { transformation: [0.25689686573870707f,-0.945762366247412f,0.19884050634547454f,0.9026090576668121f,-0.9657663317455453f,-0.258899835052153f,0.01631771665161899f,1.7618596438697178f,0.03604709198234006f,-0.1962254366795089f,-0.9798960073189162f,1.198618857764927f,0f,0f,0f,1f], start_interpolation: 0, interpolation_duration: 1 }
$data merge entity $(bone_left_whisker15) { transformation: [-0.904139468418593f,-0.37814583785097905f,0.19884050634547454f,0.6377244477785524f,-0.3827427129300571f,0.9237108572611985f,0.01631771665161899f,1.6497279896909902f,-0.18984161120967033f,-0.06135126317985323f,-0.9798960073189162f,1.143001198230844f,0f,0f,0f,1f], start_interpolation: 0, interpolation_duration: 1 }
$data merge entity $(bone_left_whisker14) { transformation: [-0.7248223679940663f,0.6596173041178871f,0.19884050634547454f,0.4253741446552908f,0.6754122828737035f,0.7372597780067828f,0.01631771665161899f,1.8476026819391456f,-0.13583365929992042f,0.14612676634224267f,-0.9798960073189162f,1.1032061808578204f,0f,0f,0f,1f], start_interpolation: 0, interpolation_duration: 1 }
$data merge entity $(bone_left_whisker13) { transformation: [-0.0646653167436158f,0.9975050542031102f,-0.02832072826919671f,0.4064292276405596f,0.9733360826955739f,0.06930669435379572f,0.21866287348469893f,2.1327597374163645f,0.22008013752559247f,-0.01342568273866854f,-0.9753894012699326f,1.1676827836485213f,0f,0f,0f,1f], start_interpolation: 0, interpolation_duration: 1 }
$data merge entity $(bone_left_whisker12) { transformation: [0.11707817188815012f,0.9922491369724665f,-0.041645550119118704f,0.45216288853436826f,0.9012541651440229f,-0.08853956396209814f,0.4241481762591381f,2.4848121456757486f,0.41717338299306683f,-0.08719171859068268f,-0.9046347178454538f,1.330641136380188f,0f,0f,0f,1f], start_interpolation: 0, interpolation_duration: 1 }
$data merge entity $(bone_left_whisker11) { transformation: [0.3115484707710876f,0.9472718309726289f,-0.07492415235396324f,0.5738615099293244f,0.9445238613064637f,-0.3000851603632597f,0.1335049510410971f,2.853766778998586f,0.10398185314239083f,-0.11236091302370188f,-0.9882119203093813f,1.3712590477639344f,0f,0f,0f,1f], start_interpolation: 0, interpolation_duration: 1 }
$data merge entity $(bone_left_whisker10) { transformation: [0.06577072956874358f,0.9798727347291639f,-0.18847714680136912f,0.5995532011671149f,0.9902512618233658f,-0.08733902356218722f,-0.10850960059108355f,3.2405836781483384f,-0.1227870090409729f,-0.179502976848835f,-0.9760645632913734f,1.3232953723573044f,0f,0f,0f,1f], start_interpolation: 0, interpolation_duration: 1 }
$data merge entity $(bone_left_whisker1) { transformation: [-0.315189914254816f,0.9360869568462423f,-0.15619387687865105f,0.47643214091132735f,0.9292222790399802f,0.3378524913299478f,0.149671808427284f,3.6035611308983304f,0.19287631811030542f,-0.09796378578071134f,-0.9763205531933269f,1.3986376841191426f,0f,0f,0f,1f], start_interpolation: 0, interpolation_duration: 1 }
$data merge entity $(bone_upper_left_tooth1) { transformation: [-0.9987903896461874f,0.03276310974060377f,0.03666519044737737f,0.13098856737005854f,0.037206063204692774f,0.9910872566041536f,0.1279130902513946f,3.818357514929156f,-0.03214757240019386f,0.12912253264623552f,-0.9911074135288246f,2.3590648558039007f,0f,0f,0f,1f], start_interpolation: 0, interpolation_duration: 1 }
$data merge entity $(bone_upper_right_tooth1) { transformation: [-0.9987903896461874f,0.03276310974060377f,0.03666519044737737f,-0.4542401765632543f,0.037206063204692774f,0.9910872566041536f,0.1279130902513946f,3.8401579425881556f,-0.03214757240019386f,0.12912253264623552f,-0.9911074135288246f,2.3402283876006624f,0f,0f,0f,1f], start_interpolation: 0, interpolation_duration: 1 }
$data merge entity $(bone_top_lip1) { transformation: [-0.9987903896461874f,0.04552024955675766f,0.018592052891163006f,-0.13372148679821336f,0.037206063204692774f,0.9468567336616267f,-0.3194965332839219f,3.9348138173723273f,-0.03214757240019386f,-0.31841832987428087f,-0.9474050352351143f,2.364302069151807f,0f,0f,0f,1f], start_interpolation: 0, interpolation_duration: 1 }
$data merge entity $(bone_muzzle1) { transformation: [-0.9987903896461874f,0.03276310974060377f,0.03666519044737737f,-0.11101927812167113f,0.037206063204692774f,0.9910872566041536f,0.1279130902513946f,4.142450178325765f,-0.03214757240019386f,0.12912253264623552f,-0.9911074135288246f,1.8992773358827866f,0f,0f,0f,1f], start_interpolation: 0, interpolation_duration: 1 }
$data merge entity $(bone_jaw_right_tooth1) { transformation: [-0.9987903896461874f,0.04696743544318816f,0.014553953356639917f,-0.46173358841433076f,0.037206063204692774f,0.9154077002625184f,-0.40080475441403673f,3.6615601560550046f,-0.03214757240019386f,-0.3997784415247748f,-0.9160478870019826f,2.3663400702526407f,0f,0f,0f,1f], start_interpolation: 0, interpolation_duration: 1 }
$data merge entity $(bone_jaw_left_tooth1) { transformation: [-0.9987903896461874f,0.04696743544318816f,0.014553953356639917f,0.1722642175134249f,0.037206063204692774f,0.9154077002625184f,-0.40080475441403673f,3.6379430260910883f,-0.03214757240019386f,-0.3997784415247748f,-0.9160478870019826f,2.3867462441394824f,0f,0f,0f,1f], start_interpolation: 0, interpolation_duration: 1 }
$data merge entity $(bone_tongue1) { transformation: [-0.9987903896461874f,0.034940356265190826f,0.03459666247600826f,-0.12085810458373486f,0.037206063204692774f,0.9970475864363062f,0.0671700769863022f,3.6929450426515453f,-0.03214757240019386f,0.06837603297646691f,-0.9971415404561059f,1.6847233071318768f,0f,0f,0f,1f], start_interpolation: 0, interpolation_duration: 1 }
$data merge entity $(bone_jaw_lips1) { transformation: [-0.9987903896461874f,0.034940356265190826f,0.03459666247600826f,-0.10304164002131315f,0.037206063204692774f,0.9970475864363062f,0.0671700769863022f,3.5266789116610924f,-0.03214757240019386f,0.06837603297646691f,-0.9971415404561059f,2.457630913648411f,0f,0f,0f,1f], start_interpolation: 0, interpolation_duration: 1 }
$data merge entity $(bone_jaw3) { transformation: [-0.9987903896461874f,0.04372662708532205f,0.02248865567699586f,-0.08867502525795684f,0.037206063204692774f,0.9710996155898427f,-0.23575675061823548f,3.271368186645757f,-0.03214757240019386f,-0.23463486246719956f,-0.9715518590913061f,1.7157912676475824f,0f,0f,0f,1f], start_interpolation: 0, interpolation_duration: 1 }
$data merge entity $(bone_jaw1) { transformation: [-0.9987903896461874f,0.015017513601473458f,0.046821275459419706f,-0.052095903805285206f,0.037206063204692774f,0.8533763204638873f,0.5199659263185673f,3.6775915665821377f,-0.03214757240019386f,0.52107900548453f,-0.8529028101911894f,1.0494609471857157f,0f,0f,0f,1f], start_interpolation: 0, interpolation_duration: 1 }
$data merge entity $(bone_tear_right1) { transformation: [-0.9987903896461874f,0.029442854310161984f,0.039381161492366805f,-0.6339800183598461f,0.037206063204692774f,0.9761675099873427f,0.21380528830204415f,4.222262646028914f,-0.03214757240019386f,0.21501188519517328f,-0.9760821803585968f,1.8356308264512808f,0f,0f,0f,1f], start_interpolation: 0, interpolation_duration: 1 }
$data merge entity $(bone_right_pupil1) { transformation: [-0.9987903896461874f,0.029442854310161984f,0.039381161492366805f,-0.47247463709014836f,0.037206063204692774f,0.9761675099873427f,0.21380528830204415f,4.2990687448353375f,-0.03214757240019386f,0.21501188519517328f,-0.9760821803585968f,1.9190004148300328f,0f,0f,0f,1f], start_interpolation: 0, interpolation_duration: 1 }
$data merge entity $(bone_right_sad_pupil1) { transformation: [-0.9987903896461874f,0.029442854310161984f,0.039381161492366805f,-0.4720900554349495f,0.037206063204692774f,0.9761675099873427f,0.21380528830204415f,4.301156687103912f,-0.03214757240019386f,0.21501188519517328f,-0.9760821803585968f,1.9094683622874684f,0f,0f,0f,1f], start_interpolation: 0, interpolation_duration: 1 }
$data merge entity $(bone_right_happy_pupil1) { transformation: [-0.9987903896461874f,0.029442854310161984f,0.039381161492366805f,-0.4971930847945888f,0.037206063204692774f,0.9761675099873427f,0.21380528830204415f,4.278233117082522f,-0.03214757240019386f,0.21501188519517328f,-0.9760821803585968f,1.9034342730795997f,0f,0f,0f,1f], start_interpolation: 0, interpolation_duration: 1 }
$data merge entity $(bone_eyelid_right1) { transformation: [-0.9987903896461874f,0.029442854310161984f,0.039381161492366805f,-0.07877652256641221f,0.037206063204692774f,0.9761675099873427f,0.21380528830204415f,4.343900751959291f,-0.03214757240019386f,0.21501188519517328f,-0.9760821803585968f,1.4344538517623129f,0f,0f,0f,1f], start_interpolation: 0, interpolation_duration: 1 }
$data merge entity $(bone_eyelid_expressions_right5) { transformation: [-0.9987903896461874f,0.029442854310161984f,0.039381161492366805f,-0.5813833071589443f,0.037206063204692774f,0.9761675099873427f,0.21380528830204415f,4.400663949175526f,-0.03214757240019386f,0.21501188519517328f,-0.9760821803585968f,1.9268553036748886f,0f,0f,0f,1f], start_interpolation: 0, interpolation_duration: 1 }
$data merge entity $(bone_eyelid_expressions_right7) { transformation: [-0.9987903896461874f,0.029442854310161984f,0.039381161492366805f,-0.28876893519228775f,0.037206063204692774f,0.9761675099873427f,0.21380528830204415f,4.389763735346026f,-0.03214757240019386f,0.21501188519517328f,-0.9760821803585968f,1.936273537776508f,0f,0f,0f,1f], start_interpolation: 0, interpolation_duration: 1 }
$data merge entity $(bone_eyelid_expressions_right6) { transformation: [-0.9987903896461874f,0.029442854310161984f,0.039381161492366805f,-0.38630705918117325f,0.037206063204692774f,0.9761675099873427f,0.21380528830204415f,4.39339713995586f,-0.03214757240019386f,0.21501188519517328f,-0.9760821803585968f,1.9331341264093014f,0f,0f,0f,1f], start_interpolation: 0, interpolation_duration: 1 }
$data merge entity $(bone_right_eye1) { transformation: [-0.9987903896461874f,0.029442854310161984f,0.039381161492366805f,-0.08891491662049965f,0.037206063204692774f,0.9761675099873427f,0.21380528830204415f,4.342176150151699f,-0.03214757240019386f,0.21501188519517328f,-0.9760821803585968f,1.4436719631681567f,0f,0f,0f,1f], start_interpolation: 0, interpolation_duration: 1 }
$data merge entity $(bone_tear_left1) { transformation: [-0.9987903896461874f,0.029442854310161984f,0.039381161492366805f,0.41943172072011725f,0.037206063204692774f,0.9761675099873427f,0.21380528830204415f,4.183021876242714f,-0.03214757240019386f,0.21501188519517328f,-0.9760821803585968f,1.8695364692171104f,0f,0f,0f,1f], start_interpolation: 0, interpolation_duration: 1 }
$data merge entity $(bone_left_sad_pupil1) { transformation: [-0.9987903896461874f,0.029442854310161984f,0.039381161492366805f,0.2594458744816917f,0.037206063204692774f,0.9761675099873427f,0.21380528830204415f,4.273906152530162f,-0.03214757240019386f,0.21501188519517328f,-0.9760821803585968f,1.9330139475415167f,0f,0f,0f,1f], start_interpolation: 0, interpolation_duration: 1 }
$data merge entity $(bone_left_pupil1) { transformation: [-0.9987903896461874f,0.029442854310161984f,0.039381161492366805f,0.2590612928264928f,0.037206063204692774f,0.9761675099873427f,0.21380528830204415f,4.271818210261587f,-0.03214757240019386f,0.21501188519517328f,-0.9760821803585968f,1.942546000084081f,0f,0f,0f,1f], start_interpolation: 0, interpolation_duration: 1 }
$data merge entity $(bone_eyelid_left1) { transformation: [-0.9987903896461874f,0.029442854310161984f,0.039381161492366805f,-0.0982841473641893f,0.037206063204692774f,0.9761675099873427f,0.21380528830204415f,4.344627432881257f,-0.03214757240019386f,0.21501188519517328f,-0.9760821803585968f,1.4338259694888718f,0f,0f,0f,1f], start_interpolation: 0, interpolation_duration: 1 }
$data merge entity $(bone_left_happy_pupil1) { transformation: [-0.9987903896461874f,0.029442854310161984f,0.039381161492366805f,0.28311190711649514f,0.037206063204692774f,0.9761675099873427f,0.21380528830204415f,4.249165880203856f,-0.03214757240019386f,0.21501188519517328f,-0.9760821803585968f,1.928549564017251f,0f,0f,0f,1f], start_interpolation: 0, interpolation_duration: 1 }
$data merge entity $(bone_eyelid_expressions_left5) { transformation: [-0.9987903896461874f,0.029442854310161984f,0.039381161492366805f,0.37449030793213356f,0.037206063204692774f,0.9761675099873427f,0.21380528830204415f,4.365056583999161f,-0.03214757240019386f,0.21501188519517328f,-0.9760821803585968f,1.9576215350735118f,0f,0f,0f,1f], start_interpolation: 0, interpolation_duration: 1 }
$data merge entity $(bone_eyelid_expressions_left7) { transformation: [-0.9987903896461874f,0.029442854310161984f,0.039381161492366805f,0.08187593596547711f,0.037206063204692774f,0.9761675099873427f,0.21380528830204415f,4.375956797828661f,-0.03214757240019386f,0.21501188519517328f,-0.9760821803585968f,1.9482033009718922f,0f,0f,0f,1f], start_interpolation: 0, interpolation_duration: 1 }
$data merge entity $(bone_eyelid_expressions_left6) { transformation: [-0.9987903896461874f,0.029442854310161984f,0.039381161492366805f,0.1794140599543626f,0.037206063204692774f,0.9761675099873427f,0.21380528830204415f,4.372323393218828f,-0.03214757240019386f,0.21501188519517328f,-0.9760821803585968f,1.9513427123390987f,0f,0f,0f,1f], start_interpolation: 0, interpolation_duration: 1 }
$data merge entity $(bone_left_eye1) { transformation: [-0.9987903896461874f,0.029442854310161984f,0.039381161492366805f,-0.08891491662049965f,0.037206063204692774f,0.9761675099873427f,0.21380528830204415f,4.342176150151699f,-0.03214757240019386f,0.21501188519517328f,-0.9760821803585968f,1.4436719631681567f,0f,0f,0f,1f], start_interpolation: 0, interpolation_duration: 1 }
$data merge entity $(bone_crest_middle5) { transformation: [-0.9987903896461874f,0.03726858449106702f,0.03207507070061572f,-0.06976359705042992f,0.037206063204692774f,0.9993043763388696f,-0.0025440697301677417f,5.429781510304072f,-0.03214757240019386f,-0.0013476052892991974f,-0.9994822247287638f,2.1074035684770087f,0f,0f,0f,1f], start_interpolation: 0, interpolation_duration: 1 }
$data merge entity $(bone_crest_middle4) { transformation: [-0.9987903896461874f,0.03726858449106702f,0.03207507070061572f,-0.0916006582756645f,0.037206063204692774f,0.9993043763388696f,-0.0025440697301677417f,4.844251602293015f,-0.03214757240019386f,-0.0013476052892991974f,-0.9994822247287638f,2.1081931809512073f,0f,0f,0f,1f], start_interpolation: 0, interpolation_duration: 1 }
$data merge entity $(bone_crest_middle1) { transformation: [-0.9987903896461874f,0.03726858449106702f,0.03207507070061572f,-0.11032771256038029f,0.037206063204692774f,0.9993043763388696f,-0.0025440697301677417f,4.4052905053119344f,-0.03214757240019386f,-0.0013476052892991974f,-0.9994822247287638f,2.181989967151553f,0f,0f,0f,1f], start_interpolation: 0, interpolation_duration: 1 }
$data merge entity $(bone_crest_left5) { transformation: [-0.5614815366429737f,-0.8143400998097918f,0.14693088800801338f,-1.0488437248526332f,-0.8033005244157809f,0.5790253098649271f,0.13942007749659724f,4.9027813804459575f,-0.19861206278163673f,-0.03974786003804162f,-0.9792718499681382f,2.040511884020812f,0f,0f,0f,1f], start_interpolation: 0, interpolation_duration: 1 }
$data merge entity $(bone_crest_left4) { transformation: [-0.5614815366429737f,-0.8143400998097918f,0.14693088800801338f,-0.6512167229923833f,-0.8033005244157809f,0.5790253098649271f,0.13942007749659724f,4.620054178363474f,-0.19861206278163673f,-0.03974786003804162f,-0.9792718499681382f,2.059920018805012f,0f,0f,0f,1f], start_interpolation: 0, interpolation_duration: 1 }
$data merge entity $(bone_crest_left1) { transformation: [-0.5614815366429737f,-0.8143400998097918f,0.14693088800801338f,-0.20665266118009207f,-0.8033005244157809f,0.5790253098649271f,0.13942007749659724f,4.315861877044255f,-0.19861206278163673f,-0.03974786003804162f,-0.9792718499681382f,2.0334529587684065f,0f,0f,0f,1f], start_interpolation: 0, interpolation_duration: 1 }
$data merge entity $(bone_crest_center1) { transformation: [-0.9987903896461874f,0.029442854310161984f,0.039381161492366805f,-0.10983334767562128f,0.037206063204692774f,0.9761675099873427f,0.21380528830204415f,4.288396562887468f,-0.03214757240019386f,0.21501188519517328f,-0.9760821803585968f,2.0313431237234294f,0f,0f,0f,1f], start_interpolation: 0, interpolation_duration: 1 }
$data merge entity $(bone_crest_right5) { transformation: [-0.5118178337119623f,0.8559892357730183f,-0.07297214081495904f,0.8697100170734771f,0.8432821307917981f,0.5168036670892479f,0.14761171217200617f,4.831313099890124f,0.16406630666178607f,0.014014204359512089f,-0.9863497600215306f,2.102263424645949f,0f,0f,0f,1f], start_interpolation: 0, interpolation_duration: 1 }
$data merge entity $(bone_crest_right4) { transformation: [-0.5118178337119623f,0.8559892357730183f,-0.07297214081495904f,0.4517465230436829f,0.8432821307917981f,0.5168036670892479f,0.14761171217200617f,4.578967559319203f,0.16406630666178607f,0.014014204359512089f,-0.9863497600215306f,2.0954205514235307f,0f,0f,0f,1f], start_interpolation: 0, interpolation_duration: 1 }
$data merge entity $(bone_crest_right1) { transformation: [-0.5118178337119623f,0.8559892357730183f,-0.07297214081495904f,-0.01157641320232107f,0.8432821307917981f,0.5168036670892479f,0.14761171217200617f,4.308595067824588f,0.16406630666178607f,0.014014204359512089f,-0.9863497600215306f,2.0397317815028195f,0f,0f,0f,1f], start_interpolation: 0, interpolation_duration: 1 }
$data merge entity $(bone_head1) { transformation: [-0.9987903896461874f,0.029442854310161984f,0.039381161492366805f,-0.06920056495517382f,0.037206063204692774f,0.9761675099873427f,0.21380528830204415f,4.409348545724704f,-0.03214757240019386f,0.21501188519517328f,-0.9760821803585968f,0.9089104461203179f,0f,0f,0f,1f], start_interpolation: 0, interpolation_duration: 1 }
$data merge entity $(bone_neck10) { transformation: [-1.3010824279055304f,0.04266029914141116f,0.028028942489140053f,-0.06202803317408488f,0.04591603363404282f,1.290478198703325f,0.1672684772190631f,4.141383876132289f,-0.022298892241805562f,0.1681282977164525f,-1.2909905661375691f,-0.06135882156763592f,0f,0f,0f,1f], start_interpolation: 0, interpolation_duration: 1 }
$data merge entity $(bone_neck9) { transformation: [-0.9992313046314475f,0.0307623018413639f,0.024299807199979585f,-0.10226825070706541f,0.035263513830944886f,0.9761196527469629f,0.21435229906265002f,2.891703052378202f,-0.017125549241706672f,0.21504442403040774f,-0.9764541009471979f,-0.2866860151146772f,0f,0f,0f,1f], start_interpolation: 0, interpolation_duration: 1 }
$data merge entity $(bone_neck8) { transformation: [-0.9993908270190958f,0.034379618193659006f,0.00600139341704176f,-0.12500000000000003f,0.0310956792528188f,0.9552681954387144f,-0.2941015700656292f,2.2788792414630095f,-0.015844039948627247f,-0.29373579393073745f,-0.9557553294447204f,-0.05557519523410481f,0f,0f,0f,1f], start_interpolation: 0, interpolation_duration: 1 }
$data merge entity $(bone_neck7) { transformation: [-1f,7.888655375698968e-17f,1.5482357914656476e-16f,-0.12500000000000008f,0f,0.8910065241883681f,-0.45399049973954664f,1.561917002746498f,-1.737625650806497e-16f,-0.45399049973954664f,-0.8910065241883681f,0.3347470533780377f,0f,0f,0f,1f], start_interpolation: 0, interpolation_duration: 1 }
$data merge entity $(bone_neck6) { transformation: [-1f,4.4973061168738376e-17f,1.6784174925363458e-16f,-0.1250000000000001f,0f,0.9659258262890684f,-0.25881904510252063f,0.7910144294579733f,-1.737625650806497e-16f,-0.25881904510252063f,-0.9659258262890684f,0.5320699354236121f,0f,0f,0f,1f], start_interpolation: 0, interpolation_duration: 1 }
$data merge entity $(bone_neck_spine6) { transformation: [-1.0597763037539456f,-0.2536038206928709f,-0.19365166058922578f,-0.009027384934134741f,-0.18837071694576357f,-0.04491617038093184f,1.089697521403537f,0.3993460361073299f,-0.2575506484486605f,1.0763871595692929f,-0.00015399800381564048f,-1.7389500985172117f,0f,0f,0f,1f], start_interpolation: 0, interpolation_duration: 1 }
$data merge entity $(bone_neck_spine7) { transformation: [-0.9750541270289482f,-0.12531668412843916f,-0.18320801850047083f,0.5488885496560724f,-0.20322100760648262f,0.1720158905230236f,0.9639044327499366f,0.7208662353326997f,-0.08927861687560909f,0.9770907133355754f,-0.1931917867875187f,-4.79389934995047f,0f,0f,0f,1f], start_interpolation: 0, interpolation_duration: 1 }
$data merge entity $(bone_tail6) { transformation: [-1.2059894809821172f,0.16732886089341117f,-0.8716563002448988f,0.19706801040376878f,-0.8438339822406725f,0.23978027317790612f,1.2135254066951398f,0.008464162791601726f,0.27518696164673184f,1.4685709906541353f,-0.09882137032442943f,-8.119820218513892f,0f,0f,0f,1f], start_interpolation: 0, interpolation_duration: 1 }
$data merge entity $(bone_tail5) { transformation: [-0.9962521799417491f,0.1382281894336875f,-0.7200639002023078f,0.28437002478293993f,-0.6970802461988165f,0.19807935610348767f,1.0024775098785939f,0.13356691401485724f,0.22732835962121326f,1.2131673401055902f,-0.08163504505061563f,-7.353609266868256f,0f,0f,0f,1f], start_interpolation: 0, interpolation_duration: 1 }
$data merge entity $(bone_tail4) { transformation: [-0.8053912359950139f,0.11174657840533894f,-0.5821148161635499f,0.32802103197252547f,-0.5635343464007274f,0.16013152156576688f,0.8104239237755368f,0.19611828962648492f,0.18377703177799135f,0.9807500181064139f,-0.06599548905144505f,-6.970503791045438f,0f,0f,0f,1f], start_interpolation: 0, interpolation_duration: 1 }
$data merge entity $(bone_segment18) { transformation: [-0.8053912359950139f,0.11174657840533894f,-0.5821148161635499f,0.38258479095950737f,-0.5635343464007274f,0.16013152156576688f,0.8104239237755368f,0.27430750914101953f,0.18377703177799135f,0.9807500181064139f,-0.06599548905144505f,-6.491621946266916f,0f,0f,0f,1f], start_interpolation: 0, interpolation_duration: 1 }
$data merge entity $(bone_segment17) { transformation: [-0.8053912359950139f,0.11174657840533894f,-0.5821148161635499f,0.4535176776425838f,-0.5635343464007274f,0.16013152156576688f,0.8104239237755368f,0.3759534945099145f,0.18377703177799135f,0.9807500181064139f,-0.06599548905144505f,-5.869075548054837f,0f,0f,0f,1f], start_interpolation: 0, interpolation_duration: 1 }
$data merge entity $(bone_segment16) { transformation: [-0.949326157590266f,0.23509044438453544f,-0.20859609170351995f,0.6486611129227158f,-0.21907502898692327f,-0.019072076069482042f,0.9755215977049296f,0.3601221813663015f,0.22535744538239763f,0.9717863648320454f,0.06960806661040127f,-5.062416944434487f,0f,0f,0f,1f], start_interpolation: 0, interpolation_duration: 1 }
$data merge entity $(bone_segment15) { transformation: [-0.9750541270289482f,-0.07362889726115195f,-0.20939970117438703f,0.5731627319420424f,-0.20322100760648262f,-0.08332223366612404f,0.9755811741953069f,0.2746843441109985f,-0.08927861687560909f,0.9937988684160363f,0.06628074911905898f,-4.043384901625075f,0f,0f,0f,1f], start_interpolation: 0, interpolation_duration: 1 }
$data merge entity $(bone_segment14) { transformation: [-0.9575390603329765f,-0.1896550859430019f,-0.217140268749472f,0.378692184832519f,-0.17019848307570165f,-0.23606080057976117f,0.9567171864184172f,0.03262981226651698f,-0.2327045858924367f,0.9530510200433104f,0.19375842923350375f,-3.066135320525978f,0f,0f,0f,1f], start_interpolation: 0, interpolation_duration: 1 }
$data merge entity $(bone_segment13) { transformation: [-0.9575390603329765f,-0.19527416547240337f,-0.2121012688215156f,0.17410320224315196f,-0.17019848307570165f,-0.2109359721050238f,0.9625686947074681f,-0.217461475488591f,-0.23270458589243675f,0.9577964376479821f,0.16874406577259068f,-2.041372103957065f,0f,0f,0f,1f], start_interpolation: 0, interpolation_duration: 1 }
$data merge entity $(bone_segment12) { transformation: [-0.97438611128176f,-0.15075561524601253f,-0.1668665652939671f,-0.0025635343732690052f,-0.1700909506624229f,0.00866012736070143f,0.9853903138842242f,-0.20731288873776899f,-0.14710803731938904f,0.988533128764986f,-0.03408047373709144f,-0.8829348436855973f,0f,0f,0f,1f], start_interpolation: 0, interpolation_duration: 1 }
$data merge entity $(bone_segment11) { transformation: [-1.0272375098341788f,-0.09197753880489373f,-0.08872256003482017f,-0.11195945371315259f,-0.12083810137414767f,0.4651998085384472f,0.9168073697926659f,0.3299354437142492f,-0.04158982519834881f,0.9201509291443707f,-0.47237804346601925f,0.18032184990828637f,0f,0f,0f,1f], start_interpolation: 0, interpolation_duration: 1 }
$data merge entity $(bone_segment10) { transformation: [-0.9996573249755573f,-0.017515797293871725f,-0.019453263681785f,-0.1250000000000001f,-0.024598285159602558f,0.8827321266531671f,0.4692322633212509f,1.1446427598524065f,0.008953043612087219f,0.4695499860712775f,-0.8828604949767223f,0.6136186632303596f,0f,0f,0f,1f], start_interpolation: 0, interpolation_duration: 1 }