# This file was generated by Animated Java via MC-Build. It is not recommended to edit this file directly.
$data merge entity $(bone_neck_spine5) { transformation: [-1.3663917295220769f,0.04572522994682059f,-0.009192659910434924f,0.016194350064570512f,0.04607986400252361f,1.3651387408434692f,-0.058945097659326345f,3.605503657507738f,0.007207481073680729f,-0.05922061930501058f,-1.3658852918975128f,-0.8026974529044408f,0f,0f,0f,1f], start_interpolation: 0, interpolation_duration: 1 }
$data merge entity $(bone_neck_spine2) { transformation: [-1.301325456687692f,0.04392721590709311f,-0.0065926037091705685f,-0.025841209681590774f,0.04388558476430819f,1.3013179298251125f,0.008167491048263904f,5.043525362414332f,0.006864267689219741f,0.00794053919959922f,-1.3020410272379108f,0.5588765032106572f,0f,0f,0f,1f], start_interpolation: 0, interpolation_duration: 1 }
$data merge entity $(bone_scale_neck_left1) { transformation: [-1.3700381379419326f,0.40796753553416465f,0.08953998513267492f,0.6307526467902866f,0.41364261755524856f,1.282678954161354f,0.4848648305418283f,4.237004150750489f,0.057919806020238426f,0.489649475548063f,-1.3447483428392324f,0.5211341645842885f,0f,0f,0f,1f], start_interpolation: 0, interpolation_duration: 1 }
$data merge entity $(bone_scale_neck_right1) { transformation: [-1.3953263695065947f,-0.3154455330601195f,-0.07083683106082887f,-0.73563908273179f,-0.32038413415883316f,1.307075161411622f,0.4902733394779437f,4.283084014753013f,-0.04333298445316479f,0.4934653549095183f,-1.3439023827515082f,0.5283416456579693f,0f,0f,0f,1f], start_interpolation: 0, interpolation_duration: 1 }
$data merge entity $(bone_blush_right1) { transformation: [-0.999032124306746f,0.03156607797717005f,0.030633271524436477f,-0.658882885603422f,0.037572916416062675f,0.9745122505326836f,0.22116543471735342f,3.897542018205889f,-0.022871173016314666f,0.2221023554194405f,-0.9747550734220336f,1.6818124180490595f,0f,0f,0f,1f], start_interpolation: 0, interpolation_duration: 1 }
$data merge entity $(bone_blush_left1) { transformation: [-0.999032124306746f,0.03156607797717005f,0.030633271524436477f,0.4923455388906798f,0.037572916416062675f,0.9745122505326836f,0.22116543471735342f,3.854245102804567f,-0.022871173016314666f,0.2221023554194405f,-0.9747550734220336f,1.7081678713295783f,0f,0f,0f,1f], start_interpolation: 0, interpolation_duration: 1 }
$data merge entity $(bone_left_head_scales) { transformation: [-0.9002971875983964f,0.03156607797717005f,-0.4341296542780249f,0.5326091296736689f,-0.06879524888111394f,0.9745122505326836f,0.21352537856917603f,4.548058712016634f,0.4298048251634731f,0.2221023554194405f,-0.8751790422441186f,1.5162059250943125f,0f,0f,0f,1f], start_interpolation: 0, interpolation_duration: 1 }
$data merge entity $(bone_left_head_scales2) { transformation: [-0.8359297296510054f,0.03156607797717005f,-0.5479279786675767f,0.5034608356205424f,-0.09607735059709234f,0.9745122505326836f,0.20271905747602456f,3.7543237358118007f,0.5403615731969109f,0.2221023554194405f,-0.8115909769885911f,1.4854748476311803f,0f,0f,0f,1f], start_interpolation: 0, interpolation_duration: 1 }
$data merge entity $(bone_left_head_scales1) { transformation: [-0.999032124306746f,0.03156607797717005f,0.030633271524436477f,0.5295265048712109f,0.037572916416062675f,0.9745122505326836f,0.22116543471735342f,4.452891500050552f,-0.022871173016314666f,0.2221023554194405f,-0.9747550734220336f,1.4945162419478828f,0f,0f,0f,1f], start_interpolation: 0, interpolation_duration: 1 }
$data merge entity $(bone_right_head_scales) { transformation: [-0.8720074463078747f,0.03156607797717005f,0.48847374167375507f,-0.638131640998299f,0.1354504166714088f,0.9745122505326836f,0.1788268944685505f,4.592089473441708f,-0.4703787816294022f,0.2221023554194405f,-0.8540575773974348f,1.4894037692158189f,0f,0f,0f,1f], start_interpolation: 0, interpolation_duration: 1 }
$data merge entity $(bone_right_head_scales2) { transformation: [-0.800788684221485f,0.03156607797717005f,0.5981145926525805f,-0.6672799350514255f,0.15763321318132667f,0.9745122505326836f,0.15961717847354265f,3.798354497236874f,-0.5778315094601136f,0.2221023554194405f,-0.7853542451608592f,1.4586726917526867f,0f,0f,0f,1f], start_interpolation: 0, interpolation_duration: 1 }
$data merge entity $(bone_right_head_scales1) { transformation: [-0.999032124306746f,0.03156607797717005f,0.030633271524436477f,-0.641214265800757f,0.037572916416062675f,0.9745122505326836f,0.22116543471735342f,4.496922261475626f,-0.022871173016314666f,0.2221023554194405f,-0.9747550734220336f,1.4677140860693891f,0f,0f,0f,1f], start_interpolation: 0, interpolation_duration: 1 }
$data merge entity $(bone_head_left_fin1) { transformation: [-0.70587986957372f,0.06063695380646399f,-0.7057313720982378f,0.5202103099702264f,0.12318051725001586f,0.9916563732978422f,-0.038002598171566676f,4.112213330836711f,0.6975386511875931f,-0.11375762449543242f,-0.7074595627797742f,1.341787110312565f,0f,0f,0f,1f], start_interpolation: 0, interpolation_duration: 1 }
$data merge entity $(bone_head_right_fin1) { transformation: [-0.6805197473364878f,0.01924291204089955f,0.7324770193127356f,-0.6505304607017415f,-0.07103897379206561f,0.9932131749597105f,-0.09209263428212974f,4.156244092261784f,-0.7292779563977325f,-0.1147052719914744f,-0.6745341821506963f,1.3149849544340713f,0f,0f,0f,1f], start_interpolation: 0, interpolation_duration: 1 }
$data merge entity $(bone_right_whisker16) { transformation: [0.2596735898713297f,0.8805354764200428f,-0.3965184755961121f,-1.1493678580128188f,0.9621147377269172f,-0.27122711138115185f,0.0277684263238277f,1.769309447236311f,-0.08309547624270468f,-0.38870699610061615f,-0.9176066766378902f,1.4022143749475766f,0f,0f,0f,1f], start_interpolation: 0, interpolation_duration: 1 }
$data merge entity $(bone_right_whisker15) { transformation: [-0.8391081684479754f,0.37238498916419716f,-0.3965184755961121f,-0.9035353867878261f,0.394487899038393f,0.9184814706959379f,0.0277684263238277f,1.6537368205649068f,0.37453541775933363f,-0.13312102701454687f,-0.9176066766378902f,1.2924872017758968f,0f,0f,0f,1f], start_interpolation: 0, interpolation_duration: 1 }
$data merge entity $(bone_right_whisker14) { transformation: [-0.6921178510169756f,-0.6031135704115591f,-0.3965184755961121f,-0.7007664851226965f,-0.6657091189712572f,0.7456944973767816f,0.0277684263238277f,1.8487687890135174f,0.2789341306153763f,0.28318498859828445f,-0.9176066766378902f,1.2107682181971733f,0f,0f,0f,1f], start_interpolation: 0, interpolation_duration: 1 }
$data merge entity $(bone_right_whisker13) { transformation: [-0.12459671292179603f,-0.9775281038490836f,-0.17004253971962016f,-0.664263541883889f,-0.9703219358651811f,0.08424933571205187f,0.2266658117381749f,2.1330427936615197f,-0.2072462301416632f,0.1932378213945009f,-0.9590141523850291f,1.2714848871839888f,0f,0f,0f,1f], start_interpolation: 0, interpolation_duration: 1 }
$data merge entity $(bone_right_whisker12) { transformation: [0.013705928100255976f,-0.9901913255948462f,-0.13904418812604769f,-0.6696174200480515f,-0.8992450967160849f,-0.07301215530512528f,0.4313090321449111f,2.4843104095662403f,-0.4372303781383336f,0.119123313815648f,-0.8914253937030223f,1.4422780036442753f,0f,0f,0f,1f], start_interpolation: 0, interpolation_duration: 1 }
$data merge entity $(bone_right_whisker11) { transformation: [0.26789865242513733f,-0.9548409886868402f,-0.12848734705150144f,-0.7742653311516208f,-0.9481162126635226f,-0.2849771588877308f,0.14093851920910594f,2.854668305137929f,-0.1711898341414405f,0.08406369749073932f,-0.9816452187276274f,1.5091490326057755f,0f,0f,0f,1f], start_interpolation: 0, interpolation_duration: 1 }
$data merge entity $(bone_right_whisker10) { transformation: [0.07350519654986767f,-0.9971168066951188f,-0.018843032831649946f,-0.8029782985539128f,-0.9921473055605308f,-0.07119554075420362f,-0.10283442539196608f,3.242225846372511f,0.10119639395326621f,0.026253928903039233f,-0.9945199953082942f,1.469619191217781f,0f,0f,0f,1f], start_interpolation: 0, interpolation_duration: 1 }
$data merge entity $(bone_right_whisker1) { transformation: [-0.3633566772481189f,-0.930500903875446f,-0.046260058216399336f,-0.6610420965038664f,-0.9227243177920497f,0.35257476381263286f,0.1557911078260345f,3.6026650330100307f,-0.1286536375482764f,0.09929301994321874f,-0.9867062063938546f,1.5198745183850764f,0f,0f,0f,1f], start_interpolation: 0, interpolation_duration: 1 }
$data merge entity $(bone_left_whisker16) { transformation: [0.255740163501318f,-0.9468165855789834f,0.1952826721572476f,0.9272267435466608f,-0.9663301182875246f,-0.2562818672755536f,0.022928301205588753f,1.7523257395676732f,0.0283385120064172f,-0.19457121518434162f,-0.9804789497786021f,1.181599353352201f,0f,0f,0f,1f], start_interpolation: 0, interpolation_duration: 1 }
$data merge entity $(bone_left_whisker15) { transformation: [-0.9053356486962193f,-0.3771366345966949f,0.1952826721572476f,0.6619916902176903f,-0.3802207311412549f,0.9246115338963901f,0.022928301205588753f,1.6409329472411338f,-0.18920771340039355f,-0.053492711941382706f,-0.9804789497786021f,1.1261674060669293f,0f,0f,0f,1f], start_interpolation: 0, interpolation_duration: 1 }
$data merge entity $(bone_left_whisker14) { transformation: [-0.7244132468556648f,0.6611279193432681f,0.1952826721572476f,0.4497612468029448f,0.6772944086815049f,0.7353547286667818f,0.022928301205588753f,1.8393590435345435f,-0.12844349632739027f,0.14887342708571227f,-0.9804789497786021f,1.0885374755022643f,0f,0f,0f,1f], start_interpolation: 0, interpolation_duration: 1 }
$data merge entity $(bone_left_whisker13) { transformation: [-0.0625647412413745f,0.9975408112401299f,-0.03159086994344319f,0.4314317327673859f,0.9718526609387979f,0.06809596949695253f,0.22553346617397688f,2.124081502793957f,0.2271300477250381f,-0.016591228063461683f,-0.9737230985099243f,1.1550794816717092f,0f,0f,0f,1f], start_interpolation: 0, interpolation_duration: 1 }
$data merge entity $(bone_left_whisker12) { transformation: [0.11980104380720594f,0.9918053298350755f,-0.044383528627649105f,0.4782290155045757f,0.8981531920270817f,-0.0892221809744399f,0.4305348372358836f,2.474922593429536f,0.4230467510267255f,-0.0914417308065728f,-0.9014820332723386f,1.3203321187915238f,0f,0f,0f,1f], start_interpolation: 0, interpolation_duration: 1 }
$data merge entity $(bone_left_whisker11) { transformation: [0.313183896834456f,0.9464546831840968f,-0.07835419224570045f,0.6005664752055351f,0.9433637510417113f,-0.30052716073135105f,0.14052849847367255f,2.8434240586802044f,0.1094562925742377f,-0.11792776747502702f,-0.986971307421983f,1.3630884830783354f,0f,0f,0f,1f], start_interpolation: 0, interpolation_duration: 1 }
$data merge entity $(bone_left_whisker10) { transformation: [0.06664087926422368f,0.9790935478004978f,-0.19218433304077065f,0.6265980686681224f,0.991001102069129f,-0.08735824238469177f,-0.10141673030239862f,3.230533864175958f,-0.11608535182641766f,-0.18369638576436972f,-0.9761044149825594f,1.317742642521141f,0f,0f,0f,1f], start_interpolation: 0, interpolation_duration: 1 }
$data merge entity $(bone_left_whisker1) { transformation: [-0.3132455394038531f,0.9361721880548198f,-0.15955834781120248f,0.5042365298384923f,0.9282579998342448f,0.33730792738608756f,0.1567177330943414f,3.59313464536121f,0.20053507869526593f,-0.09902018195879758f,-0.9746695264434658f,1.3960766576364791f,0f,0f,0f,1f], start_interpolation: 0, interpolation_duration: 1 }
$data merge entity $(bone_upper_left_tooth1) { transformation: [-0.999032124306746f,0.03411582505291036f,0.02776553770611771f,0.16756674050275536f,0.037572916416062675f,0.9900797749390139f,0.13538949445471554f,3.8014119503974317f,-0.022871173016314666f,0.13630168648138968f,-0.9904033318336457f,2.3579752622005588f,0f,0f,0f,1f], start_interpolation: 0, interpolation_duration: 1 }
$data merge entity $(bone_upper_right_tooth1) { transformation: [-0.999032124306746f,0.03411582505291036f,0.02776553770611771f,-0.4178036448332286f,0.037572916416062675f,0.9900797749390139f,0.13538949445471554f,3.8234273311099685f,-0.022871173016314666f,0.13630168648138968f,-0.9904033318336457f,2.344574184261312f,0f,0f,0f,1f], start_interpolation: 0, interpolation_duration: 1 }
$data merge entity $(bone_top_lip1) { transformation: [-0.999032124306746f,0.04279968159372327f,0.010148983132636277f,-0.09706292135100955f,0.037572916416062675f,0.9503089111743774f,-0.3090327641117705f,3.9178585473060017f,-0.022871173016314666f,-0.3083523319160171f,-0.9509972391373237f,2.3664748913531386f,0f,0f,0f,1f], start_interpolation: 0, interpolation_duration: 1 }
$data merge entity $(bone_muzzle1) { transformation: [-0.999032124306746f,0.03411582505291036f,0.02776553770611771f,-0.07850809458245936f,0.037572916416062675f,0.9900797749390139f,0.13538949445471554f,4.1289979159273f,-0.022871173016314666f,0.13630168648138968f,-0.9904033318336457f,1.9028455818369139f,0f,0f,0f,1f], start_interpolation: 0, interpolation_duration: 1 }
$data merge entity $(bone_jaw_right_tooth1) { transformation: [-0.999032124306746f,0.043565653412294965f,0.006070292077851193f,-0.4249176359503547f,0.037572916416062675f,0.9169555816941796f,-0.39721623475366724f,3.6494711120779417f,-0.022871173016314666f,-0.3966037002382211f,-0.9177049713291351f,2.36954287213271f,0f,0f,0f,1f], start_interpolation: 0, interpolation_duration: 1 }
$data merge entity $(bone_jaw_left_tooth1) { transformation: [-0.999032124306746f,0.043565653412294965f,0.006070292077851193f,0.20923361483029465f,0.037572916416062675f,0.9169555816941796f,-0.39721623475366724f,3.6256211163060272f,-0.022871173016314666f,-0.3966037002382211f,-0.9177049713291351f,2.384060706566894f,0f,0f,0f,1f], start_interpolation: 0, interpolation_duration: 1 }
$data merge entity $(bone_tongue1) { transformation: [-0.999032124306746f,0.03599423577973441f,0.025282990206530517f,-0.09042997797369973f,0.037572916416062675f,0.9971762097639235f,0.06502217031788016f,3.6787670610320173f,-0.022871173016314666f,0.06590919261748479f,-0.9975634755610134f,1.6839612340488195f,0f,0f,0f,1f], start_interpolation: 0, interpolation_duration: 1 }
$data merge entity $(bone_jaw_lips1) { transformation: [-0.999032124306746f,0.03599423577973441f,0.025282990206530517f,-0.06544375878073207f,0.037572916416062675f,0.9971762097639235f,0.06502217031788016f,3.5141466244093893f,-0.022871173016314666f,0.06590919261748479f,-0.9975634755610134f,2.457022565142137f,0f,0f,0f,1f], start_interpolation: 0, interpolation_duration: 1 }
$data merge entity $(bone_jaw3) { transformation: [-0.999032124306746f,0.04184969808824598f,0.013543167025230547f,-0.05792833605449907f,0.037572916416062675f,0.9720008413249411f,-0.23195396184501443f,3.2617408200972298f,-0.022871173016314666f,-0.23122060296074298f,-0.972632480545107f,1.7140886147286243f,0f,0f,0f,1f], start_interpolation: 0, interpolation_duration: 1 }
$data merge entity $(bone_jaw1) { transformation: [-0.999032124306746f,0.02001574006652586f,0.03916867055109099f,-0.027327812186459237f,0.037572916416062675f,0.8513246055635906f,0.5232921668762f,3.670562825469261f,-0.022871173016314666f,0.5242573662921544f,-0.8512526788993215f,1.0490474593385293f,0f,0f,0f,1f], start_interpolation: 0, interpolation_duration: 1 }
$data merge entity $(bone_tear_right1) { transformation: [-0.999032124306746f,0.03156607797717005f,0.030633271524436477f,-0.6020052107302309f,0.037572916416062675f,0.9745122505326836f,0.22116543471735342f,4.209354276742094f,-0.022871173016314666f,0.2221023554194405f,-0.9747550734220336f,1.8445148981814843f,0f,0f,0f,1f], start_interpolation: 0, interpolation_duration: 1 }
$data merge entity $(bone_right_pupil1) { transformation: [-0.999032124306746f,0.03156607797717005f,0.030633271524436477f,-0.4397409604113012f,0.037572916416062675f,0.9745122505326836f,0.22116543471735342f,4.285508358563296f,-0.022871173016314666f,0.2221023554194405f,-0.9747550734220336f,1.9270044256972876f,0f,0f,0f,1f], start_interpolation: 0, interpolation_duration: 1 }
$data merge entity $(bone_right_sad_pupil1) { transformation: [-0.999032124306746f,0.03156607797717005f,0.030633271524436477f,-0.43944180736907035f,0.037572916416062675f,0.9745122505326836f,0.22116543471735342f,4.287668177261707f,-0.022871173016314666f,0.2221023554194405f,-0.9747550734220336f,1.9174853331834005f,0f,0f,0f,1f], start_interpolation: 0, interpolation_duration: 1 }
$data merge entity $(bone_right_happy_pupil1) { transformation: [-0.999032124306746f,0.03156607797717005f,0.030633271524436477f,-0.46460257423007933f,0.037572916416062675f,0.9745122505326836f,0.22116543471735342f,4.264793974593418f,-0.022871173016314666f,0.2221023554194405f,-0.9747550734220336f,1.9115046107035523f,0f,0f,0f,1f], start_interpolation: 0, interpolation_duration: 1 }
$data merge entity $(bone_eyelid_right1) { transformation: [-0.999032124306746f,0.03156607797717005f,0.030633271524436477f,-0.05041249153729621f,0.037572916416062675f,0.9745122505326836f,0.22116543471735342f,4.333948958500501f,-0.022871173016314666f,0.2221023554194405f,-0.9747550734220336f,1.4392848980740918f,0f,0f,0f,1f], start_interpolation: 0, interpolation_duration: 1 }
$data merge entity $(bone_eyelid_expressions_right5) { transformation: [-0.999032124306746f,0.03156607797717005f,0.030633271524436477f,-0.5485548608918037f,0.037572916416062675f,0.9745122505326836f,0.22116543471735342f,4.387054992122823f,-0.022871173016314666f,0.2221023554194405f,-0.9747550734220336f,1.936606483538716f,0f,0f,0f,1f], start_interpolation: 0, interpolation_duration: 1 }
$data merge entity $(bone_eyelid_expressions_right7) { transformation: [-0.999032124306746f,0.03156607797717005f,0.030633271524436477f,-0.2558696682238118f,0.037572916416062675f,0.9745122505326836f,0.22116543471735342f,4.376047301766554f,-0.022871173016314666f,0.2221023554194405f,-0.9747550734220336f,1.9433070225083395f,0f,0f,0f,1f], start_interpolation: 0, interpolation_duration: 1 }
$data merge entity $(bone_eyelid_expressions_right6) { transformation: [-0.999032124306746f,0.03156607797717005f,0.030633271524436477f,-0.3534313991131425f,0.037572916416062675f,0.9745122505326836f,0.22116543471735342f,4.37971653188531f,-0.022871173016314666f,0.2221023554194405f,-0.9747550734220336f,1.941073509518465f,0f,0f,0f,1f], start_interpolation: 0, interpolation_duration: 1 }
$data merge entity $(bone_right_eye1) { transformation: [-0.999032124306746f,0.03156607797717005f,0.030633271524436477f,-0.06046781766846011f,0.037572916416062675f,0.9745122505326836f,0.22116543471735342f,4.332156062813965f,-0.022871173016314666f,0.2221023554194405f,-0.9747550734220336f,1.4485806392889913f,0f,0f,0f,1f], start_interpolation: 0, interpolation_duration: 1 }
$data merge entity $(bone_tear_left1) { transformation: [-0.999032124306746f,0.03156607797717005f,0.030633271524436477f,0.4516614828745402f,0.037572916416062675f,0.9745122505326836f,0.22116543471735342f,4.169726591459528f,-0.022871173016314666f,0.2221023554194405f,-0.9747550734220336f,1.8686368384721286f,0f,0f,0f,1f], start_interpolation: 0, interpolation_duration: 1 }
$data merge entity $(bone_left_sad_pupil1) { transformation: [-0.999032124306746f,0.03156607797717005f,0.030633271524436477f,0.29227117430090965f,0.037572916416062675f,0.9745122505326836f,0.22116543471735342f,4.260148951371036f,-0.022871173016314666f,0.2221023554194405f,-0.9747550734220336f,1.9342366806074591f,0f,0f,0f,1f], start_interpolation: 0, interpolation_duration: 1 }
$data merge entity $(bone_left_pupil1) { transformation: [-0.999032124306746f,0.03156607797717005f,0.030633271524436477f,0.2919720212586788f,0.037572916416062675f,0.9745122505326836f,0.22116543471735342f,4.257989132672624f,-0.022871173016314666f,0.2221023554194405f,-0.9747550734220336f,1.9437557731213462f,0f,0f,0f,1f], start_interpolation: 0, interpolation_duration: 1 }
$data merge entity $(bone_eyelid_left1) { transformation: [-0.999032124306746f,0.03156607797717005f,0.030633271524436477f,-0.06992483771516235f,0.037572916416062675f,0.9745122505326836f,0.22116543471735342f,4.3346828045242525f,-0.022871173016314666f,0.2221023554194405f,-0.9747550734220336f,1.4388381954761167f,0f,0f,0f,1f], start_interpolation: 0, interpolation_duration: 1 }
$data merge entity $(bone_left_happy_pupil1) { transformation: [-0.999032124306746f,0.03156607797717005f,0.030633271524436477f,0.315891272884566f,0.037572916416062675f,0.9745122505326836f,0.22116543471735342f,4.235440133643369f,-0.022871173016314666f,0.2221023554194405f,-0.9747550734220336f,1.9293727146225481f,0f,0f,0f,1f], start_interpolation: 0, interpolation_duration: 1 }
$data merge entity $(bone_eyelid_expressions_left5) { transformation: [-0.999032124306746f,0.03156607797717005f,0.030633271524436477f,0.4075501018236367f,0.037572916416062675f,0.9745122505326836f,0.22116543471735342f,4.351096536959013f,-0.022871173016314666f,0.2221023554194405f,-0.9747550734220336f,1.958494910839486f,0f,0f,0f,1f], start_interpolation: 0, interpolation_duration: 1 }
$data merge entity $(bone_eyelid_expressions_left7) { transformation: [-0.999032124306746f,0.03156607797717005f,0.030633271524436477f,0.11486490915564478f,0.037572916416062675f,0.9745122505326836f,0.22116543471735342f,4.362104227315282f,-0.022871173016314666f,0.2221023554194405f,-0.9747550734220336f,1.9517943718698627f,0f,0f,0f,1f], start_interpolation: 0, interpolation_duration: 1 }
$data merge entity $(bone_eyelid_expressions_left6) { transformation: [-0.999032124306746f,0.03156607797717005f,0.030633271524436477f,0.21242664004497544f,0.037572916416062675f,0.9745122505326836f,0.22116543471735342f,4.358434997196525f,-0.022871173016314666f,0.2221023554194405f,-0.9747550734220336f,1.9540278848597372f,0f,0f,0f,1f], start_interpolation: 0, interpolation_duration: 1 }
$data merge entity $(bone_left_eye1) { transformation: [-0.999032124306746f,0.03156607797717005f,0.030633271524436477f,-0.06046781766846011f,0.037572916416062675f,0.9745122505326836f,0.22116543471735342f,4.332156062813965f,-0.022871173016314666f,0.2221023554194405f,-0.9747550734220336f,1.4485806392889913f,0f,0f,0f,1f], start_interpolation: 0, interpolation_duration: 1 }
$data merge entity $(bone_crest_middle5) { transformation: [-0.999032124306746f,0.037448089351957696f,0.023074990943409347f,-0.03513151736332997f,0.037572916416062675f,0.999281380391196f,0.004999875544250604f,5.414715632098427f,-0.022871173016314666f,0.005862030992259987f,-0.9997212341635558f,2.1203057967729144f,0f,0f,0f,1f], start_interpolation: 0, interpolation_duration: 1 }
$data merge entity $(bone_crest_middle4) { transformation: [-0.999032124306746f,0.037448089351957696f,0.023074990943409347f,-0.05707375721799268f,0.037572916416062675f,0.999281380391196f,0.004999875544250604f,4.829199198275461f,-0.022871173016314666f,0.005862030992259987f,-0.9997212341635558f,2.116871012988387f,0f,0f,0f,1f], start_interpolation: 0, interpolation_duration: 1 }
$data merge entity $(bone_crest_middle1) { transformation: [-0.999032124306746f,0.037448089351957696f,0.023074990943409347f,-0.07522050713316238f,0.037572916416062675f,0.999281380391196f,0.004999875544250604f,4.389695669523686f,-0.022871173016314666f,0.005862030992259987f,-0.9997212341635558f,2.187517007643216f,0f,0f,0f,1f], start_interpolation: 0, interpolation_duration: 1 }
$data merge entity $(bone_crest_left5) { transformation: [-0.5634021292597177f,-0.8145530138460194f,0.13813554350703106f,-1.0148760298376902f,-0.8017073826643307f,0.579410994072922f,0.14679295803592585f,4.888358359434311f,-0.19960789895974765f,-0.028040819920163704f,-0.9794745525490083f,2.0582554723015023f,0f,0f,0f,1f], start_interpolation: 0, interpolation_duration: 1 }
$data merge entity $(bone_crest_left4) { transformation: [-0.5634021292597177f,-0.8145530138460194f,0.13813554350703106f,-0.6171450660456884f,-0.8017073826643307f,0.579410994072922f,0.14679295803592585f,4.605442834984642f,-0.19960789895974765f,-0.028040819920163704f,-0.9794745525490083f,2.071947278903145f,0f,0f,0f,1f], start_interpolation: 0, interpolation_duration: 1 }
$data merge entity $(bone_crest_left1) { transformation: [-0.5634021292597177f,-0.8145530138460194f,0.13813554350703106f,-0.17289610628918226f,-0.8017073826643307f,0.579410994072922f,0.14679295803592585f,4.3014033829941045f,-0.19960789895974765f,-0.028040819920163704f,-0.9794745525490083f,2.0391823602787693f,0f,0f,0f,1f], start_interpolation: 0, interpolation_duration: 1 }
$data merge entity $(bone_crest_center1) { transformation: [-0.999032124306746f,0.03156607797717005f,0.030633271524436477f,-0.07610502173606673f,0.037572916416062675f,0.9745122505326836f,0.22116543471735342f,4.2739426544189065f,-0.022871173016314666f,0.2221023554194405f,-0.9747550734220336f,2.0359935218890226f,0f,0f,0f,1f], start_interpolation: 0, interpolation_duration: 1 }
$data merge entity $(bone_crest_right5) { transformation: [-0.5101570089721023f,0.8561805872354818f,-0.08182070787853246f,0.9041420546996184f,0.8420832092139275f,0.5165758435110686f,0.15506536254367387f,4.816185398888857f,0.17503055435155104f,0.010207837279945342f,-0.9845100837987667f,2.1021881883423865f,0f,0f,0f,1f], start_interpolation: 0, interpolation_duration: 1 }
$data merge entity $(bone_crest_right4) { transformation: [-0.5101570089721023f,0.8561805872354818f,-0.08182070787853246f,0.4860851273385432f,0.8420832092139275f,0.5165758435110686f,0.15506536254367387f,4.563951100299468f,0.17503055435155104f,0.010207837279945342f,-0.9845100837987667f,2.0972038927955383f,0f,0f,0f,1f], start_interpolation: 0, interpolation_duration: 1 }
$data merge entity $(bone_crest_right1) { transformation: [-0.5101570089721023f,0.8561805872354818f,-0.08182070787853246f,0.02222735548947907f,0.8420832092139275f,0.5165758435110686f,0.15506536254367387f,4.294064922756593f,0.17503055435155104f,0.010207837279945342f,-0.9845100837987667f,2.0436493862585183f,0f,0f,0f,1f], start_interpolation: 0, interpolation_duration: 1 }
$data merge entity $(bone_head1) { transformation: [-0.999032124306746f,0.03156607797717005f,0.030633271524436477f,-0.04555571274699374f,0.037572916416062675f,0.9745122505326836f,0.22116543471735342f,4.403362485243565f,-0.022871173016314666f,0.2221023554194405f,-0.9747550734220336f,0.9141857094519888f,0f,0f,0f,1f], start_interpolation: 0, interpolation_duration: 1 }
$data merge entity $(bone_neck10) { transformation: [-1.301325456687692f,0.04441191994451919f,-0.000802550843350139f,-0.059451106206236476f,0.04388558476430819f,1.2891189030321912f,0.17795369127787006f,4.14341881936939f,0.006864267689219741f,0.17782306418562893f,-1.2898654374070064f,-0.058190333956192025f,0f,0f,0f,1f], start_interpolation: 0, interpolation_duration: 1 }
$data merge entity $(bone_neck9) { transformation: [-0.9994179507361475f,0.0340453785443557f,0.002161468512656854f,-0.10277831864109514f,0.03370412909898869f,0.9756371237581588f,0.21678614906535465f,2.8942317409134573f,0.005271757585320761f,0.2167328192606715f,-0.9762167247221707f,-0.2856725886463917f,0f,0f,0f,1f], start_interpolation: 0, interpolation_duration: 1 }
$data merge entity $(bone_neck8) { transformation: [-0.999509052736174f,0.027567869384237716f,-0.014888454454705172f,-0.12020256820625887f,0.030714676230347522f,0.9559555627641027f,-0.29189993265575287f,2.2808685346529636f,0.006185641640213811f,-0.2922139192406511f,-0.9563329771787215f,-0.055533631819555895f,0f,0f,0f,1f], start_interpolation: 0, interpolation_duration: 1 }
$data merge entity $(bone_neck7) { transformation: [-0.9997614648802258f,-0.009913346759493798f,-0.01946121518741987f,-0.11167936744402387f,4.336808689942018e-19f,0.891055370837448f,-0.45389462004053116f,1.5638642993243237f,0.021840635076504255f,-0.453786350232975f,-0.8908428228378398f,0.3346183783977306f,0f,0f,0f,1f], start_interpolation: 0, interpolation_duration: 1 }
$data merge entity $(bone_neck6) { transformation: [-0.9997614648802258f,-0.005652772314933451f,-0.021096433482950375f,-0.10736971038502238f,4.336808689942018e-19f,0.9659258262890684f,-0.25881904510252063f,0.7929617260357991f,0.021840635076504255f,-0.2587573076705973f,-0.9656954190564014f,0.5318941920060022f,0f,0f,0f,1f], start_interpolation: 0, interpolation_duration: 1 }
$data merge entity $(bone_neck_spine6) { transformation: [-1.0573888266203348f,-0.2670997847610581f,-0.18848939449324326f,-0.04298174343123576f,-0.18494559696117208f,-0.03744210082913335f,1.0905663174550817f,0.3937242723826405f,-0.26956571187840017f,1.0734046169005698f,-0.008861879788950965f,-1.7477560208691263f,0f,0f,0f,1f], start_interpolation: 0, interpolation_duration: 1 }
$data merge entity $(bone_neck_spine7) { transformation: [-0.9668203701288957f,-0.20972042107487016f,-0.14586197889787628f,0.6576570436989181f,-0.1829294881943571f,0.1698203743522984f,0.9683479967469316f,0.7058914045741417f,-0.17831201376456898f,0.9629010257752475f,-0.202549846477848f,-4.781132905290993f,0f,0f,0f,1f], start_interpolation: 0, interpolation_duration: 1 }
$data merge entity $(bone_tail6) { transformation: [-1.2784013388346729f,0.0009405696066381616f,-0.7796687847275656f,0.678638343542485f,-0.7700627255169851f,0.23281309817121806f,1.2629314081822884f,0.013209723111473615f,0.12201515200620092f,1.4791860796846217f,-0.19828042271533014f,-8.133280450789533f,0f,0f,0f,1f], start_interpolation: 0, interpolation_duration: 1 }
$data merge entity $(bone_tail5) { transformation: [-1.0560706712112518f,0.0007769922837445684f,-0.6440742134705978f,0.6791290755111657f,-0.6361387732531616f,0.1923238637066584f,1.043291163281021f,0.13467742650515274f,0.1007951255703399f,1.221936326695992f,-0.163796870938751f,-7.361531191823643f,0f,0f,0f,1f], start_interpolation: 0, interpolation_duration: 1 }
$data merge entity $(bone_tail4) { transformation: [-0.8537497636739382f,0.0006281369199113984f,-0.5206831536267569f,0.6793744414955062f,-0.5142679766930822f,0.15547866034390911f,0.8434185404208674f,0.19541127820199222f,0.08148490151370635f,0.9878390514763388f,-0.13241683882206395f,-6.975656562340697f,0f,0f,0f,1f], start_interpolation: 0, interpolation_duration: 1 }
$data merge entity $(bone_segment18) { transformation: [-0.8537497636739382f,0.0006281369199113984f,-0.5206831536267569f,0.6796811489759317f,-0.5142679766930822f,0.15547866034390911f,0.8434185404208674f,0.2713285928230416f,0.08148490151370635f,0.9878390514763388f,-0.13241683882206395f,-6.493313275487016f,0f,0f,0f,1f], start_interpolation: 0, interpolation_duration: 1 }
$data merge entity $(bone_segment17) { transformation: [-0.8537497636739382f,0.0006281369199113984f,-0.5206831536267569f,0.6800798687004849f,-0.5142679766930822f,0.15547866034390911f,0.8434185404208674f,0.3700211018304058f,0.08148490151370635f,0.9878390514763388f,-0.13241683882206395f,-5.8662670025772305f,0f,0f,0f,1f], start_interpolation: 0, interpolation_duration: 1 }
$data merge entity $(bone_segment16) { transformation: [-0.9741798122439198f,0.11330970832188329f,-0.19528083217871428f,0.7741357789286106f,-0.199891582114498f,-0.030755987990816004f,0.9793351952229998f,0.3444912289864668f,0.10496213039074784f,0.9930835711070434f,0.05261151947166272f,-5.041930053904392f,0f,0f,0f,1f], start_interpolation: 0, interpolation_duration: 1 }
$data merge entity $(bone_segment15) { transformation: [-0.9668203701288957f,-0.1648225129213229f,-0.19517149161218622f,0.6051283193901448f,-0.1829294881943571f,-0.08659301842801698f,0.9793050860219584f,0.2556995596999259f,-0.17831201376456898f,0.9825147268076062f,0.05356899619554803f,-4.0344686641114365f,0f,0f,0f,1f], start_interpolation: 0, interpolation_duration: 1 }
$data merge entity $(bone_segment14) { transformation: [-0.9467318063673861f,-0.23966364574617388f,-0.21508190002880054f,0.359379463888697f,-0.1591697764300345f,-0.23234461018115088f,0.9595212162276463f,0.017455574650894368f,-0.27993547307113337f,0.9426437922287619f,0.18182082358470142f,-3.0678905568456165f,0f,0f,0f,1f], start_interpolation: 0, interpolation_duration: 1 }
$data merge entity $(bone_segment13) { transformation: [-0.9553819045228437f,-0.2080928517999018f,-0.20962533611204634f,0.14095996129377675f,-0.16710378643080015f,-0.2044218351464857f,0.9645144052194515f,-0.22568560713329597f,-0.24356054908542507f,0.9565087967944294f,0.16052781872335717f,-2.044309958823458f,0f,0f,0f,1f], start_interpolation: 0, interpolation_duration: 1 }
$data merge entity $(bone_segment12) { transformation: [-0.9766410622842707f,-0.14025166216169183f,-0.16279344802888707f,-0.023397455301955902f,-0.1664773185477641f,0.014866990050167395f,0.9859332000779739f,-0.20826335316825606f,-0.13585852151925373f,0.9900042645704769f,-0.037868433594110684f,-0.8841487112799306f,0f,0f,0f,1f], start_interpolation: 0, interpolation_duration: 1 }
$data merge entity $(bone_segment11) { transformation: [-1.0288079175749218f,-0.07003625055570409f,-0.09054089825771659f,-0.10700978924755893f,-0.11250237347440895f,0.46761381241253464f,0.9166400603932287f,0.3318471141076945f,-0.021117448042795046f,0.9208586796915017f,-0.47235771120946723f,0.1799965651391896f,0f,0f,0f,1f], start_interpolation: 0, interpolation_duration: 1 }
$data merge entity $(bone_segment10) { transformation: [-0.9994453078392f,-0.0022938913301485554f,-0.03322370690895718f,-0.10558863438004204f,-0.01763145345702193f,0.8827863930292257f,0.46944362401830764f,1.1465900564302323f,0.02825258372608937f,0.46976900956216217f,-0.8823371629755743f,0.6134234675771948f,0f,0f,0f,1f], start_interpolation: 0, interpolation_duration: 1 }