# This file was generated by Animated Java via MC-Build. It is not recommended to edit this file directly.
$data merge entity $(bone_neck_spine5) { transformation: [-1.363479426097288f,0.030197371626760602f,-0.09598767375291127f,-0.00923554215746332f,0.03323064550788536f,1.366130329802626f,-0.04225288568546035f,3.6214619175888463f,0.09498020301509823f,-0.044471349163867774f,-1.3631590957386472f,-0.7937772839085881f,0f,0f,0f,1f], start_interpolation: 0, interpolation_duration: 1 }
$data merge entity $(bone_neck_spine2) { transformation: [-1.2985518343783693f,0.03462332047487486f,-0.08936087542269265f,0.02430356459231814f,0.03164823381703367f,1.3009493283960858f,0.044161535146332656f,5.0324100990257445f,0.09045733620485544f,0.04186976916000978f,-1.2982624540907177f,0.5997506647684409f,0f,0f,0f,1f], start_interpolation: 0, interpolation_duration: 1 }
$data merge entity $(bone_scale_neck_left1) { transformation: [-1.3666415339302245f,0.4286609910213968f,0.00030152308986784157f,0.6831780076310585f,0.3991985913222047f,1.2723428825061738f,0.5227269769440123f,4.23334701877995f,0.15617560893426116f,0.49885144333279435f,-1.333497594696585f,0.49777467031972134f,0f,0f,0f,1f], start_interpolation: 0, interpolation_duration: 1 }
$data merge entity $(bone_scale_neck_right1) { transformation: [-1.3928289239922211f,-0.29321020761591615f,-0.15973346876368594f,-0.6803014184662293f,-0.33194492924152735f,1.289936287617486f,0.5266273409549053f,4.266577664287835f,0.036049560944421535f,0.5491371107840258f,-1.322349530615209f,0.5927548733348196f,0f,0f,0f,1f], start_interpolation: 0, interpolation_duration: 1 }
$data merge entity $(bone_blush_right1) { transformation: [-0.9993742438705915f,0.035355494472541577f,0.0010534223679483368f,-0.5568379643753746f,0.03454859471355316f,0.9693143739366562f,0.24338454980361274f,3.8571831263518406f,0.007583883662204936f,0.24326864469222215f,-0.9699293021752704f,1.7110833348184349f,0f,0f,0f,1f], start_interpolation: 0, interpolation_duration: 1 }
$data merge entity $(bone_blush_left1) { transformation: [-0.9993742438705915f,0.035355494472541577f,0.0010534223679483368f,0.5947846994598772f,0.03454859471355316f,0.9693143739366562f,0.24338454980361274f,3.8173712691623947f,0.007583883662204936f,0.24326864469222215f,-0.9699293021752704f,1.702344093879566f,0f,0f,0f,1f], start_interpolation: 0, interpolation_duration: 1 }
$data merge entity $(bone_left_head_scales) { transformation: [-0.8869421970300595f,0.035355494472541577f,-0.4605252741577738f,0.6273467225796427f,-0.08173750057264573f,0.9693143739366562f,0.23183749800221132f,4.515509403481688f,0.4545904971813944f,0.24326864469222215f,-0.8568359506824987f,1.5251698013522008f,0f,0f,0f,1f], start_interpolation: 0, interpolation_duration: 1 }
$data merge entity $(bone_left_head_scales2) { transformation: [-0.8192436731241408f,0.035355494472541577f,-0.5723546042941104f,0.5995709326057896f,-0.11129909075234094f,0.9693143739366562f,0.21918521135672173f,3.7225805151810363f,0.5625409464596935f,0.24326864469222215f,-0.7901696337279995f,1.4771956603097327f,0f,0f,0f,1f], start_interpolation: 0, interpolation_duration: 1 }
$data merge entity $(bone_left_head_scales1) { transformation: [-0.9993742438705915f,0.035355494472541577f,0.0010534223679483368f,0.6238940375725586f,0.03454859471355316f,0.9693143739366562f,0.24338454980361274f,4.420849796651936f,0.007583883662204936f,0.24326864469222215f,-0.9699293021752704f,1.501413097768976f,0f,0f,0f,1f], start_interpolation: 0, interpolation_duration: 1 }
$data merge entity $(bone_right_head_scales) { transformation: [-0.8859693643949578f,0.035355494472541577f,0.46239406826233864f,-0.5437949694562068f,0.14302745613665674f,0.9693143739366562f,0.19993196660580653f,4.555996037911633f,-0.4411365232495162f,0.24326864469222215f,-0.8638396462104168f,1.5340571650188473f,0f,0f,0f,1f], start_interpolation: 0, interpolation_duration: 1 }
$data merge entity $(bone_right_head_scales2) { transformation: [-0.8180352366285801f,0.035355494472541577f,0.5740804304665198f,-0.5715707594300599f,0.1679001947261788f,0.9693143739366562f,0.17955269168324892f,3.7630671496109818f,-0.5501162388486034f,0.24326864469222215f,-0.7988695076573364f,1.4860830239763791f,0f,0f,0f,1f], start_interpolation: 0, interpolation_duration: 1 }
$data merge entity $(bone_right_head_scales1) { transformation: [-0.9993742438705915f,0.035355494472541577f,0.0010534223679483368f,-0.5472476544632909f,0.03454859471355316f,0.9693143739366562f,0.24338454980361274f,4.4613364310818815f,0.007583883662204936f,0.24326864469222215f,-0.9699293021752704f,1.5103004614356224f,0f,0f,0f,1f], start_interpolation: 0, interpolation_duration: 1 }
$data merge entity $(bone_head_left_fin1) { transformation: [-0.685213758884698f,0.05439518658774297f,-0.7263079707060822f,0.6110236344739806f,0.1047860466260597f,0.9941954331767497f,-0.02439928447673584f,4.083702514724757f,0.7207648639241397f,-0.09282566631368752f,-0.6869362463910577f,1.341286094644576f,0f,0f,0f,1f], start_interpolation: 0, interpolation_duration: 1 }
$data merge entity $(bone_head_right_fin1) { transformation: [-0.7016606319799328f,0.012986969390608238f,0.7123929366266686f,-0.5601180575618689f,-0.05684148377339479f,0.9956269246550711f,-0.07413550178102801f,4.124189149154702f,-0.7102403841319922f,-0.09251143457937136f,-0.697854018559832f,1.3501734583112224f,0f,0f,0f,1f], start_interpolation: 0, interpolation_duration: 1 }
$data merge entity $(bone_right_whisker16) { transformation: [0.26420308163355655f,0.8810433514625279f,-0.3923765340830262f,-1.0635849229583736f,0.9621708628345814f,-0.2688321699459456f,0.044232285881607214f,1.7423569638584564f,-0.06651287369742945f,-0.3892195745923247f,-0.9187405294133263f,1.3744791849305569f,0f,0f,0f,1f], start_interpolation: 0, interpolation_duration: 1 }
$data merge entity $(bone_right_whisker15) { transformation: [-0.8390204812366517f,0.37694202149191114f,-0.3923765340830262f,-0.8177781413460732f,0.3921207724557579f,0.9188497182316531f,0.044232285881607214f,1.6274778313030587f,0.37720807503832215f,-0.1167471958515661f,-0.9187405294133263f,1.2639690066966733f,0f,0f,0f,1f], start_interpolation: 0, interpolation_duration: 1 }
$data merge entity $(bone_right_whisker14) { transformation: [-0.6962108666845341f,-0.6011082137280782f,-0.3923765340830262f,-0.6138101139970886f,-0.6670432555021062f,0.7437047802554723f,0.044232285881607214f,1.8229006600634414f,0.2652239137022182f,0.29252711876644655f,-0.9187405294133263f,1.1862666882292265f,0f,0f,0f,1f], start_interpolation: 0, interpolation_duration: 1 }
$data merge entity $(bone_right_whisker13) { transformation: [-0.12789425538298674f,-0.9779896436911001f,-0.16486150634088576f,-0.5763410938653543f,-0.966313979288267f,0.0854434073507244f,0.24276885626532424f,2.106000458683051f,-0.22333909839548186f,0.19035672032595202f,-0.955972785258367f,1.251698064712278f,0f,0f,0f,1f], start_interpolation: 0, interpolation_duration: 1 }
$data merge entity $(bone_right_whisker12) { transformation: [0.011719950262516661f,-0.9910101669087579f,-0.13327224710838956f,-0.5809191994366498f,-0.8921665529665858f,-0.07055152493955719f,0.4461628896450535f,2.4545030184356236f,-0.45155452000125634f,0.11367203443318213f,-0.8849729849290632f,1.4280865490877688f,0f,0f,0f,1f], start_interpolation: 0, interpolation_duration: 1 }
$data merge entity $(bone_right_whisker11) { transformation: [0.2645322040396782f,-0.9564260347092735f,-0.12357974411773709f,-0.6842520916396492f,-0.9464186511853089f,-0.2820804452927509f,0.15723345404850952f,2.8241978040548847f,-0.1852415982291541f,0.07536486259351063f,-0.9797987996378488f,1.500446548396032f,0f,0f,0f,1f], start_interpolation: 0, interpolation_duration: 1 }
$data merge entity $(bone_right_whisker10) { transformation: [0.06876000829896355f,-0.9975213872026548f,-0.014937982863072387f,-0.7111114698814318f,-0.9939572585429153f,-0.06721475818578274f,-0.08678216678488593f,3.212462358173211f,0.08556301448978679f,0.020814859003071277f,-0.9961153106925433f,1.4670234958609591f,0f,0f,0f,1f], start_interpolation: 0, interpolation_duration: 1 }
$data merge entity $(bone_right_whisker1) { transformation: [-0.3667871492986812f,-0.9293891443317633f,-0.041267487294717235f,-0.5678352396866345f,-0.9189321105275179f,0.3550317041878649f,0.17180298385913734f,3.5714202138480227f,-0.14502056182069273f,0.10093714588660227f,-0.9842665945918702f,1.5236721528221673f,0f,0f,0f,1f], start_interpolation: 0, interpolation_duration: 1 }
$data merge entity $(bone_left_whisker16) { transformation: [0.25142215519570404f,-0.9470585056826151f,0.19966744023740793f,1.013861742407025f,-0.9677775017013689f,-0.24895434746436101f,0.03779470967280035f,1.7197678964781624f,0.013914276028752812f,-0.20273608384499742f,-0.9791345531793827f,1.1625601912024215f,0f,0f,0f,1f], start_interpolation: 0, interpolation_duration: 1 }
$data merge entity $(bone_left_whisker15) { transformation: [-0.9061391123219342f,-0.372887144360673f,0.19966744023740793f,0.7483912993439585f,-0.37314482072352473f,0.9270029680038556f,0.03779470967280035f,1.6104481247818172f,-0.19918547107564083f,-0.04025760651833635f,-0.9791345531793827f,1.1042050727232298f,0f,0f,0f,1f], start_interpolation: 0, interpolation_duration: 1 }
$data merge entity $(bone_left_whisker14) { transformation: [-0.7209014591646935f,0.6636520168606859f,0.19966744023740793f,0.5371896999793022f,0.68245219299626f,0.7299524396803837f,0.03779470967280035f,1.8103852906986904f,-0.12066519982501528f,0.16350974381179634f,-0.9791345531793827f,1.0688539399619947f,0f,0f,0f,1f], start_interpolation: 0, interpolation_duration: 1 }
$data merge entity $(bone_left_whisker13) { transformation: [-0.059343994463287045f,0.9978896774039271f,-0.02635302737499174f,0.5198037641013861f,0.968349909987456f,0.06395873009587133f,0.24126278758194253f,2.094081553390328f,0.24243915143480285f,-0.011201454156010194f,-0.9701019458161926f,1.1398810351089097f,0f,0f,0f,1f], start_interpolation: 0, interpolation_duration: 1 }
$data merge entity $(bone_left_whisker12) { transformation: [0.12184180193692674f,0.9917997371024118f,-0.038572746652905485f,0.567398217982998f,0.8907142724001754f,-0.0921115617244947f,0.44513317685755677f,2.4420168160466464f,0.4379299718486836f,-0.08859312433965236f,-0.8946332198595968f,1.3109474303623017f,0f,0f,0f,1f], start_interpolation: 0, interpolation_duration: 1 }
$data merge entity $(bone_left_whisker11) { transformation: [0.3167887737548367f,0.9456497726898672f,-0.07342601878427774f,0.6911438327309811f,0.9400976712266395f,-0.30276262177991964f,0.15668810869749855f,2.8092424688695523f,0.12594142041900505f,-0.11866466308278803f,-0.9849149487942049f,1.3601432977134755f,0f,0f,0f,1f], start_interpolation: 0, interpolation_duration: 1 }
$data merge entity $(bone_left_whisker10) { transformation: [0.07144357194986603f,0.9794998416517242f,-0.18835040809961462f,0.7190514780238976f,0.9924327582156627f,-0.0887118519477587f,-0.08489657086391458f,3.1969115150475456f,-0.09986509123561166f,-0.18085980075253316f,-0.9784256210996606f,1.3211334964495647f,0f,0f,0f,1f], start_interpolation: 0, interpolation_duration: 1 }
$data merge entity $(bone_left_whisker1) { transformation: [-0.3100926893115588f,0.9380498768645823f,-0.15461226519867993f,0.5979215212615699f,0.9262921475083181f,0.334726149979581f,0.17303543563176887f,3.5587443851679823f,0.21406863735716608f,-0.08955910358075851f,-0.9727043669408793f,1.4047540579172078f,0f,0f,0f,1f], start_interpolation: 0, interpolation_duration: 1 }
$data merge entity $(bone_upper_left_tooth1) { transformation: [-0.9993742438705915f,0.03531276795086347f,-0.0020320206031636994f,0.2895895031727026f,0.03454859471355316f,0.9868382013112549f,0.15797708389537485f,3.7486241732758336f,0.007583883662204936f,0.15780802531055288f,-0.9874406877661978f,2.3601069569818605f,0f,0f,0f,1f], start_interpolation: 0, interpolation_duration: 1 }
$data merge entity $(bone_upper_right_tooth1) { transformation: [-0.9993742438705915f,0.03531276795086347f,-0.0020320206031636994f,-0.2959813428452221f,0.03454859471355316f,0.9868382013112549f,0.15797708389537485f,3.768867490490806f,0.007583883662204936f,0.15780802531055288f,-0.9874406877661978f,2.3645506388151833f,0f,0f,0f,1f], start_interpolation: 0, interpolation_duration: 1 }
$data merge entity $(bone_top_lip1) { transformation: [-0.9993742438705915f,0.031065949755009065f,-0.01691234619745186f,0.024996541463659986f,0.03454859471355316f,0.9598391029119469f,-0.27841568045731235f,3.8639103594427424f,0.007583883662204936f,-0.27882575793317377f,-0.9603117626175308f,2.3790956760877435f,0f,0f,0f,1f], start_interpolation: 0, interpolation_duration: 1 }
$data merge entity $(bone_muzzle1) { transformation: [-0.9993742438705915f,0.03531276795086347f,-0.0020320206031636994f,0.02917711264632373f,0.03454859471355316f,0.9868382013112549f,0.15797708389537485f,4.085603984583734f,0.007583883662204936f,0.15780802531055288f,-0.9874406877661978f,1.9200633127220055f,0f,0f,0f,1f], start_interpolation: 0, interpolation_duration: 1 }
$data merge entity $(bone_jaw_right_tooth1) { transformation: [-0.9993742438705915f,0.028914185039437847f,-0.020373772149220676f,-0.30131315973560924f,0.03454859471355316f,0.9214392292460217f,-0.3869833864777871f,3.6098385985243615f,0.007583883662204936f,-0.38744511444848895f,-0.9218615774608434f,2.3864054391245593f,0f,0f,0f,1f], start_interpolation: 0, interpolation_duration: 1 }
$data merge entity $(bone_jaw_left_tooth1) { transformation: [-0.9993742438705915f,0.028914185039437847f,-0.020373772149220676f,0.3330552567838092f,0.03454859471355316f,0.9214392292460217f,-0.3869833864777871f,3.587908338208141f,0.007583883662204936f,-0.38744511444848895f,-0.9218615774608434f,2.3815914504717925f,0f,0f,0f,1f], start_interpolation: 0, interpolation_duration: 1 }
$data merge entity $(bone_tongue1) { transformation: [-0.9993742438705915f,0.03492305461221246f,-0.0056125702343612395f,0.01176634334648112f,0.03454859471355316f,0.997787463839959f,0.05680291900194462f,3.632850947923878f,0.007583883662204936f,0.0565734678128825f,-0.9983696346785704f,1.688270037186371f,0f,0f,0f,1f], start_interpolation: 0, interpolation_duration: 1 }
$data merge entity $(bone_jaw_lips1) { transformation: [-0.9993742438705915f,0.03492305461221246f,-0.0056125702343612395f,0.061026722522254176f,0.03454859471355316f,0.997787463839959f,0.05680291900194462f,3.4747308268429795f,0.007583883662204936f,0.0565734678128825f,-0.9983696346785704f,2.461522559515252f,0f,0f,0f,1f], start_interpolation: 0, interpolation_duration: 1 }
$data merge entity $(bone_jaw3) { transformation: [-0.9993742438705915f,0.03201278200478142f,-0.015043353229833918f,0.046929406625461224f,0.03454859471355316f,0.9746394567403207f,-0.22109799630085186f,3.230612986822636f,0.007583883662204936f,-0.22147936958833697f,-0.9751355667574382f,1.7159196007130775f,0f,0f,0f,1f], start_interpolation: 0, interpolation_duration: 1 }
$data merge entity $(bone_jaw1) { transformation: [-0.9993742438705915f,0.033273712320827736f,0.01199919815962751f,0.05630378018767022f,0.03454859471355316f,0.845514061564144f,0.532834276581963f,3.6468897654022943f,0.007583883662204936f,0.5329154077015372f,-0.8461345359592065f,1.0548769944949474f,0f,0f,0f,1f], start_interpolation: 0, interpolation_duration: 1 }
$data merge entity $(bone_tear_right1) { transformation: [-0.9993742438705915f,0.035355494472541577f,0.0010534223679483368f,-0.4960485822993944f,0.03454859471355316f,0.9693143739366562f,0.24338454980361274f,4.165413586957141f,0.007583883662204936f,0.24326864469222215f,-0.9699293021752704f,1.8791091831142768f,0f,0f,0f,1f], start_interpolation: 0, interpolation_duration: 1 }
$data merge entity $(bone_right_pupil1) { transformation: [-0.9993742438705915f,0.035355494472541577f,0.0010534223679483368f,-0.33162595090870417f,0.03454859471355316f,0.9693143739366562f,0.24338454980361274f,4.240245478884155f,0.007583883662204936f,0.24326864469222215f,-0.9699293021752704f,1.9584756716126335f,0f,0f,0f,1f], start_interpolation: 0, interpolation_duration: 1 }
$data merge entity $(bone_right_sad_pupil1) { transformation: [-0.9993742438705915f,0.035355494472541577f,0.0010534223679483368f,-0.3316156635808922f,0.03454859471355316f,0.9693143739366562f,0.24338454980361274f,4.242622281128331f,0.007583883662204936f,0.24326864469222215f,-0.9699293021752704f,1.9490037057710783f,0f,0f,0f,1f], start_interpolation: 0, interpolation_duration: 1 }
$data merge entity $(bone_right_happy_pupil1) { transformation: [-0.9993742438705915f,0.035355494472541577f,0.0010534223679483368f,-0.35687729673036683f,0.03454859471355316f,0.9693143739366562f,0.24338454980361274f,4.2198011430858235f,0.007583883662204936f,0.24326864469222215f,-0.9699293021752704f,1.9432497569364817f,0f,0f,0f,1f], start_interpolation: 0, interpolation_duration: 1 }
$data merge entity $(bone_eyelid_right1) { transformation: [-0.9993742438705915f,0.035355494472541577f,0.0010534223679483368f,0.042913965472118384f,0.03454859471355316f,0.9693143739366562f,0.24338454980361274f,4.301143117246207f,0.007583883662204936f,0.24326864469222215f,-0.9699293021752704f,1.4606756970220176f,0f,0f,0f,1f], start_interpolation: 0, interpolation_duration: 1 }
$data merge entity $(bone_eyelid_expressions_right5) { transformation: [-0.9993742438705915f,0.035355494472541577f,0.0010534223679483368f,-0.4403970784227924f,0.03454859471355316f,0.9693143739366562f,0.24338454980361274f,4.341161846294517f,0.007583883662204936f,0.24326864469222215f,-0.9699293021752704f,1.9736121126690598f,0f,0f,0f,1f], start_interpolation: 0, interpolation_duration: 1 }
$data merge entity $(bone_eyelid_expressions_right7) { transformation: [-0.9993742438705915f,0.035355494472541577f,0.0010534223679483368f,-0.1476116554138301f,0.03454859471355316f,0.9693143739366562f,0.24338454980361274f,4.331040187687031f,0.007583883662204936f,0.24326864469222215f,-0.9699293021752704f,1.9713902717523981f,0f,0f,0f,1f], start_interpolation: 0, interpolation_duration: 1 }
$data merge entity $(bone_eyelid_expressions_right6) { transformation: [-0.9993742438705915f,0.035355494472541577f,0.0010534223679483368f,-0.24520679641681753f,0.03454859471355316f,0.9693143739366562f,0.24338454980361274f,4.334414073889526f,0.007583883662204936f,0.24326864469222215f,-0.9699293021752704f,1.9721308853912853f,0f,0f,0f,1f], start_interpolation: 0, interpolation_duration: 1 }
$data merge entity $(bone_right_eye1) { transformation: [-0.9993742438705915f,0.035355494472541577f,0.0010534223679483368f,0.03314416404400764f,0.03454859471355316f,0.9693143739366562f,0.24338454980361274f,4.299103703622281f,0.007583883662204936f,0.24326864469222215f,-0.9699293021752704f,1.4702217242274618f,0f,0f,0f,1f], start_interpolation: 0, interpolation_duration: 1 }
$data merge entity $(bone_tear_left1) { transformation: [-0.9993742438705915f,0.035355494472541577f,0.0010534223679483368f,0.55797894053287f,0.03454859471355316f,0.9693143739366562f,0.24338454980361274f,4.12897561597019f,0.007583883662204936f,0.24326864469222215f,-0.9699293021752704f,1.8711105558142949f,0f,0f,0f,1f], start_interpolation: 0, interpolation_duration: 1 }
$data merge entity $(bone_left_sad_pupil1) { transformation: [-0.9993742438705915f,0.035355494472541577f,0.0010534223679483368f,0.4003478939415137f,0.03454859471355316f,0.9693143739366562f,0.24338454980361274f,4.217318134609616f,0.007583883662204936f,0.24326864469222215f,-0.9699293021752704f,1.9434491034794241f,0f,0f,0f,1f], start_interpolation: 0, interpolation_duration: 1 }
$data merge entity $(bone_left_pupil1) { transformation: [-0.9993742438705915f,0.035355494472541577f,0.0010534223679483368f,0.4003376066137017f,0.03454859471355316f,0.9693143739366562f,0.24338454980361274f,4.21494133236544f,0.007583883662204936f,0.24326864469222215f,-0.9699293021752704f,1.9529210693209795f,0f,0f,0f,1f], start_interpolation: 0, interpolation_duration: 1 }
$data merge entity $(bone_eyelid_left1) { transformation: [-0.9993742438705915f,0.035355494472541577f,0.0010534223679483368f,0.023394937271520894f,0.03454859471355316f,0.9693143739366562f,0.24338454980361274f,4.301817894486707f,0.007583883662204936f,0.24326864469222215f,-0.9699293021752704f,1.4608238197497951f,0f,0f,0f,1f], start_interpolation: 0, interpolation_duration: 1 }
$data merge entity $(bone_left_happy_pupil1) { transformation: [-0.9993742438705915f,0.035355494472541577f,0.0010534223679483368f,0.4238838312935328f,0.03454859471355316f,0.9693143739366562f,0.24338454980361274f,4.19281005346586f,0.007583883662204936f,0.24326864469222215f,-0.9699293021752704f,1.937324847825384f,0f,0f,0f,1f], start_interpolation: 0, interpolation_duration: 1 }
$data merge entity $(bone_eyelid_expressions_left5) { transformation: [-0.9993742438705915f,0.035355494472541577f,0.0010534223679483368f,0.5160353034064845f,0.03454859471355316f,0.9693143739366562f,0.24338454980361274f,4.308097761510061f,0.007583883662204936f,0.24326864469222215f,-0.9699293021752704f,1.966354099007965f,0f,0f,0f,1f], start_interpolation: 0, interpolation_duration: 1 }
$data merge entity $(bone_eyelid_expressions_left7) { transformation: [-0.9993742438705915f,0.035355494472541577f,0.0010534223679483368f,0.22324988039752225f,0.03454859471355316f,0.9693143739366562f,0.24338454980361274f,4.318219420117547f,0.007583883662204936f,0.24326864469222215f,-0.9699293021752704f,1.9685759399246268f,0f,0f,0f,1f], start_interpolation: 0, interpolation_duration: 1 }
$data merge entity $(bone_eyelid_expressions_left6) { transformation: [-0.9993742438705915f,0.035355494472541577f,0.0010534223679483368f,0.3208450214005097f,0.03454859471355316f,0.9693143739366562f,0.24338454980361274f,4.314845533915052f,0.007583883662204936f,0.24326864469222215f,-0.9699293021752704f,1.9678353262857395f,0f,0f,0f,1f], start_interpolation: 0, interpolation_duration: 1 }
$data merge entity $(bone_left_eye1) { transformation: [-0.9993742438705915f,0.035355494472541577f,0.0010534223679483368f,0.03314416404400764f,0.03454859471355316f,0.9693143739366562f,0.24338454980361274f,4.299103703622281f,0.007583883662204936f,0.24326864469222215f,-0.9699293021752704f,1.4702217242274618f,0f,0f,0f,1f], start_interpolation: 0, interpolation_duration: 1 }
$data merge entity $(bone_crest_middle5) { transformation: [-0.9993742438705915f,0.034745430413925714f,-0.006623877522588843f,0.0753093740215559f,0.03454859471355316f,0.9990158109163083f,0.027817335288445932f,5.366188741059759f,0.007583883662204936f,0.027571082760425192f,-0.9995910764427698f,2.16545079029412f,0f,0f,0f,1f], start_interpolation: 0, interpolation_duration: 1 }
$data merge entity $(bone_crest_middle4) { transformation: [-0.9993742438705915f,0.034745430413925714f,-0.006623877522588843f,0.054950723388396294f,0.03454859471355316f,0.9990158109163083f,0.027817335288445932f,4.780827914350984f,0.007583883662204936f,0.027571082760425192f,-0.9995910764427698f,2.1492958589891833f,0f,0f,0f,1f], start_interpolation: 0, interpolation_duration: 1 }
$data merge entity $(bone_crest_middle1) { transformation: [-0.9993742438705915f,0.034745430413925714f,-0.006623877522588843f,0.04016688476297481f,0.03454859471355316f,0.9990158109163083f,0.027817335288445932f,4.339769883139539f,0.007583883662204936f,0.027571082760425192f,-0.9995910764427698f,2.2103922099268405f,0f,0f,0f,1f], start_interpolation: 0, interpolation_duration: 1 }
$data merge entity $(bone_crest_left5) { transformation: [-0.5667819114241983f,-0.8166813978389217f,0.10858065806669533f,-0.9043347705212039f,-0.7989485048731233f,0.5770133808654996f,0.16951945275739605f,4.837915856213841f,-0.20109587624646386f,0.009330205036894912f,-0.9795271286853855f,2.120432569797397f,0f,0f,0f,1f], start_interpolation: 0, interpolation_duration: 1 }
$data merge entity $(bone_crest_left4) { transformation: [-0.5667819114241983f,-0.8166813978389217f,0.10858065806669533f,-0.5055645567326679f,-0.7989485048731233f,0.5770133808654996f,0.16951945275739605f,4.556171041338109f,-0.20109587624646386f,0.009330205036894912f,-0.9795271286853855f,2.1158768056192256f,0f,0f,0f,1f], start_interpolation: 0, interpolation_duration: 1 }
$data merge entity $(bone_crest_left1) { transformation: [-0.5667819114241983f,-0.8166813978389217f,0.10858065806669533f,-0.061615531620615414f,-0.7989485048731233f,0.5770133808654996f,0.16951945275739605f,4.254529062003973f,-0.20109587624646386f,0.009330205036894912f,-0.9795271286853855f,2.063036991942896f,0f,0f,0f,1f], start_interpolation: 0, interpolation_duration: 1 }
$data merge entity $(bone_crest_center1) { transformation: [-0.9993742438705915f,0.035355494472541577f,0.0010534223679483368f,0.035116449179193036f,0.03454859471355316f,0.9693143739366562f,0.24338454980361274f,4.227490577004782f,0.007583883662204936f,0.24326864469222215f,-0.9699293021752704f,2.056357278429654f,0f,0f,0f,1f], start_interpolation: 0, interpolation_duration: 1 }
$data merge entity $(bone_crest_right5) { transformation: [-0.5071448682229456f,0.8546243476581564f,-0.11145091756015955f,1.0153404837047662f,0.8360743976901739f,0.519235961447546f,0.17712599432792414f,4.771552246438365f,0.209245511689365f,-0.0033527197188343433f,-0.9778573899645808f,2.1058648601665406f,0f,0f,0f,1f], start_interpolation: 0, interpolation_duration: 1 }
$data merge entity $(bone_crest_right4) { transformation: [-0.5071448682229456f,0.8546243476581564f,-0.11145091756015955f,0.5980434389498068f,0.8360743976901739f,0.519235961447546f,0.17712599432792414f,4.518019062137805f,0.209245511689365f,-0.0033527197188343433f,-0.9778573899645808f,2.1075019303417526f,0f,0f,0f,1f], start_interpolation: 0, interpolation_duration: 1 }
$data merge entity $(bone_crest_right1) { transformation: [-0.5071448682229456f,0.8546243476581564f,-0.11145091756015955f,0.1335747503853595f,0.8360743976901739f,0.519235961447546f,0.17712599432792414f,4.247781289598983f,0.209245511689365f,-0.0033527197188343433f,-0.9778573899645808f,2.0615557646651217f,0f,0f,0f,1f], start_interpolation: 0, interpolation_duration: 1 }
$data merge entity $(bone_head1) { transformation: [-0.9993742438705915f,0.035355494472541577f,0.0010534223679483368f,0.031983624570125324f,0.03454859471355316f,0.9693143739366562f,0.24338454980361274f,4.38249802363708f,0.007583883662204936f,0.24326864469222215f,-0.9699293021752704f,0.9373852511503037f,0f,0f,0f,1f], start_interpolation: 0, interpolation_duration: 1 }
$data merge entity $(bone_neck10) { transformation: [-1.2985518343783693f,0.04599104797088779f,-0.0840771305620939f,-0.041718645346632915f,0.03164823381703367f,1.2840552895207662f,0.21359168919798494f,4.149465515334414f,0.09045733620485544f,0.21096882211532025f,-1.2816905372852059f,-0.039109903300001636f,0f,0f,0f,1f], start_interpolation: 0, interpolation_duration: 1 }
$data merge entity $(bone_neck9) { transformation: [-0.9972878088025877f,0.0395058170168156f,-0.06209924987926103f,-0.08884032467075133f,0.02430584357148186f,0.9731777237277957f,0.22876700812893735f,2.902815719189315f,0.06947123420532898f,0.22663717360975988f,-0.9714985018805575f,-0.2793964273221306f,0f,0f,0f,1f], start_interpolation: 0, interpolation_duration: 1 }
$data merge entity $(bone_neck8) { transformation: [-0.9972840948872272f,0.004526312344342101f,-0.07351154046491754f,-0.08880239677125176f,0.025180562090512608f,0.9589174957728832f,-0.28256534747464807f,2.287134425444641f,0.06921252327266786f,-0.28364898871179534f,-0.956427141932414f,-0.05485576327491387f,0f,0f,0f,1f], start_interpolation: 0, interpolation_duration: 1 }
$data merge entity $(bone_neck7) { transformation: [-0.9966341225205071f,-0.03709248076231124f,-0.07310659134904587f,-0.056904941356957006f,0f,0.8917808434890401f,-0.45246759794042307f,1.5695063873900383f,0.081978203370035f,-0.4509446474423151f,-0.8887792184312969f,0.3329313701411216f,0f,0f,0f,1f], start_interpolation: 0, interpolation_duration: 1 }
$data merge entity $(bone_neck6) { transformation: [-0.9966341225205071f,-0.02121752031545271f,-0.07918486382789434f,-0.040728766003063466f,0f,0.9659258262890684f,-0.25881904510252063f,0.7986038141015137f,0.081978203370035f,-0.25794789190734624f,-0.9626746383035013f,0.5295900875418302f,0f,0f,0f,1f], start_interpolation: 0, interpolation_duration: 1 }
$data merge entity $(bone_neck_spine6) { transformation: [-1.0637330035839776f,-0.26776315683725954f,-0.1473657573662092f,-0.13752610179887376f,-0.15047788956546893f,-0.005658552199621126f,1.0964789387198863f,0.3825130498138085f,-0.26602665158869665f,1.073877344087727f,-0.030966885813024148f,-1.7684160877605564f,0f,0f,0f,1f], start_interpolation: 0, interpolation_duration: 1 }
$data merge entity $(bone_neck_spine7) { transformation: [-0.9091742960068224f,-0.4161218515614585f,-0.01564302188078244f,0.8700349870887303f,-0.10279868992498911f,0.18788214704726797f,0.9767971786254372f,0.6185655685936062f,-0.40352760603235693f,0.8896869693740445f,-0.21359439996362892f,-4.723526222197451f,0f,0f,0f,1f], start_interpolation: 0, interpolation_duration: 1 }
$data merge entity $(bone_tail6) { transformation: [-1.3809642673471358f,-0.4734311951894236f,-0.3331589371695299f,1.9569858273673804f,-0.427936001633705f,0.25447748305645357f,1.4121990903576724f,-0.10987404523847213f,-0.3898753037833693f,1.3976045205002712f,-0.36999072077696676f,-7.898954009479302f,0f,0f,0f,1f], start_interpolation: 0, interpolation_duration: 1 }
$data merge entity $(bone_tail5) { transformation: [-1.1407965686780688f,-0.39109533515648043f,-0.2752182524443943f,1.7099782472685503f,-0.35351234917566937f,0.21022052948141817f,1.1665992485563381f,0.02289681548663422f,-0.3220709031253921f,1.1545428647610936f,-0.30564450846792907f,-7.169769042261768f,0f,0f,0f,1f], start_interpolation: 0, interpolation_duration: 1 }
$data merge entity $(bone_tail4) { transformation: [-0.9222439628892177f,-0.31616970252650206f,-0.22249222934452084f,1.5864744572191354f,-0.2857868254388569f,0.16994670172813595f,0.9431033925171238f,0.08928224584918733f,-0.26036889852663275f,0.933356758038442f,-0.24708945526670476f,-6.8051765586530015f,0f,0f,0f,1f], start_interpolation: 0, interpolation_duration: 1 }
$data merge entity $(bone_segment18) { transformation: [-0.9222439628892177f,-0.31616970252650206f,-0.22249222934452084f,1.4320947196573668f,-0.2857868254388569f,0.16994670172813595f,0.9431033925171238f,0.1722640338023787f,-0.26036889852663275f,0.933356758038442f,-0.24708945526670476f,-6.349435954142043f,0f,0f,0f,1f], start_interpolation: 0, interpolation_duration: 1 }
$data merge entity $(bone_segment17) { transformation: [-0.9222439628892177f,-0.31616970252650206f,-0.22249222934452084f,1.2314010608270676f,-0.2857868254388569f,0.16994670172813595f,0.9431033925171238f,0.2801403581415275f,-0.26036889852663275f,0.933356758038442f,-0.24708945526670476f,-5.756973168277798f,0f,0f,0f,1f], start_interpolation: 0, interpolation_duration: 1 }
$data merge entity $(bone_segment16) { transformation: [-0.9581876071443033f,-0.2605190859253651f,-0.11834828001997705f,1.0151498664554266f,-0.1122533326056628f,-0.03820664785974001f,0.9929448329984119f,0.2484258555235792f,-0.26320277132658987f,0.9647124223974384f,0.0073650008872259f,-4.956186489529925f,0f,0f,0f,1f], start_interpolation: 0, interpolation_duration: 1 }
$data merge entity $(bone_segment15) { transformation: [-0.9091742960068224f,-0.3978941313207368f,-0.12281025910328229f,0.6071529544566243f,-0.10279868992498911f,-0.07133349489907553f,0.9921410997711915f,0.17528115860558185f,-0.40352760603235693f,0.9146539196690732f,0.02395158457795979f,-4.018308935181754f,0f,0f,0f,1f], start_interpolation: 0, interpolation_duration: 1 }
$data merge entity $(bone_segment14) { transformation: [-0.9204260946398863f,-0.34857871081737785f,-0.1769426084097948f,0.2497236123098991f,-0.10921757082721753f,-0.20530513972722642f,0.9725848661295248f,-0.03523680693503109f,-0.3753496057391946f,0.9145177319038044f,0.15089728793106988f,-3.08057102649133f,0f,0f,0f,1f], start_interpolation: 0, interpolation_duration: 1 }
$data merge entity $(bone_segment13) { transformation: [-0.9611140550029349f,-0.21513526597921828f,-0.17313749047467064f,0.02284821121686169f,-0.1359611990426825f,-0.17706841356277986f,0.9747621911385548f,-0.24924461726083244f,-0.2403629040236694f,0.9603976229928993f,0.14093289225335892f,-2.0523345928151766f,0f,0f,0f,1f], start_interpolation: 0, interpolation_duration: 1 }
$data merge entity $(bone_segment12) { transformation: [-0.9877234589202112f,-0.08868776681330881f,-0.12859567922897847f,-0.0810827655174846f,-0.13210285675706118f,0.03485545875449614f,0.9906230020707358f,-0.20839837653290727f,-0.08337388041417729f,0.9954494346839932f,-0.046143461638683936f,-0.8857922865448717f,0f,0f,0f,1f], start_interpolation: 0, interpolation_duration: 1 }
$data merge entity $(bone_segment11) { transformation: [-1.0318158481340858f,0.00407674233734459f,-0.0829933589229563f,-0.07766668950694053f,-0.07196467415346591f,0.4730328894866693f,0.9179375975805439f,0.33817679543913715f,0.041540379480515366f,0.9207452022953309f,-0.4712230164548494f,0.17832888564915556f,0f,0f,0f,1f], start_interpolation: 0, interpolation_duration: 1 }
$data merge entity $(bone_segment10) { transformation: [-0.9967726505916473f,0.04225326287679912f,-0.06825646349442616f,-0.034043547810354305f,0.0051430036931375146f,0.882134836503117f,0.4709688734307516f,1.152232144495947f,0.08011137588079606f,0.46909784907190005f,-0.8795051878474638f,0.6108643323221717f,0f,0f,0f,1f], start_interpolation: 0, interpolation_duration: 1 }