# This file was generated by Animated Java via MC-Build. It is not recommended to edit this file directly.
$data merge entity $(bone_neck_spine5) { transformation: [-1.5680013400118815f,0.0347269773707747f,-0.11038582481584797f,0.006182339415003735f,0.038215242334068165f,1.57104987927302f,-0.048590818538279415f,4.182246159072596f,0.10922723346736299f,-0.05114205153844794f,-1.5676329600994445f,-0.8753323620641014f,0f,0f,0f,1f], start_interpolation: 0, interpolation_duration: 1 }
$data merge entity $(bone_neck_spine2) { transformation: [-1.4933346095351248f,0.03981681854610609f,-0.10276500673609655f,0.044752312177252396f,0.03639546888958872f,1.4960917276554986f,0.05078576541828255f,5.8048365677250295f,0.10402593663558375f,0.048150234534011245f,-1.4930018222043255f,0.7272247789144817f,0f,0f,0f,1f], start_interpolation: 0, interpolation_duration: 1 }
$data merge entity $(bone_scale_neck_left1) { transformation: [-1.571637764019758f,0.4929601396746063f,0.0003467515533480178f,0.8024579216718037f,0.45907838002053536f,1.4631943148820996f,0.601136023485614f,4.885914025442366f,0.17960195027440032f,0.5736791598327134f,-1.5335222339010726f,0.6099523852984544f,0f,0f,0f,1f], start_interpolation: 0, interpolation_duration: 1 }
$data merge entity $(bone_scale_neck_right1) { transformation: [-1.6017532625910542f,-0.33719173875830355f,-0.1836934890782388f,-0.7655434183400771f,-0.38173666862775646f,1.4834267307601088f,0.605621442098141f,4.924129267776435f,0.04145699508608476f,0.6315076774016296f,-1.5207019602074903f,0.7191796187658174f,0f,0f,0f,1f], start_interpolation: 0, interpolation_duration: 1 }
$data merge entity $(bone_blush_right1) { transformation: [-0.9993742438705915f,0.035355494472541577f,0.0010534223679483368f,-0.6235604461355944f,0.03454859471355316f,0.9693143739366562f,0.24338454980361274f,4.4533255491500405f,0.007583883662204936f,0.24326864469222215f,-0.9699293021752704f,2.005257349471975f,0f,0f,0f,1f], start_interpolation: 0, interpolation_duration: 1 }
$data merge entity $(bone_blush_left1) { transformation: [-0.9993742438705915f,0.035355494472541577f,0.0010534223679483368f,0.7008056172749453f,0.03454859471355316f,0.9693143739366562f,0.24338454980361274f,4.407541913382177f,0.007583883662204936f,0.24326864469222215f,-0.9699293021752704f,1.9952072223922759f,0f,0f,0f,1f], start_interpolation: 0, interpolation_duration: 1 }
$data merge entity $(bone_left_head_scales) { transformation: [-0.8869421970300595f,0.035355494472541577f,-0.4605252741577738f,0.7382519438626756f,-0.08173750057264573f,0.9693143739366562f,0.23183749800221132f,5.210400767849364f,0.4545904971813944f,0.24326864469222215f,-0.8568359506824987f,1.7914567859858053f,0f,0f,0f,1f], start_interpolation: 0, interpolation_duration: 1 }
$data merge entity $(bone_left_head_scales2) { transformation: [-0.8192436731241408f,0.035355494472541577f,-0.5723546042941104f,0.7063097853927446f,-0.11129909075234094f,0.9693143739366562f,0.21918521135672173f,4.298532546303615f,0.5625409464596935f,0.24326864469222215f,-0.7901696337279995f,1.7362865237869671f,0f,0f,0f,1f], start_interpolation: 0, interpolation_duration: 1 }
$data merge entity $(bone_left_head_scales1) { transformation: [-0.9993742438705915f,0.035355494472541577f,0.0010534223679483368f,0.7342813561045288f,0.03454859471355316f,0.9693143739366562f,0.24338454980361274f,5.1015422199951495f,0.007583883662204936f,0.24326864469222215f,-0.9699293021752704f,1.7641365768650967f,0f,0f,0f,1f], start_interpolation: 0, interpolation_duration: 1 }
$data merge entity $(bone_right_head_scales) { transformation: [-0.8859693643949578f,0.035355494472541577f,0.46239406826233864f,-0.6085610019785512f,0.14302745613665674f,0.9693143739366562f,0.19993196660580653f,5.256960397443801f,-0.4411365232495162f,0.24326864469222215f,-0.8638396462104168f,1.8016772542024486f,0f,0f,0f,1f], start_interpolation: 0, interpolation_duration: 1 }
$data merge entity $(bone_right_head_scales2) { transformation: [-0.8180352366285801f,0.035355494472541577f,0.5740804304665198f,-0.6405031604484822f,0.1679001947261788f,0.9693143739366562f,0.17955269168324892f,4.345092175898052f,-0.5501162388486034f,0.24326864469222215f,-0.7988695076573364f,1.7465069920036105f,0f,0f,0f,1f], start_interpolation: 0, interpolation_duration: 1 }
$data merge entity $(bone_right_head_scales1) { transformation: [-0.9993742438705915f,0.035355494472541577f,0.0010534223679483368f,-0.612531589736698f,0.03454859471355316f,0.9693143739366562f,0.24338454980361274f,5.148101849589587f,0.007583883662204936f,0.24326864469222215f,-0.9699293021752704f,1.77435704508174f,0f,0f,0f,1f], start_interpolation: 0, interpolation_duration: 1 }
$data merge entity $(bone_head_left_fin1) { transformation: [-0.7182253592476326f,0.057015788024912875f,-0.7612993703364533f,0.7194803925411642f,0.10983433272653392f,1.0420928694105254f,-0.025574770838245244f,4.7138228457788935f,0.7554892128371516f,-0.09729773617515423f,-0.7200308311781268f,1.579990523272037f,0f,0f,0f,1f], start_interpolation: 0, interpolation_duration: 1 }
$data merge entity $(bone_head_right_fin1) { transformation: [-0.7354645947185493f,0.013612643697187019f,0.7467139505006096f,-0.6273325533000625f,-0.05957994067393594f,1.0435933259730887f,-0.07770713402829107f,4.760382475373331f,-0.7444576943050178f,-0.09696836567238794f,-0.7314745897664905f,1.5902109914886804f,0f,0f,0f,1f], start_interpolation: 0, interpolation_duration: 1 }
$data merge entity $(bone_right_whisker16) { transformation: [0.26420308163355655f,0.8810433514625279f,-0.3923765340830262f,-1.2063194485060427f,0.9621708628345814f,-0.2688321699459456f,0.044232285881607214f,2.0212754622826488f,-0.06651287369742945f,-0.3892195745923247f,-0.9187405294133263f,1.6181625771009147f,0f,0f,0f,1f], start_interpolation: 0, interpolation_duration: 1 }
$data merge entity $(bone_right_whisker15) { transformation: [-0.8390204812366517f,0.37694202149191114f,-0.3923765340830262f,-0.9236416496518974f,0.3921207724557579f,0.9188497182316531f,0.044232285881607214f,1.8891644598439412f,0.37720807503832215f,-0.1167471958515661f,-0.9187405294133263f,1.4910758721319488f,0f,0f,0f,1f], start_interpolation: 0, interpolation_duration: 1 }
$data merge entity $(bone_right_whisker14) { transformation: [-0.6962108666845341f,-0.6011082137280782f,-0.3923765340830262f,-0.6890784182005655f,-0.6670432555021062f,0.7437047802554723f,0.044232285881607214f,2.113900712918381f,0.2652239137022182f,0.29252711876644655f,-0.9187405294133263f,1.4017182058943851f,0f,0f,0f,1f], start_interpolation: 0, interpolation_duration: 1 }
$data merge entity $(bone_right_whisker13) { transformation: [-0.12789425538298674f,-0.9779896436911001f,-0.16486150634088576f,-0.645989045049071f,-0.966313979288267f,0.0854434073507244f,0.24276885626532424f,2.4394654813309318f,-0.22333909839548186f,0.19035672032595202f,-0.955972785258367f,1.4769642888498942f,0f,0f,0f,1f], start_interpolation: 0, interpolation_duration: 1 }
$data merge entity $(bone_right_whisker12) { transformation: [0.011719950262516661f,-0.9910101669087579f,-0.13327224710838956f,-0.6512538664560609f,-0.8921665529665858f,-0.07055152493955719f,0.4461628896450535f,2.84024342504639f,-0.45155452000125634f,0.11367203443318213f,-0.8849729849290632f,1.6798110458817086f,0f,0f,0f,1f], start_interpolation: 0, interpolation_duration: 1 }
$data merge entity $(bone_right_whisker11) { transformation: [0.2645322040396782f,-0.9564260347092735f,-0.12357974411773709f,-0.7700866924895101f,-0.9464186511853089f,-0.2820804452927509f,0.15723345404850952f,3.265392428508541f,-0.1852415982291541f,0.07536486259351063f,-0.9797987996378488f,1.7630250450862115f,0f,0f,0f,1f], start_interpolation: 0, interpolation_duration: 1 }
$data merge entity $(bone_right_whisker10) { transformation: [0.06876000829896355f,-0.9975213872026548f,-0.014937982863072387f,-0.8009749774675601f,-0.9939572585429153f,-0.06721475818578274f,-0.08678216678488593f,3.7118966657446157f,0.08556301448978679f,0.020814859003071277f,-0.9961153106925433f,1.7245885346708776f,0f,0f,0f,1f], start_interpolation: 0, interpolation_duration: 1 }
$data merge entity $(bone_right_whisker1) { transformation: [-0.3667871492986812f,-0.9293891443317633f,-0.041267487294717235f,-0.6362073127435431f,-0.9189321105275179f,0.3550317041878649f,0.17180298385913734f,4.124698199770649f,-0.14502056182069273f,0.10093714588660227f,-0.9842665945918702f,1.7897344901762668f,0f,0f,0f,1f], start_interpolation: 0, interpolation_duration: 1 }
$data merge entity $(bone_left_whisker16) { transformation: [0.25142215519570404f,-0.9470585056826151f,0.19966744023740793f,1.182744216664165f,-0.9677775017013689f,-0.24895434746436101f,0.03779470967280035f,1.9952980347953104f,0.013914276028752812f,-0.20273608384499742f,-0.9791345531793827f,1.3744557343135593f,0f,0f,0f,1f], start_interpolation: 0, interpolation_duration: 1 }
$data merge entity $(bone_left_whisker15) { transformation: [-0.9061391123219342f,-0.372887144360673f,0.19966744023740793f,0.8774532071416383f,-0.37314482072352473f,0.9270029680038556f,0.03779470967280035f,1.8695802973445135f,-0.19918547107564083f,-0.04025760651833635f,-0.9791345531793827f,1.3073473480624889f,0f,0f,0f,1f], start_interpolation: 0, interpolation_duration: 1 }
$data merge entity $(bone_left_whisker14) { transformation: [-0.7209014591646935f,0.6636520168606859f,0.19966744023740793f,0.634571367872284f,0.68245219299626f,0.7299524396803837f,0.03779470967280035f,2.099508038148917f,-0.12066519982501528f,0.16350974381179634f,-0.9791345531793827f,1.2666935453870687f,0f,0f,0f,1f], start_interpolation: 0, interpolation_duration: 1 }
$data merge entity $(bone_left_whisker13) { transformation: [-0.059343994463287045f,0.9978896774039271f,-0.02635302737499174f,0.6145775416126804f,0.968349909987456f,0.06395873009587133f,0.24126278758194253f,2.4257587402443f,0.24243915143480285f,-0.011201454156010194f,-0.9701019458161926f,1.3483747048060208f,0f,0f,0f,1f], start_interpolation: 0, interpolation_duration: 1 }
$data merge entity $(bone_left_whisker12) { transformation: [0.12184180193692674f,0.9917997371024118f,-0.038572746652905485f,0.6693111635765342f,0.8907142724001754f,-0.0921115617244947f,0.44513317685755677f,2.8258842922990666f,0.4379299718486836f,-0.08859312433965236f,-0.8946332198595968f,1.5451010593474217f,0f,0f,0f,1f], start_interpolation: 0, interpolation_duration: 1 }
$data merge entity $(bone_left_whisker11) { transformation: [0.3167887737548367f,0.9456497726898672f,-0.07342601878427774f,0.8116186205367149f,0.9400976712266395f,-0.30276262177991964f,0.15668810869749855f,3.2481937930454086f,0.12594142041900505f,-0.11866466308278803f,-0.9849149487942049f,1.6016763068012716f,0f,0f,0f,1f], start_interpolation: 0, interpolation_duration: 1 }
$data merge entity $(bone_left_whisker10) { transformation: [0.07144357194986603f,0.9794998416517242f,-0.18835040809961462f,0.8437124126235687f,0.9924327582156627f,-0.0887118519477587f,-0.08489657086391458f,3.6940131961501006f,-0.09986509123561166f,-0.18085980075253316f,-0.9784256210996606f,1.556815035347774f,0f,0f,0f,1f], start_interpolation: 0, interpolation_duration: 1 }
$data merge entity $(bone_left_whisker1) { transformation: [-0.3100926893115588f,0.9380498768645823f,-0.15461226519867993f,0.7044129623468919f,0.9262921475083181f,0.334726149979581f,0.17303543563176887f,4.110120996788603f,0.21406863735716608f,-0.08955910358075851f,-0.9727043669408793f,1.6529786810355636f,0f,0f,0f,1f], start_interpolation: 0, interpolation_duration: 1 }
$data merge entity $(bone_upper_left_tooth1) { transformation: [-0.9993742438705915f,0.03531276795086347f,-0.0020320206031636994f,0.3498311415446946f,0.03454859471355316f,0.9868382013112549f,0.15797708389537485f,4.328482753112632f,0.007583883662204936f,0.15780802531055288f,-0.9874406877661978f,2.751634514959915f,0f,0f,0f,1f], start_interpolation: 0, interpolation_duration: 1 }
$data merge entity $(bone_upper_right_tooth1) { transformation: [-0.9993742438705915f,0.03531276795086347f,-0.0020320206031636994f,-0.32357533137591876f,0.03454859471355316f,0.9868382013112549f,0.15797708389537485f,4.351762567909851f,0.007583883662204936f,0.15780802531055288f,-0.9874406877661978f,2.7567447490682366f,0f,0f,0f,1f], start_interpolation: 0, interpolation_duration: 1 }
$data merge entity $(bone_top_lip1) { transformation: [-0.9993742438705915f,0.031065949755009065f,-0.01691234619745186f,0.04554923557929556f,0.03454859471355316f,0.9598391029119469f,-0.27841568045731235f,4.461061867204577f,0.007583883662204936f,-0.27882575793317377f,-0.9603117626175308f,2.7734715419316807f,0f,0f,0f,1f], start_interpolation: 0, interpolation_duration: 1 }
$data merge entity $(bone_muzzle1) { transformation: [-0.9993742438705915f,0.03531276795086347f,-0.0020320206031636994f,0.05035689243935886f,0.03454859471355316f,0.9868382013112549f,0.15797708389537485f,4.716009536116718f,0.007583883662204936f,0.15780802531055288f,-0.9874406877661978f,2.2455843240610815f,0f,0f,0f,1f], start_interpolation: 0, interpolation_duration: 1 }
$data merge entity $(bone_jaw_right_tooth1) { transformation: [-0.9993742438705915f,0.028914185039437847f,-0.020373772149220676f,-0.3297069207998641f,0.03454859471355316f,0.9214392292460217f,-0.3869833864777871f,4.168879342148439f,0.007583883662204936f,-0.38744511444848895f,-0.9218615774608434f,2.7818777694240175f,0f,0f,0f,1f], start_interpolation: 0, interpolation_duration: 1 }
$data merge entity $(bone_jaw_left_tooth1) { transformation: [-0.9993742438705915f,0.028914185039437847f,-0.020373772149220676f,0.3998167581974671f,0.03454859471355316f,0.9214392292460217f,-0.3869833864777871f,4.1436595427847855f,0.007583883662204936f,-0.38744511444848895f,-0.9218615774608434f,2.776341682473336f,0f,0f,0f,1f], start_interpolation: 0, interpolation_duration: 1 }
$data merge entity $(bone_tongue1) { transformation: [-0.9993742438705915f,0.03492305461221246f,-0.0056125702343612395f,0.030334507744539857f,0.03454859471355316f,0.997787463839959f,0.05680291900194462f,4.195343543957883f,0.007583883662204936f,0.0565734678128825f,-0.9983696346785704f,1.979022057195102f,0f,0f,0f,1f], start_interpolation: 0, interpolation_duration: 1 }
$data merge entity $(bone_jaw_lips1) { transformation: [-0.9993742438705915f,0.03492305461221246f,-0.0056125702343612395f,0.08698394379667886f,0.03454859471355316f,0.997787463839959f,0.05680291900194462f,4.0135054047148495f,0.007583883662204936f,0.0565734678128825f,-0.9983696346785704f,2.8682624578733145f,0f,0f,0f,1f], start_interpolation: 0, interpolation_duration: 1 }
$data merge entity $(bone_jaw3) { transformation: [-0.9993742438705915f,0.03201278200478142f,-0.015043353229833918f,0.07077203051536697f,0.03454859471355316f,0.9746394567403207f,-0.22109799630085186f,3.732769888691455f,0.007583883662204936f,-0.22147936958833697f,-0.9751355667574382f,2.0108190552508143f,0f,0f,0f,1f], start_interpolation: 0, interpolation_duration: 1 }
$data merge entity $(bone_jaw1) { transformation: [-0.9993742438705915f,0.033273712320827736f,0.01199919815962751f,0.08155256011190731f,0.03454859471355316f,0.845514061564144f,0.532834276581963f,4.211488184058062f,0.007583883662204936f,0.5329154077015372f,-0.8461345359592065f,1.2506200580999645f,0f,0f,0f,1f], start_interpolation: 0, interpolation_duration: 1 }
$data merge entity $(bone_tear_right1) { transformation: [-0.9993742438705915f,0.035355494472541577f,0.0010534223679483368f,-0.5536526567482171f,0.03454859471355316f,0.9693143739366562f,0.24338454980361274f,4.807790578846135f,0.007583883662204936f,0.24326864469222215f,-0.9699293021752704f,2.198487075012193f,0f,0f,0f,1f], start_interpolation: 0, interpolation_duration: 1 }
$data merge entity $(bone_right_pupil1) { transformation: [-0.9993742438705915f,0.035355494472541577f,0.0010534223679483368f,-0.3645666306489232f,0.03454859471355316f,0.9693143739366562f,0.24338454980361274f,4.893847254562202f,0.007583883662204936f,0.24326864469222215f,-0.9699293021752704f,2.2897585367853037f,0f,0f,0f,1f], start_interpolation: 0, interpolation_duration: 1 }
$data merge entity $(bone_right_sad_pupil1) { transformation: [-0.9993742438705915f,0.035355494472541577f,0.0010534223679483368f,-0.3645548002219394f,0.03454859471355316f,0.9693143739366562f,0.24338454980361274f,4.896580577143004f,0.007583883662204936f,0.24326864469222215f,-0.9699293021752704f,2.278865776067515f,0f,0f,0f,1f], start_interpolation: 0, interpolation_duration: 1 }
$data merge entity $(bone_right_happy_pupil1) { transformation: [-0.9993742438705915f,0.035355494472541577f,0.0010534223679483368f,-0.39360567834383525f,0.03454859471355316f,0.9693143739366562f,0.24338454980361274f,4.870336268394119f,0.007583883662204936f,0.24326864469222215f,-0.9699293021752704f,2.2722487349077287f,0f,0f,0f,1f], start_interpolation: 0, interpolation_duration: 1 }
$data merge entity $(bone_eyelid_right1) { transformation: [-0.9993742438705915f,0.035355494472541577f,0.0010534223679483368f,0.06615427318902271f,0.03454859471355316f,0.9693143739366562f,0.24338454980361274f,4.963879538678562f,0.007583883662204936f,0.24326864469222215f,-0.9699293021752704f,1.7172885660060948f,0f,0f,0f,1f], start_interpolation: 0, interpolation_duration: 1 }
$data merge entity $(bone_eyelid_expressions_right5) { transformation: [-0.9993742438705915f,0.035355494472541577f,0.0010534223679483368f,-0.48965342729012473f,0.03454859471355316f,0.9693143739366562f,0.24338454980361274f,5.009901077084117f,0.007583883662204936f,0.24326864469222215f,-0.9699293021752704f,2.3071654440001934f,0f,0f,0f,1f], start_interpolation: 0, interpolation_duration: 1 }
$data merge entity $(bone_eyelid_expressions_right7) { transformation: [-0.9993742438705915f,0.035355494472541577f,0.0010534223679483368f,-0.15295019082981798f,0.03454859471355316f,0.9693143739366562f,0.24338454980361274f,4.998261169685508f,0.007583883662204936f,0.24326864469222215f,-0.9699293021752704f,2.3046103269460327f,0f,0f,0f,1f], start_interpolation: 0, interpolation_duration: 1 }
$data merge entity $(bone_eyelid_expressions_right6) { transformation: [-0.9993742438705915f,0.035355494472541577f,0.0010534223679483368f,-0.2651846029832536f,0.03454859471355316f,0.9693143739366562f,0.24338454980361274f,5.002141138818377f,0.007583883662204936f,0.24326864469222215f,-0.9699293021752704f,2.305462032630753f,0f,0f,0f,1f], start_interpolation: 0, interpolation_duration: 1 }
$data merge entity $(bone_right_eye1) { transformation: [-0.9993742438705915f,0.035355494472541577f,0.0010534223679483368f,0.054919001546695365f,0.03454859471355316f,0.9693143739366562f,0.24338454980361274f,4.9615342130110465f,0.007583883662204936f,0.24326864469222215f,-0.9699293021752704f,1.7282664972923556f,0f,0f,0f,1f], start_interpolation: 0, interpolation_duration: 1 }
$data merge entity $(bone_tear_left1) { transformation: [-0.9993742438705915f,0.035355494472541577f,0.0010534223679483368f,0.658478994508887f,0.03454859471355316f,0.9693143739366562f,0.24338454980361274f,4.765886912211142f,0.007583883662204936f,0.24326864469222215f,-0.9699293021752704f,2.189288653617214f,0f,0f,0f,1f], start_interpolation: 0, interpolation_duration: 1 }
$data merge entity $(bone_left_sad_pupil1) { transformation: [-0.9993742438705915f,0.035355494472541577f,0.0010534223679483368f,0.47720329092882724f,0.03454859471355316f,0.9693143739366562f,0.24338454980361274f,4.867480808646481f,0.007583883662204936f,0.24326864469222215f,-0.9699293021752704f,2.272477983432113f,0f,0f,0f,1f], start_interpolation: 0, interpolation_duration: 1 }
$data merge entity $(bone_left_pupil1) { transformation: [-0.9993742438705915f,0.035355494472541577f,0.0010534223679483368f,0.47719146050184347f,0.03454859471355316f,0.9693143739366562f,0.24338454980361274f,4.864747486065679f,0.007583883662204936f,0.24326864469222215f,-0.9699293021752704f,2.2833707441499014f,0f,0f,0f,1f], start_interpolation: 0, interpolation_duration: 1 }
$data merge entity $(bone_eyelid_left1) { transformation: [-0.9993742438705915f,0.035355494472541577f,0.0010534223679483368f,0.0437073907583356f,0.03454859471355316f,0.9693143739366562f,0.24338454980361274f,4.964655532505136f,0.007583883662204936f,0.24326864469222215f,-0.9699293021752704f,1.7174589071430388f,0f,0f,0f,1f], start_interpolation: 0, interpolation_duration: 1 }
$data merge entity $(bone_left_happy_pupil1) { transformation: [-0.9993742438705915f,0.035355494472541577f,0.0010534223679483368f,0.5042696188836491f,0.03454859471355316f,0.9693143739366562f,0.24338454980361274f,4.839296515331162f,0.007583883662204936f,0.24326864469222215f,-0.9699293021752704f,2.2654350894299666f,0f,0f,0f,1f], start_interpolation: 0, interpolation_duration: 1 }
$data merge entity $(bone_eyelid_expressions_left5) { transformation: [-0.9993742438705915f,0.035355494472541577f,0.0010534223679483368f,0.6102438118135439f,0.03454859471355316f,0.9693143739366562f,0.24338454980361274f,4.9718773795819935f,0.007583883662204936f,0.24326864469222215f,-0.9699293021752704f,2.298818728289935f,0f,0f,0f,1f], start_interpolation: 0, interpolation_duration: 1 }
$data merge entity $(bone_eyelid_expressions_left7) { transformation: [-0.9993742438705915f,0.035355494472541577f,0.0010534223679483368f,0.2735405753532371f,0.03454859471355316f,0.9693143739366562f,0.24338454980361274f,4.983517286980603f,0.007583883662204936f,0.24326864469222215f,-0.9699293021752704f,2.301373845344096f,0f,0f,0f,1f], start_interpolation: 0, interpolation_duration: 1 }
$data merge entity $(bone_eyelid_expressions_left6) { transformation: [-0.9993742438705915f,0.035355494472541577f,0.0010534223679483368f,0.3857749875066727f,0.03454859471355316f,0.9693143739366562f,0.24338454980361274f,4.979637317847733f,0.007583883662204936f,0.24326864469222215f,-0.9699293021752704f,2.3005221396593756f,0f,0f,0f,1f], start_interpolation: 0, interpolation_duration: 1 }
$data merge entity $(bone_left_eye1) { transformation: [-0.9993742438705915f,0.035355494472541577f,0.0010534223679483368f,0.054919001546695365f,0.03454859471355316f,0.9693143739366562f,0.24338454980361274f,4.9615342130110465f,0.007583883662204936f,0.24326864469222215f,-0.9699293021752704f,1.7282664972923556f,0f,0f,0f,1f], start_interpolation: 0, interpolation_duration: 1 }
$data merge entity $(bone_crest_middle5) { transformation: [-0.9993742438705915f,0.034745430413925714f,-0.006623877522588843f,0.10340899302087588f,0.03454859471355316f,0.9990158109163083f,0.027817335288445932f,6.188682006064145f,0.007583883662204936f,0.027571082760425192f,-0.9995910764427698f,2.5277799232690135f,0f,0f,0f,1f], start_interpolation: 0, interpolation_duration: 1 }
$data merge entity $(bone_crest_middle4) { transformation: [-0.9993742438705915f,0.034745430413925714f,-0.006623877522588843f,0.07999654479274233f,0.03454859471355316f,0.9990158109163083f,0.027817335288445932f,5.515517055349054f,0.007583883662204936f,0.027571082760425192f,-0.9995910764427698f,2.5092017522683365f,0f,0f,0f,1f], start_interpolation: 0, interpolation_duration: 1 }
$data merge entity $(bone_crest_middle1) { transformation: [-0.9993742438705915f,0.034745430413925714f,-0.006623877522588843f,0.06299513037350762f,0.03454859471355316f,0.9990158109163083f,0.027817335288445932f,5.008300319455893f,0.007583883662204936f,0.027571082760425192f,-0.9995910764427698f,2.579462555846642f,0f,0f,0f,1f], start_interpolation: 0, interpolation_duration: 1 }
$data merge entity $(bone_crest_left5) { transformation: [-0.5667819114241983f,-0.8166813978389217f,0.10858065806669533f,-1.023181773203297f,-0.7989485048731233f,0.5770133808654996f,0.16951945275739605f,5.581168188491341f,-0.20109587624646386f,0.009330205036894912f,-0.9795271286853855f,2.4760089696977814f,0f,0f,0f,1f], start_interpolation: 0, interpolation_duration: 1 }
$data merge entity $(bone_crest_left4) { transformation: [-0.5667819114241983f,-0.8166813978389217f,0.10858065806669533f,-0.5645960273464807f,-0.7989485048731233f,0.5770133808654996f,0.16951945275739605f,5.257161651384249f,-0.20109587624646386f,0.009330205036894912f,-0.9795271286853855f,2.4707698408928844f,0f,0f,0f,1f], start_interpolation: 0, interpolation_duration: 1 }
$data merge entity $(bone_crest_left1) { transformation: [-0.5667819114241983f,-0.8166813978389217f,0.10858065806669533f,-0.054054648467621105f,-0.7989485048731233f,0.5770133808654996f,0.16951945275739605f,4.910273375149993f,-0.20109587624646386f,0.009330205036894912f,-0.9795271286853855f,2.4100040551651056f,0f,0f,0f,1f], start_interpolation: 0, interpolation_duration: 1 }
$data merge entity $(bone_crest_center1) { transformation: [-0.9993742438705915f,0.035355494472541577f,0.0010534223679483368f,0.05718712945215858f,0.03454859471355316f,0.9693143739366562f,0.24338454980361274f,4.8791791174009225f,0.007583883662204936f,0.24326864469222215f,-0.9699293021752704f,2.4023223846248776f,0f,0f,0f,1f], start_interpolation: 0, interpolation_duration: 1 }
$data merge entity $(bone_crest_right5) { transformation: [-0.5071448682229456f,0.8546243476581564f,-0.11145091756015955f,1.1844447691565667f,0.8360743976901739f,0.519235961447546f,0.17712599432792414f,5.504850037249542f,0.209245511689365f,-0.0033527197188343433f,-0.9778573899645808f,2.4592561036222973f,0f,0f,0f,1f], start_interpolation: 0, interpolation_duration: 1 }
$data merge entity $(bone_crest_right4) { transformation: [-0.5071448682229456f,0.8546243476581564f,-0.11145091756015955f,0.7045531676883636f,0.8360743976901739f,0.519235961447546f,0.17712599432792414f,5.213286875303899f,0.209245511689365f,-0.0033527197188343433f,-0.9778573899645808f,2.461138734323791f,0f,0f,0f,1f], start_interpolation: 0, interpolation_duration: 1 }
$data merge entity $(bone_crest_right1) { transformation: [-0.5071448682229456f,0.8546243476581564f,-0.11145091756015955f,0.17041417583925f,0.8360743976901739f,0.519235961447546f,0.17712599432792414f,4.902513436884253f,0.209245511689365f,-0.0033527197188343433f,-0.9778573899645808f,2.4083006437956653f,0f,0f,0f,1f], start_interpolation: 0, interpolation_duration: 1 }
$data merge entity $(bone_head1) { transformation: [-1.0475211800987314f,0.0370588190760364f,0.0011041731851541806f,0.0535843811517307f,0.03621304524011756f,1.0160131133059997f,0.25511010754154706f,5.057437681028065f,0.007949253057389284f,0.25498861845994625f,-1.0166576669936098f,1.115504553253624f,0f,0f,0f,1f], start_interpolation: 0, interpolation_duration: 1 }
$data merge entity $(bone_neck10) { transformation: [-1.4933346095351248f,0.05288970516652095f,-0.09668870014640799f,-0.03117322925254129f,0.03639546888958872f,1.476663582948881f,0.24563044257768268f,4.78945029648f,0.10402593663558375f,0.24261414543261828f,-1.4739441178779868f,-0.007464874364226937f,0f,0f,0f,1f], start_interpolation: 0, interpolation_duration: 1 }
$data merge entity $(bone_neck9) { transformation: [-1.1424009762943712f,0.045254222031957746f,-0.07113517588708324f,-0.08536316047527748f,0.02784253370053539f,1.114782685481157f,0.2620543950539489f,3.3558030309131355f,0.07957984152622162f,0.25961465297289893f,-1.1128591237362253f,-0.28379437698967536f,0f,0f,0f,1f], start_interpolation: 0, interpolation_duration: 1 }
$data merge entity $(bone_neck8) { transformation: [-1.0602636243169545f,0.004812153683795997f,-0.0781538708197984f,-0.0864935295118674f,0.02677074081628066f,1.0194741345033322f,-0.30040964350657573f,2.6046090582097743f,0.07358336621371525f,-0.3015617178166418f,-1.0168265122237188f,-0.02678615695912112f,0f,0f,0f,1f], start_interpolation: 0, interpolation_duration: 1 }
$data merge entity $(bone_neck7) { transformation: [-1.0521108266061212f,-0.03915719892974458f,-0.07717600121906112f,-0.04943427867898927f,0f,0.9414209880973167f,-0.4776537825914037f,1.7628806586344803f,0.08654144320606234f,-0.4760460584815846f,-0.9382522803947578f,0.4237545040550882f,0f,0f,0f,1f], start_interpolation: 0, interpolation_duration: 1 }
$data merge entity $(bone_neck6) { transformation: [-1.0461414034764411f,-0.02227148958633099f,-0.0831183306964284f,-0.030460871642882734f,0f,1.01390768862361f,-0.27167574636640235f,0.8646343484816743f,0.08605042792546055f,-0.27076131908998324f,-1.010494999568187f,0.6544200236115505f,0f,0f,0f,1f], start_interpolation: 0, interpolation_duration: 1 }
$data merge entity $(bone_neck_spine6) { transformation: [-1.223292954121574f,-0.3079276303628484f,-0.16947062097114055f,-0.14298094228461f,-0.17304957300028925f,-0.006507335029564293f,1.260950779527869f,0.32961358280735614f,-0.30593064932700104f,1.2349589457008856f,-0.03561191868497776f,-2.0085200453561103f,0f,0f,0f,1f], start_interpolation: 0, interpolation_duration: 1 }
$data merge entity $(bone_neck_spine7) { transformation: [-0.9091742960068224f,-0.4161218515614585f,-0.01564302188078244f,1.0157143099361345f,-0.10279868992498911f,0.18788214704726797f,0.9767971786254372f,0.6010739794041235f,-0.40352760603235693f,0.8896869693740445f,-0.21359439996362892f,-5.40689669995854f,0f,0f,0f,1f], start_interpolation: 0, interpolation_duration: 1 }
$data merge entity $(bone_tail6) { transformation: [-1.5881089074492065f,-0.5444458744678372f,-0.3831327777449594f,2.2657077762565825f,-0.49212640187876083f,0.2926491055149216f,1.6240289539113233f,-0.23663157650276662f,-0.4483565993508748f,1.607245198575312f,-0.4254893288935118f,-9.058638655332668f,0f,0f,0f,1f], start_interpolation: 0, interpolation_duration: 1 }
$data merge entity $(bone_tail5) { transformation: [-1.3119160539797792f,-0.4497596354299525f,-0.31650099031105344f,1.981649059142928f,-0.4065392015520198f,0.2417536089036309f,1.341589135839789f,-0.08394508666889446f,-0.3703815385942009f,1.3277242944752576f,-0.3514911847381184f,-8.220075943032505f,0f,0f,0f,1f], start_interpolation: 0, interpolation_duration: 1 }
$data merge entity $(bone_tail4) { transformation: [-0.966674987142995f,-0.33140183663259654f,-0.23321125601867093f,1.839619700586101f,-0.2995552011435935f,0.17813423813951748f,0.9885393632503706f,-0.0076018417519583825f,-0.27291271264835854f,0.9783231643501897f,-0.2589935045438767f,-7.800794586882424f,0f,0f,0f,1f], start_interpolation: 0, interpolation_duration: 1 }
$data merge entity $(bone_segment18) { transformation: [-0.9222439628892177f,-0.31616970252650206f,-0.22249222934452084f,1.6620830023900672f,-0.2857868254388569f,0.16994670172813595f,0.9431033925171238f,0.0878272143942117f,-0.26036889852663275f,0.933356758038442f,-0.24708945526670476f,-7.276692891694823f,0f,0f,0f,1f], start_interpolation: 0, interpolation_duration: 1 }
$data merge entity $(bone_segment17) { transformation: [-0.9222439628892177f,-0.31616970252650206f,-0.22249222934452084f,1.4312852947352228f,-0.2857868254388569f,0.16994670172813595f,0.9431033925171238f,0.21188498738423298f,-0.26036889852663275f,0.933356758038442f,-0.24708945526670476f,-6.595360687950939f,0f,0f,0f,1f], start_interpolation: 0, interpolation_duration: 1 }
$data merge entity $(bone_segment16) { transformation: [-0.9581876071443033f,-0.2605190859253651f,-0.11834828001997705f,1.1825964212078355f,-0.1122533326056628f,-0.03820664785974001f,0.9929448329984119f,0.17541330937359245f,-0.26320277132658987f,0.9647124223974384f,0.0073650008872259f,-5.674456007390884f,0f,0f,0f,1f], start_interpolation: 0, interpolation_duration: 1 }
$data merge entity $(bone_segment15) { transformation: [-0.9091742960068224f,-0.3978941313207368f,-0.12281025910328229f,0.7133999724092126f,-0.10279868992498911f,-0.07133349489907553f,0.9921410997711915f,0.09129690791789546f,-0.40352760603235693f,0.9146539196690732f,0.02395158457795979f,-4.595896819890487f,0f,0f,0f,1f], start_interpolation: 0, interpolation_duration: 1 }
$data merge entity $(bone_segment14) { transformation: [-0.964769539303526f,-0.3653722164166523f,-0.18546718720037073f,0.30235622894047876f,-0.11447935483842454f,-0.2151961425526265f,1.019441168273785f,-0.15079875245380933f,-0.39343285497402536f,0.9585765288835443f,0.1581670791464989f,-3.5174982248964994f,0f,0f,0f,1f], start_interpolation: 0, interpolation_duration: 1 }
$data merge entity $(bone_segment13) { transformation: [-0.9858302042038567f,-0.2206677158530328f,-0.17758991942893462f,0.041449517683485745f,-0.139457597064939f,-0.18162193070843727f,0.9998293177986933f,-0.39690773432848087f,-0.24654411151646555f,0.9850953483237713f,0.14455714306325973f,-2.3350263261689235f,0f,0f,0f,1f], start_interpolation: 0, interpolation_duration: 1 }
$data merge entity $(bone_segment12) { transformation: [-1.10186467894517f,-0.0989365159079457f,-0.1434561825252959f,-0.07807110556101242f,-0.14736864912319286f,0.03888335193738874f,1.1050992930001335f,-0.3499345574913669f,-0.09300855735006036f,1.1104834676634254f,-0.05147579525903964f,-0.9935026739580737f,0f,0f,0f,1f], start_interpolation: 0, interpolation_duration: 1 }
$data merge entity $(bone_segment11) { transformation: [-1.1865882253541986f,0.004688253687946278f,-0.09544236276139972f,-0.0739483299276658f,-0.08275937527648577f,0.5439878229096696f,1.0556282372176253f,0.2786404410361061f,0.04777143640259266f,1.0588569826396304f,-0.5419064689230767f,0.23022885212042254f,0f,0f,0f,1f], start_interpolation: 0, interpolation_duration: 1 }
$data merge entity $(bone_segment10) { transformation: [-1.0447942496435887f,0.044288901843519905f,-0.07154486082423575f,-0.023981011337377192f,0.005390778610645441f,0.9246335200325639f,0.493658780093431f,1.2251451931885038f,0.08397090831255316f,0.4916976152381244f,-0.9218771825744899f,0.7331976696704973f,0f,0f,0f,1f], start_interpolation: 0, interpolation_duration: 1 }