# This file was generated by Animated Java via MC-Build. It is not recommended to edit this file directly.
$data merge entity $(bone_neck_spine5) { transformation: [-1.5658438974047737f,0.027570330431301828f,-0.13925502287809668f,0.0009383133781763475f,0.03121138382687805f,1.5714510812476932f,-0.03983144890296118f,4.1893867116401475f,0.13848441802773942f,-0.04243314367339212f,-1.5655799851295216f,-0.868140442686506f,0f,0f,0f,1f], start_interpolation: 0, interpolation_duration: 1 }
$data merge entity $(bone_neck_spine2) { transformation: [-1.4912799022902603f,0.03536918447805187f,-0.13048967583122054f,0.06315014504656971f,0.029725127454169564f,1.4956589312021369f,0.06568911627615466f,5.799412983451946f,0.13188992193118038f,0.06283043839307771f,-1.490252215629404f,0.7474613115935498f,0f,0f,0f,1f], start_interpolation: 0, interpolation_duration: 1 }
$data merge entity $(bone_scale_neck_left1) { transformation: [-1.5696797379710903f,0.49825125130908127f,-0.03010467753716762f,0.8218303388029785f,0.45131503364266473f,1.459080901960153f,0.616808513868721f,4.8845890258017715f,0.21324948170816868f,0.5795547367952008f,-1.52698920966951f,0.606781768694861f,0f,0f,0f,1f], start_interpolation: 0, interpolation_duration: 1 }
$data merge entity $(bone_scale_neck_right1) { transformation: [-1.5993449600945107f,-0.33075840550245666f,-0.2138916937317409f,-0.7440135586017945f,-0.3881480433876882f,1.475605243012168f,0.6204718720836444f,4.91580040962865f,0.06702145829709864f,0.6528729775554701f,-1.5107349470185882f,0.7452661867226004f,0f,0f,0f,1f], start_interpolation: 0, interpolation_duration: 1 }
$data merge entity $(bone_blush_right1) { transformation: [-0.9993228402476779f,0.035644104835566355f,-0.009130101302027821f,-0.5851202700508968f,0.0322188294142835f,0.9675178096288493f,0.2507413709027039f,4.4357292708503255f,0.01777098732449707f,0.2502774177617013f,-0.9680110568418354f,2.019595241666053f,0f,0f,0f,1f], start_interpolation: 0, interpolation_duration: 1 }
$data merge entity $(bone_blush_left1) { transformation: [-0.9993228402476779f,0.035644104835566355f,-0.009130101302027821f,0.7391776735195124f,0.0322188294142835f,0.9675178096288493f,0.2507413709027039f,4.39303302913628f,0.01777098732449707f,0.2502774177617013f,-0.9680110568418354f,1.996045212565133f,0f,0f,0f,1f], start_interpolation: 0, interpolation_duration: 1 }
$data merge entity $(bone_left_head_scales) { transformation: [-0.8821943735272131f,0.035644104835566355f,-0.4695344344213739f,0.7728313016966294f,-0.0872010295721842f,0.9675178096288493f,0.23728731211875842f,5.197498310335146f,0.46274082136599887f,0.2502774177617013f,-0.8504305653021035f,1.7980506354594696f,0f,0f,0f,1f], start_interpolation: 0, interpolation_duration: 1 }
$data merge entity $(bone_left_head_scales2) { transformation: [-0.8133605365252258f,0.035644104835566355f,-0.5806669746195905f,0.7423453310187766f,-0.11742722198884012f,0.9675178096288493f,0.2238752679216212f,4.286004881292903f,0.5697854729276454f,0.2502774177617013f,-0.7827552165263123f,1.7362602867919419f,0f,0f,0f,1f], start_interpolation: 0, interpolation_duration: 1 }
$data merge entity $(bone_left_head_scales1) { transformation: [-0.9993228402476779f,0.035644104835566355f,-0.009130101302027821f,0.7688283016418539f,0.0322188294142835f,0.9675178096288493f,0.2507413709027039f,5.088841525074094f,0.01777098732449707f,0.2502774177617013f,-0.9680110568418354f,1.769943308269435f,0f,0f,0f,1f], start_interpolation: 0, interpolation_duration: 1 }
$data merge entity $(bone_right_head_scales) { transformation: [-0.8906259967570265f,0.035644104835566355f,0.4533374368955474f,-0.5739123697309053f,0.1443579310177654f,0.9675178096288493f,0.20753331251455537f,5.24091821716299f,-0.43121470481979535f,0.2502774177617013f,-0.8668420228079113f,1.8219998175959988f,0f,0f,0f,1f], start_interpolation: 0, interpolation_duration: 1 }
$data merge entity $(bone_right_head_scales2) { transformation: [-0.8238341584619081f,0.035644104835566355f,0.5657090923273471f,-0.6043983404087581f,0.17021146194745737f,0.9675178096288493f,0.18691534520392722f,4.329424788120746f,-0.5406711917358543f,0.2502774177617013f,-0.8031412556863615f,1.760209468928471f,0f,0f,0f,1f], start_interpolation: 0, interpolation_duration: 1 }
$data merge entity $(bone_right_head_scales1) { transformation: [-0.9993228402476779f,0.035644104835566355f,-0.009130101302027821f,-0.5779153697856808f,0.0322188294142835f,0.9675178096288493f,0.2507413709027039f,5.132261431901937f,0.01777098732449707f,0.2502774177617013f,-0.9680110568418354f,1.793892490405964f,0f,0f,0f,1f], start_interpolation: 0, interpolation_duration: 1 }
$data merge entity $(bone_head_left_fin1) { transformation: [-0.7109138615851923f,0.053755461748698295f,-0.7683664684012362f,0.7530480526470004f,0.10246429065315629f,1.0429282498634382f,-0.021838791241849835f,4.702498411413592f,0.7633988135779024f,-0.08992337846268794f,-0.7126087534256651f,1.5830071347028498f,0f,0f,0f,1f], start_interpolation: 0, interpolation_duration: 1 }
$data merge entity $(bone_head_right_fin1) { transformation: [-0.7427013206619013f,0.010354549896822171f,0.7395692865504055f,-0.5936956187805343f,-0.05559877562177347f,1.0443275239709262f,-0.07045563746988603f,4.7459183182414355f,-0.7375491322356774f,-0.08915157877661234f,-0.7394244191025948f,1.606956316839379f,0f,0f,0f,1f], start_interpolation: 0, interpolation_duration: 1 }
$data merge entity $(bone_right_whisker16) { transformation: [0.26616132319420693f,0.883084456589699f,-0.3864194515875002f,-1.174087682855255f,0.9619799308037243f,-0.2688224349785402f,0.048260865958565546f,2.0099681857207803f,-0.061259797309255695f,-0.38457293324138647f,-0.92105965944218f,1.6082610983246561f,0f,0f,0f,1f], start_interpolation: 0, interpolation_duration: 1 }
$data merge entity $(bone_right_whisker15) { transformation: [-0.8407885226121506f,0.37914992770471706f,-0.3864194515875002f,-0.8908142059986224f,0.3920861991413876f,0.918661690319015f,0.048260865958565546f,1.8778688315178715f,0.37328685040667675f,-0.11093255185795692f,-0.92105965944218f,1.482495509076313f,0f,0f,0f,1f], start_interpolation: 0, interpolation_duration: 1 }
$data merge entity $(bone_right_whisker14) { transformation: [-0.6989591158510456f,-0.6017775019087533f,-0.3864194515875002f,-0.6553250507558388f,-0.6668874556547238f,0.7435939821618369f,0.048260865958565546f,2.102552593432793f,0.2582968754342435f,0.2914306570852865f,-0.92105965944218f,1.3954716594427057f,0f,0f,0f,1f], start_interpolation: 0, interpolation_duration: 1 }
$data merge entity $(bone_right_whisker13) { transformation: [-0.12800769962086217f,-0.9790496043512223f,-0.15835372132504422f,-0.6121974566452945f,-0.9652739634935884f,0.08632673097869877f,0.24656413145449624f,2.4277669658988943f,-0.22772835624742452f,0.18441683149389043f,-0.9561015782973061f,1.4721965450924728f,0f,0f,0f,1f], start_interpolation: 0, interpolation_duration: 1 }
$data merge entity $(bone_right_whisker12) { transformation: [0.013182081513995567f,-0.9918286659816252f,-0.12689416875517925f,-0.6181190948254096f,-0.8905110346293338f,-0.06936266207088942f,0.44964310104107374f,2.8278012197362905f,-0.45477063441954124f,0.10707342549647468f,-0.8841487157837751f,1.676488041023126f,0f,0f,0f,1f], start_interpolation: 0, interpolation_duration: 1 }
$data merge entity $(bone_right_whisker11) { transformation: [0.26419830210067f,-0.9573384308198212f,-0.11705719133212396f,-0.7368019258471951f,-0.9461562114958757f,-0.2808045359326323f,0.16105041461427852f,3.2528323303692037f,-0.18704994149930942f,0.06820514258544882f,-0.9799797844394563f,1.760514381931019f,0f,0f,0f,1f], start_interpolation: 0, interpolation_duration: 1 }
$data merge entity $(bone_right_whisker10) { transformation: [0.06662182511633442f,-0.9977403370928396f,-0.008703571452872122f,-0.7667296988486734f,-0.9943766689845975f,-0.06567250000470844f,-0.08307925687094248f,3.6995249746396284f,0.08231994045955696f,0.014189520111627255f,-0.9965049347202133f,1.7235347211777023f,0f,0f,0f,1f], start_interpolation: 0, interpolation_duration: 1 }
$data merge entity $(bone_right_whisker1) { transformation: [-0.3673206966137445f,-0.9294470256995158f,-0.034694844826243784f,-0.6017223546667179f,-0.9177940315696471f,0.3561641413916867f,0.17550276351629474f,4.111815262258806f,-0.15076346193400875f,0.09630851886020411f,-0.9838673933720062f,1.7912604950933704f,0f,0f,0f,1f], start_interpolation: 0, interpolation_duration: 1 }
$data merge entity $(bone_left_whisker16) { transformation: [0.249780247290486f,-0.9461389324388116f,0.20598773892406744f,1.2164416616267546f,-0.9682289611953898f,-0.24666707242373248f,0.04108569196692455f,1.981014344083629f,0.01193761977948787f,-0.20970568877703613f,-0.9776916780501657f,1.3797350026121207f,0f,0f,0f,1f], start_interpolation: 0, interpolation_duration: 1 }
$data merge entity $(bone_left_whisker15) { transformation: [-0.9054417181415526f,-0.37113925481121446f,0.20598773892406744f,0.9113856140107042f,-0.3709360409266412f,0.9277491145009342f,0.04108569196692455f,1.856040775607368f,-0.2063534554848607f,-0.03920757683035729f,-0.9776916780501657f,1.3102116216138033f,0f,0f,0f,1f], start_interpolation: 0, interpolation_duration: 1 }
$data merge entity $(bone_left_whisker14) { transformation: [-0.7190226017388783f,0.6637586531274788f,0.20598773892406744f,0.6691367882295395f,0.6840619020551594f,0.7282659404862183f,0.04108569196692455f,2.0865108500302485f,-0.12274287085338914f,0.17044990562073944f,-0.9776916780501657f,1.268857822351675f,0f,0f,0f,1f], start_interpolation: 0, interpolation_duration: 1 }
$data merge entity $(bone_left_whisker13) { transformation: [-0.05934542001024784f,0.9980419094056272f,-0.01976026805934854f,0.6491424816831181f,0.9675431649022833f,0.06238040514772407f,0.24488550202998668f,2.412489748361584f,0.2456386475591334f,-0.00458607932506962f,-0.9693506190753394f,1.3516169370078284f,0f,0f,0f,1f], start_interpolation: 0, interpolation_duration: 1 }
$data merge entity $(bone_left_whisker12) { transformation: [0.12046161019166532f,0.9921976825713593f,-0.03213657060197414f,0.7032560956364052f,0.8888923561996454f,-0.0933929818963033f,0.4484954069133368f,2.8117968614981437f,0.4419947732268721f,-0.08259243084291173f,-0.8932072048565127f,1.5501692765433372f,0f,0f,0f,1f], start_interpolation: 0, interpolation_duration: 1 }
$data merge entity $(bone_left_whisker11) { transformation: [0.3174793133770891f,0.9459042911329275f,-0.06687269692427672f,0.8458737559425196f,0.9391109929959252f,-0.30385641291363724f,0.16044258526172134f,3.233663127883032f,0.1314436320702513f,-0.1137380866182094f,-0.9847772434619967f,1.6092162206373954f,0f,0f,0f,1f], start_interpolation: 0, interpolation_duration: 1 }
$data merge entity $(bone_left_whisker10) { transformation: [0.07366776936895392f,0.9804937849783963f,-0.18222238439593882f,0.8789666992137293f,0.9926774960748637f,-0.0896326649881973f,-0.08097761513932478f,3.6795924718229123f,-0.09573112630039204f,-0.17492261999482014f,-0.9799171538815952f,1.5662120037446412f,0f,0f,0f,1f], start_interpolation: 0, interpolation_duration: 1 }
$data merge entity $(bone_left_whisker1) { transformation: [-0.3099744045909965f,0.9391376605451587f,-0.14810915921786752f,0.7397203846513676f,0.9259973590657795f,0.3335320389178062f,0.176876425841696f,4.095567847965743f,0.21551046262689694f,-0.08232152550273512f,-0.9730253886395992f,1.6630233443778175f,0f,0f,0f,1f], start_interpolation: 0, interpolation_duration: 1 }
$data merge entity $(bone_upper_left_tooth1) { transformation: [-0.9993228402476779f,0.03471272749507796f,-0.012201946941639839f,0.39591996451829964f,0.0322188294142835f,0.9856896626801895f,0.16546249096573978f,4.307437227580043f,0.01777098732449707f,0.16495731397930397f,-0.9861405967580108f,2.755296940482194f,0f,0f,0f,1f], start_interpolation: 0, interpolation_duration: 1 }
$data merge entity $(bone_upper_right_tooth1) { transformation: [-0.9993228402476779f,0.03471272749507796f,-0.012201946941639839f,-0.2774518711954676f,0.0322188294142835f,0.9856896626801895f,0.16546249096573978f,4.329147180993965f,0.01777098732449707f,0.16495731397930397f,-0.9861405967580108f,2.7672715315504584f,0f,0f,0f,1f], start_interpolation: 0, interpolation_duration: 1 }
$data merge entity $(bone_top_lip1) { transformation: [-0.9993228402476779f,0.02624973239987026f,-0.025783958351062716f,0.09157980782943682f,0.0322188294142835f,0.9627054685961719f,-0.2686263720601507f,4.439154937809322f,0.01777098732449707f,-0.2692751980483171f,-0.96289929884986f,2.78116331589238f,0f,0f,0f,1f], start_interpolation: 0, interpolation_duration: 1 }
$data merge entity $(bone_muzzle1) { transformation: [-0.9993228402476779f,0.03471272749507796f,-0.012201946941639839f,0.09057573165898569f,0.0322188294142835f,0.9856896626801895f,0.16546249096573978f,4.698112358822636f,0.01777098732449707f,0.16495731397930397f,-0.9861405967580108f,2.2552104775384483f,0f,0f,0f,1f], start_interpolation: 0, interpolation_duration: 1 }
$data merge entity $(bone_jaw_right_tooth1) { transformation: [-0.9993228402476779f,0.02291758434680255f,-0.02878619959323088f,-0.282727186861894f,0.0322188294142835f,0.9228694575060453f,-0.383762832272317f,4.152252066270146f,0.01777098732449707f,-0.38443042118204473f,-0.9229829051934318f,2.791333790035168f,0f,0f,0f,1f], start_interpolation: 0, interpolation_duration: 1 }
$data merge entity $(bone_jaw_left_tooth1) { transformation: [-0.9993228402476779f,0.02291758434680255f,-0.02878619959323088f,0.4467589684946872f,0.0322188294142835f,0.9228694575060453f,-0.383762832272317f,4.128732950071731f,0.01777098732449707f,-0.38443042118204473f,-0.9229829051934318f,2.778361316377881f,0f,0f,0f,1f], start_interpolation: 0, interpolation_duration: 1 }
$data merge entity $(bone_tongue1) { transformation: [-0.9993228402476779f,0.03312066621438413f,-0.01602755217834243f,0.06892798769267587f,0.0322188294142835f,0.9980433432446844f,0.05358574471019478f,4.176383661546218f,0.01777098732449707f,0.05303306963101631f,-0.9984346175564146f,1.9837794647757105f,0f,0f,0f,1f], start_interpolation: 0, interpolation_duration: 1 }
$data merge entity $(bone_jaw_lips1) { transformation: [-0.9993228402476779f,0.03312066621438413f,-0.01602755217834243f,0.1351645261691108f,0.0322188294142835f,0.9980433432446844f,0.05358574471019478f,3.9975337272797535f,0.01777098732449707f,0.05303306963101631f,-0.9984346175564146f,2.8729634612973998f,0f,0f,0f,1f], start_interpolation: 0, interpolation_duration: 1 }
$data merge entity $(bone_jaw3) { transformation: [-0.9993228402476779f,0.027568085846363447f,-0.02436927578082021f,0.11094822610303753f,0.0322188294142835f,0.9754887132505117f,-0.217678013019308f,3.719799320565431f,0.01777098732449707f,-0.21831575976925766f,-0.9757163630102161f,2.014731782245544f,0f,0f,0f,1f], start_interpolation: 0, interpolation_duration: 1 }
$data merge entity $(bone_jaw1) { transformation: [-0.9993228402476779f,0.03672526060351954f,0.00226190028907341f,0.11298040214400193f,0.0322188294142835f,0.8436962832315427f,0.5358530849892102f,4.201229826610425f,0.01777098732449707f,0.5355631026264637f,-0.8443082109719342f,1.2561736239504468f,0f,0f,0f,1f], start_interpolation: 0, interpolation_duration: 1 }
$data merge entity $(bone_tear_right1) { transformation: [-0.9993228402476779f,0.035644104835566355f,-0.009130101302027821f,-0.5140726323601578f,0.0322188294142835f,0.9675178096288493f,0.2507413709027039f,4.788875368307221f,0.01777098732449707f,0.2502774177617013f,-0.9680110568418354f,2.2148139655538035f,0f,0f,0f,1f], start_interpolation: 0, interpolation_duration: 1 }
$data merge entity $(bone_right_pupil1) { transformation: [-0.9993228402476779f,0.035644104835566355f,-0.009130101302027821f,-0.3242775247116014f,0.0322188294142835f,0.9675178096288493f,0.2507413709027039f,4.874666269176557f,0.01777098732449707f,0.2502774177617013f,-0.9680110568418354f,2.3048555941276145f,0f,0f,0f,1f], start_interpolation: 0, interpolation_duration: 1 }
$data merge entity $(bone_right_sad_pupil1) { transformation: [-0.9993228402476779f,0.035644104835566355f,-0.009130101302027821f,-0.32438006002895814f,0.0322188294142835f,0.9675178096288493f,0.2507413709027039f,4.877482212306812f,0.01777098732449707f,0.2502774177617013f,-0.9680110568418354f,2.293984376204098f,0f,0f,0f,1f], start_interpolation: 0, interpolation_duration: 1 }
$data merge entity $(bone_right_happy_pupil1) { transformation: [-0.9993228402476779f,0.035644104835566355f,-0.009130101302027821f,-0.35343759792281304f,0.0322188294142835f,0.9675178096288493f,0.2507413709027039f,4.851222933506866f,0.01777098732449707f,0.2502774177617013f,-0.9680110568418354f,2.2874565692580986f,0f,0f,0f,1f], start_interpolation: 0, interpolation_duration: 1 }
$data merge entity $(bone_eyelid_right1) { transformation: [-0.9993228402476779f,0.035644104835566355f,-0.009130101302027821f,0.10057229445712934f,0.0322188294142835f,0.9675178096288493f,0.2507413709027039f,4.950020411169793f,0.01777098732449707f,0.2502774177617013f,-0.9680110568418354f,1.7286861141113263f,0f,0f,0f,1f], start_interpolation: 0, interpolation_duration: 1 }
$data merge entity $(bone_eyelid_expressions_right5) { transformation: [-0.9993228402476779f,0.035644104835566355f,-0.009130101302027821f,-0.449439636021009f,0.0322188294142835f,0.9675178096288493f,0.2507413709027039f,4.990300060393557f,0.01777098732449707f,0.2502774177617013f,-0.9680110568418354f,2.324386826962435f,0f,0f,0f,1f], start_interpolation: 0, interpolation_duration: 1 }
$data merge entity $(bone_eyelid_expressions_right7) { transformation: [-0.9993228402476779f,0.035644104835566355f,-0.009130101302027821f,-0.11275371816412523f,0.0322188294142835f,0.9675178096288493f,0.2507413709027039f,4.979445083686596f,0.01777098732449707f,0.2502774177617013f,-0.9680110568418354f,2.3183995314283026f,0f,0f,0f,1f], start_interpolation: 0, interpolation_duration: 1 }
$data merge entity $(bone_eyelid_expressions_right6) { transformation: [-0.9993228402476779f,0.035644104835566355f,-0.009130101302027821f,-0.22498235744975315f,0.0322188294142835f,0.9675178096288493f,0.2507413709027039f,4.983063409255584f,0.01777098732449707f,0.2502774177617013f,-0.9680110568418354f,2.3203952966063466f,0f,0f,0f,1f], start_interpolation: 0, interpolation_duration: 1 }
$data merge entity $(bone_right_eye1) { transformation: [-0.9993228402476779f,0.035644104835566355f,-0.009130101302027821f,0.08945196584592331f,0.0322188294142835f,0.9675178096288493f,0.2507413709027039f,4.947566300596437f,0.01777098732449707f,0.2502774177617013f,-0.9680110568418354f,1.7397569085526474f,0f,0f,0f,1f], start_interpolation: 0, interpolation_duration: 1 }
$data merge entity $(bone_tear_left1) { transformation: [-0.9993228402476779f,0.035644104835566355f,-0.009130101302027821f,0.6979966719246234f,0.0322188294142835f,0.9675178096288493f,0.2507413709027039f,4.749797452162162f,0.01777098732449707f,0.2502774177617013f,-0.9680110568418354f,2.193259701630927f,0f,0f,0f,1f], start_interpolation: 0, interpolation_duration: 1 }
$data merge entity $(bone_left_sad_pupil1) { transformation: [-0.9993228402476779f,0.035644104835566355f,-0.009130101302027821f,0.5173347346132511f,0.0322188294142835f,0.9675178096288493f,0.2507413709027039f,4.85034477053941f,0.01777098732449707f,0.2502774177617013f,-0.9680110568418354f,2.279016137368767f,0f,0f,0f,1f], start_interpolation: 0, interpolation_duration: 1 }
$data merge entity $(bone_left_pupil1) { transformation: [-0.9993228402476779f,0.035644104835566355f,-0.009130101302027821f,0.5174372699306078f,0.0322188294142835f,0.9675178096288493f,0.2507413709027039f,4.847528827409155f,0.01777098732449707f,0.2502774177617013f,-0.9680110568418354f,2.289887355292284f,0f,0f,0f,1f], start_interpolation: 0, interpolation_duration: 1 }
$data merge entity $(bone_eyelid_left1) { transformation: [-0.9993228402476779f,0.035644104835566355f,-0.009130101302027821f,0.07812656660000376f,0.0322188294142835f,0.9675178096288493f,0.2507413709027039f,4.95074407628359f,0.01777098732449707f,0.2502774177617013f,-0.9680110568418354f,1.7290852671469352f,0f,0f,0f,1f], start_interpolation: 0, interpolation_duration: 1 }
$data merge entity $(bone_left_happy_pupil1) { transformation: [-0.9993228402476779f,0.035644104835566355f,-0.009130101302027821f,0.54439151636221f,0.0322188294142835f,0.9675178096288493f,0.2507413709027039f,4.822276328954971f,0.01777098732449707f,0.2502774177617013f,-0.9680110568418354f,2.2714904478337457f,0f,0f,0f,1f], start_interpolation: 0, interpolation_duration: 1 }
$data merge entity $(bone_eyelid_expressions_left5) { transformation: [-0.9993228402476779f,0.035644104835566355f,-0.009130101302027821f,0.6504010289781443f,0.0322188294142835f,0.9675178096288493f,0.2507413709027039f,4.954840469817485f,0.01777098732449707f,0.2502774177617013f,-0.9680110568418354f,2.3048283282176025f,0f,0f,0f,1f], start_interpolation: 0, interpolation_duration: 1 }
$data merge entity $(bone_eyelid_expressions_left7) { transformation: [-0.9993228402476779f,0.035644104835566355f,-0.009130101302027821f,0.3137151111212607f,0.0322188294142835f,0.9675178096288493f,0.2507413709027039f,4.965695446524447f,0.01777098732449707f,0.2502774177617013f,-0.9680110568418354f,2.310815623751735f,0f,0f,0f,1f], start_interpolation: 0, interpolation_duration: 1 }
$data merge entity $(bone_eyelid_expressions_left6) { transformation: [-0.9993228402476779f,0.035644104835566355f,-0.009130101302027821f,0.42594375040688864f,0.0322188294142835f,0.9675178096288493f,0.2507413709027039f,4.96207712095546f,0.01777098732449707f,0.2502774177617013f,-0.9680110568418354f,2.308819858573691f,0f,0f,0f,1f], start_interpolation: 0, interpolation_duration: 1 }
$data merge entity $(bone_left_eye1) { transformation: [-0.9993228402476779f,0.035644104835566355f,-0.009130101302027821f,0.08945196584592331f,0.0322188294142835f,0.9675178096288493f,0.2507413709027039f,4.947566300596437f,0.01777098732449707f,0.2502774177617013f,-0.9680110568418354f,1.7397569085526474f,0f,0f,0f,1f], start_interpolation: 0, interpolation_duration: 1 }
$data merge entity $(bone_crest_middle5) { transformation: [-0.9993228402476779f,0.03282308162730107f,-0.016628477735549513f,0.14319689680751654f,0.0322188294142835f,0.9988541398745613f,0.03538861803778098f,6.168717212952265f,0.01777098732449707f,0.034828904202374666f,-0.9992352773203987f,2.548067885363957f,0f,0f,0f,1f], start_interpolation: 0, interpolation_duration: 1 }
$data merge entity $(bone_crest_middle4) { transformation: [-0.9993228402476779f,0.03282308162730107f,-0.016628477735549513f,0.1210797812578703f,0.0322188294142835f,0.9988541398745613f,0.03538861803778098f,5.495661200732101f,0.01777098732449707f,0.034828904202374666f,-0.9992352773203987f,2.524599190149466f,0f,0f,0f,1f], start_interpolation: 0, interpolation_duration: 1 }
$data merge entity $(bone_crest_middle1) { transformation: [-0.9993228402476779f,0.03282308162730107f,-0.016628477735549513f,0.10589254256826351f,0.0322188294142835f,0.9988541398745613f,0.03538861803778098f,4.9878884480818515f,0.01777098732449707f,0.034828904202374666f,-0.9992352773203987f,2.591162132007608f,0f,0f,0f,1f], start_interpolation: 0, interpolation_duration: 1 }
$data merge entity $(bone_crest_left5) { transformation: [-0.5669977037890872f,-0.8178138883375771f,0.09845835637504587f,-0.982515720026325f,-0.7986850798869038f,0.5750685095324546f,0.17719580274422797f,5.559055201152823f,-0.2015334886909682f,0.021832393050104593f,-0.9792382751658315f,2.502864341400125f,0f,0f,0f,1f], start_interpolation: 0, interpolation_duration: 1 }
$data merge entity $(bone_crest_left4) { transformation: [-0.5669977037890872f,-0.8178138883375771f,0.09845835637504587f,-0.5232940542117676f,-0.7986850798869038f,0.5750685095324546f,0.17719580274422797f,5.2361407548821575f,-0.2015334886909682f,0.021832393050104593f,-0.9792382751658315f,2.490604941005779f,0f,0f,0f,1f], start_interpolation: 0, interpolation_duration: 1 }
$data merge entity $(bone_crest_left1) { transformation: [-0.5669977037890872f,-0.8178138883375771f,0.09845835637504587f,-0.012621554343523564f,-0.7986850798869038f,0.5750685095324546f,0.17719580274422797f,4.890884823611177f,-0.2015334886909682f,0.021832393050104593f,-0.9792382751658315f,2.4221330763317295f,0f,0f,0f,1f], start_interpolation: 0, interpolation_duration: 1 }
$data merge entity $(bone_crest_center1) { transformation: [-0.9993228402476779f,0.035644104835566355f,-0.009130101302027821f,0.09860634773801061f,0.0322188294142835f,0.9675178096288493f,0.2507413709027039f,4.86010264942864f,0.01777098732449707f,0.2502774177617013f,-0.9680110568418354f,2.4131105692996235f,0f,0f,0f,1f], start_interpolation: 0, interpolation_duration: 1 }
$data merge entity $(bone_crest_right5) { transformation: [-0.5068738375651385f,0.8534058921960835f,-0.12156190174967009f,1.2249972712759511f,0.8333074087382792f,0.5211872783084739f,0.18428940140794903f,5.487883522059653f,0.22063017774974553f,-0.007886957234085487f,-0.9753256484742432f,2.4636080732482104f,0f,0f,0f,1f], start_interpolation: 0, interpolation_duration: 1 }
$data merge entity $(bone_crest_right4) { transformation: [-0.5068738375651385f,0.8534058921960835f,-0.12156190174967009f,0.7457898611072519f,0.8333074087382792f,0.5211872783084739f,0.18428940140794903f,5.19522464996261f,0.22063017774974553f,-0.007886957234085487f,-0.9753256484742432f,2.4680367845857094f,0f,0f,0f,1f], start_interpolation: 0, interpolation_duration: 1 }
$data merge entity $(bone_crest_right1) { transformation: [-0.5068738375651385f,0.8534058921960835f,-0.12156190174967009f,0.2118357242277322f,0.8333074087382792f,0.5211872783084739f,0.18428940140794903f,4.883648172473203f,0.22063017774974553f,-0.007886957234085487f,-0.9753256484742432f,2.418141545975641f,0f,0f,0f,1f], start_interpolation: 0, interpolation_duration: 1 }
$data merge entity $(bone_head1) { transformation: [-1.0474672999991932f,0.037361333844571486f,-0.009569962953297385f,0.08181102336391388f,0.03377103864387787f,1.014129995769822f,0.26282135882379754f,5.048114780129934f,0.018627141661744968f,0.2623350537736581f,-1.014647006194892f,1.1277862591642114f,0f,0f,0f,1f], start_interpolation: 0, interpolation_duration: 1 }
$data merge entity $(bone_neck10) { transformation: [-1.4912799022902603f,0.05209891671202497f,-0.12475671359334924f,-0.022707810084954955f,0.029725127454169564f,1.4742892114903776f,0.2603498019299073f,4.791327250557879f,0.13188992193118038f,0.256809862436282f,-1.4693018834577434f,0.0038657084696845923f,0f,0f,0f,1f], start_interpolation: 0, interpolation_duration: 1 }
$data merge entity $(bone_neck9) { transformation: [-1.1408291252520497f,0.045661572267825475f,-0.09280127312278494f,-0.07635484958694895f,0.02273972250243973f,1.113413291522204f,0.2682944199582626f,3.3591194074433908f,0.10089579027735304f,0.2653563859760279f,-1.109772128152706f,-0.27993301247266933f,0f,0f,0f,1f], start_interpolation: 0, interpolation_duration: 1 }
$data merge entity $(bone_neck8) { transformation: [-1.0588193771203795f,-0.0035179787671379766f,-0.09580860011879992f,-0.07071421625380855f,0.02341047176073202f,1.0207875680745875f,-0.2962006550857513f,2.6068129679339007f,0.09297103765834877f,-0.29710352082511937f,-1.0165510422339676f,-0.02625981355042345f,0f,0f,0f,1f], start_interpolation: 0, interpolation_duration: 1 }
$data merge entity $(bone_neck7) { transformation: [-1.0505230620322112f,-0.04699447612165107f,-0.09284087573112579f,-0.026232984936408646f,0f,0.9418736933959604f,-0.476760483411384f,1.7646560957531245f,0.10405723902002577f,-0.4744386975750482f,-0.9372868430234285f,0.4228061021570376f,0f,0f,0f,1f], start_interpolation: 0, interpolation_duration: 1 }
$data merge entity $(bone_neck6) { transformation: [-1.044562647495858f,-0.02677918959242078f,-0.09994129614443405f,-0.003419402474196212f,0f,1.01390768862361f,-0.27167574636640246f,0.8664097856003186f,0.10346684333764264f,-0.270352706974639f,-1.0089700383931335f,0.6531235190886503f,0f,0f,0f,1f], start_interpolation: 0, interpolation_duration: 1 }
$data merge entity $(bone_neck_spine6) { transformation: [-1.230161236698087f,-0.2925309971035856f,-0.14530765972833276f,-0.17563152286885014f,-0.1513572214663012f,0.008768112443200408f,1.2637244479042473f,0.3280266843894457f,-0.289447217558131f,1.2386824066137676f,-0.04326167252997261f,-2.0135824304125527f,0f,0f,0f,1f], start_interpolation: 0, interpolation_duration: 1 }
$data merge entity $(bone_neck_spine7) { transformation: [-0.8856387354687671f,-0.46341055495964845f,0.029911332121344725f,1.0441772367766209f,-0.07381252419556258f,0.20407334845371314f,0.9761689299105812f,0.5492868659043126f,-0.4584710912469426f,0.8623251857639783f,-0.21494076506786158f,-5.3884988998689884f,0f,0f,0f,1f], start_interpolation: 0, interpolation_duration: 1 }
$data merge entity $(bone_tail6) { transformation: [-1.5663693632971372f,-0.6938371085956851f,-0.17429578878110294f,2.630903766612494f,-0.3281201793930617f,0.3239657310871628f,1.6591218431698598f,-0.35519958626424847f,-0.6357091340592117f,1.5423806953355796f,-0.4268929901707778f,-8.894804206340954f,0f,0f,0f,1f], start_interpolation: 0, interpolation_duration: 1 }
$data merge entity $(bone_tail5) { transformation: [-1.2939573001150262f,-0.573169785361653f,-0.1439834776887372f,2.2689017969103973f,-0.2710558003681814f,0.2676238648111345f,1.3705789139229276f,-0.18617398743616353f,-0.5251510237880445f,1.2741405744076528f,-0.35265073101064254f,-8.090083843557172f,0f,0f,0f,1f], start_interpolation: 0, interpolation_duration: 1 }
$data merge entity $(bone_tail4) { transformation: [-0.9534422211373876f,-0.42233563131911267f,-0.10609308882328004f,2.087900812059349f,-0.199725326587081f,0.19719653196609907f,1.0099002523642624f,-0.10166118802212105f,-0.38695338594908535f,0.938840423247744f,-0.2598479070604734f,-7.687723662165283f,0f,0f,0f,1f], start_interpolation: 0, interpolation_duration: 1 }
$data merge entity $(bone_segment18) { transformation: [-0.909619410973309f,-0.4029239314945075f,-0.10121676051711687f,1.8616495809955387f,-0.1905454047439481f,0.18813284043473802f,0.963482476789756f,0.003979811245432036f,-0.3691679508185063f,0.895688751620208f,-0.2479045871086256f,-7.18477343542542f,0f,0f,0f,1f], start_interpolation: 0, interpolation_duration: 1 }
$data merge entity $(bone_segment17) { transformation: [-0.909619410973309f,-0.4029239314945075f,-0.10121676051711687f,1.5675229806125848f,-0.1905454047439481f,0.18813284043473802f,0.963482476789756f,0.14131311029325122f,-0.3691679508185063f,0.895688751620208f,-0.2479045871086256f,-6.530938140663597f,0f,0f,0f,1f], start_interpolation: 0, interpolation_duration: 1 }
$data merge entity $(bone_segment16) { transformation: [-0.9247887084075121f,-0.371465708920763f,-0.08233511946891255f,1.2129255875754303f,-0.07874058947652383f,-0.024862434387935704f,0.9965850585500444f,0.11757968293562704f,-0.3722442267797511f,0.9281137249563226f,-0.006256930305250034f,-5.64497020497531f,0f,0f,0f,1f], start_interpolation: 0, interpolation_duration: 1 }
$data merge entity $(bone_segment15) { transformation: [-0.8856387354687671f,-0.4553618456278649f,-0.09104734913036876f,0.675963254962494f,-0.07381252419556258f,-0.05553139256947631f,0.9957248493992578f,0.05209710820160102f,-0.4584710912469426f,0.8885729311574143f,0.01556934504590797f,-4.59716569875209f,0f,0f,0f,1f], start_interpolation: 0, interpolation_duration: 1 }
$data merge entity $(bone_segment14) { transformation: [-0.9607748180162893f,-0.38631303368664327f,-0.16232432687296328f,0.24136109206502032f,-0.09294463905871637f,-0.19946011202479413f,1.0248181086448824f,-0.17229551782629238f,-0.40859300185047615f,0.9537573599925984f,0.1485727267163724f,-3.5241886687604174f,0f,0f,0f,1f], start_interpolation: 0, interpolation_duration: 1 }
$data merge entity $(bone_segment13) { transformation: [-0.9913652319272818f,-0.21182970916155894f,-0.15625864157058234f,-0.009485182432661013f,-0.12197611376990154f,-0.16988688411974817f,1.0041682558699332f,-0.404389814462748f,-0.23326040473802326f,0.9891209393920443f,0.13900705975180186f,-2.3367165140308046f,0f,0f,0f,1f], start_interpolation: 0, interpolation_duration: 1 }
$data merge entity $(bone_segment12) { transformation: [-1.1062475907073865f,-0.07368927724370965f,-0.12353153307993159f,-0.09850578581432369f,-0.12672682976051852f,0.04606948157557857f,1.1073806006418403f,-0.348735407190237f,-0.06804748242681063f,1.1121696698248578f,-0.054055960344033864f,-0.9931558390746005f,0f,0f,0f,1f], start_interpolation: 0, interpolation_duration: 1 }
$data merge entity $(bone_segment11) { transformation: [-1.1867083453918834f,0.03391749796699518f,-0.08772540789454529f,-0.06012190558101338f,-0.06252715368395377f,0.5449392891078592f,1.0565293971869179f,0.28098665261957323f,0.07026022282051697f,1.0578343988543892f,-0.5414542700643621f,0.22938992941187664f,0f,0f,0f,1f], start_interpolation: 0, interpolation_duration: 1 }
$data merge entity $(bone_segment10) { transformation: [-1.0434556319725365f,0.058180058382015926f,-0.08056440241591249f,0.004371967159204293f,0.013347564757870878f,0.9241142946104853f,0.4944793332756924f,1.226920630307148f,0.09847529966952276f,0.49122606743576214f,-0.9206925458869356f,0.731782279995515f,0f,0f,0f,1f], start_interpolation: 0, interpolation_duration: 1 }