# This file was generated by Animated Java via MC-Build. It is not recommended to edit this file directly.
$data merge entity $(bone_neck_spine5) { transformation: [-1.359551501426165f,0.017534352202916534f,-0.1432268187838284f,-0.011996465104337065f,0.02037448857623333f,1.3667870011931555f,-0.026073621553765722f,3.6347831335696505f,0.1428504649672813f,-0.02806243073035817f,-1.3594145448671595f,-0.7800838293224002f,0f,0f,0f,1f], start_interpolation: 0, interpolation_duration: 1 }
$data merge entity $(bone_neck_spine2) { transformation: [-1.2948109537392045f,0.026629061212730606f,-0.1348202288988748f,0.05945261894764002f,0.01940427483450793f,1.3000329864955507f,0.0704181445797221f,5.023014873790974f,0.1360480618736012f,0.06801568985779954f,-1.2931688976069788f,0.636562606580428f,0f,0f,0f,1f], start_interpolation: 0, interpolation_duration: 1 }
$data merge entity $(bone_scale_neck_left1) { transformation: [-1.363233969430543f,0.43653356119974f,-0.04991004848420823f,0.7201523563144399f,0.3849547879415637f,1.2650792703553166f,0.5503123380053394f,4.231523701392339f,0.21180739891299585f,0.5103648773831422f,-1.3214101316783444f,0.4950210140933098f,0f,0f,0f,1f], start_interpolation: 0, interpolation_duration: 1 }
$data merge entity $(bone_scale_neck_right1) { transformation: [-1.3882869794025476f,-0.28325806393156355f,-0.20948400999090605f,-0.6393991451117249f,-0.3437199894948267f,1.2758661998891534f,0.5527037427092966f,4.251898189968572f,0.07729974156363009f,0.5859946480992212f,-1.3046434151736803f,0.637871479060591f,0f,0f,0f,1f], start_interpolation: 0, interpolation_duration: 1 }
$data merge entity $(bone_blush_right1) { transformation: [-0.9991919458349179f,0.03537945337518915f,-0.019072222143831724f,-0.48744356328381655f,0.02926906568379921f,0.9657020095079777f,0.2579979663219289f,3.8263424855267205f,0.02754591027046112f,0.2572312638679957f,-0.965957193521662f,1.7369113520155743f,0f,0f,0f,1f], start_interpolation: 0, interpolation_duration: 1 }
$data merge entity $(bone_blush_left1) { transformation: [-0.9991919458349179f,0.03537945337518915f,-0.019072222143831724f,0.6639690305493895f,0.02926906568379921f,0.9657020095079777f,0.2579979663219289f,3.792614460617655f,0.02754591027046112f,0.2572312638679957f,-0.965957193521662f,1.7051689944773476f,0f,0f,0f,1f], start_interpolation: 0, interpolation_duration: 1 }
$data merge entity $(bone_left_head_scales) { transformation: [-0.8774875082537743f,0.03537945337518915f,-0.4782927629992488f,0.6896655993012265f,-0.09316822482807481f,0.9657020095079777f,0.24236194155568033f,4.493505968172364f,0.470462915372687f,0.2572312638679957f,-0.8440952091724641f,1.5380204052965967f,0f,0f,0f,1f], start_interpolation: 0, interpolation_duration: 1 }
$data merge entity $(bone_left_head_scales2) { transformation: [-0.807550747857214f,0.03537945337518915f,-0.5887360052809132f,0.6648191838924604f,-0.12400573911943627f,0.9657020095079777f,0.22812760792524875f,3.701258602396318f,0.576614573437662f,0.2572312638679957f,-0.7754661247199499f,1.4785561161694998f,0f,0f,0f,1f], start_interpolation: 0, interpolation_duration: 1 }
$data merge entity $(bone_left_head_scales1) { transformation: [-0.9991919458349179f,0.03537945337518915f,-0.019072222143831724f,0.6862105745575557f,0.02926906568379921f,0.9657020095079777f,0.2579979663219289f,4.399199131306351f,0.02754591027046112f,0.2572312638679957f,-0.965957193521662f,1.5129001646844877f,0f,0f,0f,1f], start_interpolation: 0, interpolation_duration: 1 }
$data merge entity $(bone_right_head_scales) { transformation: [-0.895100652506224f,0.03537945337518915f,0.4444582276905282f,-0.4812624622240678f,0.14509218150514447f,0.9657020095079777f,0.21533204057532154f,4.5278056545205665f,-0.4215958737333784f,0.2572312638679957f,-0.8695337809078283f,1.5703007688947932f,0f,0f,0f,1f], start_interpolation: 0, interpolation_duration: 1 }
$data merge entity $(bone_right_head_scales2) { transformation: [-0.829429502278323f,0.03537945337518915f,0.557489905764406f,-0.506108877632834f,0.17195736909806206f,0.9657020095079777f,0.19455151514477229f,3.73555828874452f,-0.5314859960179632f,0.2572312638679957f,-0.8070654948179035f,1.5108364797676963f,0f,0f,0f,1f], start_interpolation: 0, interpolation_duration: 1 }
$data merge entity $(bone_right_head_scales1) { transformation: [-0.9991919458349179f,0.03537945337518915f,-0.019072222143831724f,-0.48471748696773864f,0.02926906568379921f,0.9657020095079777f,0.2579979663219289f,4.433498817654553f,0.02754591027046112f,0.2572312638679957f,-0.965957193521662f,1.5451805282826843f,0f,0f,0f,1f], start_interpolation: 0, interpolation_duration: 1 }
$data merge entity $(bone_head_left_fin1) { transformation: [-0.6715103006517648f,0.04773101305384693f,-0.7394563317136655f,0.6718573575146385f,0.09035598039977272f,0.9957508246738526f,-0.017778975429938698f,4.064445049640284f,0.7354656436058538f,-0.07875306695104647f,-0.672969718130936f,1.3479508267505849f,0f,0f,0f,1f], start_interpolation: 0, interpolation_duration: 1 }
$data merge entity $(bone_head_right_fin1) { transformation: [-0.7151111074301587f,0.006330349219931305f,0.6989821390484641f,-0.4990707040106559f,-0.049738045836860145f,0.9969635633815243f,-0.05991477351992483f,4.098744735988486f,-0.6972390055256108f,-0.07761172571439987f,-0.7126248586776146f,1.3802311903487814f,0f,0f,0f,1f], start_interpolation: 0, interpolation_duration: 1 }
$data merge entity $(bone_right_whisker16) { transformation: [0.2682510362346346f,0.8859377110967699f,-0.378359291699915f,-1.0046799960279882f,0.961709292701138f,-0.26918135672159504f,0.05154254093268601f,1.7228381516555942f,-0.0561837867299897f,-0.37769798682298783f,-0.9242227073917526f,1.3575714218135226f,0f,0f,0f,1f], start_interpolation: 0, interpolation_duration: 1 }
$data merge entity $(bone_right_whisker15) { transformation: [-0.843344604845378f,0.38159418740663753f,-0.378359291699915f,-0.7576063813271939f,0.3924067248981744f,0.9183465188744879f,0.05154254093268601f,1.6078752439705821f,0.36713327244051547f,-0.1050026066751541f,-0.9242227073917526f,1.2500128459032154f,0f,0f,0f,1f], start_interpolation: 0, interpolation_duration: 1 }
$data merge entity $(bone_right_whisker14) { transformation: [-0.702254614482709f,-0.6030611103545648f,-0.378359291699915f,-0.5518677247404628f,-0.6664663532821211f,0.7437512799431223f,0.05154254093268601f,1.8031290584087036f,0.2503219055148239f,0.28835972458179115f,-0.9242227073917526f,1.1766763501469193f,0f,0f,0f,1f], start_interpolation: 0, interpolation_duration: 1 }
$data merge entity $(bone_right_whisker13) { transformation: [-0.1276086280960438f,-0.9804658292992471f,-0.14967563466371375f,-0.5144823844779499f,-0.9644034207276102f,0.08741972640030188f,0.24956729257853455f,2.0856691230749957f,-0.23160759945288714f,0.17619463389285234f,-0.9567201110372013f,1.2445301390491323f,0f,0f,0f,1f], start_interpolation: 0, interpolation_duration: 1 }
$data merge entity $(bone_right_whisker12) { transformation: [0.01566144565765231f,-0.9928295596887382f,-0.11850816228504694f,-0.5206001366879703f,-0.8892237078419402f,-0.06802581498751811f,0.4523866553150252f,2.433022133950754f,-0.4572044581275907f,0.09829523845818046f,-0.8839129649262453f,1.4231256305052224f,0f,0f,0f,1f], start_interpolation: 0, interpolation_duration: 1 }
$data merge entity $(bone_right_whisker11) { transformation: [0.26426155009349633f,-0.9583496039975907f,-0.10831375563539393f,-0.6238273046932423f,-0.946052362075656f,-0.2794122079891827f,0.16405409546147026f,2.802573837886557f,-0.18748536303736893f,0.05911729479831533f,-0.9804868097544582f,1.4963621004416947f,0f,0f,0f,1f], start_interpolation: 0, interpolation_duration: 1 }
$data merge entity $(bone_right_whisker10) { transformation: [0.06428418885443005f,-0.9979316082356909f,-0.00021988054950745906f,-0.648938315964504f,-0.9947177069883366f,-0.06405948521838563f,-0.08020639474144742f,3.191135442178876f,0.08002641106030858f,0.005374722102909532f,-0.9967782531210857f,1.4651017836212616f,0f,0f,0f,1f], start_interpolation: 0, interpolation_duration: 1 }
$data merge entity $(bone_right_whisker1) { transformation: [-0.3675005403085618f,-0.9296626690932607f,-0.02589738533733115f,-0.5053834174064721f,-0.9167479208810545f,0.35742615570150466f,0.17838103256991084f,3.5492400987730375f,-0.1565777839707121f,0.08929650001449502f,-0.9836206243526935f,1.526264980484821f,0f,0f,0f,1f], start_interpolation: 0, interpolation_duration: 1 }
$data merge entity $(bone_left_whisker16) { transformation: [0.24808694509361712f,-0.9446911161212275f,0.21450306010811596f,1.0756383066757849f,-0.968671796448793f,-0.24449643999847798f,0.04354815257549344f,1.694786324165332f,0.011305681703653762f,-0.21858679271561698f,-0.9757520154278523f,1.176758181933738f,0f,0f,0f,1f], start_interpolation: 0, interpolation_duration: 1 }
$data merge entity $(bone_left_whisker15) { transformation: [-0.9042273083813057f,-0.3692714610984075f,0.21450306010811596f,0.8107279624234491f,-0.36884178016209873f,0.9284714856225339f,0.04354815257549344f,1.5867272088834672f,-0.21524106481885089f,-0.03974026175217857f,-0.9757520154278523f,1.1136992762250904f,0f,0f,0f,1f], start_interpolation: 0, interpolation_duration: 1 }
$data merge entity $(bone_left_whisker14) { transformation: [-0.7168165740104668f,0.6634473878373105f,0.21450306010811596f,0.6007231067563202f,0.6856016654717382f,0.7266731828749702f,0.04354815257549344f,1.7875870718146405f,-0.12698171335383412f,0.17827969279255879f,-0.9757520154278523f,1.0764976023909592f,0f,0f,0f,1f], start_interpolation: 0, interpolation_duration: 1 }
$data merge entity $(bone_left_whisker13) { transformation: [-0.059888439633930465f,0.9981447334344579f,-0.010975696573255426f,0.5831776654573172f,0.966931704688798f,0.06073936594580916f,0.2476970082421584f,2.0708678446726867f,0.2479041211150548f,0.004221438327890788f,-0.9687753744767752f,1.1491257628738853f,0f,0f,0f,1f], start_interpolation: 0, interpolation_duration: 1 }
$data merge entity $(bone_left_whisker12) { transformation: [0.11808492784687138f,0.9927211660485359f,-0.02367775949355249f,0.6293045903975013f,0.8874202193122662f,-0.0947997593205343f,0.4511079249897276f,2.417516367841541f,0.4455797394082994f,-0.07428116929615529f,-0.8921552576299867f,1.3231803485802522f,0f,0f,0f,1f], start_interpolation: 0, interpolation_duration: 1 }
$data merge entity $(bone_left_whisker11) { transformation: [0.31786298287923115f,0.9463554270538379f,-0.05809070322233863f,0.7534698180847009f,0.9382027666769248f,-0.30509599728308295f,0.1633768681350105f,2.7840018235747146f,0.13688934478213116f,-0.10643231712026743f,-0.9848520036825481f,1.3766527488857723f,0f,0f,0f,1f], start_interpolation: 0, interpolation_duration: 1 }
$data merge entity $(bone_left_whisker10) { transformation: [0.07611319364344321f,0.9818224407070143f,-0.17387201234677604f,0.783201534351671f,0.9928245336461631f,-0.09075526488917364f,-0.07786480132366996f,3.171823907030247f,-0.09222920981811802f,-0.16669786087115113f,-0.9816850798689507f,1.34062571380057f,0f,0f,0f,1f], start_interpolation: 0, interpolation_duration: 1 }
$data merge entity $(bone_left_whisker1) { transformation: [-0.31031494370261764f,0.9403576976123623f,-0.1393988387900649f,0.661984759467836f,0.9258878505749852f,0.3322100680182289f,0.17991153066148263f,3.5334988486611008f,0.21549089046285708f,-0.07323845471131246f,-0.9737555159684715f,1.4248018428876235f,0f,0f,0f,1f], start_interpolation: 0, interpolation_duration: 1 }
$data merge entity $(bone_upper_left_tooth1) { transformation: [-0.9991919458349179f,0.033582570186953556f,-0.022083169117433903f,0.37201493188222035f,0.02926906568379921f,0.9845132261905648f,0.17284973025678443f,3.7123726334913494f,0.02754591027046112f,0.17206370458491232f,-0.9847006166301958f,2.3676237541077723f,0f,0f,0f,1f], start_interpolation: 0, interpolation_duration: 1 }
$data merge entity $(bone_upper_right_tooth1) { transformation: [-0.9991919458349179f,0.033582570186953556f,-0.022083169117433903f,-0.21344909888042685f,0.02926906568379921f,0.9845132261905648f,0.17284973025678443f,3.7295224766654504f,0.02754591027046112f,0.17206370458491232f,-0.9847006166301958f,2.3837639359068707f,0f,0f,0f,1f], start_interpolation: 0, interpolation_duration: 1 }
$data merge entity $(bone_top_lip1) { transformation: [-0.9991919458349179f,0.021112952814441775f,-0.034200856744912154f,0.1072850660202918f,0.02926906568379921f,0.965393914408098f,-0.2591484358776016f,3.8259912258525857f,0.02754591027046112f,-0.2599400570271254f,-0.9652317802373204f,2.3935047345902194f,0f,0f,0f,1f], start_interpolation: 0, interpolation_duration: 1 }
$data merge entity $(bone_muzzle1) { transformation: [-0.9991919458349179f,0.033582570186953556f,-0.022083169117433903f,0.1014215904043993f,0.02926906568379921f,0.9845132261905648f,0.17284973025678443f,4.05460631282229f,0.02754591027046112f,0.17206370458491232f,-0.9847006166301958f,1.9378985308525625f,0f,0f,0f,1f], start_interpolation: 0, interpolation_duration: 1 }
$data merge entity $(bone_jaw_right_tooth1) { transformation: [-0.9991919458349179f,0.01655839566588924f,-0.03662342026084822f,-0.21724780896137968f,0.02926906568379921f,0.9242487387512399f,-0.3806672966131182f,3.5809707810543068f,0.02754591027046112f,-0.38143163011175973f,-0.9239865444786831f,2.4038151454479353f,0f,0f,0f,1f], start_interpolation: 0, interpolation_duration: 1 }
$data merge entity $(bone_jaw_left_tooth1) { transformation: [-0.9991919458349179f,0.01655839566588924f,-0.03662342026084822f,0.41700489103148813f,0.02926906568379921f,0.9242487387512399f,-0.3806672966131182f,3.562391784282364f,0.02754591027046112f,-0.38143163011175973f,-0.9239865444786831f,2.3863299484989122f,0f,0f,0f,1f], start_interpolation: 0, interpolation_duration: 1 }
$data merge entity $(bone_tongue1) { transformation: [-0.9991919458349179f,0.030604044296891588f,-0.02605470881251113f,0.08148234270979325f,0.02926906568379921f,0.9983120915391563f,0.050162632314428995f,3.599974091755841f,0.02754591027046112f,0.04935950120684998f,-0.9984011530782518f,1.6977004289518387f,0f,0f,0f,1f], start_interpolation: 0, interpolation_duration: 1 }
$data merge entity $(bone_jaw_lips1) { transformation: [-0.9991919458349179f,0.030604044296891588f,-0.02605470881251113f,0.14718928513255344f,0.02926906568379921f,0.9983120915391563f,0.050162632314428995f,3.447240566167104f,0.02754591027046112f,0.04935950120684998f,-0.9984011530782518f,2.470813026710951f,0f,0f,0f,1f], start_interpolation: 0, interpolation_duration: 1 }
$data merge entity $(bone_jaw3) { transformation: [-0.9991919458349179f,0.022666426617437896f,-0.03319169298223805f,0.11959812923865228f,0.02926906568379921f,0.9763095059882407f,-0.2143899958276851f,3.2082410329343816f,0.02754591027046112f,-0.2151882469406584f,-0.9761840201550004f,1.7239301861414082f,0f,0f,0f,1f], start_interpolation: 0, interpolation_duration: 1 }
$data merge entity $(bone_jaw1) { transformation: [-0.9991919458349179f,0.039497655153260064f,-0.00744248722034487f,0.11378368609775785f,0.02926906568379921f,0.841951692089485f,0.5387584523528616f,3.6291460738350545f,0.02754591027046112f,0.5381052716941613f,-0.842427408980931f,1.0657837728750559f,0f,0f,0f,1f], start_interpolation: 0, interpolation_duration: 1 }
$data merge entity $(bone_tear_right1) { transformation: [-0.9991919458349179f,0.03537945337518915f,-0.019072222143831724f,-0.42488603792638796f,0.02926906568379921f,0.9657020095079777f,0.2579979663219289f,4.1323116584511626f,0.02754591027046112f,0.2572312638679957f,-0.965957193521662f,1.908385760469896f,0f,0f,0f,1f], start_interpolation: 0, interpolation_duration: 1 }
$data merge entity $(bone_right_pupil1) { transformation: [-0.9991919458349179f,0.03537945337518915f,-0.019072222143831724f,-0.2593112039542321f,0.02926906568379921f,0.9657020095079777f,0.2579979663219289f,4.206785229251706f,0.02754591027046112f,0.2572312638679957f,-0.965957193521662f,1.9856665140032597f,0f,0f,0f,1f], start_interpolation: 0, interpolation_duration: 1 }
$data merge entity $(bone_right_sad_pupil1) { transformation: [-0.9991919458349179f,0.03537945337518915f,-0.019072222143831724f,-0.2594974561236054f,0.02926906568379921f,0.9657020095079777f,0.2579979663219289f,4.209304740641569f,0.02754591027046112f,0.2572312638679957f,-0.965957193521662f,1.9762333382852746f,0f,0f,0f,1f], start_interpolation: 0, interpolation_duration: 1 }
$data merge entity $(bone_right_happy_pupil1) { transformation: [-0.9991919458349179f,0.03537945337518915f,-0.019072222143831724f,-0.28475522362107114f,0.02926906568379921f,0.9657020095079777f,0.2579979663219289f,4.186442900859281f,0.02754591027046112f,0.2572312638679957f,-0.965957193521662f,1.9706258574838829f,0f,0f,0f,1f], start_interpolation: 0, interpolation_duration: 1 }
$data merge entity $(bone_eyelid_right1) { transformation: [-0.9991919458349179f,0.03537945337518915f,-0.019072222143831724f,0.10513548835607305f,0.02926906568379921f,0.9657020095079777f,0.2579979663219289f,4.277122399851726f,0.02754591027046112f,0.2572312638679957f,-0.965957193521662f,1.4816578068174528f,0f,0f,0f,1f], start_interpolation: 0, interpolation_duration: 1 }
$data merge entity $(bone_eyelid_expressions_right5) { transformation: [-0.9991919458349179f,0.03537945337518915f,-0.019072222143831724f,-0.36825605836195896f,0.02926906568379921f,0.9657020095079777f,0.2579979663219289f,4.306898621636035f,0.02754591027046112f,0.2572312638679957f,-0.965957193521662f,2.0044471051341137f,0f,0f,0f,1f], start_interpolation: 0, interpolation_duration: 1 }
$data merge entity $(bone_eyelid_expressions_right7) { transformation: [-0.9991919458349179f,0.03537945337518915f,-0.019072222143831724f,-0.07552404298063534f,0.02926906568379921f,0.9657020095079777f,0.2579979663219289f,4.298323700048984f,0.02754591027046112f,0.2572312638679957f,-0.965957193521662f,1.9963770142345645f,0f,0f,0f,1f], start_interpolation: 0, interpolation_duration: 1 }
$data merge entity $(bone_eyelid_expressions_right6) { transformation: [-0.9991919458349179f,0.03537945337518915f,-0.019072222143831724f,-0.17310138144107654f,0.02926906568379921f,0.9657020095079777f,0.2579979663219289f,4.301182007244668f,0.02754591027046112f,0.2572312638679957f,-0.965957193521662f,1.9990670445344143f,0f,0f,0f,1f], start_interpolation: 0, interpolation_duration: 1 }
$data merge entity $(bone_right_eye1) { transformation: [-0.9991919458349179f,0.03537945337518915f,-0.019072222143831724f,0.09556400667940228f,0.02926906568379921f,0.9657020095079777f,0.2579979663219289f,4.274888719181432f,0.02754591027046112f,0.2572312638679957f,-0.965957193521662f,1.4913599855654227f,0f,0f,0f,1f], start_interpolation: 0, interpolation_duration: 1 }
$data merge entity $(bone_tear_left1) { transformation: [-0.9991919458349179f,0.03537945337518915f,-0.019072222143831724f,0.628949217446377f,0.02926906568379921f,0.9657020095079777f,0.2579979663219289f,4.1014419407377805f,0.02754591027046112f,0.2572312638679957f,-0.965957193521662f,1.8793334332315188f,0f,0f,0f,1f], start_interpolation: 0, interpolation_duration: 1 }
$data merge entity $(bone_left_sad_pupil1) { transformation: [-0.9991919458349179f,0.03537945337518915f,-0.019072222143831724f,0.4723325823297036f,0.02926906568379921f,0.9657020095079777f,0.2579979663219289f,4.187867436673942f,0.02754591027046112f,0.2572312638679957f,-0.965957193521662f,1.9560581110364017f,0f,0f,0f,1f], start_interpolation: 0, interpolation_duration: 1 }
$data merge entity $(bone_left_pupil1) { transformation: [-0.9991919458349179f,0.03537945337518915f,-0.019072222143831724f,0.47251883449907695f,0.02926906568379921f,0.9657020095079777f,0.2579979663219289f,4.18534792528408f,0.02754591027046112f,0.2572312638679957f,-0.965957193521662f,1.9654912867543868f,0f,0f,0f,1f], start_interpolation: 0, interpolation_duration: 1 }
$data merge entity $(bone_eyelid_left1) { transformation: [-0.9991919458349179f,0.03537945337518915f,-0.019072222143831724f,0.0856200206639848f,0.02926906568379921f,0.9657020095079777f,0.2579979663219289f,4.277694061290863f,0.02754591027046112f,0.2572312638679957f,-0.965957193521662f,1.4821958128774226f,0f,0f,0f,1f], start_interpolation: 0, interpolation_duration: 1 }
$data merge entity $(bone_left_happy_pupil1) { transformation: [-0.9991919458349179f,0.03537945337518915f,-0.019072222143831724f,0.49586348406245845f,0.02926906568379921f,0.9657020095079777f,0.2579979663219289f,4.163576443293813f,0.02754591027046112f,0.2572312638679957f,-0.965957193521662f,1.949105615085085f,0f,0f,0f,1f], start_interpolation: 0, interpolation_duration: 1 }
$data merge entity $(bone_eyelid_expressions_left5) { transformation: [-0.9991919458349179f,0.03537945337518915f,-0.019072222143831724f,0.5880018585503648f,0.02926906568379921f,0.9657020095079777f,0.2579979663219289f,4.278887211118336f,0.02754591027046112f,0.2572312638679957f,-0.965957193521662f,1.9780848081955866f,0f,0f,0f,1f], start_interpolation: 0, interpolation_duration: 1 }
$data merge entity $(bone_eyelid_expressions_left7) { transformation: [-0.9991919458349179f,0.03537945337518915f,-0.019072222143831724f,0.2952698431690412f,0.02926906568379921f,0.9657020095079777f,0.2579979663219289f,4.287462132705388f,0.02754591027046112f,0.2572312638679957f,-0.965957193521662f,1.9861548990951359f,0f,0f,0f,1f], start_interpolation: 0, interpolation_duration: 1 }
$data merge entity $(bone_eyelid_expressions_left6) { transformation: [-0.9991919458349179f,0.03537945337518915f,-0.019072222143831724f,0.3928471816294824f,0.02926906568379921f,0.9657020095079777f,0.2579979663219289f,4.284603825509704f,0.02754591027046112f,0.2572312638679957f,-0.965957193521662f,1.983464868795286f,0f,0f,0f,1f], start_interpolation: 0, interpolation_duration: 1 }
$data merge entity $(bone_left_eye1) { transformation: [-0.9991919458349179f,0.03537945337518915f,-0.019072222143831724f,0.09556400667940228f,0.02926906568379921f,0.9657020095079777f,0.2579979663219289f,4.274888719181432f,0.02754591027046112f,0.2572312638679957f,-0.965957193521662f,1.4913599855654227f,0f,0f,0f,1f], start_interpolation: 0, interpolation_duration: 1 }
$data merge entity $(bone_crest_middle5) { transformation: [-0.9991919458349179f,0.03041283466653034f,-0.026277649555794338f,0.1461015064475235f,0.02926906568379921f,0.9986519961778685f,0.04286621424800535f,5.33156277073782f,0.02754591027046112f,0.04206245377417636f,-0.9987351865283746f,2.2017667326082035f,0f,0f,0f,1f], start_interpolation: 0, interpolation_duration: 1 }
$data merge entity $(bone_crest_middle4) { transformation: [-0.9991919458349179f,0.03041283466653034f,-0.026277649555794338f,0.12828148613510337f,0.02926906568379921f,0.9986519961778685f,0.04286621424800535f,4.74641511672735f,0.02754591027046112f,0.04206245377417636f,-0.9987351865283746f,2.177120763599897f,0f,0f,0f,1f], start_interpolation: 0, interpolation_duration: 1 }
$data merge entity $(bone_crest_middle1) { transformation: [-0.9991919458349179f,0.03041283466653034f,-0.026277649555794338f,0.11684111164837856f,0.02926906568379921f,0.9986519961778685f,0.04286621424800535f,4.304414747522438f,0.02754591027046112f,0.04206245377417636f,-0.9987351865283746f,2.2317861487429718f,0f,0f,0f,1f], start_interpolation: 0, interpolation_duration: 1 }
$data merge entity $(bone_crest_left5) { transformation: [-0.5667041694945725f,-0.8191431253419862f,0.08860544273593096f,-0.8316512957674297f,-0.7987385564947596f,0.5725818812693964f,0.18484238586067464f,4.798977765827773f,-0.2021462407420293f,0.0339783673380922f,-0.9787657369906771f,2.167793194629264f,0f,0f,0f,1f], start_interpolation: 0, interpolation_duration: 1 }
$data merge entity $(bone_crest_left4) { transformation: [-0.5667041694945725f,-0.8191431253419862f,0.08860544273593096f,-0.431679066596538f,-0.7987385564947596f,0.5725818812693964f,0.18484238586067464f,4.5193967691142f,-0.2021462407420293f,0.0339783673380922f,-0.9787657369906771f,2.151202194952461f,0f,0f,0f,1f], start_interpolation: 0, interpolation_duration: 1 }
$data merge entity $(bone_crest_left1) { transformation: [-0.5667041694945725f,-0.8191431253419862f,0.08860544273593096f,0.012616823125033275f,-0.7987385564947596f,0.5725818812693964f,0.18484238586067464f,4.2208831798513735f,-0.2021462407420293f,0.0339783673380922f,-0.9787657369906771f,2.08516079955648f,0f,0f,0f,1f], start_interpolation: 0, interpolation_duration: 1 }
$data merge entity $(bone_crest_center1) { transformation: [-0.9991919458349179f,0.03537945337518915f,-0.019072222143831724f,0.10933041645563596f,0.02926906568379921f,0.9657020095079777f,0.2579979663219289f,4.194448465221065f,0.02754591027046112f,0.2572312638679957f,-0.965957193521662f,2.076190789488373f,0f,0f,0f,1f], start_interpolation: 0, interpolation_duration: 1 }
$data merge entity $(bone_crest_right5) { transformation: [-0.5070267128262318f,0.8518577536285802f,-0.13138599645127785f,1.0876737863081942f,0.8301910715519252f,0.5236336939985231f,0.19128653696726067f,4.742755483282357f,0.23174705434178033f,-0.012088097134380277f,-0.9727009718878551f,2.1148808821240594f,0f,0f,0f,1f], start_interpolation: 0, interpolation_duration: 1 }
$data merge entity $(bone_crest_right4) { transformation: [-0.5070267128262318f,0.8518577536285802f,-0.13138599645127785f,0.6717276175442389f,0.8301910715519252f,0.5236336939985231f,0.19128653696726067f,4.487074968634641f,0.23174705434178033f,-0.012088097134380277f,-0.9727009718878551f,2.120783273302956f,0f,0f,0f,1f], start_interpolation: 0, interpolation_duration: 1 }
$data merge entity $(bone_crest_right1) { transformation: [-0.5070267128262318f,0.8518577536285802f,-0.13138599645127785f,0.20777150004591569f,0.8301910715519252f,0.5236336939985231f,0.19128653696726067f,4.215166565460007f,0.23174705434178033f,-0.012088097134380277f,-0.9727009718878551f,2.0797807389567806f,0f,0f,0f,1f], start_interpolation: 0, interpolation_duration: 1 }
$data merge entity $(bone_head1) { transformation: [-0.9991919458349179f,0.03537945337518915f,-0.019072222143831724f,0.08359262499203225f,0.02926906568379921f,0.9657020095079777f,0.2579979663219289f,4.366308427190868f,0.02754591027046112f,0.2572312638679957f,-0.965957193521662f,0.9599752007701942f,0f,0f,0f,1f], start_interpolation: 0, interpolation_duration: 1 }
$data merge entity $(bone_neck10) { transformation: [-1.2948109537392045f,0.043998817014976294f,-0.13019103318853792f,-0.02236813125929392f,0.01940427483450793f,1.2797196118022698f,0.23950406307876948f,4.15303918859381f,0.1360480618736012f,0.2362262183043509f,-1.2732278294125159f,-0.01806749317752876f,0f,0f,0f,1f], start_interpolation: 0, interpolation_duration: 1 }
$data merge entity $(bone_neck9) { transformation: [-0.994414812471709f,0.039502052286718485f,-0.09787118371611349f,-0.06773835468402865f,0.014902483072902092f,0.97057880745806f,0.24032206413800644f,2.9091245861500803f,0.10448491151892572f,0.23752129668395525f,-0.9657466214729695f,-0.2724526051067216f,0f,0f,0f,1f], start_interpolation: 0, interpolation_duration: 1 }
$data merge entity $(bone_neck8) { transformation: [-0.9944596963256571f,-0.010880443456541575f,-0.10455394939489815f,-0.05635700437920589f,0.018315315424457832f,0.9614805719219928f,-0.27426202624034673f,2.291428153079993f,0.10351068352969434f,-0.2746574698906751f,-0.9559543988226994f,-0.05381237972690622f,0f,0f,0f,1f], start_interpolation: 0, interpolation_duration: 1 }
$data merge entity $(bone_neck7) { transformation: [-0.9936267910921918f,-0.050791331763523365f,-0.10062822984392397f,-0.012667667094237719f,-3.469446951953614e-18f,0.8927273191416841f,-0.45059730764630856f,1.5729860907836368f,0.11272000720295348f,-0.4477255568713828f,-0.8870377814390865f,0.331309100377736f,0f,0f,0f,1f], start_interpolation: 0, interpolation_duration: 1 }
$data merge entity $(bone_neck6) { transformation: [-0.9936267910921918f,-0.029174084628217682f,-0.10887916609682258f,0.009574569591246987f,-3.469446951953614e-18f,0.9659258262890684f,-0.25881904510252063f,0.8020835174951122f,0.11272000720295348f,-0.2571695372587629f,-0.9597697792086809f,0.5273744024737432f,0f,0f,0f,1f], start_interpolation: 0, interpolation_duration: 1 }
$data merge entity $(bone_neck_spine6) { transformation: [-1.0768051952563258f,-0.23435376743612774f,-0.10252102552569788f,-0.18736601937068695f,-0.10951128866124771f,0.021477484040348174f,1.1011301797936566f,0.38183926942739344f,-0.23116990859993072f,1.0814613755863642f,-0.04408450963898475f,-1.7759444178453596f,0f,0f,0f,1f], start_interpolation: 0, interpolation_duration: 1 }
$data merge entity $(bone_neck_spine7) { transformation: [-0.8638408377181054f,-0.49819874242172163f,0.07467944924741338f,0.8992372401239025f,-0.04555543747740355f,0.22488928731625835f,0.9733188123973705f,0.5230842748569189f,-0.501700816430195f,0.8373904832870984f,-0.21696421201081814f,-4.697388231848393f,0f,0f,0f,1f], start_interpolation: 0, interpolation_duration: 1 }
$data merge entity $(bone_tail6) { transformation: [-1.3169842812008226f,-0.711899507211932f,0.03075347761456381f,2.523671687159364f,-0.13827699322844966f,0.31872765569411754f,1.4565323327422082f,-0.34465507094998715f,-0.6990179954033232f,1.2782042304777306f,-0.34606656726008544f,-7.603652835623065f,0f,0f,0f,1f], start_interpolation: 0, interpolation_duration: 1 }
$data merge entity $(bone_tail5) { transformation: [-1.0879435366441579f,-0.5880908972620308f,0.025405046725074456f,2.15224585730966f,-0.11422882049306714f,0.26329675905166233f,1.2032223618305198f,-0.17836238102262125f,-0.5774496483766585f,1.0559078425685602f,-0.2858810773018097f,-6.9367636718955525f,0f,0f,0f,1f], start_interpolation: 0, interpolation_duration: 1 }
$data merge entity $(bone_tail4) { transformation: [-0.8795164590975928f,-0.47542506220762065f,0.020537974615639137f,1.966532942384808f,-0.092344983303869f,0.21285464310702806f,0.9727102883008834f,-0.0952160360589384f,-0.4668224525823933f,0.8536181295712149f,-0.2311122814397788f,-6.603319090031797f,0f,0f,0f,1f], start_interpolation: 0, interpolation_duration: 1 }
$data merge entity $(bone_segment18) { transformation: [-0.8795164590975928f,-0.47542506220762065f,0.020537974615639137f,1.7343917987287432f,-0.092344983303869f,0.21285464310702806f,0.9727102883008834f,0.008716895145665149f,-0.4668224525823933f,0.8536181295712149f,-0.2311122814397788f,-6.186513362702103f,0f,0f,0f,1f], start_interpolation: 0, interpolation_duration: 1 }
$data merge entity $(bone_segment17) { transformation: [-0.8795164590975928f,-0.47542506220762065f,0.020537974615639137f,1.432608311975859f,-0.092344983303869f,0.21285464310702806f,0.9727102883008834f,0.14382970571164977f,-0.4668224525823933f,0.8536181295712149f,-0.2311122814397788f,-5.6446659171735f,0f,0f,0f,1f], start_interpolation: 0, interpolation_duration: 1 }
$data merge entity $(bone_segment16) { transformation: [-0.8823792281074081f,-0.46860082121492547f,-0.04266342885038922f,1.0436330209283136f,-0.04685060391167979f,-0.0027239011111339848f,0.9988981936493064f,0.14156865498463425f,-0.4682007248154212f,0.8834058244767429f,-0.019550717707545115f,-4.911370066777766f,0f,0f,0f,1f], start_interpolation: 0, interpolation_duration: 1 }
$data merge entity $(bone_segment15) { transformation: [-0.8638408377181054f,-0.5005514956728738f,-0.056808514063746346f,0.5303722099356207f,-0.04555543747740355f,-0.03468707493049045f,0.9983594087046052f,0.10600085354223682f,-0.501700816430195f,0.8650115646697536f,0.007161269500599032f,-4.024395317848819f,0f,0f,0f,1f], start_interpolation: 0, interpolation_duration: 1 }
$data merge entity $(bone_segment14) { transformation: [-0.9161823058661789f,-0.3794212508287671f,-0.12903292927491553f,0.14131721641002967f,-0.06684306409763395f,-0.17278620779337261f,0.9826886237147681f,-0.07117250405838932f,-0.39514805731494007f,0.9089468855856865f,0.13294198728885304f,-3.092369702746309f,0f,0f,0f,1f], start_interpolation: 0, interpolation_duration: 1 }
$data merge entity $(bone_segment13) { transformation: [-0.9729251646551272f,-0.19244346837561482f,-0.12799271643479304f,-0.062284383453227864f,-0.09894667022569203f,-0.15365245557196527f,0.9831584202700769f,-0.260231436700205f,-0.2088688115349962f,0.9692040210277033f,0.1304507002345685f,-2.0544173615658075f,0f,0f,0f,1f], start_interpolation: 0, interpolation_duration: 1 }
$data merge entity $(bone_segment12) { transformation: [-0.9950510469173097f,-0.04153623348781411f,-0.0902671332014692f,-0.11095965707176003f,-0.09219520966900019f,0.04711372714412798f,0.9946257286178946f,-0.20502003770318f,-0.037060185413123434f,0.9980255698238569f,-0.05071000527421066f,-0.884856146928475f,0f,0f,0f,1f], start_interpolation: 0, interpolation_duration: 1 }
$data merge entity $(bone_segment11) { transformation: [-1.0315184404629905f,0.054202326719324345f,-0.06767774137095695f,-0.04864610957124291f,-0.03542469930851427f,0.4740179873869158f,0.9195653865966366f,0.3427727177000699f,0.07914075800599753f,0.9186498339007806f,-0.4704972741795289f,0.17681635184774208f,0f,0f,0f,1f], start_interpolation: 0, interpolation_duration: 1 }
$data merge entity $(bone_segment10) { transformation: [-0.9942224490841292f,0.06740137745440981f,-0.08353906903003115f,0.018766742777015233f,0.02001082109695504f,0.8810130784688387f,0.47266851239096275f,1.1557118478895454f,0.10545752119304619f,0.46826596062932885f,-0.8772717374563654f,0.6084034032020121f,0f,0f,0f,1f], start_interpolation: 0, interpolation_duration: 1 }