# This file was generated by Animated Java via MC-Build. It is not recommended to edit this file directly.
$data merge entity $(bone_neck_spine5) { transformation: [-1.5590869896933854f,0.0053125721222791805f,-0.20307321512918466f,0.004073108733401429f,0.006308210437170942f,1.5722360230726578f,-0.0072999856434997805f,4.213575248352041f,0.20304472563092812f,-0.008053563606287464f,-1.5590789508755938f,-0.8366715968955916f,0f,0f,0f,1f], start_interpolation: 0, interpolation_duration: 1 }
$data merge entity $(bone_neck_spine2) { transformation: [-1.484844752088938f,0.020445651483849584f,-0.1923858602220232f,0.11307318076145456f,0.006007819463972323f,1.4931655109280184f,0.11231627114708181f,5.780240970220348f,0.19337592917231244f,0.11060295653596902f,-1.480731919594588f,0.8212416325809437f,0f,0f,0f,1f], start_interpolation: 0, interpolation_duration: 1 }
$data merge entity $(bone_scale_neck_left1) { transformation: [-1.5647545480094895f,0.5045692029313129f,-0.10004101546140803f,0.8759664522924251f,0.4236784428085275f,1.4458668319503192f,0.6655980485270077f,4.880421448166847f,0.29171023708576205f,0.6065757203819477f,-1.503338323152896f,0.6197275445787473f,0f,0f,0f,1f], start_interpolation: 0, interpolation_duration: 1 }
$data merge entity $(bone_scale_neck_right1) { transformation: [-1.5905952189499977f,-0.32086312299033914f,-0.28303495649118593f,-0.6831205374009597f,-0.4109116052526749f,1.4492066076318424f,0.666338458970026f,4.886729658604018f,0.11922073208863884f,0.714074327741003f,-1.4795064556598445f,0.8227722702096756f,0f,0f,0f,1f], start_interpolation: 0, interpolation_duration: 1 }
$data merge entity $(bone_blush_right1) { transformation: [-0.9987580970415885f,0.033021358899950067f,-0.03730755218806561f,-0.48092076507992876f,0.021649560526547165f,0.962065857454077f,0.27195694962651473f,4.378612558989651f,0.04487271022427684f,0.27081151337702014f,-0.9615859629276916f,2.07072308319796f,0f,0f,0f,1f], start_interpolation: 0, interpolation_duration: 1 }
$data merge entity $(bone_blush_left1) { transformation: [-0.9987580970415885f,0.033021358899950067f,-0.03730755218806561f,0.8426287834410044f,0.021649560526547165f,0.962065857454077f,0.27195694962651473f,4.349922662862186f,0.04487271022427684f,0.27081151337702014f,-0.9615859629276916f,2.0112579779495774f,0f,0f,0f,1f], start_interpolation: 0, interpolation_duration: 1 }
$data merge entity $(bone_left_head_scales) { transformation: [-0.8686825413143217f,0.033021358899950067f,-0.494267369216391f,0.8632859066226398f,-0.1063723496290782f,0.962065857454077f,0.2512254150271036f,5.158865954586346f,0.48381356497113703f,0.27081151337702014f,-0.832217254430817f,1.8304740131090964f,0f,0f,0f,1f], start_interpolation: 0, interpolation_duration: 1 }
$data merge entity $(bone_left_head_scales2) { transformation: [-0.7967360041087891f,0.033021358899950067f,-0.6034246677201387f,0.8399029989707719f,-0.1382538162443979f,0.962065857454077f,0.2351917690205411f,4.24869685041806f,0.5883006221742584f,0.27081151337702014f,-0.7619471780719634f,1.7491527106659013f,0f,0f,0f,1f], start_interpolation: 0, interpolation_duration: 1 }
$data merge entity $(bone_left_head_scales1) { transformation: [-0.9987580970415885f,0.033021358899950067f,-0.03730755218806561f,0.8595774532305556f,0.021649560526547165f,0.962065857454077f,0.27195694962651473f,5.050821449110546f,0.04487271022427684f,0.27081151337702014f,-0.9615859629276916f,1.800060610727888f,0f,0f,0f,1f], start_interpolation: 0, interpolation_duration: 1 }
$data merge entity $(bone_right_head_scales) { transformation: [-0.9031359622863876f,0.033021358899950067f,0.42808296331603884f,-0.48269668509356334f,0.14477913907026807f,0.962065857454077f,0.23123210592654142f,5.1880421201397f,-0.40420840480513565f,0.27081151337702014f,-0.8736570778671316f,1.890947001497282f,0f,0f,0f,1f], start_interpolation: 0, interpolation_duration: 1 }
$data merge entity $(bone_right_head_scales2) { transformation: [-0.8395334697748117f,0.033021358899950067f,0.5423035524355944f,-0.5060795927454312f,0.17372237977095664f,0.962065857454077f,0.2103564134697747f,4.277873015971415f,-0.5147854775482505f,0.27081151337702014f,-0.8134230365116711f,1.8096256990540869f,0f,0f,0f,1f], start_interpolation: 0, interpolation_duration: 1 }
$data merge entity $(bone_right_head_scales1) { transformation: [-0.9987580970415885f,0.033021358899950067f,-0.03730755218806561f,-0.4864051384856476f,0.021649560526547165f,0.962065857454077f,0.27195694962651473f,5.079997614663901f,0.04487271022427684f,0.27081151337702014f,-0.9615859629276916f,1.8605335991160736f,0f,0f,0f,1f], start_interpolation: 0, interpolation_duration: 1 }
$data merge entity $(bone_head_left_fin1) { transformation: [-0.6912820757999992f,0.04134323381859505f,-0.7868259189428359f,0.842528418542289f,0.07833818869465632f,1.045153037782443f,-0.01390876814620381f,4.6685613317651296f,0.7840072817868834f,-0.06797839845660847f,-0.6923775830235913f,1.6050178363879644f,0f,0f,0f,1f], start_interpolation: 0, interpolation_duration: 1 }
$data merge entity $(bone_head_right_fin1) { transformation: [-0.7615116308784592f,-0.0020331510544917605f,0.7202576624783606f,-0.5034541731739142f,-0.04684673407868196f,1.0460932851481608f,-0.04657703617946413f,4.697737497318484f,-0.7187354294649483f,-0.06602956224216151f,-0.7600885983667418f,1.66549082477615f,0f,0f,0f,1f], start_interpolation: 0, interpolation_duration: 1 }
$data merge entity $(bone_right_whisker16) { transformation: [0.2725037108340952f,0.8935940642769507f,-0.35669507407679235f,-1.0853455495097322f,0.9610169931177098f,-0.2708099606590999f,0.05575216719385501f,1.973835123709616f,-0.04677677330302606f,-0.35798269999654614f,-0.932555799929709f,1.5844164117526447f,0f,0f,0f,1f], start_interpolation: 0, interpolation_duration: 1 }
$data merge entity $(bone_right_whisker15) { transformation: [-0.8503803714405127f,0.38680983441226857f,-0.35669507407679235f,-0.7988404438974501f,0.39393103267472634f,0.9174475665393698f,0.05575216719385501f,1.8411142191463536f,0.3488145142687135f,-0.09310271023413498f,-0.932555799929709f,1.4668958966914083f,0f,0f,0f,1f], start_interpolation: 0, interpolation_duration: 1 }
$data merge entity $(bone_right_whisker14) { transformation: [-0.7099550394267958f,-0.6072334527361348f,-0.35669507407679235f,-0.5596466073718209f,-0.6650074254777445f,0.7447528582775965f,0.05575216719385501f,2.0651645724567262f,0.2317950949695834f,0.2767864049506436f,-0.932555799929709f,1.3888008695776328f,0f,0f,0f,1f], start_interpolation: 0, interpolation_duration: 1 }
$data merge entity $(bone_right_whisker13) { transformation: [-0.12524486030709955f,-0.9840026446931833f,-0.1266985406525089f,-0.5174498526785111f,-0.9632326747264346f,0.09000691806587013f,0.2531433764482922f,2.3896912060315505f,-0.23769000674410595f,0.15374508101758588f,-0.9590964032655331f,1.4688819753654418f,0f,0f,0f,1f], start_interpolation: 0, interpolation_duration: 1 }
$data merge entity $(bone_right_whisker12) { transformation: [0.023445884531443723f,-0.995048329557943f,-0.09658733013436674f,-0.5279821836203705f,-0.8877850916519789f,-0.06514504487107692f,0.4556245759056816f,2.788500915172088f,-0.45966065911607557f,0.07506627053938605f,-0.8849164556545901f,1.6753701620777415f,0f,0f,0f,1f], start_interpolation: 0, interpolation_duration: 1 }
$data merge entity $(bone_right_whisker11) { transformation: [0.2655544778221652f,-0.9603356093449665f,-0.08506666052354792f,-0.6472742342045463f,-0.9462869466882703f,-0.2765135003300173f,0.16757475544553804f,3.2135907545047093f,-0.18445008494437604f,0.03599724377327884f,-0.9821824497539849f,1.758228598673848f,0f,0f,0f,1f], start_interpolation: 0, interpolation_duration: 1 }
$data merge entity $(bone_right_whisker10) { transformation: [0.059284861362620754f,-0.9979850940167009f,0.022606577221935126f,-0.6739061055197861f,-0.9951734293595831f,-0.06086157320633076f,-0.07697866200147405f,3.660641318474834f,0.07819942908935831f,-0.01793379567539806f,-0.9967764183921946f,1.7230999488876129f,0f,0f,0f,1f], start_interpolation: 0, interpolation_duration: 1 }
$data merge entity $(bone_right_whisker1) { transformation: [-0.36665856210867886f,-0.9303520677405729f,-0.002555167946804847f,-0.5091962045725281f,-0.9150477499106416f,0.36012813570009317f,0.18164619803521093f,4.071697924880005f,-0.16807472807018858f,0.06894023446446623f,-0.9833606306213993f,1.7986022681378928f,0f,0f,0f,1f], start_interpolation: 0, interpolation_duration: 1 }
$data merge entity $(bone_left_whisker16) { transformation: [0.24471047380290745f,-0.9401412611912365f,0.2371733395997683f,1.3110802407121347f,-0.9694974521463082f,-0.2407432730877991f,0.046014853523509314f,1.9345423290943322f,0.013837423639290431f,-0.2411992650667158f,-0.970376957804699f,1.431797420642197f,0f,0f,0f,1f], start_interpolation: 0, interpolation_duration: 1 }
$data merge entity $(bone_left_whisker15) { transformation: [-0.9001570960316867f,-0.36533000074849187f,0.2371733395997683f,1.0078046565998964f,-0.36522849180890943f,0.9297799643067166f,0.046014853523509314f,1.8114917141782445f,-0.23732962569976268f,-0.045201864197260244f,-0.970376957804699f,1.3518377322960857f,0f,0f,0f,1f], start_interpolation: 0, interpolation_duration: 1 }
$data merge entity $(bone_left_whisker14) { transformation: [-0.7115242517349305f,0.6614242558117592f,0.2371733395997683f,0.7680821303806085f,0.6883145915353772f,0.7239514184906999f,0.046014853523509314f,2.043394579490456f,-0.1412666353833546f,0.19599055459170311f,-0.970376957804699f,1.3042430162733736f,0f,0f,0f,1f], start_interpolation: 0, interpolation_duration: 1 }
$data merge entity $(bone_left_whisker13) { transformation: [-0.06257038186881318f,0.9979655349203347f,0.012236765257232773f,0.7470012888330103f,0.9663121716032208f,0.057509742925567306f,0.2508653353496704f,2.3689587388684945f,0.24965122536101894f,0.027521275039592123f,-0.9679446498100687f,1.3883540248178574f,0f,0f,0f,1f], start_interpolation: 0, interpolation_duration: 1 }
$data merge entity $(bone_left_whisker12) { transformation: [0.11052745080667697f,0.9938717902167559f,-0.0015960042349453113f,0.7966522921250723f,0.8855884090879521f,-0.0977562069155625f,0.4540670585921773f,2.766781657013473f,0.4511284210812343f,-0.05160027733280229f,-0.890966081886359f,1.591009370225443f,0f,0f,0f,1f], start_interpolation: 0, interpolation_duration: 1 }
$data merge entity $(bone_left_whisker11) { transformation: [0.31755789540314944f,0.9476016240831073f,-0.03475838175432433f,0.9393052529507059f,0.9367259935336766f,-0.30779683326602214f,0.16674987996923785f,3.1875765369211795f,0.1473139372410804f,-0.08551182062420126f,-0.9853863873770862f,1.6571855529704598f,0f,0f,0f,1f], start_interpolation: 0, interpolation_duration: 1 }
$data merge entity $(bone_left_whisker10) { transformation: [0.08135076944456363f,0.9851285122526489f,-0.15134023476148006f,0.975849543912131f,0.9928675090262915f,-0.09337752923879317f,-0.07412655767797038f,3.633591238241584f,-0.08715596268015507f,-0.1442305493997052f,-0.9856984258834718f,1.618033460360234f,0f,0f,0f,1f], start_interpolation: 0, interpolation_duration: 1 }
$data merge entity $(bone_left_whisker1) { transformation: [-0.31230714557631445f,0.9428416429606316f,-0.1162492284760265f,0.835555318360271f,0.92618035422985f,0.329414472022485f,0.1835103731695215f,4.0496488192432745f,0.2113153999609217f,-0.05035615078065554f,-0.9761199003288024f,1.7129603001864293f,0f,0f,0f,1f], start_interpolation: 0, interpolation_duration: 1 }
$data merge entity $(bone_upper_left_tooth1) { transformation: [-0.9987580970415885f,0.029644135238867057f,-0.040043586749994205f,0.5205476304346122f,0.021649560526547165f,0.9821075163509269f,0.1870725069485652f,4.244088550942763f,0.04487271022427684f,0.1859732549937042f,-0.9815296166210037f,2.7772074240686795f,0f,0f,0f,1f], start_interpolation: 0, interpolation_duration: 1 }
$data merge entity $(bone_upper_right_tooth1) { transformation: [-0.9987580970415885f,0.029644135238867057f,-0.040043586749994205f,-0.15244366542348942f,0.021649560526547165f,0.9821075163509269f,0.1870725069485652f,4.25867663371944f,0.04487271022427684f,0.1859732549937042f,-0.9815296166210037f,2.8074439182627726f,0f,0f,0f,1f], start_interpolation: 0, interpolation_duration: 1 }
$data merge entity $(bone_top_lip1) { transformation: [-0.9987580970415885f,0.010148510115245535f,-0.04877777502413686f,0.21575573830696967f,0.021649560526547165f,0.9701745191434004f,-0.24143880991646513f,4.37209955325514f,0.04487271022427684f,-0.24219498373689002f,-0.9691893673218951f,2.8140400362288105f,0f,0f,0f,1f], start_interpolation: 0, interpolation_duration: 1 }
$data merge entity $(bone_muzzle1) { transformation: [-0.9987580970415885f,0.029644135238867057f,-0.040043586749994205f,0.19826408884159652f,0.021649560526547165f,0.9821075163509269f,0.1870725069485652f,4.642588066991429f,0.04487271022427684f,0.1859732549937042f,-0.9815296166210037f,2.294216654323866f,0f,0f,0f,1f], start_interpolation: 0, interpolation_duration: 1 }
$data merge entity $(bone_jaw_right_tooth1) { transformation: [-0.9987580970415885f,0.003214141698723149f,-0.04971853665389881f,-0.15492638407923298f,0.021649560526547165f,0.9267766048157348f,-0.3749885615525175f,4.100033958796016f,0.04487271022427684f,-0.37559924661713495f,-0.9256952229636753f,2.828724309573554f,0f,0f,0f,1f], start_interpolation: 0, interpolation_duration: 1 }
$data merge entity $(bone_jaw_left_tooth1) { transformation: [-0.9987580970415885f,0.003214141698723149f,-0.04971853665389881f,0.5741475197670437f,0.021649560526547165f,0.9267766048157348f,-0.3749885615525175f,4.0842302024546155f,0.04487271022427684f,-0.37559924661713495f,-0.9256952229636753f,2.7959681075299536f,0f,0f,0f,1f], start_interpolation: 0, interpolation_duration: 1 }
$data merge entity $(bone_tongue1) { transformation: [-0.9987580970415885f,0.023525331699461617f,-0.04391836019587772f,0.17405428868412492f,0.021649560526547165f,0.998852995234537f,0.04270820108598547f,4.117466284383369f,0.04487271022427684f,0.04170434844742113f,-0.9981218298372719f,2.008718451638509f,0f,0f,0f,1f], start_interpolation: 0, interpolation_duration: 1 }
$data merge entity $(bone_jaw_lips1) { transformation: [-0.9987580970415885f,0.023525331699461617f,-0.04391836019587772f,0.2665565010866318f,0.021649560526547165f,0.998852995234537f,0.04270820108598547f,3.948878065856759f,0.04487271022427684f,0.04170434844742113f,-0.9981218298372719f,2.897562707378179f,0f,0f,0f,1f], start_interpolation: 0, interpolation_duration: 1 }
$data merge entity $(bone_jaw3) { transformation: [-0.9987580970415885f,0.011798844950398395f,-0.048405070516434626f,0.22207376710805116f,0.021649560526547165f,0.9778128660924051f,-0.20835857417721765f,3.6793208316979262f,0.04487271022427684f,-0.20914776155147385f,-0.9768539572091295f,2.037536760862351f,0f,0f,0f,1f], start_interpolation: 0, interpolation_duration: 1 }
$data merge entity $(bone_jaw1) { transformation: [-0.9987580970415885f,0.042570596880579306f,-0.02588451033138858f,0.19881815235719422f,0.021649560526547165f,0.838749869064464f,0.5440863476263225f,4.16814840964345f,0.04487271022427684f,0.5428502569084548f,-0.8386298578345232f,1.2840802479641464f,0f,0f,0f,1f], start_interpolation: 0, interpolation_duration: 1 }
$data merge entity $(bone_tear_right1) { transformation: [-0.9987580970415885f,0.033021358899950067f,-0.03730755218806561f,-0.4080877385285751f,0.021649560526547165f,0.962065857454077f,0.27195694962651473f,4.728064818373094f,0.04487271022427684f,0.27081151337702014f,-0.9615859629276916f,2.2718418336465644f,0f,0f,0f,1f], start_interpolation: 0, interpolation_duration: 1 }
$data merge entity $(bone_right_pupil1) { transformation: [-0.9987580970415885f,0.033021358899950067f,-0.03730755218806561f,-0.2167931499102817f,0.021649560526547165f,0.962065857454077f,0.27195694962651473f,4.813772384720862f,0.04487271022427684f,0.27081151337702014f,-0.9615859629276916f,2.358734582893116f,0f,0f,0f,1f], start_interpolation: 0, interpolation_duration: 1 }
$data merge entity $(bone_right_sad_pupil1) { transformation: [-0.9987580970415885f,0.033021358899950067f,-0.03730755218806561f,-0.2172121312092688f,0.021649560526547165f,0.962065857454077f,0.27195694962651473f,4.816826588744989f,0.04487271022427684f,0.27081151337702014f,-0.9615859629276916f,2.347935521786018f,0f,0f,0f,1f], start_interpolation: 0, interpolation_duration: 1 }
$data merge entity $(bone_right_happy_pupil1) { transformation: [-0.9987580970415885f,0.033021358899950067f,-0.03730755218806561f,-0.2461801777556354f,0.021649560526547165f,0.962065857454077f,0.27195694962651473f,4.790423637120507f,0.04487271022427684f,0.27081151337702014f,-0.9615859629276916f,2.341592106312227f,0f,0f,0f,1f], start_interpolation: 0, interpolation_duration: 1 }
$data merge entity $(bone_eyelid_right1) { transformation: [-0.9987580970415885f,0.033021358899950067f,-0.03730755218806561f,0.19182101758297546f,0.021649560526547165f,0.962065857454077f,0.27195694962651473f,4.906153842984705f,0.04487271022427684f,0.27081151337702014f,-0.9615859629276916f,1.7733739986731687f,0f,0f,0f,1f], start_interpolation: 0, interpolation_duration: 1 }
$data merge entity $(bone_eyelid_expressions_right5) { transformation: [-0.9987580970415885f,0.033021358899950067f,-0.03730755218806561f,-0.3424933172612963f,0.021649560526547165f,0.962065857454077f,0.27195694962651473f,4.92766713563934f,0.04487271022427684f,0.27081151337702014f,-0.9615859629276916f,2.3841442360949636f,0f,0f,0f,1f], start_interpolation: 0, interpolation_duration: 1 }
$data merge entity $(bone_eyelid_expressions_right7) { transformation: [-0.9987580970415885f,0.033021358899950067f,-0.03730755218806561f,-0.005997669332245464f,0.021649560526547165f,0.962065857454077f,0.27195694962651473f,4.920373094251001f,0.04487271022427684f,0.27081151337702014f,-0.9615859629276916f,2.369025988997917f,0f,0f,0f,1f], start_interpolation: 0, interpolation_duration: 1 }
$data merge entity $(bone_eyelid_expressions_right6) { transformation: [-0.9987580970415885f,0.033021358899950067f,-0.03730755218806561f,-0.11816288530859576f,0.021649560526547165f,0.962065857454077f,0.27195694962651473f,4.922804441380448f,0.04487271022427684f,0.27081151337702014f,-0.9615859629276916f,2.3740654046969327f,0f,0f,0f,1f], start_interpolation: 0, interpolation_duration: 1 }
$data merge entity $(bone_right_eye1) { transformation: [-0.9987580970415885f,0.033021358899950067f,-0.03730755218806561f,0.1810234772843275f,0.021649560526547165f,0.962065857454077f,0.27195694962651473f,4.903342773673524f,0.04487271022427684f,0.27081151337702014f,-0.9615859629276916f,1.7846770013501683f,0f,0f,0f,1f], start_interpolation: 0, interpolation_duration: 1 }
$data merge entity $(bone_tear_left1) { transformation: [-0.9987580970415885f,0.033021358899950067f,-0.03730755218806561f,0.8032965940160077f,0.021649560526547165f,0.962065857454077f,0.27195694962651473f,4.701806269375075f,0.04487271022427684f,0.27081151337702014f,-0.9615859629276916f,2.2174161440971973f,0f,0f,0f,1f], start_interpolation: 0, interpolation_duration: 1 }
$data merge entity $(bone_left_sad_pupil1) { transformation: [-0.9987580970415885f,0.033021358899950067f,-0.03730755218806561f,0.6240269886133581f,0.021649560526547165f,0.962065857454077f,0.27195694962651473f,4.798591485274142f,0.04487271022427684f,0.27081151337702014f,-0.9615859629276916f,2.310139904043402f,0f,0f,0f,1f], start_interpolation: 0, interpolation_duration: 1 }
$data merge entity $(bone_left_pupil1) { transformation: [-0.9987580970415885f,0.033021358899950067f,-0.03730755218806561f,0.6244459699123452f,0.021649560526547165f,0.962065857454077f,0.27195694962651473f,4.795537281250016f,0.04487271022427684f,0.27081151337702014f,-0.9615859629276916f,2.3209389651505f,0f,0f,0f,1f], start_interpolation: 0, interpolation_duration: 1 }
$data merge entity $(bone_eyelid_left1) { transformation: [-0.9987580970415885f,0.033021358899950067f,-0.03730755218806561f,0.1693879743877054f,0.021649560526547165f,0.962065857454077f,0.27195694962651473f,4.906640112410594f,0.04487271022427684f,0.27081151337702014f,-0.9615859629276916f,1.7743818818129717f,0f,0f,0f,1f], start_interpolation: 0, interpolation_duration: 1 }
$data merge entity $(bone_left_happy_pupil1) { transformation: [-0.9987580970415885f,0.033021358899950067f,-0.03730755218806561f,0.6511415500551666f,0.021649560526547165f,0.962065857454077f,0.27195694962651473f,4.770972860084937f,0.04487271022427684f,0.27081151337702014f,-0.9615859629276916f,2.3012767807201033f,0f,0f,0f,1f], start_interpolation: 0, interpolation_duration: 1 }
$data merge entity $(bone_eyelid_expressions_left5) { transformation: [-0.9987580970415885f,0.033021358899950067f,-0.03730755218806561f,0.7567257993069363f,0.021649560526547165f,0.962065857454077f,0.27195694962651473f,4.903839933770768f,0.04487271022427684f,0.27081151337702014f,-0.9615859629276916f,2.334757962244612f,0f,0f,0f,1f], start_interpolation: 0, interpolation_duration: 1 }
$data merge entity $(bone_eyelid_expressions_left7) { transformation: [-0.9987580970415885f,0.033021358899950067f,-0.03730755218806561f,0.42023015137788544f,0.021649560526547165f,0.962065857454077f,0.27195694962651473f,4.911133975159107f,0.04487271022427684f,0.27081151337702014f,-0.9615859629276916f,2.3498762093416588f,0f,0f,0f,1f], start_interpolation: 0, interpolation_duration: 1 }
$data merge entity $(bone_eyelid_expressions_left6) { transformation: [-0.9987580970415885f,0.033021358899950067f,-0.03730755218806561f,0.5323953673542358f,0.021649560526547165f,0.962065857454077f,0.27195694962651473f,4.90870262802966f,0.04487271022427684f,0.27081151337702014f,-0.9615859629276916f,2.344836793642643f,0f,0f,0f,1f], start_interpolation: 0, interpolation_duration: 1 }
$data merge entity $(bone_left_eye1) { transformation: [-0.9987580970415885f,0.033021358899950067f,-0.03730755218806561f,0.1810234772843275f,0.021649560526547165f,0.962065857454077f,0.27195694962651473f,4.903342773673524f,0.04487271022427684f,0.27081151337702014f,-0.9615859629276916f,1.7846770013501683f,0f,0f,0f,1f], start_interpolation: 0, interpolation_duration: 1 }
$data merge entity $(bone_crest_middle5) { transformation: [-0.9987580970415885f,0.024163788651134978f,-0.04357034440864372f,0.24456770647408754f,0.021649560526547165f,0.9981233124037774f,0.057281321258492834f,6.106824338703647f,0.04487271022427684f,0.056266904607722684f,-0.9974068755141972f,2.6183789607784242f,0f,0f,0f,1f], start_interpolation: 0, interpolation_duration: 1 }
$data merge entity $(bone_crest_middle4) { transformation: [-0.9987580970415885f,0.024163788651134978f,-0.04357034440864372f,0.22828546607439698f,0.021649560526547165f,0.9981233124037774f,0.057281321258492834f,5.43426077858782f,0.04487271022427684f,0.056266904607722684f,-0.9974068755141972f,2.5804647379470484f,0f,0f,0f,1f], start_interpolation: 0, interpolation_duration: 1 }
$data merge entity $(bone_crest_middle1) { transformation: [-0.9987580970415885f,0.024163788651134978f,-0.04357034440864372f,0.21974366686753166f,0.021649560526547165f,0.9981233124037774f,0.057281321258492834f,4.925013367252833f,0.04487271022427684f,0.056266904607722684f,-0.9974068755141972f,2.6360395298653425f,0f,0f,0f,1f], start_interpolation: 0, interpolation_duration: 1 }
$data merge entity $(bone_crest_left5) { transformation: [-0.5644822659989996f,-0.8224167033876484f,0.070643735473338f,-0.8760543528004623f,-0.799765814093613f,0.5660956571123869f,0.19977574829211678f,5.486888064944897f,-0.2042900241808562f,0.05627142247613179f,-0.9772917236080011f,2.5893059240861507f,0f,0f,0f,1f], start_interpolation: 0, interpolation_duration: 1 }
$data merge entity $(bone_crest_left4) { transformation: [-0.5644822659989996f,-0.8224167033876484f,0.070643735473338f,-0.4142480984568121f,-0.799765814093613f,0.5660956571123869f,0.19977574829211678f,5.169012085609328f,-0.2042900241808562f,0.05627142247613179f,-0.9772917236080011f,2.5577082015043384f,0f,0f,0f,1f], start_interpolation: 0, interpolation_duration: 1 }
$data merge entity $(bone_crest_left1) { transformation: [-0.5644822659989996f,-0.8224167033876484f,0.070643735473338f,0.09770559263928538f,-0.799765814093613f,0.5660956571123869f,0.19977574829211678f,4.830566384831215f,-0.2042900241808562f,0.05627142247613179f,-0.9772917236080011f,2.4680734858562783f,0f,0f,0f,1f], start_interpolation: 0, interpolation_duration: 1 }
$data merge entity $(bone_crest_center1) { transformation: [-0.9987580970415885f,0.033021358899950067f,-0.03730755218806561f,0.20894370713466542f,0.021649560526547165f,0.962065857454077f,0.27195694962651473f,4.801124257075236f,0.04487271022427684f,0.27081151337702014f,-0.9615859629276916f,2.4554308168848484f,0f,0f,0f,1f], start_interpolation: 0, interpolation_duration: 1 }
$data merge entity $(bone_crest_right5) { transformation: [-0.5087824027483294f,0.8478586275858431f,-0.1492521835079364f,1.3302111157654342f,0.8230304148772023f,0.5298899662839264f,0.20454231791656066f,5.43906399429072f,0.2525102034387851f,-0.018771554540564825f,-0.9674121282573594f,2.4901817103831165f,0f,0f,0f,1f], start_interpolation: 0, interpolation_duration: 1 }
$data merge entity $(bone_crest_right4) { transformation: [-0.5087824027483294f,0.8478586275858431f,-0.1492521835079364f,0.8541186246893993f,0.8230304148772023f,0.5298899662839264f,0.20454231791656066f,5.14151835892621f,0.2525102034387851f,-0.018771554540564825f,-0.9674121282573594f,2.5007223782159533f,0f,0f,0f,1f], start_interpolation: 0, interpolation_duration: 1 }
$data merge entity $(bone_crest_right1) { transformation: [-0.5087824027483294f,0.8478586275858431f,-0.1492521835079364f,0.3220360245919859f,0.8230304148772023f,0.5298899662839264f,0.20454231791656066f,4.825703690572323f,0.2525102034387851f,-0.018771554540564825f,-0.9674121282573594f,2.4579946544582474f,0f,0f,0f,1f], start_interpolation: 0, interpolation_duration: 1 }
$data merge entity $(bone_head1) { transformation: [-1.046875349112602f,0.034612231659452854f,-0.039104921238792716f,0.15612527914399682f,0.02269257320816466f,1.0084153844407964f,0.2850590422517503f,5.017301742262548f,0.04703454652414432f,0.28385842222461083f,-1.0079123699958221f,1.175521939269169f,0f,0f,0f,1f], start_interpolation: 0, interpolation_duration: 1 }
$data merge entity $(bone_neck10) { transformation: [-1.484844752088938f,0.04538212987286226f,-0.1880712794824599f,0.00850985355088544f,0.006007819463972323f,1.4657310577930007f,0.3062525983731839f,4.7957874012655415f,0.19337592917231244f,0.3029310320737066f,-1.4536274699893128f,0.04893305727967151f,0f,0f,0f,1f], start_interpolation: 0, interpolation_duration: 1 }
$data merge entity $(bone_neck9) { transformation: [-1.1359062353480383f,0.04203184397672749f,-0.14191017260189362f,-0.03810376266445874f,0.00459598188993883f,1.1078312929441694f,0.29133632080922245f,3.36956436512056f,0.14793258581681912f,0.2883249884489772f,-1.0987141573621335f,-0.26468143008852824f,0f,0f,0f,1f], start_interpolation: 0, interpolation_duration: 1 }
$data merge entity $(bone_neck8) { transformation: [-1.054410058656356f,-0.026083665680170478f,-0.13352605732928396f,-0.014439173609108714f,0.01025227470389782f,1.025228515641861f,-0.2812321442778205f,2.6134732769480773f,0.13566302541449513f,-0.28020754896396016f,-1.0165477905322082f,-0.023614756460083375f,0f,0f,0f,1f], start_interpolation: 0, interpolation_duration: 1 }
$data merge entity $(bone_neck7) { transformation: [-1.046370016503916f,-0.06262382078566833f,-0.12495862709634255f,0.04486174738525221f,0f,0.9437776692060235f,-0.47298025747598577f,1.7695138561470114f,0.13977267764337314f,-0.4688161484337482f,-0.9354686688532925f,0.42032540928452555f,0f,0f,0f,1f], start_interpolation: 0, interpolation_duration: 1 }
$data merge entity $(bone_neck6) { transformation: [-1.040433165346447f,-0.035970578017468474f,-0.13424402473881256f,0.07550560779719012f,0f,1.01390768862361f,-0.27167574636640246f,0.8712675459942054f,0.13897964117447456f,-0.2692839183479605f,-1.0049812649358174f,0.6497323095858552f,0f,0f,0f,1f], start_interpolation: 0, interpolation_duration: 1 }
$data merge entity $(bone_neck_spine6) { transformation: [-1.2553276866562455f,-0.20244594311059183f,-0.056155211236814495f,-0.24792625777464547f,-0.0656856174551186f,0.05505474620825118f,1.2698975325183504f,0.33528605326317695f,-0.19955742855260516f,1.255376431017692f,-0.0647473371766276f,-2.0209350764405096f,0f,0f,0f,1f], start_interpolation: 0, interpolation_duration: 1 }
$data merge entity $(bone_neck_spine7) { transformation: [-0.8338123864565657f,-0.5290501116702805f,0.15767968649534386f,0.9654011597812978f,0.0066171212622147795f,0.27602816222937876f,0.9611267696628126f,0.36613620477645037f,-0.5520082589036215f,0.8024427911059677f,-0.22665491193498816f,-5.380872472223436f,0f,0f,0f,1f], start_interpolation: 0, interpolation_duration: 1 }
$data merge entity $(bone_tail6) { transformation: [-1.3470571191529637f,-0.9870483650053532f,0.42008877681592793f,3.2107869516382728f,0.16467471196938938f,0.4760877789137923f,1.6466707635510685f,-0.8777631375159595f,-1.0600100445298823f,1.3282988705243706f,-0.27803372742630855f,-8.397917055618189f,0f,0f,0f,1f], start_interpolation: 0, interpolation_duration: 1 }
$data merge entity $(bone_tail5) { transformation: [-1.1127863158220133f,-0.8153877797870309f,0.34702985910881f,2.695805195983306f,0.13603563162688687f,0.39328990432008926f,1.3602932394552305f,-0.6293695137348505f,-0.8756604715681637f,1.0972903713027409f,-0.22968003569999398f,-7.7048915579533f,0f,0f,0f,1f], start_interpolation: 0, interpolation_duration: 1 }
$data merge entity $(bone_tail4) { transformation: [-0.8199478116583255f,-0.6008120482641279f,0.2557062119749126f,2.4383143181558227f,0.10023678119875873f,0.2897925610779605f,1.002321334335433f,-0.505172701844296f,-0.6452235053660152f,0.8085297472757037f,-0.1692379210421008f,-7.358378809120856f,0f,0f,0f,1f], start_interpolation: 0, interpolation_duration: 1 }
$data merge entity $(bone_segment18) { transformation: [-0.7822607693833467f,-0.5731970845550936f,0.2439532556481154f,2.1164507208714682f,0.09562962479583442f,0.2764729029911474f,0.9562519065461025f,-0.3499266869811028f,-0.6155672697156519f,0.7713675104443981f,-0.16145928367743284f,-6.925237873080301f,0f,0f,0f,1f], start_interpolation: 0, interpolation_duration: 1 }
$data merge entity $(bone_segment17) { transformation: [-0.7822607693833467f,-0.5731970845550936f,0.2439532556481154f,1.698028044401807f,0.09562962479583442f,0.2764729029911474f,0.9562519065461025f,-0.14810686765895148f,-0.6155672697156519f,0.7713675104443981f,-0.16145928367743284f,-6.3621546562275775f,0f,0f,0f,1f], start_interpolation: 0, interpolation_duration: 1 }
$data merge entity $(bone_segment16) { transformation: [-0.7893815539417965f,-0.6124111734153461f,0.042770515223372926f,1.113426558060497f,0.005237871262022926f,0.06294859778670069f,0.9980030254169228f,-0.08801677553346322f,-0.6138805478275694f,0.7880292054947755f,-0.04648273105354918f,-5.6099099800838825f,0f,0f,0f,1f], start_interpolation: 0, interpolation_duration: 1 }
$data merge entity $(bone_segment15) { transformation: [-0.8338123864565657f,-0.5518336721542292f,0.015378636753132321f,0.4627047229762864f,0.0066171212622147795f,0.0178648179338661f,0.9998185145247067f,-0.06695059618273733f,-0.5520082589036215f,0.8337628239235476f,-0.011244356149831367f,-4.626737509490441f,0f,0f,0f,1f], start_interpolation: 0, interpolation_duration: 1 }
$data merge entity $(bone_segment14) { transformation: [-0.9700470976094694f,-0.3904461424216388f,-0.07235769698295613f,0.023452812751942803f,-0.02110012574724559f,-0.14004507506877906f,1.0385650483564344f,-0.22450130563511375f,-0.3965332408992549f,0.9626081159237199f,0.12174646625217583f,-3.543803379076256f,0f,0f,0f,1f], start_interpolation: 0, interpolation_duration: 1 }
$data merge entity $(bone_segment13) { transformation: [-1.011646429834739f,-0.1528106737726263f,-0.07289726199912976f,-0.15859390213167165f,-0.052934879949124984f,-0.13401585910127453f,1.0155448093596398f,-0.41370467089539187f,-0.16081981006886414f,1.0053766753380005f,0.1242913560908848f,-2.3363503512557133f,0f,0f,0f,1f], start_interpolation: 0, interpolation_duration: 1 }
$data merge entity $(bone_segment12) { transformation: [-1.1144425788209673f,0.011866477166938803f,-0.04848511547057024f,-0.14425856058771874f,-0.04775576971299755f,0.06186307432406669f,1.1128190453465339f,-0.338970755604573f,0.014526051138115743f,1.113780062645448f,-0.06129312427598506f,-0.990844235308192f,0f,0f,0f,1f], start_interpolation: 0, interpolation_duration: 1 }
$data merge entity $(bone_segment11) { transformation: [-1.1838079449765087f,0.11389224833569153f,-0.052441835025893085f,-0.011988098604843858f,0.005292235624251848f,0.5428319007059401f,1.059447195805162f,0.28835582312421104f,0.12527402976650512f,1.05332090277672f,-0.5403187338238824f,0.2263685647879169f,0f,0f,0f,1f], start_interpolation: 0, interpolation_duration: 1 }
$data merge entity $(bone_segment10) { transformation: [-1.0399740268984414f,0.09015936894627943f,-0.0948710155580809f,0.0859711996812884f,0.034501751412123964f,0.9217828891852019f,0.4977962759804972f,1.231778390701035f,0.12624916059645294f,0.49077774136747876f,-0.9175366783143335f,0.7280801078617676f,0f,0f,0f,1f], start_interpolation: 0, interpolation_duration: 1 }