# This file was generated by Animated Java via MC-Build. It is not recommended to edit this file directly.
$data merge entity $(bone_neck_spine5) { transformation: [-1.3543329150259897f,-0.0016127654987926803f,-0.18703319069326255f,0.006072099908029711f,-0.0022751644366616787f,1.3671775771294483f,0.00468576327710435f,3.657315100336789f,0.18702630579745352f,0.004952952467853243f,-1.3543257692881203f,-0.7496599028100954f,0f,0f,0f,1f], start_interpolation: 0, interpolation_duration: 1 }
$data merge entity $(bone_neck_spine2) { transformation: [-1.2898408714533232f,0.01310559726743469f,-0.1776507151498134f,0.1061409397780925f,-0.002166823273011122f,1.2973041975940887f,0.1114366668835077f,5.0056666357249515f,0.17812029123566997f,0.11068454801581891f,-1.285084860865265f,0.7052618965729758f,0f,0f,0f,1f], start_interpolation: 0, interpolation_duration: 1 }
$data merge entity $(bone_scale_neck_left1) { transformation: [-1.3601787492890203f,0.43757326195149215f,-0.09951295800279016f,0.7714096499793716f,0.35974057022961814f,1.2531172067569576f,0.5930795955546674f,4.228068423673265f,0.268253444556083f,0.5382251619513428f,-1.2999281452945868f,0.5161190796687666f,0f,0f,0f,1f], start_interpolation: 0, interpolation_duration: 1 }
$data merge entity $(bone_scale_neck_right1) { transformation: [-1.3807805916988987f,-0.2794554705774128f,-0.25847440096608054f,-0.582923265046618f,-0.3643451494625106f,1.251912659297308f,0.5928125538119631f,4.225793259236603f,0.11025873232337778f,0.6372430869442816f,-1.2779763998176732f,0.7031453854662201f,0f,0f,0f,1f], start_interpolation: 0, interpolation_duration: 1 }
$data merge entity $(bone_blush_right1) { transformation: [-0.9985025663085146f,0.030850897557178503f,-0.045175736797831795f,-0.39742251638761394f,0.01706898539482593f,0.9602804064142653f,0.27851425599858454f,3.7758077361162568f,0.05197378967231199f,0.2773260953764905f,-0.9593690437002477f,1.7838799990950114f,0f,0f,0f,1f], start_interpolation: 0, interpolation_duration: 1 }
$data merge entity $(bone_blush_left1) { transformation: [-0.9985025663085146f,0.030850897557178503f,-0.045175736797831795f,0.7531956752569635f,0.01706898539482593f,0.9602804064142653f,0.27851425599858454f,3.756138397477688f,0.05197378967231199f,0.2773260953764905f,-0.9593690437002477f,1.723988327402308f,0f,0f,0f,1f], start_interpolation: 0, interpolation_duration: 1 }
$data merge entity $(bone_left_head_scales) { transformation: [-0.8648227594536384f,0.030850897557178503f,-0.5011285432410639f,0.767088840487442f,-0.11346319651696218f,0.9602804064142653f,0.2549267426007069f,4.460720002863264f,0.4890886399898771f,0.2773260953764905f,-0.8269719094721911f,1.5716085020145238f,0f,0f,0f,1f], start_interpolation: 0, interpolation_duration: 1 }
$data merge entity $(bone_left_head_scales2) { transformation: [-0.7920136802973912f,0.030850897557178503f,-0.6097233408208173f,0.7496041163408912f,-0.14576712014852047f,0.9602804064142653f,0.23793588997976042f,3.669702948633576f,0.5928459132906195f,0.2773260953764905f,-0.7560581723107295f,1.4954800647624191f,0f,0f,0f,1f], start_interpolation: 0, interpolation_duration: 1 }
$data merge entity $(bone_left_head_scales1) { transformation: [-0.9985025663085146f,0.030850897557178503f,-0.045175736797831795f,0.7640760575228738f,0.01706898539482593f,0.9602804064142653f,0.27851425599858454f,4.36694261942437f,0.05197378967231199f,0.2773260953764905f,-0.9593690437002477f,1.5445258755129134f,0f,0f,0f,1f], start_interpolation: 0, interpolation_duration: 1 }
$data merge entity $(bone_right_head_scales) { transformation: [-0.9065424270901778f,0.030850897557178503f,0.4209858073680943f,-0.40303135440534865f,0.14374394643010507f,0.9602804064142653f,0.2391635819299271f,4.4807227201228255f,-0.3968860110285429f,0.2773260953764905f,-0.8749695600837099f,1.6325152867867645f,0f,0f,0f,1f], start_interpolation: 0, interpolation_duration: 1 }
$data merge entity $(bone_right_head_scales2) { transformation: [-0.8438371565414575f,0.030850897557178503f,0.5357117465204065f,-0.42051607855189943f,0.17373130870874168f,0.9602804064142653f,0.2183551543499758f,3.689705665893138f,-0.5076970411715785f,0.2773260953764905f,-0.8156800544385364f,1.5563868495346598f,0f,0f,0f,1f], start_interpolation: 0, interpolation_duration: 1 }
$data merge entity $(bone_right_head_scales1) { transformation: [-0.9985025663085146f,0.030850897557178503f,-0.045175736797831795f,-0.40604413736991685f,0.01706898539482593f,0.9602804064142653f,0.27851425599858454f,4.386945336683932f,0.05197378967231199f,0.2773260953764905f,-0.9593690437002477f,1.605432660285154f,0f,0f,0f,1f], start_interpolation: 0, interpolation_duration: 1 }
$data merge entity $(bone_head_left_fin1) { transformation: [-0.6545744064143155f,0.034778146370799665f,-0.7551972106690796f,0.7494693753790689f,0.06668641260821531f,0.9977035526486643f,-0.011855100407890312f,4.035676637939714f,0.753050641617676f,-0.058121438103728384f,-0.6553904405710849f,1.3727001252187163f,0f,0f,0f,1f], start_interpolation: 0, interpolation_duration: 1 }
$data merge entity $(bone_head_right_fin1) { transformation: [-0.7310903202075654f,-0.006593953611950448f,0.6822488281225285f,-0.42065081951372174f,-0.042999051374607355f,0.9984107914622505f,-0.036427641600942556f,4.055679355199276f,-0.6809243902810967f,-0.05596794857314569f,-0.7302119989789473f,1.433606909990957f,0f,0f,0f,1f], start_interpolation: 0, interpolation_duration: 1 }
$data merge entity $(bone_right_whisker16) { transformation: [0.2744822574904125f,0.898116661864741f,-0.34357815996349594f,-0.9257899149035383f,0.9606482653916952f,-0.2719392342004223f,0.05660356086338647f,1.6909425928768587f,-0.04259578057618085f,-0.34559443656318106f,-0.9374167082432887f,1.3400115338174783f,0f,0f,0f,1f], start_interpolation: 0, interpolation_duration: 1 }
$data merge entity $(bone_right_whisker15) { transformation: [-0.8546060254178103f,0.3893617717697406f,-0.34357815996349594f,-0.6754170558944143f,0.39500251649831314f,0.9169345935548427f,0.05660356086338647f,1.5752191993714935f,0.3370779632066934f,-0.08734049362548697f,-0.9374167082432887f,1.2412582242842674f,0f,0f,0f,1f], start_interpolation: 0, interpolation_duration: 1 }
$data merge entity $(bone_right_whisker14) { transformation: [-0.7140537186645056f,-0.6099847005109961f,-0.34357815996349594f,-0.46622163050442234f,-0.6640896854363207f,0.7455071606595564f,0.05660356086338647f,1.7697767244016656f,0.22161267237791188f,0.2685846952971017f,-0.9374167082432887f,1.176332636673551f,0f,0f,0f,1f], start_interpolation: 0, interpolation_duration: 1 }
$data merge entity $(bone_right_whisker13) { transformation: [-0.12327443651129796f,-0.9859230728140392f,-0.11295622070406243f,-0.430106072932753f,-0.9629661089996973f,0.0913402284513053f,0.25367939526979066f,2.0518957016476707f,-0.23979092188989423f,0.1400451968451123f,-0.960670420393908f,1.2465838833209808f,0f,0f,0f,1f], start_interpolation: 0, interpolation_duration: 1 }
$data merge entity $(bone_right_whisker12) { transformation: [0.02860304954893711f,-0.9960890360415239f,-0.08359723580579159f,-0.44127913916280653f,-0.8876460720860408f,-0.06376665312348115f,0.4560901935578675f,2.39863244855628f,-0.459637157186758f,0.061159187595141454f,-0.8859984410290896f,1.4261296478470582f,0f,0f,0f,1f], start_interpolation: 0, interpolation_duration: 1 }
$data merge entity $(bone_right_whisker11) { transformation: [0.2667680118719004f,-0.961132549654751f,-0.07112699794080657f,-0.5454853938002676f,-0.9465925377900561f,-0.2751693898164719f,0.1680606268827175f,2.7683951586305207f,-0.1811005114352114f,0.02249508617872838f,-0.9832072903796615f,1.4968720351264377f,0f,0f,0f,1f], start_interpolation: 0, interpolation_duration: 1 }
$data merge entity $(bone_right_whisker10) { transformation: [0.056787487175331525f,-0.9977227053520223f,0.03639484201578118f,-0.5676680059781315f,-0.9952852790207929f,-0.05944439640406237f,-0.07663926604984733f,3.157178470748018f,0.07862820527529618f,-0.031871099152661855f,-0.9963944190801084f,1.4661578924407752f,0f,0f,0f,1f], start_interpolation: 0, interpolation_duration: 1 }
$data merge entity $(bone_right_whisker1) { transformation: [-0.36556728956528933f,-0.9307149448926195f,0.011412631309931025f,-0.42486828349169037f,-0.9144659797276579f,0.36141692104781786f,0.1820158814528295f,3.514391744079134f,-0.173529619145041f,0.05610258936844134f,-0.9832293581588848f,1.5339428999193068f,0f,0f,0f,1f], start_interpolation: 0, interpolation_duration: 1 }
$data merge entity $(bone_left_whisker16) { transformation: [0.24312849121166613f,-0.9370246450257302f,0.25074559093938836f,1.1596563492491387f,-0.969847414972643f,-0.23932449537092032f,0.04604104241149032f,1.6538793514834476f,0.016867970595810883f,-0.2543788523636713f,-0.9669575332133876f,1.2363545573290051f,0f,0f,0f,1f], start_interpolation: 0, interpolation_duration: 1 }
$data merge entity $(bone_left_whisker15) { transformation: [-0.897273633113314f,-0.36335475219692787f,0.25074559093938836f,0.8967832145479725f,-0.3638675312472183f,0.9303121208055489f,0.04604104241149032f,1.5472775356883641f,-0.2500008940457781f,-0.04992676574935785f,-0.9669575332133876f,1.163112107901531f,0f,0f,0f,1f], start_interpolation: 0, interpolation_duration: 1 }
$data merge entity $(bone_left_whisker14) { transformation: [-0.7085154645049587f,0.6596457270245744f,0.25074559093938836f,0.6892103245562854f,0.6893720559010706f,0.7229428683903001f,0.04604104241149032f,1.749242005190631f,-0.15090395985544522f,0.20547779408448447f,-0.9669575332133876f,1.118901963412631f,0f,0f,0f,1f], start_interpolation: 0, interpolation_duration: 1 }
$data merge entity $(bone_left_whisker13) { transformation: [-0.06468480940258807f,0.9975647429222015f,0.026085611189170643f,0.6702596968016209f,0.9663065829419786f,0.05608902635649153f,0.2512082978035922f,2.0323396369119138f,0.24913342448484982f,0.04145605867593427f,-0.9675814859759918f,1.1918902713671768f,0f,0f,0f,1f], start_interpolation: 0, interpolation_duration: 1 }
$data merge entity $(bone_left_whisker12) { transformation: [0.10547300727682178f,0.9943560501228015f,0.011466922872514426f,0.7114600902691294f,0.8852632280182611f,-0.09914150213154688f,0.4544006818588514f,2.378145585356547f,0.45297291514468285f,-0.03777576126673304f,-0.8907235991069542f,1.3688328163455685f,0f,0f,0f,1f], start_interpolation: 0, interpolation_duration: 1 }
$data merge entity $(bone_left_whisker11) { transformation: [0.316791451591832f,0.9482675580866585f,-0.020780146262857152f,0.8352067510471888f,0.9362213258180454f,-0.3091038806380692f,0.1671658459673741f,2.743857040754221f,0.15209472470089658f,-0.07241152708548626f,-0.9857097775021336f,1.4282448181818563f,0f,0f,0f,1f], start_interpolation: 0, interpolation_duration: 1 }
$data merge entity $(bone_left_whisker10) { transformation: [0.08395597330687732f,0.9869114152739896f,-0.1376853403525077f,0.8680020531201877f,0.9927839396479871f,-0.09471597100886132f,-0.07354545541956184f,3.131663267179216f,-0.08562385020026297f,-0.13051721433488983f,-0.9877417744730365f,1.3947980016973787f,0f,0f,0f,1f], start_interpolation: 0, interpolation_duration: 1 }
$data merge entity $(bone_left_whisker1) { transformation: [-0.31391900206555184f,0.9439150011916342f,-0.10236860196156589f,0.7453774429383315f,0.9265420350464265f,0.32810037704985195f,0.18403803919780254f,3.4935937496192264f,0.20730344289035585f,-0.037075775179251896f,-0.977573869055767f,1.475775909076424f,0f,0f,0f,1f], start_interpolation: 0, interpolation_duration: 1 }
$data merge entity $(bone_upper_left_tooth1) { transformation: [-0.9985025663085146f,0.026796175683045067f,-0.047692662371416006f,0.47817841684577334f,0.01706898539482593f,0.9809003663986458f,0.19376047310169872f,3.658256940027923f,0.05197378967231199f,0.19265626428373994f,-0.9798889166733807f,2.3913015844035708f,0f,0f,0f,1f], start_interpolation: 0, interpolation_duration: 1 }
$data merge entity $(bone_upper_right_tooth1) { transformation: [-0.9985025663085146f,0.026796175683045067f,-0.047692662371416006f,-0.10688168060062195f,0.01706898539482593f,0.9809003663986458f,0.19376047310169872f,3.6682582986577037f,0.05197378967231199f,0.19265626428373994f,-0.9798889166733807f,2.4217549767896913f,0f,0f,0f,1f], start_interpolation: 0, interpolation_duration: 1 }
$data merge entity $(bone_top_lip1) { transformation: [-0.9985025663085146f,0.004441925698297409f,-0.054524254890840104f,0.21290467964959625f,0.01706898539482593f,0.9722359845332036f,-0.23337917669823027f,3.7682110472792436f,0.05197378967231199f,-0.2339603805665466f,-0.9708559447787578f,2.425954870145255f,0f,0f,0f,1f], start_interpolation: 0, interpolation_duration: 1 }
$data merge entity $(bone_muzzle1) { transformation: [-0.9985025663085146f,0.026796175683045067f,-0.047692662371416006f,0.19354246789837434f,0.01706898539482593f,0.9809003663986458f,0.19376047310169872f,4.006507230395109f,0.05197378967231199f,0.19265626428373994f,-0.9798889166733807f,1.9757146175142695f,0f,0f,0f,1f], start_interpolation: 0, interpolation_duration: 1 }
$data merge entity $(bone_jaw_right_tooth1) { transformation: [-0.9985025663085146f,-0.003546623614425895f,-0.05458980249321381f,-0.10822104701133661f,0.01706898539482593f,0.9278784435148028f,-0.372491937896833f,3.535575286647966f,0.05197378967231199f,-0.37286594846068255f,-0.9264284698052049f,2.4395986553372224f,0f,0f,0f,1f], start_interpolation: 0, interpolation_duration: 1 }
$data merge entity $(bone_jaw_left_tooth1) { transformation: [-0.9985025663085146f,-0.003546623614425895f,-0.05458980249321381f,0.5255940585555916f,0.01706898539482593f,0.9278784435148028f,-0.372491937896833f,3.5247404814657033f,0.05197378967231199f,-0.37286594846068255f,-0.9264284698052049f,2.406607480252259f,0f,0f,0f,1f], start_interpolation: 0, interpolation_duration: 1 }
$data merge entity $(bone_tongue1) { transformation: [-0.9985025663085146f,0.01904319561377653f,-0.05128334794186061f,0.17259693938683118f,0.01706898539482593f,0.9991065216367662f,0.03866274900305611f,3.5488371135679313f,0.05197378967231199f,0.037729499383076154f,-0.9979354738976866f,1.7236221779538619f,0f,0f,0f,1f], start_interpolation: 0, interpolation_duration: 1 }
$data merge entity $(bone_jaw_lips1) { transformation: [-0.9985025663085146f,0.01904319561377653f,-0.05128334794186061f,0.2592784289055348f,0.01706898539482593f,0.9991065216367662f,0.03866274900305611f,3.405594360885971f,0.05197378967231199f,0.037729499383076154f,-0.9979354738976866f,2.4964842963903067f,0f,0f,0f,1f], start_interpolation: 0, interpolation_duration: 1 }
$data merge entity $(bone_jaw3) { transformation: [-0.9985025663085146f,0.005986677289641428f,-0.05437632545823769f,0.21635844542990007f,0.01706898539482593f,0.9784644312376864f,-0.20570854756256984f,3.1732193769977872f,0.05197378967231199f,-0.20632866135789396f,-0.9771014321396512f,1.7482358295107099f,0f,0f,0f,1f], start_interpolation: 0, interpolation_duration: 1 }
$data merge entity $(bone_jaw1) { transformation: [-0.9985025663085146f,0.04268308857580753f,-0.03421664835924561f,0.18962668889923945f,0.01706898539482593f,0.8373367434075351f,0.546420925548478f,3.6001107250825357f,0.05197378967231199f,0.5450186529737251f,-0.8368114441723441f,1.094476888751066f,0f,0f,0f,1f], start_interpolation: 0, interpolation_duration: 1 }
$data merge entity $(bone_tear_right1) { transformation: [-0.9985025663085146f,0.030850897557178503f,-0.045175736797831795f,-0.3341522441490953f,0.01706898539482593f,0.9602804064142653f,0.27851425599858454f,4.078716339568775f,0.05197378967231199f,0.2773260953764905f,-0.9593690437002477f,1.9604509540082715f,0f,0f,0f,1f], start_interpolation: 0, interpolation_duration: 1 }
$data merge entity $(bone_right_pupil1) { transformation: [-0.9985025663085146f,0.030850897557178503f,-0.045175736797831795f,-0.1676012305908224f,0.01706898539482593f,0.9602804064142653f,0.27851425599858454f,4.153424160031119f,0.05197378967231199f,0.2773260953764905f,-0.9593690437002477f,2.0353719437498192f,0f,0f,0f,1f], start_interpolation: 0, interpolation_duration: 1 }
$data merge entity $(bone_right_sad_pupil1) { transformation: [-0.9985025663085146f,0.030850897557178503f,-0.045175736797831795f,-0.16804239989548872f,0.01706898539482593f,0.9602804064142653f,0.27851425599858454f,4.156144025812356f,0.05197378967231199f,0.2773260953764905f,-0.9593690437002477f,2.026003105432434f,0f,0f,0f,1f], start_interpolation: 0, interpolation_duration: 1 }
$data merge entity $(bone_right_happy_pupil1) { transformation: [-0.9985025663085146f,0.030850897557178503f,-0.045175736797831795f,-0.19317277802393976f,0.01706898539482593f,0.9602804064142653f,0.27851425599858454f,4.133116697982443f,0.05197378967231199f,0.2773260953764905f,-0.9593690437002477f,2.020501410579049f,0f,0f,0f,1f], start_interpolation: 0, interpolation_duration: 1 }
$data merge entity $(bone_eyelid_right1) { transformation: [-0.9985025663085146f,0.030850897557178503f,-0.045175736797831795f,0.18380661794906653f,0.01706898539482593f,0.9602804064142653f,0.27851425599858454f,4.238831079366551f,0.05197378967231199f,0.2773260953764905f,-0.9593690437002477f,1.5244789332894644f,0f,0f,0f,1f], start_interpolation: 0, interpolation_duration: 1 }
$data merge entity $(bone_eyelid_expressions_right5) { transformation: [-0.9985025663085146f,0.030850897557178503f,-0.045175736797831795f,-0.2771658235760943f,0.01706898539482593f,0.9602804064142653f,0.27851425599858454f,4.2518383309878995f,0.05197378967231199f,0.2773260953764905f,-0.9593690437002477f,2.0589226158995753f,0f,0f,0f,1f], start_interpolation: 0, interpolation_duration: 1 }
$data merge entity $(bone_eyelid_expressions_right7) { transformation: [-0.9985025663085146f,0.030850897557178503f,-0.045175736797831795f,0.015364225147103408f,0.01706898539482593f,0.9602804064142653f,0.27851425599858454f,4.246837651673009f,0.05197378967231199f,0.2773260953764905f,-0.9593690437002477f,2.043695919706515f,0f,0f,0f,1f], start_interpolation: 0, interpolation_duration: 1 }
$data merge entity $(bone_eyelid_expressions_right6) { transformation: [-0.9985025663085146f,0.030850897557178503f,-0.045175736797831795f,-0.08214579109396247f,0.01706898539482593f,0.9602804064142653f,0.27851425599858454f,4.248504544777973f,0.05197378967231199f,0.2773260953764905f,-0.9593690437002477f,2.0487714851042016f,0f,0f,0f,1f], start_interpolation: 0, interpolation_duration: 1 }
$data merge entity $(bone_right_eye1) { transformation: [-0.9985025663085146f,0.030850897557178503f,-0.045175736797831795f,0.17449678562962626f,0.01706898539482593f,0.9602804064142653f,0.27851425599858454f,4.236277902895811f,0.05197378967231199f,0.2773260953764905f,-0.9593690437002477f,1.5343553281466182f,0f,0f,0f,1f], start_interpolation: 0, interpolation_duration: 1 }
$data merge entity $(bone_tear_left1) { transformation: [-0.9985025663085146f,0.030850897557178503f,-0.045175736797831795f,0.7189559312544161f,0.01706898539482593f,0.9602804064142653f,0.27851425599858454f,4.06071389403517f,0.05197378967231199f,0.2773260953764905f,-0.9593690437002477f,1.905634847713255f,0f,0f,0f,1f], start_interpolation: 0, interpolation_duration: 1 }
$data merge entity $(bone_left_sad_pupil1) { transformation: [-0.9985025663085146f,0.030850897557178503f,-0.045175736797831795f,0.5632827219125054f,0.01706898539482593f,0.9602804064142653f,0.27851425599858454f,4.1436423275251295f,0.05197378967231199f,0.2773260953764905f,-0.9593690437002477f,1.9879363649497839f,0f,0f,0f,1f], start_interpolation: 0, interpolation_duration: 1 }
$data merge entity $(bone_left_pupil1) { transformation: [-0.9985025663085146f,0.030850897557178503f,-0.045175736797831795f,0.5637238912171717f,0.01706898539482593f,0.9602804064142653f,0.27851425599858454f,4.140922461743894f,0.05197378967231199f,0.2773260953764905f,-0.9593690437002477f,1.997305203267169f,0f,0f,0f,1f], start_interpolation: 0, interpolation_duration: 1 }
$data merge entity $(bone_eyelid_left1) { transformation: [-0.9985025663085146f,0.030850897557178503f,-0.045175736797831795f,0.16430461470085334f,0.01706898539482593f,0.9602804064142653f,0.27851425599858454f,4.239164457987544f,0.05197378967231199f,0.2773260953764905f,-0.9593690437002477f,1.5254940463690017f,0f,0f,0f,1f], start_interpolation: 0, interpolation_duration: 1 }
$data merge entity $(bone_left_happy_pupil1) { transformation: [-0.9985025663085146f,0.030850897557178503f,-0.045175736797831795f,0.5869073519045873f,0.01706898539482593f,0.9602804064142653f,0.27851425599858454f,4.119781553142735f,0.05197378967231199f,0.2773260953764905f,-0.9593690437002477f,1.979896887397555f,0f,0f,0f,1f], start_interpolation: 0, interpolation_duration: 1 }
$data merge entity $(bone_eyelid_expressions_left5) { transformation: [-0.9985025663085146f,0.030850897557178503f,-0.045175736797831795f,0.6784323355863514f,0.01706898539482593f,0.9602804064142653f,0.27851425599858454f,4.235502778559257f,0.05197378967231199f,0.2773260953764905f,-0.9593690437002477f,2.0091820750022453f,0f,0f,0f,1f], start_interpolation: 0, interpolation_duration: 1 }
$data merge entity $(bone_eyelid_expressions_left7) { transformation: [-0.9985025663085146f,0.030850897557178503f,-0.045175736797831795f,0.3859022868631538f,0.01706898539482593f,0.9602804064142653f,0.27851425599858454f,4.240503457874148f,0.05197378967231199f,0.2773260953764905f,-0.9593690437002477f,2.024408771195305f,0f,0f,0f,1f], start_interpolation: 0, interpolation_duration: 1 }
$data merge entity $(bone_eyelid_expressions_left6) { transformation: [-0.9985025663085146f,0.030850897557178503f,-0.045175736797831795f,0.4834123031042197f,0.01706898539482593f,0.9602804064142653f,0.27851425599858454f,4.238836564769184f,0.05197378967231199f,0.2773260953764905f,-0.9593690437002477f,2.0193332057976185f,0f,0f,0f,1f], start_interpolation: 0, interpolation_duration: 1 }
$data merge entity $(bone_left_eye1) { transformation: [-0.9985025663085146f,0.030850897557178503f,-0.045175736797831795f,0.17449678562962626f,0.01706898539482593f,0.9602804064142653f,0.27851425599858454f,4.236277902895811f,0.05197378967231199f,0.2773260953764905f,-0.9593690437002477f,1.5343553281466182f,0f,0f,0f,1f], start_interpolation: 0, interpolation_duration: 1 }
$data merge entity $(bone_crest_middle5) { transformation: [-0.9985025663085146f,0.020341789069247416f,-0.050782247811343904f,0.23039920666854805f,0.01706898539482593f,0.9977994445423456f,0.06406963562076895f,5.277913775896503f,0.05197378967231199f,0.06310689414358095f,-0.9966525197372698f,2.2662442977037403f,0f,0f,0f,1f], start_interpolation: 0, interpolation_duration: 1 }
$data merge entity $(bone_crest_middle4) { transformation: [-0.9985025663085146f,0.020341789069247416f,-0.050782247811343904f,0.2184801896357859f,0.01706898539482593f,0.9977994445423456f,0.06406963562076895f,4.693265663859973f,0.05197378967231199f,0.06310689414358095f,-0.9966525197372698f,2.2292676019164857f,0f,0f,0f,1f], start_interpolation: 0, interpolation_duration: 1 }
$data merge entity $(bone_crest_middle1) { transformation: [-0.9985025663085146f,0.020341789069247416f,-0.050782247811343904f,0.21326034564653662f,0.01706898539482593f,0.9977994445423456f,0.06406963562076895f,4.25008695954562f,0.05197378967231199f,0.06310689414358095f,-0.9966525197372698f,2.274532402252902f,0f,0f,0f,1f], start_interpolation: 0, interpolation_duration: 1 }
$data merge entity $(bone_crest_left5) { transformation: [-0.5625144209062374f,-0.8243862499979282f,0.06296695233909491f,-0.7419227797133561f,-0.8007211211839951f,0.562170274815408f,0.20690642378576574f,4.734871509290976f,-0.20596895970598714f,0.06596887848313138f,-0.9763323689754996f,2.243960167581278f,0f,0f,0f,1f], start_interpolation: 0, interpolation_duration: 1 }
$data merge entity $(bone_crest_left4) { transformation: [-0.5625144209062374f,-0.8243862499979282f,0.06296695233909491f,-0.3393904310815552f,-0.8007211211839951f,0.562170274815408f,0.20690642378576574f,4.460374304791265f,-0.20596895970598714f,0.06596887848313138f,-0.9763323689754996f,2.2117488011344366f,0f,0f,0f,1f], start_interpolation: 0, interpolation_duration: 1 }
$data merge entity $(bone_crest_left1) { transformation: [-0.5625144209062374f,-0.8243862499979282f,0.06296695233909491f,0.10646971063310816f,-0.8007211211839951f,0.562170274815408f,0.20690642378576574f,4.168530232565497f,-0.20596895970598714f,0.06596887848313138f,-0.9763323689754996f,2.1286438190890293f,0f,0f,0f,1f], start_interpolation: 0, interpolation_duration: 1 }
$data merge entity $(bone_crest_center1) { transformation: [-0.9985025663085146f,0.030850897557178503f,-0.045175736797831795f,0.20322654077393748f,0.01706898539482593f,0.9602804064142653f,0.27851425599858454f,4.143419293688438f,0.05197378967231199f,0.2773260953764905f,-0.9593690437002477f,2.116797683730345f,0f,0f,0f,1f], start_interpolation: 0, interpolation_duration: 1 }
$data merge entity $(bone_crest_right5) { transformation: [-0.5104756547154894f,0.845461743584234f,-0.1568727066072985f,1.1760780889099767f,0.8190634395190304f,0.5336249190238771f,0.21066449117024164f,4.702084083481116f,0.261819953376454f,-0.020949604584999115f,-0.9648893335930724f,2.1441248971465896f,0f,0f,0f,1f], start_interpolation: 0, interpolation_duration: 1 }
$data merge entity $(bone_crest_right4) { transformation: [-0.5104756547154894f,0.845461743584234f,-0.1568727066072985f,0.7632549719254875f,0.8190634395190304f,0.5336249190238771f,0.21066449117024164f,4.441525040988989f,0.261819953376454f,-0.020949604584999115f,-0.9648893335930724f,2.1543541962603587f,0f,0f,0f,1f], start_interpolation: 0, interpolation_duration: 1 }
$data merge entity $(bone_crest_right1) { transformation: [-0.5104756547154894f,0.845461743584234f,-0.1568727066072985f,0.3014897431152399f,0.8190634395190304f,0.5336249190238771f,0.21066449117024164f,4.16519644635557f,0.261819953376454f,-0.020949604584999115f,-0.9648893335930724f,2.1184926882936557f,0f,0f,0f,1f], start_interpolation: 0, interpolation_duration: 1 }
$data merge entity $(bone_head1) { transformation: [-0.9985025663085146f,0.030850897557178503f,-0.045175736797831795f,0.1487260823906942f,0.01706898539482593f,0.9602804064142653f,0.27851425599858454f,4.3389818291443545f,0.05197378967231199f,0.2773260953764905f,-0.9593690437002477f,1.0055279074396253f,0f,0f,0f,1f], start_interpolation: 0, interpolation_duration: 1 }
$data merge entity $(bone_neck10) { transformation: [-1.2898408714533232f,0.03618154845970695f,-0.17442026494657725f,0.013597179078345824f,-0.002166823273011122f,1.2716601765413351f,0.2798154878133246f,4.156852311248947f,0.17812029123566997f,0.2774748599321443f,-1.259643549144043f,0.02478942069485135f,0f,0f,0f,1f], start_interpolation: 0, interpolation_duration: 1 }
$data merge entity $(bone_neck9) { transformation: [-0.9905977892761523f,0.03426738466426591f,-0.13244533298486294f,-0.023439279334059017f,-0.001664120273672542f,0.9650317649157061f,0.2621276853126975f,2.9189151250613956f,0.13679638366899455f,0.2598835105426064f,-0.955901307857216f,-0.2584659487509764f,0f,0f,0f,1f], start_interpolation: 0, interpolation_duration: 1 }
$data merge entity $(bone_neck8) { transformation: [-0.9908262710957577f,-0.030330466068501937f,-0.13169420387603822f,0.00177093930962903f,0.00488596263994609f,0.9658122514763251f,-0.25919649354748786f,2.297770921487726f,0.13505342600451545f,-0.25746214814278884f,-0.9568039581848226f,-0.051038154183383755f,0f,0f,0f,1f], start_interpolation: 0, interpolation_duration: 1 }
$data merge entity $(bone_neck7) { transformation: [-0.9905058484742563f,-0.061383762219877874f,-0.12300486931023195f,0.05460259571176698f,3.469446951953614e-18f,0.8947722271348537f,-0.4465228566917196f,1.5775693704066613f,0.137470593722053f,-0.4422835010305805f,-0.8862771240294082f,0.32962554438697644f,0f,0f,0f,1f], start_interpolation: 0, interpolation_duration: 1 }
$data merge entity $(bone_neck6) { transformation: [-0.9905058484742563f,-0.03558000779681832f,-0.13278639683142282f,0.08172868946151873f,3.469446951953614e-18f,0.9659258262890684f,-0.25881904510252063f,0.8066667971181367f,0.137470593722053f,-0.256361777870569f,-0.9567551801316507f,0.5250750130909138f,0f,0f,0f,1f], start_interpolation: 0, interpolation_duration: 1 }
$data merge entity $(bone_neck_spine6) { transformation: [-1.0978106866864294f,-0.1390736167548387f,-0.020295389554285476f,-0.22965745791551442f,-0.02786686097970584f,0.05873853346462862f,1.1048596744668184f,0.39440122717694337f,-0.13775634930401465f,1.096426008140319f,-0.06176466965245887f,-1.7798154859062216f,0f,0f,0f,1f], start_interpolation: 0, interpolation_duration: 1 }
$data merge entity $(bone_neck_spine7) { transformation: [-0.8285940606404107f,-0.5252102414019233f,0.19387131040452774f,0.7687831975604174f,0.030452319558587147f,0.30349726297937746f,0.9523455610215908f,0.3645710941484843f,-0.5590210540801992f,0.7950117066374307f,-0.23548215941871906f,-4.715503154186764f,0f,0f,0f,1f], start_interpolation: 0, interpolation_duration: 1 }
$data merge entity $(bone_tail6) { transformation: [-1.0870240040895875f,-0.896126632585385f,0.5074742895834682f,2.804128632687658f,0.26751110225440367f,0.46683963012891244f,1.3973878672708455f,-0.8373181678844741f,-0.9944902746571743f,1.105084657298393f,-0.17880513275636162f,-7.222585711201807f,0f,0f,0f,1f], start_interpolation: 0, interpolation_duration: 1 }
$data merge entity $(bone_tail5) { transformation: [-0.8979763512044421f,-0.7402785225705356f,0.419217891395039f,2.336584302643109f,0.22098743229711612f,0.3856501292369277f,1.1543638903541769f,-0.5937496652085195f,-0.8215354442820136f,0.9128960212464987f,-0.1477085879291683f,-6.646019803046124f,0f,0f,0f,1f], start_interpolation: 0, interpolation_duration: 1 }
$data merge entity $(bone_tail4) { transformation: [-0.7259429870789594f,-0.5984567424570224f,0.33890456904356836f,2.102812137620835f,0.17865089263598438f,0.31176768342522154f,0.9332120713600082f,-0.47196541387054225f,-0.6641465486406173f,0.7380043624392747f,-0.11941073213642237f,-6.357736848968282f,0f,0f,0f,1f], start_interpolation: 0, interpolation_duration: 1 }
$data merge entity $(bone_segment18) { transformation: [-0.7259429870789594f,-0.5984567424570224f,0.33890456904356836f,1.810596931342992f,0.17865089263598438f,0.31176768342522154f,0.9332120713600082f,-0.3197350996980708f,-0.6641465486406173f,0.7380043624392747f,-0.11941073213642237f,-5.99738315637098f,0f,0f,0f,1f], start_interpolation: 0, interpolation_duration: 1 }
$data merge entity $(bone_segment17) { transformation: [-0.7259429870789594f,-0.5984567424570224f,0.33890456904356836f,1.430717163181796f,0.17865089263598438f,0.31176768342522154f,0.9332120713600082f,-0.1218356912738579f,-0.6641465486406173f,0.7380043624392747f,-0.11941073213642237f,-5.528923355994488f,0f,0f,0f,1f], start_interpolation: 0, interpolation_duration: 1 }
$data merge entity $(bone_segment16) { transformation: [-0.7484412299999004f,-0.6576233021804424f,0.08583308025188652f,0.8848384455515461f,0.02407748616120876f,0.10239348402953771f,0.9944525373734283f,-0.036841100038401804f,-0.6627639096212113f,0.7463559250502294f,-0.06080158917350449f,-4.909389629146153f,0f,0f,0f,1f], start_interpolation: 0, interpolation_duration: 1 }
$data merge entity $(bone_segment15) { transformation: [-0.8285940606404107f,-0.557491723833308f,0.05133089253852771f,0.313191658417783f,0.030452319558587147f,0.046670675808593284f,0.9984460447380575f,0.011014573398144045f,-0.5590210540801992f,0.8288696072826751f,-0.021694128655635123f,-4.0594745044910665f,0f,0f,0f,1f], start_interpolation: 0, interpolation_duration: 1 }
$data merge entity $(bone_segment14) { transformation: [-0.9343429989904624f,-0.3545011222867528f,-0.03649814426709315f,-0.050310468927031726f,0.004490137560608277f,-0.11411718718635915f,0.9934571486749494f,-0.1060001204941187f,-0.3563467397103495f,0.9280658499729997f,0.10821635371651614f,-3.1078444825460965f,0f,0f,0f,1f], start_interpolation: 0, interpolation_duration: 1 }
$data merge entity $(bone_segment13) { transformation: [-0.9919042439707972f,-0.12056381916624254f,-0.03987902081008049f,-0.17884878760271672f,-0.02517852850872245f,-0.12108261426504968f,0.992323053357563f,-0.26029566198056076f,-0.12446691325350968f,0.9852935430777932f,0.1170667394025839f,-2.052281722427088f,0f,0f,0f,1f], start_interpolation: 0, interpolation_duration: 1 }
$data merge entity $(bone_segment12) { transformation: [-0.9991528420734765f,0.036898200817162635f,-0.018224185933833806f,-0.13560870852010426f,-0.01608966704294468f,0.05734156792112227f,0.9982249582147276f,-0.19309851207299555f,0.03787770836444289f,0.9976725251127265f,-0.056699310791706925f,-0.8831342320606114f,0f,0f,0f,1f], start_interpolation: 0, interpolation_duration: 1 }
$data merge entity $(bone_segment11) { transformation: [-1.027886691178563f,0.11803393772478307f,-0.03264048953723484f,0.0019294455366169888f,0.024669085978574846f,0.469813061218463f,0.9220713560346515f,0.34981882622528526f,0.11995352520468079f,0.9148180906430422f,-0.46932661839837225f,0.17395308029772238f,0f,0f,0f,1f], start_interpolation: 0, interpolation_duration: 1 }
$data merge entity $(bone_segment10) { transformation: [-0.991598614471539f,0.0922876611757133f,-0.09063760462876931f,0.0929392414903904f,0.0382267324850614f,0.8784747427475098f,0.4762571188740512f,1.16029512751257f,0.12357550202867848f,0.46879111974248533f,-0.8746221934921083f,0.6058495049191323f,0f,0f,0f,1f], start_interpolation: 0, interpolation_duration: 1 }