# This file was generated by Animated Java via MC-Build. It is not recommended to edit this file directly.
$data merge entity $(bone_neck_spine5) { transformation: [-1.5565006031439783f,-0.008716302952666493f,-0.22192136902946386f,0.02108783580981744f,-0.011493837259193848f,1.5721103944506147f,0.018867827697793937f,4.231129532154087f,0.22179485944027952f,0.02030096745999568f,-1.5564106484481195f,-0.8091790135013988f,0f,0f,0f,1f], start_interpolation: 0, interpolation_duration: 1 }
$data merge entity $(bone_neck_spine2) { transformation: [-1.4823815268037885f,0.0095227643301192f,-0.21130217139066548f,0.13698224777676965f,-0.01094651167542271f,1.4904190499856989f,0.14396357527477108f,5.765035057415567f,0.2112331994669328f,0.1440647565619982f,-1.4754050843899524f,0.879737416905735f,0f,0f,0f,1f], start_interpolation: 0, interpolation_duration: 1 }
$data merge entity $(bone_scale_neck_left1) { transformation: [-1.564517530015523f,0.5000166388026462f,-0.12378747930346048f,0.9047336870230833f,0.40371287997694916f,1.4360848007144793f,0.6983777176680569f,4.876484045231916f,0.3199310701581173f,0.6330078095213599f,-1.4866069770689643f,0.6488173658885131f,0f,0f,0f,1f], start_interpolation: 0, interpolation_duration: 1 }
$data merge entity $(bone_scale_neck_right1) { transformation: [-1.5855977925223967f,-0.3240463683578831f,-0.30647784967244057f,-0.6517669161208943f,-0.4269746203140935f,1.429999582323627f,0.6970286572297882f,4.864990207972721f,0.1289472558584f,0.7504333591638851f,-1.460574359455303f,0.8706122253287926f,0f,0f,0f,1f], start_interpolation: 0, interpolation_duration: 1 }
$data merge entity $(bone_blush_right1) { transformation: [-0.9982569917728844f,0.02798169771579387f,-0.05196155280102248f,-0.42931434561926085f,0.0120499165691705f,0.9585446974723733f,0.28468730645793167f,4.338178481308659f,0.05777350506268031f,0.28356496176456314f,-0.9572111233015599f,2.1104595043227783f,0f,0f,0f,1f], start_interpolation: 0, interpolation_duration: 1 }
$data merge entity $(bone_blush_left1) { transformation: [-0.9982569917728844f,0.02798169771579387f,-0.05196155280102248f,0.8935711405485166f,0.0120499165691705f,0.9585446974723733f,0.28468730645793167f,4.322209988355178f,0.05777350506268031f,0.28356496176456314f,-0.9572111233015599f,2.0338983262270194f,0f,0f,0f,1f], start_interpolation: 0, interpolation_duration: 1 }
$data merge entity $(bone_left_head_scales) { transformation: [-0.8614715910510402f,0.02798169771579387f,-0.5070342418465751f,0.9047837864914193f,-0.12076556242681907f,0.9585446974723733f,0.2580847571619261f,5.13369458617683f,0.4932366336189186f,0.28356496176456314f,-0.8223798001627584f,1.8639988501351368f,0f,0f,0f,1f], start_interpolation: 0, interpolation_duration: 1 }
$data merge entity $(bone_left_head_scales2) { transformation: [-0.7879203332536603f,0.02798169771579387f,-0.6151411001049945f,0.8883972688738861f,-0.15341921692137075f,0.9585446974723733f,0.24011373727221366f,4.224544506061032f,0.5963590297167255f,0.28356496176456314f,-0.7509639273192736f,1.7704823989106455f,0f,0f,0f,1f], start_interpolation: 0, interpolation_duration: 1 }
$data merge entity $(bone_left_head_scales1) { transformation: [-0.9982569917728844f,0.02798169771579387f,-0.05196155280102248f,0.9016413106737277f,0.0120499165691705f,0.9585446974723733f,0.28468730645793167f,5.026045523472413f,0.05777350506268031f,0.28356496176456314f,-0.9572111233015599f,1.8321531757182181f,0f,0f,0f,1f], start_interpolation: 0, interpolation_duration: 1 }
$data merge entity $(bone_right_head_scales) { transformation: [-0.9094579409458625f,0.02798169771579387f,0.4148533213600369f,-0.4405234875775069f,0.14214237549831504f,0.9585446974723733f,0.2469566926311014f,5.149933731553251f,-0.3907451838963701f,0.28356496176456314f,-0.875733471851598f,1.9418576753172645f,0f,0f,0f,1f], start_interpolation: 0, interpolation_duration: 1 }
$data merge entity $(bone_right_head_scales2) { transformation: [-0.8475281778194147f,0.02798169771579387f,0.5300122757022185f,-0.4569100051950401f,0.1731606445036664f,0.9585446974723733f,0.22629064086406916f,4.240783651437453f,-0.5017084601610554f,0.28356496176456314f,-0.8172389696179962f,1.8483412240927732f,0f,0f,0f,1f], start_interpolation: 0, interpolation_duration: 1 }
$data merge entity $(bone_right_head_scales1) { transformation: [-0.9982569917728844f,0.02798169771579387f,-0.05196155280102248f,-0.4436659633951986f,0.0120499165691705f,0.9585446974723733f,0.28468730645793167f,5.042284668848834f,0.05777350506268031f,0.28356496176456314f,-0.9572111233015599f,1.9100120009003458f,0f,0f,0f,1f], start_interpolation: 0, interpolation_duration: 1 }
$data merge entity $(bone_head_left_fin1) { transformation: [-0.6818950293604712f,0.03125034864458137f,-0.7954355930358209f,0.8854804106249894f,0.061425998749745865f,1.0463119074327822f,-0.01155149631616884f,4.64634056973858f,0.7936757610235127f,-0.054129530749290326f,-0.6825129876345087f,1.6321078705032495f,0f,0f,0f,1f], start_interpolation: 0, interpolation_duration: 1 }
$data merge entity $(bone_head_right_fin1) { transformation: [-0.7701697695044606f,-0.012104273065772015f,0.710891841801669f,-0.45982686344393686f,-0.043898187951970244f,1.046835239178819f,-0.029734309023954988f,4.662579715115001f,-0.7096384102211161f,-0.051620408872342254f,-0.7696907548826818f,1.7099666956853772f,0f,0f,0f,1f], start_interpolation: 0, interpolation_duration: 1 }
$data merge entity $(bone_right_whisker16) { transformation: [0.27623259233908526f,0.9029070644011614f,-0.3293241381740877f,-1.038714644148715f,0.9603036646478855f,-0.2731625084341196f,0.05656072532968695f,1.9475405754595578f,-0.038889929203710434f,-0.3318750925279814f,-0.9425213506155041f,1.5772120916156633f,0f,0f,0f,1f], start_interpolation: 0, interpolation_duration: 1 }
$data merge entity $(bone_right_whisker15) { transformation: [-0.8591269808535491f,0.3917224052634209f,-0.3293241381740877f,-0.7492626828259861f,0.39617034602843765f,0.9164332715904017f,0.05656072532968695f,1.8140652147370862f,0.32395970073015734f,-0.08187561258856461f,-0.9425213506155041f,1.4680655127563818f,0f,0f,0f,1f], start_interpolation: 0, interpolation_duration: 1 }
$data merge entity $(bone_right_whisker14) { transformation: [-0.7181038175098267f,-0.6130844308035458f,-0.3293241381740877f,-0.5073234083719921f,-0.6631417873501045f,0.7463537058394549f,0.05656072532968695f,2.0374870083267207f,0.21111579085402832f,0.25900507038667026f,-0.9425213506155041f,1.396937634001851f,0f,0f,0f,1f], start_interpolation: 0, interpolation_duration: 1 }
$data merge entity $(bone_right_whisker13) { transformation: [-0.12078305226521259f,-0.9878153691873764f,-0.09814403029581555f,-0.4666298995521695f,-0.9629345717550506f,0.09256896137052617f,0.25335350384334293f,2.3619132068184125f,-0.2411813939847261f,0.1251070892795011f,-0.9623823312008565f,1.478195037248658f,0f,0f,0f,1f], start_interpolation: 0, interpolation_duration: 1 }
$data merge entity $(bone_right_whisker12) { transformation: [0.034484258590936644f,-0.9969735083032942f,-0.06967538769791418f,-0.4821208750910668f,-0.8878985816138039f,-0.06256348926103478f,0.45576520115041597f,2.7607738977777383f,-0.4587449669234837f,0.046147952857148705f,-0.8873688194710618f,1.6842718778588168f,0f,0f,0f,1f], start_interpolation: 0, interpolation_duration: 1 }
$data merge entity $(bone_right_whisker11) { transformation: [0.2683483530243503f,-0.9616881432748087f,-0.05608098174755551f,-0.6026679868012242f,-0.9469926536920139f,-0.27402571727970715f,0.167674745035438f,3.186180753928448f,-0.17661844547633138f,0.008113036052733384f,-0.9842459567422824f,1.7636121951626376f,0f,0f,0f,1f], start_interpolation: 0, interpolation_duration: 1 }
$data merge entity $(bone_right_whisker10) { transformation: [0.054414322301506404f,-0.9971978481154347f,0.05133744483721736f,-0.627111920647604f,-0.9953138470499712f,-0.05828374107608078f,-0.07715796392312824f,3.6332943961579267f,0.07993389393151182f,-0.046898371401605375f,-0.9956962967495775f,1.7277043912480912f,0f,0f,0f,1f], start_interpolation: 0, interpolation_duration: 1 }
$data merge entity $(bone_right_whisker1) { transformation: [-0.36399065783417367f,-0.9310265024692567f,0.026466067129611127f,-0.46360049232365885f,-0.9141172908223629f,0.3625402819940966f,0.18153270380629644f,4.043933022894535f,-0.17860677374900752f,0.0418831186936271f,-0.9830286998554346f,1.807937902893153f,0f,0f,0f,1f], start_interpolation: 0, interpolation_duration: 1 }
$data merge entity $(bone_left_whisker16) { transformation: [0.24169622012851433f,-0.9333619083188855f,0.2653648154426597f,1.3610222551156368f,-0.9701251048271352f,-0.23834149551796657f,0.045283689098819246f,1.9020345680031037f,0.020981376497459757f,-0.268381965887403f,-0.9630840577159838f,1.4942357950530951f,0f,0f,0f,1f], start_interpolation: 0, interpolation_duration: 1 }
$data merge entity $(bone_left_whisker15) { transformation: [-0.8938291805174583f,-0.36145665131599364f,0.2653648154426597f,1.059878634726454f,-0.36292918689360115f,0.9307157422125998f,0.045283689098819246f,1.7797586212469587f,-0.26334730178271826f,-0.05583275398077013f,-0.9630840577159838f,1.405510385761066f,0f,0f,0f,1f], start_interpolation: 0, interpolation_duration: 1 }
$data merge entity $(bone_left_whisker14) { transformation: [-0.7053395123272782f,0.6573261649097807f,0.2653648154426597f,0.822239834186502f,0.6901344225849354f,0.7222630173731441f,0.045283689098819246f,2.0122746132311407f,-0.16189703861798924f,0.21507776886521907f,-0.9630840577159838f,1.35096499677356f,0f,0f,0f,1f], start_interpolation: 0, interpolation_duration: 1 }
$data merge entity $(bone_left_whisker13) { transformation: [-0.06729169168589494f,0.9968912690040005f,0.04098324064351107f,0.7995683169681097f,0.9665010171863117f,0.0549331375833033f,0.2507152451947795f,2.337902397341763f,0.24768450094399322f,0.05648139675014539f,-0.9671929692741141f,1.4344133882048857f,0f,0f,0f,1f], start_interpolation: 0, interpolation_duration: 1 }
$data merge entity $(bone_left_whisker12) { transformation: [0.09967418588926553f,0.9946946754507846f,0.02544718642935828f,0.8443438301605533f,0.8853545464003046f,-0.1003313242468111f,0.4539613998383474f,2.7356202599825252f,0.4541061371922017f,-0.022718450755710225f,-0.8906578962540205f,1.6384063795216952f,0f,0f,0f,1f], start_interpolation: 0, interpolation_duration: 1 }
$data merge entity $(bone_left_whisker11) { transformation: [0.3155696986658052f,0.9488852611759081f,-0.005703192711239882f,0.986103655733083f,0.9359198651616064f,-0.31025575883788337f,0.1667194352911786f,3.1560530119105907f,0.15642816651694538f,-0.05794933330986479f,-0.9859878820193932f,1.7086768449492293f,0f,0f,0f,1f], start_interpolation: 0, interpolation_duration: 1 }
$data merge entity $(bone_left_whisker10) { transformation: [0.08641562285113417f,0.9886557993522634f,-0.12284970709931457f,1.024923173810741f,0.9926433007345928f,-0.09594131550300802f,-0.07385486772234376f,3.601966994662458f,-0.08480340579235701f,-0.11556372435452719f,-0.9896733844957778f,1.670581565003444f,0f,0f,0f,1f], start_interpolation: 0, interpolation_duration: 1 }
$data merge entity $(bone_left_whisker1) { transformation: [-0.315913167569059f,0.944755374600018f,-0.08738508294247523f,0.8830090555668276f,0.9270102494454335f,0.3269699892212671f,0.1836916535168645f,4.018397380155524f,0.20211597655702268f,-0.022976255417803237f,-0.9790920404677881f,1.761375851347419f,0f,0f,0f,1f], start_interpolation: 0, interpolation_duration: 1 }
$data merge entity $(bone_upper_left_tooth1) { transformation: [-0.9982569917728844f,0.023346471179384987f,-0.054202589052753346f,0.58222737567012f,0.0120499165691705f,0.9797092791511056f,0.2000613102423775f,4.203055807808283f,0.05777350506268031f,0.19905946505677868f,-0.9782829608472599f,2.8023272583394188f,0f,0f,0f,1f], start_interpolation: 0, interpolation_duration: 1 }
$data merge entity $(bone_upper_right_tooth1) { transformation: [-0.9982569917728844f,0.023346471179384987f,-0.054202589052753346f,-0.09042626136434306f,0.0120499165691705f,0.9797092791511056f,0.2000613102423775f,4.211175380496494f,0.05777350506268031f,0.19905946505677868f,-0.9782829608472599f,2.8412566709304827f,0f,0f,0f,1f], start_interpolation: 0, interpolation_duration: 1 }
$data merge entity $(bone_top_lip1) { transformation: [-0.9982569917728844f,-0.0013383307892574046f,-0.059001586819763044f,0.27681226074296233f,0.0120499165691705f,0.9740599690270411f,-0.22596897187382958f,4.32780581317278f,0.05777350506268031f,-0.22628607029540754f,-0.9723460477129704f,2.844760727133467f,0f,0f,0f,1f], start_interpolation: 0, interpolation_duration: 1 }
$data merge entity $(bone_muzzle1) { transformation: [-0.9982569917728844f,0.023346471179384987f,-0.054202589052753346f,0.2503091138417033f,0.0120499165691705f,0.9797092791511056f,0.2000613102423775f,4.605183844464707f,0.05777350506268031f,0.19905946505677868f,-0.9782829608472599f,2.3289648826365137f,0f,0f,0f,1f], start_interpolation: 0, interpolation_duration: 1 }
$data merge entity $(bone_jaw_right_tooth1) { transformation: [-0.9982569917728844f,-0.01022142303467813f,-0.05812487322736851f,-0.09104675703857013f,0.0120499165691705f,0.9288386819369716f,-0.3702884044204805f,4.0645721635910395f,0.05777350506268031f,-0.3703433885581534f,-0.927096541177906f,2.8611125267605235f,0f,0f,0f,1f], start_interpolation: 0, interpolation_duration: 1 }
$data merge entity $(bone_jaw_left_tooth1) { transformation: [-0.9982569917728844f,-0.01022142303467813f,-0.05812487322736851f,0.6376613497487649f,0.0120499165691705f,0.9288386819369716f,-0.3702884044204805f,4.055775959845478f,0.05777350506268031f,-0.3703433885581534f,-0.927096541177906f,2.8189389964535376f,0f,0f,0f,1f], start_interpolation: 0, interpolation_duration: 1 }
$data merge entity $(bone_tongue1) { transformation: [-0.9982569917728844f,0.0140096971942588f,-0.05732980691644345f,0.2269194213842996f,0.0120499165691705f,0.9993358984912175f,0.03438839189940976f,4.077624821719863f,0.05777350506268031f,0.033637633259141986f,-0.9977628634808452f,2.0348528705092033f,0f,0f,0f,1f], start_interpolation: 0, interpolation_duration: 1 }
$data merge entity $(bone_jaw_lips1) { transformation: [-0.9982569917728844f,0.0140096971942588f,-0.05732980691644345f,0.33267178670822206f,0.0120499165691705f,0.9993358984912175f,0.03438839189940976f,3.9169881072959982f,0.05777350506268031f,0.033637633259141986f,-0.9977628634808452f,2.923692024065258f,0f,0f,0f,1f], start_interpolation: 0, interpolation_duration: 1 }
$data merge entity $(bone_jaw3) { transformation: [-0.9982569917728844f,0.00002714166168529472f,-0.059016757280298884f,0.27964663272757423f,0.0120499165691705f,0.9790274419079819f,-0.20337174705890054f,3.65180892327173f,0.05777350506268031f,-0.20372841543202452f,-0.9773213160769229f,2.062789719389771f,0f,0f,0f,1f], start_interpolation: 0, interpolation_duration: 1 }
$data merge entity $(bone_jaw1) { transformation: [-0.9982569917728844f,0.041750341329570236f,-0.041711957223509545f,0.24217104615957735f,0.0120499165691705f,0.8360824845879564f,0.5484714016937489f,4.144576198230958f,0.05777350506268031f,0.5470127859237788f,-0.835128274068528f,1.3124791606563275f,0f,0f,0f,1f], start_interpolation: 0, interpolation_duration: 1 }
$data merge entity $(bone_tear_right1) { transformation: [-0.9982569917728844f,0.02798169771579387f,-0.05196155280102248f,-0.3570092371500679f,0.0120499165691705f,0.9585446974723733f,0.28468730645793167f,4.68549902262849f,0.05777350506268031f,0.28356496176456314f,-0.9572111233015599f,2.315424613532587f,0f,0f,0f,1f], start_interpolation: 0, interpolation_duration: 1 }
$data merge entity $(bone_right_pupil1) { transformation: [-0.9982569917728844f,0.02798169771579387f,-0.05196155280102248f,-0.165386054326905f,0.0120499165691705f,0.9585446974723733f,0.28468730645793167f,4.771732175781903f,0.05777350506268031f,0.28356496176456314f,-0.9572111233015599f,2.4010642978936603f,0f,0f,0f,1f], start_interpolation: 0, interpolation_duration: 1 }
$data merge entity $(bone_right_sad_pupil1) { transformation: [-0.9982569917728844f,0.02798169771579387f,-0.05196155280102248f,-0.16596960692183838f,0.0120499165691705f,0.9585446974723733f,0.28468730645793167f,4.7749293476806f,0.05777350506268031f,0.28356496176456314f,-0.9572111233015599f,2.3903143682862695f,0f,0f,0f,1f], start_interpolation: 0, interpolation_duration: 1 }
$data merge entity $(bone_right_happy_pupil1) { transformation: [-0.9982569917728844f,0.02798169771579387f,-0.05196155280102248f,-0.1947820919481682f,0.0120499165691705f,0.9585446974723733f,0.28468730645793167f,4.748355737679733f,0.05777350506268031f,0.28356496176456314f,-0.9572111233015599f,2.3839750896838057f,0f,0f,0f,1f], start_interpolation: 0, interpolation_duration: 1 }
$data merge entity $(bone_eyelid_right1) { transformation: [-0.9982569917728844f,0.02798169771579387f,-0.05196155280102248f,0.2349013012683681f,0.0120499165691705f,0.9585446974723733f,0.28468730645793167f,4.875753347791226f,0.05777350506268031f,0.28356496176456314f,-0.9572111233015599f,1.8119153235333287f,0f,0f,0f,1f], start_interpolation: 0, interpolation_duration: 1 }
$data merge entity $(bone_eyelid_expressions_right5) { transformation: [-0.9982569917728844f,0.02798169771579387f,-0.05196155280102248f,-0.2917520527871457f,0.0120499165691705f,0.9585446974723733f,0.28468730645793167f,4.884134657486485f,0.05777350506268031f,0.28356496176456314f,-0.9572111233015599f,2.4296214926874553f,0f,0f,0f,1f], start_interpolation: 0, interpolation_duration: 1 }
$data merge entity $(bone_eyelid_expressions_right7) { transformation: [-0.9982569917728844f,0.02798169771579387f,-0.05196155280102248f,0.044574765730085925f,0.0120499165691705f,0.9585446974723733f,0.28468730645793167f,4.88007487114238f,0.05777350506268031f,0.28356496176456314f,-0.9572111233015599f,2.4101567863919238f,0f,0f,0f,1f], start_interpolation: 0, interpolation_duration: 1 }
$data merge entity $(bone_eyelid_expressions_right6) { transformation: [-0.9982569917728844f,0.02798169771579387f,-0.05196155280102248f,-0.06753417377565796f,0.0120499165691705f,0.9585446974723733f,0.28468730645793167f,4.8814281332570815f,0.05777350506268031f,0.28356496176456314f,-0.9572111233015599f,2.4166450218237676f,0f,0f,0f,1f], start_interpolation: 0, interpolation_duration: 1 }
$data merge entity $(bone_right_eye1) { transformation: [-0.9982569917728844f,0.02798169771579387f,-0.05196155280102248f,0.22427395991272708f,0.0120499165691705f,0.9585446974723733f,0.28468730645793167f,4.872691502103998f,0.05777350506268031f,0.28356496176456314f,-0.9572111233015599f,1.8233140766839038f,0f,0f,0f,1f], start_interpolation: 0, interpolation_duration: 1 }
$data merge entity $(bone_tear_left1) { transformation: [-0.9982569917728844f,0.02798169771579387f,-0.05196155280102248f,0.8537673095119658f,0.0120499165691705f,0.9585446974723733f,0.28468730645793167f,4.670883791789711f,0.05777350506268031f,0.28356496176456314f,-0.9572111233015599f,2.245351670868672f,0f,0f,0f,1f], start_interpolation: 0, interpolation_duration: 1 }
$data merge entity $(bone_left_sad_pupil1) { transformation: [-0.9982569917728844f,0.02798169771579387f,-0.05196155280102248f,0.6748474393712405f,0.0120499165691705f,0.9585446974723733f,0.28468730645793167f,4.7647798818203375f,0.05777350506268031f,0.28356496176456314f,-0.9572111233015599f,2.34165260254744f,0f,0f,0f,1f], start_interpolation: 0, interpolation_duration: 1 }
$data merge entity $(bone_left_pupil1) { transformation: [-0.9982569917728844f,0.02798169771579387f,-0.05196155280102248f,0.6754309919661738f,0.0120499165691705f,0.9585446974723733f,0.28468730645793167f,4.7615827099216395f,0.05777350506268031f,0.28356496176456314f,-0.9572111233015599f,2.35240253215483f,0f,0f,0f,1f], start_interpolation: 0, interpolation_duration: 1 }
$data merge entity $(bone_eyelid_left1) { transformation: [-0.9982569917728844f,0.02798169771579387f,-0.05196155280102248f,0.21247951336721935f,0.0120499165691705f,0.9585446974723733f,0.28468730645793167f,4.876024000214166f,0.05777350506268031f,0.28356496176456314f,-0.9572111233015599f,1.8132129706196976f,0f,0f,0f,1f], start_interpolation: 0, interpolation_duration: 1 }
$data merge entity $(bone_left_happy_pupil1) { transformation: [-0.9982569917728844f,0.02798169771579387f,-0.05196155280102248f,0.7020894240977825f,0.0120499165691705f,0.9585446974723733f,0.28468730645793167f,4.737529640762119f,0.05777350506268031f,0.28356496176456314f,-0.9572111233015599f,2.332069206229054f,0f,0f,0f,1f], start_interpolation: 0, interpolation_duration: 1 }
$data merge entity $(bone_eyelid_expressions_left5) { transformation: [-0.9982569917728844f,0.02798169771579387f,-0.05196155280102248f,0.8069155543691441f,0.0120499165691705f,0.9585446974723733f,0.28468730645793167f,4.870872688762408f,0.05777350506268031f,0.28356496176456314f,-0.9572111233015599f,2.3660367854553845f,0f,0f,0f,1f], start_interpolation: 0, interpolation_duration: 1 }
$data merge entity $(bone_eyelid_expressions_left7) { transformation: [-0.9982569917728844f,0.02798169771579387f,-0.05196155280102248f,0.47058873585191263f,0.0120499165691705f,0.9585446974723733f,0.28468730645793167f,4.8749324751065135f,0.05777350506268031f,0.28356496176456314f,-0.9572111233015599f,2.385501491750916f,0f,0f,0f,1f], start_interpolation: 0, interpolation_duration: 1 }
$data merge entity $(bone_eyelid_expressions_left6) { transformation: [-0.9982569917728844f,0.02798169771579387f,-0.05196155280102248f,0.5826976753576565f,0.0120499165691705f,0.9585446974723733f,0.28468730645793167f,4.873579212991812f,0.05777350506268031f,0.28356496176456314f,-0.9572111233015599f,2.3790132563190722f,0f,0f,0f,1f], start_interpolation: 0, interpolation_duration: 1 }
$data merge entity $(bone_left_eye1) { transformation: [-0.9982569917728844f,0.02798169771579387f,-0.05196155280102248f,0.22427395991272708f,0.0120499165691705f,0.9585446974723733f,0.28468730645793167f,4.872691502103998f,0.05777350506268031f,0.28356496176456314f,-0.9572111233015599f,1.8233140766839038f,0f,0f,0f,1f], start_interpolation: 0, interpolation_duration: 1 }
$data merge entity $(bone_crest_middle5) { transformation: [-0.9982569917728844f,0.01607188132448886f,-0.05678620437432896f,0.28782103415651766f,0.0120499165691705f,0.9974409714910956f,0.07047203630927143f,6.0652245673696985f,0.05777350506268031f,0.06966493394521214f,-0.995896088500794f,2.6726028150928354f,0f,0f,0f,1f], start_interpolation: 0, interpolation_duration: 1 }
$data merge entity $(bone_crest_middle4) { transformation: [-0.9982569917728844f,0.01607188132448886f,-0.05678620437432896f,0.27699134849841484f,0.0120499165691705f,0.9974409714910956f,0.07047203630927143f,5.393120787751675f,0.05777350506268031f,0.06966493394521214f,-0.995896088500794f,2.625660623274284f,0f,0f,0f,1f], start_interpolation: 0, interpolation_duration: 1 }
$data merge entity $(bone_crest_middle1) { transformation: [-0.9982569917728844f,0.01607188132448886f,-0.05678620437432896f,0.2736521223648075f,0.0120499165691705f,0.9974409714910956f,0.07047203630927143f,4.883107172700869f,0.05777350506268031f,0.06966493394521214f,-0.995896088500794f,2.674337186561693f,0f,0f,0f,1f], start_interpolation: 0, interpolation_duration: 1 }
$data merge entity $(bone_crest_left5) { transformation: [-0.5599626152018718f,-0.8265950643394199f,0.056413377721872764f,-0.82756734554891f,-0.8019539828242728f,0.557854576865414f,0.2137009136681354f,5.435685387053093f,-0.2081145814414892f,0.07442358954001257f,-0.9752689117937746f,2.649167636801987f,0f,0f,0f,1f], start_interpolation: 0, interpolation_duration: 1 }
$data merge entity $(bone_crest_left4) { transformation: [-0.5599626152018718f,-0.8265950643394199f,0.056413377721872764f,-0.36341484360050524f,-0.8019539828242728f,0.557854576865414f,0.2137009136681354f,5.122436967426518f,-0.2081145814414892f,0.07442358954001257f,-0.9752689117937746f,2.60737704697239f,0f,0f,0f,1f], start_interpolation: 0, interpolation_duration: 1 }
$data merge entity $(bone_crest_left1) { transformation: [-0.5599626152018718f,-0.8265950643394199f,0.056413377721872764f,0.15032065192067645f,-0.8019539828242728f,0.557854576865414f,0.2137009136681354f,4.789863513001268f,-0.2081145814414892f,0.07442358954001257f,-0.9752689117937746f,2.506643762976101f,0f,0f,0f,1f], start_interpolation: 0, interpolation_duration: 1 }
$data merge entity $(bone_crest_center1) { transformation: [-0.9982569917728844f,0.02798169771579387f,-0.05196155280102248f,0.26164398252792f,0.0120499165691705f,0.9585446974723733f,0.28468730645793167f,4.761598329687462f,0.05777350506268031f,0.28356496176456314f,-0.9572111233015599f,2.4921942108461854f,0f,0f,0f,1f], start_interpolation: 0, interpolation_duration: 1 }
$data merge entity $(bone_crest_right5) { transformation: [-0.5127635662162268f,0.8428422421204117f,-0.1633722132391388f,1.3775911770470537f,0.8149028137307273f,0.5377028720177723f,0.21635393594197144f,5.409067014792173f,0.2701979447274919f,-0.02219406049546832f,-0.9625489568555786f,2.5215454532168247f,0f,0f,0f,1f], start_interpolation: 0, interpolation_duration: 1 }
$data merge entity $(bone_crest_right4) { transformation: [-0.5127635662162268f,0.8428422421204117f,-0.1633722132391388f,0.9043155039813927f,0.8149028137307273f,0.5377028720177723f,0.21635393594197144f,5.107134249743131f,0.2701979447274919f,-0.02219406049546832f,-0.9625489568555786f,2.534007938358323f,0f,0f,0f,1f], start_interpolation: 0, interpolation_duration: 1 }
$data merge entity $(bone_crest_right1) { transformation: [-0.5127635662162268f,0.8428422421204117f,-0.1633722132391388f,0.37453853093216416f,0.8149028137307273f,0.5377028720177723f,0.21635393594197144f,4.787156988771865f,0.2701979447274919f,-0.02219406049546832f,-0.9625489568555786f,2.493667292112413f,0f,0f,0f,1f], start_interpolation: 0, interpolation_duration: 1 }
$data merge entity $(bone_head1) { transformation: [-1.0463501020536088f,0.029329774298455798f,-0.05446490886044671f,0.19060732928254656f,0.012630446403883135f,1.004724585241224f,0.2984027105450975f,4.99471142518015f,0.060556864030543785f,0.29722629455790783f,-1.0033267633564522f,1.2161451110689636f,0f,0f,0f,1f], start_interpolation: 0, interpolation_duration: 1 }
$data merge entity $(bone_neck10) { transformation: [-1.4823815268037885f,0.03702176360062279f,-0.20825148185498407f,0.031121619380683557f,-0.01094651167542271f,1.4588772911029566f,0.3372706703380335f,4.797353590465113f,0.2112331994669328f,0.3354112702459864f,-1.443978565256065f,0.08668700225022108f,0f,0f,0f,1f], start_interpolation: 0, interpolation_duration: 1 }
$data merge entity $(bone_neck9) { transformation: [-1.1340218680048988f,0.03571324155862567f,-0.15781988392655716f,-0.006658988295674802f,-0.008374081431698379f,1.1028084658585933f,0.3097281241497581f,3.37663063769682f,0.1615933975922037f,0.3077762182276724f,-1.0914895885195683f,-0.25207241370075517f,0f,0f,0f,1f], start_interpolation: 0, interpolation_duration: 1 }
$data merge entity $(bone_neck8) { transformation: [-1.0528045288118388f,-0.03752323578907604f,-0.1431250092964816f,0.02584304246891398f,1.996980397415834e-17f,1.028395633273633f,-0.26961557607201014f,2.6178108410876773f,0.14796202725767363f,-0.26699169581947546f,-1.0183873576641447f,-0.020808448082399844f,0f,0f,0f,1f], start_interpolation: 0, interpolation_duration: 1 }
$data merge entity $(bone_neck7) { transformation: [-1.0453904124117555f,-0.06535846278584641f,-0.13158179902195816f,0.08775812748196712f,3.662570463927595e-18f,0.9454542444930836f,-0.46961993614412983f,1.7722634915002229f,0.14692004115022522f,-0.4650496272079871f,-0.9362531487776863f,0.41974027317832324f,0f,0f,0f,1f], start_interpolation: 0, interpolation_duration: 1 }
$data merge entity $(bone_neck6) { transformation: [-1.0394591192916887f,-0.03780995607745242f,-0.1411086771130001f,0.11996898090935106f,3.641789922288289e-18f,1.01390768862361f,-0.27167574636640235f,0.8740171813474169f,0.14608645226426648f,-0.26903181667818193f,-1.0040404086955317f,0.6489324043876866f,0f,0f,0f,1f], start_interpolation: 0, interpolation_duration: 1 }
$data merge entity $(bone_neck_spine6) { transformation: [-1.2677363840451707f,-0.11285087941083692f,0.00972152770843617f,-0.2682510551649627f,0.0028860554934526583f,0.07702166880078991f,1.2704505900410052f,0.3510896732693406f,-0.113232061574776f,1.2654318275071368f,-0.07646017708705603f,-2.0222651031477348f,0f,0f,0f,1f], start_interpolation: 0, interpolation_duration: 1 }
$data merge entity $(bone_neck_spine7) { transformation: [-0.8308598189799794f,-0.5088873162030162f,0.22517917446390817f,0.7853185669478578f,0.0532215117887947f,0.3301264305366311f,0.9424351492511605f,0.2575708045036777f,-0.5539308908947675f,0.7950158735955114f,-0.24720503401770522f,-5.423790603591721f,0f,0f,0f,1f], start_interpolation: 0, interpolation_duration: 1 }
$data merge entity $(bone_tail6) { transformation: [-1.1575608307484138f,-1.0485365149738064f,0.7252075822898945f,3.162632310578149f,0.4336035714214897f,0.597350243649041f,1.5557835861038274f,-1.2629182349680048f,-1.1988923235615023f,1.2284322532016743f,-0.13752575513803242f,-8.206570344630446f,0f,0f,0f,1f], start_interpolation: 0, interpolation_duration: 1 }
$data merge entity $(bone_tail5) { transformation: [-0.9562459036617331f,-0.8661823384566226f,0.5990845245003475f,2.615569781026598f,0.35819425465253496f,0.4934632447535556f,1.2852125276509878f,-0.9512572382815487f,-0.9903893107681975f,1.0147918613405136f,-0.11360823250533111f,-7.565649169046964f,0f,0f,0f,1f], start_interpolation: 0, interpolation_duration: 1 }
$data merge entity $(bone_tail4) { transformation: [-0.7046022448033822f,-0.6382396178101428f,0.4414307022634139f,2.342038516250822f,0.26393260869134155f,0.3636044961341988f,0.9469987045849382f,-0.7954267399383207f,-0.7297605447765665f,0.7477413715140625f,-0.0837113292144545f,-7.245188581255222f,0f,0f,0f,1f], start_interpolation: 0, interpolation_duration: 1 }
$data merge entity $(bone_segment18) { transformation: [-0.6722168000111771f,-0.6089043807182482f,0.42114134079292165f,2.0001244352811027f,0.25180154468937926f,0.3468922397901425f,0.9034720560512206f,-0.6006386170092856f,-0.6962187557619914f,0.7133731345624845f,-0.07986372774745473f,-6.844612846515546f,0f,0f,0f,1f], start_interpolation: 0, interpolation_duration: 1 }
$data merge entity $(bone_segment17) { transformation: [-0.6722168000111771f,-0.6089043807182482f,0.42114134079292165f,1.5556361300204669f,0.25180154468937926f,0.3468922397901425f,0.9034720560512206f,-0.3474140572015396f,-0.6962187557619914f,0.7133731345624845f,-0.07986372774745473f,-6.3238643913539665f,0f,0f,0f,1f], start_interpolation: 0, interpolation_duration: 1 }
$data merge entity $(bone_segment16) { transformation: [-0.7167487890100915f,-0.6856225848276565f,0.12725110854845334f,0.9011477738983625f,0.03867039693416535f,0.14312236559241634f,0.9889492347275384f,-0.21079090059354444f,-0.6962584102569399f,0.7137490172613015f,-0.07606948471631009f,-5.6425268284897845f,0f,0f,0f,1f], start_interpolation: 0, interpolation_duration: 1 }
$data merge entity $(bone_segment15) { transformation: [-0.8308598189799794f,-0.5498280603031473f,0.0857966509126916f,0.25279095474206326f,0.0532215117887947f,0.07495747979571914f,0.995765457778883f,-0.12240109897896351f,-0.5539308908947675f,0.8319077354646683f,-0.03301647750103258f,-4.661541876757766f,0f,0f,0f,1f], start_interpolation: 0, interpolation_duration: 1 }
$data merge entity $(bone_segment14) { transformation: [-0.9905283848454796f,-0.3428056215113349f,-0.0036086979376046455f,-0.1328653694581885f,0.031146635947243255f,-0.10097533021540267f,1.0428370283904536f,-0.2359983454712915f,-0.34140680120605f,0.9853747949756425f,0.10560827402308424f,-3.5529952324101677f,0f,0f,0f,1f], start_interpolation: 0, interpolation_duration: 1 }
$data merge entity $(bone_segment13) { transformation: [-1.021646380083461f,-0.0909233110422251f,-0.00807696692246683f,-0.24215046495966516f,0.0023258211917824363f,-0.11665944333671213f,1.0190577886750778f,-0.4043941552765119f,-0.09125172021026066f,1.0149961268954057f,0.11640273952609996f,-2.333740807214178f,0f,0f,0f,1f], start_interpolation: 0, interpolation_duration: 1 }
$data merge entity $(bone_segment12) { transformation: [-1.1133612858661515f,0.06950865168719016f,0.008311177219547196f,-0.15818028171339515f,0.012310559975216078f,0.06402560182105048f,1.1136530220927094f,-0.32704779066047773f,0.06891283218125964f,1.1115498867993994f,-0.06466646664753206f,-0.9909288634296683f,0f,0f,0f,1f], start_interpolation: 0, interpolation_duration: 1 }
$data merge entity $(bone_segment11) { transformation: [-1.1802013328253511f,0.15420931627161152f,-0.021613460011157912f,0.021637081675777062f,0.05070724074175514f,0.5368239876217837f,1.0613065640669295f,0.2932696798200741f,0.14722917718634962f,1.051267013641271f,-0.5387801743718318f,0.22377902480419387f,0f,0f,0f,1f], start_interpolation: 0, interpolation_duration: 1 }
$data merge entity $(bone_segment10) { transformation: [-1.0391709848776678f,0.1009568542147953f,-0.09277163252095945f,0.13096973739622575f,0.04464788492984733f,0.9197363427924768f,0.500766237024007f,1.2345280260542464f,0.1296357534974148f,0.49251189971303794f,-0.916134159433751f,0.7272068540177165f,0f,0f,0f,1f], start_interpolation: 0, interpolation_duration: 1 }