# This file was generated by Animated Java via MC-Build. It is not recommended to edit this file directly.
$data merge entity $(bone_neck_spine5) { transformation: [-1.3562132001748972f,-0.02795898887879456f,-0.17060395883006407f,0.07855006900165426f,-0.036776752029307656f,1.3649669043329444f,0.06866207644810138f,3.6967515771448722f,0.16892272297648284f,0.07270010435250783f,-1.354762513743865f,-0.6832997631805436f,0f,0f,0f,1f], start_interpolation: 0, interpolation_duration: 1 }
$data merge entity $(bone_neck_spine2) { transformation: [-1.2916316192141877f,-0.0123848561183825f,-0.1641809444774491f,0.13556068470089738f,-0.03502547812315014f,1.289343711727266f,0.17828913555246784f,4.969030331692648f,0.16087878378712647f,0.18127441990730095f,-1.279327404755675f,0.8417954376724087f,0f,0f,0f,1f], start_interpolation: 0, interpolation_duration: 1 }
$data merge entity $(bone_scale_neck_left1) { transformation: [-1.369777071274469f,0.4076440002515728f,-0.09485021071358389f,0.8174238180354065f,0.32009637571229904f,1.2294786364648365f,0.6613471184901278f,4.214984092858793f,0.26964514397512573f,0.6112839519717821f,-1.2669186417427016f,0.6193243643952838f,0f,0f,0f,1f], start_interpolation: 0, interpolation_duration: 1 }
$data merge entity $(bone_scale_neck_right1) { transformation: [-1.3749876746367438f,-0.31038021755436856f,-0.25403234744953285f,-0.5387893821394905f,-0.39452680628630066f,1.2100078050307512f,0.6570305390839708f,4.178207340829485f,0.07222819478118735f,0.7007172402034534f,-1.2470917590791324f,0.7882470873717666f,0f,0f,0f,1f], start_interpolation: 0, interpolation_duration: 1 }
$data merge entity $(bone_blush_right1) { transformation: [-0.9977998386072143f,0.009633600251472882f,-0.06559478501841445f,-0.3336199379534224f,-0.010795366006561884f,0.9525742741226368f,0.30411463686004303f,3.688709644067154f,0.06541362356727805f,0.30415365528943805f,-0.9503744587402758f,1.8748905270234202f,0f,0f,0f,1f], start_interpolation: 0, interpolation_duration: 1 }
$data merge entity $(bone_blush_left1) { transformation: [-0.9977998386072143f,0.009633600251472882f,-0.06559478501841445f,0.8161884698166098f,-0.010795366006561884f,0.9525742741226368f,0.30411463686004303f,3.701149616613778f,0.06541362356727805f,0.30415365528943805f,-0.9503744587402758f,1.7995115467408147f,0f,0f,0f,1f], start_interpolation: 0, interpolation_duration: 1 }
$data merge entity $(bone_left_head_scales) { transformation: [-0.8547709651703772f,0.009633600251472882f,-0.518915976674352f,0.8096275946145437f,-0.15000011843054512f,0.9525742741226368f,0.26476823214002454f,4.409861877102835f,0.49685668111893616f,0.30415365528943805f,-0.8127877905096443f,1.6671040068417575f,0f,0f,0f,1f], start_interpolation: 0, interpolation_duration: 1 }
$data merge entity $(bone_left_head_scales2) { transformation: [-0.7797261545522505f,0.009633600251472882f,-0.626046577862506f,0.8117099555047623f,-0.183276035785499f,0.9525742741226368f,0.24292415891895963f,3.6211151829357298f,0.5986960987127881f,0.30415365528943805f,-0.7409814676226129f,1.5686989722514166f,0f,0f,0f,1f], start_interpolation: 0, interpolation_duration: 1 }
$data merge entity $(bone_left_head_scales1) { transformation: [-0.9977998386072143f,0.009633600251472882f,-0.06559478501841445f,0.8086868133399858f,-0.010795366006561884f,0.9525742741226368f,0.30411463686004303f,4.3168370456455465f,0.06541362356727805f,0.30415365528943805f,-0.9503744587402758f,1.6374015014423984f,0f,0f,0f,1f], start_interpolation: 0, interpolation_duration: 1 }
$data merge entity $(bone_right_head_scales) { transformation: [-0.9153475672057834f,0.009633600251472882f,0.4025494068516917f,-0.3596690912532856f,0.1308489052386565f,0.9525742741226368f,0.27473772270581365f,4.397211057563895f,-0.38081149563570044f,0.30415365528943805f,-0.8731970904473827f,1.7437605969596615f,0f,0f,0f,1f], start_interpolation: 0, interpolation_duration: 1 }
$data merge entity $(bone_right_head_scales2) { transformation: [-0.8549734006204008f,0.009633600251472882f,0.5185823733774437f,-0.357586730363067f,0.16558994351925288f,0.9525742741226368f,0.2553080940452576f,3.60846436339679f,-0.4915286917738153f,0.30415365528943805f,-0.8160208938116692f,1.6453555623693206f,0f,0f,0f,1f], start_interpolation: 0, interpolation_duration: 1 }
$data merge entity $(bone_right_head_scales1) { transformation: [-0.9977998386072143f,0.009633600251472882f,-0.06559478501841445f,-0.3606098725278435f,-0.010795366006561884f,0.9525742741226368f,0.30411463686004303f,4.304186226106607f,0.06541362356727805f,0.30415365528943805f,-0.9503744587402758f,1.7140580915603023f,0f,0f,0f,1f], start_interpolation: 0, interpolation_duration: 1 }
$data merge entity $(bone_head_left_fin1) { transformation: [-0.6456793184902476f,0.00797463079633232f,-0.7635670389282344f,0.8003546015259233f,0.0281423403166097f,0.9995146608153043f,-0.013358573904844157f,3.9902681515787477f,0.7630899202292438f,-0.030113918358945668f,-0.6455903697900065f,1.4564099939325708f,0f,0f,0f,1f], start_interpolation: 0, interpolation_duration: 1 }
$data merge entity $(bone_head_right_fin1) { transformation: [-0.7390102028382588f,-0.03336835226503988f,0.6728673518369518f,-0.368942084341906f,-0.043123531543356936f,0.9990673640562935f,0.002182453857164951f,3.977617332039808f,-0.6723126364483899f,-0.027403560803767213f,-0.7397599365517773f,1.5330665840504747f,0f,0f,0f,1f], start_interpolation: 0, interpolation_duration: 1 }
$data merge entity $(bone_right_whisker16) { transformation: [0.2792468457154189f,0.9221322385861864f,-0.26775610864743743f,-0.8543029288878938f,0.9597125458581965f,-0.2770875798241964f,0.04662941592544889f,1.6284783106409988f,-0.031193404436962495f,-0.26999001401384987f,-0.9623577109642928f,1.3539396592528141f,0f,0f,0f,1f], start_interpolation: 0, interpolation_duration: 1 }
$data merge entity $(bone_right_whisker15) { transformation: [-0.8777942419927092f,0.3972202600654041f,-0.26775610864743743f,-0.5971366470540923f,0.3999846814038868f,0.9153348852811645f,0.04662941592544889f,1.5112952985109538f,0.2636086557127377f,-0.0661673090044476f,-0.9623577109642928f,1.2767105608994729f,0f,0f,0f,1f], start_interpolation: 0, interpolation_duration: 1 }
$data merge entity $(bone_right_whisker14) { transformation: [-0.7309756915829525f,-0.6276792210968962f,-0.26775610864743743f,-0.38298361241064915f,-0.6605343034988f,0.7493464695798643f,0.04662941592544889f,1.704811207739118f,0.17137377925511077f,0.21094706428719812f,-0.9623577109642928f,1.2265033990083272f,0f,0f,0f,1f], start_interpolation: 0, interpolation_duration: 1 }
$data merge entity $(bone_right_whisker13) { transformation: [-0.10605222949635862f,-0.9937246967913699f,-0.035554909727804285f,-0.35191362330038783f,-0.9654040463945692f,0.09433189380167288f,0.24309776020519477f,1.987644424456277f,-0.23821828608199697f,0.06010591317574784f,-0.9693499509348857f,1.2962939125089121f,0f,0f,0f,1f], start_interpolation: 0, interpolation_duration: 1 }
$data merge entity $(bone_right_whisker12) { transformation: [0.06301451582333063f,-0.9979433426941163f,-0.011758212791298054f,-0.37652866854387634f,-0.8927650484946896f,-0.06163145016731633f,0.4462870517240536f,2.336380771524515f,-0.4460938679043075f,-0.01762524106977896f,-0.8948126127270483f,1.4705493296590322f,0f,0f,0f,1f], start_interpolation: 0, interpolation_duration: 1 }
$data merge entity $(bone_right_whisker11) { transformation: [0.2781198719453448f,-0.9605152311829064f,0.007734823511463734f,-0.48516924352252666f,-0.948943025165829f,-0.27350343567538693f,0.15717189845161378f,2.707061640729917f,-0.14885050157198004f,-0.051052535092861846f,-0.9875409697032129f,1.528694056835587f,0f,0f,0f,1f], start_interpolation: 0, interpolation_duration: 1 }
$data merge entity $(bone_right_whisker10) { transformation: [0.04802295096907981f,-0.9921584205829688f,0.11539265421390907f,-0.5039282087448235f,-0.9944265003000361f,-0.05834615048758016f,-0.08781607042166573f,3.0955094924096187f,0.09386017089928853f,-0.11053232644611298f,-0.9894305802476323f,1.4920299275780524f,0f,0f,0f,1f], start_interpolation: 0, interpolation_duration: 1 }
$data merge entity $(bone_right_whisker1) { transformation: [-0.3527356323989518f,-0.931380234050039f,0.09004683923940088f,-0.3661408523389829f,-0.9158146848357485f,0.3633736384335962f,0.1710060289309382f,3.453249603673583f,-0.19199228285353126f,-0.022146297939499376f,-0.9811465256587645f,1.567026913067713f,0f,0f,0f,1f], start_interpolation: 0, interpolation_duration: 1 }
$data merge entity $(bone_left_whisker16) { transformation: [0.2387467910219334f,-0.9143665626206351f,0.3270072765827291f,1.2326859856536179f,-0.9699509457610292f,-0.2407882745542311f,0.0348736240514326f,1.587227944643377f,0.04685224214500084f,-0.3255069830257415f,-0.9443781400516775f,1.4170288912308715f,0f,0f,0f,1f], start_interpolation: 0, interpolation_duration: 1 }
$data merge entity $(bone_left_whisker15) { transformation: [-0.8753813203854137f,-0.35605306484039145f,0.3270072765827291f,0.9762266144469538f,-0.36533230107628334f,0.9302237043506398f,0.0348736240514326f,1.4801969970624347f,-0.31660678089800476f,-0.08893860175388947f,-0.9443781400516775f,1.3242729983896593f,0f,0f,0f,1f], start_interpolation: 0, interpolation_duration: 1 }
$data merge entity $(bone_left_whisker14) { transformation: [-0.6926457972446738f,0.6428903799414303f,0.3270072765827291f,0.7733030410354282f,0.6886728849004747f,0.7242330342841151f,0.0348736240514326f,1.6819566313106207f,-0.21440955473613468f,0.2493561136815911f,-0.9443781400516775f,1.2614576991505573f,0f,0f,0f,1f], start_interpolation: 0, interpolation_duration: 1 }
$data merge entity $(bone_left_whisker13) { transformation: [-0.08204605399848952f,0.9912303484308523f,0.10358977446122816f,0.7492661111530583f,0.9691219018099111f,0.05509827759330342f,0.24034749684278386f,1.965879063481493f,0.23253211489086348f,0.12011068293829f,-0.9651436366616525f,1.32958234218499f,0f,0f,0f,1f], start_interpolation: 0, interpolation_duration: 1 }
$data merge entity $(bone_left_whisker12) { transformation: [0.0711607200053836f,0.9939741194018772f,0.0833762669323737f,0.7770632674051613f,0.8901130087319543f,-0.10100268198172466f,0.4444066717755779f,2.3135794575174127f,0.4501499568082431f,0.042590001077267355f,-0.891936717594794f,1.50542216906321f,0f,0f,0f,1f], start_interpolation: 0, interpolation_duration: 1 }
$data merge entity $(bone_left_whisker11) { transformation: [0.3058712632659146f,0.9502973017402401f,0.05811891786099506f,0.8965442296184092f,0.9374001521304332f,-0.3112715885327007f,0.1561760319580759f,2.679751391943363f,0.16650442965265058f,0.006710922257678342f,-0.986017869223726f,1.5704629618962767f,0f,0f,0f,1f], start_interpolation: 0, interpolation_duration: 1 }
$data merge entity $(bone_left_whisker10) { transformation: [0.09282462054095598f,0.9939437774759192f,-0.05881629908731391f,0.9328038470172201f,0.9916425785292099f,-0.0976024407379811f,-0.08437274447313436f,3.0671117741813356f,-0.08960237870373444f,-0.05049287849677146f,-0.9946968799346577f,1.5354620327151305f,0f,0f,0f,1f], start_interpolation: 0, interpolation_duration: 1 }
$data merge entity $(bone_left_whisker1) { transformation: [-0.32725329016034344f,0.9446364169639736f,-0.023818560508483126f,0.8049705305483359f,0.9292550015209293f,0.3262932433568633f,0.17325663475895126f,3.4301020091504486f,0.17143636203433626f,0.03456528728543887f,-0.9845886525282053f,1.602429361634793f,0f,0f,0f,1f], start_interpolation: 0, interpolation_duration: 1 }
$data merge entity $(bone_upper_left_tooth1) { transformation: [-0.9977998386072143f,0.003879979285399719f,-0.0661848006430635f,0.5530103790727728f,-0.010795366006561884f,0.9754547784755352f,0.21993507046860164f,3.577290988999774f,0.06541362356727805f,0.22016566696465023f,-0.9732667347350413f,2.467282905833233f,0f,0f,0f,1f], start_interpolation: 0, interpolation_duration: 1 }
$data merge entity $(bone_upper_right_tooth1) { transformation: [-0.9977998386072143f,0.003879979285399719f,-0.0661848006430635f,-0.031637963861141816f,-0.010795366006561884f,0.9754547784755352f,0.21993507046860164f,3.5709655792303043f,0.06541362356727805f,0.22016566696465023f,-0.9732667347350413f,2.5056112008921847f,0f,0f,0f,1f], start_interpolation: 0, interpolation_duration: 1 }
$data merge entity $(bone_top_lip1) { transformation: [-0.9977998386072143f,-0.02392019574026078f,-0.061832890205495f,0.2854636616903103f,-0.010795366006561884f,0.9788169890033985f,-0.2044523467977443f,3.6791770275105375f,0.06541362356727805f,-0.2033350099566436f,-0.9769216609215553f,2.5085006293827967f,0f,0f,0f,1f], start_interpolation: 0, interpolation_duration: 1 }
$data merge entity $(bone_muzzle1) { transformation: [-0.9977998386072143f,0.003879979285399719f,-0.0661848006430635f,0.2537152208419492f,-0.010795366006561884f,0.9754547784755352f,0.21993507046860164f,3.9294560822035365f,0.06541362356727805f,0.22016566696465023f,-0.9732667347350413f,2.0655235616847274f,0f,0f,0f,1f], start_interpolation: 0, interpolation_duration: 1 }
$data merge entity $(bone_jaw_right_tooth1) { transformation: [-0.9977998386072143f,-0.03392664753997561f,-0.056960202440962705f,-0.029430034986357878f,-0.010795366006561884f,0.930823499624797f,-0.3653095572511479f,3.463011044461186f,0.06541362356727805f,-0.3638909110337102f,-0.9291417882749946f,2.5214742933708885f,0f,0f,0f,1f], start_interpolation: 0, interpolation_duration: 1 }
$data merge entity $(bone_jaw_left_tooth1) { transformation: [-0.9977998386072143f,-0.03392664753997561f,-0.056960202440962705f,0.6039390031920496f,-0.010795366006561884f,0.930823499624797f,-0.3653095572511479f,3.4698635717114454f,0.06541362356727805f,-0.3638909110337102f,-0.9291417882749946f,2.479951973723691f,0f,0f,0f,1f], start_interpolation: 0, interpolation_duration: 1 }
$data merge entity $(bone_tongue1) { transformation: [-0.9977998386072143f,-0.009801909937684245f,-0.06556984548548757f,0.24116987521714547f,-0.010795366006561884f,0.9998319887008641f,0.0148139948447287f,3.4659698244454678f,0.06541362356727805f,0.015489252146207971f,-0.9977380121653929f,1.7976703733777035f,0f,0f,0f,1f], start_interpolation: 0, interpolation_duration: 1 }
$data merge entity $(bone_jaw_lips1) { transformation: [-0.9977998386072143f,-0.009801909937684245f,-0.06556984548548757f,0.3422178096165334f,-0.010795366006561884f,0.9998319887008641f,0.0148139948447287f,3.3426380018577553f,0.06541362356727805f,0.015489252146207971f,-0.9977380121653929f,2.5722196600121734f,0f,0f,0f,1f], start_interpolation: 0, interpolation_duration: 1 }
$data merge entity $(bone_jaw3) { transformation: [-0.9977998386072143f,-0.02352019017766793f,-0.06198614949666999f,0.29551380785134784f,-0.010795366006561884f,0.9801175380174314f,-0.19812387979098695f,3.116067461992805f,0.06541362356727805f,-0.19701881210852784f,-0.9782150303114051f,1.822419317927247f,0f,0f,0f,1f], start_interpolation: 0, interpolation_duration: 1 }
$data merge entity $(bone_jaw1) { transformation: [-0.9977998386072143f,0.027199540679312233f,-0.060462112618164664f,0.24827778236840672f,-0.010795366006561884f,0.8331424964071847f,0.5529530185767944f,3.5480620077559255f,0.06541362356727805f,0.5523891433285404f,-0.831015819455057f,1.1731882089779837f,0f,0f,0f,1f], start_interpolation: 0, interpolation_duration: 1 }
$data merge entity $(bone_tear_right1) { transformation: [-0.9977998386072143f,0.009633600251472882f,-0.06559478501841445f,-0.2758413415959678f,-0.010795366006561884f,0.9525742741226368f,0.30411463686004303f,3.988094846143176f,0.06541362356727805f,0.30415365528943805f,-0.9503744587402758f,2.059184276495651f,0f,0f,0f,1f], start_interpolation: 0, interpolation_duration: 1 }
$data merge entity $(bone_right_pupil1) { transformation: [-0.9977998386072143f,0.009633600251472882f,-0.06559478501841445f,-0.11027913339236017f,-0.010795366006561884f,0.9525742741226368f,0.30411463686004303f,4.06503994491f,0.06541362356727805f,0.30415365528943805f,-0.9503744587402758f,2.1340325246373686f,0f,0f,0f,1f], start_interpolation: 0, interpolation_duration: 1 }
$data merge entity $(bone_right_sad_pupil1) { transformation: [-0.9977998386072143f,0.009633600251472882f,-0.06559478501841445f,-0.11091970746480562f,-0.010795366006561884f,0.9525742741226368f,0.30411463686004303f,4.068009814410586f,0.06541362356727805f,0.30415365528943805f,-0.9503744587402758f,2.124751524063733f,0f,0f,0f,1f], start_interpolation: 0, interpolation_duration: 1 }
$data merge entity $(bone_right_happy_pupil1) { transformation: [-0.9977998386072143f,0.009633600251472882f,-0.06559478501841445f,-0.1355149355827419f,-0.010795366006561884f,0.9525742741226368f,0.30411463686004303f,4.044490348858882f,0.06541362356727805f,0.30415365528943805f,-0.9503744587402758f,2.1189229846142763f,0f,0f,0f,1f], start_interpolation: 0, interpolation_duration: 1 }
$data merge entity $(bone_eyelid_right1) { transformation: [-0.9977998386072143f,0.009633600251472882f,-0.06559478501841445f,0.23173086347068753f,-0.010795366006561884f,0.9525742741226368f,0.30411463686004303f,4.1740496816868875f,0.06541362356727805f,0.30415365528943805f,-0.9503744587402758f,1.6212562329110267f,0f,0f,0f,1f], start_interpolation: 0, interpolation_duration: 1 }
$data merge entity $(bone_eyelid_expressions_right5) { transformation: [-0.9977998386072143f,0.009633600251472882f,-0.06559478501841445f,-0.2220362134401318f,-0.010795366006561884f,0.9525742741226368f,0.30411463686004303f,4.159822279035611f,0.06541362356727805f,0.30415365528943805f,-0.9503744587402758f,2.1618002655743007f,0f,0f,0f,1f], start_interpolation: 0, interpolation_duration: 1 }
$data merge entity $(bone_eyelid_expressions_right7) { transformation: [-0.9977998386072143f,0.009633600251472882f,-0.06559478501841445f,0.07028795802682548f,-0.010795366006561884f,0.9525742741226368f,0.30411463686004303f,4.162984983920346f,0.06541362356727805f,0.30415365528943805f,-0.9503744587402758f,2.142636118044825f,0f,0f,0f,1f], start_interpolation: 0, interpolation_duration: 1 }
$data merge entity $(bone_eyelid_expressions_right6) { transformation: [-0.9977998386072143f,0.009633600251472882f,-0.06559478501841445f,-0.027153432462160287f,-0.010795366006561884f,0.9525742741226368f,0.30411463686004303f,4.161930748958768f,0.06541362356727805f,0.30415365528943805f,-0.9503744587402758f,2.149024167221317f,0f,0f,0f,1f], start_interpolation: 0, interpolation_duration: 1 }
$data merge entity $(bone_right_eye1) { transformation: [-0.9977998386072143f,0.009633600251472882f,-0.06559478501841445f,0.2226272984942344f,-0.010795366006561884f,0.9525742741226368f,0.30411463686004303f,4.170974388690143f,0.06541362356727805f,0.30415365528943805f,-0.9503744587402758f,1.6311760384023115f,0f,0f,0f,1f], start_interpolation: 0, interpolation_duration: 1 }
$data merge entity $(bone_tear_left1) { transformation: [-0.9977998386072143f,0.009633600251472882f,-0.06559478501841445f,0.7765256756850787f,-0.010795366006561884f,0.9525742741226368f,0.30411463686004303f,3.9994805837282223f,0.06541362356727805f,0.30415365528943805f,-0.9503744587402758f,1.9901933453895375f,0f,0f,0f,1f], start_interpolation: 0, interpolation_duration: 1 }
$data merge entity $(bone_left_sad_pupil1) { transformation: [-0.9977998386072143f,0.009633600251472882f,-0.06559478501841445f,0.6198907212025877f,-0.010795366006561884f,0.9525742741226368f,0.30411463686004303f,4.075916576622423f,0.06541362356727805f,0.30415365528943805f,-0.9503744587402758f,2.0768411552400434f,0f,0f,0f,1f], start_interpolation: 0, interpolation_duration: 1 }
$data merge entity $(bone_left_pupil1) { transformation: [-0.9977998386072143f,0.009633600251472882f,-0.06559478501841445f,0.620531295275033f,-0.010795366006561884f,0.9525742741226368f,0.30411463686004303f,4.072946707121837f,0.06541362356727805f,0.30415365528943805f,-0.9503744587402758f,2.086122155813679f,0f,0f,0f,1f], start_interpolation: 0, interpolation_duration: 1 }
$data merge entity $(bone_eyelid_left1) { transformation: [-0.9977998386072143f,0.009633600251472882f,-0.06559478501841445f,0.21224258537289037f,-0.010795366006561884f,0.9525742741226368f,0.30411463686004303f,4.173838834694572f,0.06541362356727805f,0.30415365528943805f,-0.9503744587402758f,1.6225338427463252f,0f,0f,0f,1f], start_interpolation: 0, interpolation_duration: 1 }
$data merge entity $(bone_left_happy_pupil1) { transformation: [-0.9977998386072143f,0.009633600251472882f,-0.06559478501841445f,0.6440161883291442f,-0.010795366006561884f,0.9525742741226368f,0.30411463686004303f,4.052924228551508f,0.06541362356727805f,0.30415365528943805f,-0.9503744587402758f,2.0678185912023404f,0f,0f,0f,1f], start_interpolation: 0, interpolation_duration: 1 }
$data merge entity $(bone_eyelid_expressions_left5) { transformation: [-0.9977998386072143f,0.009633600251472882f,-0.06559478501841445f,0.7328894133519288f,-0.010795366006561884f,0.9525742741226368f,0.30411463686004303f,4.170153781659079f,0.06541362356727805f,0.30415365528943805f,-0.9503744587402758f,2.0991973836446793f,0f,0f,0f,1f], start_interpolation: 0, interpolation_duration: 1 }
$data merge entity $(bone_eyelid_expressions_left7) { transformation: [-0.9977998386072143f,0.009633600251472882f,-0.06559478501841445f,0.4405652418849714f,-0.010795366006561884f,0.9525742741226368f,0.30411463686004303f,4.1669910767743445f,0.06541362356727805f,0.30415365528943805f,-0.9503744587402758f,2.118361531174155f,0f,0f,0f,1f], start_interpolation: 0, interpolation_duration: 1 }
$data merge entity $(bone_eyelid_expressions_left6) { transformation: [-0.9977998386072143f,0.009633600251472882f,-0.06559478501841445f,0.5380066323739572f,-0.010795366006561884f,0.9525742741226368f,0.30411463686004303f,4.168045311735923f,0.06541362356727805f,0.30415365528943805f,-0.9503744587402758f,2.111973481997663f,0f,0f,0f,1f], start_interpolation: 0, interpolation_duration: 1 }
$data merge entity $(bone_left_eye1) { transformation: [-0.9977998386072143f,0.009633600251472882f,-0.06559478501841445f,0.2226272984942344f,-0.010795366006561884f,0.9525742741226368f,0.30411463686004303f,4.170974388690143f,0.06541362356727805f,0.30415365528943805f,-0.9503744587402758f,1.6311760384023115f,0f,0f,0f,1f], start_interpolation: 0, interpolation_duration: 1 }
$data merge entity $(bone_crest_middle5) { transformation: [-0.9977998386072143f,-0.0047920644860359185f,-0.06612501942063126f,0.2614288003898632f,-0.010795366006561884f,0.9958169149060133f,0.09073109753471642f,5.192711624492404f,0.06541362356727805f,0.09124531826363219f,-0.9936776890656079f,2.391662264960761f,0f,0f,0f,1f], start_interpolation: 0, interpolation_duration: 1 }
$data merge entity $(bone_crest_middle4) { transformation: [-0.9977998386072143f,-0.0047920644860359185f,-0.06612501942063126f,0.2642366506746499f,-0.010795366006561884f,0.9958169149060133f,0.09073109753471642f,4.609225150914662f,0.06541362356727805f,0.09124531826363219f,-0.9936776890656079f,2.3381982112906643f,0f,0f,0f,1f], start_interpolation: 0, interpolation_duration: 1 }
$data merge entity $(bone_crest_middle1) { transformation: [-0.9977998386072143f,-0.0047920644860359185f,-0.06612501942063126f,0.2711857001231555f,-0.010795366006561884f,0.9958169149060133f,0.09073109753471642f,4.164964923320168f,0.06541362356727805f,0.09124531826363219f,-0.9936776890656079f,2.3708796091794793f,0f,0f,0f,1f], start_interpolation: 0, interpolation_duration: 1 }
$data merge entity $(bone_crest_left5) { transformation: [-0.5442423585366534f,-0.8377663830543456f,0.044133236891261654f,-0.6966316047051322f,-0.8091933402237371f,0.5381072106499137f,0.23589567182150772f,4.625004560845334f,-0.22137387676058817f,0.09267209542580025f,-0.9707757153005937f,2.3665528832186755f,0f,0f,0f,1f], start_interpolation: 0, interpolation_duration: 1 }
$data merge entity $(bone_crest_left4) { transformation: [-0.5442423585366534f,-0.8377663830543456f,0.044133236891261654f,-0.2875659879793775f,-0.8091933402237371f,0.5381072106499137f,0.23589567182150772f,4.362256899395181f,-0.22137387676058817f,0.09267209542580025f,-0.9707757153005937f,2.3213028366240467f,0f,0f,0f,1f], start_interpolation: 0, interpolation_duration: 1 }
$data merge entity $(bone_crest_left1) { transformation: [-0.5442423585366534f,-0.8377663830543456f,0.044133236891261654f,0.1645611336265338f,-0.8091933402237371f,0.5381072106499137f,0.23589567182150772f,4.084752815150672f,-0.22137387676058817f,0.09267209542580025f,-0.9707757153005937f,2.2241266273962927f,0f,0f,0f,1f], start_interpolation: 0, interpolation_duration: 1 }
$data merge entity $(bone_crest_center1) { transformation: [-0.9977998386072143f,0.009633600251472882f,-0.06559478501841445f,0.26176733180738015f,-0.010795366006561884f,0.9525742741226368f,0.30411463686004303f,4.062551139927389f,0.06541362356727805f,0.30415365528943805f,-0.9503744587402758f,2.210313046917978f,0f,0f,0f,1f], start_interpolation: 0, interpolation_duration: 1 }
$data merge entity $(bone_crest_right5) { transformation: [-0.5279925664477072f,0.8309064022893549f,-0.175551702955353f,1.2200194102603552f,0.7975926483691645f,0.5561608650663338f,0.23351886312700632f,4.645741133866114f,0.2916673054070783f,-0.016722523829497946f,-0.9563736404530115f,2.2409013415449475f,0f,0f,0f,1f], start_interpolation: 0, interpolation_duration: 1 }
$data merge entity $(bone_crest_right4) { transformation: [-0.5279925664477072f,0.8309064022893549f,-0.175551702955353f,0.8143033935175061f,0.7975926483691645f,0.5561608650663338f,0.23351886312700632f,4.3741782114704435f,0.2916673054070783f,-0.016722523829497946f,-0.9563736404530115f,2.2490666363835694f,0f,0f,0f,1f], start_interpolation: 0, interpolation_duration: 1 }
$data merge entity $(bone_crest_right1) { transformation: [-0.5279925664477072f,0.8309064022893549f,-0.175551702955353f,0.3594439146045053f,0.7975926483691645f,0.5561608650663338f,0.23351886312700632f,4.086861285073829f,0.2916673054070783f,-0.016722523829497946f,-0.9563736404530115f,2.211350529043309f,0f,0f,0f,1f], start_interpolation: 0, interpolation_duration: 1 }
$data merge entity $(bone_head1) { transformation: [-0.9977998386072143f,0.009633600251472882f,-0.06559478501841445f,0.18692533387245552f,-0.010795366006561884f,0.9525742741226368f,0.30411463686004303f,4.287804795493749f,0.06541362356727805f,0.30415365528943805f,-0.9503744587402758f,1.105869754152679f,0f,0f,0f,1f], start_interpolation: 0, interpolation_duration: 1 }
$data merge entity $(bone_neck10) { transformation: [-1.2916316192141877f,0.00915101156030881f,-0.16439290184799146f,0.06705008783766897f,-0.03502547812315014f,1.2550417955587652f,0.34505697243690087f,4.157145349687411f,0.16087878378712647f,0.3467093268611309f,-1.2447215216823084f,0.11499287189569482f,0f,0f,0f,1f], start_interpolation: 0, interpolation_duration: 1 }
$data merge entity $(bone_neck9) { transformation: [-0.9919730835564962f,0.012543447244910029f,-0.12582552773833683f,0.05726961417412775f,-0.026899567198579312f,0.9513587067347944f,0.3069088209948173f,2.9343799592528663f,0.12355490594851314f,0.30782994177161166f,-0.9433848165859681f,-0.22974314712168495f,0f,0f,0f,1f], start_interpolation: 0, interpolation_duration: 1 }
$data merge entity $(bone_neck8) { transformation: [-0.9924072260114244f,-0.045717221282977116f,-0.1141833325773642f,0.09182971532235534f,-0.018454201602909434f,0.9731906418489206f,-0.2292584067398303f,2.307188556089191f,0.1216032080313214f,-0.22541053723339918f,-0.9666451000758458f,-0.0428781960939143f,0f,0f,0f,1f], start_interpolation: 0, interpolation_duration: 1 }
$data merge entity $(bone_neck7) { transformation: [-0.9936267910921918f,-0.04925042448141868f,-0.10139129998295701f,0.1342786459788806f,-3.469446951953614e-18f,0.8994969260461537f,-0.43692708777726347f,1.5829177055419765f,0.11272000720295355f,-0.4341424601693788f,-0.8937642442245303f,0.331309100377736f,0f,0f,0f,1f], start_interpolation: 0, interpolation_duration: 1 }
$data merge entity $(bone_neck6) { transformation: [-0.9936267910921918f,-0.029174084628217706f,-0.10887916609682265f,0.1565208826643653f,-3.469446951953614e-18f,0.9659258262890684f,-0.25881904510252063f,0.8120151322534519f,0.11272000720295355f,-0.2571695372587629f,-0.9597697792086809f,0.5273744024737432f,0f,0f,0f,1f], start_interpolation: 0, interpolation_duration: 1 }
$data merge entity $(bone_neck_spine6) { transformation: [-1.0980837605804554f,0.08086040538359278f,0.11231797321910358f,-0.19203512405382195f,0.1171077576861173f,0.06421299797999312f,1.0986829121714383f,0.4496561545187047f,0.07375300235635066f,1.1019437205451936f,-0.07226485253428296f,-1.7860857093697091f,0f,0f,0f,1f], start_interpolation: 0, interpolation_duration: 1 }
$data merge entity $(bone_neck_spine7) { transformation: [-0.9007658532674068f,-0.32909783364989664f,0.2833998826294484f,0.18588952074832085f,0.1395376356478565f,0.39863970504573787f,0.9064301593608043f,0.27530957790423255f,-0.4112786474219714f,0.85602628548894f,-0.3131595004574531f,-4.871180875969261f,0f,0f,0f,1f], start_interpolation: 0, interpolation_duration: 1 }
$data merge entity $(bone_tail6) { transformation: [-0.8516636852168692f,-0.777858897956714f,0.9548815548728619f,1.9354525279271204f,0.6699049470511975f,0.6816161859553309f,1.1527449928948148f,-1.4189721670869466f,-1.0334846931054087f,1.082833870728701f,-0.03967970770489079f,-7.311583424290877f,0f,0f,0f,1f], start_interpolation: 0, interpolation_duration: 1 }
$data merge entity $(bone_tail5) { transformation: [-0.703548261700892f,-0.642579089616416f,0.7888151975036686f,1.5296131029062257f,0.5533997388683807f,0.5630742405717952f,0.9522676028261515f,-1.0633463309363387f,-0.8537482247392507f,0.894514936688927f,-0.03277888897360544f,-6.746626622171554f,0f,0f,0f,1f], start_interpolation: 0, interpolation_duration: 1 }
$data merge entity $(bone_tail4) { transformation: [-0.5687632263013527f,-0.5194744640267447f,0.6376948122977025f,1.3266933903957785f,0.44737999942201717f,0.45520107027277756f,0.7698331778636677f,-0.8855334128610349f,-0.6901880385260468f,0.7231447067127326f,-0.026499143928135765f,-6.464148221111893f,0f,0f,0f,1f], start_interpolation: 0, interpolation_duration: 1 }
$data merge entity $(bone_segment18) { transformation: [-0.5687632263013527f,-0.5194744640267447f,0.6376948122977025f,1.0730437497577194f,0.44737999942201717f,0.45520107027277756f,0.7698331778636677f,-0.6632672652669053f,-0.6901880385260468f,0.7231447067127326f,-0.026499143928135765f,-6.111050219787317f,0f,0f,0f,1f], start_interpolation: 0, interpolation_duration: 1 }
$data merge entity $(bone_segment17) { transformation: [-0.5687632263013527f,-0.5194744640267447f,0.6376948122977025f,0.7432992169282427f,0.44737999942201717f,0.45520107027277756f,0.7698331778636677f,-0.3743212733945367f,-0.6901880385260468f,0.7231447067127326f,-0.026499143928135765f,-5.652022818065367f,0f,0f,0f,1f], start_interpolation: 0, interpolation_duration: 1 }
$data merge entity $(bone_segment16) { transformation: [-0.7221789667804582f,-0.6451832640141241f,0.24939145088793713f,0.20774670285401867f,0.08234741325327677f,0.27778859153047786f,0.9571062647094141f,-0.14373504019052674f,-0.6867870437554887f,0.711738754215052f,-0.14748390514901f,-5.061224047476701f,0f,0f,0f,1f], start_interpolation: 0, interpolation_duration: 1 }
$data merge entity $(bone_segment15) { transformation: [-0.9007658532674068f,-0.39123338390253903f,0.18856647874850044f,-0.19342034118667076f,0.1395376356478565f,0.15045499819004576f,0.9787198484538051f,0.010540104437938166f,-0.4112786474219714f,0.9079095400092466f,-0.080932943446732f,-4.1302621168031575f,0f,0f,0f,1f], start_interpolation: 0, interpolation_duration: 1 }
$data merge entity $(bone_segment14) { transformation: [-0.9834983282550742f,-0.1383152097186419f,0.11661878527905367f,-0.335247460527075f,0.12638266388955433f,-0.06401756602931194f,0.989913720234174f,-0.05510290760383674f,-0.12945447303069088f,0.9883170817102024f,0.08044181382947169f,-3.1168510466901576f,0f,0f,0f,1f], start_interpolation: 0, interpolation_duration: 1 }
$data merge entity $(bone_segment13) { transformation: [-0.9921509742656348f,0.05432754546272241f,0.11262753689816324f,-0.2796374530784887f,0.10581030341522125f,-0.11524230982250482f,0.9876858760344569f,-0.20301147366451683f,0.06663800683491447f,0.9918506580280974f,0.10858935589780563f,-2.0540375460240874f,0f,0f,0f,1f], start_interpolation: 0, interpolation_duration: 1 }
$data merge entity $(bone_segment12) { transformation: [-0.9845549147725695f,0.14205428941370238f,0.10233376107788766f,-0.11316758267180618f,0.10883166371303332f,0.03873222580204427f,0.9933053325427548f,-0.1576221465527462f,0.1371396688439612f,0.9891008004968895f,-0.05359400792794938f,-0.8949350454417947f,0f,0f,0f,1f], start_interpolation: 0, interpolation_duration: 1 }
$data merge entity $(bone_segment11) { transformation: [-1.0216442385715319f,0.1622029288764105f,0.038493136681378666f,0.07764352554024603f,0.10612409970389296f,0.4484580363175971f,0.9269150592358858f,0.3602941952408375f,0.1285658864928616f,0.9187622442395758f,-0.4592332885410482f,0.1664195794592659f,0f,0f,0f,1f], start_interpolation: 0, interpolation_duration: 1 }
$data merge entity $(bone_segment10) { transformation: [-0.9942865748681612f,0.08870742244422311f,-0.05937339673829068f,0.16571305585013357f,0.04891054450383728f,0.8730058493949464f,0.48525101293922757f,1.165643462647885f,0.09487868924726181f,0.47957458244313833f,-0.87235672416805f,0.6084034032020121f,0f,0f,0f,1f], start_interpolation: 0, interpolation_duration: 1 }