# This file was generated by Animated Java via MC-Build. It is not recommended to edit this file directly.
$data merge entity $(bone_neck_spine5) { transformation: [-1.5618059096980583f,-0.0369083953002042f,-0.17725480626833662f,0.09662214481856171f,-0.04786099528920537f,1.5686582832461309f,0.09507739526233945f,4.27539006160983f,0.1746162109278183f,0.09984065462680197f,-1.559346086704791f,-0.7286133865564189f,0f,0f,0f,1f], start_interpolation: 0, interpolation_duration: 1 }
$data merge entity $(bone_neck_spine2) { transformation: [-1.487434199712436f,-0.02043180930374491f,-0.1712201050648762f,0.13710451894667974f,-0.04558190027543367f,1.4805474983689801f,0.21930726646571308f,5.720459432465114f,0.1663011532645888f,0.22306036834444237f,-1.4713199108898571f,1.0407576675051973f,0f,0f,0f,1f], start_interpolation: 0, interpolation_duration: 1 }
$data merge entity $(bone_scale_neck_left1) { transformation: [-1.5798307114103212f,0.45665657933107523f,-0.09303103071594687f,0.9264512451777569f,0.361325903874633f,1.4078799866987561f,0.7748371539103968f,4.857735488881183f,0.2943358546144349f,0.7227681457040187f,-1.450526695059983f,0.7859471758953643f,0f,0f,0f,1f], start_interpolation: 0, interpolation_duration: 1 }
$data merge entity $(bone_scale_neck_right1) { transformation: [-1.5810217270869567f,-0.3702152329555381f,-0.276344098189784f,-0.6353546645203008f,-0.45818912018685615f,1.3825407895124184f,0.769219589138529f,4.809874493591977f,0.05906021892139545f,0.8152157551591657f,-1.430031553469678f,0.9605633868231825f,0f,0f,0f,1f], start_interpolation: 0, interpolation_duration: 1 }
$data merge entity $(bone_blush_right1) { transformation: [-0.9978644654925766f,0.003576545950256196f,-0.06522052457838626f,-0.4023115991116749f,-0.01668039799454295f,0.9514398522215631f,0.30738245221117305f,4.23847350884409f,0.06315277373130829f,0.30781393068488005f,-0.9493483613755102f,2.2177144964422824f,0f,0f,0f,1f], start_interpolation: 0, interpolation_duration: 1 }
$data merge entity $(bone_blush_left1) { transformation: [-0.9978644654925766f,0.003576545950256196f,-0.06522052457838626f,0.9200537130694056f,-0.01668039799454295f,0.9514398522215631f,0.30738245221117305f,4.260578294077093f,0.06315277373130829f,0.30781393068488005f,-0.9493483613755102f,2.1340247367221794f,0f,0f,0f,1f], start_interpolation: 0, interpolation_duration: 1 }
$data merge entity $(bone_left_head_scales) { transformation: [-0.8550011041569799f,0.003576545950256196f,-0.5186138449843106f,0.9082350102453632f,-0.15672911476417714f,0.9514398522215631f,0.2649494143980089f,5.076119847912595f,0.4943774837870171f,0.30781393068488005f,-0.8129215753076933f,1.984856710194245f,0f,0f,0f,1f], start_interpolation: 0, interpolation_duration: 1 }
$data merge entity $(bone_left_head_scales2) { transformation: [-0.7799937607669696f,0.003576545950256196f,-0.625777070116559f,0.9160085631902226f,-0.1899711136529142f,0.9514398522215631f,0.24222548086871867f,4.169529870324445f,0.5962555736779914f,0.30781393068488005f,-0.741437708060666f,1.8682295384239187f,0f,0f,0f,1f], start_interpolation: 0, interpolation_duration: 1 }
$data merge entity $(bone_left_head_scales1) { transformation: [-0.9978644654925766f,0.003576545950256196f,-0.06522052457838626f,0.9078333473700904f,-0.01668039799454295f,0.9514398522215631f,0.30738245221117305f,4.969268692633806f,0.06315277373130829f,0.30781393068488005f,-0.9493483613755102f,1.9502877629005329f,0f,0f,0f,1f], start_interpolation: 0, interpolation_duration: 1 }
$data merge entity $(bone_right_head_scales) { transformation: [-0.9152320777140425f,0.003576545950256196f,0.4029112212911205f,-0.4365432733286168f,0.12713772731840936f,0.9514398522215631f,0.2803537156823862f,5.053640405302762f,-0.38234309489717017f,0.30781393068488005f,-0.8712429866924483f,2.069964940418078f,0f,0f,0f,1f], start_interpolation: 0, interpolation_duration: 1 }
$data merge entity $(bone_right_head_scales2) { transformation: [-0.8548116728962027f,0.003576545950256196f,0.5189260180405879f,-0.42876972038375755f,0.1626435494193465f,0.9514398522215631f,0.26136044734597286f,4.147050427714612f,-0.4927921262689488f,0.30781393068488005f,-0.8138835938656415f,1.953337768647752f,0f,0f,0f,1f], start_interpolation: 0, interpolation_duration: 1 }
$data merge entity $(bone_right_head_scales1) { transformation: [-0.9978644654925766f,0.003576545950256196f,-0.06522052457838626f,-0.43694493620388974f,-0.01668039799454295f,0.9514398522215631f,0.30738245221117305f,4.946789250023973f,0.06315277373130829f,0.30781393068488005f,-0.9493483613755102f,2.035395993124366f,0f,0f,0f,1f], start_interpolation: 0, interpolation_duration: 1 }
$data merge entity $(bone_head_left_fin1) { transformation: [-0.6787020506442579f,0.0025033266175591576f,-0.798769339566998f,0.9008337083382428f,0.022607833643762985f,1.0478122235043799f,-0.01592570745421917f,4.594467459475395f,0.7984532612084371f,-0.02754043673995118f,-0.6785197948733389f,1.740692459052126f,0f,0f,0f,1f], start_interpolation: 0, interpolation_duration: 1 }
$data merge entity $(bone_head_right_fin1) { transformation: [-0.7727917794230977f,-0.04083424755039346f,0.7069657897722128f,-0.44394457523573727f,-0.04687114355148218f,1.0470877884631113f,0.009244305208116185f,4.571988016865562f,-0.7065912252380664f,-0.024797691497348052f,-0.7738146502478125f,1.8258006892759595f,0f,0f,0f,1f], start_interpolation: 0, interpolation_duration: 1 }
$data merge entity $(bone_right_whisker16) { transformation: [0.2787144238350565f,0.9264409142292083f,-0.25303261131411686f,-0.9937508642957287f,0.9598511009730205f,-0.2774135828845691f,0.04156402280852087f,1.8720062793516783f,-0.03168807200151776f,-0.2544581232212775f,-0.9665644984270486f,1.611354884002029f,0f,0f,0f,1f], start_interpolation: 0, interpolation_duration: 1 }
$data merge entity $(bone_right_whisker15) { transformation: [-0.8821355513190081f,0.3972547881532308f,-0.25303261131411686f,-0.6965469920251645f,0.400325980534436f,0.9154297030996512f,0.04156402280852087f,1.7371308269255255f,0.24814507532540644f,-0.06463042605628207f,-0.9665644984270486f,1.527751318584778f,0f,0f,0f,1f], start_interpolation: 0, interpolation_duration: 1 }
$data merge entity $(bone_right_whisker14) { transformation: [-0.7328417012589804f,-0.6315991913447974f,-0.25303261131411686f,-0.44964231728459036f,-0.6604759983807581f,0.7496958633812207f,0.04156402280852087f,1.9596544787237298f,0.16344569880784302f,0.19758181576674522f,-0.9665644984270486f,1.4726841642012762f,0f,0f,0f,1f], start_interpolation: 0, interpolation_duration: 1 }
$data merge entity $(bone_right_whisker13) { transformation: [-0.10140811746019096f,-0.994624259843883f,-0.020951740815207464f,-0.41547649646060025f,-0.9666888454923411f,0.09354121215638833f,0.23824927624024114f,2.2853455448319893f,-0.23500865880614988f,0.044414224729483455f,-0.9709780156768812f,1.5518618861623326f,0f,0f,0f,1f], start_interpolation: 0, interpolation_duration: 1 }
$data merge entity $(bone_right_whisker12) { transformation: [0.0707485553140483f,-0.997493063124629f,0.0014936328931747372f,-0.4472580740430829f,-0.8948964971824798f,-0.06281016126312092f,0.4418315776091941f,2.6873498306756813f,-0.44063011841169425f,-0.032595592652155995f,-0.8970967763224608f,1.7498011971675858f,0f,0f,0f,1f], start_interpolation: 0, interpolation_duration: 1 }
$data merge entity $(bone_right_whisker11) { transformation: [0.2813332068654982f,-0.9593416398430841f,0.022699003897899056f,-0.5736382255646935f,-0.949364490080967f,-0.2748042018262921f,0.15228169828288815f,3.113822160204241f,-0.13985239250038176f,-0.06439152678572409f,-0.9880764340829725f,1.8126255141111167f,0f,0f,0f,1f], start_interpolation: 0, interpolation_duration: 1 }
$data merge entity $(bone_right_whisker10) { transformation: [0.04759236315933643f,-0.9902892065587211f,0.1306225644450764f,-0.5950176074526766f,-0.9938957280218282f,-0.05997924508153681f,-0.09259466496191632f,3.5602987567765463f,0.09953014010273667f,-0.12541840986373287f,-0.9870987659187821f,1.7679147089868406f,0f,0f,0f,1f], start_interpolation: 0, interpolation_duration: 1 }
$data merge entity $(bone_right_whisker1) { transformation: [-0.3488209502132648f,-0.93130133680469f,0.10488929763380106f,-0.43832069622406156f,-0.9171408767047037f,0.362239875169946f,0.16623743595890217f,3.9722956349837375f,-0.19281223241704115f,-0.03821116201660396f,-0.9804913819752308f,1.8545295790179332f,0f,0f,0f,1f], start_interpolation: 0, interpolation_duration: 1 }
$data merge entity $(bone_left_whisker16) { transformation: [0.23898878123883044f,-0.9090281882246585f,0.3413972985466827f,1.4049407206813953f,-0.9694448527370801f,-0.24339981830485985f,0.030548419774881097f,1.8275552282489038f,0.05532666575494618f,-0.33826658342519683f,-0.9394225239977405f,1.7208803715039824f,0f,0f,0f,1f], start_interpolation: 0, interpolation_duration: 1 }
$data merge entity $(bone_left_whisker15) { transformation: [-0.8700570304608672f,-0.35559618711488494f,0.3413972985466827f,1.1118062719421382f,-0.3678554443127719f,0.9293810661610827f,0.030548419774881097f,1.7036195560927454f,-0.3281510869021621f,-0.09900598754946503f,-0.9394225239977405f,1.6103216557019844f,0f,0f,0f,1f], start_interpolation: 0, interpolation_duration: 1 }
$data merge entity $(bone_left_whisker14) { transformation: [-0.6899815832514083f,0.6382580193925548f,0.3413972985466827f,0.8793417736787245f,0.6868428689388971f,0.7261636643602065f,0.030548419774881097f,1.935026577366104f,-0.22841253941424666f,0.25556414702389374f,-0.9394225239977405f,1.5333662591219892f,0f,0f,0f,1f], start_interpolation: 0, interpolation_duration: 1 }
$data merge entity $(bone_left_whisker13) { transformation: [-0.08658470200286998f,0.9892178493212109f,0.11811492692878536f,0.8501701699765857f,0.9701726107572226f,0.05677789188352571f,0.23567217979595617f,2.261891372982551f,0.22642481029160433f,0.1349974724858979f,-0.9646281603326904f,1.6096519618081255f,0f,0f,0f,1f], start_interpolation: 0, interpolation_duration: 1 }
$data merge entity $(bone_left_whisker12) { transformation: [0.06335145036862971f,0.993307559186138f,0.09657477206738899f,0.8786288293218686f,0.8924114398108626f,-0.09970243234623977f,0.4400695934496577f,2.662779324460087f,0.44675319341991787f,0.058305384381895434f,-0.8927553227627295f,1.8103418729147294f,0f,0f,0f,1f], start_interpolation: 0, interpolation_duration: 1 }
$data merge entity $(bone_left_whisker11) { transformation: [0.3023304928237406f,0.9503995276748751f,0.07305484860246118f,1.0144413553950333f,0.9385483997156153f,-0.3101943298286061f,0.15134853528673442f,3.084392863394836f,0.1665027762537673f,0.022808233985916776f,-0.985777160397943f,1.8851380419349764f,0f,0f,0f,1f], start_interpolation: 0, interpolation_duration: 1 }
$data merge entity $(bone_left_whisker10) { transformation: [0.09317623712096305f,0.9946994122507616f,-0.04348871237421809f,1.056297868164216f,0.9912870924290264f,-0.09676381175352454f,-0.0893681437567996f,3.529697611946937f,-0.09310257364641203f,-0.03478281188917702f,-0.9950487760795934f,1.8433146201797521f,0f,0f,0f,1f], start_interpolation: 0, interpolation_duration: 1 }
$data merge entity $(bone_left_whisker1) { transformation: [-0.3307867122302481f,0.9436634583601374f,-0.00891225940422221f,0.9077022747795342f,0.9297349405361329f,0.32749420113341887f,0.16834633518511122f,3.9473519797659034f,0.1617809981369166f,0.04740069176466716f,-0.985687619411979f,1.9159896779365702f,0f,0f,0f,1f], start_interpolation: 0, interpolation_duration: 1 }
$data merge entity $(bone_upper_left_tooth1) { transformation: [-0.9978644654925766f,-0.0021214071488944238f,-0.06528405731051648f,0.6165188621854869f,-0.01668039799454295f,0.9746094822663764f,0.22328932217911746f,4.1134896224437565f,0.06315277373130829f,0.2239014441851028f,-0.9725635560012865f,2.9007366769930205f,0f,0f,0f,1f], start_interpolation: 0, interpolation_duration: 1 }
$data merge entity $(bone_upper_right_tooth1) { transformation: [-0.9978644654925766f,-0.0021214071488944238f,-0.06528405731051648f,-0.05587027960150309f,-0.01668039799454295f,0.9746094822663764f,0.22328932217911746f,4.1022499011388405f,0.06315277373130829f,0.2239014441851028f,-0.9725635560012865f,2.943290792104937f,0f,0f,0f,1f], start_interpolation: 0, interpolation_duration: 1 }
$data merge entity $(bone_top_lip1) { transformation: [-0.9978644654925766f,-0.029029469445910082f,-0.05851323278458603f,0.30807879577705033f,-0.01668039799454295f,0.9793633300033284f,-0.2014180532314215f,4.228736624181363f,0.06315277373130829f,-0.20001189401753347f,-0.9777560889207293f,2.947900323615795f,0f,0f,0f,1f], start_interpolation: 0, interpolation_duration: 1 }
$data merge entity $(bone_muzzle1) { transformation: [-0.9978644654925766f,-0.0021214071488944238f,-0.06528405731051648f,0.2710629015517268f,-0.01668039799454295f,0.9746094822663764f,0.22328932217911746f,4.518298631939119f,0.06315277373130829f,0.2239014441851028f,-0.9725635560012865f,2.4395008650427386f,0f,0f,0f,1f], start_interpolation: 0, interpolation_duration: 1 }
$data merge entity $(bone_jaw_right_tooth1) { transformation: [-0.9978644654925766f,-0.03856594595373515f,-0.05271789373550274f,-0.05273423618662587f,-0.01668039799454295f,0.9307851504639945f,-0.3651859362002635f,3.983172678564172f,0.06315277373130829f,-0.36352671358294f,-0.9294407219837257f,2.9613911977368597f,0f,0f,0f,1f], start_interpolation: 0, interpolation_duration: 1 }
$data merge entity $(bone_jaw_left_tooth1) { transformation: [-0.9978644654925766f,-0.03856594595373515f,-0.05271789373550274f,0.6756873340826133f,-0.01668039799454295f,0.9307851504639945f,-0.3651859362002635f,3.995349043311165f,0.06315277373130829f,-0.36352671358294f,-0.9294407219837257f,2.915290906365617f,0f,0f,0f,1f], start_interpolation: 0, interpolation_duration: 1 }
$data merge entity $(bone_tongue1) { transformation: [-0.9978644654925766f,-0.016057665062132034f,-0.06331397870902258f,0.2603428765531408f,-0.01668039799454295f,0.9998174406914497f,0.009319313920207406f,3.9837876013967457f,0.06315277373130829f,0.010355514567229857f,-0.9979501442898289f,2.128936695357221f,0f,0f,0f,1f], start_interpolation: 0, interpolation_duration: 1 }
$data merge entity $(bone_jaw_lips1) { transformation: [-0.9978644654925766f,-0.016057665062132034f,-0.06331397870902258f,0.3753328057263538f,-0.01668039799454295f,0.9998174406914497f,0.009319313920207406f,3.84722497002904f,0.06315277373130829f,0.010355514567229857f,-0.9979501442898289f,3.0206489368283194f,0f,0f,0f,1f], start_interpolation: 0, interpolation_duration: 1 }
$data merge entity $(bone_jaw3) { transformation: [-0.9978644654925766f,-0.028825676399879235f,-0.05861389670806425f,0.32509983719697827f,-0.01668039799454295f,0.980058304896344f,-0.19800879608352895f,3.5867772338419184f,0.06315277373130829f,-0.19660823834161767f,-0.978446180321763f,2.1581362874267325f,0f,0f,0f,1f], start_interpolation: 0, interpolation_duration: 1 }
$data merge entity $(bone_jaw1) { transformation: [-0.9978644654925766f,0.021063452579396458f,-0.06182911508868372f,0.269550241609489f,-0.01668039799454295f,0.8330192357956454f,0.5529925109051503f,4.083606442858264f,0.06315277373130829f,0.5528429105630953f,-0.8308889477000929f,1.41163449847743f,0f,0f,0f,1f], start_interpolation: 0, interpolation_duration: 1 }
$data merge entity $(bone_tear_right1) { transformation: [-0.9978644654925766f,0.003576545950256196f,-0.06522052457838626f,-0.33828123699774487f,-0.01668039799454295f,0.9514398522215631f,0.30738245221117305f,4.582320754547225f,0.06315277373130829f,0.30781393068488005f,-0.9493483613755102f,2.431114279658571f,0f,0f,0f,1f], start_interpolation: 0, interpolation_duration: 1 }
$data merge entity $(bone_right_pupil1) { transformation: [-0.9978644654925766f,0.003576545950256196f,-0.06522052457838626f,-0.14857817635977494f,-0.01668039799454295f,0.9514398522215631f,0.30738245221117305f,4.6715505330472125f,0.06315277373130829f,0.30781393068488005f,-0.9493483613755102f,2.5179506306237824f,0f,0f,0f,1f], start_interpolation: 0, interpolation_duration: 1 }
$data merge entity $(bone_right_sad_pupil1) { transformation: [-0.9978644654925766f,0.003576545950256196f,-0.06522052457838626f,-0.14931063342291107f,-0.01668039799454295f,0.9514398522215631f,0.30738245221117305f,4.675002582071068f,0.06315277373130829f,0.30781393068488005f,-0.9493483613755102f,2.507289003518491f,0f,0f,0f,1f], start_interpolation: 0, interpolation_duration: 1 }
$data merge entity $(bone_right_happy_pupil1) { transformation: [-0.9978644654925766f,0.003576545950256196f,-0.06522052457838626f,-0.17742690348999035f,-0.01668039799454295f,0.9514398522215631f,0.30738245221117305f,4.647821819448548f,0.06315277373130829f,0.30781393068488005f,-0.9493483613755102f,2.5004199427498293f,0f,0f,0f,1f], start_interpolation: 0, interpolation_duration: 1 }
$data merge entity $(bone_eyelid_right1) { transformation: [-0.9978644654925766f,0.003576545950256196f,-0.06522052457838626f,0.24531573990350464f,-0.01668039799454295f,0.9514398522215631f,0.30738245221117305f,4.801391616122977f,0.06315277373130829f,0.30781393068488005f,-0.9493483613755102f,1.9296175947147245f,0f,0f,0f,1f], start_interpolation: 0, interpolation_duration: 1 }
$data merge entity $(bone_eyelid_expressions_right5) { transformation: [-0.9978644654925766f,0.003576545950256196f,-0.06522052457838626f,-0.277783197449269f,-0.01668039799454295f,0.9514398522215631f,0.30738245221117305f,4.779699463427599f,0.06315277373130829f,0.30781393068488005f,-0.9493483613755102f,2.550014133513126f,0f,0f,0f,1f], start_interpolation: 0, interpolation_duration: 1 }
$data merge entity $(bone_eyelid_expressions_right7) { transformation: [-0.9978644654925766f,0.003576545950256196f,-0.06522052457838626f,0.05841137344422605f,-0.01668039799454295f,0.9514398522215631f,0.30738245221117305f,4.785319324080058f,0.06315277373130829f,0.30781393068488005f,-0.9493483613755102f,2.5287370759571677f,0f,0f,0f,1f], start_interpolation: 0, interpolation_duration: 1 }
$data merge entity $(bone_eyelid_expressions_right6) { transformation: [-0.9978644654925766f,0.003576545950256196f,-0.06522052457838626f,-0.05365348352027233f,-0.01668039799454295f,0.9514398522215631f,0.30738245221117305f,4.7834460371959056f,0.06315277373130829f,0.30781393068488005f,-0.9493483613755102f,2.5358294284758203f,0f,0f,0f,1f], start_interpolation: 0, interpolation_duration: 1 }
$data merge entity $(bone_right_eye1) { transformation: [-0.9978644654925766f,0.003576545950256196f,-0.06522052457838626f,0.234841711270191f,-0.01668039799454295f,0.9514398522215631f,0.30738245221117305f,4.797752238410706f,0.06315277373130829f,0.30781393068488005f,-0.9493483613755102f,1.9409884570718812f,0f,0f,0f,1f], start_interpolation: 0, interpolation_duration: 1 }
$data merge entity $(bone_tear_left1) { transformation: [-0.9978644654925766f,0.003576545950256196f,-0.06522052457838626f,0.8720192182188373f,-0.01668039799454295f,0.9514398522215631f,0.30738245221117305f,4.602552252896075f,0.06315277373130829f,0.30781393068488005f,-0.9493483613755102f,2.3545168724571206f,0f,0f,0f,1f], start_interpolation: 0, interpolation_duration: 1 }
$data merge entity $(bone_left_sad_pupil1) { transformation: [-0.9978644654925766f,0.003576545950256196f,-0.06522052457838626f,0.6911757938108265f,-0.01668039799454295f,0.9514398522215631f,0.30738245221117305f,4.689052233702214f,0.06315277373130829f,0.30781393068488005f,-0.9493483613755102f,2.454096359628595f,0f,0f,0f,1f], start_interpolation: 0, interpolation_duration: 1 }
$data merge entity $(bone_left_pupil1) { transformation: [-0.9978644654925766f,0.003576545950256196f,-0.06522052457838626f,0.6919082508739627f,-0.01668039799454295f,0.9514398522215631f,0.30738245221117305f,4.685600184678358f,0.06315277373130829f,0.30781393068488005f,-0.9493483613755102f,2.4647579867338862f,0f,0f,0f,1f], start_interpolation: 0, interpolation_duration: 1 }
$data merge entity $(bone_eyelid_left1) { transformation: [-0.9978644654925766f,0.003576545950256196f,-0.06522052457838626f,0.22290276851060498f,-0.01668039799454295f,0.9514398522215631f,0.30738245221117305f,4.801016958746147f,0.06315277373130829f,0.30781393068488005f,-0.9493483613755102f,1.931036065218455f,0f,0f,0f,1f], start_interpolation: 0, interpolation_duration: 1 }
$data merge entity $(bone_left_happy_pupil1) { transformation: [-0.9978644654925766f,0.003576545950256196f,-0.06522052457838626f,0.7190919522259963f,-0.01668039799454295f,0.9514398522215631f,0.30738245221117305f,4.66280811452177f,0.06315277373130829f,0.30781393068488005f,-0.9493483613755102f,2.443681122600607f,0f,0f,0f,1f], start_interpolation: 0, interpolation_duration: 1 }
$data merge entity $(bone_eyelid_expressions_left5) { transformation: [-0.9978644654925766f,0.003576545950256196f,-0.06522052457838626f,0.8204524008028147f,-0.01668039799454295f,0.9514398522215631f,0.30738245221117305f,4.798057674892297f,0.06315277373130829f,0.30781393068488005f,-0.9493483613755102f,2.4805090788303286f,0f,0f,0f,1f], start_interpolation: 0, interpolation_duration: 1 }
$data merge entity $(bone_eyelid_expressions_left7) { transformation: [-0.9978644654925766f,0.003576545950256196f,-0.06522052457838626f,0.4842578299093197f,-0.01668039799454295f,0.9514398522215631f,0.30738245221117305f,4.792437814239839f,0.06315277373130829f,0.30781393068488005f,-0.9493483613755102f,2.5017861363862863f,0f,0f,0f,1f], start_interpolation: 0, interpolation_duration: 1 }
$data merge entity $(bone_eyelid_expressions_left6) { transformation: [-0.9978644654925766f,0.003576545950256196f,-0.06522052457838626f,0.5963226868738181f,-0.01668039799454295f,0.9514398522215631f,0.30738245221117305f,4.794311101123991f,0.06315277373130829f,0.30781393068488005f,-0.9493483613755102f,2.4946937838676337f,0f,0f,0f,1f], start_interpolation: 0, interpolation_duration: 1 }
$data merge entity $(bone_left_eye1) { transformation: [-0.9978644654925766f,0.003576545950256196f,-0.06522052457838626f,0.234841711270191f,-0.01668039799454295f,0.9514398522215631f,0.30738245221117305f,4.797752238410706f,0.06315277373130829f,0.30781393068488005f,-0.9493483613755102f,1.9409884570718812f,0f,0f,0f,1f], start_interpolation: 0, interpolation_duration: 1 }
$data merge entity $(bone_crest_middle5) { transformation: [-0.9978644654925766f,-0.01062453763007038f,-0.06444864395285131f,0.2708917312924917f,-0.01668039799454295f,0.9954166680266252f,0.09416698645234123f,5.969620151615299f,0.06315277373130829f,0.09504091863465433f,-0.9934681428989676f,2.820130478387605f,0f,0f,0f,1f], start_interpolation: 0, interpolation_duration: 1 }
$data merge entity $(bone_crest_middle4) { transformation: [-0.9978644654925766f,-0.01062453763007038f,-0.06444864395285131f,0.278050843562754f,-0.01668039799454295f,0.9954166680266252f,0.09416698645234123f,5.29888040460517f,0.06315277373130829f,0.09504091863465433f,-0.9934681428989676f,2.756089234385738f,0f,0f,0f,1f], start_interpolation: 0, interpolation_duration: 1 }
$data merge entity $(bone_crest_middle1) { transformation: [-0.9978644654925766f,-0.01062453763007038f,-0.06444864395285131f,0.2888486145408749f,-0.01668039799454295f,0.9954166680266252f,0.09416698645234123f,4.787894015016553f,0.06315277373130829f,0.09504091863465433f,-0.9934681428989676f,2.7917370054090576f,0f,0f,0f,1f], start_interpolation: 0, interpolation_duration: 1 }
$data merge entity $(bone_crest_left5) { transformation: [-0.5391686147523769f,-0.840998182330177f,0.04493620125623789f,-0.8271017316245375f,-0.8113986038786795f,0.5330085130827166f,0.23986294129165014f,5.310661521255929f,-0.22567567544982084f,0.09286539882372691f,-0.9697662126572453f,2.7863088346738403f,0f,0f,0f,1f], start_interpolation: 0, interpolation_duration: 1 }
$data merge entity $(bone_crest_left4) { transformation: [-0.5391686147523769f,-0.840998182330177f,0.04493620125623789f,-0.3548615413512447f,-0.8113986038786795f,0.5330085130827166f,0.23986294129165014f,5.011364748772958f,-0.22567567544982084f,0.09286539882372691f,-0.9697662126572453f,2.7341627367015326f,0f,0f,0f,1f], start_interpolation: 0, interpolation_duration: 1 }
$data merge entity $(bone_crest_left1) { transformation: [-0.5391686147523769f,-0.840998182330177f,0.04493620125623789f,0.16712594096913602f,-0.8113986038786795f,0.5330085130827166f,0.23986294129165014f,4.6956071653739855f,-0.22567567544982084f,0.09286539882372691f,-0.9697662126572453f,2.622347383201729f,0f,0f,0f,1f], start_interpolation: 0, interpolation_duration: 1 }
$data merge entity $(bone_crest_center1) { transformation: [-0.9978644654925766f,0.003576545950256196f,-0.06522052457838626f,0.2790903835001373f,-0.01668039799454295f,0.9514398522215631f,0.30738245221117305f,4.670768005362138f,0.06315277373130829f,0.30781393068488005f,-0.9493483613755102f,2.6066129044802797f,0f,0f,0f,1f], start_interpolation: 0, interpolation_duration: 1 }
$data merge entity $(bone_crest_right5) { transformation: [-0.5331357582323712f,0.8277826819293871f,-0.17476296744958675f,1.377189696947044f,0.7934738612596054f,0.5609040138687739f,0.23619042894171455f,5.347508667933693f,0.2935395966335159f,-0.012748283166340246f,-0.9558619076438519f,2.6468037990298194f,0f,0f,0f,1f], start_interpolation: 0, interpolation_duration: 1 }
$data merge entity $(bone_crest_right4) { transformation: [-0.5331357582323712f,0.8277826819293871f,-0.17476296744958675f,0.9123703198870856f,0.7934738612596054f,0.5609040138687739f,0.23619042894171455f,5.032547917958551f,0.2935395966335159f,-0.012748283166340246f,-0.9558619076438519f,2.653962258815606f,0f,0f,0f,1f], start_interpolation: 0, interpolation_duration: 1 }
$data merge entity $(bone_crest_right1) { transformation: [-0.5331357582323712f,0.8277826819293871f,-0.17476296744958675f,0.3912556548981327f,0.7934738612596054f,0.5609040138687739f,0.23619042894171455f,4.699353739142291f,0.2935395966335159f,-0.012748283166340246f,-0.9558619076438519f,2.6081626781644234f,0f,0f,0f,1f], start_interpolation: 0, interpolation_duration: 1 }
$data merge entity $(bone_head1) { transformation: [-1.045938665001984f,0.003748853502547183f,-0.06836265922604286f,0.19435574136006498f,-0.017484010918759205f,0.9972774492686952f,0.32219124222655493f,4.934189357083389f,0.06619529017409263f,0.32264350807464626f,-0.9950851964938611f,1.337314492634f,0f,0f,0f,1f], start_interpolation: 0, interpolation_duration: 1 }
$data merge entity $(bone_neck10) { transformation: [-1.487434199712436f,0.002091696002867955f,-0.1724221795990395f,0.07087742959488895f,-0.04558190027543367f,1.4392558668598179f,0.41068128976239426f,4.795023015981149f,0.1663011532645888f,0.4131978414772454f,-1.4296173445735194f,0.1947527821821937f,0f,0f,0f,1f], start_interpolation: 0, interpolation_duration: 1 }
$data merge entity $(bone_neck9) { transformation: [-1.1378871627800142f,0.007450478871619206f,-0.13170210189503098f,0.06783770661611109f,-0.03487015371070678f,1.0860083585087277f,0.3627093411092521f,3.3931148462587877f,0.1272203822474105f,0.3643054818587002f,-1.0785567387611372f,-0.21668769769844695f,0f,0f,0f,1f], start_interpolation: 0, interpolation_duration: 1 }
$data merge entity $(bone_neck8) { transformation: [-1.0565270606734547f,-0.048788109709761246f,-0.10798346082885593f,0.10763852326613868f,-0.023630142874257427f,1.0361425615983284f,-0.23693954036655757f,2.6274863569370708f,0.11611340925737623f,-0.23306318841104365f,-1.0307712470743573f,-0.010348659084259637f,0f,0f,0f,1f], start_interpolation: 0, interpolation_duration: 1 }
$data merge entity $(bone_neck7) { transformation: [-1.0505230620322112f,-0.04523230941109275f,-0.09371204393144951f,0.1505437103602282f,0f,0.9507117230240353f,-0.4588832450184625f,1.7769553041909543f,0.10405723902002569f,-0.456648519918781f,-0.9460818321464163f,0.4228061021570376f,0f,0f,0f,1f], start_interpolation: 0, interpolation_duration: 1 }
$data merge entity $(bone_neck6) { transformation: [-1.044562647495858f,-0.02677918959242076f,-0.09994129614443395f,0.1733572928224406f,0f,1.01390768862361f,-0.27167574636640246f,0.8787089940381483f,0.10346684333764256f,-0.270352706974639f,-1.0089700383931335f,0.6531235190886503f,0f,0f,0f,1f], start_interpolation: 0, interpolation_duration: 1 }
$data merge entity $(bone_neck_spine6) { transformation: [-1.2557088598930572f,0.1412985029389925f,0.15236587797137569f,-0.20699135509690766f,0.16007502072935506f,0.06267130141743486f,1.2611239686223759f,0.42124036560148614f,0.13250137901654144f,1.263365509091709f,-0.07960115271068825f,-2.03278449605237f,0f,0f,0f,1f], start_interpolation: 0, interpolation_duration: 1 }
$data merge entity $(bone_neck_spine7) { transformation: [-0.9248090102659063f,-0.25974686600786595f,0.27795657957689485f,0.03216860125861065f,0.1586342405040274f,0.400786660664216f,0.9023332147124681f,0.23659176710393837f,-0.34577951395463735f,0.8785793181225688f,-0.32944636816419215f,-5.61242636140965f,0f,0f,0f,1f], start_interpolation: 0, interpolation_duration: 1 }
$data merge entity $(bone_tail6) { transformation: [-1.0018686296863388f,-0.8040098809603596f,1.1467908692066109f,1.8373638905274687f,0.8195917692228352f,0.8067962337720724f,1.2816595127101853f,-1.764031420429615f,-1.1357070565069707f,1.2914913418279015f,-0.08672677389920819f,-8.522552353815524f,0f,0f,0f,1f], start_interpolation: 0, interpolation_duration: 1 }
$data merge entity $(bone_tail5) { transformation: [-0.8276306071321929f,-0.6641820755759492f,0.9473489789098088f,1.4178804743742377f,0.6770540702275595f,0.6664838452899728f,1.0587622061518922f,-1.3430942549833165f,-0.9381927858101061f,1.0668841519447883f,-0.07164385669934589f,-7.848730784166184f,0f,0f,0f,1f], start_interpolation: 0, interpolation_duration: 1 }
$data merge entity $(bone_tail4) { transformation: [-0.6098330789395106f,-0.48939731884543625f,0.6980466160388065f,1.2081387662976222f,0.49888194648346484f,0.49109335968734835f,0.7801405729540257f,-1.132625672260167f,-0.6912999474390255f,0.7861251645908964f,-0.05279021019951802f,-7.5118199993415145f,0f,0f,0f,1f], start_interpolation: 0, interpolation_duration: 1 }
$data merge entity $(bone_segment18) { transformation: [-0.5818034840068871f,-0.46690328058794417f,0.6659624858606253f,0.9459616312018526f,0.4759519688190075f,0.46852136675761935f,0.7442831801598656f,-0.8695399438562306f,-0.6595259125877908f,0.7499927036097f,-0.05036382786736626f,-7.090681518310677f,0f,0f,0f,1f], start_interpolation: 0, interpolation_duration: 1 }
$data merge entity $(bone_segment17) { transformation: [-0.5818034840068871f,-0.46690328058794417f,0.6659624858606253f,0.605131355577352f,0.4759519688190075f,0.46852136675761935f,0.7442831801598656f,-0.5275284969311126f,-0.6595259125877908f,0.7499927036097f,-0.05036382786736626f,-6.543201492970588f,0f,0f,0f,1f], start_interpolation: 0, interpolation_duration: 1 }
$data merge entity $(bone_segment16) { transformation: [-0.755533898330885f,-0.5999764718861408f,0.26305277351891754f,0.03239990902588408f,0.09554979624232494f,0.29632317544141284f,0.9502961707459248f,-0.2446614031869902f,-0.6481039769288458f,0.7431156093632917f,-0.16655457426812792f,-5.833830879540296f,0f,0f,0f,1f], start_interpolation: 0, interpolation_duration: 1 }
$data merge entity $(bone_segment15) { transformation: [-0.9248090102659063f,-0.32283666268069855f,0.20125800297176705f,-0.34828883139105293f,0.1586342405040274f,0.15358916537155037f,0.9753181768121524f,-0.06354917937239345f,-0.34577951395463735f,0.9339094482387782f,-0.09082769522362286f,-4.732565587793886f,0f,0f,0f,1f], start_interpolation: 0, interpolation_duration: 1 }
$data merge entity $(bone_segment14) { transformation: [-1.0346714639168528f,-0.08173435774981806f,0.14645700578857146f,-0.4402399838595983f,0.15213060940630513f,-0.07199196373406438f,1.0345765476099635f,-0.14454013857321588f,-0.07061471137797791f,1.0425026858220123f,0.08292714040690731f,-3.559750066244122f,0f,0f,0f,1f], start_interpolation: 0, interpolation_duration: 1 }
$data merge entity $(bone_segment13) { transformation: [-1.011953610619699f,0.09081794803819523f,0.14069684463794566f,-0.33471184508325913f,0.12900163435248024f,-0.12674328985145156f,1.0096476259741354f,-0.3248231528783726f,0.10678052308980104f,1.013795763758633f,0.11362077757569602f,-2.341865186258261f,0f,0f,0f,1f], start_interpolation: 0, interpolation_duration: 1 }
$data merge entity $(bone_segment12) { transformation: [-1.0939584555017299f,0.1716093133070798f,0.1351999349638102f,-0.12739858068544457f,0.14196595867483502f,0.03366230256984793f,1.1059775753399828f,-0.2841572840020462f,0.16605554915594062f,1.1017672050681324f,-0.054849445052347415f,-1.0108712472497787f,0f,0f,0f,1f], start_interpolation: 0, interpolation_duration: 1 }
$data merge entity $(bone_segment11) { transformation: [-1.174763728225955f,0.18317787314926995f,0.059151420223959555f,0.0880475732296687f,0.133178702857017f,0.509329623059909f,1.0676935932468266f,0.3040292787142572f,0.1389836567058295f,1.060260365544005f,-0.523119815440512f,0.21398575820006183f,0f,0f,0f,1f], start_interpolation: 0, interpolation_duration: 1 }
$data merge entity $(bone_segment10) { transformation: [-1.0435252337939667f,0.08492114512875172f,-0.050186487926953835f,0.1811486624558411f,0.04979408013566073f,0.9138452724804691f,0.5109623915453211f,1.2392198387449778f,0.0851518293629925f,0.5063105915347732f,-0.9138238062564453f,0.731782279995515f,0f,0f,0f,1f], start_interpolation: 0, interpolation_duration: 1 }