# This file was generated by Animated Java via MC-Build. It is not recommended to edit this file directly.
$data merge entity $(bone_neck_spine5) { transformation: [-1.5664749834166398f,-0.045017387820307876f,-0.1270777584013631f,0.1297791709169876f,-0.0553866223664972f,1.5660704893553605f,0.12796382297248968f,4.291919415713108f,0.12291315612785411f,0.13196913548530803f,-1.56188850398695f,-0.6942881700468099f,0f,0f,0f,1f], start_interpolation: 0, interpolation_duration: 1 }
$data merge entity $(bone_neck_spine2) { transformation: [-1.4918809365872756f,-0.03260889842657567f,-0.12418620082322218f,0.10826823999576693f,-0.05274916415856874f,1.4760923293971764f,0.2460960025262857f,5.701386416147378f,0.11706014869319435f,0.2495643735036121f,-1.4718046156843319f,1.1032580648394725f,0f,0f,0f,1f], start_interpolation: 0, interpolation_duration: 1 }
$data merge entity $(bone_scale_neck_left1) { transformation: [-1.5897404444992265f,0.4282768072735199f,-0.048573411581580545f,0.9083431158292382f,0.3514575201107543f,1.3954780769953528f,0.8013573666103182f,4.845712226861131f,0.24951555366083317f,0.7630694554328753f,-1.438235751017327f,0.8583272204597729f,0f,0f,0f,1f], start_interpolation: 0, interpolation_duration: 1 }
$data merge entity $(bone_scale_neck_right1) { transformation: [-1.580561473576314f,-0.40106696738909037f,-0.23243449992043028f,-0.6581318675874009f,-0.4635514360577853f,1.3661545634087804f,0.7948565001582374f,4.790325604494633f,-0.0007584277864443222f,0.8281437540574431f,-1.4238091263370276f,0.9812403765876272f,0f,0f,0f,1f], start_interpolation: 0, interpolation_duration: 1 }
$data merge entity $(bone_blush_right1) { transformation: [-0.9981629398615947f,-0.009548828205435251f,-0.059829469049636846f,-0.4386417456878782f,-0.027776337298660123f,0.949732621916908f,0.3118275516260655f,4.20302012528392f,0.05384441078820931f,0.31291654917363904f,-0.9482531374480825f,2.258075918772402f,0f,0f,0f,1f], start_interpolation: 0, interpolation_duration: 1 }
$data merge entity $(bone_blush_left1) { transformation: [-0.9981629398615947f,-0.009548828205435251f,-0.059829469049636846f,0.8841191033279265f,-0.027776337298660123f,0.949732621916908f,0.3118275516260655f,4.239829197270523f,0.05384441078820931f,0.31291654917363904f,-0.9482531374480825f,2.1867215579915427f,0f,0f,0f,1f], start_interpolation: 0, interpolation_duration: 1 }
$data merge entity $(bone_left_head_scales) { transformation: [-0.8577551665699981f,-0.009548828205435251f,-0.5139697404540249f,0.8648415285548469f,-0.16862385162173552f,0.949732621916908f,0.26376873114735644f,5.05599633818001f,0.48561514688766205f,0.31291654917363904f,-0.8162482234997733f,2.0418133763122235f,0f,0f,0f,1f], start_interpolation: 0, interpolation_duration: 1 }
$data merge entity $(bone_left_head_scales2) { transformation: [-0.7833304390748693f,-0.009548828205435251f,-0.621532173824232f,0.8834992486330332f,-0.2016099792988085f,0.949732621916908f,0.23950232381747255f,4.150191392067654f,0.5880024145068677f,0.31291654917363904f,-0.7458796107867242f,1.9204173225720345f,0f,0f,0f,1f], start_interpolation: 0, interpolation_duration: 1 }
$data merge entity $(bone_left_head_scales1) { transformation: [-0.9981629398615947f,-0.009548828205435251f,-0.059829469049636846f,0.8659139067224495f,-0.027776337298660123f,0.949732621916908f,0.3118275516260655f,4.949336912867076f,0.05384441078820931f,0.31291654917363904f,-0.9482531374480825f,2.0066713810436996f,0f,0f,0f,1f], start_interpolation: 0, interpolation_duration: 1 }
$data merge entity $(bone_right_head_scales) { transformation: [-0.9130075152985144f,-0.009548828205435251f,0.4078309660733669f,-0.48033899586800516f,0.11934802744188786f,0.949732621916908f,0.2894201016041662f,5.018563383617362f,-0.39009399553718216f,0.31291654917363904f,-0.8659733875235996f,2.1143771330385213f,0f,0f,0f,1f], start_interpolation: 0, interpolation_duration: 1 }
$data merge entity $(bone_right_head_scales2) { transformation: [-0.8519639863674012f,-0.009548828205435251f,0.5235133100627619f,-0.4616812757898189f,0.1561038923366925f,0.949732621916908f,0.2713660289427728f,4.112758437505008f,-0.4997888961654719f,0.31291654917363904f,-0.8076473813013699f,1.9929810792983322f,0f,0f,0f,1f], start_interpolation: 0, interpolation_duration: 1 }
$data merge entity $(bone_right_head_scales1) { transformation: [-0.9981629398615947f,-0.009548828205435251f,-0.059829469049636846f,-0.4792666177004026f,-0.027776337298660123f,0.949732621916908f,0.3118275516260655f,4.911903958304428f,0.05384441078820931f,0.31291654917363904f,-0.9482531374480825f,2.0792351377699974f,0f,0f,0f,1f], start_interpolation: 0, interpolation_duration: 1 }
$data merge entity $(bone_head_left_fin1) { transformation: [-0.6862058615435009f,-0.008587706890137629f,-0.7922896975847181f,0.8648959955518818f,0.010943805706521023f,1.047912808486247f,-0.02083691321423948f,4.575629068995149f,0.7922606557978079f,-0.021913354969262874f,-0.685943187278649f,1.7950193978155902f,0f,0f,0f,1f], start_interpolation: 0, interpolation_duration: 1 }
$data merge entity $(bone_head_right_fin1) { transformation: [-0.7657221293944387f,-0.051938243895782006f,0.7138958169101723f,-0.4802845288709703f,-0.051347270911560806f,1.046706473237902f,0.021076400949445094f,4.538196114432502f,-0.7139385662301446f,-0.019574874918355564f,-0.7671921180163085f,1.867583154541888f,0f,0f,0f,1f], start_interpolation: 0, interpolation_duration: 1 }
$data merge entity $(bone_right_whisker16) { transformation: [0.276010992479166f,0.9339979655220435f,-0.22686060132017005f,-1.010566335852926f,0.9604647673040243f,-0.2769601492172852f,0.028293223802974166f,1.8382709798288859f,-0.0364055325231198f,-0.2257008554397222f,-0.9735161842802026f,1.651554310223322f,0f,0f,0f,1f], start_interpolation: 0, interpolation_duration: 1 }
$data merge entity $(bone_right_whisker15) { transformation: [-0.8899808195912406f,0.3955608781570217f,-0.22686060132017005f,-0.7107192823773616f,0.39995652558451306f,0.9160973044001379f,0.028293223802974166f,1.7035200019708223f,0.21901807779739974f,-0.06555395138697946f,-0.9735161842802026f,1.577764039871659f,0f,0f,0f,1f], start_interpolation: 0, interpolation_duration: 1 }
$data merge entity $(bone_right_whisker14) { transformation: [-0.7346220510789773f,-0.6394252963694563f,-0.22686060132017005f,-0.4632147827462612f,-0.661237189046753f,0.7496431639842939f,0.028293223802974166f,1.926300109608644f,0.1519730959415678f,0.17079349242418262f,-0.9735161842802026f,1.5265621667272833f,0f,0f,0f,1f], start_interpolation: 0, interpolation_duration: 1 }
$data merge entity $(bone_right_whisker13) { transformation: [-0.09150987381059636f,-0.9957938000607174f,0.004544310267191036f,-0.4323838194018708f,-0.9699866976648102f,0.09016883178205656f,0.2258215847264717f,2.2531022684898545f,-0.2252814891385542f,0.016256984212791332f,-0.9741580780940126f,1.602462668439003f,0f,0f,0f,1f], start_interpolation: 0, interpolation_duration: 1 }
$data merge entity $(bone_right_whisker12) { transformation: [0.08590296679090936f,-0.9960085137643446f,0.024242953728062705f,-0.47097304276497465f,-0.9001306351792758f,-0.06715748579020508f,0.4304122578576169f,2.657457827261795f,-0.4270661774342158f,-0.058795515231006096f,-0.9023068034102631f,1.7943088028332796f,0f,0f,0f,1f], start_interpolation: 0, interpolation_duration: 1 }
$data merge entity $(bone_right_whisker11) { transformation: [0.2884436192313364f,-0.9562447058746595f,0.04895243621530776f,-0.6005473248415516f,-0.9499446557502699f,-0.27938569691379456f,0.13981696381875264f,3.0841907780871116f,-0.12002262093550908f,-0.0868314162425054f,-0.9889665695144056f,1.848225214581653f,0f,0f,0f,1f], start_interpolation: 0, interpolation_duration: 1 }
$data merge entity $(bone_right_whisker10) { transformation: [0.04845536699067135f,-0.9862988827232211f,0.15769144348608488f,-0.6223143842318922f,-0.9923567118212671f,-0.06547650232678187f,-0.10459915939592165f,3.5299760197255714f,0.113491118212316f,-0.1514177716847553f,-0.981933004081715f,1.7972428763222141f,0f,0f,0f,1f], start_interpolation: 0, interpolation_duration: 1 }
$data merge entity $(bone_right_whisker1) { transformation: [-0.3401535156318539f,-0.9312208855506569f,0.13085582951301997f,-0.4695110471316453f,-0.9208845870806082f,0.35804511924458005f,0.1541923145377621f,3.9436546428281885f,-0.19043939477079785f,-0.0680540586547556f,-0.9793372667370251f,1.8827918231919085f,0f,0f,0f,1f], start_interpolation: 0, interpolation_duration: 1 }
$data merge entity $(bone_left_whisker16) { transformation: [0.24089138764635865f,-0.8986318857261372f,0.36664979655537633f,1.3844147600913888f,-0.9677132022625385f,-0.25126148968203843f,0.01997052752295647f,1.8046865635671374f,0.07417882126722035f,-0.35962257682054627f,-0.9301446687028615f,1.82657055304232f,0f,0f,0f,1f], start_interpolation: 0, interpolation_duration: 1 }
$data merge entity $(bone_left_whisker15) { transformation: [-0.8595013298017524f,-0.3561255266825459f,0.36664979655537633f,1.094836675343728f,-0.37542383225878717f,0.9266380761670545f,0.01997052752295647f,1.6782009950815109f,-0.3468636767393569f,-0.12048437675690074f,-0.9301446687028615f,1.7097073025783764f,0f,0f,0f,1f], start_interpolation: 0, interpolation_duration: 1 }
$data merge entity $(bone_left_whisker14) { transformation: [-0.6860002959595557f,0.6284675971196155f,0.36664979655537633f,0.8637135287557921f,0.6811583367896215f,0.7318637156277462f,0.01997052752295647f,1.9076928175350452f,-0.25578685299561155f,0.26344635339712963f,-0.9301446687028615f,1.6235291148015347f,0f,0f,0f,1f], start_interpolation: 0, interpolation_duration: 1 }
$data merge entity $(bone_left_whisker13) { transformation: [-0.0961921432420033f,0.984979542600594f,0.14339585850656508f,0.8313050429955469f,0.9726188114149099f,0.06239278103461508f,0.22387449286735167f,2.235381772552764f,0.211564929183353f,0.16100447674860305f,-0.9640113273227402f,1.694808314575223f,0f,0f,0f,1f], start_interpolation: 0, interpolation_duration: 1 }
$data merge entity $(bone_left_whisker12) { transformation: [0.047989602219417074f,0.9917125780549418f,0.11917701375031654f,0.8528628721175506f,0.8982530822501054f,-0.09503096365312516f,0.42908101353397504f,2.6388938993448035f,0.4368505445882f,0.08645969277518525f,-0.8953693780882913f,1.8910497701519535f,0f,0f,0f,1f], start_interpolation: 0, interpolation_duration: 1 }
$data merge entity $(bone_left_whisker11) { transformation: [0.2943172225123f,0.9505423204348342f,0.09923038644994954f,0.985075686917998f,0.9417726986841751f,-0.3061242500165821f,0.13911192459638588f,3.0619558538318357f,0.16260859923685053f,0.05250943357289385f,-0.9852924453379732f,1.9640966018403825f,0f,0f,0f,1f], start_interpolation: 0, interpolation_duration: 1 }
$data merge entity $(bone_left_whisker10) { transformation: [0.09209548109890248f,0.9956191960691654f,-0.016150504009184587f,1.0264467038178955f,0.9903857909667453f,-0.09326860551605723f,-0.10216140306526794f,3.5068557208676783f,-0.10322018897645838f,-0.006586626122613097f,-0.9946367220970604f,1.917728157573614f,0f,0f,0f,1f], start_interpolation: 0, interpolation_duration: 1 }
$data merge entity $(bone_left_whisker1) { transformation: [-0.3384028750291993f,0.9408435632949795f,0.017230309874698625f,0.8744297873008724f,0.9303998689839272f,0.33179347499347467f,0.15578566604936822f,3.9248087870128017f,0.1408530367676285f,0.06874939532941693f,-0.9876405938777408f,1.9810019826840721f,0f,0f,0f,1f], start_interpolation: 0, interpolation_duration: 1 }
$data merge entity $(bone_upper_left_tooth1) { transformation: [-0.9981629398615947f,-0.01472697384446264f,-0.058769564642277915f,0.5751710664530892f,-0.027776337298660123f,0.9732961644295496f,0.22786630157396762f,4.0853046239582556f,0.05384441078820931f,0.22908010072485938f,-0.9719172222359056f,2.9498001575680903f,0f,0f,0f,1f], start_interpolation: 0, interpolation_duration: 1 }
$data merge entity $(bone_upper_right_tooth1) { transformation: [-0.9981629398615947f,-0.01472697384446264f,-0.058769564642277915f,-0.0974191957583368f,-0.027776337298660123f,0.9732961644295496f,0.22786630157396762f,4.066588146676931f,0.05384441078820931f,0.22908010072485938f,-0.9719172222359056f,2.986082035931239f,0f,0f,0f,1f], start_interpolation: 0, interpolation_duration: 1 }
$data merge entity $(bone_top_lip1) { transformation: [-0.9981629398615947f,-0.03787437001065424f,-0.04728929670818148f,0.2650815893060269f,-0.027776337298660123f,0.9797309563208023f,-0.19838278229976847f,4.1969625422701f,0.05384441078820931f,-0.1967048177422769f,-0.9789831429109737f,2.994728778504343f,0f,0f,0f,1f], start_interpolation: 0, interpolation_duration: 1 }
$data merge entity $(bone_muzzle1) { transformation: [-0.9981629398615947f,-0.01472697384446264f,-0.058769564642277915f,0.22960023905458193f,-0.027776337298660123f,0.9732961644295496f,0.22786630157396762f,4.48887339360714f,0.05384441078820931f,0.22908010072485938f,-0.9719172222359056f,2.4875646325955465f,0f,0f,0f,1f], start_interpolation: 0, interpolation_duration: 1 }
$data merge entity $(bone_jaw_right_tooth1) { transformation: [-0.9981629398615947f,-0.04554735817590897f,-0.039952267145355186f,-0.093387330488163f,-0.027776337298660123f,0.9300620116663106f,-0.3663511014607251f,3.9567696069300005f,0.05384441078820931f,-0.3645683648074952f,-0.9296185706021903f,3.004173081506553f,0f,0f,0f,1f], start_interpolation: 0, interpolation_duration: 1 }
$data merge entity $(bone_jaw_left_tooth1) { transformation: [-0.9981629398615947f,-0.04554735817590897f,-0.039952267145355186f,0.6352521202408818f,-0.027776337298660123f,0.9300620116663106f,-0.3663511014607251f,3.9770457906514345f,0.05384441078820931f,-0.3645683648074952f,-0.9296185706021903f,2.964867713279808f,0f,0f,0f,1f], start_interpolation: 0, interpolation_duration: 1 }
$data merge entity $(bone_tongue1) { transformation: [-0.9981629398615947f,-0.027854715184750526f,-0.053803906259999354f,0.22761099914679295f,-0.027776337298660123f,0.999611733121325f,-0.002204108085357731f,3.9512064434226972f,0.05384441078820931f,-0.0007055835579902192f,-0.9985490882168554f,2.173325812457529f,0f,0f,0f,1f], start_interpolation: 0, interpolation_duration: 1 }
$data merge entity $(bone_jaw_lips1) { transformation: [-0.9981629398615947f,-0.027854715184750526f,-0.053803906259999354f,0.3355970720314503f,-0.027776337298660123f,0.999611733121325f,-0.002204108085357731f,3.8256465166502602f,0.05384441078820931f,-0.0007055835579902192f,-0.9985490882168554f,3.0675273951773274f,0f,0f,0f,1f], start_interpolation: 0, interpolation_duration: 1 }
$data merge entity $(bone_jaw3) { transformation: [-0.9981629398615947f,-0.03791775307740584f,-0.04725451817995026f,0.29633561053838897f,-0.027776337298660123f,0.9795484810260411f,-0.19928183159998997f,3.564097979507362f,0.05384441078820931f,-0.19760318145499733f,-0.978802207856998f,2.204778680226182f,0f,0f,0f,1f], start_interpolation: 0, interpolation_duration: 1 }
$data merge entity $(bone_jaw1) { transformation: [-0.9981629398615947f,0.006602089918355076f,-0.06022589057513657f,0.2422264119747897f,-0.027776337298660123f,0.8335589079261243f,0.5517318389428674f,4.0597945535575946f,0.05384441078820931f,0.5523911290251834f,-0.8318442282069123f,1.4574186314465343f,0f,0f,0f,1f], start_interpolation: 0, interpolation_duration: 1 }
$data merge entity $(bone_tear_right1) { transformation: [-0.9981629398615947f,-0.009548828205435251f,-0.059829469049636846f,-0.3802986639144491f,-0.027776337298660123f,0.949732621916908f,0.3118275516260655f,4.546370094153969f,0.05384441078820931f,0.31291654917363904f,-0.9482531374480825f,2.4738933573934414f,0f,0f,0f,1f], start_interpolation: 0, interpolation_duration: 1 }
$data merge entity $(bone_right_pupil1) { transformation: [-0.9981629398615947f,-0.009548828205435251f,-0.059829469049636846f,-0.19237760079376975f,-0.027776337298660123f,0.949732621916908f,0.3118275516260655f,4.637164723293592f,0.05384441078820931f,0.31291654917363904f,-0.9482531374480825f,2.5629538188256356f,0f,0f,0f,1f], start_interpolation: 0, interpolation_duration: 1 }
$data merge entity $(bone_right_sad_pupil1) { transformation: [-0.9981629398615947f,-0.009548828205435251f,-0.059829469049636846f,-0.19304951377626078f,-0.027776337298660123f,0.949732621916908f,0.3118275516260655f,4.6406666928675175f,0.05384441078820931f,0.31291654917363904f,-0.9482531374480825f,2.552304491598435f,0f,0f,0f,1f], start_interpolation: 0, interpolation_duration: 1 }
$data merge entity $(bone_right_happy_pupil1) { transformation: [-0.9981629398615947f,-0.009548828205435251f,-0.059829469049636846f,-0.22080565820997322f,-0.027776337298660123f,0.949732621916908f,0.3118275516260655f,4.613222334611511f,0.05384441078820931f,0.31291654917363904f,-0.9482531374480825f,2.5450308308171516f,0f,0f,0f,1f], start_interpolation: 0, interpolation_duration: 1 }
$data merge entity $(bone_eyelid_right1) { transformation: [-0.9981629398615947f,-0.009548828205435251f,-0.059829469049636846f,0.2054701364834601f,-0.027776337298660123f,0.949732621916908f,0.3118275516260655f,4.774445208478299f,0.05384441078820931f,0.31291654917363904f,-0.9482531374480825f,1.9789862413041432f,0f,0f,0f,1f], start_interpolation: 0, interpolation_duration: 1 }
$data merge entity $(bone_eyelid_expressions_right5) { transformation: [-0.9981629398615947f,-0.009548828205435251f,-0.059829469049636846f,-0.3230346668195804f,-0.027776337298660123f,0.949732621916908f,0.3118275516260655f,4.743738803350319f,0.05384441078820931f,0.31291654917363904f,-0.9482531374480825f,2.5944004942028944f,0f,0f,0f,1f], start_interpolation: 0, interpolation_duration: 1 }
$data merge entity $(bone_eyelid_expressions_right7) { transformation: [-0.9981629398615947f,-0.009548828205435251f,-0.059829469049636846f,0.013260464286132825f,-0.027776337298660123f,0.949732621916908f,0.3118275516260655f,4.753097041990982f,0.05384441078820931f,0.31291654917363904f,-0.9482531374480825f,2.57625955502132f,0f,0f,0f,1f], start_interpolation: 0, interpolation_duration: 1 }
$data merge entity $(bone_eyelid_expressions_right6) { transformation: [-0.9981629398615947f,-0.009548828205435251f,-0.059829469049636846f,-0.09883791274910489f,-0.027776337298660123f,0.949732621916908f,0.3118275516260655f,4.749977629110761f,0.05384441078820931f,0.31291654917363904f,-0.9482531374480825f,2.5823065347485112f,0f,0f,0f,1f], start_interpolation: 0, interpolation_duration: 1 }
$data merge entity $(bone_right_eye1) { transformation: [-0.9981629398615947f,-0.009548828205435251f,-0.059829469049636846f,0.19493221176242737f,-0.027776337298660123f,0.949732621916908f,0.3118275516260655f,4.770631297616351f,0.05384441078820931f,0.31291654917363904f,-0.9482531374480825f,1.9902402665040626f,0f,0f,0f,1f], start_interpolation: 0, interpolation_duration: 1 }
$data merge entity $(bone_tear_left1) { transformation: [-0.9981629398615947f,-0.009548828205435251f,-0.059829469049636846f,0.8303638080661179f,-0.027776337298660123f,0.949732621916908f,0.3118275516260655f,4.580059753260351f,0.05384441078820931f,0.31291654917363904f,-0.9482531374480825f,2.4085859763397734f,0f,0f,0f,1f], start_interpolation: 0, interpolation_duration: 1 }
$data merge entity $(bone_left_sad_pupil1) { transformation: [-0.9981629398615947f,-0.009548828205435251f,-0.059829469049636846f,0.6476883139880217f,-0.027776337298660123f,0.949732621916908f,0.3118275516260655f,4.664062289469173f,0.05384441078820931f,0.31291654917363904f,-0.9482531374480825f,2.506952143644499f,0f,0f,0f,1f], start_interpolation: 0, interpolation_duration: 1 }
$data merge entity $(bone_left_pupil1) { transformation: [-0.9981629398615947f,-0.009548828205435251f,-0.059829469049636846f,0.6483602269705128f,-0.027776337298660123f,0.949732621916908f,0.3118275516260655f,4.6605603198952466f,0.05384441078820931f,0.31291654917363904f,-0.9482531374480825f,2.5176014708716994f,0f,0f,0f,1f], start_interpolation: 0, interpolation_duration: 1 }
$data merge entity $(bone_eyelid_left1) { transformation: [-0.9981629398615947f,-0.009548828205435251f,-0.059829469049636846f,0.18305046107641257f,-0.027776337298660123f,0.949732621916908f,0.3118275516260655f,4.773821325902254f,0.05384441078820931f,0.31291654917363904f,-0.9482531374480825f,1.9801956372495817f,0f,0f,0f,1f], start_interpolation: 0, interpolation_duration: 1 }
$data merge entity $(bone_left_happy_pupil1) { transformation: [-0.9981629398615947f,-0.009548828205435251f,-0.059829469049636846f,0.6759813580719282f,-0.027776337298660123f,0.949732621916908f,0.3118275516260655f,4.638177637653277f,0.05384441078820931f,0.31291654917363904f,-0.9482531374480825f,2.4966549929996202f,0f,0f,0f,1f], start_interpolation: 0, interpolation_duration: 1 }
$data merge entity $(bone_eyelid_expressions_left5) { transformation: [-0.9981629398615947f,-0.009548828205435251f,-0.059829469049636846f,0.775529428125749f,-0.027776337298660123f,0.949732621916908f,0.3118275516260655f,4.774309049576481f,0.05384441078820931f,0.31291654917363904f,-0.9482531374480825f,2.535140092876418f,0f,0f,0f,1f], start_interpolation: 0, interpolation_duration: 1 }
$data merge entity $(bone_eyelid_expressions_left7) { transformation: [-0.9981629398615947f,-0.009548828205435251f,-0.059829469049636846f,0.4392342970200359f,-0.027776337298660123f,0.949732621916908f,0.3118275516260655f,4.76495081093582f,0.05384441078820931f,0.31291654917363904f,-0.9482531374480825f,2.553281032057992f,0f,0f,0f,1f], start_interpolation: 0, interpolation_duration: 1 }
$data merge entity $(bone_eyelid_expressions_left6) { transformation: [-0.9981629398615947f,-0.009548828205435251f,-0.059829469049636846f,0.5513326740552736f,-0.027776337298660123f,0.949732621916908f,0.3118275516260655f,4.76807022381604f,0.05384441078820931f,0.31291654917363904f,-0.9482531374480825f,2.5472340523308006f,0f,0f,0f,1f], start_interpolation: 0, interpolation_duration: 1 }
$data merge entity $(bone_left_eye1) { transformation: [-0.9981629398615947f,-0.009548828205435251f,-0.059829469049636846f,0.19493221176242737f,-0.027776337298660123f,0.949732621916908f,0.3118275516260655f,4.770631297616351f,0.05384441078820931f,0.31291654917363904f,-0.9482531374480825f,1.9902402665040626f,0f,0f,0f,1f], start_interpolation: 0, interpolation_duration: 1 }
$data merge entity $(bone_crest_middle5) { transformation: [-0.9981629398615947f,-0.02227195003286571f,-0.05634452705092041f,0.21022416798082683f,-0.027776337298660123f,0.994712001498232f,0.09887623153039488f,5.938014288501994f,0.05384441078820931f,0.1002596345351143f,-0.9935032889274982f,2.8759308514439126f,0f,0f,0f,1f], start_interpolation: 0, interpolation_duration: 1 }
$data merge entity $(bone_crest_middle4) { transformation: [-0.9981629398615947f,-0.02227195003286571f,-0.05634452705092041f,0.22523163431156643f,-0.027776337298660123f,0.994712001498232f,0.09887623153039488f,5.267749365617443f,0.05384441078820931f,0.1002596345351143f,-0.9935032889274982f,2.8083730898919312f,0f,0f,0f,1f], start_interpolation: 0, interpolation_duration: 1 }
$data merge entity $(bone_crest_middle1) { transformation: [-0.9981629398615947f,-0.02227195003286571f,-0.05634452705092041f,0.2412330701855272f,-0.027776337298660123f,0.994712001498232f,0.09887623153039488f,4.7567224397079855f,0.05384441078820931f,0.1002596345351143f,-0.9935032889274982f,2.8413864330631085f,0f,0f,0f,1f], start_interpolation: 0, interpolation_duration: 1 }
$data merge entity $(bone_crest_left5) { transformation: [-0.5282591566279482f,-0.8475360108633748f,0.051234497445823916f,-0.8802145034759693f,-0.8159205842860432f,0.5234011089676971f,0.24561123604124235f,5.2674556678460736f,-0.23498055999816403f,0.08794310331789605f,-0.9680135055885155f,2.8284475409791496f,0f,0f,0f,1f], start_interpolation: 0, interpolation_duration: 1 }
$data merge entity $(bone_crest_left4) { transformation: [-0.5282591566279482f,-0.8475360108633748f,0.051234497445823916f,-0.40430316925092974f,-0.8159205842860432f,0.5234011089676971f,0.24561123604124235f,4.97355367794722f,-0.23498055999816403f,0.08794310331789605f,-0.9680135055885155f,2.779065427299667f,0f,0f,0f,1f], start_interpolation: 0, interpolation_duration: 1 }
$data merge entity $(bone_crest_left1) { transformation: [-0.5282591566279482f,-0.8475360108633748f,0.051234497445823916f,0.12207623550904949f,-0.8159205842860432f,0.5234011089676971f,0.24561123604124235f,4.664053135613532f,-0.23498055999816403f,0.08794310331789605f,-0.9680135055885155f,2.670388875131787f,0f,0f,0f,1f], start_interpolation: 0, interpolation_duration: 1 }
$data merge entity $(bone_crest_center1) { transformation: [-0.9981629398615947f,-0.009548828205435251f,-0.059829469049636846f,0.23444270365457767f,-0.027776337298660123f,0.949732621916908f,0.3118275516260655f,4.64050803347568f,0.05384441078820931f,0.31291654917363904f,-0.9482531374480825f,2.6555565090418494f,0f,0f,0f,1f], start_interpolation: 0, interpolation_duration: 1 }
$data merge entity $(bone_crest_right5) { transformation: [-0.5443659566799499f,0.8217440076728609f,-0.16853038616720595f,1.324736257616237f,0.7860721539822845f,0.5698529285946663f,0.2394957379698726f,5.328813842570058f,0.2928417216545047f,-0.0021037171451815523f,-0.9561586167747476f,2.709504761391995f,0f,0f,0f,1f], start_interpolation: 0, interpolation_duration: 1 }
$data merge entity $(bone_crest_right4) { transformation: [-0.5443659566799499f,0.8217440076728609f,-0.16853038616720595f,0.8633077376827456f,0.7860721539822845f,0.5698529285946663f,0.2394957379698726f,5.00882806723614f,0.2928417216545047f,-0.0021037171451815523f,-0.9561586167747476f,2.7106860478748853f,0f,0f,0f,1f], start_interpolation: 0, interpolation_duration: 1 }
$data merge entity $(bone_crest_right1) { transformation: [-0.5443659566799499f,0.8217440076728609f,-0.16853038616720595f,0.3462729895795248f,0.7860721539822845f,0.5698529285946663f,0.2394957379698726f,4.670291961373973f,0.2928417216545047f,-0.0021037171451815523f,-0.9561586167747476f,2.6582949156774043f,0f,0f,0f,1f], start_interpolation: 0, interpolation_duration: 1 }
$data merge entity $(bone_head1) { transformation: [-1.0462515189955512f,-0.010008862897624184f,-0.06271187836583025f,0.15851318680922155f,-0.02911452021539243f,0.9954879695873835f,0.3268504935663836f,4.909909911525789f,0.05643847745378708f,0.32799195583955637f,-0.993937207872013f,1.3869562713737928f,0f,0f,0f,1f], start_interpolation: 0, interpolation_duration: 1 }
$data merge entity $(bone_neck10) { transformation: [-1.4918809365872756f,-0.01612037286035915f,-0.12738008600383108f,0.07259098738959964f,-0.05274916415856874f,1.431342180763796f,0.4366593282307618f,4.791627028661067f,0.11706014869319435f,0.4395383678693028f,-1.4266384357792774f,0.23861487552026667f,0f,0f,0f,1f], start_interpolation: 0, interpolation_duration: 1 }
$data merge entity $(bone_neck9) { transformation: [-1.1412889164892666f,-0.007717985509561883f,-0.09791930502697888f,0.0872276015207559f,-0.04035311058130511f,1.077985875805612f,0.38536505618511585f,3.3988330175271937f,0.08955101375029374f,0.38739518938910245f,-1.0742875460848518f,-0.20246293712835162f,0f,0f,0f,1f], start_interpolation: 0, interpolation_duration: 1 }
$data merge entity $(bone_neck8) { transformation: [-1.0596021374993807f,-0.04622314703724593f,-0.0734633805486462f,0.12402804819780618f,-0.02984840022490649f,1.0390218302602487f,-0.22323271857766616f,2.630624794047294f,0.08150166015288199f,-0.22042503105939412f,-1.0368512055602326f,-0.005362099926890351f,0f,0f,0f,1f], start_interpolation: 0, interpolation_duration: 1 }
$data merge entity $(bone_neck7) { transformation: [-1.0535438540880147f,-0.028754563205910993f,-0.060374957243986956f,0.15132015828046336f,0f,0.9530893145466317f,-0.45392441149494916f,1.7778377770062965f,0.06687271766106104f,-0.4530127442422268f,-0.951175118493306f,0.42461047855289386f,0f,0f,0f,1f], start_interpolation: 0, interpolation_duration: 1 }
$data merge entity $(bone_neck6) { transformation: [-1.0475663003059548f,-0.017209731890554393f,-0.06422759380018739f,0.16598138005802043f,0f,1.01390768862361f,-0.27167574636640235f,0.8795914668534905f,0.06649329798638834f,-0.2711301095267677f,-1.0118713442156118f,0.655590176065034f,0f,0f,0f,1f], start_interpolation: 0, interpolation_duration: 1 }
$data merge entity $(bone_neck_spine6) { transformation: [-1.238778992831821f,0.22477844167647384f,0.18677962306628862f,-0.1434392616004525f,0.19535711405716977f,0.03188105663054515f,1.2573005069322465f,0.4553700789502594f,0.2173650694627423f,1.2523751909481142f,-0.06552996407630036f,-2.0421399974240995f,0f,0f,0f,1f], start_interpolation: 0, interpolation_duration: 1 }
$data merge entity $(bone_neck_spine7) { transformation: [-0.9648596918947417f,-0.10187701592420696f,0.24221240385901505f,-0.30968464364207055f,0.18620616586869757f,0.3852891523766315f,0.9038138817551853f,0.35003347172802995f,-0.18539967300203866f,0.9171550265289264f,-0.3527798443271122f,-5.65835458392185f,0f,0f,0f,1f], start_interpolation: 0, interpolation_duration: 1 }
$data merge entity $(bone_tail6) { transformation: [-1.1245510829657277f,-0.5651232536555147f,1.1752967742257867f,0.9552678473811498f,0.8797578999704344f,0.8168461945655022f,1.2345405094165993f,-1.6716151579352876f,-0.9626592526784059f,1.406662695932749f,-0.2447226197779654f,-8.83279907535407f,0f,0f,0f,1f], start_interpolation: 0, interpolation_duration: 1 }
$data merge entity $(bone_tail5) { transformation: [-0.9289769815803838f,-0.4668409486719469f,0.9708973352299977f,0.6604209324304464f,0.7267565260625328f,0.67478598681498f,1.019837812126756f,-1.2454345346837212f,-0.7952402522125962f,1.1620257053357492f,-0.2021621641644062f,-8.09888810356307f,0f,0f,0f,1f], start_interpolation: 0, interpolation_duration: 1 }
$data merge entity $(bone_tail4) { transformation: [-0.6845093548487037f,-0.34398806744248717f,0.7153980364852613f,0.5129974749550947f,0.5355048086776557f,0.49721072712682735f,0.7514594405144517f,-1.032344223057938f,-0.5859665016303339f,0.8562294670894993f,-0.14896159464745717f,-7.731932617667571f,0f,0f,0f,1f], start_interpolation: 0, interpolation_duration: 1 }
$data merge entity $(bone_segment18) { transformation: [-0.6530474341910615f,-0.3281774357712176f,0.6825163876033301f,0.32871815311090513f,0.5108915441794281f,0.4743575632713086f,0.7169203109504334f,-0.7659813335257092f,-0.559033879816269f,0.816874820776069f,-0.14211491265744983f,-7.273238260298196f,0f,0f,0f,1f], start_interpolation: 0, interpolation_duration: 1 }
$data merge entity $(bone_segment17) { transformation: [-0.6530474341910615f,-0.3281774357712176f,0.6825163876033301f,0.08915503471345837f,0.5108915441794281f,0.4743575632713086f,0.7169203109504334f,-0.41970957713381113f,-0.559033879816269f,0.816874820776069f,-0.14211491265744983f,-6.6769355957180085f,0f,0f,0f,1f], start_interpolation: 0, interpolation_duration: 1 }
$data merge entity $(bone_segment16) { transformation: [-0.8432920215340163f,-0.4681219036095915f,0.2640463023373064f,-0.3577093801091745f,0.12439722931839407f,0.30794343964242327f,0.9432370684611056f,-0.12574989720171248f,-0.5228612586097567f,0.828270922670913f,-0.20145317794191198f,-5.886276585062912f,0f,0f,0f,1f], start_interpolation: 0, interpolation_duration: 1 }
$data merge entity $(bone_segment15) { transformation: [-0.9648596918947417f,-0.16109482386523055f,0.20759150435558307f,-0.5476722705557232f,0.18620616586869757f,0.1382364970433329f,0.9727373410523871f,0.037258472114522365f,-0.18539967300203866f,0.9772098692752846f,-0.1033819744526009f,-4.733951470658707f,0f,0f,0f,1f], start_interpolation: 0, interpolation_duration: 1 }
$data merge entity $(bone_segment14) { transformation: [-1.0311246860209073f,0.04863879707956425f,0.18191027272287252f,-0.4929536238412134f,0.1769355227407004f,-0.09619714165043979f,1.0286472324154343f,-0.07096331224222238f,0.06442748401056786f,1.0426195736615107f,0.08642176778526231f,-3.5610044502895075f,0f,0f,0f,1f], start_interpolation: 0, interpolation_duration: 1 }
$data merge entity $(bone_segment13) { transformation: [-0.9983101295174086f,0.15225503937413934f,0.17969112418620353f,-0.3144992559126828f,0.15743485074018976f,-0.15064457952257587f,1.0023043900213489f,-0.2798315529224732f,0.17517067362585703f,1.0031042944125168f,0.12325023917144279f,-2.356259734251669f,0f,0f,0f,1f], start_interpolation: 0, interpolation_duration: 1 }
$data merge entity $(bone_segment12) { transformation: [-1.0874834407771528f,0.18444056054953084f,0.1668392245586629f,-0.09168515591996095f,0.17112353053095414f,0.011864509994560186f,1.1022929972983078f,-0.26549858782837366f,0.18047266974747925f,1.1001430789758395f,-0.0398585304226519f,-1.0272278267640775f,0f,0f,0f,1f], start_interpolation: 0, interpolation_duration: 1 }
$data merge entity $(bone_segment11) { transformation: [-1.1762396046934023f,0.16283810605171148f,0.0840653582015033f,0.10097998914207566f,0.14533008687676338f,0.4962081431036091f,1.0722777091068376f,0.3073961819759896f,0.11163511580344197f,1.0697588844298078f,-0.5101728834271696f,0.20862530506491772f,0f,0f,0f,1f], start_interpolation: 0, interpolation_duration: 1 }
$data merge entity $(bone_segment10) { transformation: [-1.0460604103731042f,0.06254692021900572f,-0.02281882219447996f,0.17098852868693115f,0.04323852950388642f,0.9113722369844757f,0.5159518129103025f,1.24010231156032f,0.050628504239879565f,0.5139686045374791f,-0.9121119592097247f,0.7344751212115929f,0f,0f,0f,1f], start_interpolation: 0, interpolation_duration: 1 }