# This file was generated by Animated Java via MC-Build. It is not recommended to edit this file directly.
$data merge entity $(bone_neck_spine5) { transformation: [-1.3639333412919918f,-0.042028291324115834f,-0.0843867489401585f,0.1422159246470515f,-0.04969848240896301f,1.360490527851544f,0.12568709014343804f,3.7257166258839307f,0.0801096842745001f,0.1284554650875312f,-1.358780074968292f,-0.624816054644064f,0f,0f,0f,1f], start_interpolation: 0, interpolation_duration: 1 }
$data merge entity $(bone_neck_spine2) { transformation: [-1.2989841345638016f,-0.0333537918527198f,-0.0833591606544952f,0.09264346778182316f,-0.04733188800853619f,1.281666215328617f,0.22474966475439212f,4.9363030292362f,0.07629493740428579f,0.22724489872978365f,-1.279828053088465f,0.9488411851996796f,0f,0f,0f,1f], start_interpolation: 0, interpolation_duration: 1 }
$data merge entity $(bone_scale_neck_left1) { transformation: [-1.3865114697069685f,0.3587527025428702f,-0.01848948868918024f,0.7928166192999898f,0.30312698137284855f,1.2079842690898772f,0.7073524278589544f,4.194388645174112f,0.19276772535252168f,0.6808303183997897f,-1.24529920100064f,0.7430815050866797f,0f,0f,0f,1f], start_interpolation: 0, interpolation_duration: 1 }
$data merge entity $(bone_scale_neck_right1) { transformation: [-1.373877642025878f,-0.36335881384285074f,-0.17857775770489448f,-0.5711167219920018f,-0.4037089860486759f,1.1816722453216113f,0.7015191926261957f,4.14469016276515f,-0.03063817435392517f,0.7232430403689174f,-1.2358965269119255f,0.8231911893611796f,0f,0f,0f,1f], start_interpolation: 0, interpolation_duration: 1 }
$data merge entity $(bone_blush_right1) { transformation: [-0.9983577053840887f,-0.016292071224189644f,-0.05492231345676887f,-0.38939511859842263f,-0.03270948511419607f,0.949184269804798f,0.3130164716731321f,3.627637049021832f,0.0470317093436102f,0.314298887001463f,-0.9481583348501765f,1.943533019318277f,0f,0f,0f,1f], start_interpolation: 0, interpolation_duration: 1 }
$data merge entity $(bone_blush_left1) { transformation: [-0.9983577053840887f,-0.016292071224189644f,-0.05492231345676887f,0.7610561434652734f,-0.03270948511419607f,0.949184269804798f,0.3130164716731321f,3.665329619758894f,0.0470317093436102f,0.314298887001463f,-0.9481583348501765f,1.889336323004351f,0f,0f,0f,1f], start_interpolation: 0, interpolation_duration: 1 }
$data merge entity $(bone_left_head_scales) { transformation: [-0.8601937979883153f,-0.016292071224189644f,-0.5097069729929775f,0.7416918085514536f,-0.17354858935876574f,0.949184269804798f,0.2625454419461801f,4.375146646428676f,0.4795284319349796f,0.314298887001463f,-0.8193098880128452f,1.7643056025550863f,0f,0f,0f,1f], start_interpolation: 0, interpolation_duration: 1 }
$data merge entity $(bone_left_head_scales2) { transformation: [-0.7863046104683546f,-0.016292071224189644f,-0.6176241802030062f,0.7624652499556206f,-0.20633291394038733f,0.949184269804798f,0.2376466927604953f,3.5877444134259333f,0.5823673996551301f,0.314298887001463f,-0.7497095580613624f,1.6576499781667622f,0f,0f,0f,1f], start_interpolation: 0, interpolation_duration: 1 }
$data merge entity $(bone_left_head_scales1) { transformation: [-0.9983577053840887f,-0.016292071224189644f,-0.05492231345676887f,0.7432828311319408f,-0.03270948511419607f,0.949184269804798f,0.3130164716731321f,4.282452870080551f,0.0470317093436102f,0.314298887001463f,-0.9481583348501765f,1.7336123518713498f,0f,0f,0f,1f], start_interpolation: 0, interpolation_duration: 1 }
$data merge entity $(bone_right_head_scales) { transformation: [-0.910914402136961f,-0.016292071224189644f,0.41227359895424953f,-0.42825862744552545f,0.11552125407081834f,0.949184269804798f,0.29275256072840417f,4.336815218560478f,-0.3960931605536363f,0.314298887001463f,-0.8627435411478156f,1.8194208869421296f,0f,0f,0f,1f], start_interpolation: 0, interpolation_duration: 1 }
$data merge entity $(bone_right_head_scales2) { transformation: [-0.8493089001257319f,-0.016292071224189644f,0.5276447295126201f,-0.4074851860413584f,0.1527448307425192f,0.949184269804798f,0.27516947257385166f,3.549412985557735f,-0.5053151579446821f,0.314298887001463f,-0.8036621185429746f,1.7127652625538055f,0f,0f,0f,1f], start_interpolation: 0, interpolation_duration: 1 }
$data merge entity $(bone_right_head_scales1) { transformation: [-0.9983577053840887f,-0.016292071224189644f,-0.05492231345676887f,-0.4266676048650382f,-0.03270948511419607f,0.949184269804798f,0.3130164716731321f,4.244121442212353f,0.0470317093436102f,0.314298887001463f,-0.9481583348501765f,1.788727636258393f,0f,0f,0f,1f], start_interpolation: 0, interpolation_duration: 1 }
$data merge entity $(bone_head_left_fin1) { transformation: [-0.659813958441882f,-0.012918547677628308f,-0.7513179429317233f,0.7452265475005844f,0.006077568475258144f,0.9997277569834793f,-0.022527207510255526f,3.957777418686392f,0.751404420672838f,-0.019429952204841006f,-0.6595558153413812f,1.549067865784435f,0f,0f,0f,1f], start_interpolation: 0, interpolation_duration: 1 }
$data merge entity $(bone_head_right_fin1) { transformation: [-0.7256497384781074f,-0.05428464547185015f,0.6859195538200166f,-0.42472388849639464f,-0.05146992026086267f,0.9983724674387244f,0.024561424401969983f,3.9194459908181933f,-0.686136505627703f,-0.017481233546543407f,-0.7272627462744782f,1.6041831501714783f,0f,0f,0f,1f], start_interpolation: 0, interpolation_duration: 1 }
$data merge entity $(bone_right_whisker16) { transformation: [0.2739078607937727f,0.9371769430357567f,-0.21604134150095844f,-0.8766162943027951f,0.9608901286664341f,-0.2761969389005216f,0.020134834823880732f,1.570360465768434f,-0.04080005424975253f,-0.2131070819661699f,-0.9761765860688734f,1.4228457558892744f,0f,0f,0f,1f], start_interpolation: 0, interpolation_duration: 1 }
$data merge entity $(bone_right_whisker15) { transformation: [-0.8934071142822662f,0.39389067888476426f,-0.21604134150095844f,-0.6148759287904124f,0.39925536543676327f,0.9166186456736363f,0.020134834823880732f,1.4533911204256322f,0.20595844561413484f,-0.06826706007386038f,-0.9761765860688734f,1.3625063675257583f,0f,0f,0f,1f], start_interpolation: 0, interpolation_duration: 1 }
$data merge entity $(bone_right_whisker14) { transformation: [-0.7345563511791601f,-0.6432364306418171f,-0.21604134150095844f,-0.39967387278089284f,-0.6620060077854719f,0.749228025425208f,0.020134834823880732f,1.6473381930190323f,0.14891276841930046f,0.15781083680349203f,-0.9761765860688734f,1.3188795799029163f,0f,0f,0f,1f], start_interpolation: 0, interpolation_duration: 1 }
$data merge entity $(bone_right_whisker13) { transformation: [-0.08647017701791421f,-0.9961438610440327f,0.014843065410420506f,-0.3743408131076758f,-0.9719463534469664f,0.08762208141937695f,0.21827197911981308f,1.9320881012554483f,-0.218730872324038f,0.004447353372907591f,-0.9757750901413405f,1.3829608901540993f,0f,0f,0f,1f], start_interpolation: 0, interpolation_duration: 1 }
$data merge entity $(bone_right_whisker12) { transformation: [0.09300443483880169f,-0.9951117945831035f,0.0332067972245303f,-0.41067067046658273f,-0.9031817439447982f,-0.07028151667873733f,0.4234657551894473f,2.284893469983885f,-0.4190619435180766f,-0.06937596626305352f,-0.9053032987899245f,1.5466569618408479f,0f,0f,0f,1f], start_interpolation: 0, interpolation_duration: 1 }
$data merge entity $(bone_right_whisker11) { transformation: [0.2922301958607248f,-0.9544867509587973f,0.05963685832873866f,-0.5248230907246784f,-0.9500700702820948f,-0.28261338148732734f,0.1322744803749906f,2.6560145911878283f,-0.10940006481432243f,-0.09531379149114722f,-0.9894174583916555f,1.5893913621589426f,0f,0f,0f,1f], start_interpolation: 0, interpolation_duration: 1 }
$data merge entity $(bone_right_whisker10) { transformation: [0.049758561249098346f,-0.9843722340674053f,0.1689242148999547f,-0.5442600287126074f,-0.991313320006502f,-0.06929280450065219f,-0.11178733748560701f,3.0432463568153683f,0.12174558373964253f,-0.1618944472228147f,-0.9792692177324438f,1.5418344935106447f,0f,0f,0f,1f], start_interpolation: 0, interpolation_duration: 1 }
$data merge entity $(bone_right_whisker1) { transformation: [-0.3356141602007409f,-0.9313280897079831f,0.14138997416235355f,-0.4131607473841929f,-0.9232423379703447f,0.3550086787405282f,0.14694360618263164f,3.403887895085034f,-0.187047375955407f,-0.08122085532536563f,-0.9789874625389297f,1.6148998747432255f,0f,0f,0f,1f], start_interpolation: 0, interpolation_duration: 1 }
$data merge entity $(bone_left_whisker16) { transformation: [0.24255724992655736f,-0.8939026097502619f,0.3769669810338f,1.2042142108937555f,-0.9664595581770544f,-0.2564510387692308f,0.013739982619901031f,1.5479213143491313f,0.08439136754596621f,-0.36765607433558595f,-0.9261247799772271f,1.598474530390286f,0f,0f,0f,1f], start_interpolation: 0, interpolation_duration: 1 }
$data merge entity $(bone_left_whisker15) { transformation: [-0.8545950747772548f,-0.3571598428949166f,0.3769669810338f,0.9538445600801067f,-0.3804053506452538f,0.9247177850988193f,0.013739982619901031f,1.4364744342772795f,-0.35349544179086656f,-0.13165813512735292f,-0.9261247799772271f,1.4949114126781182f,0f,0f,0f,1f], start_interpolation: 0, interpolation_duration: 1 }
$data merge entity $(bone_left_whisker14) { transformation: [-0.6848642318269758f,0.6235838990659635f,0.3769669810338f,0.7532007421620474f,0.6773126813997851f,0.7355669544593734f,0.013739982619901031f,1.6349058839061228f,-0.26871642223556f,0.26473453936547925f,-0.9261247799772271f,1.416185898351294f,0f,0f,0f,1f], start_interpolation: 0, interpolation_duration: 1 }
$data merge entity $(bone_left_whisker13) { transformation: [-0.10107305502516306f,0.9829538623617438f,0.15357715330090982f,0.7235894955726441f,0.9739687723662254f,0.06627999066369329f,0.21677590570229105f,1.9202482976852904f,0.20290162149009106f,0.17148955450916376f,-0.9640654877605255f,1.4756297327722192f,0f,0f,0f,1f], start_interpolation: 0, interpolation_duration: 1 }
$data merge entity $(bone_left_whisker12) { transformation: [0.04077486883117783f,0.9909278005882072f,0.1280605485433332f,0.7395171787098229f,0.9017391016708012f,-0.09169846682892299f,0.4224428762556678f,2.272490134275447f,0.4303533462048792f,0.09825215113494487f,-0.8972973376800015f,1.6437365086335f,0f,0f,0f,1f], start_interpolation: 0, interpolation_duration: 1 }
$data merge entity $(bone_left_whisker11) { transformation: [0.2900376640425536f,0.9506872442235734f,0.10987227633633184f,0.8528131412264454f,0.9437910405185779f,-0.3031582974001097f,0.13173275429568274f,2.6411585094780166f,0.15854534138094034f,0.0654890096737998f,-0.9851774278465506f,1.70566828261043f,0f,0f,0f,1f], start_interpolation: 0, interpolation_duration: 1 }
$data merge entity $(bone_left_whisker10) { transformation: [0.09067338898256902f,0.9958692570891364f,-0.0047706724000015945f,0.8882324337977614f,0.9897989372696635f,-0.09064722935932211f,-0.10991425562374993f,3.027798719348979f,-0.10989267632677038f,0.005244291583318468f,-0.9939296238142459f,1.6627414559202853f,0f,0f,0f,1f], start_interpolation: 0, interpolation_duration: 1 }
$data merge entity $(bone_left_whisker1) { transformation: [-0.34236821114691113f,0.9391527012952706f,0.027860575117199277f,0.7544948513184992f,0.9305535288877669f,0.3348378855925995f,0.1481678785918234f,3.391296191570763f,0.12982348736106375f,0.07665372803506768f,-0.9885697082693446f,1.7134537556707008f,0f,0f,0f,1f], start_interpolation: 0, interpolation_duration: 1 }
$data merge entity $(bone_upper_left_tooth1) { transformation: [-0.9983577053840887f,-0.02101686999721521f,-0.05329336990412408f,0.488574502969319f,-0.03270948511419607f,0.9728535201725478f,0.2290984894569285f,3.528618830636956f,0.0470317093436102f,0.23046544093074417f,-0.9719432590706186f,2.550839286592891f,0f,0f,0f,1f], start_interpolation: 0, interpolation_duration: 1 }
$data merge entity $(bone_upper_right_tooth1) { transformation: [-0.9983577053840887f,-0.02101686999721521f,-0.05329336990412408f,-0.09640071502917053f,-0.03270948511419607f,0.9728535201725478f,0.2290984894569285f,3.509453116702857f,0.0470317093436102f,0.23046544093074417f,-0.9719432590706186f,2.578396928786413f,0f,0f,0f,1f], start_interpolation: 0, interpolation_duration: 1 }
$data merge entity $(bone_top_lip1) { transformation: [-0.9983577053840887f,-0.04136302999878744f,-0.03963573954825435f,0.2182035017917288f,-0.03270948511419607f,0.9795806605989092f,-0.198372929010409f,3.6243403045428266f,0.0470317093436102f,-0.19675067758440878f,-0.9793248639681799f,2.5882268876883283f,0f,0f,0f,1f], start_interpolation: 0, interpolation_duration: 1 }
$data merge entity $(bone_muzzle1) { transformation: [-0.9983577053840887f,-0.02101686999721521f,-0.05329336990412408f,0.1891027054522324f,-0.03270948511419607f,0.9728535201725478f,0.2290984894569285f,3.878712641216993f,0.0470317093436102f,0.23046544093074417f,-0.9719432590706186f,2.1474048042940925f,0f,0f,0f,1f], start_interpolation: 0, interpolation_duration: 1 }
$data merge entity $(bone_jaw_right_tooth1) { transformation: [-0.9983577053840887f,-0.047690658759807145f,-0.03174103286399597f,-0.09264393225957823f,-0.03270948511419607f,0.9294059510832435f,-0.36760667523130675f,3.417548551435779f,0.0470317093436102f,-0.36596472392582724f,-0.9294395295865734f,2.594225866886611f,0f,0f,0f,1f], start_interpolation: 0, interpolation_duration: 1 }
$data merge entity $(bone_jaw_left_tooth1) { transformation: [-0.9983577053840887f,-0.047690658759807145f,-0.03174103286399597f,0.5410792205721187f,-0.03270948511419607f,0.9294059510832435f,-0.36760667523130675f,3.4383114081977197f,0.0470317093436102f,-0.36596472392582724f,-0.9294395295865734f,2.564371754510296f,0f,0f,0f,1f], start_interpolation: 0, interpolation_duration: 1 }
$data merge entity $(bone_tongue1) { transformation: [-0.9983577053840887f,-0.03305484566481291f,-0.04678962789222672f,0.19154961795093706f,-0.03270948511419607f,0.9994318524137389f,-0.008127851155525473f,3.4097530533294274f,0.0470317093436102f,-0.006584038192294389f,-0.9988716978457745f,1.873195491222686f,0f,0f,0f,1f], start_interpolation: 0, interpolation_duration: 1 }
$data merge entity $(bone_jaw_lips1) { transformation: [-0.9983577053840887f,-0.03305484566481291f,-0.04678962789222672f,0.2805641533580549f,-0.03270948511419607f,0.9994318524137389f,-0.008127851155525473f,3.3054595103321063f,0.0470317093436102f,-0.006584038192294389f,-0.9988716978457745f,2.6520069512760656f,0f,0f,0f,1f], start_interpolation: 0, interpolation_duration: 1 }
$data merge entity $(bone_jaw3) { transformation: [-0.9983577053840887f,-0.04145435797881861f,-0.03954021123845446f,0.252709584142276f,-0.03270948511419607f,0.9791204155745787f,-0.20063225410842633f,3.077002334772177f,0.0470317093436102f,-0.19900941688680956f,-0.9788683620929782f,1.9018419906072586f,0f,0f,0f,1f], start_interpolation: 0, interpolation_duration: 1 }
$data merge entity $(bone_jaw1) { transformation: [-0.9983577053840887f,-0.0013535061402976077f,-0.057271809132816986f,0.20796598325726273f,-0.03270948511419607f,0.834211112855786f,0.5504742580461645f,3.507060348870743f,0.0470317093436102f,0.5514435485242701f,-0.8328853649255573f,1.2511502992591668f,0f,0f,0f,1f], start_interpolation: 0, interpolation_duration: 1 }
$data merge entity $(bone_tear_right1) { transformation: [-0.9983577053840887f,-0.016292071224189644f,-0.05492231345676887f,-0.34138860634075935f,-0.03270948511419607f,0.949184269804798f,0.3130164716731321f,3.9261511957374635f,0.0470317093436102f,0.314298887001463f,-0.9481583348501765f,2.131997155177503f,0f,0f,0f,1f], start_interpolation: 0, interpolation_duration: 1 }
$data merge entity $(bone_right_pupil1) { transformation: [-0.9983577053840887f,-0.016292071224189644f,-0.05492231345676887f,-0.17889365165433735f,-0.03270948511419607f,0.949184269804798f,0.3130164716731321f,4.005774724308654f,0.0470317093436102f,0.314298887001463f,-0.9481583348501765f,2.2106682213880577f,0f,0f,0f,1f], start_interpolation: 0, interpolation_duration: 1 }
$data merge entity $(bone_right_sad_pupil1) { transformation: [-0.9983577053840887f,-0.016292071224189644f,-0.05492231345676887f,-0.1794300023716886f,-0.03270948511419607f,0.949184269804798f,0.3130164716731321f,4.008831525789837f,0.0470317093436102f,0.314298887001463f,-0.9481583348501765f,2.2014088626492865f,0f,0f,0f,1f], start_interpolation: 0, interpolation_duration: 1 }
$data merge entity $(bone_right_happy_pupil1) { transformation: [-0.9983577053840887f,-0.016292071224189644f,-0.05492231345676887f,-0.2034059072476599f,-0.03270948511419607f,0.949184269804798f,0.3130164716731321f,3.9848598171306833f,0.0470317093436102f,0.314298887001463f,-0.9481583348501765f,2.194883868590742f,0f,0f,0f,1f], start_interpolation: 0, interpolation_duration: 1 }
$data merge entity $(bone_eyelid_right1) { transformation: [-0.9983577053840887f,-0.016292071224189644f,-0.05492231345676887f,0.16990738325347246f,-0.03270948511419607f,0.949184269804798f,0.3130164716731321f,4.127622721671016f,0.0470317093436102f,0.314298887001463f,-0.9481583348501765f,1.7054114652639365f,0f,0f,0f,1f], start_interpolation: 0, interpolation_duration: 1 }
$data merge entity $(bone_eyelid_expressions_right5) { transformation: [-0.9983577053840887f,-0.016292071224189644f,-0.05492231345676887f,-0.2931409630817701f,-0.03270948511419607f,0.949184269804798f,0.3130164716731321f,4.09785188385564f,0.0470317093436102f,0.314298887001463f,-0.9481583348501765f,2.237383980056039f,0f,0f,0f,1f], start_interpolation: 0, interpolation_duration: 1 }
$data merge entity $(bone_eyelid_expressions_right7) { transformation: [-0.9983577053840887f,-0.016292071224189644f,-0.05492231345676887f,-0.0006533540825253287f,-0.03270948511419607f,0.949184269804798f,0.3130164716731321f,4.107434740822689f,0.0470317093436102f,0.314298887001463f,-0.9481583348501765f,2.2236051589592782f,0f,0f,0f,1f], start_interpolation: 0, interpolation_duration: 1 }
$data merge entity $(bone_eyelid_expressions_right6) { transformation: [-0.9983577053840887f,-0.016292071224189644f,-0.05492231345676887f,-0.09814922374894025f,-0.03270948511419607f,0.949184269804798f,0.3130164716731321f,4.104240455167006f,0.0470317093436102f,0.314298887001463f,-0.9481583348501765f,2.228198099324865f,0f,0f,0f,1f], start_interpolation: 0, interpolation_duration: 1 }
$data merge entity $(bone_right_eye1) { transformation: [-0.9983577053840887f,-0.016292071224189644f,-0.05492231345676887f,0.16069414700418222f,-0.03270948511419607f,0.949184269804798f,0.3130164716731321f,4.124246491624264f,0.0470317093436102f,0.314298887001463f,-0.9481583348501765f,1.7151301180392664f,0f,0f,0f,1f], start_interpolation: 0, interpolation_duration: 1 }
$data merge entity $(bone_tear_left1) { transformation: [-0.9983577053840887f,-0.016292071224189644f,-0.05492231345676887f,0.7115667860565218f,-0.03270948511419607f,0.949184269804798f,0.3130164716731321f,3.960649480818842f,0.0470317093436102f,0.314298887001463f,-0.9481583348501765f,2.082393399229164f,0f,0f,0f,1f], start_interpolation: 0, interpolation_duration: 1 }
$data merge entity $(bone_left_sad_pupil1) { transformation: [-0.9983577053840887f,-0.016292071224189644f,-0.05492231345676887f,0.5517890201264233f,-0.03270948511419607f,0.949184269804798f,0.3130164716731321f,4.032788668207461f,0.0470317093436102f,0.314298887001463f,-0.9481583348501765f,2.1669618099073844f,0f,0f,0f,1f], start_interpolation: 0, interpolation_duration: 1 }
$data merge entity $(bone_left_pupil1) { transformation: [-0.9983577053840887f,-0.016292071224189644f,-0.05492231345676887f,0.5523253708437745f,-0.03270948511419607f,0.949184269804798f,0.3130164716731321f,4.029731866726278f,0.0470317093436102f,0.314298887001463f,-0.9481583348501765f,2.1762211686461557f,0f,0f,0f,1f], start_interpolation: 0, interpolation_duration: 1 }
$data merge entity $(bone_eyelid_left1) { transformation: [-0.9983577053840887f,-0.016292071224189644f,-0.05492231345676887f,0.15040820932018947f,-0.03270948511419607f,0.949184269804798f,0.3130164716731321f,4.126983864539879f,0.0470317093436102f,0.314298887001463f,-0.9481583348501765f,1.7063300533370538f,0f,0f,0f,1f], start_interpolation: 0, interpolation_duration: 1 }
$data merge entity $(bone_left_happy_pupil1) { transformation: [-0.9983577053840887f,-0.016292071224189644f,-0.05492231345676887f,0.5765610500836595f,-0.03270948511419607f,0.949184269804798f,0.3130164716731321f,4.010414102376149f,0.0470317093436102f,0.314298887001463f,-0.9481583348501765f,2.1581403456660464f,0f,0f,0f,1f], start_interpolation: 0, interpolation_duration: 1 }
$data merge entity $(bone_eyelid_expressions_left5) { transformation: [-0.9983577053840887f,-0.016292071224189644f,-0.05492231345676887f,0.6623185596490961f,-0.03270948511419607f,0.949184269804798f,0.3130164716731321f,4.129155883281336f,0.0470317093436102f,0.314298887001463f,-0.9481583348501765f,2.192373164473287f,0f,0f,0f,1f], start_interpolation: 0, interpolation_duration: 1 }
$data merge entity $(bone_eyelid_expressions_left7) { transformation: [-0.9983577053840887f,-0.016292071224189644f,-0.05492231345676887f,0.3698309506498513f,-0.03270948511419607f,0.949184269804798f,0.3130164716731321f,4.119573026314287f,0.0470317093436102f,0.314298887001463f,-0.9481583348501765f,2.206151985570048f,0f,0f,0f,1f], start_interpolation: 0, interpolation_duration: 1 }
$data merge entity $(bone_eyelid_expressions_left6) { transformation: [-0.9983577053840887f,-0.016292071224189644f,-0.05492231345676887f,0.4673268203162662f,-0.03270948511419607f,0.949184269804798f,0.3130164716731321f,4.1227673119699695f,0.0470317093436102f,0.314298887001463f,-0.9481583348501765f,2.201559045204461f,0f,0f,0f,1f], start_interpolation: 0, interpolation_duration: 1 }
$data merge entity $(bone_left_eye1) { transformation: [-0.9983577053840887f,-0.016292071224189644f,-0.05492231345676887f,0.16069414700418222f,-0.03270948511419607f,0.949184269804798f,0.3130164716731321f,4.124246491624264f,0.0470317093436102f,0.314298887001463f,-0.9481583348501765f,1.7151301180392664f,0f,0f,0f,1f], start_interpolation: 0, interpolation_duration: 1 }
$data merge entity $(bone_crest_middle5) { transformation: [-0.9983577053840887f,-0.027793248405060443f,-0.05009418572361715f,0.16383182552729558f,-0.03270948511419607f,0.9944339769166737f,0.10015565454457809f,5.138208507464025f,0.0470317093436102f,0.10162972447460078f,-0.9937099261954843f,2.4869222025846875f,0f,0f,0f,1f], start_interpolation: 0, interpolation_duration: 1 }
$data merge entity $(bone_crest_middle4) { transformation: [-0.9983577053840887f,-0.027793248405060443f,-0.05009418572361715f,0.1801169320146357f,-0.03270948511419607f,0.9944339769166737f,0.10015565454457809f,4.5555323491144115f,0.0470317093436102f,0.10162972447460078f,-0.9937099261954843f,2.427373535900351f,0f,0f,0f,1f], start_interpolation: 0, interpolation_duration: 1 }
$data merge entity $(bone_crest_middle1) { transformation: [-0.9983577053840887f,-0.027793248405060443f,-0.05009418572361715f,0.1959997852780028f,-0.03270948511419607f,0.9944339769166737f,0.10015565454457809f,4.11118957982422f,0.0470317093436102f,0.10162972447460078f,-0.9937099261954843f,2.4554938351564717f,0f,0f,0f,1f], start_interpolation: 0, interpolation_duration: 1 }
$data merge entity $(bone_crest_left5) { transformation: [-0.5226766105878488f,-0.8506505021594775f,0.056594027248709544f,-0.7812241325042684f,-0.8181086871946006f,0.5191392050188695f,0.24737150553186876f,4.550579680548483f,-0.2398068737153413f,0.0829952347319132f,-0.9672664856856505f,2.438310177900013f,0f,0f,0f,1f], start_interpolation: 0, interpolation_duration: 1 }
$data merge entity $(bone_crest_left4) { transformation: [-0.5226766105878488f,-0.8506505021594775f,0.056594027248709544f,-0.36586744199671095f,-0.8181086871946006f,0.5191392050188695f,0.24737150553186876f,4.297093740597863f,-0.2398068737153413f,0.0829952347319132f,-0.9672664856856505f,2.397785160941071f,0f,0f,0f,1f], start_interpolation: 0, interpolation_duration: 1 }
$data merge entity $(bone_crest_left1) { transformation: [-0.5226766105878488f,-0.8506505021594775f,0.056594027248709544f,0.09378829779835553f,-0.8181086871946006f,0.5191392050188695f,0.24737150553186876f,4.03033789344573f,-0.2398068737153413f,0.0829952347319132f,-0.9672664856856505f,2.305977833414865f,0f,0f,0f,1f], start_interpolation: 0, interpolation_duration: 1 }
$data merge entity $(bone_crest_center1) { transformation: [-0.9983577053840887f,-0.016292071224189644f,-0.05492231345676887f,0.19168191801862f,-0.03270948511419607f,0.949184269804798f,0.3130164716731321f,4.010359031634467f,0.0470317093436102f,0.314298887001463f,-0.9481583348501765f,2.2937116785967464f,0f,0f,0f,1f], start_interpolation: 0, interpolation_duration: 1 }
$data merge entity $(bone_crest_right5) { transformation: [-0.5501577975979605f,0.8189552329326588f,-0.1632137377624102f,1.1364984760642052f,0.782959100112433f,0.5738409853968376f,0.24016987952263208f,4.61341058652521f,0.2903471117357481f,0.004341650723095419f,-0.9569115449066896f,2.3479680371608245f,0f,0f,0f,1f], start_interpolation: 0, interpolation_duration: 1 }
$data merge entity $(bone_crest_right4) { transformation: [-0.5501577975979605f,0.8189552329326588f,-0.1632137377624102f,0.7366179912338053f,0.782959100112433f,0.5738409853968376f,0.24016987952263208f,4.3332147928744105f,0.2903471117357481f,0.004341650723095419f,-0.9569115449066896f,2.3458480905186883f,0f,0f,0f,1f], start_interpolation: 0, interpolation_duration: 1 }
$data merge entity $(bone_crest_right1) { transformation: [-0.5501577975979605f,0.8189552329326588f,-0.1632137377624102f,0.2887800371311854f,0.782959100112433f,0.5738409853968376f,0.24016987952263208f,4.036726464757097f,0.2903471117357481f,0.004341650723095419f,-0.9569115449066896f,2.2967919526836913f,0f,0f,0f,1f], start_interpolation: 0, interpolation_duration: 1 }
$data merge entity $(bone_head1) { transformation: [-0.9983577053840887f,-0.016292071224189644f,-0.05492231345676887f,0.13199036884010662f,-0.03270948511419607f,0.949184269804798f,0.3130164716731321f,4.246023684915263f,0.0470317093436102f,0.314298887001463f,-0.9481583348501765f,1.190518762064979f,0f,0f,0f,1f], start_interpolation: 0, interpolation_duration: 1 }
$data merge entity $(bone_neck10) { transformation: [-1.2989841345638016f,-0.02218789171281991f,-0.08699955492596888f,0.07665955346919975f,-0.04733188800853619f,1.241365665240853f,0.3901179110001577f,4.15157299693062f,0.07629493740428579f,0.3923518695850953f,-1.239217535343977f,0.1898707072568669f,0f,0f,0f,1f], start_interpolation: 0, interpolation_duration: 1 }
$data merge entity $(bone_neck9) { transformation: [-0.9976198153449997f,-0.01371817270474334f,-0.06757599994563215f,0.09737481178311377f,-0.036350889990555794f,0.9374008500083668f,0.3463499086191396f,2.9446017074366413f,0.0585945119264915f,0.3479819796214088f,-0.9356683306764538f,-0.2062163601005637f,0f,0f,0f,1f], start_interpolation: 0, interpolation_duration: 1 }
$data merge entity $(bone_neck8) { transformation: [-0.9979066872092178f,-0.04099961688668445f,-0.05001274875738826f,0.12623175308592058f,-0.030005155106540945f,0.9786047478694408f,-0.20354959620304053f,2.312820409644724f,0.057288168849745615f,-0.20162286294598025f,-0.9777864218975991f,-0.034455958915035556f,0f,0f,0f,1f], start_interpolation: 0, interpolation_duration: 1 }
$data merge entity $(bone_neck7) { transformation: [-0.9990693163914895f,-0.018442209711462036f,-0.03899212671809876f,0.14214994049504093f,0f,0.9039865400583819f,-0.42756091424880727f,1.584677210434302f,0.04313352576641302f,-0.4271629903142762f,-0.9031452146032353f,0.3342450069912811f,0f,0f,0f,1f], start_interpolation: 0, interpolation_duration: 1 }
$data merge entity $(bone_neck6) { transformation: [-0.9990693163914895f,-0.011163777950767992f,-0.041663786516683315f,0.1506611721120566f,0f,0.9659258262890684f,-0.25881904510252074f,0.8137746371457775f,0.04313352576641302f,-0.2585781664596735f,-0.9650268549555041f,0.5313842438649519f,0f,0f,0f,1f], start_interpolation: 0, interpolation_duration: 1 }
$data merge entity $(bone_neck_spine6) { transformation: [-1.070143878163923f,0.22436866715460274f,0.17144228983803123f,-0.07757408874670152f,0.17759037262140967f,0.01234803262876919f,1.0923602259143954f,0.5087810787334295f,0.2195345464792028f,1.0837194769896992f,-0.0479411682450981f,-1.8017424349085527f,0f,0f,0f,1f], start_interpolation: 0, interpolation_duration: 1 }
$data merge entity $(bone_neck_spine7) { transformation: [-0.9768979722651409f,-0.01761922049449792f,0.21297867229706977f,-0.395285836189579f,0.19157630847884943f,0.36944123328908773f,0.9092918635814654f,0.46677513985770375f,-0.09470411719599664f,0.9290870455533238f,-0.35753096645063187f,-4.94731325585347f,0f,0f,0f,1f], start_interpolation: 0, interpolation_duration: 1 }
$data merge entity $(bone_tail6) { transformation: [-1.0570386946695132f,-0.3653029955654777f,0.9956993527598019f,0.42078635071988646f,0.7714511736448333f,0.6998757508430246f,1.0757468576519054f,-1.2656733446467867f,-0.7278231696898696f,1.2723686323140904f,-0.3058525442918366f,-7.823389835748699f,0f,0f,0f,1f], start_interpolation: 0, interpolation_duration: 1 }
$data merge entity $(bone_tail5) { transformation: [-0.8732058782052501f,-0.30177203981495987f,0.8225342479320104f,0.23019348346833263f,0.6372857521413842f,0.5781582289572812f,0.8886604476254871f,-0.9005207789895562f,-0.6012452271351097f,1.0510871310420749f,-0.25266079745847375f,-7.159545331932652f,0f,0f,0f,1f], start_interpolation: 0, interpolation_duration: 1 }
$data merge entity $(bone_tail4) { transformation: [-0.7059180152227705f,-0.2439588700819886f,0.66495400253872f,0.13489704984255582f,0.5151952185732452f,0.4673952840412547f,0.7184118145014464f,-0.7179444961609411f,-0.48605929941027815f,0.8497209648845404f,-0.2042563078401135f,-6.827623080024628f,0f,0f,0f,1f], start_interpolation: 0, interpolation_duration: 1 }
$data merge entity $(bone_segment18) { transformation: [-0.7059180152227705f,-0.2439588700819886f,0.66495400253872f,0.015776507810334822f,0.5151952185732452f,0.4673952840412547f,0.7184118145014464f,-0.4897241426251722f,-0.48605929941027815f,0.8497209648845404f,-0.2042563078401135f,-6.4127202651395985f,0f,0f,0f,1f], start_interpolation: 0, interpolation_duration: 1 }
$data merge entity $(bone_segment17) { transformation: [-0.7059180152227705f,-0.2439588700819886f,0.66495400253872f,-0.13908019683155248f,0.5151952185732452f,0.4673952840412547f,0.7184118145014464f,-0.19303768302867264f,-0.48605929941027815f,0.8497209648845404f,-0.2042563078401135f,-5.87334660578906f,0f,0f,0f,1f], start_interpolation: 0, interpolation_duration: 1 }
$data merge entity $(bone_segment16) { transformation: [-0.8894744633805856f,-0.3820984583586129f,0.2506709937623239f,-0.45625176871126044f,0.13676042516053666f,0.300823373776899f,0.9438230151354613f,0.056669219032229864f,-0.4360410130982277f,0.8737883415962103f,-0.21531876134423503f,-5.148034017550018f,0f,0f,0f,1f], start_interpolation: 0, interpolation_duration: 1 }
$data merge entity $(bone_segment15) { transformation: [-0.9768979722651409f,-0.07214179670584747f,0.2011614101966591f,-0.5302252907240923f,0.19157630847884943f,0.1215107766783681f,0.973926921889233f,0.18126523027469715f,-0.09470411719599664f,0.9899649955018974f,-0.10488297224552232f,-4.132933192084206f,0f,0f,0f,1f], start_interpolation: 0, interpolation_duration: 1 }
$data merge entity $(bone_segment14) { transformation: [-0.9771825543191571f,0.10686962833632054f,0.18355690690776078f,-0.420642175730795f,0.17210075554107757f,-0.10809706469221111f,0.979130407324335f,0.07042351354928542f,0.1244812655642522f,0.9883794348043591f,0.08723822200926307f,-3.1194581856930172f,0f,0f,0f,1f], start_interpolation: 0, interpolation_duration: 1 }
$data merge entity $(bone_segment13) { transformation: [-0.9669064687410502f,0.17274521154992056f,0.18775242366820655f,-0.23965977124448345f,0.1604581249096972f,-0.1603998939725807f,0.9739225144558723f,-0.12565816084136983f,0.19835591964238558f,0.9718183811289833f,0.12737332233503756f,-2.078622319537774f,0f,0f,0f,1f], start_interpolation: 0, interpolation_duration: 1 }
$data merge entity $(bone_segment12) { transformation: [-0.9735291506678204f,0.16488088150020877f,0.1582886215610785f,-0.046439988236426255f,0.16054962746220752f,0.0003911290645655652f,0.9870276916783041f,-0.12519980646883205f,0.16268008458855246f,0.9863134095883361f,-0.026852339646527f,-0.9227862926764423f,0f,0f,0f,1f], start_interpolation: 0, interpolation_duration: 1 }
$data merge entity $(bone_segment11) { transformation: [-1.0240927138424207f,0.12725162198855758f,0.08117635166850964f,0.10542495757820675f,0.12702110555170987f,0.4258312181575472f,0.934923459060122f,0.3663205796614599f,0.08153658144262416f,0.9348921115603678f,-0.43689470990492624f,0.15724917387738757f,0f,0f,0f,1f], start_interpolation: 0, interpolation_duration: 1 }
$data merge entity $(bone_segment10) { transformation: [-0.9988869751182854f,0.04651379665394229f,-0.007828004846555821f,0.15417865626412713f,0.036555127227765834f,0.8682825997951192f,0.4947211836644867f,1.1674029675402107f,0.029808280936743863f,0.4938843929644513f,-0.8690164974117185f,0.6128570756074346f,0f,0f,0f,1f], start_interpolation: 0, interpolation_duration: 1 }