# This file was generated by Animated Java via MC-Build. It is not recommended to edit this file directly.
$data merge entity $(bone_neck_spine5) { transformation: [-1.5591265032559378f,-0.04383976813272342f,0.19804498764579484f,0.1787124499494112f,-0.006436350560884161f,1.5450238957243203f,0.29133988842749486f,4.352297923550846f,-0.20273706072894368f,0.28809448437545077f,-1.5322918938100776f,-0.5075060835619027f,0f,0f,0f,1f], start_interpolation: 0, interpolation_duration: 1 }
$data merge entity $(bone_neck_spine2) { transformation: [-1.4848823840532734f,-0.048419219674616265f,0.1870138133357937f,-0.18126209455287168f,-0.006129857677032532f,1.4606780571127895f,0.32950921079401413f,5.616050189314477f,-0.19308291497994629f,0.3259899911336787f,-1.4486696639702021f,1.349772004568401f,0f,0f,0f,1f], start_interpolation: 0, interpolation_duration: 1 }
$data merge entity $(bone_scale_neck_left1) { transformation: [-1.5983315407780943f,0.2949686789189398f,0.267179424822367f,0.6316761942664888f,0.39354076490114975f,1.3361627284529958f,0.879118826036468f,4.747064171250638f,-0.059304577838591735f,0.9169066050517547f,-1.3670480333541775f,1.2221636872055581f,0f,0f,0f,1f], start_interpolation: 0, interpolation_duration: 1 }
$data merge entity $(bone_scale_neck_right1) { transformation: [-1.5570981954911332f,-0.5304845667923446f,0.08418084598688398f,-0.9274503089894484f,-0.4065669381529382f,1.3327551111429685f,0.8783633754665051f,4.740627820689753f,-0.3510037253888826f,0.8095708856888975f,-1.3908437894478634f,1.0194266264766145f,0f,0f,0f,1f], start_interpolation: 0, interpolation_duration: 1 }
$data merge entity $(bone_blush_right1) { transformation: [-0.9982656805091107f,-0.04657602053178476f,0.03600424182099593f,-0.8886514914380306f,-0.033898204062742875f,0.9548063465001888f,0.295289269097748f,4.112893622056363f,-0.04813047765192682f,0.29355666402652886f,-0.9547292506918457f,2.4073305131710403f,0f,0f,0f,1f], start_interpolation: 0, interpolation_duration: 1 }
$data merge entity $(bone_blush_left1) { transformation: [-0.9982656805091107f,-0.04657602053178476f,0.03600424182099593f,0.4342455090022654f,-0.033898204062742875f,0.9548063465001888f,0.295289269097748f,4.157815363182479f,-0.04813047765192682f,0.29355666402652886f,-0.9547292506918457f,2.4711127965437596f,0f,0f,0f,1f], start_interpolation: 0, interpolation_duration: 1 }
$data merge entity $(bone_left_head_scales) { transformation: [-0.9020973817330344f,-0.04657602053178476f,-0.4290116410796175f,0.4256089731734534f,-0.16641748473801082f,0.9548063465001888f,0.24627233189385184f,4.97125433209601f,0.3981526524385814f,0.29355666402652886f,-0.8690793694259104f,2.3106719600685244f,0f,0f,0f,1f], start_interpolation: 0, interpolation_duration: 1 }
$data merge entity $(bone_left_head_scales2) { transformation: [-0.8383825576497878f,-0.04657602053178476f,-0.5430887232672236f,0.46138944893040673f,-0.1971387498175126f,0.9548063465001888f,0.2224435973530139f,4.0636769515300575f,0.5081840221307518f,0.29355666402652886f,-0.8096749252981886f,2.2077604999512754f,0f,0f,0f,1f], start_interpolation: 0, interpolation_duration: 1 }
$data merge entity $(bone_left_head_scales1) { transformation: [-0.9982656805091107f,-0.04657602053178476f,0.03600424182099593f,0.4308396786042691f,-0.033898204062742875f,0.9548063465001888f,0.295289269097748f,4.86402510372929f,-0.04813047765192682f,0.29355666402652886f,-0.9547292506918457f,2.2777041706514827f,0f,0f,0f,1f], start_interpolation: 0, interpolation_duration: 1 }
$data merge entity $(bone_right_head_scales) { transformation: [-0.8688475642701872f,-0.04657602053178476f,0.49288394615080106f,-0.9197100103251528f,0.10628133628013296f,0.9548063465001888f,0.2775772293281113f,4.9255712055270795f,-0.48353716260518415f,0.29355666402652886f,-0.8246310068056762f,2.24580862104542f,0f,0f,0f,1f], start_interpolation: 0, interpolation_duration: 1 }
$data merge entity $(bone_right_head_scales2) { transformation: [-0.7970801882153714f,-0.04657602053178476f,0.6020746198487116f,-0.8839295345681994f,0.14160318350607012f,0.9548063465001888f,0.2613300195230311f,4.017993824961128f,-0.5870363804531148f,0.29355666402652886f,-0.7544619095952568f,2.142897160928171f,0f,0f,0f,1f], start_interpolation: 0, interpolation_duration: 1 }
$data merge entity $(bone_right_head_scales1) { transformation: [-0.9982656805091107f,-0.04657602053178476f,0.03600424182099593f,-0.914479304894337f,-0.033898204062742875f,0.9548063465001888f,0.295289269097748f,4.818341977160359f,-0.04813047765192682f,0.29355666402652886f,-0.9547292506918457f,2.212840831628378f,0f,0f,0f,1f], start_interpolation: 0, interpolation_duration: 1 }
$data merge entity $(bone_head_left_fin1) { transformation: [-0.7638223775167545f,-0.01182944073909919f,-0.7177120857012417f,0.4534873781373321f,0.01952437372585149f,1.047304593434543f,-0.03804057605627503f,4.486787511184132f,0.7175439864290131f,-0.04108954767188491f,-0.7629662342704648f,2.0736599813307843f,0f,0f,0f,1f], start_interpolation: 0, interpolation_duration: 1 }
$data merge entity $(bone_head_right_fin1) { transformation: [-0.688255059985447f,-0.05518443980405699f,0.788628460070466f,-0.891831605361274f,-0.06883270742139734f,1.0458323835467962f,0.013110375244095543f,4.441104384615201f,-0.7875545878341657f,-0.04317986977184033f,-0.6903393861377299f,2.0087966423076797f,0f,0f,0f,1f], start_interpolation: 0, interpolation_duration: 1 }
$data merge entity $(bone_right_whisker16) { transformation: [0.24307997482397098f,0.9421215255258807f,-0.2309094129314883f,-1.3482876510648016f,0.9577657213327864f,-0.2708111039249912f,-0.09667558652945875f,1.6966440328951604f,-0.153612984084891f,-0.19765722129918378f,-0.9681604588025792f,2.1474638198643894f,0f,0f,0f,1f], start_interpolation: 0, interpolation_duration: 1 }
$data merge entity $(bone_right_whisker15) { transformation: [-0.9023332417535708f,0.36397192727754035f,-0.2309094129314883f,-1.0442788928568114f,0.3935077900338608f,0.9142239606091342f,-0.09667558652945875f,1.5640657247294554f,0.17591571848234167f,-0.17809824817224057f,-0.9681604588025792f,2.0881953404928972f,0f,0f,0f,1f], start_interpolation: 0, interpolation_duration: 1 }
$data merge entity $(bone_right_whisker14) { transformation: [-0.7112130980951163f,-0.663970460274839f,-0.2309094129314883f,-0.8046611986743751f,-0.6622647163900116f,0.7430069154416009f,-0.09667558652945875f,1.7871920207788243f,0.2357570243339609f,0.08416621346107742f,-0.9681604588025792f,2.008765483661631f,0f,0f,0f,1f], start_interpolation: 0, interpolation_duration: 1 }
$data merge entity $(bone_right_whisker13) { transformation: [-0.059228202040932404f,-0.9982242319767161f,-0.006356317919479299f,-0.7847063845101938f,-0.9925593617767814f,0.05821109497773022f,0.10694569542885737f,2.121599227627447f,-0.10638577645656755f,0.012643224113677087f,-0.9942445450952923f,2.04460834779983f,0f,0f,0f,1f], start_interpolation: 0, interpolation_duration: 1 }
$data merge entity $(bone_right_whisker12) { transformation: [0.11503918389486681f,-0.993338937819019f,0.006613681379214843f,-0.836384142900466f,-0.9416225969759785f,-0.10692437454424214f,0.3192398204994743f,2.54459375361275f,-0.3164061804595748f,-0.04295268025287125f,-0.9476508830925435f,2.1867439366781545f,0f,0f,0f,1f], start_interpolation: 0, interpolation_duration: 1 }
$data merge entity $(bone_right_whisker11) { transformation: [0.320170406086205f,-0.946476654613421f,0.04090052980563014f,-0.9802106925095035f,-0.947333340847832f,-0.3195391918362283f,0.0213130523092184f,2.970153652821737f,-0.007102984209465341f,-0.04557024415599293f,-0.9989358840600748f,2.189934730366f,0f,0f,0f,1f], start_interpolation: 0, interpolation_duration: 1 }
$data merge entity $(bone_right_whisker10) { transformation: [0.08253612399073526f,-0.9839984122689113f,0.15790792535160322f,-1.0172874669584666f,-0.9693086154313584f,-0.11608165288799394f,-0.2167160767302101f,3.4055852574100425f,0.2315784883946023f,-0.13517460750841054f,-0.9633790682788465f,2.0859053312824876f,0f,0f,0f,1f], start_interpolation: 0, interpolation_duration: 1 }
$data merge entity $(bone_right_whisker1) { transformation: [-0.30928071361944015f,-0.94307386668239f,0.1222993138319887f,-0.8783527713872337f,-0.9479397984830157f,0.31599454340174016f,0.03946627664608848f,3.8314175887598347f,-0.07586552995286899f,-0.10372622870350201f,-0.9917082690206426f,2.1199855498160027f,0f,0f,0f,1f], start_interpolation: 0, interpolation_duration: 1 }
$data merge entity $(bone_left_whisker16) { transformation: [0.27389214960745656f,-0.8907555977447684f,0.36268106577234904f,1.047016593506043f,-0.9431726006680974f,-0.3225496711695095f,-0.07991967828650927f,1.7642588272288167f,0.1881715593079476f,-0.3201814715357552f,-0.9284800964763941f,2.3075852229461296f,0f,0f,0f,1f], start_interpolation: 0, interpolation_duration: 1 }
$data merge entity $(bone_left_whisker15) { transformation: [-0.8473849607567816f,-0.3878159006712601f,0.36268106577234904f,0.7615206838760725f,-0.44289894219031223f,0.8930024479413723f,-0.07991967828650927f,1.615039945338526f,-0.29288095754065346f,-0.22835379383153673f,-0.9284800964763941f,2.208909509712218f,0f,0f,0f,1f], start_interpolation: 0, interpolation_duration: 1 }
$data merge entity $(bone_left_whisker14) { transformation: [-0.7096009298552367f,0.6040935067345257f,0.36268106577234904f,0.5224461518447675f,0.6221578913367921f,0.7788019024565471f,-0.07991967828650927f,1.824653688025238f,-0.330735662721666f,0.16893380908286668f,-0.9284800964763941f,2.097480013971032f,0f,0f,0f,1f], start_interpolation: 0, interpolation_duration: 1 }
$data merge entity $(bone_left_whisker13) { transformation: [-0.12849914116105118f,0.98281637132654f,0.13251396520142725f,0.47915298416843677f,0.987260182881167f,0.11413202997485035f,0.11086573425213386f,2.157275526984225f,0.0938365707936791f,0.14507191315465812f,-0.9849613383251803f,2.129094874248199f,0f,0f,0f,1f], start_interpolation: 0, interpolation_duration: 1 }
$data merge entity $(bone_left_whisker12) { transformation: [0.01887145089470579f,0.9946503520840992f,0.10156055060950751f,0.4876303937500429f,0.9454026345436107f,-0.050807291597898624f,0.32191998651603854f,2.5819681167206125f,0.32535784444074656f,0.08994051489436629f,-0.9413038706185199f,2.2752517184305656f,0f,0f,0f,1f], start_interpolation: 0, interpolation_duration: 1 }
$data merge entity $(bone_left_whisker11) { transformation: [0.26266906607581897f,0.9605676495550419f,0.09118526391451234f,0.6056262632762898f,0.9637857690222884f,-0.26570702888499387f,0.02273249285110404f,3.014918755148594f,0.04606466277933091f,0.08191193703857383f,-0.9955744479513399f,2.295944828663468f,0f,0f,0f,1f], start_interpolation: 0, interpolation_duration: 1 }
$data merge entity $(bone_left_whisker10) { transformation: [0.05803368826252004f,0.9981870816217157f,-0.015957478189587173f,0.6316960841754686f,0.9732766286666573f,-0.060128399849533117f,-0.22162395994747636f,3.4521328656824437f,-0.22218167142659304f,-0.002669384771286084f,-0.9750016303919847f,2.1961366559523032f,0f,0f,0f,1f], start_interpolation: 0, interpolation_duration: 1 }
$data merge entity $(bone_left_whisker1) { transformation: [-0.3693672329065159f,0.9292431749943312f,0.00865846299515726f,0.4657693975182447f,0.9287828828497234f,0.3688464230689317f,0.036258415776368014f,3.8693595513375927f,0.030499242291258333f,0.02143450292658078f,-0.9993049375961022f,2.2098374874503293f,0f,0f,0f,1f], start_interpolation: 0, interpolation_duration: 1 }
$data merge entity $(bone_upper_left_tooth1) { transformation: [-0.9982656805091107f,-0.04326080827400106f,0.03992660247456712f,0.049553728071861924f,-0.033898204062742875f,0.9769091756614655f,0.2109487479691614f,4.014065148457762f,-0.04813047765192682f,0.20922945532576492f,-0.9766813667440786f,3.2011564882698447f,0f,0f,0f,1f], start_interpolation: 0, interpolation_duration: 1 }
$data merge entity $(bone_upper_right_tooth1) { transformation: [-0.9982656805091107f,-0.04326080827400106f,0.03992660247456712f,-0.6231057636774411f,-0.033898204062742875f,0.9769091756614655f,0.2109487479691614f,3.9912235851732962f,-0.04813047765192682f,0.20922945532576492f,-0.9766813667440786f,3.1687248187582924f,0f,0f,0f,1f], start_interpolation: 0, interpolation_duration: 1 }
$data merge entity $(bone_top_lip1) { transformation: [-0.9982656805091107f,-0.021111785448510202f,0.05495383183052899f,-0.26409241093780306f,-0.033898204062742875f,0.9693370423619415f,-0.2433857228070792f,4.124278738458614f,-0.04813047765192682f,-0.24482645040963166f,-0.9683715538473947f,3.212139183829711f,0f,0f,0f,1f], start_interpolation: 0, interpolation_duration: 1 }
$data merge entity $(bone_muzzle1) { transformation: [-0.9982656805091107f,-0.04326080827400106f,0.03992660247456712f,-0.24896027519990177f,-0.033898204062742875f,0.9769091756614655f,0.2109487479691614f,4.407298624087393f,-0.04813047765192682f,0.20922945532576492f,-0.9766813667440786f,2.698955878327611f,0f,0f,0f,1f], start_interpolation: 0, interpolation_duration: 1 }
$data merge entity $(bone_jaw_right_tooth1) { transformation: [-0.9982656805091107f,-0.01205032797734259f,0.05762309184103594f,-0.6211350663565558f,-0.033898204062742875f,0.9179289024928827f,-0.3952941205349918f,3.903282132999366f,-0.04813047765192682f,-0.3965618735630676f,-0.9167454049828375f,3.1897879338303325f,0f,0f,0f,1f], start_interpolation: 0, interpolation_duration: 1 }
$data merge entity $(bone_jaw_left_tooth1) { transformation: [-0.9982656805091107f,-0.01205032797734259f,0.05762309184103594f,0.10757938303852244f,-0.033898204062742875f,0.9179289024928827f,-0.3952941205349918f,3.92802715989087f,-0.04813047765192682f,-0.3965618735630676f,-0.9167454049828375f,3.2249222424678474f,0f,0f,0f,1f], start_interpolation: 0, interpolation_duration: 1 }
$data merge entity $(bone_tongue1) { transformation: [-0.9982656805091107f,-0.031055774289714552f,0.05001169864090093f,-0.21548588670809787f,-0.033898204062742875f,0.9977969442686738f,-0.05702779821646392f,3.8532706489422455f,-0.04813047765192682f,-0.05862420056054829f,-0.9971191805544781f,2.3948703889771306f,0f,0f,0f,1f], start_interpolation: 0, interpolation_duration: 1 }
$data merge entity $(bone_jaw_lips1) { transformation: [-0.9982656805091107f,-0.031055774289714552f,0.05001169864090093f,-0.20035246033999743f,-0.033898204062742875f,0.9977969442686738f,-0.05702779821646392f,3.777544518475935f,-0.04813047765192682f,-0.05862420056054829f,-0.9971191805544781f,3.3009936092169077f,0f,0f,0f,1f], start_interpolation: 0, interpolation_duration: 1 }
$data merge entity $(bone_jaw3) { transformation: [-0.9982656805091107f,-0.021873401308156955f,0.05465515010403233f,-0.14940585193379635f,-0.033898204062742875f,0.9726256035623313f,-0.22989203347730774f,3.4890777342644155f,-0.04813047765192682f,-0.2313460386741542f,-0.9716802290418253f,2.447485670010374f,0f,0f,0f,1f], start_interpolation: 0, interpolation_duration: 1 }
$data merge entity $(bone_jaw1) { transformation: [-0.9982656805091107f,-0.05411385765794238f,0.023180196872717412f,-0.1285798938059643f,-0.033898204062742875f,0.8503083756471522f,0.5251919440220141f,3.960929871471694f,-0.04813047765192682f,0.5234953263532327f,-0.850668031847512f,1.683213610147375f,0f,0f,0f,1f], start_interpolation: 0, interpolation_duration: 1 }
$data merge entity $(bone_tear_right1) { transformation: [-0.9982656805091107f,-0.04657602053178476f,0.03600424182099593f,-0.8545431034138536f,-0.033898204062742875f,0.9548063465001888f,0.295289269097748f,4.46025325276761f,-0.04813047765192682f,0.29355666402652886f,-0.9547292506918457f,2.6219189283881f,0f,0f,0f,1f], start_interpolation: 0, interpolation_duration: 1 }
$data merge entity $(bone_right_pupil1) { transformation: [-0.9982656805091107f,-0.04657602053178476f,0.03600424182099593f,-0.6772188744411687f,-0.033898204062742875f,0.9548063465001888f,0.295289269097748f,4.553866477402516f,-0.04813047765192682f,0.29355666402652886f,-0.9547292506918457f,2.7281377517115626f,0f,0f,0f,1f], start_interpolation: 0, interpolation_duration: 1 }
$data merge entity $(bone_right_sad_pupil1) { transformation: [-0.9982656805091107f,-0.04657602053178476f,0.03600424182099593f,-0.6768145299285305f,-0.033898204062742875f,0.9548063465001888f,0.295289269097748f,4.557182714311328f,-0.04813047765192682f,0.29355666402652886f,-0.9547292506918457f,2.717415694696957f,0f,0f,0f,1f], start_interpolation: 0, interpolation_duration: 1 }
$data merge entity $(bone_right_happy_pupil1) { transformation: [-0.9982656805091107f,-0.04657602053178476f,0.03600424182099593f,-0.7035339903802426f,-0.033898204062742875f,0.9548063465001888f,0.295289269097748f,4.5294240307318265f,-0.04813047765192682f,0.29355666402652886f,-0.9547292506918457f,2.707822550573532f,0f,0f,0f,1f], start_interpolation: 0, interpolation_duration: 1 }
$data merge entity $(bone_eyelid_right1) { transformation: [-0.9982656805091107f,-0.04657602053178476f,0.03600424182099593f,-0.22235841895701736f,-0.033898204062742875f,0.9548063465001888f,0.295289269097748f,4.684036627524964f,-0.04813047765192682f,0.29355666402652886f,-0.9547292506918457f,2.1856392878249546f,0f,0f,0f,1f], start_interpolation: 0, interpolation_duration: 1 }
$data merge entity $(bone_eyelid_expressions_right5) { transformation: [-0.9982656805091107f,-0.04657602053178476f,0.03600424182099593f,-0.8109712791929004f,-0.033898204062742875f,0.9548063465001888f,0.295289269097748f,4.660033988564027f,-0.04813047765192682f,0.29355666402652886f,-0.9547292506918457f,2.7441674314211753f,0f,0f,0f,1f], start_interpolation: 0, interpolation_duration: 1 }
$data merge entity $(bone_eyelid_expressions_right7) { transformation: [-0.9982656805091107f,-0.04657602053178476f,0.03600424182099593f,-0.47464153331824877f,-0.033898204062742875f,0.9548063465001888f,0.295289269097748f,4.67145477020626f,-0.04813047765192682f,0.29355666402652886f,-0.9547292506918457f,2.760383266176951f,0f,0f,0f,1f], start_interpolation: 0, interpolation_duration: 1 }
$data merge entity $(bone_eyelid_expressions_right6) { transformation: [-0.9982656805091107f,-0.04657602053178476f,0.03600424182099593f,-0.5867514486097993f,-0.033898204062742875f,0.9548063465001888f,0.295289269097748f,4.667647842992182f,-0.04813047765192682f,0.29355666402652886f,-0.9547292506918457f,2.754977987925026f,0f,0f,0f,1f], start_interpolation: 0, interpolation_duration: 1 }
$data merge entity $(bone_right_eye1) { transformation: [-0.9982656805091107f,-0.04657602053178476f,0.03600424182099593f,-0.23397375499881054f,-0.033898204062742875f,0.9548063465001888f,0.295289269097748f,4.680339697894744f,-0.04813047765192682f,0.29355666402652886f,-0.9547292506918457f,2.1958208170143676f,0f,0f,0f,1f], start_interpolation: 0, interpolation_duration: 1 }
$data merge entity $(bone_tear_left1) { transformation: [-0.9982656805091107f,-0.04657602053178476f,0.03600424182099593f,0.356243981734892f,-0.033898204062742875f,0.9548063465001888f,0.295289269097748f,4.501368066679648f,-0.04813047765192682f,0.29355666402652886f,-0.9547292506918457f,2.6802959335088943f,0f,0f,0f,1f], start_interpolation: 0, interpolation_duration: 1 }
$data merge entity $(bone_left_sad_pupil1) { transformation: [-0.9982656805091107f,-0.04657602053178476f,0.03600424182099593f,0.1640098347580983f,-0.033898204062742875f,0.9548063465001888f,0.295289269097748f,4.585734668416911f,-0.04813047765192682f,0.29355666402652886f,-0.9547292506918457f,2.7579552815863972f,0f,0f,0f,1f], start_interpolation: 0, interpolation_duration: 1 }
$data merge entity $(bone_left_pupil1) { transformation: [-0.9982656805091107f,-0.04657602053178476f,0.03600424182099593f,0.16360549024546014f,-0.033898204062742875f,0.9548063465001888f,0.295289269097748f,4.582418431508097f,-0.04813047765192682f,0.29355666402652886f,-0.9547292506918457f,2.768677338601003f,0f,0f,0f,1f], start_interpolation: 0, interpolation_duration: 1 }
$data merge entity $(bone_eyelid_left1) { transformation: [-0.9982656805091107f,-0.04657602053178476f,0.03600424182099593f,-0.24478040201532744f,-0.033898204062742875f,0.9548063465001888f,0.295289269097748f,4.683275242082149f,-0.04813047765192682f,0.29355666402652886f,-0.9547292506918457f,2.1845582321745693f,0f,0f,0f,1f], start_interpolation: 0, interpolation_duration: 1 }
$data merge entity $(bone_left_happy_pupil1) { transformation: [-0.9982656805091107f,-0.04657602053178476f,0.03600424182099593f,0.1933453319521614f,-0.033898204062742875f,0.9548063465001888f,0.295289269097748f,4.559879448444447f,-0.04813047765192682f,0.29355666402652886f,-0.9547292506918457f,2.751064776588935f,0f,0f,0f,1f], start_interpolation: 0, interpolation_duration: 1 }
$data merge entity $(bone_eyelid_expressions_left5) { transformation: [-0.9982656805091107f,-0.04657602053178476f,0.03600424182099593f,0.28770589066429475f,-0.033898204062742875f,0.9548063465001888f,0.295289269097748f,4.697341875261987f,-0.04813047765192682f,0.29355666402652886f,-0.9547292506918457f,2.797139158290044f,0f,0f,0f,1f], start_interpolation: 0, interpolation_duration: 1 }
$data merge entity $(bone_eyelid_expressions_left7) { transformation: [-0.9982656805091107f,-0.04657602053178476f,0.03600424182099593f,-0.04862385521035692f,-0.033898204062742875f,0.9548063465001888f,0.295289269097748f,4.685921093619754f,-0.04813047765192682f,0.29355666402652886f,-0.9547292506918457f,2.780923323534268f,0f,0f,0f,1f], start_interpolation: 0, interpolation_duration: 1 }
$data merge entity $(bone_eyelid_expressions_left6) { transformation: [-0.9982656805091107f,-0.04657602053178476f,0.03600424182099593f,0.06348606008119362f,-0.033898204062742875f,0.9548063465001888f,0.295289269097748f,4.689728020833832f,-0.04813047765192682f,0.29355666402652886f,-0.9547292506918457f,2.786328601786193f,0f,0f,0f,1f], start_interpolation: 0, interpolation_duration: 1 }
$data merge entity $(bone_left_eye1) { transformation: [-0.9982656805091107f,-0.04657602053178476f,0.03600424182099593f,-0.23397375499881054f,-0.033898204062742875f,0.9548063465001888f,0.295289269097748f,4.680339697894744f,-0.04813047765192682f,0.29355666402652886f,-0.9547292506918457f,2.1958208170143676f,0f,0f,0f,1f], start_interpolation: 0, interpolation_duration: 1 }
$data merge entity $(bone_crest_middle5) { transformation: [-0.9982656805091107f,-0.03767923867284704f,0.04523169343189149f,-0.31567936321569556f,-0.033898204062742875f,0.9960859190644871f,0.08163181734334352f,5.862638016552655f,-0.04813047765192682f,0.07995696851739059f,-0.995635646361914f,3.0577718497707393f,0f,0f,0f,1f], start_interpolation: 0, interpolation_duration: 1 }
$data merge entity $(bone_crest_middle4) { transformation: [-0.9982656805091107f,-0.03767923867284704f,0.04523169343189149f,-0.29029003246934354f,-0.033898204062742875f,0.9960859190644871f,0.08163181734334352f,5.19144730937053f,-0.04813047765192682f,0.07995696851739059f,-0.995635646361914f,3.003894595593982f,0f,0f,0f,1f], start_interpolation: 0, interpolation_duration: 1 }
$data merge entity $(bone_crest_middle1) { transformation: [-0.9982656805091107f,-0.03767923867284704f,0.04523169343189149f,-0.2750578490616926f,-0.033898204062742875f,0.9960859190644871f,0.08163181734334352f,4.681178522844901f,-0.04813047765192682f,0.07995696851739059f,-0.995635646361914f,3.0473479253643756f,0f,0f,0f,1f], start_interpolation: 0, interpolation_duration: 1 }
$data merge entity $(bone_crest_left5) { transformation: [-0.4970859418671081f,-0.8548376048260935f,0.1488564267113701f,-1.3919575194906084f,-0.8234889968126858f,0.5188262591361177f,0.22953253573133925f,5.183698514110729f,-0.27344366609326753f,-0.008484232788508822f,-0.9618506013240642f,2.9107123139816165f,0f,0f,0f,1f], start_interpolation: 0, interpolation_duration: 1 }
$data merge entity $(bone_crest_left4) { transformation: [-0.4970859418671081f,-0.8548376048260935f,0.1488564267113701f,-0.9119461691243937f,-0.8234889968126858f,0.5188262591361177f,0.22953253573133925f,4.89236540961535f,-0.27344366609326753f,-0.008484232788508822f,-0.9618506013240642f,2.91547640954157f,0f,0f,0f,1f], start_interpolation: 0, interpolation_duration: 1 }
$data merge entity $(bone_crest_left1) { transformation: [-0.4970859418671081f,-0.8548376048260935f,0.1488564267113701f,-0.375575046479465f,-0.8234889968126858f,0.5188262591361177f,0.22953253573133925f,4.58478778451863f,-0.27344366609326753f,-0.008484232788508822f,-0.9618506013240642f,2.866706749055826f,0f,0f,0f,1f], start_interpolation: 0, interpolation_duration: 1 }
$data merge entity $(bone_crest_center1) { transformation: [-0.9982656805091107f,-0.04657602053178476f,0.03600424182099593f,-0.26215747156846797f,-0.033898204062742875f,0.9548063465001888f,0.295289269097748f,4.5617877477745585f,-0.04813047765192682f,0.29355666402652886f,-0.9547292506918457f,2.863870185450417f,0f,0f,0f,1f], start_interpolation: 0, interpolation_duration: 1 }
$data merge entity $(bone_crest_right5) { transformation: [-0.5756495764601333f,0.8146142322611434f,-0.07093107724303091f,0.813220196600515f,0.7870620132795408f,0.5755159962987163f,0.2220691902463101f,5.258579946653364f,0.22172269250941587f,0.07200687885114662f,-0.9724474572050108f,3.0170329647413636f,0f,0f,0f,1f], start_interpolation: 0, interpolation_duration: 1 }
$data merge entity $(bone_crest_right4) { transformation: [-0.5756495764601333f,0.8146142322611434f,-0.07093107724303091f,0.3557952126648144f,0.7870620132795408f,0.5755159962987163f,0.2220691902463101f,4.935414226075471f,0.22172269250941587f,0.07200687885114662f,-0.9724474572050108f,2.976599414605222f,0f,0f,0f,1f], start_interpolation: 0, interpolation_duration: 1 }
$data merge entity $(bone_crest_right1) { transformation: [-0.5756495764601333f,0.8146142322611434f,-0.07093107724303091f,-0.151355215896364f,0.7870620132795408f,0.5755159962987163f,0.2220691902463101f,4.592401638946785f,0.22172269250941587f,0.07200687885114662f,-0.9724474572050108f,2.8775173055596768f,0f,0f,0f,1f], start_interpolation: 0, interpolation_duration: 1 }
$data merge entity $(bone_head1) { transformation: [-1.0463592093878042f,-0.048819917354279575f,0.03773882117955952f,-0.20911945408830512f,-0.03553132066472396f,1.0008061314227235f,0.30951544482250914f,4.809118113696076f,-0.050449263684636814f,0.3076993678923901f,-1.000725321363197f,1.5896237865025342f,0f,0f,0f,1f], start_interpolation: 0, interpolation_duration: 1 }
$data merge entity $(bone_neck10) { transformation: [-1.4848823840532734f,-0.07241518748540064f,0.1790939078632998f,-0.059790488490083823f,-0.006129857677032532f,1.4051721712595793f,0.5173469586713805f,4.756176170371561f,-0.19308291497994629f,0.512290436591512f,-1.3937258619268542f,0.4429069789021968f,0f,0f,0f,1f], start_interpolation: 0, interpolation_duration: 1 }
$data merge entity $(bone_neck9) { transformation: [-1.135935023800755f,-0.06819703887478724f,0.1311065753119402f,0.02070051324680482f,-0.00468934112292989f,1.0323668962990045f,0.49637158460605935f,3.416082499372533f,-0.147708429959659f,0.4916867944262976f,-1.0240187812751194f,-0.13355566197077479f,0f,0f,0f,1f], start_interpolation: 0, interpolation_duration: 1 }
$data merge entity $(bone_neck8) { transformation: [-1.0543430914932983f,0.010039654877042479f,0.1361983412058397f,0.008922565563263374f,-0.010490507701511803f,1.0511877138643502f,-0.15869617785480664f,2.6367656285262013f,-0.13616435680983838f,-0.15872533807653322f,-1.0423798119610586f,0.017683824559484307f,0f,0f,0f,1f], start_interpolation: 0, interpolation_duration: 1 }
$data merge entity $(bone_neck7) { transformation: [-1.046370016503916f,0.056459129057325384f,0.1278623015657338f,-0.04486174738525238f,0f,0.9657083128641202f,-0.42642005970537855f,1.771980119927818f,-0.1397726776433734f,-0.42266586574412046f,-0.9572062355486296f,0.42032540928452555f,0f,0f,0f,1f], start_interpolation: 0, interpolation_duration: 1 }
$data merge entity $(bone_neck6) { transformation: [-1.040433165346447f,0.03597057801746854f,0.1342440247388128f,-0.07550560779719034f,0f,1.01390768862361f,-0.27167574636640246f,0.873733809775012f,-0.1389796411744748f,-0.2692839183479605f,-1.0049812649358174f,0.6497323095858552f,0f,0f,0f,1f], start_interpolation: 0, interpolation_duration: 1 }
$data merge entity $(bone_neck_spine6) { transformation: [-1.2557500966205488f,0.2039934098287868f,0.03825901332518232f,0.2309556412322545f,0.02163277656167309f,-0.10469994716148033f,1.2682883396764815f,0.6409368275057767f,0.20641968494410765f,1.2519624508456786f,0.09983137711545204f,-2.0303828311706305f,0f,0f,0f,1f], start_interpolation: 0, interpolation_duration: 1 }
$data merge entity $(bone_neck_spine7) { transformation: [-0.8321803675454744f,0.5072250405118677f,-0.22405042769343952f,-1.0119155745712836f,-0.08067957734816691f,0.2889981623582924f,0.9539239319528845f,0.9336756221957184f,0.5486042669090356f,0.8119130621139585f,-0.19957589508238613f,-5.421703685644017f,0f,0f,0f,1f], start_interpolation: 0, interpolation_duration: 1 }
$data merge entity $(bone_tail6) { transformation: [-1.3210857407302083f,0.8830186712806914f,-0.6635604187533539f,-3.0383428078240553f,-0.2854798670899182f,0.7263833513469918f,1.5349822181052661f,-0.8451148380521949f,1.067021859500904f,1.2876129816768402f,-0.41087601328337275f,-8.383763541757977f,0f,0f,0f,1f], start_interpolation: 0, interpolation_duration: 1 }
$data merge entity $(bone_tail5) { transformation: [-1.091331698864085f,0.7294502067101364f,-0.5481586067962488f,-2.5776374141123903f,-0.2358311945525411f,0.6000558119822976f,1.2680287888695676f,-0.46613221995811227f,0.8814528404572686f,1.0636802892113029f,-0.339419315321047f,-7.7119654643613655f,0f,0f,0f,1f], start_interpolation: 0, interpolation_duration: 1 }
$data merge entity $(bone_tail4) { transformation: [-0.804139146531431f,0.5374896259969426f,-0.4039063418498675f,-2.347284717256558f,-0.17377035388081974f,0.4421463877764298f,0.9343370023249444f,-0.2766409109110709f,0.6494915666527241f,0.7837644236293809f,-0.25009844286813987f,-7.376066425663059f,0f,0f,0f,1f], start_interpolation: 0, interpolation_duration: 1 }
$data merge entity $(bone_segment18) { transformation: [-0.7671787137094895f,0.512785133870375f,-0.3853417025350289f,-2.059343846186767f,-0.16578339351611127f,0.42182413144384856f,0.8913923202305061f,-0.039776774602269194f,0.6196391592413567f,0.7477404687544902f,-0.23860323493507013f,-6.956192627290177f,0f,0f,0f,1f], start_interpolation: 0, interpolation_duration: 1 }
$data merge entity $(bone_segment17) { transformation: [-0.7671787137094895f,0.512785133870375f,-0.3853417025350289f,-1.6850207137960387f,-0.16578339351611127f,0.42182413144384856f,0.8913923202305061f,0.2681466025991734f,0.6196391592413567f,0.7477404687544902f,-0.23860323493507013f,-6.410356689405429f,0f,0f,0f,1f], start_interpolation: 0, interpolation_duration: 1 }
$data merge entity $(bone_segment16) { transformation: [-0.7880514357751266f,0.5840332880390406f,-0.19462798625857658f,-1.1275084686220516f,-0.07798970804410305f,0.21889260557738272f,0.972627180713525f,0.4770992607553177f,0.6106492774186811f,0.7816592260607251f,-0.12695004648361258f,-5.664192730934374f,0f,0f,0f,1f], start_interpolation: 0, interpolation_duration: 1 }
$data merge entity $(bone_segment15) { transformation: [-0.8321803675454744f,0.5479302841213594f,-0.08513659386283573f,-0.48138950565667915f,-0.08067957734816691f,0.032257107603468366f,0.9962179906064634f,0.5151368168404623f,0.5486042669090356f,0.835901837988017f,0.01736305207776412f,-4.678497936627216f,0f,0f,0f,1f], start_interpolation: 0, interpolation_duration: 1 }
$data merge entity $(bone_segment14) { transformation: [-0.9695071864276958f,0.39643569361379927f,0.039620125178634745f,-0.03539935034115496f,-0.04398919640775326f,-0.21011346650538815f,1.0259592973493936f,0.2787591670219007f,0.3959747013252552f,0.9472941834758658f,0.21098095622197782f,-3.612791980216867f,0f,0f,0f,1f], start_interpolation: 0, interpolation_duration: 1 }
$data merge entity $(bone_segment13) { transformation: [-1.0119868425706775f,0.15654319797574154f,0.05891069049456152f,0.15152557961764718f,0.017433472876171842f,-0.2605782539673624f,0.9919116187473482f,-0.062226474315031144f,0.16634998139613383f,0.9796360612748168f,0.25442972106783723f,-2.439902557815648f,0f,0f,0f,1f], start_interpolation: 0, interpolation_duration: 1 }
$data merge entity $(bone_segment12) { transformation: [-1.114960267401097f,-0.011042813482211897f,0.03486458918368921f,0.1381852680283979f,0.035682306731807806f,-0.09537353630287321f,1.1109025802252233f,-0.17744282689568336f,-0.008016002423123732f,1.111420634159344f,0.0956754872559889f,-1.0972467581600642f,0f,0f,0f,1f], start_interpolation: 0, interpolation_duration: 1 }
$data merge entity $(bone_segment11) { transformation: [-1.1839739135386793f,-0.11763206283279361f,0.03861749260312516f,0.00842457177842329f,-0.006223998704234336f,0.4273905468864846f,1.1110451940193742f,0.3165081210823154f,-0.12365223322439596f,1.1048180208102694f,-0.4256878046090189f,0.18019362941250128f,0f,0f,0f,1f], start_interpolation: 0, interpolation_duration: 1 }
$data merge entity $(bone_segment10) { transformation: [-1.0399740268984414f,-0.09467607222714317f,0.09036405673415622f,-0.08597119968128863f,-0.03450175141212395f,0.8964256931879218f,0.5421307995006588f,1.2342446544818415f,-0.12624916059645322f,0.5349136528126464f,-0.892526599888483f,0.7280801078617676f,0f,0f,0f,1f], start_interpolation: 0, interpolation_duration: 1 }