# This file was generated by Animated Java via MC-Build. It is not recommended to edit this file directly.
$data merge entity $(bone_neck_spine5) { transformation: [-1.3633651173110162f,-0.0481428473343894f,0.09010817557972915f,0.18378529542380823f,-0.03393225140185162f,1.3508006026012682f,0.20829785040442206f,3.758616799048556f,-0.096362956422949f,0.2054790948462614f,-1.3482188926012129f,-0.5345441369325157f,0f,0f,0f,1f], start_interpolation: 0, interpolation_duration: 1 }
$data merge entity $(bone_neck_spine2) { transformation: [-1.2984429688676342f,-0.05078043885681036f,0.08299524427434334f,-0.05605919578690222f,-0.03231642990652534f,1.27270684539318f,0.27311891364729945f,4.891513460395734f,-0.09177424421233235f,0.2702954673376781f,-1.270408932344387f,1.0743674202573446f,0f,0f,0f,1f], start_interpolation: 0, interpolation_duration: 1 }
$data merge entity $(bone_scale_neck_left1) { transformation: [-1.3970372933664372f,0.2794296190673155f,0.14719139694306765f,0.6580750717320353f,0.3147548165254196f,1.1769082196672969f,0.7531771812504551f,4.148201941590068f,0.02599278400260709f,0.7669847122793424f,-1.209346205481435f,0.9311309887487469f,0f,0f,0f,1f], start_interpolation: 0, interpolation_duration: 1 }
$data merge entity $(bone_scale_neck_right1) { transformation: [-1.362201821337504f,-0.4423810607099535f,-0.012830178202225118f,-0.7052900455789807f,-0.38342841989780074f,1.1589433611420539f,0.7491944680002733f,4.114269690188216f,-0.22101643188288123f,0.7159669693447263f,-1.220656566790129f,0.8347680323257979f,0f,0f,0f,1f], start_interpolation: 0, interpolation_duration: 1 }
$data merge entity $(bone_blush_right1) { transformation: [-0.9988851282115696f,-0.04709158911152986f,-0.003298919930385634f,-0.6105971854160487f,-0.04581970948277769f,0.9503433912567832f,0.30781161920478345f,3.5705201310708565f,-0.011360231541219075f,0.3076196042671977f,-0.9514416031527224f,2.0168820870233444f,0f,0f,0f,1f], start_interpolation: 0, interpolation_duration: 1 }
$data merge entity $(bone_blush_left1) { transformation: [-0.9988851282115696f,-0.04709158911152986f,-0.003298919930385634f,0.5404618490465022f,-0.04581970948277769f,0.9503433912567832f,0.30781161920478345f,3.623320186920151f,-0.011360231541219075f,0.3076196042671977f,-0.9514416031527224f,2.0299729788384213f,0f,0f,0f,1f], start_interpolation: 0, interpolation_duration: 1 }
$data merge entity $(bone_left_head_scales) { transformation: [-0.8844986581212502f,-0.04709158911152986f,-0.4641600004488309f,0.5191969041089889f,-0.1827741669897418f,0.9503433912567832f,0.2518750535002678f,4.332222011269186f,0.4292501923854128f,0.3076196042671977f,-0.8491845802931061f,1.9001505022618956f,0f,0f,0f,1f], start_interpolation: 0, interpolation_duration: 1 }
$data merge entity $(bone_left_head_scales2) { transformation: [-0.8163466120469008f,-0.04709158911152986f,-0.5756392891685709f,0.5564704483265491f,-0.21408680030246996f,0.9503433912567832f,0.22586341144773123f,3.5446766441928736f,0.5364187272418788f,0.3076196042671977f,-0.7858912953676833f,1.7991940150149721f,0f,0f,0f,1f], start_interpolation: 0, interpolation_duration: 1 }
$data merge entity $(bone_left_head_scales1) { transformation: [-0.9988851282115696f,-0.04709158911152986f,-0.003298919930385634f,0.5237956921081617f,-0.04581970948277769f,0.9503433912567832f,0.30781161920478345f,4.239415039466766f,-0.011360231541219075f,0.3076196042671977f,-0.9514416031527224f,1.8701095252826772f,0f,0f,0f,1f], start_interpolation: 0, interpolation_duration: 1 }
$data merge entity $(bone_right_head_scales) { transformation: [-0.8875452015273082f,-0.04709158911152986f,0.4583076450167517f,-0.6513716055139444f,0.10148900962113638f,0.9503433912567832f,0.2941894281252772f,4.278527039219056f,-0.4494034892743613f,0.3076196042671977f,-0.8386934379727325f,1.8868377309245294f,0f,0f,0f,1f], start_interpolation: 0, interpolation_duration: 1 }
$data merge entity $(bone_right_head_scales2) { transformation: [-0.8201309775218569f,-0.04709158911152986f,0.5702346551587287f,-0.6140980612963841f,0.13902018291937984f,0.9503433912567832f,0.27842562280727495f,3.4909816721427434f,-0.5550302410230505f,0.3076196042671977f,-0.772859373120613f,1.785881243677606f,0f,0f,0f,1f], start_interpolation: 0, interpolation_duration: 1 }
$data merge entity $(bone_right_head_scales1) { transformation: [-0.9988851282115696f,-0.04709158911152986f,-0.003298919930385634f,-0.6467728175147716f,-0.04581970948277769f,0.9503433912567832f,0.30781161920478345f,4.185720067416636f,-0.011360231541219075f,0.3076196042671977f,-0.9514416031527224f,1.856796753945311f,0f,0f,0f,1f], start_interpolation: 0, interpolation_duration: 1 }
$data merge entity $(bone_head_left_fin1) { transformation: [-0.7027726121575925f,-0.024810233763685366f,-0.7109817915402517f,0.540799513307762f,0.0007833317080472579f,0.9993641069663717f,-0.03564783441867911f,3.913933892327344f,0.711414114277071f,-0.025609256293334604f,-0.7023062893065053f,1.6877705907738227f,0f,0f,0f,1f], start_interpolation: 0, interpolation_duration: 1 }
$data merge entity $(bone_head_right_fin1) { transformation: [-0.6834230119829322f,-0.06619818487174735f,0.7270149840353108f,-0.6297689963151712f,-0.06436930269766009f,0.9974656064858869f,0.030314299397460526f,3.860238920277214f,-0.7271791935708791f,-0.026079957772739026f,-0.685952080134012f,1.6744578194364566f,0f,0f,0f,1f], start_interpolation: 0, interpolation_duration: 1 }
$data merge entity $(bone_right_whisker16) { transformation: [0.2553237665180941f,0.9466528217126824f,-0.196616910245357f,-1.0346388672245583f,0.9620566882867054f,-0.26898393559520295f,-0.04576648243564774f,1.4893875092648998f,-0.09621176005993504f,-0.1774713428560585f,-0.9794116701831955f,1.6324530642826816f,0f,0f,0f,1f], start_interpolation: 0, interpolation_duration: 1 }
$data merge entity $(bone_right_whisker15) { transformation: [-0.9052276365651686f,0.3767024244734945f,-0.196616910245357f,-0.7694354580746066f,0.39225633695986445f,0.9187167110705544f,-0.04576648243564774f,1.3744686605461895f,0.16339489622833636f,-0.11855331372633313f,-0.9794116701831955f,1.5845834657782862f,0f,0f,0f,1f], start_interpolation: 0, interpolation_duration: 1 }
$data merge entity $(bone_right_whisker14) { transformation: [-0.7239740709407266f,-0.6612135322352996f,-0.196616910245357f,-0.5573336794786905f,-0.6668654180411917f,0.7437714321659672f,-0.04576648243564774f,1.569839388487945f,0.17649945843049614f,0.0979832714431639f,-0.9794116701831955f,1.5328746400662268f,0f,0f,0f,1f], start_interpolation: 0, interpolation_duration: 1 }
$data merge entity $(bone_right_whisker13) { transformation: [-0.06249173297854818f,-0.9975888778903285f,0.030186321717854882f,-0.5390255545826315f,-0.985377717331864f,0.06647392934290727f,0.15688202861882966f,1.8585242666125144f,-0.15851037030801118f,-0.019941098947404406f,-0.9871559223737589f,1.579313225117402f,0f,0f,0f,1f], start_interpolation: 0, interpolation_duration: 1 }
$data merge entity $(bone_right_whisker12) { transformation: [0.11958020386634502f,-0.991893078030823f,0.04299647192297943f,-0.5857365717179225f,-0.9255085315713333f,-0.09569272814049748f,0.36643807085195623f,2.2200510367575665f,-0.35935293630629694f,-0.0836123408090519f,-0.9294484620636441f,1.7196854658620493f,0f,0f,0f,1f], start_interpolation: 0, interpolation_duration: 1 }
$data merge entity $(bone_right_whisker11) { transformation: [0.31340447188631493f,-0.9464956615517096f,0.07696492490382895f,-0.7081601935485142f,-0.9486167076706595f,-0.30831936208768235f,0.07117241663680693f,2.590604438191418f,-0.0436346070194131f,-0.09531596731732095f,-0.9944902651331609f,1.7367302342290076f,0f,0f,0f,1f], start_interpolation: 0, interpolation_duration: 1 }
$data merge entity $(bone_right_whisker10) { transformation: [0.0671852244638857f,-0.9793067524056778f,0.19090424381448973f,-0.7344044218547195f,-0.9804344161044276f,-0.10028247502082567f,-0.16938648388129354f,2.97358663198221f,0.18502567749290277f,-0.17578882187540346f,-0.9668835445760517f,1.6644545789583425f,0f,0f,0f,1f], start_interpolation: 0, interpolation_duration: 1 }
$data merge entity $(bone_right_whisker1) { transformation: [-0.3131533758155756f,-0.9364370091812079f,0.15817930032423194f,-0.6120788844267603f,-0.9401036834036243f,0.3292790384385922f,0.08820645835705349f,3.340814633311751f,-0.1346849199659979f,-0.12108279266977146f,-0.9834627240790785f,1.7170658758200603f,0f,0f,0f,1f], start_interpolation: 0, interpolation_duration: 1 }
$data merge entity $(bone_left_whisker16) { transformation: [0.26016185182267615f,-0.8809540309216829f,0.39526675329331085f,1.04224527725819f,-0.9538692860334258f,-0.298011617320896f,-0.036365658303765896f,1.5223744352223534f,0.14983055769194262f,-0.36757185874958215f,-0.9178462467304089f,1.8484824289943262f,0f,0f,0f,1f], start_interpolation: 0, interpolation_duration: 1 }
$data merge entity $(bone_left_whisker15) { transformation: [-0.8394594111845162f,-0.37292370629219956f,0.39526675329331085f,0.7963099028877264f,-0.4199670124041028f,0.9068104804139097f,-0.036365658303765896f,1.399337224557089f,-0.34487041836915727f,-0.19652649159027827f,-0.9178462467304089f,1.7474461736127371f,0f,0f,0f,1f], start_interpolation: 0, interpolation_duration: 1 }
$data merge entity $(bone_left_whisker14) { transformation: [-0.6927545361398602f,0.6032042327426197f,0.39526675329331085f,0.5933544723780018f,0.6443636709949152f,0.7638540426011307f,-0.036365658303765896f,1.5881156437938806f,-0.3238620264242229f,0.22950306142467303f,-0.9178462467304089f,1.6525647205587657f,0f,0f,0f,1f], start_interpolation: 0, interpolation_duration: 1 }
$data merge entity $(bone_left_whisker13) { transformation: [-0.12469581740702465f,0.9777554242324945f,0.16865729603289964f,0.5568224946220375f,0.9824046377399526f,0.09784810898008246f,0.15908134810861488f,1.8759295025067573f,0.13903985352490233f,0.18552648854801582f,-0.9727527132724003f,1.6932990526461393f,0f,0f,0f,1f], start_interpolation: 0, interpolation_duration: 1 }
$data merge entity $(bone_left_whisker12) { transformation: [0.013945383132812572f,0.9903799303786796f,0.13767033010929194f,0.5622699099082924f,0.9276293040099247f,-0.0642085006116925f,0.36794176548913404f,2.238284699385634f,0.373241745563571f,0.12257594361178961f,-0.9196008576639856f,1.8390966095069092f,0f,0f,0f,1f], start_interpolation: 0, interpolation_duration: 1 }
$data merge entity $(bone_left_whisker11) { transformation: [0.26775909864716924f,0.9550651110309495f,0.1271050698559899f,0.6668633078173429f,0.9578472657262374f,-0.2781170782600479f,0.07196878712931926f,2.6124437875599456f,0.10408496833081293f,0.10247694604902588f,-0.9892748833848146f,1.879754800261133f,0f,0f,0f,1f], start_interpolation: 0, interpolation_duration: 1 }
$data merge entity $(bone_left_whisker10) { transformation: [0.07298039214283104f,0.997179148276279f,0.0175387743492475f,0.6953712734981363f,0.9826606514142157f,-0.06889016349736142f,-0.1721400288587643f,2.9962956045186235f,-0.17044619832917396f,0.029797510236629365f,-0.9849163425686619f,1.8131742540387994f,0f,0f,0f,1f], start_interpolation: 0, interpolation_duration: 1 }
$data merge entity $(bone_left_whisker1) { transformation: [-0.36354318057105234f,0.9304963559788054f,0.04486521336679194f,0.553362218587569f,0.9293557852791727f,0.3589313389039945f,0.08640670298488634f,3.3593252081433005f,0.06429759115562333f,0.0731083132259962f,-0.9952492121618755f,1.8382905005839647f,0f,0f,0f,1f], start_interpolation: 0, interpolation_duration: 1 }
$data merge entity $(bone_upper_left_tooth1) { transformation: [-0.9988851282115696f,-0.04719991121441883f,0.0008179358821035587f,0.23145914904739145f,-0.04581970948277769f,0.973554598034689f,0.2238124189325273f,3.4860815603495f,-0.011360231541219075f,0.2235254191962651f,-0.9746318956983009f,2.6751126116904045f,0f,0f,0f,1f], start_interpolation: 0, interpolation_duration: 1 }
$data merge entity $(bone_upper_right_tooth1) { transformation: [-0.9988851282115696f,-0.04719991121441883f,0.0008179358821035587f,-0.3538251057640751f,-0.04581970948277769f,0.973554598034689f,0.2238124189325273f,3.459234074324435f,-0.011360231541219075f,0.2235254191962651f,-0.9746318956983009f,2.6684562260217213f,0f,0f,0f,1f], start_interpolation: 0, interpolation_duration: 1 }
$data merge entity $(bone_top_lip1) { transformation: [-0.9988851282115696f,-0.042252531229463444f,0.021052891546280973f,-0.04186612521874787f,-0.04581970948277769f,0.9750977860487481f,-0.21699046491895416f,3.5783575372424288f,-0.011360231541219075f,-0.21771318574568096f,-0.9759466757419671f,2.6960732914492205f,0f,0f,0f,1f], start_interpolation: 0, interpolation_duration: 1 }
$data merge entity $(bone_muzzle1) { transformation: [-0.9988851282115696f,-0.04719991121441883f,0.0008179358821035587f,-0.04838079195811412f,-0.04581970948277769f,0.973554598034689f,0.2238124189325273f,3.8302514817458144f,-0.011360231541219075f,0.2235254191962651f,-0.9746318956983009f,2.252921792455363f,0f,0f,0f,1f], start_interpolation: 0, interpolation_duration: 1 }
$data merge entity $(bone_jaw_right_tooth1) { transformation: [-0.9988851282115696f,-0.037983300681340405f,0.028031580531734896f,-0.35045145227852126f,-0.04581970948277769f,0.9229922164130279f,-0.3820810420105664f,3.381426675308243f,-0.011360231541219075f,-0.38293946951224234f,-0.923703582232424f,2.685640745841174f,0f,0f,0f,1f], start_interpolation: 0, interpolation_duration: 1 }
$data merge entity $(bone_jaw_left_tooth1) { transformation: [-0.9988851282115696f,-0.037983300681340405f,0.028031580531734896f,0.28360649043390085f,-0.04581970948277769f,0.9229922164130279f,-0.3820810420105664f,3.4105114518353967f,-0.011360231541219075f,-0.38293946951224234f,-0.923703582232424f,2.6928518303155804f,0f,0f,0f,1f], start_interpolation: 0, interpolation_duration: 1 }
$data merge entity $(bone_tongue1) { transformation: [-0.9988851282115696f,-0.04530536844048676f,0.013263643097882267f,-0.023394184666292096f,-0.04581970948277769f,0.9980892534687514f,-0.04145354427675002f,3.3528759848358836f,-0.011360231541219075f,-0.042015065163134135f,-0.9990523907376768f,1.981312553289888f,0f,0f,0f,1f], start_interpolation: 0, interpolation_duration: 1 }
$data merge entity $(bone_jaw_lips1) { transformation: [-0.9988851282115696f,-0.04530536844048676f,0.013263643097882267f,0.020105273151296524f,-0.04581970948277769f,0.9980892534687514f,-0.04145354427675002f,3.2754090669991585f,-0.011360231541219075f,-0.042015065163134135f,-0.9990523907376768f,2.7670954079931516f,0f,0f,0f,1f], start_interpolation: 0, interpolation_duration: 1 }
$data merge entity $(bone_jaw3) { transformation: [-0.9988851282115696f,-0.04227388187243748f,0.021009986891748766f,0.03961557020351725f,-0.04581970948277769f,0.9753175673596884f,-0.2160004560701057f,3.0352240137670465f,-0.011360231541219075f,-0.21672231475096243f,-0.9761671903051827f,2.020338074705375f,0f,0f,0f,1f], start_interpolation: 0, interpolation_duration: 1 }
$data merge entity $(bone_jaw1) { transformation: [-0.9988851282115696f,-0.04474845274287564f,-0.015035844335283585f,0.02786881681657695f,-0.04581970948277769f,0.8423890529169618f,0.5369182784638444f,3.454691418816925f,-0.011360231541219075f,0.537008621441763f,-0.8435002582314646f,1.3613534979620432f,0f,0f,0f,1f], start_interpolation: 0, interpolation_duration: 1 }
$data merge entity $(bone_tear_right1) { transformation: [-0.9988851282115696f,-0.04709158911152986f,-0.003298919930385634f,-0.5776293113776915f,-0.04581970948277769f,0.9503433912567832f,0.30781161920478345f,3.8705280672872466f,-0.011360231541219075f,0.3076196042671977f,-0.9514416031527224f,2.2062030024084276f,0f,0f,0f,1f], start_interpolation: 0, interpolation_duration: 1 }
$data merge entity $(bone_right_pupil1) { transformation: [-0.9988851282115696f,-0.04709158911152986f,-0.003298919930385634f,-0.42108194536564253f,-0.04581970948277769f,0.9503433912567832f,0.30781161920478345f,3.95268224636512f,-0.011360231541219075f,0.3076196042671977f,-0.9514416031527224f,2.2938230133311914f,0f,0f,0f,1f], start_interpolation: 0, interpolation_duration: 1 }
$data merge entity $(bone_right_sad_pupil1) { transformation: [-0.9988851282115696f,-0.04709158911152986f,-0.003298919930385634f,-0.4211141613805877f,-0.04581970948277769f,0.9503433912567832f,0.30781161920478345f,3.9556882192089167f,-0.011360231541219075f,0.3076196042671977f,-0.9514416031527224f,2.284531591425403f,0f,0f,0f,1f], start_interpolation: 0, interpolation_duration: 1 }
$data merge entity $(bone_right_happy_pupil1) { transformation: [-0.9988851282115696f,-0.04709158911152986f,-0.003298919930385634f,-0.4443510108957914f,-0.04581970948277769f,0.9503433912567832f,0.30781161920478345f,3.9313681423082363f,-0.011360231541219075f,0.3076196042671977f,-0.9514416031527224f,2.2767440974589355f,0f,0f,0f,1f], start_interpolation: 0, interpolation_duration: 1 }
$data merge entity $(bone_eyelid_right1) { transformation: [-0.9988851282115696f,-0.04709158911152986f,-0.003298919930385634f,-0.04486785913929963f,-0.04581970948277769f,0.9503433912567832f,0.30781161920478345f,4.076810526682285f,-0.011360231541219075f,0.3076196042671977f,-0.9514416031527224f,1.8092111920005227f,0f,0f,0f,1f], start_interpolation: 0, interpolation_duration: 1 }
$data merge entity $(bone_eyelid_expressions_right5) { transformation: [-0.9988851282115696f,-0.04709158911152986f,-0.003298919930385634f,-0.5378921194003558f,-0.04581970948277769f,0.9503433912567832f,0.30781161920478345f,4.043349437175192f,-0.011360231541219075f,0.3076196042671977f,-0.9514416031527224f,2.31329676470153f,0f,0f,0f,1f], start_interpolation: 0, interpolation_duration: 1 }
$data merge entity $(bone_eyelid_expressions_right7) { transformation: [-0.9988851282115696f,-0.04709158911152986f,-0.003298919930385634f,-0.24524999199462244f,-0.04581970948277769f,0.9503433912567832f,0.30781161920478345f,4.056773180187724f,-0.011360231541219075f,0.3076196042671977f,-0.9514416031527224f,2.3166249575358715f,0f,0f,0f,1f], start_interpolation: 0, interpolation_duration: 1 }
$data merge entity $(bone_eyelid_expressions_right6) { transformation: [-0.9988851282115696f,-0.04709158911152986f,-0.003298919930385634f,-0.3427973677965335f,-0.04581970948277769f,0.9503433912567832f,0.30781161920478345f,4.052298599183547f,-0.011360231541219075f,0.3076196042671977f,-0.9514416031527224f,2.315515559924424f,0f,0f,0f,1f], start_interpolation: 0, interpolation_duration: 1 }
$data merge entity $(bone_right_eye1) { transformation: [-0.9988851282115696f,-0.04709158911152986f,-0.003298919930385634f,-0.05459038070454557f,-0.04581970948277769f,0.9503433912567832f,0.30781161920478345f,4.0733570957380705f,-0.011360231541219075f,0.3076196042671977f,-0.9514416031527224f,1.8183916741451662f,0f,0f,0f,1f], start_interpolation: 0, interpolation_duration: 1 }
$data merge entity $(bone_tear_left1) { transformation: [-0.9988851282115696f,-0.04709158911152986f,-0.003298919930385634f,0.4758823472829484f,-0.04581970948277769f,0.9503433912567832f,0.30781161920478345f,3.9188535421323634f,-0.011360231541219075f,0.3076196042671977f,-0.9514416031527224f,2.218184496612057f,0f,0f,0f,1f], start_interpolation: 0, interpolation_duration: 1 }
$data merge entity $(bone_left_sad_pupil1) { transformation: [-0.9988851282115696f,-0.04709158911152986f,-0.003298919930385634f,0.3104911571337455f,-0.04581970948277769f,0.9503433912567832f,0.30781161920478345f,3.989247576740248f,-0.011360231541219075f,0.3076196042671977f,-0.9514416031527224f,2.292852073511257f,0f,0f,0f,1f], start_interpolation: 0, interpolation_duration: 1 }
$data merge entity $(bone_left_pupil1) { transformation: [-0.9988851282115696f,-0.04709158911152986f,-0.003298919930385634f,0.31052337314869066f,-0.04581970948277769f,0.9503433912567832f,0.30781161920478345f,3.986241603896451f,-0.011360231541219075f,0.3076196042671977f,-0.9514416031527224f,2.302143495417045f,0f,0f,0f,1f], start_interpolation: 0, interpolation_duration: 1 }
$data merge entity $(bone_eyelid_left1) { transformation: [-0.9988851282115696f,-0.04709158911152986f,-0.003298919930385634f,-0.06437733429968184f,-0.04581970948277769f,0.9503433912567832f,0.30781161920478345f,4.07591561048145f,-0.011360231541219075f,0.3076196042671977f,-0.9514416031527224f,1.8089893124782332f,0f,0f,0f,1f], start_interpolation: 0, interpolation_duration: 1 }
$data merge entity $(bone_left_happy_pupil1) { transformation: [-0.9988851282115696f,-0.04709158911152986f,-0.003298919930385634f,0.3360279955194974f,-0.04581970948277769f,0.9503433912567832f,0.30781161920478345f,3.9671647903416565f,-0.011360231541219075f,0.3076196042671977f,-0.9514416031527224f,2.285619278350513f,0f,0f,0f,1f], start_interpolation: 0, interpolation_duration: 1 }
$data merge entity $(bone_eyelid_expressions_left5) { transformation: [-0.9988851282115696f,-0.04709158911152986f,-0.003298919930385634f,0.41807216345837295f,-0.04581970948277769f,0.9503433912567832f,0.30781161920478345f,4.087200331016132f,-0.011360231541219075f,0.3076196042671977f,-0.9514416031527224f,2.324168861293712f,0f,0f,0f,1f], start_interpolation: 0, interpolation_duration: 1 }
$data merge entity $(bone_eyelid_expressions_left7) { transformation: [-0.9988851282115696f,-0.04709158911152986f,-0.003298919930385634f,0.1254300360526397f,-0.04581970948277769f,0.9503433912567832f,0.30781161920478345f,4.073776588003599f,-0.011360231541219075f,0.3076196042671977f,-0.9514416031527224f,2.3208406684593705f,0f,0f,0f,1f], start_interpolation: 0, interpolation_duration: 1 }
$data merge entity $(bone_eyelid_expressions_left6) { transformation: [-0.9988851282115696f,-0.04709158911152986f,-0.003298919930385634f,0.2229774118545508f,-0.04581970948277769f,0.9503433912567832f,0.30781161920478345f,4.0782511690077765f,-0.011360231541219075f,0.3076196042671977f,-0.9514416031527224f,2.321950066070818f,0f,0f,0f,1f], start_interpolation: 0, interpolation_duration: 1 }
$data merge entity $(bone_left_eye1) { transformation: [-0.9988851282115696f,-0.04709158911152986f,-0.003298919930385634f,-0.05459038070454557f,-0.04581970948277769f,0.9503433912567832f,0.30781161920478345f,4.0733570957380705f,-0.011360231541219075f,0.3076196042671977f,-0.9514416031527224f,1.8183916741451662f,0f,0f,0f,1f], start_interpolation: 0, interpolation_duration: 1 }
$data merge entity $(bone_crest_middle5) { transformation: [-0.9988851282115696f,-0.046689347374664514f,0.006971763011187428f,-0.10996619603737105f,-0.04581970948277769f,0.9944390863031597f,0.09482329806250589f,5.090873563546602f,-0.011360231541219075f,0.09439813808685421f,-0.9954697065531755f,2.583496629804182f,0f,0f,0f,1f], start_interpolation: 0, interpolation_duration: 1 }
$data merge entity $(bone_crest_middle4) { transformation: [-0.9988851282115696f,-0.046689347374664514f,0.006971763011187428f,-0.08260915656002857f,-0.04581970948277769f,0.9944390863031597f,0.09482329806250589f,4.508194411415844f,-0.011360231541219075f,0.09439813808685421f,-0.9954697065531755f,2.5281852207689157f,0f,0f,0f,1f], start_interpolation: 0, interpolation_duration: 1 }
$data merge entity $(bone_crest_middle1) { transformation: [-0.9988851282115696f,-0.046689347374664514f,0.006971763011187428f,-0.0626020063043686f,-0.04581970948277769f,0.9944390863031597f,0.09482329806250589f,4.064239951909433f,-0.011360231541219075f,0.09439813808685421f,-0.9954697065531755f,2.5596123539746873f,0f,0f,0f,1f], start_interpolation: 0, interpolation_duration: 1 }
$data merge entity $(bone_crest_left5) { transformation: [-0.4969839447451437f,-0.860760309141038f,0.10999385834209459f,-1.0427899288386013f,-0.826130398730441f,0.508114846365111f,0.2435731249478117f,4.490454096803019f,-0.2655475907611259f,0.03018266242041076f,-0.9636251781321288f,2.4828095975946476f,0f,0f,0f,1f], start_interpolation: 0, interpolation_duration: 1 }
$data merge entity $(bone_crest_left4) { transformation: [-0.4969839447451437f,-0.860760309141038f,0.10999385834209459f,-0.6224968091408289f,-0.826130398730441f,0.508114846365111f,0.2435731249478117f,4.242351144476304f,-0.2655475907611259f,0.03018266242041076f,-0.9636251781321288f,2.4680719694596815f,0f,0f,0f,1f], start_interpolation: 0, interpolation_duration: 1 }
$data merge entity $(bone_crest_left1) { transformation: [-0.4969839447451437f,-0.860760309141038f,0.10999385834209459f,-0.1548035836089192f,-0.826130398730441f,0.508114846365111f,0.2435731249478117f,3.9813311159085103f,-0.2655475907611259f,0.03018266242041076f,-0.9636251781321288f,2.404808567860236f,0f,0f,0f,1f], start_interpolation: 0, interpolation_duration: 1 }
$data merge entity $(bone_crest_center1) { transformation: [-0.9988851282115696f,-0.04709158911152986f,-0.003298919930385634f,-0.056106525523336476f,-0.04581970948277769f,0.9503433912567832f,0.30781161920478345f,3.9626042509443926f,-0.011360231541219075f,0.3076196042671977f,-0.9514416031527224f,2.3984078173580046f,0f,0f,0f,1f], start_interpolation: 0, interpolation_duration: 1 }
$data merge entity $(bone_crest_right5) { transformation: [-0.5764172315979427f,0.8097274626928709f,-0.10993002900904335f,0.8759457942429172f,0.7768925748111176f,0.5847415397037172f,0.2334850293879207f,4.57846813457654f,0.25333989484547337f,0.04918097097345278f,-0.9661263529030728f,2.504631207973051f,0f,0f,0f,1f], start_interpolation: 0, interpolation_duration: 1 }
$data merge entity $(bone_crest_right4) { transformation: [-0.5764172315979427f,0.8097274626928709f,-0.10993002900904335f,0.4805710565999139f,0.7768925748111176f,0.5847415397037172f,0.2334850293879207f,4.292949804643085f,0.25333989484547337f,0.04918097097345278f,-0.9661263529030728f,2.48061706198992f,0f,0f,0f,1f], start_interpolation: 0, interpolation_duration: 1 }
$data merge entity $(bone_crest_right1) { transformation: [-0.5764172315979427f,0.8097274626928709f,-0.10993002900904335f,0.040291167994903024f,0.7768925748111176f,0.5847415397037172f,0.2334850293879207f,3.9902802779168653f,0.25333989484547337f,0.04918097097345278f,-0.9661263529030728f,2.40702736308313f,0f,0f,0f,1f], start_interpolation: 0, interpolation_duration: 1 }
$data merge entity $(bone_head1) { transformation: [-0.9988851282115696f,-0.04709158911152986f,-0.003298919930385634f,-0.05406286752694362f,-0.04581970948277769f,0.9503433912567832f,0.30781161920478345f,4.192282116245679f,-0.011360231541219075f,0.3076196042671977f,-0.9514416031527224f,1.2923429808372002f,0f,0f,0f,1f], start_interpolation: 0, interpolation_duration: 1 }
$data merge entity $(bone_neck10) { transformation: [-1.2984429688676342f,-0.06117905837039469f,0.07565703113101926f,0.018196484665026012f,-0.03231642990652534f,1.2261694900786821f,0.4369039218211782f,4.135725313519664f,-0.09177424421233235f,0.43380469264582755f,-1.2242597696903048f,0.28991648713910956f,0f,0f,0f,1f], start_interpolation: 0, interpolation_duration: 1 }
$data merge entity $(bone_neck9) { transformation: [-0.9972042000903432f,-0.05107136479148201f,0.05454813489491911f,0.08036969509879621f,-0.024819018168211464f,0.9149160137002577f,0.40288050860273217f,2.9545389431676403f,-0.07048261955507125f,0.40040030416217864f,-0.913625632722446f,-0.17379358490650573f,0f,0f,0f,1f], start_interpolation: 0, interpolation_duration: 1 }
$data merge entity $(bone_neck8) { transformation: [-0.9971923151117623f,-0.01348397419389527f,0.07365914146921648f,0.0861847573135217f,-0.025717977254213802f,0.9854914933072885f,-0.16776502098149867f,2.316793545374456f,-0.07032831810867814f,-0.16918835379218441f,-0.9830713242756576f,-0.023032318788650696f,0f,0f,0f,1f], start_interpolation: 0, interpolation_duration: 1 }
$data merge entity $(bone_neck7) { transformation: [-0.9966341225205071f,0.03384205905666446f,0.07466686592180022f,0.056904941356956944f,0f,0.9108136413378944f,-0.41281776942472526f,1.5827507305141175f,-0.08197820337003524f,-0.4114282753914841f,-0.9077479542145f,0.3329313701411216f,0f,0f,0f,1f], start_interpolation: 0, interpolation_duration: 1 }
$data merge entity $(bone_neck6) { transformation: [-0.9966341225205071f,0.02121752031545277f,0.07918486382789457f,0.040728766003063355f,0f,0.9659258262890684f,-0.25881904510252063f,0.8118481572255929f,-0.08197820337003524f,-0.25794789190734624f,-0.9626746383035013f,0.5295900875418302f,0f,0f,0f,1f], start_interpolation: 0, interpolation_duration: 1 }
$data merge entity $(bone_neck_spine6) { transformation: [-1.0652260355553187f,0.26921352872985693f,0.13326382345287432f,0.12790288637969638f,0.12143076719849452f,-0.06317996898185635f,1.0982734349033476f,0.5956669264989781f,0.27475396170036454f,1.0716688131067507f,0.03127128174035162f,-1.8107034041782615f,0f,0f,0f,1f], start_interpolation: 0, interpolation_duration: 1 }
$data merge entity $(bone_neck_spine7) { transformation: [-0.9095941297634927f,0.4122438608469344f,-0.05189911650315088f,-0.926264175682952f,0.06988512691963017f,0.2749207553652481f,0.9589236921177976f,0.8211145801255244f,0.4095785494080731f,0.8686043848976445f,-0.2788760197675013f,-4.808892053140261f,0f,0f,0f,1f], start_interpolation: 0, interpolation_duration: 1 }
$data merge entity $(bone_tail6) { transformation: [-1.4129338995930327f,0.46427839259829284f,0.1739472656617475f,-1.9908130902129464f,0.3569435833243202f,0.5879557903855133f,1.3300727606261877f,-0.6324622869367644f,0.3440978863469627f,1.2965137270397566f,-0.6654645609595308f,-7.782518001219996f,0f,0f,0f,1f], start_interpolation: 0, interpolation_duration: 1 }
$data merge entity $(bone_tail5) { transformation: [-1.167206264881201f,0.3835343243203289f,0.14369556728579144f,-1.748580885379054f,0.29486643839835147f,0.48570260944890226f,1.0987557587781553f,-0.325702744126931f,0.28425477567792573f,1.0710330788589295f,-0.5497315938361341f,-7.106076056677514f,0f,0f,0f,1f], start_interpolation: 0, interpolation_duration: 1 }
$data merge entity $(bone_tail4) { transformation: [-0.943594117293434f,0.3100572221873817f,0.11616652176367138f,-1.627464782962108f,0.23837623651571993f,0.39265221479658624f,0.8882572870964455f,-0.17232297272201452f,0.22979754496910207f,0.8658456890143766f,-0.4444145937538432f,-6.767855084406273f,0f,0f,0f,1f], start_interpolation: 0, interpolation_duration: 1 }
$data merge entity $(bone_segment18) { transformation: [-0.943594117293434f,0.3100572221873817f,0.11616652176367138f,-1.4760696549409256f,0.23837623651571993f,0.39265221479658624f,0.8882572870964455f,0.0194017415341311f,0.22979754496910207f,0.8658456890143766f,-0.4444145937538432f,-6.345078869067222f,0f,0f,0f,1f], start_interpolation: 0, interpolation_duration: 1 }
$data merge entity $(bone_segment17) { transformation: [-0.943594117293434f,0.3100572221873817f,0.11616652176367138f,-1.2792559885133883f,0.23837623651571993f,0.39265221479658624f,0.8882572870964455f,0.2686438700671204f,0.22979754496910207f,0.8658456890143766f,-0.4444145937538432f,-5.7954697891264555f,0f,0f,0f,1f], start_interpolation: 0, interpolation_duration: 1 }
$data merge entity $(bone_segment16) { transformation: [-0.9606428285655165f,0.2775645908771775f,0.011101973555563305f,-1.0488556933516686f,0.06653081348357104f,0.19109072519584433f,0.9793150594172136f,0.42726410094257716f,0.26970169962916f,0.941510612067284f,-0.2020365327900649f,-5.013942425594042f,0f,0f,0f,1f], start_interpolation: 0, interpolation_duration: 1 }
$data merge entity $(bone_segment15) { transformation: [-0.9095941297634927f,0.41162947169618075f,0.05656586542180135f,-0.626774692100702f,0.06988512691963017f,0.017365343470080147f,0.997403887039545f,0.4450703613367023f,0.4095785494080731f,0.9111858333387814f,-0.04456219235505951f,-4.079621014455643f,0f,0f,0f,1f], start_interpolation: 0, interpolation_duration: 1 }
$data merge entity $(bone_segment14) { transformation: [-0.9212598077513614f,0.36191274669188633f,0.14247642051883191f,-0.2556727545748422f,0.07587679235193137f,-0.19204516592324652f,0.9784484486307363f,0.2481490486224359f,0.3814748733590541f,0.912215883454924f,0.14946271430777108f,-3.1442433995848718f,0f,0f,0f,1f], start_interpolation: 0, interpolation_duration: 1 }
$data merge entity $(bone_segment13) { transformation: [-0.9624630533017466f,0.2186383512552678f,0.16081710850981423f,-0.024733486870228943f,0.10971626965699269f,-0.22853267923368897f,0.9673340450407117f,-0.020961291940241128f,0.24824828539515287f,0.9486675317953335f,0.19596607593080176f,-2.129951216200359f,0f,0f,0f,1f], start_interpolation: 0, interpolation_duration: 1 }
$data merge entity $(bone_segment12) { transformation: [-0.9885853505361533f,0.085550888819072f,0.12401633008429949f,0.07552146096462108f,0.11973285224015684f,-0.053523411724037795f,0.9913623396578346f,-0.08368404005434793f,0.0914497063950886f,0.9948951149843315f,0.04266920881111075f,-0.9640585033280953f,0f,0f,0f,1f], start_interpolation: 0, interpolation_duration: 1 }
$data merge entity $(bone_segment11) { transformation: [-1.0320751617876087f,-0.008667083724960781f,0.07933601952989801f,0.07160047932353153f,0.07007597995751333f,0.3940362147865272f,0.9546587245627426f,0.3712742650724743f,-0.038192661181672395f,0.9571879674392448f,-0.3922766594324108f,0.14235155138566657f,0f,0f,0f,1f], start_interpolation: 0, interpolation_duration: 1 }
$data merge entity $(bone_segment10) { transformation: [-0.9967726505916473f,-0.04521367968429833f,0.06633254255572844f,0.03404354781035418f,-0.0051430036931375085f,0.8605728324745496f,0.5093014328663754f,1.165476487620026f,-0.0801113758807963f,0.5073165906770015f,-0.8580279973744152f,0.6108643323221717f,0f,0f,0f,1f], start_interpolation: 0, interpolation_duration: 1 }