# This file was generated by Animated Java via MC-Build. It is not recommended to edit this file directly.
$data merge entity $(bone_neck_spine5) { transformation: [-1.5678698849076689f,-0.05536427443454781f,0.10362440191668854f,0.19412051139998826f,-0.039022089112129364f,1.5534206929914587f,0.23954252796508538f,4.337721615222303f,-0.11081739988639135f,0.23630095907320062f,-1.5504517264913948f,-0.5714320572351508f,0f,0f,0f,1f], start_interpolation: 0, interpolation_duration: 1 }
$data merge entity $(bone_neck_spine2) { transformation: [-1.4932094141977794f,-0.05839750468533192f,0.09544453091549485f,-0.08170065349232873f,-0.03716389439250414f,1.463612872202157f,0.31408675069439435f,5.640552775771556f,-0.1055403808441822f,0.31083978743832985f,-1.4609702721960451f,1.278816233533188f,0f,0f,0f,1f], start_interpolation: 0, interpolation_duration: 1 }
$data merge entity $(bone_scale_neck_left1) { transformation: [-1.6065928873714026f,0.32134406192741277f,0.16927010648452778f,0.7395537541544492f,0.3619680390042325f,1.3534444526173912f,0.8661537584380233f,4.785744529145041f,0.02989170160299815f,0.8820324191212436f,-1.39074813630365f,1.114094337298301f,0f,0f,0f,1f], start_interpolation: 0, interpolation_duration: 1 }
$data merge entity $(bone_scale_neck_right1) { transformation: [-1.5665320945381296f,-0.5087382198164464f,-0.014754704932558885f,-0.828316130753219f,-0.4409426828824708f,1.3327848653133618f,0.8615736382003142f,4.7467224400329115f,-0.2541688966653134f,0.823362014746435f,-1.4037550518086481f,1.0032769374119097f,0f,0f,0f,1f], start_interpolation: 0, interpolation_duration: 1 }
$data merge entity $(bone_blush_right1) { transformation: [-0.9988851282115696f,-0.04709158911152986f,-0.003298919930385634f,-0.7194193415658471f,-0.04581970948277769f,0.9503433912567832f,0.30781161920478345f,4.121410447047949f,-0.011360231541219075f,0.3076196042671977f,-0.9514416031527224f,2.362708100314088f,0f,0f,0f,1f], start_interpolation: 0, interpolation_duration: 1 }
$data merge entity $(bone_blush_left1) { transformation: [-0.9988851282115696f,-0.04709158911152986f,-0.003298919930385634f,0.6042985480660864f,-0.04581970948277769f,0.9503433912567832f,0.30781161920478345f,4.182130511274638f,-0.011360231541219075f,0.3076196042671977f,-0.9514416031527224f,2.3777626259014264f,0f,0f,0f,1f], start_interpolation: 0, interpolation_duration: 1 }
$data merge entity $(bone_left_head_scales) { transformation: [-0.8844986581212502f,-0.04709158911152986f,-0.4641600004488309f,0.5798438613879461f,-0.1827741669897418f,0.9503433912567832f,0.2518750535002678f,4.9973676092760275f,0.4292501923854128f,0.3076196042671977f,-0.8491845802931061f,2.2284667778384217f,0f,0f,0f,1f], start_interpolation: 0, interpolation_duration: 1 }
$data merge entity $(bone_left_head_scales2) { transformation: [-0.8163466120469008f,-0.04709158911152986f,-0.5756392891685709f,0.6227084372381404f,-0.21408680030246996f,0.9503433912567832f,0.22586341144773123f,4.091690437138268f,0.5364187272418788f,0.3076196042671977f,-0.7858912953676833f,2.1123668175044594f,0f,0f,0f,1f], start_interpolation: 0, interpolation_duration: 1 }
$data merge entity $(bone_left_head_scales1) { transformation: [-0.9988851282115696f,-0.04709158911152986f,-0.003298919930385634f,0.5851324675869949f,-0.04581970948277769f,0.9503433912567832f,0.30781161920478345f,4.890639591703244f,-0.011360231541219075f,0.3076196042671977f,-0.9514416031527224f,2.1939196543123205f,0f,0f,0f,1f], start_interpolation: 0, interpolation_duration: 1 }
$data merge entity $(bone_right_head_scales) { transformation: [-0.8875452015273082f,-0.04709158911152986f,0.4583076450167517f,-0.766309924678427f,0.10148900962113638f,0.9503433912567832f,0.2941894281252772f,4.9356183914183775f,-0.4494034892743613f,0.3076196042671977f,-0.8386934379727325f,2.2131570908004505f,0f,0f,0f,1f], start_interpolation: 0, interpolation_duration: 1 }
$data merge entity $(bone_right_head_scales2) { transformation: [-0.8201309775218569f,-0.04709158911152986f,0.5702346551587287f,-0.7234453488282326f,0.13902018291937984f,0.9503433912567832f,0.27842562280727495f,4.029941219280618f,-0.5550302410230505f,0.3076196042671977f,-0.772859373120613f,2.0970571304664887f,0f,0f,0f,1f], start_interpolation: 0, interpolation_duration: 1 }
$data merge entity $(bone_right_head_scales1) { transformation: [-0.9988851282115696f,-0.04709158911152986f,-0.003298919930385634f,-0.7610213184793782f,-0.04581970948277769f,0.9503433912567832f,0.30781161920478345f,4.828890373845594f,-0.011360231541219075f,0.3076196042671977f,-0.9514416031527224f,2.1786099672743493f,0f,0f,0f,1f], start_interpolation: 0, interpolation_duration: 1 }
$data merge entity $(bone_head_left_fin1) { transformation: [-0.7366301468578931f,-0.026005518463237915f,-0.745234820559769f,0.6046868619665351f,0.000821070345023493f,1.0475105548280328f,-0.03736524310812068f,4.516336272492909f,0.7456879713451069f,-0.026843035567883273f,-0.7361413579319489f,1.9842298796271383f,0f,0f,0f,1f], start_interpolation: 0, interpolation_duration: 1 }
$data merge entity $(bone_head_right_fin1) { transformation: [-0.7163483393831516f,-0.06938742034082893f,0.762040445505762f,-0.7414669240998379f,-0.06747042795783381f,1.0455205901316913f,0.0317747539257236f,4.454587054635259f,-0.7622125661778094f,-0.027336414071686087f,-0.7189992506613015f,1.9689201925891673f,0f,0f,0f,1f], start_interpolation: 0, interpolation_duration: 1 }
$data merge entity $(bone_right_whisker16) { transformation: [0.2553237665180941f,0.9466528217126824f,-0.196616910245357f,-1.2070672756456327f,0.9620566882867054f,-0.26898393559520295f,-0.04576648243564774f,1.728107931971099f,-0.09621176005993504f,-0.1774713428560585f,-0.9794116701831955f,1.9206147241623257f,0f,0f,0f,1f], start_interpolation: 0, interpolation_duration: 1 }
$data merge entity $(bone_right_whisker15) { transformation: [-0.9052276365651686f,0.3767024244734945f,-0.196616910245357f,-0.9020833551231882f,0.39225633695986445f,0.9187167110705544f,-0.04576648243564774f,1.5959512559445823f,0.16339489622833636f,-0.11855331372633313f,-0.9794116701831955f,1.865564685882271f,0f,0f,0f,1f], start_interpolation: 0, interpolation_duration: 1 }
$data merge entity $(bone_right_whisker14) { transformation: [-0.7239740709407266f,-0.6612135322352996f,-0.196616910245357f,-0.658166309737885f,-0.6668654180411917f,0.7437714321659672f,-0.04576648243564774f,1.8206275930776008f,0.17649945843049614f,0.0979832714431639f,-0.9794116701831955f,1.8060995363134027f,0f,0f,0f,1f], start_interpolation: 0, interpolation_duration: 1 }
$data merge entity $(bone_right_whisker13) { transformation: [-0.06249173297854818f,-0.9975888778903285f,0.030186321717854882f,-0.6371119661074172f,-0.985377717331864f,0.06647392934290727f,0.15688202861882966f,2.1526152029208556f,-0.15851037030801118f,-0.019941098947404406f,-0.9871559223737589f,1.859503909122254f,0f,0f,0f,1f], start_interpolation: 0, interpolation_duration: 1 }
$data merge entity $(bone_right_whisker12) { transformation: [0.11958020386634502f,-0.991893078030823f,0.04299647192297943f,-0.6908296358130018f,-0.9255085315713333f,-0.09569272814049748f,0.36643807085195623f,2.5683709885876653f,-0.35935293630629694f,-0.0836123408090519f,-0.9294484620636441f,2.0209319859785984f,0f,0f,0f,1f], start_interpolation: 0, interpolation_duration: 1 }
$data merge entity $(bone_right_whisker11) { transformation: [0.31340447188631493f,-0.9464956615517096f,0.07696492490382895f,-0.8316168009181825f,-0.9486167076706595f,-0.30831936208768235f,0.07117241663680693f,2.9945074002365946f,-0.0436346070194131f,-0.09531596731732095f,-0.9944902651331609f,2.0405334696006006f,0f,0f,0f,1f], start_interpolation: 0, interpolation_duration: 1 }
$data merge entity $(bone_right_whisker10) { transformation: [0.0671852244638857f,-0.9793067524056778f,0.19090424381448973f,-0.8617976634703186f,-0.9804344161044276f,-0.10028247502082567f,-0.16938648388129354f,3.434936923096005f,0.18502567749290277f,-0.17578882187540346f,-0.9668835445760517f,1.9574164660393358f,0f,0f,0f,1f], start_interpolation: 0, interpolation_duration: 1 }
$data merge entity $(bone_right_whisker1) { transformation: [-0.3131533758155756f,-0.9364370091812079f,0.15817930032423194f,-0.7211232954281654f,-0.9401036834036243f,0.3292790384385922f,0.08820645835705349f,3.857249124624977f,-0.1346849199659979f,-0.12108279266977146f,-0.9834627240790785f,2.0179194574303114f,0f,0f,0f,1f], start_interpolation: 0, interpolation_duration: 1 }
$data merge entity $(bone_left_whisker16) { transformation: [0.26016185182267615f,-0.8809540309216829f,0.39526675329331085f,1.1813494905095272f,-0.9538692860334258f,-0.298011617320896f,-0.036365658303765896f,1.7660428968221697f,0.14983055769194262f,-0.36757185874958215f,-0.9178462467304089f,2.169048493580717f,0f,0f,0f,1f], start_interpolation: 0, interpolation_duration: 1 }
$data merge entity $(bone_left_whisker15) { transformation: [-0.8394594111845162f,-0.37292370629219956f,0.39526675329331085f,0.898523809983494f,-0.4199670124041028f,0.9068104804139097f,-0.036365658303765896f,1.6245501045571156f,-0.34487041836915727f,-0.19652649159027827f,-0.9178462467304089f,2.0528567998918894f,0f,0f,0f,1f], start_interpolation: 0, interpolation_duration: 1 }
$data merge entity $(bone_left_whisker14) { transformation: [-0.6927545361398602f,0.6032042327426197f,0.39526675329331085f,0.6651250648973109f,0.6443636709949152f,0.7638540426011307f,-0.036365658303765896f,1.8416452866794255f,-0.3238620264242229f,0.22950306142467303f,-0.9178462467304089f,1.9437431288798221f,0f,0f,0f,1f], start_interpolation: 0, interpolation_duration: 1 }
$data merge entity $(bone_left_whisker13) { transformation: [-0.12469581740702465f,0.9777554242324945f,0.16865729603289964f,0.623113290477952f,0.9824046377399526f,0.09784810898008246f,0.15908134810861488f,2.172631224199234f,0.13903985352490233f,0.18552648854801582f,-0.9727527132724003f,1.990587610780302f,0f,0f,0f,1f], start_interpolation: 0, interpolation_duration: 1 }
$data merge entity $(bone_left_whisker12) { transformation: [0.013945383132812572f,0.9903799303786796f,0.13767033010929194f,0.6293778180571452f,0.9276293040099247f,-0.0642085006116925f,0.36794176548913404f,2.5893397006099423f,0.373241745563571f,0.12257594361178961f,-0.9196008576639856f,2.1582548011701874f,0f,0f,0f,1f], start_interpolation: 0, interpolation_duration: 1 }
$data merge entity $(bone_left_whisker11) { transformation: [0.26775909864716924f,0.9550651110309495f,0.1271050698559899f,0.7496602256525533f,0.9578472657262374f,-0.2781170782600479f,0.07196878712931926f,3.019622652010401f,0.10408496833081293f,0.10247694604902588f,-0.9892748833848146f,2.205011720537545f,0f,0f,0f,1f], start_interpolation: 0, interpolation_duration: 1 }
$data merge entity $(bone_left_whisker10) { transformation: [0.07298039214283104f,0.997179148276279f,0.0175387743492475f,0.7824443861854656f,0.9826606514142157f,-0.06889016349736142f,-0.1721400288587643f,3.4610522415128804f,-0.17044619832917396f,0.029797510236629365f,-0.9849163425686619f,2.1284440923818613f,0f,0f,0f,1f], start_interpolation: 0, interpolation_duration: 1 }
$data merge entity $(bone_left_whisker1) { transformation: [-0.36354318057105234f,0.9304963559788054f,0.04486521336679194f,0.6191339730383132f,0.9293557852791727f,0.3589313389039945f,0.08640670298488634f,3.8785362856812586f,0.06429759115562333f,0.0731083132259962f,-0.9952492121618755f,2.1573277759088016f,0f,0f,0f,1f], start_interpolation: 0, interpolation_duration: 1 }
$data merge entity $(bone_upper_left_tooth1) { transformation: [-0.9988851282115696f,-0.04719991121441883f,0.0008179358821035587f,0.24894544306710897f,-0.04581970948277769f,0.973554598034689f,0.2238124189325273f,4.0243060907183885f,-0.011360231541219075f,0.2235254191962651f,-0.9746318956983009f,3.1196732036812076f,0f,0f,0f,1f], start_interpolation: 0, interpolation_duration: 1 }
$data merge entity $(bone_upper_right_tooth1) { transformation: [-0.9988851282115696f,-0.04719991121441883f,0.0008179358821035587f,-0.42413144996607754f,-0.04581970948277769f,0.973554598034689f,0.2238124189325273f,3.9934314817895635f,-0.011360231541219075f,0.2235254191962651f,-0.9746318956983009f,3.112018360162222f,0f,0f,0f,1f], start_interpolation: 0, interpolation_duration: 1 }
$data merge entity $(bone_top_lip1) { transformation: [-0.9988851282115696f,-0.042252531229463444f,0.021052891546280973f,-0.06537862233895125f,-0.04581970948277769f,0.9750977860487481f,-0.21699046491895416f,4.130423464145256f,-0.011360231541219075f,-0.21771318574568096f,-0.9759466757419671f,3.1437779854038466f,0f,0f,0f,1f], start_interpolation: 0, interpolation_duration: 1 }
$data merge entity $(bone_muzzle1) { transformation: [-0.9988851282115696f,-0.04719991121441883f,0.0008179358821035587f,-0.07287048908922245f,-0.04581970948277769f,0.973554598034689f,0.2238124189325273f,4.42010150032415f,-0.011360231541219075f,0.2235254191962651f,-0.9746318956983009f,2.63415376156091f,0f,0f,0f,1f], start_interpolation: 0, interpolation_duration: 1 }
$data merge entity $(bone_jaw_right_tooth1) { transformation: [-0.9988851282115696f,-0.037983300681340405f,0.028031580531734896f,-0.4202517484576906f,-0.04581970948277769f,0.9229922164130279f,-0.3820810420105664f,3.9039529729209423f,-0.011360231541219075f,-0.38293946951224234f,-0.923703582232424f,3.131780557954592f,0f,0f,0f,1f], start_interpolation: 0, interpolation_duration: 1 }
$data merge entity $(bone_jaw_left_tooth1) { transformation: [-0.9988851282115696f,-0.037983300681340405f,0.028031580531734896f,0.3089148856615948f,-0.04581970948277769f,0.9229922164130279f,-0.3820810420105664f,3.937400465927169f,-0.011360231541219075f,-0.38293946951224234f,-0.923703582232424f,3.1400733051001595f,0f,0f,0f,1f], start_interpolation: 0, interpolation_duration: 1 }
$data merge entity $(bone_tongue1) { transformation: [-0.9988851282115696f,-0.04530536844048676f,0.013263643097882267f,-0.044135890703627084f,-0.04581970948277769f,0.9980892534687514f,-0.04145354427675002f,3.8711196788777293f,-0.011360231541219075f,-0.042015065163134135f,-0.9990523907376768f,2.3218031365206135f,0f,0f,0f,1f], start_interpolation: 0, interpolation_duration: 1 }
$data merge entity $(bone_jaw_lips1) { transformation: [-0.9988851282115696f,-0.04530536844048676f,0.013263643097882267f,0.005888485786599829f,-0.04581970948277769f,0.9980892534687514f,-0.04145354427675002f,3.7820327233654956f,-0.011360231541219075f,-0.042015065163134135f,-0.9990523907376768f,3.225453419429366f,0f,0f,0f,1f], start_interpolation: 0, interpolation_duration: 1 }
$data merge entity $(bone_jaw3) { transformation: [-0.9988851282115696f,-0.04227388187243748f,0.021009986891748766f,0.028325327396653645f,-0.04581970948277769f,0.9753175673596884f,-0.2160004560701057f,3.5058199121485667f,-0.011360231541219075f,-0.21672231475096243f,-0.9761671903051827f,2.3666824861484237f,0f,0f,0f,1f], start_interpolation: 0, interpolation_duration: 1 }
$data merge entity $(bone_jaw1) { transformation: [-0.9988851282115696f,-0.04474845274287564f,-0.015035844335283585f,0.014816561001672293f,-0.04581970948277769f,0.8423890529169618f,0.5369182784638444f,3.988207427955927f,-0.011360231541219075f,0.537008621441763f,-0.8435002582314646f,1.608850222893592f,0f,0f,0f,1f], start_interpolation: 0, interpolation_duration: 1 }
$data merge entity $(bone_tear_right1) { transformation: [-0.9988851282115696f,-0.04709158911152986f,-0.003298919930385634f,-0.6815062864217364f,-0.04581970948277769f,0.9503433912567832f,0.30781161920478345f,4.466419573696797f,-0.011360231541219075f,0.3076196042671977f,-0.9514416031527224f,2.580427153006934f,0f,0f,0f,1f], start_interpolation: 0, interpolation_duration: 1 }
$data merge entity $(bone_right_pupil1) { transformation: [-0.9988851282115696f,-0.04709158911152986f,-0.003298919930385634f,-0.5014768155078801f,-0.04581970948277769f,0.9503433912567832f,0.30781161920478345f,4.560896879636351f,-0.011360231541219075f,0.3076196042671977f,-0.9514416031527224f,2.681190165568113f,0f,0f,0f,1f], start_interpolation: 0, interpolation_duration: 1 }
$data merge entity $(bone_right_sad_pupil1) { transformation: [-0.9988851282115696f,-0.04709158911152986f,-0.003298919930385634f,-0.5015138639250671f,-0.04581970948277769f,0.9503433912567832f,0.30781161920478345f,4.564353748406718f,-0.011360231541219075f,0.3076196042671977f,-0.9514416031527224f,2.6705050303764564f,0f,0f,0f,1f], start_interpolation: 0, interpolation_duration: 1 }
$data merge entity $(bone_right_happy_pupil1) { transformation: [-0.9988851282115696f,-0.04709158911152986f,-0.003298919930385634f,-0.5282362408675512f,-0.04581970948277769f,0.9503433912567832f,0.30781161920478345f,4.536385659970935f,-0.011360231541219075f,0.3076196042671977f,-0.9514416031527224f,2.6615494123150185f,0f,0f,0f,1f], start_interpolation: 0, interpolation_duration: 1 }
$data merge entity $(bone_eyelid_right1) { transformation: [-0.9988851282115696f,-0.04709158911152986f,-0.003298919930385634f,-0.06883061634758578f,-0.04581970948277769f,0.9503433912567832f,0.30781161920478345f,4.703644402001091f,-0.011360231541219075f,0.3076196042671977f,-0.9514416031527224f,2.123886571037843f,0f,0f,0f,1f], start_interpolation: 0, interpolation_duration: 1 }
$data merge entity $(bone_eyelid_expressions_right5) { transformation: [-0.9988851282115696f,-0.04709158911152986f,-0.003298919930385634f,-0.6358085156478003f,-0.04581970948277769f,0.9503433912567832f,0.30781161920478345f,4.665164149067935f,-0.011360231541219075f,0.3076196042671977f,-0.9514416031527224f,2.7035849796440017f,0f,0f,0f,1f], start_interpolation: 0, interpolation_duration: 1 }
$data merge entity $(bone_eyelid_expressions_right7) { transformation: [-0.9988851282115696f,-0.04709158911152986f,-0.003298919930385634f,-0.299270069131207f,-0.04581970948277769f,0.9503433912567832f,0.30781161920478345f,4.680601453532347f,-0.011360231541219075f,0.3076196042671977f,-0.9514416031527224f,2.707412401403495f,0f,0f,0f,1f], start_interpolation: 0, interpolation_duration: 1 }
$data merge entity $(bone_eyelid_expressions_right6) { transformation: [-0.9988851282115696f,-0.04709158911152986f,-0.003298919930385634f,-0.4114495513034048f,-0.04581970948277769f,0.9503433912567832f,0.30781161920478345f,4.675455685377543f,-0.011360231541219075f,0.3076196042671977f,-0.9514416031527224f,2.7061365941503306f,0f,0f,0f,1f], start_interpolation: 0, interpolation_duration: 1 }
$data merge entity $(bone_right_eye1) { transformation: [-0.9988851282115696f,-0.04709158911152986f,-0.003298919930385634f,-0.0800115161476186f,-0.04581970948277769f,0.9503433912567832f,0.30781161920478345f,4.699672956415244f,-0.011360231541219075f,0.3076196042671977f,-0.9514416031527224f,2.1344441255041833f,0f,0f,0f,1f], start_interpolation: 0, interpolation_duration: 1 }
$data merge entity $(bone_tear_left1) { transformation: [-0.9988851282115696f,-0.04709158911152986f,-0.003298919930385634f,0.5300321210379993f,-0.04581970948277769f,0.9503433912567832f,0.30781161920478345f,4.521993869768681f,-0.011360231541219075f,0.3076196042671977f,-0.9514416031527224f,2.5942058713411082f,0f,0f,0f,1f], start_interpolation: 0, interpolation_duration: 1 }
$data merge entity $(bone_left_sad_pupil1) { transformation: [-0.9988851282115696f,-0.04709158911152986f,-0.003298919930385634f,0.33983225236641607f,-0.04581970948277769f,0.9503433912567832f,0.30781161920478345f,4.602947009567749f,-0.011360231541219075f,0.3076196042671977f,-0.9514416031527224f,2.680073584775188f,0f,0f,0f,1f], start_interpolation: 0, interpolation_duration: 1 }
$data merge entity $(bone_left_pupil1) { transformation: [-0.9988851282115696f,-0.04709158911152986f,-0.003298919930385634f,0.339869300783603f,-0.04581970948277769f,0.9503433912567832f,0.30781161920478345f,4.599490140797382f,-0.011360231541219075f,0.3076196042671977f,-0.9514416031527224f,2.6907587199668446f,0f,0f,0f,1f], start_interpolation: 0, interpolation_duration: 1 }
$data merge entity $(bone_eyelid_left1) { transformation: [-0.9988851282115696f,-0.04709158911152986f,-0.003298919930385634f,-0.09126651278202533f,-0.04581970948277769f,0.9503433912567832f,0.30781161920478345f,4.7026152483701305f,-0.011360231541219075f,0.3076196042671977f,-0.9514416031527224f,2.1236314095872104f,0f,0f,0f,1f], start_interpolation: 0, interpolation_duration: 1 }
$data merge entity $(bone_left_happy_pupil1) { transformation: [-0.9988851282115696f,-0.04709158911152986f,-0.003298919930385634f,0.3691996165100308f,-0.04581970948277769f,0.9503433912567832f,0.30781161920478345f,4.577551805209368f,-0.011360231541219075f,0.3076196042671977f,-0.9514416031527224f,2.6717558703403324f,0f,0f,0f,1f], start_interpolation: 0, interpolation_duration: 1 }
$data merge entity $(bone_eyelid_expressions_left5) { transformation: [-0.9988851282115696f,-0.04709158911152986f,-0.003298919930385634f,0.46355040963973765f,-0.04581970948277769f,0.9503433912567832f,0.30781161920478345f,4.715592676985014f,-0.011360231541219075f,0.3076196042671977f,-0.9514416031527224f,2.716087890725011f,0f,0f,0f,1f], start_interpolation: 0, interpolation_duration: 1 }
$data merge entity $(bone_eyelid_expressions_left7) { transformation: [-0.9988851282115696f,-0.04709158911152986f,-0.003298919930385634f,0.12701196312314436f,-0.04581970948277769f,0.9503433912567832f,0.30781161920478345f,4.700155372520602f,-0.011360231541219075f,0.3076196042671977f,-0.9514416031527224f,2.7122604689655185f,0f,0f,0f,1f], start_interpolation: 0, interpolation_duration: 1 }
$data merge entity $(bone_eyelid_expressions_left6) { transformation: [-0.9988851282115696f,-0.04709158911152986f,-0.003298919930385634f,0.23919144529534214f,-0.04581970948277769f,0.9503433912567832f,0.30781161920478345f,4.705301140675406f,-0.011360231541219075f,0.3076196042671977f,-0.9514416031527224f,2.713536276218683f,0f,0f,0f,1f], start_interpolation: 0, interpolation_duration: 1 }
$data merge entity $(bone_left_eye1) { transformation: [-0.9988851282115696f,-0.04709158911152986f,-0.003298919930385634f,-0.0800115161476186f,-0.04581970948277769f,0.9503433912567832f,0.30781161920478345f,4.699672956415244f,-0.011360231541219075f,0.3076196042671977f,-0.9514416031527224f,2.1344441255041833f,0f,0f,0f,1f], start_interpolation: 0, interpolation_duration: 1 }
$data merge entity $(bone_crest_middle5) { transformation: [-0.9988851282115696f,-0.046689347374664514f,0.006971763011187428f,-0.1436937037803679f,-0.04581970948277769f,0.9944390863031597f,0.09482329806250589f,5.869816894395055f,-0.011360231541219075f,0.09439813808685421f,-0.9954697065531755f,3.0143148245120517f,0f,0f,0f,1f], start_interpolation: 0, interpolation_duration: 1 }
$data merge entity $(bone_crest_middle4) { transformation: [-0.9988851282115696f,-0.046689347374664514f,0.006971763011187428f,-0.11223310838142403f,-0.04581970948277769f,0.9944390863031597f,0.09482329806250589f,5.199735869444684f,-0.011360231541219075f,0.09439813808685421f,-0.9954697065531755f,2.9507067041214956f,0f,0f,0f,1f], start_interpolation: 0, interpolation_duration: 1 }
$data merge entity $(bone_crest_middle1) { transformation: [-0.9988851282115696f,-0.046689347374664514f,0.006971763011187428f,-0.08922488558741506f,-0.04581970948277769f,0.9944390863031597f,0.09482329806250589f,4.689188241012311f,-0.011360231541219075f,0.09439813808685421f,-0.9954697065531755f,2.9868479073081327f,0f,0f,0f,1f], start_interpolation: 0, interpolation_duration: 1 }
$data merge entity $(bone_crest_left5) { transformation: [-0.4969839447451437f,-0.860760309141038f,0.10999385834209459f,-1.216440996501782f,-0.826130398730441f,0.508114846365111f,0.2435731249478117f,5.179334507639934f,-0.2655475907611259f,0.03018266242041076f,-0.9636251781321288f,2.898524737471087f,0f,0f,0f,1f], start_interpolation: 0, interpolation_duration: 1 }
$data merge entity $(bone_crest_left4) { transformation: [-0.4969839447451437f,-0.860760309141038f,0.10999385834209459f,-0.7331039088493436f,-0.826130398730441f,0.508114846365111f,0.2435731249478117f,4.894016112464213f,-0.2655475907611259f,0.03018266242041076f,-0.9636251781321288f,2.881576465115876f,0f,0f,0f,1f], start_interpolation: 0, interpolation_duration: 1 }
$data merge entity $(bone_crest_left1) { transformation: [-0.4969839447451437f,-0.860760309141038f,0.10999385834209459f,-0.19525669948764823f,-0.826130398730441f,0.508114846365111f,0.2435731249478117f,4.593843079611251f,-0.2655475907611259f,0.03018266242041076f,-0.9636251781321288f,2.8088235532765133f,0f,0f,0f,1f], start_interpolation: 0, interpolation_duration: 1 }
$data merge entity $(bone_crest_center1) { transformation: [-0.9988851282115696f,-0.04709158911152986f,-0.003298919930385634f,-0.08175508268922813f,-0.04581970948277769f,0.9503433912567832f,0.30781161920478345f,4.572307184902515f,-0.011360231541219075f,0.3076196042671977f,-0.9514416031527224f,2.8014626901989477f,0f,0f,0f,1f], start_interpolation: 0, interpolation_duration: 1 }
$data merge entity $(bone_crest_right5) { transformation: [-0.5764172315979427f,0.8097274626928709f,-0.10993002900904335f,0.990105085041963f,0.7768925748111176f,0.5847415397037172f,0.2334850293879207f,5.2805506510794835f,0.25333989484547337f,0.04918097097345278f,-0.9661263529030728f,2.923619589406251f,0f,0f,0f,1f], start_interpolation: 0, interpolation_duration: 1 }
$data merge entity $(bone_crest_right4) { transformation: [-0.5764172315979427f,0.8097274626928709f,-0.10993002900904335f,0.5354241367525091f,0.7768925748111176f,0.5847415397037172f,0.2334850293879207f,4.95220457165601f,0.25333989484547337f,0.04918097097345278f,-0.9661263529030728f,2.89600332152565f,0f,0f,0f,1f], start_interpolation: 0, interpolation_duration: 1 }
$data merge entity $(bone_crest_right1) { transformation: [-0.5764172315979427f,0.8097274626928709f,-0.10993002900904335f,0.029102264856747252f,0.7768925748111176f,0.5847415397037172f,0.2334850293879207f,4.6041346159208585f,0.25333989484547337f,0.04918097097345278f,-0.9661263529030728f,2.811375167782842f,0f,0f,0f,1f], start_interpolation: 0, interpolation_duration: 1 }
$data merge entity $(bone_head1) { transformation: [-1.0470085002738452f,-0.0493603245244551f,-0.0034578522707818153f,-0.07940487599337637f,-0.04802716944483857f,0.9961281640126434f,0.3226410852341804f,4.8364367299989945f,-0.011907534362866342f,0.32243981957694534f,-0.9972792845546109f,1.5294881282000223f,0f,0f,0f,1f], start_interpolation: 0, interpolation_duration: 1 }
$data merge entity $(bone_neck10) { transformation: [-1.4932094141977794f,-0.07035591712595389f,0.08700558580067216f,0.003693379027388713f,-0.03716389439250414f,1.4100949135904843f,0.502439510094355f,4.771396406864077f,-0.1055403808441822f,0.4988753965427017f,-1.4078987351438506f,0.37669766044721803f,0f,0f,0f,1f], start_interpolation: 0, interpolation_duration: 1 }
$data merge entity $(bone_neck9) { transformation: [-1.142305201861302f,-0.05850264736368011f,0.062485314679433746f,0.07519257102622447f,-0.02843037921026569f,1.0480434414750028f,0.4615027701084034f,3.4130320809592494f,-0.08073839134579944f,0.45866167654515216f,-1.0465652999838182f,-0.15656892240523973f,0f,0f,0f,1f], start_interpolation: 0, interpolation_duration: 1 }
$data merge entity $(bone_neck8) { transformation: [-1.060166048553065f,-0.01433550121004621f,0.07831079298126987f,0.08342356086170112f,-0.027342094307377045f,1.0477263076632826f,-0.1783595568117105f,2.6369167852621107f,-0.07476962465590586f,-0.1798727745720294f,-1.045153302436295f,0.010536392036168796f,0f,0f,0f,1f], start_interpolation: 0, interpolation_duration: 1 }
$data merge entity $(bone_neck7) { transformation: [-1.0521108266061212f,0.03572584554712332f,0.07882312701315043f,0.04943427867898921f,0f,0.9615132287951795f,-0.43579688354309376f,1.7761250017585595f,-0.0865414432060626f,-0.43433004462714286f,-0.9582768930721431f,0.4237545040550882f,0f,0f,0f,1f], start_interpolation: 0, interpolation_duration: 1 }
$data merge entity $(bone_neck6) { transformation: [-1.0461414034764411f,0.022271489586331055f,0.08311833069642864f,0.03046087164288261f,0f,1.01390768862361f,-0.27167574636640235f,0.8778786916057535f,-0.0860504279254608f,-0.27076131908998324f,-1.010494999568187f,0.6544200236115505f,0f,0f,0f,1f], start_interpolation: 0, interpolation_duration: 1 }
$data merge entity $(bone_neck_spine6) { transformation: [-1.2250099408886164f,0.3095955580393354f,0.15325339697080542f,0.1339886678295437f,0.13964538227826867f,-0.0726569643291348f,1.2630144501388496f,0.5729648512250799f,0.3159670559554192f,1.232419135072763f,0.03596197400140435f,-2.057466255224695f,0f,0f,0f,1f], start_interpolation: 0, interpolation_duration: 1 }
$data merge entity $(bone_neck_spine7) { transformation: [-0.9095941297634927f,0.4122438608469344f,-0.05189911650315088f,-1.0783034535425018f,0.06988512691963017f,0.2749207553652481f,0.9589236921177976f,0.8322296528956084f,0.4095785494080731f,0.8686043848976445f,-0.2788760197675013f,-5.505383201530995f,0f,0f,0f,1f], start_interpolation: 0, interpolation_duration: 1 }
$data merge entity $(bone_tail6) { transformation: [-1.6248739845319877f,0.5339201514880368f,0.20003935551100965f,-2.302534705251995f,0.4104851208229683f,0.6761491589433403f,1.5295836747201161f,-0.8393837442260239f,0.39571256929900717f,1.4909907860957203f,-0.7652842451034605f,-8.925053041822693f,0f,0f,0f,1f], start_interpolation: 0, interpolation_duration: 1 }
$data merge entity $(bone_tail5) { transformation: [-1.3422872046133811f,0.44106447296837825f,0.16524990237866016f,-2.0239676696930196f,0.3390964041581042f,0.5585580008662376f,1.2635691225948786f,-0.486610269994716f,0.32689299202961464f,1.2316880406877688f,-0.6321913329115543f,-8.147144805598838f,0f,0f,0f,1f], start_interpolation: 0, interpolation_duration: 1 }
$data merge entity $(bone_tail4) { transformation: [-0.9890537297151228f,0.324994874818805f,0.12176308596322326f,-1.8846841519135316f,0.24986050832702414f,0.41156905326985926f,0.9310509324383315f,-0.310223532879062f,0.2408685204428739f,0.9075596089278296f,-0.46582519267167155f,-7.758190687486911f,0f,0f,0f,1f], start_interpolation: 0, interpolation_duration: 1 }
$data merge entity $(bone_segment18) { transformation: [-0.943594117293434f,0.3100572221873817f,0.11616652176367138f,-1.7105797546891717f,0.23837623651571993f,0.39265221479658624f,0.8882572870964455f,-0.08974011148449457f,0.22979754496910207f,0.8658456890143766f,-0.4444145937538432f,-7.271998039847002f,0f,0f,0f,1f], start_interpolation: 0, interpolation_duration: 1 }
$data merge entity $(bone_segment17) { transformation: [-0.943594117293434f,0.3100572221873817f,0.11616652176367138f,-1.4842440382975037f,0.23837623651571993f,0.39265221479658624f,0.8882572870964455f,0.1968883363284435f,0.22979754496910207f,0.8658456890143766f,-0.4444145937538432f,-6.6399475979151195f,0f,0f,0f,1f], start_interpolation: 0, interpolation_duration: 1 }
$data merge entity $(bone_segment16) { transformation: [-0.9606428285655165f,0.2775645908771775f,0.011101973555563305f,-1.2192836988615259f,0.06653081348357104f,0.19109072519584433f,0.9793150594172136f,0.3793016018352189f,0.26970169962916f,0.941510612067284f,-0.2020365327900649f,-5.741191129852843f,0f,0f,0f,1f], start_interpolation: 0, interpolation_duration: 1 }
$data merge entity $(bone_segment15) { transformation: [-0.9095941297634927f,0.41162947169618075f,0.05656586542180135f,-0.7338905474229143f,0.06988512691963017f,0.017365343470080147f,0.997403887039545f,0.3997788012884628f,0.4095785494080731f,0.9111858333387814f,-0.04456219235505951f,-4.666721507043684f,0f,0f,0f,1f], start_interpolation: 0, interpolation_duration: 1 }
$data merge entity $(bone_segment14) { transformation: [-0.9656434182810487f,0.37934864724865663f,0.14934051890320263f,-0.3071233192681756f,0.07953231490013635f,-0.20129734188569445f,1.0255872410777893f,0.17331929166705656f,0.3998532201224458f,0.9561637840901215f,0.15666339195020265f,-3.591037249942297f,0f,0f,0f,1f], start_interpolation: 0, interpolation_duration: 1 }
$data merge entity $(bone_segment13) { transformation: [-0.9872138935396496f,0.2242608869809078f,0.1649527047247476f,-0.0415431614078704f,0.11253774924778123f,-0.23440965894054488f,0.9922101484125269f,-0.13615759998002197f,0.25463227450524956f,0.9730636043903306f,0.20100556811782433f,-2.4246012390501073f,0f,0f,0f,1f], start_interpolation: 0, interpolation_duration: 1 }
$data merge entity $(bone_segment12) { transformation: [-1.10282617066647f,0.09543714061945299f,0.13834764427047336f,0.07375002860220706f,0.1335691681728572f,-0.05970857160751219f,1.105924068361783f,-0.20828876031124477f,0.10201762494009392f,1.1098650908370125f,0.04760005813661343f,-1.0838246192470047f,0f,0f,0f,1f], start_interpolation: 0, interpolation_duration: 1 }
$data merge entity $(bone_segment11) { transformation: [-1.1868864360557498f,-0.009967146283704898f,0.09123642245938268f,0.06832661578141791f,0.08058737695114032f,0.45314164700450615f,1.0978575332471538f,0.31497536875969334f,-0.04392156035892325f,1.1007661625551313f,-0.4511181583472723f,0.18851310995919468f,0f,0f,0f,1f], start_interpolation: 0, interpolation_duration: 1 }
$data merge entity $(bone_segment10) { transformation: [-1.0447942496435887f,-0.047391942898255414f,0.06952825098614765f,0.02398101133737704f,-0.005390778610645435f,0.9020327215390787f,0.5338380904393648f,1.238389536312583f,-0.0839709083125534f,0.5317576243424299f,-0.8993652837062553f,0.7331976696704973f,0f,0f,0f,1f], start_interpolation: 0, interpolation_duration: 1 }