# This file was generated by Animated Java via MC-Build. It is not recommended to edit this file directly.
$data merge entity $(bone_neck_spine5) { transformation: [-1.5575958491487871f,-0.038544543607557734f,0.2107811292056191f,0.16997541172022243f,0.002687894824101715f,1.542982696254436f,0.3020204791689595f,4.354445427739324f,-0.21425951902430232f,0.29956286948505234f,-1.5285202456264682f,-0.4940219839843894f,0f,0f,0f,1f], start_interpolation: 0, interpolation_duration: 1 }
$data merge entity $(bone_neck_spine2) { transformation: [-1.4834246182369397f,-0.04254038785376686f,0.19958957661628665f,-0.19690746574054135f,0.002559899832477823f,1.46050612000141f,0.33031742617564425f,5.611612589878048f,-0.20405668478504976f,0.32757666358229126f,-1.4468063728622629f,1.3647592841514837f,0f,0f,0f,1f], start_interpolation: 0, interpolation_duration: 1 }
$data merge entity $(bone_scale_neck_left1) { transformation: [-1.5955905746428294f,0.29575571495689684f,0.2822664627953028f,0.6120087523315105f,0.4026952263088986f,1.333275694341026f,0.8793563318843809f,4.738186213798534f,-0.0705857893393728f,0.9208471973066232f,-1.3638596578803655f,1.241998698506944f,0f,0f,0f,1f], start_interpolation: 0, interpolation_duration: 1 }
$data merge entity $(bone_scale_neck_right1) { transformation: [-1.5567413555949055f,-0.528887151738849f,0.09944754066228259f,-0.9455870968172759f,-0.3972553449149111f,1.33469875494711f,0.8796718168253671f,4.740874108622636f,-0.3630421787544029f,0.8074111066277668f,-1.3890078337349485f,1.0277391794826418f,0f,0f,0f,1f], start_interpolation: 0, interpolation_duration: 1 }
$data merge entity $(bone_blush_right1) { transformation: [-0.9980938186597464f,-0.043133546938800504f,0.0441387163574502f,-0.9201091338024552f,-0.028449804407862784f,0.9562538823767499f,0.2911513714007671f,4.1155408064473065f,-0.054766210224549056f,0.28934064624223016f,-0.9556582300434445f,2.4192252772178056f,0f,0f,0f,1f], start_interpolation: 0, interpolation_duration: 1 }
$data merge entity $(bone_blush_left1) { transformation: [-0.9980938186597464f,-0.043133546938800504f,0.0441387163574502f,0.40256011612066583f,-0.028449804407862784f,0.9562538823767499f,0.2911513714007671f,4.153242353890148f,-0.054766210224549056f,0.28934064624223016f,-0.9556582300434445f,2.4918012022907674f,0f,0f,0f,1f], start_interpolation: 0, interpolation_duration: 1 }
$data merge entity $(bone_left_head_scales) { transformation: [-0.9057010207474417f,-0.043133546938800504f,-0.4217169170729582f,0.3996319773625677f,-0.15967402669735833f,0.9562538823767499f,0.2451177627950377f,4.966050339062139f,0.3926956406879166f,0.28934064624223016f,-0.8729674244877843f,2.327992126989168f,0f,0f,0f,1f], start_interpolation: 0, interpolation_duration: 1 }
$data merge entity $(bone_left_head_scales2) { transformation: [-0.8429075195807534f,-0.043133546938800504f,-0.5363267759143673f,0.4309492963196344f,-0.1903022814870946f,0.9562538823767499f,0.22217910365333562f,4.057869495943739f,0.503281188894467f,0.28934064624223016f,-0.8142420004747363f,2.229024988453663f,0f,0f,0f,1f], start_interpolation: 0, interpolation_duration: 1 }
$data merge entity $(bone_left_head_scales1) { transformation: [-0.9980938186597464f,-0.043133546938800504f,0.0441387163574502f,0.4044760768722963f,-0.028449804407862784f,0.9562538823767499f,0.2911513714007671f,4.858658545631156f,-0.054766210224549056f,0.28934064624223016f,-0.9556582300434445f,2.2954978161318866f,0f,0f,0f,1f], start_interpolation: 0, interpolation_duration: 1 }
$data merge entity $(bone_right_head_scales) { transformation: [-0.8649390386113874f,-0.043133546938800504f,0.5000199562162364f,-0.9454553954406062f,0.1092034572742067f,0.9562538823767499f,0.27139107825931486f,4.927709782340606f,-0.4898520842104984f,0.28934064624223016f,-0.8223909812411365f,2.2541861014912405f,0f,0f,0f,1f], start_interpolation: 0, interpolation_duration: 1 }
$data merge entity $(bone_right_head_scales2) { transformation: [-0.7922736643139217f,-0.043133546938800504f,0.6086394153873618f,-0.9141380764835395f,0.1436928506064491f,0.9562538823767499f,0.25481537850762803f,4.019528939222205f,-0.5930048950212672f,0.28934064624223016f,-0.7514167850886381f,2.1552189629557352f,0f,0f,0f,1f], start_interpolation: 0, interpolation_duration: 1 }
$data merge entity $(bone_right_head_scales1) { transformation: [-0.9980938186597464f,-0.043133546938800504f,0.0441387163574502f,-0.9406112959308777f,-0.028449804407862784f,0.9562538823767499f,0.2911513714007671f,4.820317988909623f,-0.054766210224549056f,0.28934064624223016f,-0.9556582300434445f,2.221691790633959f,0f,0f,0f,1f], start_interpolation: 0, interpolation_duration: 1 }
$data merge entity $(bone_head_left_fin1) { transformation: [-0.7685350289598242f,-0.005599122945927784f,-0.712739613820596f,0.4263591572306898f,0.026795034656777f,1.0471768726537614f,-0.03711901833297785f,4.480462807121456f,0.7122577717404267f,-0.04543616650310853f,-0.7676585304639281f,2.0931509236771775f,0f,0f,0f,1f], start_interpolation: 0, interpolation_duration: 1 }
$data merge entity $(bone_head_right_fin1) { transformation: [-0.6832924182655382f,-0.04894665799557987f,0.79334159971419f,-0.9187282155724843f,-0.06817812523937584f,1.0459412885126014f,0.0058105291167376005f,4.4421222503999225f,-0.7919207109331402f,-0.04781468059954197f,-0.6850186434977424f,2.01934489817925f,0f,0f,0f,1f], start_interpolation: 0, interpolation_duration: 1 }
$data merge entity $(bone_right_whisker16) { transformation: [0.24059205383671842f,0.9393754562687556f,-0.24431376504506774f,-1.376841265273783f,0.9557961746902597f,-0.27312027601261113f,-0.10889897739768699f,1.6948385732674938f,-0.1690240695229424f,-0.2073139334214227f,-0.9635620358499195f,2.20895112574219f,0f,0f,0f,1f], start_interpolation: 0, interpolation_duration: 1 }
$data merge entity $(bone_right_whisker15) { transformation: [-0.8999354043526279f,0.36114685683551967f,-0.24431376504506774f,-1.0736403722057588f,0.39554012941051064f,0.9119698562713872f,-0.10889897739768699f,1.5615755413860228f,0.1834782657934949f,-0.19463794350067046f,-0.9635620358499195f,2.1471347178332487f,0f,0f,0f,1f], start_interpolation: 0, interpolation_duration: 1 }
$data merge entity $(bone_right_whisker14) { transformation: [-0.7076393448802626f,-0.6629912079258184f,-0.24431376504506774f,-0.8352267257373114f,-0.6593629003412914f,0.7438962147875591f,-0.10889897739768699f,1.7837241748017896f,0.253943149604302f,0.08403023168958687f,-0.9635620358499195f,2.0615776996560182f,0f,0f,0f,1f], start_interpolation: 0, interpolation_duration: 1 }
$data merge entity $(bone_right_whisker13) { transformation: [-0.060360753581936405f,-0.9979719115647495f,-0.020214924061701316f,-0.8148903390324598f,-0.9938303386390087f,0.05819777731156636f,0.09441544744726227f,2.118559591628409f,-0.09304750092127229f,0.025789192383494895f,-0.9953276245179339f,2.092926711196877f,0f,0f,0f,1f], start_interpolation: 0, interpolation_duration: 1 }
$data merge entity $(bone_right_whisker12) { transformation: [0.11095248008159053f,-0.993803321102431f,-0.0066712914433843876f,-0.8647322734441117f,-0.9455131227523497f,-0.1076239023203891f,0.30728167916820515f,2.5433018147398156f,-0.30609554368994757f,-0.027785870781922593f,-0.9515952204157216f,2.2304305687138455f,0f,0f,0f,1f], start_interpolation: 0, interpolation_duration: 1 }
$data merge entity $(bone_right_whisker11) { transformation: [0.3203659200715553f,-0.9469089684903857f,0.02700153049697933f,-1.0086466516012558f,-0.9472937973022153f,-0.3202469372140244f,0.008738466558068314f,2.9688439502466704f,0.00037262508706054076f,-0.028377889236345204f,-0.9995971971514498f,2.2302631785380176f,0f,0f,0f,1f], start_interpolation: 0, interpolation_duration: 1 }
$data merge entity $(bone_right_whisker10) { transformation: [0.08608043652168103f,-0.9857426723561138f,0.14457365715947013f,-1.0473155976949797f,-0.9663015455077036f,-0.11794025012245493f,-0.2288043280851052f,3.402924722642709f,0.24259324309976257f,-0.1200061719132811f,-0.9626770159846239f,2.1212857451142964f,0f,0f,0f,1f], start_interpolation: 0, interpolation_duration: 1 }
$data merge entity $(bone_right_whisker1) { transformation: [-0.3099800939536053f,-0.9445332068330102f,0.1084866929271231f,-0.9080667273642585f,-0.9488720306571884f,0.31450459684392595f,0.02699496250309963f,3.829175830164493f,-0.05961720212336519f,-0.09457208760405729f,-0.9937313064693053f,2.1480669101306518f,0f,0f,0f,1f], start_interpolation: 0, interpolation_duration: 1 }
$data merge entity $(bone_left_whisker16) { transformation: [0.2768055189202662f,-0.8950100549133414f,0.349765215965367f,1.0204342232614703f,-0.9406820452176604f,-0.3267060320704357f,-0.09154484373197147f,1.7648673751463697f,0.1962039614798891f,-0.30367774072659504f,-0.9323539216878906f,2.3348846287198484f,0f,0f,0f,1f], start_interpolation: 0, interpolation_duration: 1 }
$data merge entity $(bone_left_whisker15) { transformation: [-0.8512227494515665f,-0.3912596637999065f,0.349765215965367f,0.7336453086513234f,-0.44669466212809217f,0.8899906855761799f,-0.09154484373197147f,1.6143696618317294f,-0.2754699795665314f,-0.23416330854945155f,-0.9323539216878906f,2.242074918807296f,0f,0f,0f,1f], start_interpolation: 0, interpolation_duration: 1 }
$data merge entity $(bone_left_whisker14) { transformation: [-0.7143439587825567f,0.6061163273263351f,0.349765215965367f,0.49297278347555995f,0.6178241670903553f,0.7809691672180137f,-0.09154484373197147f,1.8225233118768194f,-0.3286426739027872f,0.15069889715335402f,-0.9323539216878906f,2.1313505804318456f,0f,0f,0f,1f], start_interpolation: 0, interpolation_duration: 1 }
$data merge entity $(bone_left_whisker13) { transformation: [-0.127521082057941f,0.9846990125386144f,0.11876964400152865f,0.4500091376650232f,0.9883419665651326f,0.11611522150980397f,0.09847544089718813f,2.1555096189715175f,0.08317770588888776f,0.12994271830005374f,-0.9880264972174858f,2.1593743192323007f,0f,0f,0f,1f], start_interpolation: 0, interpolation_duration: 1 }
$data merge entity $(bone_left_whisker12) { transformation: [0.023068358049038905f,0.9958220081046351f,0.08835371543615848f,0.4603718766323649f,0.9494281165717815f,-0.04950330722876373f,0.31005753342948245f,2.5820105307127474f,0.3131359166877561f,0.07673298344171792f,-0.9466033736112774f,2.3000408443068787f,0f,0f,0f,1f], start_interpolation: 0, interpolation_duration: 1 }
$data merge entity $(bone_left_whisker11) { transformation: [0.26295320672904876f,0.9617047603484392f,0.07732764702266254f,0.5784953874676798f,0.9643336159456027f,-0.2644928391475468f,0.010208584473328675f,3.0152072722508114f,0.03027025319004273f,0.0718852694425032f,-0.9969534692296272f,2.3136388096070934f,0f,0f,0f,1f], start_interpolation: 0, interpolation_duration: 1 }
$data merge entity $(bone_left_whisker10) { transformation: [0.054605059321502586f,0.9980740845358739f,-0.02943483097238426f,0.603025003959761f,0.9704112261692506f,-0.059989334052617874f,-0.23388743430251954f,3.4511341902565293f,-0.2352027627839161f,-0.01579245319135293f,-0.97181801732681f,2.2079813185127564f,0f,0f,0f,1f], start_interpolation: 0, interpolation_duration: 1 }
$data merge entity $(bone_left_whisker1) { transformation: [-0.3692263539283183f,0.9293246803025835f,-0.005247679992270576f,0.43716160278102423f,0.92903116797743f,0.3692434132023107f,0.023672573438479838f,3.8684724102463903f,0.02393717801439421f,0.003865279706399327f,-0.9997059923404974f,2.21873434769891f,0f,0f,0f,1f], start_interpolation: 0, interpolation_duration: 1 }
$data merge entity $(bone_upper_left_tooth1) { transformation: [-0.9980938186597464f,-0.039122468162262725f,0.047730091536659434f,0.01212843640716249f,-0.028449804407862784f,0.977990561679799f,0.20670043515770742f,4.014674089807265f,-0.054766210224549056f,0.2049485148766002f,-0.9772393608873501f,3.2197968218126216f,0f,0f,0f,1f], start_interpolation: 0, interpolation_duration: 1 }
$data merge entity $(bone_upper_right_tooth1) { transformation: [-0.9980938186597464f,-0.039122468162262725f,0.047730091536659434f,-0.6604152499944245f,-0.028449804407862784f,0.977990561679799f,0.20670043515770742f,3.9955038114464982f,-0.054766210224549056f,0.2049485148766002f,-0.9772393608873501f,3.182893809063658f,0f,0f,0f,1f], start_interpolation: 0, interpolation_duration: 1 }
$data merge entity $(bone_top_lip1) { transformation: [-0.9980938186597464f,-0.01371647048324134f,0.06017131867166879f,-0.3009533947209095f,-0.028449804407862784f,0.9674728738088184f,-0.2513699406716333f,4.126703939297535f,-0.054766210224549056f,-0.25260264622839657f,-0.9660189259719769f,3.2282013074594396f,0f,0f,0f,1f], start_interpolation: 0, interpolation_duration: 1 }
$data merge entity $(bone_muzzle1) { transformation: [-0.9980938186597464f,-0.039122468162262725f,0.047730091536659434f,-0.28074228449084226f,-0.028449804407862784f,0.977990561679799f,0.20670043515770742f,4.407520464791135f,-0.054766210224549056f,0.2049485148766002f,-0.9772393608873501f,2.7139835206488803f,0f,0f,0f,1f], start_interpolation: 0, interpolation_duration: 1 }
$data merge entity $(bone_jaw_right_tooth1) { transformation: [-0.9980938186597464f,-0.004187189969572154f,0.061572693569177744f,-0.6590600590139724f,-0.028449804407862784f,0.9165788907484229f,-0.3988405015335639f,3.9067385228119815f,-0.054766210224549056f,-0.39983197030071155f,-0.914950849905661f,3.2043075120450855f,0f,0f,0f,1f], start_interpolation: 0, interpolation_duration: 1 }
$data merge entity $(bone_jaw_left_tooth1) { transformation: [-0.9980938186597464f,-0.004187189969572154f,0.061572693569177744f,0.06952893458774673f,-0.028449804407862784f,0.9165788907484229f,-0.3988405015335639f,3.927506324369479f,-0.054766210224549056f,-0.39983197030071155f,-0.914950849905661f,3.2442857758564623f,0f,0f,0f,1f], start_interpolation: 0, interpolation_duration: 1 }
$data merge entity $(bone_tongue1) { transformation: [-0.9980938186597464f,-0.02507620265082553f,0.056390719217082864f,-0.24837495536548174f,-0.028449804407862784f,0.9978024155910049f,-0.05984102330266303f,3.852533109089342f,-0.054766210224549056f,-0.06133126039280648f,-0.9966138363058534f,2.4124043290218595f,0f,0f,0f,1f], start_interpolation: 0, interpolation_duration: 1 }
$data merge entity $(bone_jaw_lips1) { transformation: [-0.9980938186597464f,-0.02507620265082553f,0.056390719217082864f,-0.23975459260596188f,-0.028449804407862784f,0.9978024155910049f,-0.05984102330266303f,3.779027838504655f,-0.054766210224549056f,-0.06133126039280648f,-0.9966138363058534f,3.318795757836645f,0f,0f,0f,1f], start_interpolation: 0, interpolation_duration: 1 }
$data merge entity $(bone_jaw3) { transformation: [-0.9980938186597464f,-0.014815563177701645f,0.05991016809300972f,-0.18468115274094926f,-0.028449804407862784f,0.9719119241274445f,-0.23361896405909105f,3.487272752514476f,-0.054766210224549056f,-0.2348780765133605f,-0.9704807836279009f,2.466662944942838f,0f,0f,0f,1f], start_interpolation: 0, interpolation_duration: 1 }
$data merge entity $(bone_jaw1) { transformation: [-0.9980938186597464f,-0.05283907131064365f,0.03188670093054255f,-0.15603294487366492f,-0.028449804407862784f,0.8524390659665408f,0.5220519585666218f,3.9563038090391753f,-0.054766210224549056f,0.5201496624598734f,-0.8523174237691732f,1.7009090095252215f,0f,0f,0f,1f], start_interpolation: 0, interpolation_duration: 1 }
$data merge entity $(bone_tear_right1) { transformation: [-0.9980938186597464f,-0.043133546938800504f,0.0441387163574502f,-0.88547946115883f,-0.028449804407862784f,0.9562538823767499f,0.2911513714007671f,4.4635817092501515f,-0.054766210224549056f,0.28934064624223016f,-0.9556582300434445f,2.632623025274354f,0f,0f,0f,1f], start_interpolation: 0, interpolation_duration: 1 }
$data merge entity $(bone_right_pupil1) { transformation: [-0.9980938186597464f,-0.043133546938800504f,0.0441387163574502f,-0.7083485964463929f,-0.028449804407862784f,0.9562538823767499f,0.2911513714007671f,4.556626720737981f,-0.054766210224549056f,0.28934064624223016f,-0.9556582300434445f,2.7396605842850934f,0f,0f,0f,1f], start_interpolation: 0, interpolation_duration: 1 }
$data merge entity $(bone_right_sad_pupil1) { transformation: [-0.9980938186597464f,-0.043133546938800504f,0.0441387163574502f,-0.7078528979716755f,-0.028449804407862784f,0.9562538823767499f,0.2911513714007671f,4.559896487116017f,-0.054766210224549056f,0.28934064624223016f,-0.9556582300434445f,2.72892809439691f,0f,0f,0f,1f], start_interpolation: 0, interpolation_duration: 1 }
$data merge entity $(bone_right_happy_pupil1) { transformation: [-0.9980938186597464f,-0.043133546938800504f,0.0441387163574502f,-0.7346641835054618f,-0.028449804407862784f,0.9562538823767499f,0.2911513714007671f,4.532250131037793f,-0.054766210224549056f,0.28934064624223016f,-0.9556582300434445f,2.7192670148147844f,0f,0f,0f,1f], start_interpolation: 0, interpolation_duration: 1 }
$data merge entity $(bone_eyelid_right1) { transformation: [-0.9980938186597464f,-0.043133546938800504f,0.0441387163574502f,-0.24909670034995396f,-0.028449804407862784f,0.9562538823767499f,0.2911513714007671f,4.681989848141297f,-0.054766210224549056f,0.28934064624223016f,-0.9556582300434445f,2.1997358974213f,0f,0f,0f,1f], start_interpolation: 0, interpolation_duration: 1 }
$data merge entity $(bone_eyelid_expressions_right5) { transformation: [-0.9980938186597464f,-0.043133546938800504f,0.0441387163574502f,-0.8416008453517422f,-0.028449804407862784f,0.9562538823767499f,0.2911513714007671f,4.663613987418668f,-0.054766210224549056f,0.28934064624223016f,-0.9556582300434445f,2.7543493474922474f,0f,0f,0f,1f], start_interpolation: 0, interpolation_duration: 1 }
$data merge entity $(bone_eyelid_expressions_right7) { transformation: [-0.9980938186597464f,-0.043133546938800504f,0.0441387163574502f,-0.5053290021509487f,-0.028449804407862784f,0.9562538823767499f,0.2911513714007671f,4.673199126599052f,-0.054766210224549056f,0.28934064624223016f,-0.9556582300434445f,2.772800853866729f,0f,0f,0f,1f], start_interpolation: 0, interpolation_duration: 1 }
$data merge entity $(bone_eyelid_expressions_right6) { transformation: [-0.9980938186597464f,-0.043133546938800504f,0.0441387163574502f,-0.6174196165512132f,-0.028449804407862784f,0.9562538823767499f,0.2911513714007671f,4.67000408020559f,-0.054766210224549056f,0.28934064624223016f,-0.9556582300434445f,2.7666503517419017f,0f,0f,0f,1f], start_interpolation: 0, interpolation_duration: 1 }
$data merge entity $(bone_right_eye1) { transformation: [-0.9980938186597464f,-0.043133546938800504f,0.0441387163574502f,-0.26080146026469786f,-0.028449804407862784f,0.9562538823767499f,0.2911513714007671f,4.678400577123916f,-0.054766210224549056f,0.28934064624223016f,-0.9556582300434445f,2.2098533370970004f,0f,0f,0f,1f], start_interpolation: 0, interpolation_duration: 1 }
$data merge entity $(bone_tear_left1) { transformation: [-0.9980938186597464f,-0.043133546938800504f,0.0441387163574502f,0.32509917436402647f,-0.028449804407862784f,0.9562538823767499f,0.2911513714007671f,4.4980882102995325f,-0.054766210224549056f,0.28934064624223016f,-0.9556582300434445f,2.6990484482224884f,0f,0f,0f,1f], start_interpolation: 0, interpolation_duration: 1 }
$data merge entity $(bone_left_sad_pupil1) { transformation: [-0.9980938186597464f,-0.043133546938800504f,0.0441387163574502f,0.13282671003030816f,-0.028449804407862784f,0.9562538823767499f,0.2911513714007671f,4.583859335066975f,-0.054766210224549056f,0.28934064624223016f,-0.9556582300434445f,2.7750568603331147f,0f,0f,0f,1f], start_interpolation: 0, interpolation_duration: 1 }
$data merge entity $(bone_left_pupil1) { transformation: [-0.9980938186597464f,-0.043133546938800504f,0.0441387163574502f,0.13233101155559068f,-0.028449804407862784f,0.9562538823767499f,0.2911513714007671f,4.58058956868894f,-0.054766210224549056f,0.28934064624223016f,-0.9556582300434445f,2.785789350221298f,0f,0f,0f,1f], start_interpolation: 0, interpolation_duration: 1 }
$data merge entity $(bone_eyelid_left1) { transformation: [-0.9980938186597464f,-0.043133546938800504f,0.0441387163574502f,-0.27151482323000686f,-0.028449804407862784f,0.9562538823767499f,0.2911513714007671f,4.681350838862605f,-0.054766210224549056f,0.28934064624223016f,-0.9556582300434445f,2.1985057969963346f,0f,0f,0f,1f], start_interpolation: 0, interpolation_duration: 1 }
$data merge entity $(bone_left_happy_pupil1) { transformation: [-0.9980938186597464f,-0.043133546938800504f,0.0441387163574502f,0.16206073169665403f,-0.028449804407862784f,0.9562538823767499f,0.2911513714007671f,4.5578105021854824f,-0.054766210224549056f,0.28934064624223016f,-0.9556582300434445f,2.7684710318134025f,0f,0f,0f,1f], start_interpolation: 0, interpolation_duration: 1 }
$data merge entity $(bone_eyelid_expressions_left5) { transformation: [-0.9980938186597464f,-0.043133546938800504f,0.0441387163574502f,0.25688717577084974f,-0.028449804407862784f,0.9562538823767499f,0.2911513714007671f,4.694925442074588f,-0.054766210224549056f,0.28934064624223016f,-0.9556582300434445f,2.8146242683155545f,0f,0f,0f,1f], start_interpolation: 0, interpolation_duration: 1 }
$data merge entity $(bone_eyelid_expressions_left7) { transformation: [-0.9980938186597464f,-0.043133546938800504f,0.0441387163574502f,-0.07938466742994371f,-0.028449804407862784f,0.9562538823767499f,0.2911513714007671f,4.685340302894204f,-0.054766210224549056f,0.28934064624223016f,-0.9556582300434445f,2.796172761941073f,0f,0f,0f,1f], start_interpolation: 0, interpolation_duration: 1 }
$data merge entity $(bone_eyelid_expressions_left6) { transformation: [-0.9980938186597464f,-0.043133546938800504f,0.0441387163574502f,0.03270594697032081f,-0.028449804407862784f,0.9562538823767499f,0.2911513714007671f,4.688535349287665f,-0.054766210224549056f,0.28934064624223016f,-0.9556582300434445f,2.8023232640659f,0f,0f,0f,1f], start_interpolation: 0, interpolation_duration: 1 }
$data merge entity $(bone_left_eye1) { transformation: [-0.9980938186597464f,-0.043133546938800504f,0.0441387163574502f,-0.26080146026469786f,-0.028449804407862784f,0.9562538823767499f,0.2911513714007671f,4.678400577123916f,-0.054766210224549056f,0.28934064624223016f,-0.9556582300434445f,2.2098533370970004f,0f,0f,0f,1f], start_interpolation: 0, interpolation_duration: 1 }
$data merge entity $(bone_crest_middle5) { transformation: [-0.9980938186597464f,-0.03255774292114121f,0.05242826078639294f,-0.3416149465347011f,-0.028449804407862784f,0.9966035375808866f,0.07727870023762584f,5.8646774998585816f,-0.054766210224549056f,0.07563981925641661f,-0.995630091931987f,3.0664051140546187f,0f,0f,0f,1f], start_interpolation: 0, interpolation_duration: 1 }
$data merge entity $(bone_crest_middle4) { transformation: [-0.9980938186597464f,-0.03255774292114121f,0.05242826078639294f,-0.3196766236679165f,-0.028449804407862784f,0.9966035375808866f,0.07727870023762584f,5.193138006762085f,-0.054766210224549056f,0.07563981925641661f,-0.995630091931987f,3.0154368764697286f,0f,0f,0f,1f], start_interpolation: 0, interpolation_duration: 1 }
$data merge entity $(bone_crest_middle1) { transformation: [-0.9980938186597464f,-0.03255774292114121f,0.05242826078639294f,-0.30763885494207255f,-0.028449804407862784f,0.9966035375808866f,0.07727870023762584f,4.682974288957236f,-0.054766210224549056f,0.07563981925641661f,-0.995630091931987f,3.061071500840639f,0f,0f,0f,1f], start_interpolation: 0, interpolation_duration: 1 }
$data merge entity $(bone_crest_left5) { transformation: [-0.4998969533435145f,-0.8517983202765083f,0.15666096390610804f,-1.4207148767578206f,-0.8217824131878008f,0.5236130833737386f,0.2247287349118517f,5.191236435147598f,-0.2734532892709592f,-0.016400015059911385f,-0.9617454642954797f,2.9148119160854358f,0f,0f,0f,1f], start_interpolation: 0, interpolation_duration: 1 }
$data merge entity $(bone_crest_left4) { transformation: [-0.4998969533435145f,-0.8517983202765083f,0.15666096390610804f,-0.9424101558994298f,-0.8217824131878008f,0.5236130833737386f,0.2247287349118517f,4.897215416651602f,-0.2734532892709592f,-0.016400015059911385f,-0.9617454642954797f,2.924020908916929f,0f,0f,0f,1f], start_interpolation: 0, interpolation_duration: 1 }
$data merge entity $(bone_crest_left1) { transformation: [-0.4998969533435145f,-0.8517983202765083f,0.15666096390610804f,-0.4074780826577385f,-0.8217824131878008f,0.5236130833737386f,0.2247287349118517f,4.58641134147928f,-0.2734532892709592f,-0.016400015059911385f,-0.9617454642954797f,2.880146539120448f,0f,0f,0f,1f], start_interpolation: 0, interpolation_duration: 1 }
$data merge entity $(bone_crest_center1) { transformation: [-0.9980938186597464f,-0.043133546938800504f,0.0441387163574502f,-0.2941764588811603f,-0.028449804407862784f,0.9562538823767499f,0.2911513714007671f,4.562758783168735f,-0.054766210224549056f,0.28934064624223016f,-0.9556582300434445f,2.8781735675127496f,0f,0f,0f,1f], start_interpolation: 0, interpolation_duration: 1 }
$data merge entity $(bone_crest_right5) { transformation: [-0.5726538823750204f,0.8173661032636657f,-0.06308870133698169f,0.7840831949882514f,0.7912102756560239f,0.5711911772227193f,0.21846496002618587f,5.254082304671405f,0.21460156266237915f,0.07518837874628517f,-0.9738033050900834f,3.0357909587791054f,0f,0f,0f,1f], start_interpolation: 0, interpolation_duration: 1 }
$data merge entity $(bone_crest_right4) { transformation: [-0.5726538823750204f,0.8173661032636657f,-0.06308870133698169f,0.3251129709876579f,0.7912102756560239f,0.5711911772227193f,0.21846496002618587f,4.933345071367632f,0.21460156266237915f,0.07518837874628517f,-0.9738033050900834f,2.9935709218854396f,0f,0f,0f,1f], start_interpolation: 0, interpolation_duration: 1 }
$data merge entity $(bone_crest_right1) { transformation: [-0.5726538823750204f,0.8173661032636657f,-0.06308870133698169f,-0.1832968538572095f,0.7912102756560239f,0.5711911772227193f,0.21846496002618587f,4.592801434266202f,0.21460156266237915f,0.07518837874628517f,-0.9738033050900834f,2.8924475433701025f,0f,0f,0f,1f], start_interpolation: 0, interpolation_duration: 1 }
$data merge entity $(bone_head1) { transformation: [-1.0461790677358014f,-0.04521159542413332f,0.046265190973629425f,-0.2311159944003734f,-0.029820433005637408f,1.0023234053558376f,0.305178195283356f,4.804541831200402f,-0.05740468649838798f,0.30328023466796245f,-1.0016990562304329f,1.603319237818283f,0f,0f,0f,1f], start_interpolation: 0, interpolation_duration: 1 }
$data merge entity $(bone_neck10) { transformation: [-1.4834246182369397f,-0.06822811638100215f,0.1923294252778755f,-0.07361284397558644f,0.002559899832477823f,1.404896211817765f,0.5181258173619313f,4.752237612525449f,-0.20405668478504976f,0.5136203265440555f,-1.3916714092196263f,0.4576672607860825f,0f,0f,0f,1f], start_interpolation: 0, interpolation_duration: 1 }
$data merge entity $(bone_neck9) { transformation: [-1.1348198329512595f,-0.06687217681006322f,0.14106809422295224f,0.004701298320427854f,0.001958323371845536f,1.0289163910611234f,0.5035031019505852f,3.416192060097028f,-0.15610336386056317f,0.49904641134164457f,-1.0192019268118462f,-0.1284114043154328f,0f,0f,0f,1f], start_interpolation: 0, interpolation_duration: 1 }
$data merge entity $(bone_neck8) { transformation: [-1.05336242215365f,0.015736055992545534f,0.1430738324548347f,-0.011543270410364771f,-0.005315748373142794f,1.0518044996629103f,-0.15481981367062606f,2.63629297542068f,-0.14383840867705705f,-0.15410972852994528f,-1.0420416695884083f,0.019373639687794042f,0f,0f,0f,1f], start_interpolation: 0, interpolation_duration: 1 }
$data merge entity $(bone_neck7) { transformation: [-1.0456414279303428f,0.058334333133773945f,0.13288236386983662f,-0.06713027247972117f,-3.662570463927595e-18f,0.9666239176831277f,-0.42434044659556797f,1.770635112029745f,-0.1451227654429097f,-0.4203116940970879f,-0.957446643740236f,0.419890209509049f,0f,0f,0f,1f], start_interpolation: 0, interpolation_duration: 1 }
$data merge entity $(bone_neck6) { transformation: [-1.0397087106087521f,0.037347426152871274f,0.1393824919344423f,-0.09894708991362383f,-3.641789922288289e-18f,1.01390768862361f,-0.27167574636640235f,0.872388801876939f,-0.14429937386592864f,-0.2690964156645302f,-1.0042814953947008f,0.6491373735377195f,0f,0f,0f,1f], start_interpolation: 0, interpolation_duration: 1 }
$data merge entity $(bone_neck_spine6) { transformation: [-1.2621761483519884f,0.16395692430562633f,0.00385564784298441f,0.23951344336488206f,-0.010966814434178157f,-0.11423414933620965f,1.2676023258985085f,0.6583670132495745f,0.16363516745863732f,1.2570020105848603f,0.11469457647644885f,-2.0205207415068944f,0f,0f,0f,1f], start_interpolation: 0, interpolation_duration: 1 }
$data merge entity $(bone_neck_spine7) { transformation: [-0.8256506209939619f,0.5020784541209939f,-0.25732912380793216f,-0.9380982502821704f,-0.11504610372561137f,0.29669562208057526f,0.9480169312073367f,0.954863499532121f,0.5523272997687521f,0.8123354810333555f,-0.1872047547058184f,-5.424062296176887f,0f,0f,0f,1f], start_interpolation: 0, interpolation_duration: 1 }
$data merge entity $(bone_tail6) { transformation: [-1.2057130973782393f,0.9144247418295257f,-0.821818262067536f,-3.034628244273231f,-0.44362026117573516f,0.7499383647220591f,1.4852930520673364f,-0.8795861680316726f,1.1466293770055225f,1.251687572110203f,-0.28951896507814195f,-8.301691381545838f,0f,0f,0f,1f], start_interpolation: 0, interpolation_duration: 1 }
$data merge entity $(bone_tail5) { transformation: [-0.996023863051589f,0.7553943519461299f,-0.6788933469253559f,-2.5575370746230437f,-0.36646891140604204f,0.6195143012921357f,1.226981216925191f,-0.48831397774190255f,0.9472155723089098f,1.0340027769606024f,-0.23916784071672595f,-7.648636996097037f,0f,0f,0f,1f], start_interpolation: 0, interpolation_duration: 1 }
$data merge entity $(bone_tail4) { transformation: [-0.733912320143276f,0.5566063645918851f,-0.5002372029976305f,-2.3189914897979502f,-0.2700297241939257f,0.45648422200473154f,0.904091422997509f,-0.2926778825970176f,0.697948316438144f,0.7618967830236016f,-0.17622893526495595f,-7.322109803372636f,0f,0f,0f,1f], start_interpolation: 0, interpolation_duration: 1 }
$data merge entity $(bone_segment18) { transformation: [-0.7001797041863801f,0.531023214914991f,-0.47724493403997553f,-2.020809508766583f,-0.2576184201005403f,0.43550295962687435f,0.8625369103876857f,-0.048132763665911404f,0.6658687043782542f,0.7268779246734486f,-0.16812897178072816f,-6.913950812467135f,0f,0f,0f,1f], start_interpolation: 0, interpolation_duration: 1 }
$data merge entity $(bone_segment17) { transformation: [-0.7001797041863801f,0.531023214914991f,-0.47724493403997553f,-1.6331729334258054f,-0.2576184201005403f,0.43550295962687435f,0.8625369103876857f,0.26977589094452703f,0.6658687043782542f,0.7268779246734486f,-0.16812897178072816f,-6.383344124289984f,0f,0f,0f,1f], start_interpolation: 0, interpolation_duration: 1 }
$data merge entity $(bone_segment16) { transformation: [-0.7462984296534292f,0.6217305536870238f,-0.23767577181709654f,-1.0396752613271079f,-0.10865632717874321f,0.23849264468095624f,0.9650466626008863f,0.49743854736604554f,0.6566829192699103f,0.7460377852663426f,-0.11043172775085255f,-5.67118403142099f,0f,0f,0f,1f], start_interpolation: 0, interpolation_duration: 1 }
$data merge entity $(bone_segment15) { transformation: [-0.8256506209939619f,0.5515722237597965f,-0.1186133804802734f,-0.38926172598535547f,-0.11504610372561137f,0.041221127038423816f,0.9925045152054663f,0.5460464681657494f,0.5523272997687521f,0.8331079765926832f,0.02942198612948993f,-4.688783756288505f,0f,0f,0f,1f], start_interpolation: 0, interpolation_duration: 1 }
$data merge entity $(bone_segment14) { transformation: [-0.9776665225899711f,0.37787885435011714f,0.0071372310491373174f,0.03585198515852628f,-0.0742368212800634f,-0.21140905405857477f,1.0239483894481511f,0.30821128234985284f,0.37058367880714566f,0.9545621935328642f,0.22395078411262737f,-3.614901288564033f,0f,0f,0f,1f], start_interpolation: 0, interpolation_duration: 1 }
$data merge entity $(bone_segment13) { transformation: [-1.0171654842601319f,0.12958308110149586f,0.02600412554351629f,0.191207416977188f,-0.00883796222048475f,-0.26804896968144587f,0.9900329550574022f,-0.04172051368899379f,0.13187069377549007f,0.9815556972317699f,0.2669309745574918f,-2.4400420790652135f,0f,0f,0f,1f], start_interpolation: 0, interpolation_duration: 1 }
$data merge entity $(bone_segment12) { transformation: [-1.1149160081802718f,-0.037676141095375745f,0.004084640401090373f,0.14569261565391528f,0.007641606115306122f,-0.10573560146433193f,1.110511355021024f,-0.16945479733718005f,-0.03711848260669339f,1.109898361187552f,0.10593265442647637f,-1.099225266892332f,0f,0f,0f,1f], start_interpolation: 0, interpolation_duration: 1 }
$data merge entity $(bone_segment11) { transformation: [-1.1821544640489572f,-0.13843897361265728f,0.021640577523358538f,-0.008193238555612811f,-0.02884705984615342f,0.42036954051082875f,1.1133643327457075f,0.31649866826976103f,-0.13711860248960736f,1.105100421173178f,-0.4208020780075931f,0.1786036824539302f,0f,0f,0f,1f], start_interpolation: 0, interpolation_duration: 1 }
$data merge entity $(bone_segment10) { transformation: [-1.039370943554152f,-0.10129026907116861f,0.09013057811872446f,-0.10981327393345341f,-0.04006838496155524f,0.8951248650544026f,0.5438944736923548f,1.2328996465837685f,-0.12952900928787284f,0.5358796090335972f,-0.8914765719860923f,0.7274306181570019f,0f,0f,0f,1f], start_interpolation: 0, interpolation_duration: 1 }