# This file was generated by Animated Java via MC-Build. It is not recommended to edit this file directly.
$data merge entity $(bone_neck_spine5) { transformation: [-1.5564804518425301f,-0.02514267254863039f,0.2208068038032971f,0.14882876834817116f,0.02055776791481816f,1.5391829646619661f,0.3201755378373007f,4.356995237499607f,-0.22128076456636686f,0.31984815595553606f,-1.5234011867927015f,-0.47165254414943947f,0f,0f,0f,1f], start_interpolation: 0, interpolation_duration: 1 }
$data merge entity $(bone_neck_spine2) { transformation: [-1.4823623350881234f,-0.02728652075534927f,0.209884813603037f,-0.21291063814611633f,0.019578826585541095f,1.4608540769900424f,0.3282016407258384f,5.605099984504362f,-0.2107435853013017f,0.32765087091394574f,-1.445830671181005f,1.3908037959521944f,0f,0f,0f,1f], start_interpolation: 0, interpolation_duration: 1 }
$data merge entity $(bone_scale_neck_left1) { transformation: [-1.5905388225578514f,0.3068502579516357f,0.2984698543722149f,0.5864939881728567f,0.4209549900224295f,1.3296781883822792f,0.8762464793386101f,4.722481425045033f,-0.07770605606497391f,0.9224174301112855f,-1.3624107069145461f,1.271531143609185f,0f,0f,0f,1f], start_interpolation: 0, interpolation_duration: 1 }
$data merge entity $(bone_scale_neck_right1) { transformation: [-1.5595357168776829f,-0.5172020804420226f,0.11578184921190707f,-0.9699864636696728f,-0.37934926267812935f,1.340562152072479f,0.8786593959971268f,4.743039192959851f,-0.37013182182304327f,0.8052640593339061f,-1.3883829839265205f,1.0502503790428184f,0f,0f,0f,1f], start_interpolation: 0, interpolation_duration: 1 }
$data merge entity $(bone_blush_right1) { transformation: [-0.9978496513245548f,-0.03266607724013969f,0.05682429717300229f,-0.9632044792214092f,-0.015374541774688675f,0.9594223356766197f,0.2815535566638048f,4.126560467795745f,-0.06371575014612003f,0.2800744708154626f,-0.9578614690970488f,2.444903424602411f,0f,0f,0f,1f], start_interpolation: 0, interpolation_duration: 1 }
$data merge entity $(bone_blush_left1) { transformation: [-0.9978496513245548f,-0.03266607724013969f,0.05682429717300229f,0.3591412012936503f,-0.015374541774688675f,0.9594223356766197f,0.2815535566638048f,4.146934738487398f,-0.06371575014612003f,0.2800744708154626f,-0.9578614690970488f,2.529339238028471f,0f,0f,0f,1f], start_interpolation: 0, interpolation_duration: 1 }
$data merge entity $(bone_left_head_scales) { transformation: [-0.9113419910256807f,-0.03266607724013969f,-0.4103519255359837f,0.3688376445215423f,-0.1436443494502034f,0.9594223356766197f,0.2426418815370666f,4.9581362128095305f,0.3857746444031493f,0.2800744708154626f,-0.8790541590442896f,2.358000523916827f,0f,0f,0f,1f], start_interpolation: 0, interpolation_duration: 1 }
$data merge entity $(bone_left_head_scales2) { transformation: [-0.8499836596462103f,-0.03266607724013969f,-0.525795307826322f,0.3886136208873485f,-0.17408657299793023f,0.9594223356766197f,0.221816696636336f,4.048725531806604f,0.497213880977062f,0.2800744708154626f,-0.8211800334647497f,2.267729615976412f,0f,0f,0f,1f], start_interpolation: 0, interpolation_duration: 1 }
$data merge entity $(bone_left_head_scales1) { transformation: [-0.9978496513245548f,-0.03266607724013969f,0.05682429717300229f,0.372506198117847f,-0.015374541774688675f,0.9594223356766197f,0.2815535566638048f,4.850388587220848f,-0.06371575014612003f,0.2800744708154626f,-0.9578614690970488f,2.3265468479951683f,0f,0f,0f,1f], start_interpolation: 0, interpolation_duration: 1 }
$data merge entity $(bone_right_head_scales) { transformation: [-0.8588649101903022f,-0.03266607724013969f,0.5111594598963669f,-0.9759206746463149f,0.11636957923160345f,0.9594223356766197f,0.2568402282242398f,4.9374166154959855f,-0.49880776565051993f,0.2800744708154626f,-0.8202128405018879f,2.27213359500897f,0f,0f,0f,1f], start_interpolation: 0, interpolation_duration: 1 }
$data merge entity $(bone_right_head_scales2) { transformation: [-0.7847975039049233f,-0.03266607724013969f,0.618890786215422f,-0.9561446982805086f,0.14889839834844476f,0.9594223356766197f,0.23945364639964842f,4.028005934493059f,-0.6015996549482637f,0.2800744708154626f,-0.7480883276482593f,2.1818626870685547f,0f,0f,0f,1f], start_interpolation: 0, interpolation_duration: 1 }
$data merge entity $(bone_right_head_scales1) { transformation: [-0.9978496513245548f,-0.03266607724013969f,0.05682429717300229f,-0.9722521210500101f,-0.015374541774688675f,0.9594223356766197f,0.2815535566638048f,4.829668989907303f,-0.06371575014612003f,0.2800744708154626f,-0.9578614690970488f,2.2406799190873112f,0f,0f,0f,1f], start_interpolation: 0, interpolation_duration: 1 }
$data merge entity $(bone_head_left_fin1) { transformation: [-0.7745511713866148f,0.009157629859399613f,-0.7061599101791003f,0.3910494681457023f,0.04392755791481523f,1.046684208903592f,-0.03460830121049718f,4.470050073019111f,0.7048517933469685f,-0.05516794968452381f,-0.7738317935884662f,2.1279167584557515f,0f,0f,0f,1f], start_interpolation: 0, interpolation_duration: 1 }
$data merge entity $(bone_head_right_fin1) { transformation: [-0.6769211099892858f,-0.03417930092447873f,0.799552865209275f,-0.9537088510221549f,-0.06629136913145928f,1.0460164876172848f,-0.011408770163748841f,4.449330475705566f,-0.7975327349110657f,-0.05793514517360374f,-0.6776874306966035f,2.0420498295478944f,0f,0f,0f,1f], start_interpolation: 0, interpolation_duration: 1 }
$data merge entity $(bone_right_whisker16) { transformation: [0.23656154622518605f,0.931927507098578f,-0.2748631593367492f,-1.4190395005409304f,0.9508266659066795f,-0.2802509184737884f,-0.13186384680944707f,1.6994159623704146f,-0.19991819889228776f,-0.23015330588029412f,-0.9523981150464527f,2.3337905769060447f,0f,0f,0f,1f], start_interpolation: 0, interpolation_duration: 1 }
$data merge entity $(bone_right_whisker15) { transformation: [-0.893077260231329f,0.35617867833030603f,-0.2748631593367492f,-1.1181492126700237f,0.401961117178214f,0.9061121267158145f,-0.13186384680944707f,1.563989609414864f,0.20208975118631117f,-0.22824890563027764f,-0.9523981150464527f,2.2657036978442506f,0f,0f,0f,1f], start_interpolation: 0, interpolation_duration: 1 }
$data merge entity $(bone_right_whisker14) { transformation: [-0.7002382690662889f,-0.6588752614679567f,-0.2748631593367492f,-0.8822290927209325f,-0.6513403677416761f,0.7472400225193724f,-0.13186384680944707f,1.7834353387809558f,0.29227057991728334f,0.08669335943876803f,-0.9523981150464527f,2.167233629415088f,0f,0f,0f,1f], start_interpolation: 0, interpolation_duration: 1 }
$data merge entity $(bone_right_whisker13) { transformation: [-0.06477578339163256f,-0.996566114071736f,-0.05157594565260175f,-0.8604052203868375f,-0.9956675801205884f,0.061089394074284986f,0.07010104013813084f,2.1188897480989275f,-0.06670957789411855f,0.055893346791872786f,-0.9962056845860661f,2.1897090243110555f,0f,0f,0f,1f], start_interpolation: 0, interpolation_duration: 1 }
$data merge entity $(bone_right_whisker12) { transformation: [0.09977882826373956f,-0.9943460532056322f,-0.03633334425424665f,-0.9052277408959393f,-0.9529643382496358f,-0.10600152803939428f,0.2839412722337966f,2.546979196922006f,-0.2861872733975936f,0.006293053924440684f,-0.9581530368461793f,2.3182697135326307f,0f,0f,0f,1f], start_interpolation: 0, interpolation_duration: 1 }
$data merge entity $(bone_right_whisker11) { transformation: [0.3187876116099513f,-0.9478147804273974f,-0.004647653965998352f,-1.0484331132988471f,-0.9477306180216831f,-0.31868201329548856f,-0.015762298886028536f,2.9727175604864344f,0.013458616134706669f,0.009429549580905743f,-0.999864965506063f,2.312223850815868f,0f,0f,0f,1f], start_interpolation: 0, interpolation_duration: 1 }
$data merge entity $(bone_right_whisker10) { transformation: [0.09226025954224593f,-0.9892248564706494f,0.11367597745267394f,-1.0898781517650904f,-0.9602762785827312f,-0.11858761845145604f,-0.2525993775552755f,3.4040916700060206f,0.26335814644794653f,-0.08585546045904872f,-0.9608700883100001f,2.1939184334662043f,0f,0f,0f,1f], start_interpolation: 0, interpolation_duration: 1 }
$data merge entity $(bone_right_whisker1) { transformation: [-0.31314341116004074f,-0.9465784121508559f,0.07700982857413968f,-0.9492082600330409f,-0.9493356113965564f,0.314254536721237f,0.0024460344329875205f,3.8305510266880676f,-0.026516051391192008f,-0.07234221312681419f,-0.9970273332354208f,2.2058299409270914f,0f,0f,0f,1f], start_interpolation: 0, interpolation_duration: 1 }
$data merge entity $(bone_left_whisker16) { transformation: [0.2814593981663053f,-0.9046681108846153f,0.31993158070487926f,0.9811242766495785f,-0.9362340394959531f,-0.33198773338633714f,-0.11510850607184708f,1.7670284666606462f,0.21034835505168895f,-0.2671324653228501f,-0.9404221474941907f,2.3821169684839796f,0f,0f,0f,1f], start_interpolation: 0, interpolation_duration: 1 }
$data merge entity $(bone_left_whisker15) { transformation: [-0.8601907262781092f,-0.3971343577340246f,0.31993158070487926f,0.6913139245343952f,-0.4513505965072264f,0.8848913327988235f,-0.11510850607184708f,1.6149621035795982f,-0.23739114022580898f,-0.24341657923137733f,-0.9404221474941907f,2.302136555028995f,0f,0f,0f,1f], start_interpolation: 0, interpolation_duration: 1 }
$data merge entity $(bone_left_whisker14) { transformation: [-0.7234582704192694f,0.6117613216194995f,0.31993158070487926f,0.44757065959821596f,0.6112349010653018f,0.7830337971949858f,-0.11510850607184708f,1.8208957372392944f,-0.32093617228609495f,0.11227714736652813f,-0.9404221474941907f,2.194008645420887f,0f,0f,0f,1f], start_interpolation: 0, interpolation_duration: 1 }
$data merge entity $(bone_left_whisker13) { transformation: [-0.12333241629234509f,0.9884935742619302f,0.0875760739835127f,0.4060182341872208f,0.9903685807027038f,0.11700843508694878f,0.07402094619373109f,2.1545648391362016f,0.06292209030542179f,0.09586177424488496f,-0.9934039112013902f,2.2152079824866786f,0f,0f,0f,1f], start_interpolation: 0, interpolation_duration: 1 }
$data merge entity $(bone_left_whisker12) { transformation: [0.03440348103204882f,0.9976764190473798f,0.05880615078097477f,0.42147292293208644f,0.9567442477912899f,-0.049886345720836084f,0.2866213474758992f,2.584352294198695f,0.2888889835406614f,0.04640167440317746f,-0.9562374390293581f,2.344982330561585f,0f,0f,0f,1f], start_interpolation: 0, interpolation_duration: 1 }
$data merge entity $(bone_left_whisker11) { transformation: [0.2652343105199295f,0.9630984869528405f,0.04573909653859938f,0.5406211483609611f,0.9641824889693472f,-0.26485167358415324f,-0.01434290641913169f,3.017481146665394f,-0.0016995552042964879f,0.04790506683872617f,-0.9988504473059444f,2.344218858497155f,0f,0f,0f,1f], start_interpolation: 0, interpolation_duration: 1 }
$data merge entity $(bone_left_whisker10) { transformation: [0.048594737187901374f,0.9969820451754311f,-0.06054215981821061f,0.5624508154570886f,0.9642441574255098f,-0.06263626049203037f,-0.25750709454759346f,3.4506377017588847f,-0.26052208426236617f,-0.045863934299070735f,-0.9643779047355885f,2.2271874534574203f,0f,0f,0f,1f], start_interpolation: 0, interpolation_duration: 1 }
$data merge entity $(bone_left_whisker1) { transformation: [-0.3668813591413862f,0.9295371389465393f,-0.0368615739443079f,0.39764082990529404f,0.9301793445882603f,0.36710462634971425f,-0.0007617177897901728f,3.8684917042106424f,0.012824009354481525f,-0.034567334750008394f,-0.9993200909380126f,2.232948238909629f,0f,0f,0f,1f], start_interpolation: 0, interpolation_duration: 1 }
$data merge entity $(bone_upper_left_tooth1) { transformation: [-0.9978496513245548f,-0.027589209127855927f,0.059455099791051395f,-0.03976592777061588f,-0.015374541774688675f,0.9803104533861263f,0.19686299410276742f,4.020522860261492f,-0.06371575014612003f,0.19552557510869886f,-0.9786266155494294f,3.2549485142942602f,0f,0f,0f,1f], start_interpolation: 0, interpolation_duration: 1 }
$data merge entity $(bone_upper_right_tooth1) { transformation: [-0.9978496513245548f,-0.027589209127855927f,0.059455099791051395f,-0.7121450873545444f,-0.015374541774688675f,0.9803104533861263f,0.19686299410276742f,4.01016306160472f,-0.06371575014612003f,0.19552557510869886f,-0.9786266155494294f,3.2120150498403315f,0f,0f,0f,1f], start_interpolation: 0, interpolation_duration: 1 }
$data merge entity $(bone_top_lip1) { transformation: [-0.9978496513245548f,0.002356489720944814f,0.06550206338474789f,-0.35134758790478826f,-0.015374541774688675f,0.9630564293404198f,-0.26886044218385796f,4.136877429768261f,-0.06371575014612003f,-0.2692893626979653f,-0.9609492922735527f,3.259424981789315f,0f,0f,0f,1f], start_interpolation: 0, interpolation_duration: 1 }
$data merge entity $(bone_muzzle1) { transformation: [-0.9978496513245548f,-0.027589209127855927f,0.059455099791051395f,-0.32260975215742554f,-0.015374541774688675f,0.9803104533861263f,0.19686299410276742f,4.4125608036141575f,-0.06371575014612003f,0.19552557510869886f,-0.9786266155494294f,2.7428408585132686f,0f,0f,0f,1f], start_interpolation: 0, interpolation_duration: 1 }
$data merge entity $(bone_jaw_right_tooth1) { transformation: [-0.9978496513245548f,0.011871409803917002f,0.06446039854617648f,-0.7121477350995107f,-0.015374541774688675f,0.913629102033125f,-0.4062579074717986f,3.918341151156443f,-0.06371575014612003f,-0.40637536040883854f,-0.9114819634177654f,3.234213043996669f,0f,0f,0f,1f], start_interpolation: 0, interpolation_duration: 1 }
$data merge entity $(bone_jaw_left_tooth1) { transformation: [-0.9978496513245548f,0.011871409803917002f,0.06446039854617648f,0.016263021116411813f,-0.015374541774688675f,0.913629102033125f,-0.4062579074717986f,3.929564266367947f,-0.06371575014612003f,-0.40637536040883854f,-0.9114819634177654f,3.2807242971550914f,0f,0f,0f,1f], start_interpolation: 0, interpolation_duration: 1 }
$data merge entity $(bone_tongue1) { transformation: [-0.9978496513245548f,-0.011214660692657733f,0.06457789665987122f,-0.29512977584989236f,-0.015374541774688675f,0.9978131850778503f,-0.06428429940517666f,3.8560659427098782f,-0.06371575014612003f,-0.06513892131701726f,-0.9958399590862849f,2.44675972869461f,0f,0f,0f,1f], start_interpolation: 0, interpolation_duration: 1 }
$data merge entity $(bone_jaw_lips1) { transformation: [-0.9978496513245548f,-0.011214660692657733f,0.06457789665987122f,-0.29566900946933644f,-0.015374541774688675f,0.9978131850778503f,-0.06428429940517666f,3.7858170804769813f,-0.06371575014612003f,-0.06513892131701726f,-0.9958399590862849f,3.3534501743643714f,0f,0f,0f,1f], start_interpolation: 0, interpolation_duration: 1 }
$data merge entity $(bone_jaw3) { transformation: [-0.9978496513245548f,0.0004976256748550067f,0.06554254892931899f,-0.23682504011641564f,-0.015374541774688675f,0.9702949683550615f,-0.2414359083692174f,3.4871751529488053f,-0.06371575014612003f,-0.2419244236399839f,-0.968200845088342f,2.5039592496435343f,0f,0f,0f,1f], start_interpolation: 0, interpolation_duration: 1 }
$data merge entity $(bone_jaw1) { transformation: [-0.9978496513245548f,-0.04599370631499004f,0.04669745529335505f,-0.19487029512629195f,-0.015374541774688675f,0.856823119904858f,0.515381183845243f,3.950212935309766f,-0.06371575014612003f,0.513554982622033f,-0.8556877836029924f,1.7351772565627206f,0f,0f,0f,1f], start_interpolation: 0, interpolation_duration: 1 }
$data merge entity $(bone_tear_right1) { transformation: [-0.9978496513245548f,-0.03266607724013969f,0.05682429717300229f,-0.9257562916192609f,-0.015374541774688675f,0.9594223356766197f,0.2815535566638048f,4.476082668134789f,-0.06371575014612003f,0.2800744708154626f,-0.9578614690970488f,2.655384178692421f,0f,0f,0f,1f], start_interpolation: 0, interpolation_duration: 1 }
$data merge entity $(bone_right_pupil1) { transformation: [-0.9978496513245548f,-0.03266607724013969f,0.05682429717300229f,-0.7483499158940564f,-0.015374541774688675f,0.9594223356766197f,0.2815535566638048f,4.567707362311473f,-0.06371575014612003f,0.2800744708154626f,-0.9578614690970488f,2.763187934214203f,0f,0f,0f,1f], start_interpolation: 0, interpolation_duration: 1 }
$data merge entity $(bone_right_sad_pupil1) { transformation: [-0.9978496513245548f,-0.03266607724013969f,0.05682429717300229f,-0.7477117524004143f,-0.015374541774688675f,0.9594223356766197f,0.2815535566638048f,4.570869340731037f,-0.06371575014612003f,0.2800744708154626f,-0.9578614690970488f,2.75243070091868f,0f,0f,0f,1f], start_interpolation: 0, interpolation_duration: 1 }
$data merge entity $(bone_right_happy_pupil1) { transformation: [-0.9978496513245548f,-0.03266607724013969f,0.05682429717300229f,-0.774810065454488f,-0.015374541774688675f,0.9594223356766197f,0.2815535566638048f,4.543501126374129f,-0.06371575014612003f,0.2800744708154626f,-0.9578614690970488f,2.742778511135629f,0f,0f,0f,1f], start_interpolation: 0, interpolation_duration: 1 }
$data merge entity $(bone_eyelid_right1) { transformation: [-0.9978496513245548f,-0.03266607724013969f,0.05682429717300229f,-0.28252564825158355f,-0.015374541774688675f,0.9594223356766197f,0.2815535566638048f,4.6817419919115615f,-0.06371575014612003f,0.2800744708154626f,-0.9578614690970488f,2.226391194104127f,0f,0f,0f,1f], start_interpolation: 0, interpolation_duration: 1 }
$data merge entity $(bone_eyelid_expressions_right5) { transformation: [-0.9978496513245548f,-0.03266607724013969f,0.05682429717300229f,-0.8802526196480869f,-0.015374541774688675f,0.9594223356766197f,0.2815535566638048f,4.676631343769064f,-0.06371575014612003f,0.2800744708154626f,-0.9578614690970488f,2.7756554857178495f,0f,0f,0f,1f], start_interpolation: 0, interpolation_duration: 1 }
$data merge entity $(bone_eyelid_expressions_right7) { transformation: [-0.9978496513245548f,-0.03266607724013969f,0.05682429717300229f,-0.5440630398561226f,-0.015374541774688675f,0.9594223356766197f,0.2815535566638048f,4.68181124309745f,-0.06371575014612003f,0.2800744708154626f,-0.9578614690970488f,2.797122217944814f,0f,0f,0f,1f], start_interpolation: 0, interpolation_duration: 1 }
$data merge entity $(bone_eyelid_expressions_right6) { transformation: [-0.9978496513245548f,-0.03266607724013969f,0.05682429717300229f,-0.6561262331201108f,-0.015374541774688675f,0.9594223356766197f,0.2815535566638048f,4.680084609987988f,-0.06371575014612003f,0.2800744708154626f,-0.9578614690970488f,2.789966640535826f,0f,0f,0f,1f], start_interpolation: 0, interpolation_duration: 1 }
$data merge entity $(bone_right_eye1) { transformation: [-0.9978496513245548f,-0.03266607724013969f,0.05682429717300229f,-0.29437013107162446f,-0.015374541774688675f,0.9594223356766197f,0.2815535566638048f,4.678407350181051f,-0.06371575014612003f,0.2800744708154626f,-0.9578614690970488f,2.236432869658752f,0f,0f,0f,1f], start_interpolation: 0, interpolation_duration: 1 }
$data merge entity $(bone_tear_left1) { transformation: [-0.9978496513245548f,-0.03266607724013969f,0.05682429717300229f,0.2845261956318105f,-0.015374541774688675f,0.9594223356766197f,0.2815535566638048f,4.494730305716979f,-0.06371575014612003f,0.2800744708154626f,-0.9578614690970488f,2.7326644147094923f,0f,0f,0f,1f], start_interpolation: 0, interpolation_duration: 1 }
$data merge entity $(bone_left_sad_pupil1) { transformation: [-0.9978496513245548f,-0.03266607724013969f,0.05682429717300229f,0.09276219707949634f,-0.015374541774688675f,0.9594223356766197f,0.2815535566638048f,4.583819089052003f,-0.06371575014612003f,0.2800744708154626f,-0.9578614690970488f,2.8060975314860905f,0f,0f,0f,1f], start_interpolation: 0, interpolation_duration: 1 }
$data merge entity $(bone_left_pupil1) { transformation: [-0.9978496513245548f,-0.03266607724013969f,0.05682429717300229f,0.09212403358585419f,-0.015374541774688675f,0.9594223356766197f,0.2815535566638048f,4.580657110632439f,-0.06371575014612003f,0.2800744708154626f,-0.9578614690970488f,2.8168547647816142f,0f,0f,0f,1f], start_interpolation: 0, interpolation_duration: 1 }
$data merge entity $(bone_eyelid_left1) { transformation: [-0.9978496513245548f,-0.03266607724013969f,0.05682429717300229f,-0.3049382869043812f,-0.015374541774688675f,0.9594223356766197f,0.2815535566638048f,4.681396665289669f,-0.06371575014612003f,0.2800744708154626f,-0.9578614690970488f,2.2249600786223294f,0f,0f,0f,1f], start_interpolation: 0, interpolation_duration: 1 }
$data merge entity $(bone_left_happy_pupil1) { transformation: [-0.9978496513245548f,-0.03266607724013969f,0.05682429717300229f,0.12169548065741648f,-0.015374541774688675f,0.9594223356766197f,0.2815535566638048f,4.557314191249826f,-0.06371575014612003f,0.2800744708154626f,-0.9578614690970488f,2.8000231304075336f,0f,0f,0f,1f], start_interpolation: 0, interpolation_duration: 1 }
$data merge entity $(bone_eyelid_expressions_left5) { transformation: [-0.9978496513245548f,-0.03266607724013969f,0.05682429717300229f,0.21796667433899636f,-0.015374541774688675f,0.9594223356766197f,0.2815535566638048f,4.693552348241794f,-0.06371575014612003f,0.2800744708154626f,-0.9578614690970488f,2.845780144325933f,0f,0f,0f,1f], start_interpolation: 0, interpolation_duration: 1 }
$data merge entity $(bone_eyelid_expressions_left7) { transformation: [-0.9978496513245548f,-0.03266607724013969f,0.05682429717300229f,-0.11822290545296793f,-0.015374541774688675f,0.9594223356766197f,0.2815535566638048f,4.688372448913407f,-0.06371575014612003f,0.2800744708154626f,-0.9578614690970488f,2.8243134120989684f,0f,0f,0f,1f], start_interpolation: 0, interpolation_duration: 1 }
$data merge entity $(bone_eyelid_expressions_left6) { transformation: [-0.9978496513245548f,-0.03266607724013969f,0.05682429717300229f,-0.006159712188979816f,-0.015374541774688675f,0.9594223356766197f,0.2815535566638048f,4.690099082022869f,-0.06371575014612003f,0.2800744708154626f,-0.9578614690970488f,2.8314689895079566f,0f,0f,0f,1f], start_interpolation: 0, interpolation_duration: 1 }
$data merge entity $(bone_left_eye1) { transformation: [-0.9978496513245548f,-0.03266607724013969f,0.05682429717300229f,-0.29437013107162446f,-0.015374541774688675f,0.9594223356766197f,0.2815535566638048f,4.678407350181051f,-0.06371575014612003f,0.2800744708154626f,-0.9578614690970488f,2.236432869658752f,0f,0f,0f,1f], start_interpolation: 0, interpolation_duration: 1 }
$data merge entity $(bone_crest_middle5) { transformation: [-0.9978496513245548f,-0.019592731835391064f,0.06254756758412675f,-0.3667266849348408f,-0.015374541774688675f,0.997619538569978f,0.06722261322384804f,5.873650581524132f,-0.06371575014612003f,0.06611642097581513f,-0.9957755379906994f,3.0811948779349168f,0f,0f,0f,1f], start_interpolation: 0, interpolation_duration: 1 }
$data merge entity $(bone_crest_middle4) { transformation: [-0.9978496513245548f,-0.019592731835391064f,0.06254756758412675f,-0.3535245511785714f,-0.015374541774688675f,0.997619538569978f,0.06722261322384804f,5.201426478386159f,-0.06371575014612003f,0.06611642097581513f,-0.9957755379906994f,3.0366437739570724f,0f,0f,0f,1f], start_interpolation: 0, interpolation_duration: 1 }
$data merge entity $(bone_crest_middle1) { transformation: [-0.9978496513245548f,-0.019592731835391064f,0.06254756758412675f,-0.34889126211296684f,-0.015374541774688675f,0.997619538569978f,0.06722261322384804f,4.691596315946274f,-0.06371575014612003f,0.06611642097581513f,-0.9957755379906994f,3.0871034992911657f,0f,0f,0f,1f], start_interpolation: 0, interpolation_duration: 1 }
$data merge entity $(bone_crest_left5) { transformation: [-0.5085939367331012f,-0.8443623009848151f,0.16847703758659438f,-1.453523433742234f,-0.8174293261055322f,0.5349813838492311f,0.21355143585894604f,5.213567853732568f,-0.27044686047536626f,-0.029107105840158354f,-0.9622947947737368f,2.9258769975410153f,0f,0f,0f,1f], start_interpolation: 0, interpolation_duration: 1 }
$data merge entity $(bone_crest_left4) { transformation: [-0.5085939367331012f,-0.8443623009848151f,0.16847703758659438f,-0.9793942119978309f,-0.8174293261055322f,0.5349813838492311f,0.21355143585894604f,4.91316326807504f,-0.27044686047536626f,-0.029107105840158354f,-0.9622947947737368f,2.9422213196680573f,0f,0f,0f,1f], start_interpolation: 0, interpolation_duration: 1 }
$data merge entity $(bone_crest_left1) { transformation: [-0.5085939367331012f,-0.8443623009848151f,0.16847703758659438f,-0.44839168755044423f,-0.8174293261055322f,0.5349813838492311f,0.21355143585894604f,4.594709637486418f,-0.27044686047536626f,-0.029107105840158354f,-0.9622947947737368f,2.906164965902833f,0f,0f,0f,1f], start_interpolation: 0, interpolation_duration: 1 }
$data merge entity $(bone_crest_center1) { transformation: [-0.9978496513245548f,-0.03266607724013969f,0.05682429717300229f,-0.3354113676267515f,-0.015374541774688675f,0.9594223356766197f,0.2815535566638048f,4.569499708991112f,-0.06371575014612003f,0.2800744708154626f,-0.9578614690970488f,2.905457224983169f,0f,0f,0f,1f], start_interpolation: 0, interpolation_duration: 1 }
$data merge entity $(bone_crest_right5) { transformation: [-0.5636945169582948f,0.8243937887678199f,-0.051218869493516526f,0.7507352702011832f,0.8009078555574279f,0.5606930330737526f,0.21016643302144672f,5.247530352472748f,0.2019779652772975f,0.07744807101274426f,-0.9763230499372881f,3.0666256530638583f,0f,0f,0f,1f], start_interpolation: 0, interpolation_duration: 1 }
$data merge entity $(bone_crest_right4) { transformation: [-0.5636945169582948f,0.8243937887678199f,-0.051218869493516526f,0.2878188360786281f,0.8009078555574279f,0.5606930330737526f,0.21016643302144672f,4.932688073158873f,0.2019779652772975f,0.07744807101274426f,-0.9763230499372881f,3.023136746001038f,0f,0f,0f,1f], start_interpolation: 0, interpolation_duration: 1 }
$data merge entity $(bone_crest_right1) { transformation: [-0.5636945169582948f,0.8243937887678199f,-0.051218869493516526f,-0.2242653010224681f,0.8009078555574279f,0.5606930330737526f,0.21016643302144672f,4.598162903705343f,0.2019779652772975f,0.07744807101274426f,-0.9763230499372881f,2.9204761207208088f,0f,0f,0f,1f], start_interpolation: 0, interpolation_duration: 1 }
$data merge entity $(bone_head1) { transformation: [-1.045923137130555f,-0.03423983356551098f,0.05956192607326409f,-0.25743686212315575f,-0.01611524235497966f,1.005644505494373f,0.2951179858259932f,4.798442350462741f,-0.06678538915055547f,0.29356764193547824f,-1.0040084409155259f,1.6290582004441307f,0f,0f,0f,1f], start_interpolation: 0, interpolation_duration: 1 }
$data merge entity $(bone_neck10) { transformation: [-1.4823623350881234f,-0.05444854631208056f,0.20452761427400193f,-0.09537637305930521f,0.019578826585541095f,1.4055173574044413f,0.5160735502507343f,4.744489547795057f,-0.2107435853013017f,0.5135665443965032f,-1.3906943688010738f,0.4841184993544146f,0f,0f,0f,1f], start_interpolation: 0, interpolation_duration: 1 }
$data merge entity $(bone_neck9) { transformation: [-1.1340071863424153f,-0.05933118723324536f,0.15065078839418417f,-0.02714303582057015f,0.014977802337938948f,1.0228188792732786f,0.5155631427262979f,3.4156241554503732f,-0.1612188427554959f,0.5123568082129731f,-1.0117742506690566f,-0.11928849882540132f,0f,0f,0f,1f], start_interpolation: 0, interpolation_duration: 1 }
$data merge entity $(bone_neck8) { transformation: [-1.0527236596937115f,0.0259564105582479f,0.14625080672915694f,-0.05111321841811846f,0.0053247467832636605f,1.052714393594836f,-0.14850653179867132f,2.6348474554339574f,-0.1484408326226031f,-0.14631748926942165f,-1.0425193758108864f,0.022697636346334482f,0f,0f,0f,1f], start_interpolation: 0, interpolation_duration: 1 }
$data merge entity $(bone_neck7) { transformation: [-1.0456414279303428f,0.057819221954376714f,0.13310730491745484f,-0.10623888873977891f,-3.662570463927595e-18f,0.9682602025170539f,-0.42059338211108116f,1.767629954315022f,-0.1451227654429097f,-0.4166002048105935f,-0.9590673934380097f,0.419890209509049f,0f,0f,0f,1f], start_interpolation: 0, interpolation_duration: 1 }
$data merge entity $(bone_neck6) { transformation: [-1.0397087106087521f,0.037347426152871274f,0.1393824919344423f,-0.13805570617368157f,-3.641789922288289e-18f,1.01390768862361f,-0.27167574636640235f,0.869383644162216f,-0.14429937386592864f,-0.2690964156645302f,-1.0042814953947008f,0.6491373735377195f,0f,0f,0f,1f], start_interpolation: 0, interpolation_duration: 1 }
$data merge entity $(bone_neck_spine6) { transformation: [-1.2689084444288774f,0.07420192555913918f,-0.06596061261929595f,0.2354244532643208f,-0.07382934158628966f,-0.13988448379913698f,1.2629200006452876f,0.6927700239858755f,0.06637737939036017f,1.2628981645216983f,0.14376243622623813f,-1.9999469844345257f,0f,0f,0f,1f], start_interpolation: 0, interpolation_duration: 1 }
$data merge entity $(bone_neck_spine7) { transformation: [-0.8337476309425792f,0.45909221455509897f,-0.30675597212203054f,-0.7341913286226363f,-0.1763618259646937f,0.3050401037083678f,0.935866999884058f,1.0192675163956246f,0.5232221270550741f,0.8343769373996882f,-0.17336012256421832f,-5.452365611076463f,0f,0f,0f,1f], start_interpolation: 0, interpolation_duration: 1 }
$data merge entity $(bone_tail6) { transformation: [-1.0040631399209727f,0.9186025694746173f,-1.055143813863208f,-2.832869695308326f,-0.7073242520307262f,0.787205544751688f,1.3584188493717608f,-0.906534217143216f,1.207001056780125f,1.225470802260893f,-0.08168047052283742f,-8.264230406031556f,0f,0f,0f,1f], start_interpolation: 0, interpolation_duration: 1 }
$data merge entity $(bone_tail5) { transformation: [-0.8294434634129774f,0.7588456008703359f,-0.8716405418869979f,-2.3535987894954826f,-0.5843113386340781f,0.6503002326209597f,1.1221720929592807f,-0.4958182807510309f,0.9970878295140163f,1.012345445345955f,-0.06747517130147439f,-7.624854335286743f,0f,0f,0f,1f], start_interpolation: 0, interpolation_duration: 1 }
$data merge entity $(bone_tail4) { transformation: [-0.6111688677779833f,0.5591493901149843f,-0.6422614519167352f,-2.1139633365890607f,-0.4305451968882681f,0.47916859245754917f,0.8268636474436803f,-0.29046031255493837f,0.7346962954313804f,0.7459387492022826f,-0.0497185472747706f,-7.305166299914337f,0f,0f,0f,1f], start_interpolation: 0, interpolation_duration: 1 }
$data merge entity $(bone_segment18) { transformation: [-0.5830778763397406f,0.5334493560351652f,-0.6127413603379537f,-1.8144190204560333f,-0.41075616299402473f,0.4571446944191277f,0.7888587344555857f,-0.03376285230982273f,0.7009276458277021f,0.7116533656985753f,-0.04743334696524698f,-6.905556255698828f,0f,0f,0f,1f], start_interpolation: 0, interpolation_duration: 1 }
$data merge entity $(bone_segment17) { transformation: [-0.5830778763397406f,0.5334493560351652f,-0.6127413603379537f,-1.4250114094830972f,-0.41075616299402473f,0.4571446944191277f,0.7888587344555857f,0.299943846008828f,0.7009276458277021f,0.7116533656985753f,-0.04743334696524698f,-6.386063198218666f,0f,0f,0f,1f], start_interpolation: 0, interpolation_duration: 1 }
$data merge entity $(bone_segment16) { transformation: [-0.6921353558259622f,0.6534259797732861f,-0.30656669449402063f,-0.8012576055491247f,-0.15970557834063315f,0.27556825990018907f,0.947922076113045f,0.5629985081694091f,0.7038769618779642f,0.7050507946899309f,-0.08637476161787119f,-5.713028870279791f,0f,0f,0f,1f], start_interpolation: 0, interpolation_duration: 1 }
$data merge entity $(bone_segment15) { transformation: [-0.8337476309425792f,0.5228433144711315f,-0.1774817072559265f,-0.1847211775961058f,-0.1763618259646937f,0.05242591097285551f,0.9829282935194537f,0.6248191014308574f,0.5232221270550741f,0.850815134075263f,0.04849962255993631f,-4.709748328877565f,0f,0f,0f,1f], start_interpolation: 0, interpolation_duration: 1 }
$data merge entity $(bone_segment14) { transformation: [-0.9980615335951406f,0.3148451214363612f,-0.058488654375111845f,0.1694795840198005f,-0.12931754015703217f,-0.22112249191555627f,1.0163941240493084f,0.3760562980258566f,0.2929596337221609f,0.9750141491803851f,0.24939378487163533f,-3.6128574110496317f,0f,0f,0f,1f], start_interpolation: 0, interpolation_duration: 1 }
$data merge entity $(bone_segment13) { transformation: [-1.0225909228632717f,0.0681200842992634f,-0.0419651095064872f,0.25267068661616937f,-0.059497763513656966f,-0.2877508357218015f,0.9827273703838035f,0.002595945017661444f,0.05349235868517262f,0.9821673597099703f,0.29082547499459316f,-2.4379155659362146f,0f,0f,0f,1f], start_interpolation: 0, interpolation_duration: 1 }
$data merge entity $(bone_segment12) { transformation: [-1.1107333119530336f,-0.08600186744951197f,-0.05787114742873419f,0.1487758131872287f,-0.04767101569493131f,-0.12923983148441331f,1.107022322002664f,-0.15353271046686473f,-0.09204816767397023f,1.1047056738990495f,0.12500556017548828f,-1.1033717988098461f,0f,0f,0f,1f], start_interpolation: 0, interpolation_duration: 1 }
$data merge entity $(bone_segment11) { transformation: [-1.1783061652606617f,-0.16889945219194039f,-0.01379843611877192f,-0.04058313319066646f,-0.07126190351881173f,0.4059101628209743f,1.1168175865855947f,0.31591438352963264f,-0.1537503264937573f,1.1062697481397832f,-0.41188702617969253f,0.17586156952167808f,0f,0f,0f,1f], start_interpolation: 0, interpolation_duration: 1 }
$data merge entity $(bone_segment10) { transformation: [-1.0393934709354213f,-0.10693596431749706f,0.08307292060279299f,-0.14892189019351113f,-0.048128005891431874f,0.8927868118882413f,0.5470745850361882f,1.2298944888690455f,-0.12657055601878844f,0.5386757893938526f,-0.8902154156692513f,0.7274306181570019f,0f,0f,0f,1f], start_interpolation: 0, interpolation_duration: 1 }