# This file was generated by Animated Java via MC-Build. It is not recommended to edit this file directly.
$data merge entity $(bone_neck_spine5) { transformation: [-1.3539151992821452f,-0.014947899003507324f,0.18945145453234344f,0.11551056914372845f,0.025094443409664324f,1.3369543595404336f,0.28482445395723904f,3.77456508568632f,-0.1883761190252066f,0.28553679443718133f,-1.323701188697733f,-0.44182586996204387f,0f,0f,0f,1f], start_interpolation: 0, interpolation_duration: 1 }
$data merge entity $(bone_neck_spine2) { transformation: [-1.289443046935376f,-0.015881330444869897f,0.1802925927423491f,-0.18861398463383824f,0.02389946991396602f,1.2707625270786118f,0.2828646709206651f,4.857759707623613f,-0.17940582764305388f,0.2834279274533925f,-1.2581347963917182f,1.1795400402171636f,0f,0f,0f,1f], start_interpolation: 0, interpolation_duration: 1 }
$data merge entity $(bone_scale_neck_left1) { transformation: [-1.3812395635957226f,0.27559511417946264f,0.26016152559724104f,0.5019724995808748f,0.37357426996646476f,1.1557236270786713f,0.7590814060651996f,4.086325462194271f,-0.0638666672036201f,0.7998810219372042f,-1.1864108976100032f,1.074678445035056f,0f,0f,0f,1f], start_interpolation: 0, interpolation_duration: 1 }
$data merge entity $(bone_scale_neck_right1) { transformation: [-1.3588743856445205f,-0.44121246579009504f,0.10124911097598778f,-0.8519426997012702f,-0.3227870164725244f,1.1690094571370842f,0.7620268036779307f,4.1114199056039356f,-0.3173773218722001f,0.7001484610839771f,-1.2085210740428758f,0.8863023260098493f,0f,0f,0f,1f], start_interpolation: 0, interpolation_duration: 1 }
$data merge entity $(bone_blush_right1) { transformation: [-0.9977987078954281f,-0.0259246549304729f,0.06103810931663757f,-0.8502566474974276f,-0.008084403081957889f,0.9611082301932915f,0.27605364022509693f,3.581005789571007f,-0.06582082458479477f,0.2749525088473547f,-0.9592021355947469f,2.098838630407365f,0f,0f,0f,1f], start_interpolation: 0, interpolation_duration: 1 }
$data merge entity $(bone_blush_left1) { transformation: [-0.9977987078954281f,-0.0259246549304729f,0.06103810931663757f,0.29955045730394464f,-0.008084403081957889f,0.9611082301932915f,0.27605364022509693f,3.5903218009349818f,-0.06582082458479477f,0.2749525088473547f,-0.9592021355947469f,2.1746868462375f,0f,0f,0f,1f], start_interpolation: 0, interpolation_duration: 1 }
$data merge entity $(bone_left_head_scales) { transformation: [-0.9132425255659226f,-0.0259246549304729f,-0.40659070545784853f,0.31370114054121995f,-0.13463833866589753f,0.9611082301932915f,0.2411296075060172f,4.2948334881764305f,0.38452647146752095f,0.2749525088473547f,-0.8812153599542414f,2.022007736411784f,0f,0f,0f,1f], start_interpolation: 0, interpolation_duration: 1 }
$data merge entity $(bone_left_head_scales2) { transformation: [-0.8523588725848971f,-0.0259246549304729f,-0.5223143350440794f,0.3250136479112226f,-0.1649602185134869f,0.9611082301932915f,0.2214928806140312f,3.503530138383073f,0.496258479659326f,0.2749525088473547f,-0.8234856642618374f,1.9477092142060497f,0f,0f,0f,1f], start_interpolation: 0, interpolation_duration: 1 }
$data merge entity $(bone_left_head_scales1) { transformation: [-0.9977987078954281f,-0.0259246549304729f,0.06103810931663757f,0.31623284512427396f,-0.008084403081957889f,0.9611082301932915f,0.27605364022509693f,4.200975262571617f,-0.06582082458479477f,0.2749525088473547f,-0.9592021355947469f,1.9951569054696594f,0f,0f,0f,1f], start_interpolation: 0, interpolation_duration: 1 }
$data merge entity $(bone_right_head_scales) { transformation: [-0.856874000903031f,-0.0259246549304729f,0.5148736338589966f,-0.8555942202737348f,0.12029643243894543f,0.9611082301932915f,0.2485955313298714f,4.285359578314761f,-0.5012940403783938f,0.2749525088473547f,-0.8204300110062106f,1.9448739576014775f,0f,0f,0f,1f], start_interpolation: 0, interpolation_duration: 1 }
$data merge entity $(bone_right_head_scales2) { transformation: [-0.782338830138012f,-0.0259246549304729f,0.6223133190965967f,-0.8442817129037322f,0.15171550789060284f,0.9611082301932915f,0.23076692683358083f,3.4940562285214036f,-0.6040930056901695f,0.2749525088473547f,-0.7479791162557697f,1.8705754353957433f,0f,0f,0f,1f], start_interpolation: 0, interpolation_duration: 1 }
$data merge entity $(bone_right_head_scales1) { transformation: [-0.9977987078954281f,-0.0259246549304729f,0.06103810931663757f,-0.8530625156906808f,-0.008084403081957889f,0.9611082301932915f,0.27605364022509693f,4.191501352709947f,-0.06582082458479477f,0.2749525088473547f,-0.9592021355947469f,1.918023126659353f,0f,0f,0f,1f], start_interpolation: 0, interpolation_duration: 1 }
$data merge entity $(bone_head_left_fin1) { transformation: [-0.7400532982006461f,0.016492277968034878f,-0.6723459828018388f,0.3301972747820774f,0.0511015903815045f,0.9981882389343795f,-0.03176266855229504f,3.869225903110549f,0.6706040137688012f,-0.05786401662956969f,-0.7395552800816627f,1.8242126124443883f,0f,0f,0f,1f], start_interpolation: 0, interpolation_duration: 1 }
$data merge entity $(bone_head_right_fin1) { transformation: [-0.6446346539907434f,-0.02485065824326137f,0.7640867801886846f,-0.8390980860328774f,-0.062320662384371034f,0.9978532686059163f,-0.020124347752462024f,3.8597519932488797f,-0.7619463878214843f,-0.06059124621069806f,-0.644799506023715f,1.747078833634082f,0f,0f,0f,1f], start_interpolation: 0, interpolation_duration: 1 }
$data merge entity $(bone_right_whisker16) { transformation: [0.23507321133590736f,0.9273133017614995f,-0.29125697534721745f,-1.248255010256167f,0.9478747843891953f,-0.2850278074926521f,-0.14245189389779175f,1.4688439407625142f,-0.21511387317269917f,-0.24258851854965713f,-0.9459792979957452f,2.044226176938931f,0f,0f,0f,1f], start_interpolation: 0, interpolation_duration: 1 }
$data merge entity $(bone_right_whisker15) { transformation: [-0.8886967967464049f,0.35410080169955704f,-0.29125697534721745f,-0.9878946205843685f,0.4063118413949574f,0.9025619898196304f,-0.14245189389779175f,1.3498072684788354f,0.21243514538540334f,-0.2449376997698802f,-0.9459792979957452f,1.981989317939301f,0f,0f,0f,1f], start_interpolation: 0, interpolation_duration: 1 }
$data merge entity $(bone_right_whisker14) { transformation: [-0.6965038094317223f,-0.655783361910539f,-0.29125697534721745f,-0.7838407701649186f,-0.646284155521825f,0.7496827650722491f,-0.14245189389779175f,1.53914832966687f,0.3117679165156994f,0.08901648159154188f,-0.9459792979957452f,1.8906510611475924f,0f,0f,0f,1f], start_interpolation: 0, interpolation_duration: 1 }
$data merge entity $(bone_right_whisker13) { transformation: [-0.0679294779757208f,-0.9953472023682288f,-0.0683339795393618f,-0.7639395559142191f,-0.9962364011519496f,0.06397513269058805f,0.058482607816622484f,1.8310144628168552f,-0.05383882466916681f,0.07204949087232668f,-0.9959469121510852f,1.9064241543123874f,0f,0f,0f,1f], start_interpolation: 0, interpolation_duration: 1 }
$data merge entity $(bone_right_whisker12) { transformation: [0.09296300449631846f,-0.9943101514503023f,-0.052011561386812274f,-0.8002532295455935f,-0.956488827605491f,-0.1036927348201109f,0.2727213585537425f,2.20464291110025f,-0.27656283636976653f,0.024395480491329412f,-0.9606861392102558f,2.0144565122693274f,0f,0f,0f,1f], start_interpolation: 0, interpolation_duration: 1 }
$data merge entity $(bone_right_whisker11) { transformation: [0.3170363366453348f,-0.9481662553073608f,-0.021649793138100032f,-0.9240955485476774f,-0.9482181014232005f,-0.3164252361664318f,-0.02752275513822483f,2.5750406069686878f,0.019245606768474532f,0.029254439209023618f,-0.9993867041374319f,2.006938697125392f,0f,0f,0f,1f], start_interpolation: 0, interpolation_duration: 1 }
$data merge entity $(bone_right_whisker10) { transformation: [0.09475803207954842f,-0.9907794084013973f,0.09683532023073166f,-0.961110404828751f,-0.9573132818610666f,-0.1173743101330639f,-0.26414873025093494f,2.948991107695667f,0.27307910159659826f,-0.06767152435525903f,-0.9596084457020115f,1.9002671730642209f,0f,0f,0f,1f], start_interpolation: 0, interpolation_duration: 1 }
$data merge entity $(bone_right_whisker1) { transformation: [-0.3154841031941348f,-0.9470269515019796f,0.060081059916246286f,-0.8378744270185421f,-0.9488782561012692f,0.31550034047940856f,-0.009465212918436716f,3.3196466764852253f,-0.009991783124475073f,-0.059995735567158315f,-0.9981486241956902f,1.904170213347219f,0f,0f,0f,1f], start_interpolation: 0, interpolation_duration: 1 }
$data merge entity $(bone_left_whisker16) { transformation: [0.2830788295739914f,-0.9097471068712734f,0.3036882904992663f,0.8393721124189493f,-0.9343206440274373f,-0.3330827656240761f,-0.12688894903958772f,1.5234533773944001f,0.21659018996984503f,-0.24782266398286568f,-0.944284182238198f,2.0501742360876904f,0f,0f,0f,1f], start_interpolation: 0, interpolation_duration: 1 }
$data merge entity $(bone_left_whisker15) { transformation: [-0.8650148925348127f,-0.3994028766879618f,0.3036882904992663f,0.5859497806216409f,-0.452186512367655f,0.8828513763054374f,-0.12688894903958772f,1.3909768600991887f,-0.2174318139687992f,-0.247084579545093f,-0.944284182238198f,1.9864735093390187f,0f,0f,0f,1f], start_interpolation: 0, interpolation_duration: 1 }
$data merge entity $(bone_left_whisker14) { transformation: [-0.727553027570019f,0.6151747835268705f,0.3036882904992663f,0.37279947957573695f,0.6090327993022342f,0.7829292713813382f,-0.12688894903958772f,1.5694044380197651f,-0.31582533376501537f,0.09263769063914823f,-0.944284182238198f,1.8939465560875492f,0f,0f,0f,1f], start_interpolation: 0, interpolation_duration: 1 }
$data merge entity $(bone_left_whisker13) { transformation: [-0.12022632659823176f,0.990214848691865f,0.07085325555570493f,0.33757692295516123f,0.991314505677802f,0.11591468828857206f,0.062123553276821064f,1.8598286096050587f,0.05330273187623827f,0.0777067466125683f,-0.99555034041751f,1.909562590816916f,0f,0f,0f,1f], start_interpolation: 0, interpolation_duration: 1 }
$data merge entity $(bone_left_whisker12) { transformation: [0.04125326256463544f,0.9982164456137405f,0.04315201077636541f,0.3536914786444719f,0.9599997394208355f,-0.05157099633633208f,0.2752107059124076f,2.2348285078163226f,0.27694524484038524f,0.0300725795891926f,-0.9604149995273662f,2.0177443270826916f,0f,0f,0f,1f], start_interpolation: 0, interpolation_duration: 1 }
$data merge entity $(bone_left_whisker11) { transformation: [0.2671333849924493f,0.9632306104274301f,0.028749708834631432f,0.4580404571571474f,0.9634991729563037f,-0.2664257391853929f,-0.026204373910387796f,2.6111953722523786f,-0.017581192649940014f,0.0347003837891916f,-0.9992431060707342f,2.010876673703809f,0f,0f,0f,1f], start_interpolation: 0, interpolation_duration: 1 }
$data merge entity $(bone_left_whisker10) { transformation: [0.046132611085113684f,0.9959301462985053f,-0.07742690674634503f,0.47606100836226994f,0.960998786119158f,-0.06540473742779944f,-0.26870718896134f,2.9865855230801746f,-0.2726776765193189f,-0.06201099915207124f,-0.9601049529672199f,1.90436195631345f,0f,0f,0f,1f], start_interpolation: 0, interpolation_duration: 1 }
$data merge entity $(bone_left_whisker1) { transformation: [-0.36471276223352667f,0.9295633916275552f,-0.05381916024862648f,0.3335950856147986f,0.9310852473707729f,0.36458934699500817f,-0.01244468506070373f,3.3502906978343825f,0.008053768838101882f,-0.05464896159699531f,-0.9984731482638242f,1.9075079597658335f,0f,0f,0f,1f], start_interpolation: 0, interpolation_duration: 1 }
$data merge entity $(bone_upper_left_tooth1) { transformation: [-0.9977987078954281f,-0.02050618203819083f,0.06306532343872083f,-0.04951309694284703f,-0.008084403081957889f,0.981510583262911f,0.1912370711177842f,3.4863828812661812f,-0.06582082458479477f,0.19030625696785847f,-0.9795157720066897f,2.8054590643803174f,0f,0f,0f,1f], start_interpolation: 0, interpolation_duration: 1 }
$data merge entity $(bone_upper_right_tooth1) { transformation: [-0.9977987078954281f,-0.02050618203819083f,0.06306532343872083f,-0.6341607773503244f,-0.008084403081957889f,0.981510583262911f,0.1912370711177842f,3.4816459263353465f,-0.06582082458479477f,0.19030625696785847f,-0.9795157720066897f,2.7668921749751645f,0f,0f,0f,1f], start_interpolation: 0, interpolation_duration: 1 }
$data merge entity $(bone_top_lip1) { transformation: [-0.9977987078954281f,0.010572971944807583f,0.06546717335022341f,-0.3196791178411451f,-0.008084403081957889f,0.9604516737062634f,-0.2783293461021411f,3.5896474866357035f,-0.06582082458479477f,-0.27824592492809563f,-0.9582519628531352f,2.8082256489196826f,0f,0f,0f,1f], start_interpolation: 0, interpolation_duration: 1 }
$data merge entity $(bone_muzzle1) { transformation: [-0.9977987078954281f,-0.02050618203819083f,0.06306532343872083f,-0.2918893381403328f,-0.008084403081957889f,0.981510583262911f,0.1912370711177842f,3.826800927112587f,-0.06582082458479477f,0.19030625696785847f,-0.9795157720066897f,2.3578233564800675f,0f,0f,0f,1f], start_interpolation: 0, interpolation_duration: 1 }
$data merge entity $(bone_jaw_right_tooth1) { transformation: [-0.9977987078954281f,0.019641296539365024f,0.06334001888590354f,-0.6347978121657698f,-0.008084403081957889f,0.911980926758292f,-0.41015293690999566f,3.3998805264674163f,-0.06582082458479477f,-0.4097621367322015f,-0.9098146021864225f,2.7865919732472935f,0f,0f,0f,1f], start_interpolation: 0, interpolation_duration: 1 }
$data merge entity $(bone_jaw_left_tooth1) { transformation: [-0.9977987078954281f,0.019641296539365024f,0.06334001888590354f,-0.0014294917243360405f,-0.008084403081957889f,0.911980926758292f,-0.41015293690999566f,3.4050122276424872f,-0.06582082458479477f,-0.4097621367322015f,-0.9098146021864225f,2.828372770102876f,0f,0f,0f,1f], start_interpolation: 0, interpolation_duration: 1 }
$data merge entity $(bone_tongue1) { transformation: [-0.9977987078954281f,-0.003706421938227315f,0.0662117886681044f,-0.2711547369784701f,-0.008084403081957889f,0.9977884665420458f,-0.06597589304042012f,3.342420784474929f,-0.06582082458479477f,-0.06636594361634876f,-0.9956220068775548f,2.102994675194762f,0f,0f,0f,1f], start_interpolation: 0, interpolation_duration: 1 }
$data merge entity $(bone_jaw_lips1) { transformation: [-0.9977987078954281f,-0.003706421938227315f,0.0662117886681044f,-0.2737458094422113f,-0.008084403081957889f,0.9977884665420458f,-0.06597589304042012f,3.2823031870397807f,-0.06582082458479477f,-0.06636594361634876f,-0.9956220068775548f,2.8914914613374005f,0f,0f,0f,1f], start_interpolation: 0, interpolation_duration: 1 }
$data merge entity $(bone_jaw3) { transformation: [-0.9977987078954281f,0.008344022258252426f,0.06578841702585402f,-0.22295974569101287f,-0.008084403081957889f,0.9693481973299849f,-0.24555796619111514f,3.0194635406100305f,-0.06582082458479477f,-0.24554928146028515f,-0.9671469223573611f,2.1538925714930675f,0f,0f,0f,1f], start_interpolation: 0, interpolation_duration: 1 }
$data merge entity $(bone_jaw1) { transformation: [-0.9977987078954281f,-0.04061932108132812f,0.05241955052369167f,-0.18200697184437875f,-0.008084403081957889f,0.8590683867311024f,0.5117969805948734f,3.4193049316997755f,-0.06582082458479477f,0.5102465851665376f,-0.8575057092386412f,1.483966236150379f,0f,0f,0f,1f], start_interpolation: 0, interpolation_duration: 1 }
$data merge entity $(bone_tear_right1) { transformation: [-0.9977987078954281f,-0.0259246549304729f,0.06103810931663757f,-0.8157616510808178f,-0.008084403081957889f,0.9611082301932915f,0.27605364022509693f,3.885641798459182f,-0.06582082458479477f,0.2749525088473547f,-0.9592021355947469f,2.2803353213539874f,0f,0f,0f,1f], start_interpolation: 0, interpolation_duration: 1 }
$data merge entity $(bone_right_pupil1) { transformation: [-0.9977987078954281f,-0.0259246549304729f,0.06103810931663757f,-0.6610920070816834f,-0.008084403081957889f,0.9611082301932915f,0.27605364022509693f,3.9646276661616597f,-0.06582082458479477f,0.2749525088473547f,-0.9592021355947469f,2.373995276446026f,0f,0f,0f,1f], start_interpolation: 0, interpolation_duration: 1 }
$data merge entity $(bone_right_sad_pupil1) { transformation: [-0.9977987078954281f,-0.0259246549304729f,0.06103810931663757f,-0.660495931795388f,-0.008084403081957889f,0.9611082301932915f,0.27605364022509693f,3.967323502491983f,-0.06582082458479477f,0.2749525088473547f,-0.9592021355947469f,2.3646280680906084f,0f,0f,0f,1f], start_interpolation: 0, interpolation_duration: 1 }
$data merge entity $(bone_right_happy_pupil1) { transformation: [-0.9977987078954281f,-0.0259246549304729f,0.06103810931663757f,-0.6842230219559613f,-0.008084403081957889f,0.9611082301932915f,0.27605364022509693f,3.9436618758413595f,-0.06582082458479477f,0.2749525088473547f,-0.9592021355947469f,2.3563085131215296f,0f,0f,0f,1f], start_interpolation: 0, interpolation_duration: 1 }
$data merge entity $(bone_eyelid_right1) { transformation: [-0.9977987078954281f,-0.0259246549304729f,0.06103810931663757f,-0.25427707511553577f,-0.008084403081957889f,0.9611082301932915f,0.27605364022509693f,4.058225754812732f,-0.06582082458479477f,0.2749525088473547f,-0.9592021355947469f,1.9075893427859882f,0f,0f,0f,1f], start_interpolation: 0, interpolation_duration: 1 }
$data merge entity $(bone_eyelid_expressions_right5) { transformation: [-0.9977987078954281f,-0.0259246549304729f,0.06103810931663757f,-0.7750847966444456f,-0.008084403081957889f,0.9611082301932915f,0.27605364022509693f,4.06027381426143f,-0.06582082458479477f,0.2749525088473547f,-0.9592021355947469f,2.384086932465753f,0f,0f,0f,1f], start_interpolation: 0, interpolation_duration: 1 }
$data merge entity $(bone_eyelid_expressions_right7) { transformation: [-0.9977987078954281f,-0.0259246549304729f,0.06103810931663757f,-0.482760956440707f,-0.008084403081957889f,0.9611082301932915f,0.27605364022509693f,4.062642291726847f,-0.06582082458479477f,0.2749525088473547f,-0.9592021355947469f,2.4033703771683297f,0f,0f,0f,1f], start_interpolation: 0, interpolation_duration: 1 }
$data merge entity $(bone_eyelid_expressions_right6) { transformation: [-0.9977987078954281f,-0.0259246549304729f,0.06103810931663757f,-0.5802022365086199f,-0.008084403081957889f,0.9611082301932915f,0.27605364022509693f,4.061852799238375f,-0.06582082458479477f,0.2749525088473547f,-0.9592021355947469f,2.396942562267471f,0f,0f,0f,1f], start_interpolation: 0, interpolation_duration: 1 }
$data merge entity $(bone_right_eye1) { transformation: [-0.9977987078954281f,-0.0259246549304729f,0.06103810931663757f,-0.26461727840862237f,-0.008084403081957889f,0.9611082301932915f,0.27605364022509693f,4.055450969233561f,-0.06582082458479477f,0.2749525088473547f,-0.9592021355947469f,1.9163137696513197f,0f,0f,0f,1f], start_interpolation: 0, interpolation_duration: 1 }
$data merge entity $(bone_tear_left1) { transformation: [-0.9977987078954281f,-0.0259246549304729f,0.06103810931663757f,0.23660417365264153f,-0.008084403081957889f,0.9611082301932915f,0.27605364022509693f,3.8941683173346844f,-0.06582082458479477f,0.2749525088473547f,-0.9592021355947469f,2.349755722283263f,0f,0f,0f,1f], start_interpolation: 0, interpolation_duration: 1 }
$data merge entity $(bone_left_sad_pupil1) { transformation: [-0.9977987078954281f,-0.0259246549304729f,0.06103810931663757f,0.07031366871395867f,-0.008084403081957889f,0.9611082301932915f,0.27605364022509693f,3.9732446961555263f,-0.06582082458479477f,0.2749525088473547f,-0.9592021355947469f,2.41283667984705f,0f,0f,0f,1f], start_interpolation: 0, interpolation_duration: 1 }
$data merge entity $(bone_left_pupil1) { transformation: [-0.9977987078954281f,-0.0259246549304729f,0.06103810931663757f,0.06971759342766337f,-0.008084403081957889f,0.9611082301932915f,0.27605364022509693f,3.9705488598252034f,-0.06582082458479477f,0.2749525088473547f,-0.9592021355947469f,2.4222038882024677f,0f,0f,0f,1f], start_interpolation: 0, interpolation_duration: 1 }
$data merge entity $(bone_eyelid_left1) { transformation: [-0.9977987078954281f,-0.0259246549304729f,0.06103810931663757f,-0.2737653311291184f,-0.008084403081957889f,0.9611082301932915f,0.27605364022509693f,4.058067856315037f,-0.06582082458479477f,0.2749525088473547f,-0.9592021355947469f,1.9063037798058164f,0f,0f,0f,1f], start_interpolation: 0, interpolation_duration: 1 }
$data merge entity $(bone_left_happy_pupil1) { transformation: [-0.9977987078954281f,-0.0259246549304729f,0.06103810931663757f,0.09530721858734192f,-0.008084403081957889f,0.9611082301932915f,0.27605364022509693f,3.9499778157491394f,-0.06582082458479477f,0.2749525088473547f,-0.9592021355947469f,2.4077310323284005f,0f,0f,0f,1f], start_interpolation: 0, interpolation_duration: 1 }
$data merge entity $(bone_eyelid_expressions_left5) { transformation: [-0.9977987078954281f,-0.0259246549304729f,0.06103810931663757f,0.17983974802110064f,-0.008084403081957889f,0.9611082301932915f,0.27605364022509693f,4.068010840648459f,-0.06582082458479477f,0.2749525088473547f,-0.9592021355947469f,2.44707951849417f,0f,0f,0f,1f], start_interpolation: 0, interpolation_duration: 1 }
$data merge entity $(bone_eyelid_expressions_left7) { transformation: [-0.9977987078954281f,-0.0259246549304729f,0.06103810931663757f,-0.11248409218263804f,-0.008084403081957889f,0.9611082301932915f,0.27605364022509693f,4.065642363183042f,-0.06582082458479477f,0.2749525088473547f,-0.9592021355947469f,2.4277960737915936f,0f,0f,0f,1f], start_interpolation: 0, interpolation_duration: 1 }
$data merge entity $(bone_eyelid_expressions_left6) { transformation: [-0.9977987078954281f,-0.0259246549304729f,0.06103810931663757f,-0.015042812114725135f,-0.008084403081957889f,0.9611082301932915f,0.27605364022509693f,4.066431855671515f,-0.06582082458479477f,0.2749525088473547f,-0.9592021355947469f,2.4342238886924523f,0f,0f,0f,1f], start_interpolation: 0, interpolation_duration: 1 }
$data merge entity $(bone_left_eye1) { transformation: [-0.9977987078954281f,-0.0259246549304729f,0.06103810931663757f,-0.26461727840862237f,-0.008084403081957889f,0.9611082301932915f,0.27605364022509693f,4.055450969233561f,-0.06582082458479477f,0.2749525088473547f,-0.9592021355947469f,1.9163137696513197f,0f,0f,0f,1f], start_interpolation: 0, interpolation_duration: 1 }
$data merge entity $(bone_crest_middle5) { transformation: [-0.9977987078954281f,-0.01209907227857803f,0.06520238471261336f,-0.32115978877610385f,-0.008084403081957889f,0.9980750708643442f,0.061488172406915426f,5.099104425153542f,-0.06582082458479477f,0.060825696618549724f,-0.9959758298682986f,2.6452734700648173f,0f,0f,0f,1f], start_interpolation: 0, interpolation_duration: 1 }
$data merge entity $(bone_crest_middle4) { transformation: [-0.9977987078954281f,-0.01209907227857803f,0.06520238471261336f,-0.3140704886128745f,-0.008084403081957889f,0.9980750708643442f,0.061488172406915426f,4.5142948133189655f,-0.06582082458479477f,0.060825696618549724f,-0.9959758298682986f,2.6096334134523858f,0f,0f,0f,1f], start_interpolation: 0, interpolation_duration: 1 }
$data merge entity $(bone_crest_middle1) { transformation: [-0.9977987078954281f,-0.01209907227857803f,0.06520238471261336f,-0.3135290991527661f,-0.008084403081957889f,0.9980750708643442f,0.061488172406915426f,4.071184056975519f,-0.06582082458479477f,0.060825696618549724f,-0.9959758298682986f,2.655851130712191f,0f,0f,0f,1f], start_interpolation: 0, interpolation_duration: 1 }
$data merge entity $(bone_crest_left5) { transformation: [-0.5142522227571686f,-0.8401785149970752f,0.17217640467445214f,-1.2702730038512242f,-0.8149342064550378f,0.5412574215077588f,0.20717780482539666f,4.531653704505f,-0.267258097237126f,-0.033770795076245086f,-0.9630330434938924f,2.5111641281745043f,0f,0f,0f,1f], start_interpolation: 0, interpolation_duration: 1 }
$data merge entity $(bone_crest_left4) { transformation: [-0.5142522227571686f,-0.8401785149970752f,0.17217640467445214f,-0.8600295883253085f,-0.8149342064550378f,0.5412574215077588f,0.20717780482539666f,4.267367854159414f,-0.267258097237126f,-0.033770795076245086f,-0.9630330434938924f,2.527653774207827f,0f,0f,0f,1f], start_interpolation: 0, interpolation_duration: 1 }
$data merge entity $(bone_crest_left1) { transformation: [-0.5142522227571686f,-0.8401785149970752f,0.17217640467445214f,-0.4003547802373066f,-0.8149342064550378f,0.5412574215077588f,0.20717780482539666f,3.9867695225305106f,-0.267258097237126f,-0.033770795076245086f,-0.9630330434938924f,2.498769287017632f,0f,0f,0f,1f], start_interpolation: 0, interpolation_duration: 1 }
$data merge entity $(bone_crest_center1) { transformation: [-0.9977987078954281f,-0.0259246549304729f,0.06103810931663757f,-0.30228058212508485f,-0.008084403081957889f,0.9611082301932915f,0.27605364022509693f,3.9640947589641016f,-0.06582082458479477f,0.2749525088473547f,-0.9592021355947469f,2.4984844801056187f,0f,0f,0f,1f], start_interpolation: 0, interpolation_duration: 1 }
$data merge entity $(bone_crest_right5) { transformation: [-0.557981487165192f,0.828492379398248f,-0.047508286224085816f,0.6463758391557114f,0.80624671323573f,0.554777391031348f,0.20539786707031066f,4.5471828505049166f,0.19652709069617555f,0.07630480770881881f,-0.9775247715239842f,2.63759785302097f,0f,0f,0f,1f], start_interpolation: 0, interpolation_duration: 1 }
$data merge entity $(bone_crest_right4) { transformation: [-0.557981487165192f,0.828492379398248f,-0.047508286224085816f,0.24183854452766054f,0.80624671323573f,0.554777391031348f,0.20539786707031066f,4.276295452540391f,0.19652709069617555f,0.07630480770881881f,-0.9775247715239842f,2.600339646131898f,0f,0f,0f,1f], start_interpolation: 0, interpolation_duration: 1 }
$data merge entity $(bone_crest_right1) { transformation: [-0.557981487165192f,0.828492379398248f,-0.047508286224085816f,-0.20547222010148078f,0.80624671323573f,0.554777391031348f,0.20539786707031066f,3.9883485075074554f,0.19652709069617555f,0.07630480770881881f,-0.9775247715239842f,2.5116249168193496f,0f,0f,0f,1f], start_interpolation: 0, interpolation_duration: 1 }
$data merge entity $(bone_head1) { transformation: [-0.9977987078954281f,-0.0259246549304729f,0.06103810931663757f,-0.23056728537085447f,-0.008084403081957889f,0.9611082301932915f,0.27605364022509693f,4.156792854598931f,-0.06582082458479477f,0.2749525088473547f,-0.9592021355947469f,1.3876918946322976f,0f,0f,0f,1f], start_interpolation: 0, interpolation_duration: 1 }
$data merge entity $(bone_neck10) { transformation: [-1.289443046935376f,-0.03927836907748505f,0.1766772350278059f,-0.09290124469029723f,0.02389946991396602f,1.2229697290896349f,0.44631251832398866f,4.107899605177883f,-0.17940582764305388f,0.44522270651605594f,-1.2103765106588418f,0.391731818833056f,0f,0f,0f,1f], start_interpolation: 0, interpolation_duration: 1 }
$data merge entity $(bone_neck9) { transformation: [-0.9902922600463688f,-0.04642538514402238f,0.131018789898564f,-0.040360169307190864f,0.018354792893925904f,0.8906464923463722f,0.45432579417079655f,2.9550121737727806f,-0.13778367562986538f,0.45232014026056044f,-0.8811481994787207f,-0.13947791980443686f,0f,0f,0f,1f], start_interpolation: 0, interpolation_duration: 1 }
$data merge entity $(bone_neck8) { transformation: [-0.9905715758831287f,0.028494935836451817f,0.13399996897048633f,-0.06446385849541811f,0.009900725397575109f,0.9904618395111044f,-0.137431146793153f,2.3127784814845325f,-0.13663794747073968f,-0.1348086907582589f,-0.9814054657515556f,-0.011271588549980172f,0f,0f,0f,1f], start_interpolation: 0, interpolation_duration: 1 }
$data merge entity $(bone_neck7) { transformation: [-0.9911960193339593f,0.05254516830222393f,0.12152965294365128f,-0.1100501638460114f,-3.469446951953614e-18f,0.9178795835052268f,-0.39685900542166314f,1.5726140610505581f,-0.13240261045958787f,-0.3933650664107867f,-0.9097985893982932f,0.32999784898457574f,0f,0f,0f,1f], start_interpolation: 0, interpolation_duration: 1 }
$data merge entity $(bone_neck6) { transformation: [-0.9911960193339593f,0.03426831720823155f,0.12789110091100706f,-0.1361762285322548f,-3.469446951953614e-18f,0.9659258262890684f,-0.25881904510252074f,0.8017114877620335f,-0.13240261045958787f,-0.2565404072334351f,-0.9574218339895899f,0.5255835041916537f,0f,0f,0f,1f], start_interpolation: 0, interpolation_duration: 1 }
$data merge entity $(bone_neck_spine6) { transformation: [-1.1031284662174035f,0.023426434830404606f,-0.08660523476867385f,0.1870110024886464f,-0.08884125548493264f,-0.1362576917189884f,1.0947523693916519f,0.7126169324503593f,0.01250983061680856f,1.0981014165895207f,0.13768972561302015f,-1.7520386368154224f,0f,0f,0f,1f], start_interpolation: 0, interpolation_duration: 1 }
$data merge entity $(bone_neck_spine7) { transformation: [-0.8475713570217818f,0.4221617533490083f,-0.3215622004613512f,-0.5363964326508464f,-0.20268394415257346f,0.3024885011335306f,0.9313538132550631f,1.0250108616175f,0.4904508268307963f,0.854564310447892f,-0.17081518015008856f,-4.780977870396893f,0f,0f,0f,1f], start_interpolation: 0, interpolation_duration: 1 }
$data merge entity $(bone_tail6) { transformation: [-0.8132586001541674f,0.7776182991802143f,-0.98798507667848f,-2.3087999077976216f,-0.7061534530335649f,0.6910396188647008f,1.125169243986046f,-0.6675556043550261f,1.040265366013925f,1.077018248509944f,-0.008598972759338363f,-7.249812287097975f,0f,0f,0f,1f], start_interpolation: 0, interpolation_duration: 1 }
$data merge entity $(bone_tail5) { transformation: [-0.6718223218664862f,0.6423803341053945f,-0.8161615850822227f,-1.9030860125731617f,-0.5833441568538146f,0.5708588155838833f,0.9294876363362989f,-0.30701319451257314f,0.8593496501854163f,0.8897107270299537f,-0.00710349923597517f,-6.687889722658004f,0f,0f,0f,1f], start_interpolation: 0, interpolation_duration: 1 }
$data merge entity $(bone_tail4) { transformation: [-0.5431153086246961f,0.5193137858873084f,-0.6598022077296284f,-1.7002290649609317f,-0.47158769733024164f,0.4614942845983393f,0.751417373375029f,-0.12674198959134686f,0.6947163487814734f,0.7192608824831626f,-0.005742618329714663f,-6.406928440438018f,0f,0f,0f,1f], start_interpolation: 0, interpolation_duration: 1 }
$data merge entity $(bone_segment18) { transformation: [-0.5431153086246961f,0.5193137858873084f,-0.6598022077296284f,-1.4466578804456445f,-0.47158769733024164f,0.4614942845983393f,0.751417373375029f,0.09859701656018599f,0.6947163487814734f,0.7192608824831626f,-0.005742618329714663f,-6.055726837663037f,0f,0f,0f,1f], start_interpolation: 0, interpolation_duration: 1 }
$data merge entity $(bone_segment17) { transformation: [-0.5431153086246961f,0.5193137858873084f,-0.6598022077296284f,-1.117015340575771f,-0.47158769733024164f,0.4614942845983393f,0.751417373375029f,0.3915377245571787f,0.6947163487814734f,0.7192608824831626f,-0.005742618329714663f,-5.59916475405556f,0f,0f,0f,1f], start_interpolation: 0, interpolation_duration: 1 }
$data merge entity $(bone_segment16) { transformation: [-0.6842345660056504f,0.6498113107206239f,-0.33101105592200997f,-0.5776211861690032f,-0.18145695135171722f,0.2879185411623543f,0.9403064864506054f,0.6305326073579611f,0.7063260107692482f,0.7034544577401486f,-0.0790910386599758f,-5.015242596751726f,0f,0f,0f,1f], start_interpolation: 0, interpolation_duration: 1 }
$data merge entity $(bone_segment15) { transformation: [-0.8475713570217818f,0.49100336209575496f,-0.2013417323033655f,-0.07415094183253568f,-0.20268394415257346f,0.05112935080108047f,0.9779084866537445f,0.6829601643317252f,0.4904508268307963f,0.869655959501989f,0.05618272477962716f,-4.1235055289030065f,0f,0f,0f,1f], start_interpolation: 0, interpolation_duration: 1 }
$data merge entity $(bone_segment14) { transformation: [-0.9619869897774678f,0.2592405898336495f,-0.08587984677203125f,0.1916719286023587f,-0.14559229974070134f,-0.22078252714588137f,0.9643951254352606f,0.4565718308325306f,0.23104959154930332f,0.940239008066449f,0.25013335234454526f,-3.159393264772371f,0f,0f,0f,1f], start_interpolation: 0, interpolation_duration: 1 }
$data merge entity $(bone_segment13) { transformation: [-0.9967090141823127f,0.03443294193580987f,-0.07338605833104526f,0.23045206932904652f,-0.08027068730873912f,-0.29300499740957053f,0.9527353715759693f,0.11856052559365568f,0.011302999898481145f,0.9554906823212161f,0.29480467803383337f,-2.1401845460809756f,0f,0f,0f,1f], start_interpolation: 0, interpolation_duration: 1 }
$data merge entity $(bone_segment12) { transformation: [-0.9923484116679724f,-0.09543544262548845f,-0.07833713136775983f,0.11861366000230222f,-0.0658549479618786f,-0.12756879849502867f,0.9896410093965756f,-0.030934160142706058f,-0.10444020149822965f,0.9872275715058876f,0.12030779845711276f,-0.9832772357225137f,0f,0f,0f,1f], start_interpolation: 0, interpolation_duration: 1 }
$data merge entity $(bone_segment11) { transformation: [-1.0231781900497403f,-0.1546405164567886f,-0.02722432718320082f,-0.05445471311289232f,-0.07826601272889051f,0.346686414073759f,0.9722301288595524f,0.37014939209000286f,-0.13612231474714725f,0.9630385780853842f,-0.3543668642257949f,0.13041939770182154f,0f,0f,0f,1f], start_interpolation: 0, interpolation_duration: 1 }
$data merge entity $(bone_segment10) { transformation: [-0.9922145825922509f,-0.1009555944366143f,0.07292592161388961f,-0.14697349297352658f,-0.04810596751714716f,0.8507969169447382f,0.523288087009983f,1.1553398181564667f,-0.11487400916014248f,0.5157058988117919f,-0.8490296743637396f,0.6064142785754503f,0f,0f,0f,1f], start_interpolation: 0, interpolation_duration: 1 }