# This file was generated by Animated Java via MC-Build. It is not recommended to edit this file directly.
$data merge entity $(bone_neck_spine5) { transformation: [-1.3623065388098816f,0.0246518427533419f,0.11276010429648883f,0.05458783505465392f,0.049030584075344344f,1.3327415682391301f,0.3009943093631283f,3.7693365042818145f,-0.1044918958451856f,0.3039635818525311f,-1.3288676550982454f,-0.4321526985022708f,0f,0f,0f,1f], start_interpolation: 0, interpolation_duration: 1 }
$data merge entity $(bone_neck_spine2) { transformation: [-1.2974347988665536f,0.026132139098583553f,0.10677575071467076f,-0.12887728504967316f,0.046695794357470795f,1.2759920230480755f,0.2551173589770977f,4.860292882386234f,-0.09951609128112913f,0.25803580249309727f,-1.2723737969450304f,1.1939213191010805f,0f,0f,0f,1f], start_interpolation: 0, interpolation_duration: 1 }
$data merge entity $(bone_scale_neck_left1) { transformation: [-1.3751400485448575f,0.3470274332044145f,0.2000530576981503f,0.5389464150252585f,0.4003030054992323f,1.164909760532223f,0.7308913544486754f,4.073115706415471f,0.014379467274750046f,0.7576388511837896f,-1.215415986607293f,1.0620879371591925f,0f,0f,0f,1f], start_interpolation: 0, interpolation_duration: 1 }
$data merge entity $(bone_scale_neck_right1) { transformation: [-1.3819566677881496f,-0.3742228000293719f,0.04015573056024428f,-0.8233601237846229f,-0.30107272325151063f,1.1908681767861922f,0.736646196782844f,4.122146290490815f,-0.22585482521427264f,0.7023173782976506f,-1.227680461875696f,0.9575960413140068f,0f,0f,0f,1f], start_interpolation: 0, interpolation_duration: 1 }
$data merge entity $(bone_blush_right1) { transformation: [-0.9982465862298016f,0.01411694813822175f,0.057484474911142676f,-0.8016543839913643f,0.027631802988608227f,0.9699736088856703f,0.24163543102969784f,3.636429158131563f,-0.05234726873625571f,0.2428001438232107f,-0.9686629205328768f,2.156663200751373f,0f,0f,0f,1f], start_interpolation: 0, interpolation_duration: 1 }
$data merge entity $(bone_blush_left1) { transformation: [-0.9982465862298016f,0.01411694813822175f,0.057484474911142676f,0.3486688306093835f,0.027631802988608227f,0.9699736088856703f,0.24163543102969784f,3.604587822656409f,-0.05234726873625571f,0.2428001438232107f,-0.9686629205328768f,2.2169852487091672f,0f,0f,0f,1f], start_interpolation: 0, interpolation_duration: 1 }
$data merge entity $(bone_left_head_scales) { transformation: [-0.911998912741776f,0.01411694813822175f,-0.40994962487247233f,0.38702629972172925f,-0.0870651165952708f,0.9699736088856703f,0.2270921917142045f,4.302614120123396f,0.4008461657919033f,0.2428001438232107f,-0.8833857829563244f,2.0405316783829393f,0f,0f,0f,1f], start_interpolation: 0, interpolation_duration: 1 }
$data merge entity $(bone_left_head_scales2) { transformation: [-0.8506874720796936f,0.01411694813822175f,-0.5254821943909449f,0.3675768566091816f,-0.11596174152065396f,0.9699736088856703f,0.21378510838878875f,3.5094264230892254f,0.5127218537863949f,0.2428001438232107f,-0.8235073714359034f,1.9927380485209891f,0f,0f,0f,1f], start_interpolation: 0, interpolation_duration: 1 }
$data merge entity $(bone_left_head_scales1) { transformation: [-0.9982465862298016f,0.01411694813822175f,0.057484474911142676f,0.385647691505106f,0.027631802988608227f,0.9699736088856703f,0.24163543102969784f,4.207890134880655f,-0.05234726873625571f,0.2428001438232107f,-0.9686629205328768f,2.016820726837704f,0f,0f,0f,1f], start_interpolation: 0, interpolation_duration: 1 }
$data merge entity $(bone_right_head_scales) { transformation: [-0.8589121595962477f,0.01411694813822175f,0.5119283288439628f,-0.7827939185163194f,0.13608453377755453f,0.9699736088856703f,0.2015742982918575f,4.334995139250671f,-0.4937113547046042f,0.2428001438232107f,-0.8350432254651089f,1.9791872228326395f,0f,0f,0f,1f], start_interpolation: 0, interpolation_duration: 1 }
$data merge entity $(bone_right_head_scales2) { transformation: [-0.784743991549605f,0.01411694813822175f,0.6196592446676286f,-0.802243361628867f,0.16123103733167216f,0.9699736088856703f,0.18208720621246857f,3.5418074422165002f,-0.5984825981828932f,0.2428001438232107f,-0.7634570517269992f,1.9313935929706894f,0f,0f,0f,1f], start_interpolation: 0, interpolation_duration: 1 }
$data merge entity $(bone_right_head_scales1) { transformation: [-0.9982465862298016f,0.01411694813822175f,0.057484474911142676f,-0.7841725267329426f,0.027631802988608227f,0.9699736088856703f,0.24163543102969784f,4.24027115400793f,-0.05234726873625571f,0.2428001438232107f,-0.9686629205328768f,1.955476271287404f,0f,0f,0f,1f], start_interpolation: 0, interpolation_duration: 1 }
$data merge entity $(bone_head_left_fin1) { transformation: [-0.7278499447165128f,0.053081938285201274f,-0.6836788469771866f,0.3846881858301978f,0.10133270825505086f,0.9943795884666176f,-0.030674358651123085f,3.870373325372176f,0.6782080360876492f,-0.09160535938932335f,-0.729138065058523f,1.8569580458753123f,0f,0f,0f,1f], start_interpolation: 0, interpolation_duration: 1 }
$data merge entity $(bone_head_right_fin1) { transformation: [-0.65745954739946f,0.011720444618115698f,0.7533986824459218f,-0.7851320324078508f,-0.06298687317539498f,0.9955244885945909f,-0.0704531505048965f,3.9027543444994515f,-0.750852580298479f,-0.09377432370554634f,-0.653778845537758f,1.7956135903250128f,0f,0f,0f,1f], start_interpolation: 0, interpolation_duration: 1 }
$data merge entity $(bone_right_whisker16) { transformation: [0.2335148064736165f,0.9000243839403719f,-0.368003999258626f,-1.2237281745153037f,0.9299101419111298f,-0.3173070153629892f,-0.185966088231846f,1.5286887731311882f,-0.28414426464106635f,-0.29878481607033713f,-0.9110376888786776f,2.2829695270839743f,0f,0f,0f,1f], start_interpolation: 0, interpolation_duration: 1 }
$data merge entity $(bone_right_whisker15) { transformation: [-0.8618447520528077f,0.3489938106739011f,-0.368003999258626f,-0.9712345948123327f,0.4359700397899637f,0.8805377552571401f,-0.185966088231846f,1.4009631755364724f,0.2591404016446899f,-0.3207126154020548f,-0.9110376888786776f,2.2070494875396314f,0f,0f,0f,1f], start_interpolation: 0, interpolation_duration: 1 }
$data merge entity $(bone_right_whisker14) { transformation: [-0.6805271392442526f,-0.6336054523768637f,-0.368003999258626f,-0.7718614094868681f,-0.61378932398226f,0.767254377500152f,-0.185966088231846f,1.5807842665469003f,0.40018180682963805f,0.0993219559068577f,-0.9110376888786776f,2.0898087238200107f,0f,0f,0f,1f], start_interpolation: 0, interpolation_duration: 1 }
$data merge entity $(bone_right_whisker13) { transformation: [-0.08915609066203407f,-0.9852095146069352f,-0.14633319454529076f,-0.7457414610507253f,-0.9960000233975734f,0.0890615230532682f,0.00721099878422099f,1.8725811484016581f,0.005928312567420296f,0.146390769652321f,-0.9892090768238552f,2.088071913497524f,0f,0f,0f,1f], start_interpolation: 0, interpolation_duration: 1 }
$data merge entity $(bone_right_whisker12) { transformation: [0.054168349513971106f,-0.9908566178951602f,-0.12356760370055063f,-0.7669009725796202f,-0.9715463806553559f,-0.0808743993158316f,0.22261392986689388f,2.2520914533451566f,-0.23057194136843948f,0.10799302898181672f,-0.967043993593322f,2.1781390780945706f,0f,0f,0f,1f], start_interpolation: 0, interpolation_duration: 1 }
$data merge entity $(bone_right_whisker11) { transformation: [0.3011740325856014f,-0.9481454597820933f,-0.10155978136412887f,-0.8845470790583707f,-0.9524666998838185f,-0.29399477416107506f,-0.079838952763718f,2.6241487579872733f,0.04584089559068108f,0.12077772915807422f,-0.9916205687816599f,2.1602324782544606f,0f,0f,0f,1f], start_interpolation: 0, interpolation_duration: 1 }
$data merge entity $(bone_right_whisker10) { transformation: [0.09967069527217219f,-0.9948978870222881f,0.015618799651317045f,-0.923480944399063f,-0.9433547846364005f,-0.09947606122728146f,-0.31652213752961617f,2.992646720735867f,0.31646090249440423f,0.01681391213526367f,-0.9484565301325805f,2.0366149382175838f,0f,0f,0f,1f], start_interpolation: 0, interpolation_duration: 1 }
$data merge entity $(bone_right_whisker1) { transformation: [-0.3315847145131164f,-0.9432199439416894f,-0.019690466015080538f,-0.7939556652923769f,-0.9410833369102415f,0.33215923667376956f,-0.06350113764480575f,3.36025739921643f,0.06643590965088719f,-0.002525637134421388f,-0.9977874979503021f,2.010663411010206f,0f,0f,0f,1f], start_interpolation: 0, interpolation_duration: 1 }
$data merge entity $(bone_left_whisker16) { transformation: [0.2832687281848694f,-0.9321841116341757f,0.2253699395423644f,0.858385256149678f,-0.9274310571348882f,-0.326096382445439f,-0.18311958829590647f,1.5386769700496157f,0.24419349273514787f,-0.1571430283938824f,-0.9569094036182364f,2.122008441499625f,0f,0f,0f,1f], start_interpolation: 0, interpolation_duration: 1 }
$data merge entity $(bone_left_whisker15) { transformation: [-0.8872351588690262f,-0.40251976748642365f,0.2253699395423644f,0.598453080699768f,-0.44436062712255314f,0.8769326367775289f,-0.18311958829590647f,1.4084931925723052f,-0.12392500123019987f,-0.2626156646833661f,-0.9569094036182364f,2.085702288795465f,0f,0f,0f,1f], start_interpolation: 0, interpolation_duration: 1 }
$data merge entity $(bone_left_whisker14) { transformation: [-0.7397685803055886f,0.6339959289643149f,0.2253699395423644f,0.38172400443836507f,0.6069759615975162f,0.7733352432322664f,-0.18311958829590647f,1.5863181813215776f,-0.2903835905064615f,0.0013280179090940595f,-0.9569094036182364f,2.000628971264275f,0f,0f,0f,1f], start_interpolation: 0, interpolation_duration: 1 }
$data merge entity $(bone_left_whisker13) { transformation: [-0.09850277020723504f,0.9951084114378986f,-0.007513570858277051f,0.3528657709792142f,0.9950997969121934f,0.09856139232797405f,0.007876936440213506f,1.8778513249481967f,0.00857895371316486f,-0.006700852775049681f,-0.9999407483072557f,2.003142336609929f,0f,0f,0f,1f], start_interpolation: 0, interpolation_duration: 1 }
$data merge entity $(bone_left_whisker12) { transformation: [0.07969343510551322f,0.9964074598909503f,-0.02865537078363619f,0.3839960190673053f,0.972188534845872f,-0.07134120835442254f,0.22306923746847765f,2.2576124713723655f,0.22022354350822834f,-0.045635576737839065f,-0.9743813344992217f,2.0891671582928306f,0f,0f,0f,1f], start_interpolation: 0, interpolation_duration: 1 }
$data merge entity $(bone_left_whisker11) { transformation: [0.2814528216062812f,0.9582031607405482f,-0.05129339096497461f,0.49393852750725886f,0.9552616445126388f,-0.2848497462598476f,-0.07959781767554716f,2.630761551260115f,-0.09088178988593937f,-0.026595578627346433f,-0.9955064919248917f,2.0536664591186358f,0f,0f,0f,1f], start_interpolation: 0, interpolation_duration: 1 }
$data merge entity $(bone_left_whisker10) { transformation: [0.04084783756441365f,0.9865645119575022f,-0.15818317834828877f,0.509894714055858f,0.9440288722033837f,-0.08997070175167024f,-0.3173558905593528f,2.9995228294645617f,-0.3273239108478315f,-0.13636618559000357f,-0.9350204921898309f,1.9258055564437015f,0f,0f,0f,1f], start_interpolation: 0, interpolation_duration: 1 }
$data merge entity $(bone_left_whisker1) { transformation: [-0.3468156634185304f,0.9284140824831889f,-0.13328986103399962f,0.37441984553299457f,0.9378289529441611f,0.3411377336854282f,-0.06404609024467484f,3.3658622642083746f,-0.013991090994761035f,-0.14721527808915869f,-0.9890055162990284f,1.920340286523873f,0f,0f,0f,1f], start_interpolation: 0, interpolation_duration: 1 }
$data merge entity $(bone_upper_left_tooth1) { transformation: [-0.9982465862298016f,0.01907333099587241f,0.05603535602875141f,0.005102107006060758f,0.027631802988608227f,0.9873424819263651f,0.15617716493484154f,3.534913181080784f,-0.05234726873625571f,0.15745167966143708f,-0.9861382925470679f,2.8554440225230424f,0f,0f,0f,1f], start_interpolation: 0, interpolation_duration: 1 }
$data merge entity $(bone_upper_right_tooth1) { transformation: [-0.9982465862298016f,0.01907333099587241f,0.05603535602875141f,-0.5798080021129636f,0.027631802988608227f,0.9873424819263651f,0.15617716493484154f,3.5511036906444216f,-0.05234726873625571f,0.15745167966143708f,-0.9861382925470679f,2.8247717947478925f,0f,0f,0f,1f], start_interpolation: 0, interpolation_duration: 1 }
$data merge entity $(bone_top_lip1) { transformation: [-0.9982465862298016f,0.04339592302588893f,0.04025601750394787f,-0.260932488076695f,0.027631802988608227f,0.9430737709989673f,-0.3314337730488349f,3.648396003338197f,-0.05234726873625571f,-0.3297402861624873f,-0.9426192800581448f,2.8582996891357513f,0f,0f,0f,1f], start_interpolation: 0, interpolation_duration: 1 }
$data merge entity $(bone_muzzle1) { transformation: [-0.9982465862298016f,0.01907333099587241f,0.05603535602875141f,-0.23077752942068272f,0.027631802988608227f,0.9873424819263651f,0.15617716493484154f,3.8692846310299696f,-0.05234726873625571f,0.15745167966143708f,-0.9861382925470679f,2.3998510618659092f,0f,0f,0f,1f], start_interpolation: 0, interpolation_duration: 1 }
$data merge entity $(bone_jaw_right_tooth1) { transformation: [-0.9982465862298016f,0.04749774933869934f,0.03532303622715805f,-0.5836734202871433f,0.027631802988608227f,0.9016650386821484f,-0.431551435499778f,3.454448237075566f,-0.05234726873625571f,-0.4298187080922356f,-0.9013964952393458f,2.8474640206197193f,0f,0f,0f,1f], start_interpolation: 0, interpolation_duration: 1 }
$data merge entity $(bone_jaw_left_tooth1) { transformation: [-0.9982465862298016f,0.04749774933869934f,0.03532303622715805f,0.04997919792513311f,0.027631802988608227f,0.9016650386821484f,-0.431551435499778f,3.436908518381625f,-0.05234726873625571f,-0.4298187080922356f,-0.9013964952393458f,2.8806922673761317f,0f,0f,0f,1f], start_interpolation: 0, interpolation_duration: 1 }
$data merge entity $(bone_tongue1) { transformation: [-0.9982465862298016f,0.031195697842547193f,0.050304885614257486f,-0.23170055220451885f,0.027631802988608227f,0.9971608248350764f,-0.07004836099316858f,3.384398041608696f,-0.05234726873625571f,-0.06853552254376585f,-0.9962743826905855f,2.1615026882269124f,0f,0f,0f,1f], start_interpolation: 0, interpolation_duration: 1 }
$data merge entity $(bone_jaw_lips1) { transformation: [-0.9982465862298016f,0.031195697842547193f,0.050304885614257486f,-0.2257621483463016f,0.027631802988608227f,0.9971608248350764f,-0.07004836099316858f,3.3257885912967184f,-0.05234726873625571f,-0.06853552254376585f,-0.9962743826905855f,2.950094907709771f,0f,0f,0f,1f], start_interpolation: 0, interpolation_duration: 1 }
$data merge entity $(bone_jaw3) { transformation: [-0.9982465862298016f,0.04064237092887263f,0.04303429755238213f,-0.195118352236261f,0.027631802988608227f,0.9629048410583165f,-0.26842270867059187f,3.045557792326605f,-0.05234726873625571f,-0.26676293736525447f,-0.9623394924371107f,2.217805563683253f,0f,0f,0f,1f], start_interpolation: 0, interpolation_duration: 1 }
$data merge entity $(bone_jaw1) { transformation: [-0.9982465862298016f,-0.0016913475355842186f,0.05916833971019389f,-0.14889308683767202f,0.027631802988608227f,0.8706800602751269f,0.49107302522425383f,3.429208593283053f,-0.05234726873625571f,0.4918468989256876f,-0.8691066628861148f,1.538815983303476f,0f,0f,0f,1f], start_interpolation: 0, interpolation_duration: 1 }
$data merge entity $(bone_tear_right1) { transformation: [-0.9982465862298016f,0.01411694813822175f,0.057484474911142676f,-0.7531390925676683f,0.027631802988608227f,0.9699736088856703f,0.24163543102969784f,3.9453764082955103f,-0.05234726873625571f,0.2428001438232107f,-0.9686629205328768f,2.3273439396409192f,0f,0f,0f,1f], start_interpolation: 0, interpolation_duration: 1 }
$data merge entity $(bone_right_pupil1) { transformation: [-0.9982465862298016f,0.01411694813822175f,0.057484474911142676f,-0.5942787472471964f,0.027631802988608227f,0.9699736088856703f,0.24163543102969784f,4.021489686006293f,-0.05234726873625571f,0.2428001438232107f,-0.9686629205328768f,2.4162473304657723f,0f,0f,0f,1f], start_interpolation: 0, interpolation_duration: 1 }
$data merge entity $(bone_right_sad_pupil1) { transformation: [-0.9982465862298016f,0.01411694813822175f,0.057484474911142676f,-0.5937173754218923f,0.027631802988608227f,0.9699736088856703f,0.24163543102969784f,4.023849407012443f,-0.05234726873625571f,0.2428001438232107f,-0.9686629205328768f,2.4067877316324435f,0f,0f,0f,1f], start_interpolation: 0, interpolation_duration: 1 }
$data merge entity $(bone_right_happy_pupil1) { transformation: [-0.9982465862298016f,0.01411694813822175f,0.057484474911142676f,-0.6184329656590695f,0.027631802988608227f,0.9699736088856703f,0.24163543102969784f,4.000843309748723f,-0.05234726873625571f,0.2428001438232107f,-0.9686629205328768f,2.39958207648907f,0f,0f,0f,1f], start_interpolation: 0, interpolation_duration: 1 }
$data merge entity $(bone_eyelid_right1) { transformation: [-0.9982465862298016f,0.01411694813822175f,0.057484474911142676f,-0.1910204562948986f,0.027631802988608227f,0.9699736088856703f,0.24163543102969784f,4.084084545760269f,-0.05234726873625571f,0.2428001438232107f,-0.9686629205328768f,1.9416336767076248f,0f,0f,0f,1f], start_interpolation: 0, interpolation_duration: 1 }
$data merge entity $(bone_eyelid_expressions_right5) { transformation: [-0.9982465862298016f,0.01411694813822175f,0.057484474911142676f,-0.7044462261676905f,0.027631802988608227f,0.9699736088856703f,0.24163543102969784f,4.121676564619943f,-0.05234726873625571f,0.2428001438232107f,-0.9686629205328768f,2.424619855879297f,0f,0f,0f,1f], start_interpolation: 0, interpolation_duration: 1 }
$data merge entity $(bone_eyelid_expressions_right7) { transformation: [-0.9982465862298016f,0.01411694813822175f,0.057484474911142676f,-0.4119911716081784f,0.027631802988608227f,0.9699736088856703f,0.24163543102969784f,4.113581309838124f,-0.05234726873625571f,0.2428001438232107f,-0.9686629205328768f,2.439955969766872f,0f,0f,0f,1f], start_interpolation: 0, interpolation_duration: 1 }
$data merge entity $(bone_eyelid_expressions_right6) { transformation: [-0.9982465862298016f,0.01411694813822175f,0.057484474911142676f,-0.5094761897946825f,0.027631802988608227f,0.9699736088856703f,0.24163543102969784f,4.11627972809873f,-0.05234726873625571f,0.2428001438232107f,-0.9686629205328768f,2.434843931804347f,0f,0f,0f,1f], start_interpolation: 0, interpolation_duration: 1 }
$data merge entity $(bone_right_eye1) { transformation: [-0.9982465862298016f,0.01411694813822175f,0.057484474911142676f,-0.20133032993885314f,0.027631802988608227f,0.9699736088856703f,0.24163543102969784f,4.08199466658018f,-0.05234726873625571f,0.2428001438232107f,-0.9686629205328768f,1.950582071744701f,0f,0f,0f,1f], start_interpolation: 0, interpolation_duration: 1 }
$data merge entity $(bone_tear_left1) { transformation: [-0.9982465862298016f,0.01411694813822175f,0.057484474911142676f,0.2996991038465756f,0.027631802988608227f,0.9699736088856703f,0.24163543102969784f,3.9162334910809626f,-0.05234726873625571f,0.2428001438232107f,-0.9686629205328768f,2.382553949636189f,0f,0f,0f,1f], start_interpolation: 0, interpolation_duration: 1 }
$data merge entity $(bone_left_sad_pupil1) { transformation: [-0.9982465862298016f,0.01411694813822175f,0.057484474911142676f,0.13742026097688825f,0.027631802988608227f,0.9699736088856703f,0.24163543102969784f,4.003611270057895f,-0.05234726873625571f,0.2428001438232107f,-0.9686629205328768f,2.445128016351381f,0f,0f,0f,1f], start_interpolation: 0, interpolation_duration: 1 }
$data merge entity $(bone_left_pupil1) { transformation: [-0.9982465862298016f,0.01411694813822175f,0.057484474911142676f,0.13685888915158412f,0.027631802988608227f,0.9699736088856703f,0.24163543102969784f,4.001251549051746f,-0.05234726873625571f,0.2428001438232107f,-0.9686629205328768f,2.4545876151847095f,0f,0f,0f,1f], start_interpolation: 0, interpolation_duration: 1 }
$data merge entity $(bone_eyelid_left1) { transformation: [-0.9982465862298016f,0.01411694813822175f,0.057484474911142676f,-0.21051745993219942f,0.027631802988608227f,0.9699736088856703f,0.24163543102969784f,4.08462422941239f,-0.05234726873625571f,0.2428001438232107f,-0.9686629205328768f,1.9406112691151198f,0f,0f,0f,1f], start_interpolation: 0, interpolation_duration: 1 }
$data merge entity $(bone_left_happy_pupil1) { transformation: [-0.9982465862298016f,0.01411694813822175f,0.057484474911142676f,0.16144717983296292f,0.027631802988608227f,0.9699736088856703f,0.24163543102969784f,3.979255963663873f,-0.05234726873625571f,0.2428001438232107f,-0.9686629205328768f,2.4404783801892695f,0f,0f,0f,1f], start_interpolation: 0, interpolation_duration: 1 }
$data merge entity $(bone_eyelid_expressions_left5) { transformation: [-0.9982465862298016f,0.01411694813822175f,0.057484474911142676f,0.25090695206004926f,0.027631802988608227f,0.9699736088856703f,0.24163543102969784f,4.095232065666001f,-0.05234726873625571f,0.2428001438232107f,-0.9686629205328768f,2.4747178279120416f,0f,0f,0f,1f], start_interpolation: 0, interpolation_duration: 1 }
$data merge entity $(bone_eyelid_expressions_left7) { transformation: [-0.9982465862298016f,0.01411694813822175f,0.057484474911142676f,-0.04154810249946288f,0.027631802988608227f,0.9699736088856703f,0.24163543102969784f,4.10332732044782f,-0.05234726873625571f,0.2428001438232107f,-0.9686629205328768f,2.4593817140244663f,0f,0f,0f,1f], start_interpolation: 0, interpolation_duration: 1 }
$data merge entity $(bone_eyelid_expressions_left6) { transformation: [-0.9982465862298016f,0.01411694813822175f,0.057484474911142676f,0.05593691568704118f,0.027631802988608227f,0.9699736088856703f,0.24163543102969784f,4.100628902187213f,-0.05234726873625571f,0.2428001438232107f,-0.9686629205328768f,2.4644937519869914f,0f,0f,0f,1f], start_interpolation: 0, interpolation_duration: 1 }
$data merge entity $(bone_left_eye1) { transformation: [-0.9982465862298016f,0.01411694813822175f,0.057484474911142676f,-0.20133032993885314f,0.027631802988608227f,0.9699736088856703f,0.24163543102969784f,4.08199466658018f,-0.05234726873625571f,0.2428001438232107f,-0.9686629205328768f,1.950582071744701f,0f,0f,0f,1f], start_interpolation: 0, interpolation_duration: 1 }
$data merge entity $(bone_crest_middle5) { transformation: [-0.9982465862298016f,0.026224237657267353f,0.05306639652211364f,-0.2081511293495474f,0.027631802988608227f,0.9992808407726267f,0.025966993055635185f,5.150599181395444f,-0.05234726873625571f,0.027387782386455062f,-0.9982533109545926f,2.6447216138910514f,0f,0f,0f,1f], start_interpolation: 0, interpolation_duration: 1 }
$data merge entity $(bone_crest_middle4) { transformation: [-0.9982465862298016f,0.026224237657267353f,0.05306639652211364f,-0.2235168936018525f,0.027631802988608227f,0.9992808407726267f,0.025966993055635185f,4.5650830637552335f,-0.05234726873625571f,0.027387782386455062f,-0.9982533109545926f,2.628674085148988f,0f,0f,0f,1f], start_interpolation: 0, interpolation_duration: 1 }
$data merge entity $(bone_crest_middle1) { transformation: [-0.9982465862298016f,0.026224237657267353f,0.05306639652211364f,-0.23892793233835224f,0.027631802988608227f,0.9992808407726267f,0.025966993055635185f,4.124044088036198f,-0.05234726873625571f,0.027387782386455062f,-0.9982533109545926f,2.689753006720032f,0f,0f,0f,1f], start_interpolation: 0, interpolation_duration: 1 }
$data merge entity $(bone_crest_left5) { transformation: [-0.5482636131155867f,-0.8196865830248573f,0.16589429207322245f,-1.1797182943290923f,-0.8032208874747323f,0.571352595411498f,0.16850049744985673f,4.6154658412668885f,-0.23290173133265038f,-0.0408670689624141f,-0.9716412229916324f,2.5422956250332445f,0f,0f,0f,1f], start_interpolation: 0, interpolation_duration: 1 }
$data merge entity $(bone_crest_left4) { transformation: [-0.5482636131155867f,-0.8196865830248573f,0.16589429207322245f,-0.7794807049614861f,-0.8032208874747323f,0.571352595411498f,0.16850049744985673f,4.336485081788618f,-0.23290173133265038f,-0.0408670689624141f,-0.9716412229916324f,2.5622502485500482f,0f,0f,0f,1f], start_interpolation: 0, interpolation_duration: 1 }
$data merge entity $(bone_crest_left1) { transformation: [-0.5482636131155867f,-0.8196865830248573f,0.16589429207322245f,-0.3311190494269816f,-0.8032208874747323f,0.571352595411498f,0.16850049744985673f,4.037833809714565f,-0.23290173133265038f,-0.0408670689624141f,-0.9716412229916324f,2.536756915327144f,0f,0f,0f,1f], start_interpolation: 0, interpolation_duration: 1 }
$data merge entity $(bone_crest_center1) { transformation: [-0.9982465862298016f,0.01411694813822175f,0.057484474911142676f,-0.23397867888308707f,0.027631802988608227f,0.9699736088856703f,0.24163543102969784f,4.011454698260026f,-0.05234726873625571f,0.2428001438232107f,-0.9686629205328768f,2.535941291278405f,0f,0f,0f,1f], start_interpolation: 0, interpolation_duration: 1 }
$data merge entity $(bone_crest_right5) { transformation: [-0.5244513865140659f,0.8497333217017936f,-0.05388900790615355f,0.7377908679833224f,0.8329140013221238f,0.5251424880602781f,0.17458417349642652f,4.56238853939303f,0.17664939735261811f,0.04667600265121913f,-0.9831664870160395f,2.642848302907059f,0f,0f,0f,1f], start_interpolation: 0, interpolation_duration: 1 }
$data merge entity $(bone_crest_right4) { transformation: [-0.5244513865140659f,0.8497333217017936f,-0.05388900790615355f,0.3228820194961185f,0.8329140013221238f,0.5251424880602781f,0.17458417349642652f,4.305971308894848f,0.17664939735261811f,0.04667600265121913f,-0.9831664870160395f,2.620057285987518f,0f,0f,0f,1f], start_interpolation: 0, interpolation_duration: 1 }
$data merge entity $(bone_crest_right1) { transformation: [-0.5244513865140659f,0.8497333217017936f,-0.05388900790615355f,-0.1361490130539735f,0.8329140013221238f,0.5251424880602781f,0.17458417349642652f,4.032436973193352f,0.17664939735261811f,0.04667600265121913f,-0.9831664870160395f,2.5469809912521937f,0f,0f,0f,1f], start_interpolation: 0, interpolation_duration: 1 }
$data merge entity $(bone_head1) { transformation: [-0.9982465862298016f,0.01411694813822175f,0.057484474911142676f,-0.1711441836554377f,0.027631802988608227f,0.9699736088856703f,0.24163543102969784f,4.164417329297026f,-0.05234726873625571f,0.2428001438232107f,-0.9686629205328768f,1.4184486601389952f,0f,0f,0f,1f], start_interpolation: 0, interpolation_duration: 1 }
$data merge entity $(bone_neck10) { transformation: [-1.2974347988665536f,0.01197154286377288f,0.10927319797649412f,-0.09687849295631751f,0.046695794357470795f,1.2317762369684706f,0.41948517467672686f,4.093767645163653f,-0.09951609128112913f,0.4219063772280527f,-1.2278080319719653f,0.4170635241905539f,0f,0f,0f,1f], start_interpolation: 0, interpolation_duration: 1 }
$data merge entity $(bone_neck9) { transformation: [-0.9964299255295133f,-0.003929681143667513f,0.0843324440257572f,-0.09600743506034104f,0.03586237006653757f,0.8846090538426606f,0.46495237634923864f,2.9480260545260344f,-0.07642835810390718f,0.4663168230567092f,-0.8813100059637579f,-0.13190753994571006f,0f,0f,0f,1f], start_interpolation: 0, interpolation_duration: 1 }
$data merge entity $(bone_neck8) { transformation: [-0.9967374862829581f,0.03837639940073981f,0.07100447455875344f,-0.12400482656408301f,0.02861318967684231f,0.9906036353502585f,-0.13373751533272016f,2.3055489557624282f,-0.0754696549273071f,-0.13126953035601008f,-0.9884698485969443f,-0.005727944330206403f,0f,0f,0f,1f], start_interpolation: 0, interpolation_duration: 1 }
$data merge entity $(bone_neck7) { transformation: [-0.9979915879612645f,0.024807711907818712f,0.058286943550440465f,-0.14554739210628245f,1.734723475976807e-18f,0.9201275762566252f,-0.39161874752379855f,1.563433344456047f,-0.06334658916274469f,-0.39083221571667737f,-0.9182795809552988f,0.3336636389953783f,0f,0f,0f,1f], start_interpolation: 0, interpolation_duration: 1 }
$data merge entity $(bone_neck6) { transformation: [-0.9979915879612645f,0.01639530371760327f,0.0611881064796183f,-0.15804712364763218f,1.734723475976807e-18f,0.9659258262890684f,-0.25881904510252063f,0.7925307711675225f,-0.06334658916274469f,-0.2582992298164828f,-0.9639858492310239f,0.5305902153891345f,0f,0f,0f,1f], start_interpolation: 0, interpolation_duration: 1 }
$data merge entity $(bone_neck_spine6) { transformation: [-1.077916680327132f,-0.16053227462217906f,-0.1930458406558551f,0.053487559539823815f,-0.1566251297158916f,-0.23515204091230674f,1.0700998850171037f,0.7665679680358298f,-0.19622914292065965f,1.069520726296021f,0.2063037009101322f,-1.7202824658950224f,0f,0f,0f,1f], start_interpolation: 0, interpolation_duration: 1 }
$data merge entity $(bone_neck_spine7) { transformation: [-0.9529493675753387f,0.11192625998762674f,-0.28170909669896044f,0.10123013644024142f,-0.25704824145006167f,0.1941985160782399f,0.9466853426141343f,1.3979305619708298f,0.16066643832858463f,0.9745560264439354f,-0.15629090477892604f,-4.815775989895429f,0f,0f,0f,1f], start_interpolation: 0, interpolation_duration: 1 }
$data merge entity $(bone_tail6) { transformation: [-0.9088525153467341f,0.45528869211399414f,-1.0994969731040967f,-0.9240939374012377f,-0.9481996890276168f,0.558933111830723f,1.0152366265611106f,-0.0021919692196533114f,0.7190957771812274f,1.3124405758038653f,-0.0509438897982221f,-7.8229041411186655f,0f,0f,0f,1f], start_interpolation: 0, interpolation_duration: 1 }
$data merge entity $(bone_tail5) { transformation: [-0.7507912083299109f,0.3761080500072126f,-0.9082801082164278f,-0.6865520110808926f,-0.7832953952836834f,0.4617273532514669f,0.8386737349852654f,0.2894253065181156f,0.594035642019275f,1.0841900408814542f,-0.04208408287679217f,-7.138152536351431f,0f,0f,0f,1f], start_interpolation: 0, interpolation_duration: 1 }
$data merge entity $(bone_tail4) { transformation: [-0.6069554189446016f,0.30405366569004133f,-0.7342727611686489f,-0.5677810479207201f,-0.6332324879767041f,0.37327011294434376f,0.6780015036512461f,0.4352339443869999f,0.480230919021898f,0.8764820541020597f,-0.03402165857829093f,-6.795776733967814f,0f,0f,0f,1f], start_interpolation: 0, interpolation_duration: 1 }
$data merge entity $(bone_segment18) { transformation: [-0.6069554189446016f,0.30405366569004133f,-0.7342727611686489f,-0.41931734397050463f,-0.6332324879767041f,0.37327011294434376f,0.6780015036512461f,0.6174947417231053f,0.480230919021898f,0.8764820541020597f,-0.03402165857829093f,-6.367806980988292f,0f,0f,0f,1f], start_interpolation: 0, interpolation_duration: 1 }
$data merge entity $(bone_segment17) { transformation: [-0.6069554189446016f,0.30405366569004133f,-0.7342727611686489f,-0.2263145288352245f,-0.6332324879767041f,0.37327011294434376f,0.6780015036512461f,0.8544337782600422f,0.480230919021898f,0.8764820541020597f,-0.03402165857829093f,-5.8114463021149145f,0f,0f,0f,1f], start_interpolation: 0, interpolation_duration: 1 }
$data merge entity $(bone_segment16) { transformation: [-0.8250379500576832f,0.4557720927159737f,-0.33404218366235994f,0.15201191531377709f,-0.2605787469210866f,0.2176757371450404f,0.9405934244461844f,1.0351216460073902f,0.5014091120209647f,0.8630695643803376f,-0.06082622314990939f,-5.095031136369517f,0f,0f,0f,1f], start_interpolation: 0, interpolation_duration: 1 }
$data merge entity $(bone_segment15) { transformation: [-0.9529493675753387f,0.18102414456631205f,-0.24314144427019635f,0.33763237605071816f,-0.25704824145006167f,-0.05743883428095814f,0.964690096292004f,0.9762244038247672f,0.16066643832858463f,0.9817998978409399f,0.10126823882307603f,-4.088302725497459f,0f,0f,0f,1f], start_interpolation: 0, interpolation_duration: 1 }
$data merge entity $(bone_segment14) { transformation: [-0.9804032552092005f,-0.011139438732712573f,-0.1966859681825909f,0.3262101000064328f,-0.18239556701092685f,-0.32593438413233916f,0.9276306562285637f,0.642014341970318f,-0.07444000476870966f,0.9453267636880877f,0.31751534694411476f,-3.1189735244501042f,0f,0f,0f,1f], start_interpolation: 0, interpolation_duration: 1 }
$data merge entity $(bone_segment13) { transformation: [-0.9739294241073381f,-0.11255389685808523f,-0.19695963332624322f,0.21011111686403017f,-0.14151541131977027f,-0.37713358123540663f,0.9152833715650872f,0.2145448783400489f,-0.177298802074196f,0.9192942304869627f,0.35137338057462275f,-2.140028767164191f,0f,0f,0f,1f], start_interpolation: 0, interpolation_duration: 1 }
$data merge entity $(bone_segment12) { transformation: [-0.9752494682469632f,-0.14006217767022056f,-0.171087875287207f,0.04597575240674044f,-0.1432494137331437f,-0.1891815893202719f,0.9714370446546533f,-0.007152296644644784f,-0.16842826410411632f,0.971901699066594f,0.16443541954926405f,-1.0010814635705256f,0f,0f,0f,1f], start_interpolation: 0, interpolation_duration: 1 }
$data merge entity $(bone_segment11) { transformation: [-1.02273379545408f,-0.1348170099402545f,-0.08595591533410209f,-0.1055763777783758f,-0.12430206578661158f,0.32041393458682876f,0.976438615007534f,0.3636541008403926f,-0.10056362161007776f,0.9750424330599257f,-0.33275768008463524f,0.12615468969185406f,0f,0f,0f,1f], start_interpolation: 0, interpolation_duration: 1 }
$data merge entity $(bone_segment10) { transformation: [-0.9979806151137194f,-0.060535290301461334f,0.01923981510721702f,-0.16321295740475072f,-0.04125116852047805f,0.8480003960571711f,0.528387802075877f,1.1461591015619557f,-0.04830147982140108f,0.5265271188789793f,-0.8487851083354752f,0.6119751597492112f,0f,0f,0f,1f], start_interpolation: 0, interpolation_duration: 1 }