# This file was generated by Animated Java via MC-Build. It is not recommended to edit this file directly.
$data merge entity $(bone_neck_spine5) { transformation: [-1.3640332564464155f,0.03206292633494146f,0.08710283703346808f,0.04491726935628118f,0.050545358668214996f,1.3326897535154771f,0.3009731678210009f,3.76728259853934f,-0.0778466581269889f,0.3034990111778732f,-1.3308004764760055f,-0.4353516750844279f,0f,0f,0f,1f], start_interpolation: 0, interpolation_duration: 1 }
$data merge entity $(bone_neck_spine2) { transformation: [-1.2990792918537288f,0.03311506207672803f,0.08195970403139648f,-0.10505772741674911f,0.04813843682687142f,1.2775705249040321f,0.24681420490065947f,4.863336353461034f,-0.07413967440665609f,0.24927485533951027f,-1.2758473114439617f,1.1890842627159794f,0f,0f,0f,1f], start_interpolation: 0, interpolation_duration: 1 }
$data merge entity $(bone_scale_neck_left1) { transformation: [-1.3739941284176285f,0.3636669805822428f,0.177047679202113f,0.558864632030902f,0.4025899489048276f,1.1691673153157462f,0.7227921833009512f,4.074263993339649f,0.0389985450686039f,0.7431376281916707f,-1.2237994106269896f,1.0491258672434527f,0f,0f,0f,1f], start_interpolation: 0, interpolation_duration: 1 }
$data merge entity $(bone_scale_neck_right1) { transformation: [-1.3865971960597987f,-0.35849743419776664f,0.016947682894722652f,-0.8051686244155133f,-0.3002939982946558f,1.1959277034440918f,0.7287248185192589f,4.124809352007865f,-0.19654808284511777f,0.701923027269611f,-1.232936467674369f,0.9712792091164638f,0f,0f,0f,1f], start_interpolation: 0, interpolation_duration: 1 }
$data merge entity $(bone_blush_right1) { transformation: [-0.9984175487525465f,0.021550269685961132f,0.05194212374767974f,-0.7721797093162741f,0.03312981458361593f,0.9717587450705011f,0.23363937331849668f,3.650574913713589f,-0.04544022148506941f,0.23499048332957423f,-0.9709349406710631f,2.1657249003904875f,0f,0f,0f,1f], start_interpolation: 0, interpolation_duration: 1 }
$data merge entity $(bone_blush_left1) { transformation: [-0.9984175487525465f,0.021550269685961132f,0.05194212374767974f,0.3783405128790432f,0.03312981458361593f,0.9717587450705011f,0.23363937331849668f,3.6123979789395007f,-0.04544022148506941f,0.23499048332957423f,-0.9709349406710631f,2.218087655617423f,0f,0f,0f,1f], start_interpolation: 0, interpolation_duration: 1 }
$data merge entity $(bone_left_head_scales) { transformation: [-0.9095913853877278f,0.021550269685961132f,-0.4149446921035345f,0.4195237102375277f,-0.07849615219006507f,0.9717587450705011f,0.22253830113119577f,4.30877070043507f,0.408021893677029f,0.23499048332957423f,-0.8822117699423105f,2.0358327602504325f,0f,0f,0f,1f], start_interpolation: 0, interpolation_duration: 1 }
$data merge entity $(bone_left_head_scales2) { transformation: [-0.8476485543503518f,0.021550269685961132f,-0.5301202827512088f,0.395078852512019f,-0.10687168379623076f,0.9717587450705011f,0.21038865126608683f,3.5153596632727893f,0.5196829528763836f,0.23499048332957423f,-0.8214067818287207f,1.9944732430990653f,0f,0f,0f,1f], start_interpolation: 0, interpolation_duration: 1 }
$data merge entity $(bone_left_head_scales1) { transformation: [-0.9984175487525465f,0.021550269685961132f,0.05194212374767974f,0.41741919171350805f,0.03312981458361593f,0.9717587450705011f,0.23363937331849668f,4.213872385486779f,-0.04544022148506941f,0.23499048332957423f,-0.9709349406710631f,2.0128844708627787f,0f,0f,0f,1f], start_interpolation: 0, interpolation_duration: 1 }
$data merge entity $(bone_right_head_scales) { transformation: [-0.8616229781697804f,0.021550269685961132f,0.507091145028486f,-0.7504968547068628f,0.1372691610637714f,0.9717587450705011f,0.19194300924975888f,4.3475947019002446f,-0.4886338311155777f,0.23499048332957423f,-0.8402478514306634f,1.9825825006976168f,0f,0f,0f,1f], start_interpolation: 0, interpolation_duration: 1 }
$data merge entity $(bone_right_head_scales2) { transformation: [-0.7880629978789535f,0.021550269685961132f,0.6152172764564561f,-0.7749417124323714f,0.16114839448239923f,0.9717587450705011f,0.17238368929440415f,3.554183664737964f,-0.594127853521262f,0.23499048332957423f,-0.769279901215904f,1.9412229835462496f,0f,0f,0f,1f], start_interpolation: 0, interpolation_duration: 1 }
$data merge entity $(bone_right_head_scales1) { transformation: [-0.9984175487525465f,0.021550269685961132f,0.05194212374767974f,-0.7526013732308824f,0.03312981458361593f,0.9717587450705011f,0.23363937331849668f,4.252696386951953f,-0.04544022148506941f,0.23499048332957423f,-0.9709349406710631f,1.959634211309963f,0f,0f,0f,1f], start_interpolation: 0, interpolation_duration: 1 }
$data merge entity $(bone_head_left_fin1) { transformation: [-0.722353029079223f,0.05825490956022601f,-0.6890663733576046f,0.41333159251765583f,0.11099051411395433f,0.9932939234268758f,-0.032377267642027585f,3.8751161938809666f,0.6825593066956097f,-0.099867648392126f,-0.723974616715141f,1.855715363535841f,0f,0f,0f,1f], start_interpolation: 0, interpolation_duration: 1 }
$data merge entity $(bone_head_right_fin1) { transformation: [-0.6631937150432394f,0.016886332207206145f,0.7482572740119104f,-0.7566889724267346f,-0.06501485314218713f,0.9946666289637587f,-0.08007100659272443f,3.9139401953461417f,-0.7456186459565282f,-0.10175042511193841f,-0.6585587944834487f,1.8024651039830253f,0f,0f,0f,1f], start_interpolation: 0, interpolation_duration: 1 }
$data merge entity $(bone_right_whisker16) { transformation: [0.23437900244169985f,0.8949890284363567f,-0.3795538462365787f,-1.2013325716556147f,0.9260213054036717f,-0.32437363100729044f,-0.19304478611354808f,1.545876650164526f,-0.2958902248350106f,-0.30622930376711616f,-0.9048052764884796f,2.3197896646090035f,0f,0f,0f,1f], start_interpolation: 0, interpolation_duration: 1 }
$data merge entity $(bone_right_whisker15) { transformation: [-0.8567396745041158f,0.349193367545264f,-0.3795538462365787f,-0.9503346201407371f,0.44246860453632514f,0.8757598098531647f,-0.19304478611354808f,1.4162471761792745f,0.26498804525913816f,-0.3333297879103318f,-0.9048052764884796f,2.2421564482244905f,0f,0f,0f,1f], start_interpolation: 0, interpolation_duration: 1 }
$data merge entity $(bone_right_whisker14) { transformation: [-0.6785505001910458f,-0.6288943444629645f,-0.3795538462365787f,-0.7515405282878916f,-0.6067126227196845f,0.7711248303530213f,-0.19304478611354808f,1.5939950148666822f,0.41408816950389143f,0.09928947333691679f,-0.9048052764884796f,2.120841554815147f,0f,0f,0f,1f], start_interpolation: 0, interpolation_duration: 1 }
$data merge entity $(bone_right_whisker13) { transformation: [-0.09361019850019694f,-0.9830011097394585f,-0.15794286621353834f,-0.7241156654460371f,-0.9954696144051682f,0.09506557896272669f,-0.0016680804857995557f,1.8856365034619462f,0.016654654988298406f,0.15707117478224794f,-0.9874468433894278f,2.115962261361544f,0f,0f,0f,1f], start_interpolation: 0, interpolation_duration: 1 }
$data merge entity $(bone_right_whisker12) { transformation: [0.04702778235816022f,-0.9898732194700366f,-0.13393803441330351f,-0.7424858929296935f,-0.9739715932010953f,-0.07520535157188407f,0.21383051871112596f,2.266094157056124f,-0.22173796094442946f,0.12039586567226894f,-0.9676451375402202f,2.202578652355462f,0f,0f,0f,1f], start_interpolation: 0, interpolation_duration: 1 }
$data merge entity $(bone_right_whisker11) { transformation: [0.29735706133582607f,-0.9479843870743667f,-0.1135974468769434f,-0.8586409950140005f,-0.9533732310154027f,-0.28838905780467067f,-0.0889451163458993f,2.6385055754215156f,0.051558320928567936f,0.13474922338096182f,-0.9895374608074493f,2.18243868324274f,0f,0f,0f,1f], start_interpolation: 0, interpolation_duration: 1 }
$data merge entity $(bone_right_whisker10) { transformation: [0.09909949578312588f,-0.9950729965285503f,0.0030035837299893266f,-0.897351735554284f,-0.9407065457097956f,-0.09466837487384783f,-0.3257439080896041f,3.0059690698394044f,0.3244233111141587f,0.02945556617071621f,-0.9454532695100738f,2.0557108273387716f,0f,0f,0f,1f], start_interpolation: 0, interpolation_duration: 1 }
$data merge entity $(bone_right_whisker1) { transformation: [-0.3350568016329711f,-0.9416633990048694f,-0.031732989995915666f,-0.7664701724164047f,-0.9388407608119125f,0.33651415768310056f,-0.07304962366051143f,3.3727037420315575f,0.07946675731142572f,0.005316451206418937f,-0.9968233393279757f,2.024669125263996f,0f,0f,0f,1f], start_interpolation: 0, interpolation_duration: 1 }
$data merge entity $(bone_left_whisker16) { transformation: [0.28190392544635623f,-0.9354446118724749f,0.21324529288284533f,0.8787639215291845f,-0.9263383862230952f,-0.32324945012270434f,-0.1934088602028357f,1.544599136102154f,0.24985469983077446f,-0.14301458357148125f,-0.9576635410510047f,2.134313196280002f,0f,0f,0f,1f], start_interpolation: 0, interpolation_duration: 1 }
$data merge entity $(bone_left_whisker15) { transformation: [-0.8906459075803856f,-0.4015922215053736f,0.21324529288284533f,0.6178325032927433f,-0.4413954285270329f,0.8762209130524539f,-0.1934088602028357f,1.4152840691508748f,-0.10917849140626555f,-0.26638430726283896f,-0.9576635410510047f,2.1023273101258226f,0f,0f,0f,1f], start_interpolation: 0, interpolation_duration: 1 }
$data merge entity $(bone_left_whisker14) { transformation: [-0.7403693828517574f,0.6374791149512412f,0.21324529288284533f,0.4009274106603925f,0.6075840679194167f,0.7703470732115054f,-0.1934088602028357f,1.5932872140491414f,-0.2875669962742624f,-0.013629555952008876f,-0.9576635410510047f,2.0180791666860975f,0f,0f,0f,1f], start_interpolation: 0, interpolation_duration: 1 }
$data merge entity $(bone_left_whisker13) { transformation: [-0.09386687775330566f,0.9953984878469484f,-0.01925771670928314f,0.37342734881860373f,0.9955847555065883f,0.09385052316354237f,-0.0017532554905718145f,1.8849624353889622f,0.00006215892397679057f,-0.019337261800430685f,-0.999813015739608f,2.0180973773083566f,0f,0f,0f,1f], start_interpolation: 0, interpolation_duration: 1 }
$data merge entity $(bone_left_whisker12) { transformation: [0.08670433072345941f,0.995465801139805f,-0.03911774271202052f,0.4072962280074551f,0.9738894601579346f,-0.07642466929378505f,0.21377228378960017f,2.2653880057631555f,0.20981343719381434f,-0.0566313401256094f,-0.9761000014796101f,2.1000557512121905f,0f,0f,0f,1f], start_interpolation: 0, interpolation_duration: 1 }
$data merge entity $(bone_left_whisker11) { transformation: [0.28470540384541304f,0.9565175588500524f,-0.06337974939014267f,0.5185092763845696f,0.9530157509721046f,-0.28955872855105386f,-0.08897595809527462f,2.637659783486634f,-0.10345922588293097f,-0.03506996337942287f,-0.9940152344145791f,2.0596419911016706f,0f,0f,0f,1f], start_interpolation: 0, interpolation_duration: 1 }
$data merge entity $(bone_left_whisker10) { transformation: [0.04128291714214086f,0.9844699653450693f,-0.170630032777685f,0.5346354158932183f,0.9406203283120886f,-0.09588413288274206f,-0.32563726910073226f,3.0050895992335436f,-0.33694082376330314f,-0.14705482105256995f,-0.9299708387293137f,1.92802448181913f,0f,0f,0f,1f], start_interpolation: 0, interpolation_duration: 1 }
$data merge entity $(bone_left_whisker1) { transformation: [-0.34268641174237996f,0.9281575807523853f,-0.14522234159733152f,0.40077353630635115f,0.9392570042355233f,0.33536578663224614f,-0.0729799229312062f,3.371986866513045f,-0.019034263884958214f,-0.16141032943530798f,-0.986703806798141f,1.9205892224890684f,0f,0f,0f,1f], start_interpolation: 0, interpolation_duration: 1 }
$data merge entity $(bone_upper_left_tooth1) { transformation: [-0.9984175487525465f,0.02599531877872155f,0.04986623852417162f,0.03896552542632373f,0.03312981458361593f,0.9884239227801923f,0.1480559497672127f,3.5497997610804175f,-0.04544022148506941f,0.14947371768109863f,-0.9877210102017568f,2.8595144527801737f,0f,0f,0f,1f], start_interpolation: 0, interpolation_duration: 1 }
$data merge entity $(bone_upper_right_tooth1) { transformation: [-0.9984175487525465f,0.02599531877872155f,0.04986623852417162f,-0.5460447570458715f,0.03312981458361593f,0.9884239227801923f,0.1480559497672127f,3.569211761813005f,-0.04544022148506941f,0.14947371768109863f,-0.9877210102017568f,2.8328893230037657f,0f,0f,0f,1f], start_interpolation: 0, interpolation_duration: 1 }
$data merge entity $(bone_top_lip1) { transformation: [-0.9984175487525465f,0.04668038832357908f,0.031358247542182464f,-0.22637140948351547f,0.03312981458361593f,0.9388415755261925f,-0.34275196782681155f,3.66487526880969f,-0.04544022148506941f,-0.34117068662101735f,-0.938902417113691f,2.8633680295159136f,0f,0f,0f,1f], start_interpolation: 0, interpolation_duration: 1 }
$data merge entity $(bone_muzzle1) { transformation: [-0.9984175487525465f,0.02599531877872155f,0.04986623852417162f,-0.19821475217990803f,0.03312981458361593f,0.9884239227801923f,0.1480559497672127f,3.8819568735954664f,-0.04544022148506941f,0.14947371768109863f,-0.9877210102017568f,2.4029779441167793f,0f,0f,0f,1f], start_interpolation: 0, interpolation_duration: 1 }
$data merge entity $(bone_jaw_right_tooth1) { transformation: [-0.9984175487525465f,0.04961630722208922f,0.026469234983281756f,-0.5504533951822236f,0.03312981458361593f,0.8993002936787632f,-0.43607499031123653f,3.468655745626763f,-0.04544022148506941f,-0.43450800205166906f,-0.8995209738657872f,2.856442454457318f,0f,0f,0f,1f], start_interpolation: 0, interpolation_duration: 1 }
$data merge entity $(bone_jaw_left_tooth1) { transformation: [-0.9984175487525465f,0.04961630722208922f,0.026469234983281756f,0.08330774416265455f,0.03312981458361593f,0.8993002936787632f,-0.43607499031123653f,3.44762607816646f,-0.04544022148506941f,-0.43450800205166906f,-0.8995209738657872f,2.8852863450484265f,0f,0f,0f,1f], start_interpolation: 0, interpolation_duration: 1 }
$data merge entity $(bone_tongue1) { transformation: [-0.9984175487525465f,0.036198122958849076f,0.04303596446244668f,-0.20363097725080367f,0.03312981458361593f,0.9969974629137969f,-0.06998910150235765f,3.3973370955452897f,-0.04544022148506941f,-0.06845257363830942f,-0.9966190001368023f,2.1686544993008616f,0f,0f,0f,1f], start_interpolation: 0, interpolation_duration: 1 }
$data merge entity $(bone_jaw_lips1) { transformation: [-0.9984175487525465f,0.036198122958849076f,0.04303596446244668f,-0.1925671751894739f,0.03312981458361593f,0.9969974629137969f,-0.06998910150235765f,3.3384312374171716f,-0.04544022148506941f,-0.06845257363830942f,-0.9966190001368023f,2.9571693774720305f,0f,0f,0f,1f], start_interpolation: 0, interpolation_duration: 1 }
$data merge entity $(bone_jaw3) { transformation: [-0.9984175487525465f,0.04426618960906444f,0.034682889159516186f,-0.16871333442604378f,0.03312981458361593f,0.9613615288946722f,-0.27328817418057677f,3.054512329558528f,-0.04544022148506941f,-0.27170667128135173f,-0.9613067517980902f,2.226048953501097f,0f,0f,0f,1f], start_interpolation: 0, interpolation_duration: 1 }
$data merge entity $(bone_jaw1) { transformation: [-0.9984175487525465f,0.006776416734023658f,0.05582542896569425f,-0.12509971804659514f,0.03312981458361593f,0.873029177434466f,0.4865413350721136f,3.434622747583617f,-0.04544022148506941f,0.48762089324017505f,-0.8718721527535109f,1.5448988341624168f,0f,0f,0f,1f], start_interpolation: 0, interpolation_duration: 1 }
$data merge entity $(bone_tear_right1) { transformation: [-0.9984175487525465f,0.021550269685961132f,0.05194212374767974f,-0.7206282633295333f,0.03312981458361593f,0.9717587450705011f,0.23363937331849668f,3.9605666387593215f,-0.04544022148506941f,0.23499048332957423f,-0.9709349406710631f,2.333598752831894f,0f,0f,0f,1f], start_interpolation: 0, interpolation_duration: 1 }
$data merge entity $(bone_right_pupil1) { transformation: [-0.9984175487525465f,0.021550269685961132f,0.05194212374767974f,-0.5606897129444846f,0.03312981458361593f,0.9717587450705011f,0.23363937331849668f,4.036436856828837f,-0.04544022148506941f,0.23499048332957423f,-0.9709349406710631f,2.4207596578879356f,0f,0f,0f,1f], start_interpolation: 0, interpolation_duration: 1 }
$data merge entity $(bone_right_sad_pupil1) { transformation: [-0.9984175487525465f,0.021550269685961132f,0.05194212374767974f,-0.5601824656422612f,0.03312981458361593f,0.9717587450705011f,0.23363937331849668f,4.038718491333901f,-0.04544022148506941f,0.23499048332957423f,-0.9709349406710631f,2.411277871357945f,0f,0f,0f,1f], start_interpolation: 0, interpolation_duration: 1 }
$data merge entity $(bone_right_happy_pupil1) { transformation: [-0.9984175487525465f,0.021550269685961132f,0.05194212374767974f,-0.5850837049696643f,0.03312981458361593f,0.9717587450705011f,0.23363937331849668f,4.015803039282226f,-0.04544022148506941f,0.23499048332957423f,-0.9709349406710631f,2.4044315062382764f,0f,0f,0f,1f], start_interpolation: 0, interpolation_duration: 1 }
$data merge entity $(bone_eyelid_right1) { transformation: [-0.9984175487525465f,0.021550269685961132f,0.05194212374767974f,-0.16049044986795663f,0.03312981458361593f,0.9717587450705011f,0.23363937331849668f,4.09289501495645f,-0.04544022148506941f,0.23499048332957423f,-0.9709349406710631f,1.9427988726378398f,0f,0f,0f,1f], start_interpolation: 0, interpolation_duration: 1 }
$data merge entity $(bone_eyelid_expressions_right5) { transformation: [-0.9984175487525465f,0.021550269685961132f,0.05194212374767974f,-0.6702046059199283f,0.03312981458361593f,0.9717587450705011f,0.23363937331849668f,4.137337429402871f,-0.04544022148506941f,0.23499048332957423f,-0.9709349406710631f,2.4291230250718563f,0f,0f,0f,1f], start_interpolation: 0, interpolation_duration: 1 }
$data merge entity $(bone_eyelid_expressions_right7) { transformation: [-0.9984175487525465f,0.021550269685961132f,0.05194212374767974f,-0.37769946468383064f,0.03312981458361593f,0.9717587450705011f,0.23363937331849668f,4.127631429036577f,-0.04544022148506941f,0.23499048332957423f,-0.9709349406710631f,2.44243558996006f,0f,0f,0f,1f], start_interpolation: 0, interpolation_duration: 1 }
$data merge entity $(bone_eyelid_expressions_right6) { transformation: [-0.9984175487525465f,0.021550269685961132f,0.05194212374767974f,-0.4752011784291965f,0.03312981458361593f,0.9717587450705011f,0.23363937331849668f,4.130866762492008f,-0.04544022148506941f,0.23499048332957423f,-0.9709349406710631f,2.437998068330659f,0f,0f,0f,1f], start_interpolation: 0, interpolation_duration: 1 }
$data merge entity $(bone_right_eye1) { transformation: [-0.9984175487525465f,0.021550269685961132f,0.05194212374767974f,-0.17074786854471666f,0.03312981458361593f,0.9717587450705011f,0.23363937331849668f,4.09093691379693f,-0.04544022148506941f,0.23499048332957423f,-0.9709349406710631f,1.9518369070048904f,0f,0f,0f,1f], start_interpolation: 0, interpolation_duration: 1 }
$data merge entity $(bone_tear_left1) { transformation: [-0.9984175487525465f,0.021550269685961132f,0.05194212374767974f,0.33239024512041815f,0.03312981458361593f,0.9717587450705011f,0.23363937331849668f,3.925625037440664f,-0.04544022148506941f,0.23499048332957423f,-0.9709349406710631f,2.381523986429428f,0f,0f,0f,1f], start_interpolation: 0, interpolation_duration: 1 }
$data merge entity $(bone_left_sad_pupil1) { transformation: [-0.9984175487525465f,0.021550269685961132f,0.05194212374767974f,0.17108038744798285f,0.03312981458361593f,0.9717587450705011f,0.23363937331849668f,4.014453490418166f,-0.04544022148506941f,0.23499048332957423f,-0.9709349406710631f,2.444559283578455f,0f,0f,0f,1f], start_interpolation: 0, interpolation_duration: 1 }
$data merge entity $(bone_left_pupil1) { transformation: [-0.9984175487525465f,0.021550269685961132f,0.05194212374767974f,0.17057314014575944f,0.03312981458361593f,0.9717587450705011f,0.23363937331849668f,4.012171855913103f,-0.04544022148506941f,0.23499048332957423f,-0.9709349406710631f,2.4540410701084454f,0f,0f,0f,1f], start_interpolation: 0, interpolation_duration: 1 }
$data merge entity $(bone_eyelid_left1) { transformation: [-0.9984175487525465f,0.021550269685961132f,0.05194212374767974f,-0.1799907926170298f,0.03312981458361593f,0.9717587450705011f,0.23363937331849668f,4.093542081647536f,-0.04544022148506941f,0.23499048332957423f,-0.9709349406710631f,1.9419113683119595f,0f,0f,0f,1f], start_interpolation: 0, interpolation_duration: 1 }
$data merge entity $(bone_left_happy_pupil1) { transformation: [-0.9984175487525465f,0.021550269685961132f,0.05194212374767974f,0.19493000499326266f,0.03312981458361593f,0.9717587450705011f,0.23363937331849668f,3.9899203716387768f,-0.04544022148506941f,0.23499048332957423f,-0.9709349406710631f,2.439931679273487f,0f,0f,0f,1f], start_interpolation: 0, interpolation_duration: 1 }
$data merge entity $(bone_eyelid_expressions_left5) { transformation: [-0.9984175487525465f,0.021550269685961132f,0.05194212374767974f,0.2853121887846572f,0.03312981458361593f,0.9717587450705011f,0.23363937331849668f,4.105631161539645f,-0.04544022148506941f,0.23499048332957423f,-0.9709349406710631f,2.472610737039989f,0f,0f,0f,1f], start_interpolation: 0, interpolation_duration: 1 }
$data merge entity $(bone_eyelid_expressions_left7) { transformation: [-0.9984175487525465f,0.021550269685961132f,0.05194212374767974f,-0.00719295245144036f,0.03312981458361593f,0.9717587450705011f,0.23363937331849668f,4.115337161905939f,-0.04544022148506941f,0.23499048332957423f,-0.9709349406710631f,2.4592981721517853f,0f,0f,0f,1f], start_interpolation: 0, interpolation_duration: 1 }
$data merge entity $(bone_eyelid_expressions_left6) { transformation: [-0.9984175487525465f,0.021550269685961132f,0.05194212374767974f,0.09030876129392551f,0.03312981458361593f,0.9717587450705011f,0.23363937331849668f,4.112101828450507f,-0.04544022148506941f,0.23499048332957423f,-0.9709349406710631f,2.4637356937811865f,0f,0f,0f,1f], start_interpolation: 0, interpolation_duration: 1 }
$data merge entity $(bone_left_eye1) { transformation: [-0.9984175487525465f,0.021550269685961132f,0.05194212374767974f,-0.17074786854471666f,0.03312981458361593f,0.9717587450705011f,0.23363937331849668f,4.09093691379693f,-0.04544022148506941f,0.23499048332957423f,-0.9709349406710631f,1.9518369070048904f,0f,0f,0f,1f], start_interpolation: 0, interpolation_duration: 1 }
$data merge entity $(bone_crest_middle5) { transformation: [-0.9984175487525465f,0.03228177545783456f,0.04604655596509777f,-0.16631414598623356f,0.03312981458361593f,0.9992929984580031f,0.017774099652817205f,5.165007343216586f,-0.04544022148506941f,0.019271486867986853f,-0.9987811552413696f,2.6375080316046216f,0f,0f,0f,1f], start_interpolation: 0, interpolation_duration: 1 }
$data merge entity $(bone_crest_middle4) { transformation: [-0.9984175487525465f,0.03228177545783456f,0.04604655596509777f,-0.1852292487935585f,0.03312981458361593f,0.9992929984580031f,0.017774099652817205f,4.5794841019326f,-0.04544022148506941f,0.019271486867986853f,-0.9987811552413696f,2.6262161447679104f,0f,0f,0f,1f], start_interpolation: 0, interpolation_duration: 1 }
$data merge entity $(bone_crest_middle1) { transformation: [-0.9984175487525465f,0.03228177545783456f,0.04604655596509777f,-0.2027881407743259f,0.03312981458361593f,0.9992929984580031f,0.017774099652817205f,4.139039851475789f,-0.04544022148506941f,0.019271486867986853f,-0.9987811552413696f,2.690900458403143f,0f,0f,0f,1f], start_interpolation: 0, interpolation_duration: 1 }
$data merge entity $(bone_crest_left5) { transformation: [-0.5546246710194395f,-0.8165932075856792f,0.15989686557750535f,-1.14171438553603f,-0.8017723765859456f,0.5758571537081574f,0.15984240572158578f,4.6348462136815f,-0.22260397669471915f,-0.03954834823442979f,-0.9741064611794878f,2.546266153098554f,0f,0f,0f,1f], start_interpolation: 0, interpolation_duration: 1 }
$data merge entity $(bone_crest_left4) { transformation: [-0.5546246710194395f,-0.8165932075856792f,0.15989686557750535f,-0.7429872333945851f,-0.8017723765859456f,0.5758571537081574f,0.15984240572158578f,4.353665962847439f,-0.22260397669471915f,-0.03954834823442979f,-0.9741064611794878f,2.5655768700098966f,0f,0f,0f,1f], start_interpolation: 0, interpolation_duration: 1 }
$data merge entity $(bone_crest_left1) { transformation: [-0.5546246710194395f,-0.8165932075856792f,0.15989686557750535f,-0.296579901899469f,-0.8017723765859456f,0.5758571537081574f,0.15984240572158578f,4.052172491896846f,-0.22260397669471915f,-0.03954834823442979f,-0.9741064611794878f,2.539254866562594f,0f,0f,0f,1f], start_interpolation: 0, interpolation_duration: 1 }
$data merge entity $(bone_crest_center1) { transformation: [-0.9984175487525465f,0.021550269685961132f,0.05194212374767974f,-0.19960431105064874f,0.03312981458361593f,0.9717587450705011f,0.23363937331849668f,4.025212883378949f,-0.04544022148506941f,0.23499048332957423f,-0.9709349406710631f,2.537955389279608f,0f,0f,0f,1f], start_interpolation: 0, interpolation_duration: 1 }
$data merge entity $(bone_crest_right5) { transformation: [-0.5182740448032387f,0.8531126066971573f,-0.059924075109026614f,0.776123174797773f,0.8373736493867051f,0.5204524344046049f,0.16713657539602708f,4.571207906387382f,0.1737739502804777f,0.036443707504891704f,-0.9841110051143701f,2.6335512410087545f,0f,0f,0f,1f], start_interpolation: 0, interpolation_duration: 1 }
$data merge entity $(bone_crest_right4) { transformation: [-0.5182740448032387f,0.8531126066971573f,-0.059924075109026614f,0.35956428480892666f,0.8373736493867051f,0.5204524344046049f,0.16713657539602708f,4.317080741150759f,0.1737739502804777f,0.036443707504891704f,-0.9841110051143701f,2.6157564619536315f,0f,0f,0f,1f], start_interpolation: 0, interpolation_duration: 1 }
$data merge entity $(bone_crest_right1) { transformation: [-0.5182740448032387f,0.8531126066971573f,-0.059924075109026614f,-0.10157647440873724f,0.8373736493867051f,0.5204524344046049f,0.16713657539602708f,4.045701824985983f,0.1737739502804777f,0.036443707504891704f,-0.9841110051143701f,2.5481299098213963f,0f,0f,0f,1f], start_interpolation: 0, interpolation_duration: 1 }
$data merge entity $(bone_head1) { transformation: [-0.9984175487525465f,0.021550269685961132f,0.05194212374767974f,-0.14390152618443755f,0.03312981458361593f,0.9717587450705011f,0.23363937331849668f,4.1689776541012735f,-0.04544022148506941f,0.23499048332957423f,-0.9709349406710631f,1.4188645031615668f,0f,0f,0f,1f], start_interpolation: 0, interpolation_duration: 1 }
$data merge entity $(bone_neck10) { transformation: [-1.2990792918537288f,0.02213387004734615f,0.08558091035965236f,-0.08956528856738909f,0.04813843682687142f,1.2344250136072419f,0.4114590910711175f,4.091814752407272f,-0.07413967440665609f,0.41367376581302795f,-1.2323953631450368f,0.4166806771768198f,0f,0f,0f,1f], start_interpolation: 0, interpolation_duration: 1 }
$data merge entity $(bone_neck9) { transformation: [-0.9976928961436637f,0.006163408827685429f,0.06760841202166981f,-0.1006911206739072f,0.03697031948303725f,0.8845764486981483f,0.46492763080493943f,2.946115763298053f,-0.05693926994431187f,0.46635449906717374f,-0.8827635021555966f,-0.13226724633836207f,0f,0f,0f,1f], start_interpolation: 0, interpolation_duration: 1 }
$data merge entity $(bone_neck8) { transformation: [-0.9979588497139938f,0.03777386286696912f,0.05149048030102185f,-0.12749844258187f,0.030547855161228998f,0.9904381280982436f,-0.13453305524775616f,2.3037793687834407f,-0.0560799681042267f,-0.13268552932914235f,-0.9895704055215446f,-0.005116585740403745f,0f,0f,0f,1f], start_interpolation: 0, interpolation_duration: 1 }
$data merge entity $(bone_neck7) { transformation: [-0.9990693163914895f,0.01687067301898984f,0.039697373174155316f,-0.14214994049504098f,-8.673617379884035e-19f,0.920336848629857f,-0.3911266867065757f,1.5614820210214098f,-0.04313352576641304f,-0.39076267151040694f,-0.9194803062105289f,0.3342450069912811f,0f,0f,0f,1f], start_interpolation: 0, interpolation_duration: 1 }
$data merge entity $(bone_neck6) { transformation: [-0.9990693163914895f,0.011163777950767995f,0.041663786516683336f,-0.15066117211205665f,-8.673617379884035e-19f,0.9659258262890684f,-0.25881904510252074f,0.7905794477328851f,-0.04313352576641304f,-0.2585781664596735f,-0.9650268549555041f,0.5313842438649519f,0f,0f,0f,1f], start_interpolation: 0, interpolation_duration: 1 }
$data merge entity $(bone_neck_spine6) { transformation: [-1.071895080304642f,-0.18721507710857133f,-0.20231937435475197f,0.019020503991259124f,-0.15646218822350244f,-0.25556965264770726f,1.065432031534253f,0.7728433638386732f,-0.2269409570623599f,1.0604604401231208f,0.22105007228874227f,-1.716141163252465f,0f,0f,0f,1f], start_interpolation: 0, interpolation_duration: 1 }
$data merge entity $(bone_neck_spine7) { transformation: [-0.9672039356359929f,0.03321676743952859f,-0.2518197634243874f,0.23059201784150493f,-0.2437279009257253f,0.1577354377761764f,0.9569306359292182f,1.4883621833343728f,0.0715070430138599f,0.9869225795524319f,-0.14446648320280964f,-4.795029086497491f,0f,0f,0f,1f], start_interpolation: 0, interpolation_duration: 1 }
$data merge entity $(bone_tail6) { transformation: [-0.9959815500648631f,0.347083742012835f,-1.0628960013306985f,-0.5488133826016062f,-0.9451511519182072f,0.4991961872709882f,1.0486595006606403f,0.2252001574213507f,0.5974147082572596f,1.3684042985640261f,-0.1129585043873048f,-7.9335373449335105f,0f,0f,0f,1f], start_interpolation: 0, interpolation_duration: 1 }
$data merge entity $(bone_tail5) { transformation: [-0.822767367444887f,0.28672135209755933f,-0.8780445228384033f,-0.367726212855779f,-0.7807770385411278f,0.41237945904994683f,0.8662839353283551f,0.4856503420844753f,0.4935164981255623f,1.1304209422920217f,-0.09331354710255615f,-7.219587276117496f,0f,0f,0f,1f], start_interpolation: 0, interpolation_duration: 1 }
$data merge entity $(bone_tail4) { transformation: [-0.6651424612607086f,0.2317915772746585f,-0.7098296774104144f,-0.2771826279828655f,-0.6311965953679853f,0.3333762363687991f,0.7003221708759755f,0.6158754344160374f,0.39896912690571773f,0.9138560880844975f,-0.07543663597343486f,-6.862612241709489f,0f,0f,0f,1f], start_interpolation: 0, interpolation_duration: 1 }
$data merge entity $(bone_segment18) { transformation: [-0.6651424612607086f,0.2317915772746585f,-0.7098296774104144f,-0.16400314689172368f,-0.6311965953679853f,0.3333762363687991f,0.7003221708759755f,0.7786567998304901f,0.39896912690571773f,0.9138560880844975f,-0.07543663597343486f,-6.4163934486994805f,0f,0f,0f,1f], start_interpolation: 0, interpolation_duration: 1 }
$data merge entity $(bone_segment17) { transformation: [-0.6651424612607086f,0.2317915772746585f,-0.7098296774104144f,-0.016869821473239288f,-0.6311965953679853f,0.3333762363687991f,0.7003221708759755f,0.9902725748692786f,0.39896912690571773f,0.9138560880844975f,-0.07543663597343486f,-5.836309017786469f,0f,0f,0f,1f], start_interpolation: 0, interpolation_duration: 1 }
$data merge entity $(bone_segment16) { transformation: [-0.871583071595943f,0.37993245271779874f,-0.30982943804490093f,0.29850379650540226f,-0.26167455598359385f,0.17389642813883938f,0.9493610793746197f,1.1346201958829636f,0.414571316009888f,0.9085215262460165f,-0.05214652710812488f,-5.082165172758037f,0f,0f,0f,1f], start_interpolation: 0, interpolation_duration: 1 }
$data merge entity $(bone_segment15) { transformation: [-0.9672039356359929f,0.09726068424312109f,-0.2346420810315278f,0.39823399030938383f,-0.2437279009257253f,-0.0953111403515271f,0.9651489505953118f,1.0368890461084486f,0.0715070430138599f,0.990684685369392f,0.11589045247112728f,-4.066326384049188f,0f,0f,0f,1f], start_interpolation: 0, interpolation_duration: 1 }
$data merge entity $(bone_segment14) { transformation: [-0.9759010165517062f,-0.06826415137826158f,-0.20726121569158198f,0.3282365694625336f,-0.17072983474037742f,-0.3526608657270337f,0.9200443670357331f,0.6752739005875644f,-0.13589896770347487f,0.9332579061659563f,0.3325073700775142f,-3.1093724763594874f,0f,0f,0f,1f], start_interpolation: 0, interpolation_duration: 1 }
$data merge entity $(bone_segment13) { transformation: [-0.9684887313811352f,-0.13484134588586155f,-0.20939768056845517f,0.18849965006068387f,-0.14136818888899982f,-0.39456886006904246f,0.9079264561813698f,0.22925474341567484f,-0.20504782943987337f,0.9089187125939843f,0.36307321787552815f,-2.141858931838077f,0f,0f,0f,1f], start_interpolation: 0, interpolation_duration: 1 }
$data merge entity $(bone_segment12) { transformation: [-0.9741629548019753f,-0.13872626324993279f,-0.1782177358631709f,0.025929810314668844f,-0.14871667903637978f,-0.19985371880972308f,0.9684739751042952f,-0.004948833314469436f,-0.16997025289113094f,0.9699554190593681f,0.17405918007818644f,-1.0051924251278794f,0f,0f,0f,1f], start_interpolation: 0, interpolation_duration: 1 }
$data merge entity $(bone_segment11) { transformation: [-1.0240643622683583f,-0.11991646650749815f,-0.09198198142201028f,-0.10876182789424416f,-0.12491679552595732f,0.31699257490632426f,0.9774763237868462f,0.36186166375361484f,-0.08506725598894758f,0.9781023517141123f,-0.3280667819879f,0.12548523055031763f,0f,0f,0f,1f], start_interpolation: 0, interpolation_duration: 1 }
$data merge entity $(bone_segment10) { transformation: [-0.9988869751182854f,-0.0467892541056904f,0.005964615601623192f,-0.15417865626412722f,-0.03655512722776578f,0.8478376017111544f,0.5289944459047183f,1.1442077781273183f,-0.029808280936743904f,0.5281876246419555f,-0.8486043245015222f,0.6128570756074346f,0f,0f,0f,1f], start_interpolation: 0, interpolation_duration: 1 }