# This file was generated by Animated Java via MC-Build. It is not recommended to edit this file directly.
$data merge entity $(bone_left_foot) { transformation: [-1f,1.795361663937926e-18f,1.2245151899063662e-16f,0.26875f,0f,0.9998925328992174f,-0.014660240529660688f,0.4105f,-1.2246467991473532e-16f,-0.014660240529660688f,-0.9998925328992174f,-0.13249999999999995f,0f,0f,0f,1f], start_interpolation: 0, interpolation_duration: 1 }
$data merge entity $(bone_right_foot) { transformation: [-1f,1.795361663937926e-18f,1.2245151899063662e-16f,0.26875f,0f,0.9998925328992174f,-0.014660240529660688f,0.4105f,-1.2246467991473532e-16f,-0.014660240529660688f,-0.9998925328992174f,-0.13249999999999995f,0f,0f,0f,1f], start_interpolation: 0, interpolation_duration: 1 }
$data merge entity $(bone_mouth) { transformation: [-1f,-8.457413944018093e-18f,1.221722962704643e-16f,-3.518946036924973e-17f,0f,0.9976125063612252f,0.06906002571440577f,0.20753125f,-1.2246467991473532e-16f,0.06906002571440577f,-0.9976125063612252f,0.28734375f,0f,0f,0f,1f], start_interpolation: 0, interpolation_duration: 1 }
$data merge entity $(bone_right_wing) { transformation: [-0.9915810044372617f,0.12948788220984692f,1.2246467991473532e-16f,-0.3875f,0.12948788220984692f,0.9915810044372617f,0f,0.3605f,-1.21433650317941e-16f,1.5857692047665853e-17f,-1f,-0.148125f,0f,0f,0f,1f], start_interpolation: 0, interpolation_duration: 1 }
$data merge entity $(bone_left_wing) { transformation: [-0.9915810044372617f,-0.12948788220984692f,1.2246467991473532e-16f,0.3875f,-0.12948788220984692f,0.9915810044372617f,0f,0.3605f,-1.21433650317941e-16f,-1.5857692047665853e-17f,-1f,-0.14812499999999995f,0f,0f,0f,1f], start_interpolation: 0, interpolation_duration: 1 }
$data merge entity $(bone_beat) { transformation: [-1f,0f,1.2246467991473532e-16f,8.57252759403147e-18f,0f,1f,0f,0.4855f,-1.2246467991473532e-16f,0f,-1f,-0.06999999999999998f,0f,0f,0f,1f], start_interpolation: 0, interpolation_duration: 1 }