# This file was generated by Animated Java via MC-Build. It is not recommended to edit this file directly.
$data merge entity $(bone_left_foot) { transformation: [-1f,2.2443500281894057e-17f,1.2039056076667803e-16f,0.26874999999999993f,0f,0.9830635318730154f,-0.1832650875135598f,0.4715f,-1.2246467991473532e-16f,-0.1832650875135598f,-0.9830635318730154f,0.19150000000000003f,0f,0f,0f,1f], start_interpolation: 0, interpolation_duration: 1 }
$data merge entity $(bone_right_foot) { transformation: [-1f,2.2443500281894057e-17f,1.2039056076667803e-16f,0.26874999999999993f,0f,0.9830635318730154f,-0.1832650875135598f,0.4715f,-1.2246467991473532e-16f,-0.1832650875135598f,-0.9830635318730154f,0.19150000000000003f,0f,0f,0f,1f], start_interpolation: 0, interpolation_duration: 1 }
$data merge entity $(bone_mouth) { transformation: [-1f,-2.896277397066638e-17f,1.1899056916639516e-16f,-7.486801666162398e-17f,0f,0.971631732914674f,0.23649899702372465f,0.26853125f,-1.2246467991473532e-16f,0.23649899702372465f,-0.971631732914674f,0.6113437500000001f,0f,0f,0f,1f], start_interpolation: 0, interpolation_duration: 1 }
$data merge entity $(bone_right_wing) { transformation: [-0.925077206834458f,-0.379779095521801f,1.2246467991473532e-16f,-0.38750000000000007f,-0.379779095521801f,0.925077206834458f,0f,0.4215f,-1.132892840313993e-16f,-4.650952537138505e-17f,-1f,0.17587499999999995f,0f,0f,0f,1f], start_interpolation: 0, interpolation_duration: 1 }
$data merge entity $(bone_left_wing) { transformation: [-0.925077206834458f,0.379779095521801f,1.2246467991473532e-16f,0.38749999999999996f,0.379779095521801f,0.925077206834458f,0f,0.4215f,-1.132892840313993e-16f,4.650952537138505e-17f,-1f,0.17587500000000006f,0f,0f,0f,1f], start_interpolation: 0, interpolation_duration: 1 }
$data merge entity $(bone_beat) { transformation: [-1f,0f,1.2246467991473532e-16f,-3.110602869834277e-17f,0f,1f,0f,0.5465f,-1.2246467991473532e-16f,0f,-1f,0.254f,0f,0f,0f,1f], start_interpolation: 0, interpolation_duration: 1 }