# This file was generated by Animated Java via MC-Build. It is not recommended to edit this file directly.
$data merge entity $(bone_left_foot) { transformation: [-1f,6.66542980087546e-18f,1.2228315449066637e-16f,0.26874999999999993f,0f,0.9985177324254199f,-0.05442736473500924f,-0.07950000000000002f,-1.2246467991473532e-16f,-0.05442736473500924f,-0.9985177324254199f,0.35549999999999987f,0f,0f,0f,1f], start_interpolation: 0, interpolation_duration: 1 }
$data merge entity $(bone_right_foot) { transformation: [-1f,6.66542980087546e-18f,1.2228315449066637e-16f,0.26874999999999993f,0f,0.9985177324254199f,-0.05442736473500924f,-0.07950000000000002f,-1.2246467991473532e-16f,-0.05442736473500924f,-0.9985177324254199f,0.35549999999999987f,0f,0f,0f,1f], start_interpolation: 0, interpolation_duration: 1 }
$data merge entity $(bone_mouth) { transformation: [-1f,-8.457413944018115e-18f,1.221722962704643e-16f,-9.495222416764055e-17f,0f,0.9976125063612252f,0.06906002571440595f,-0.28246875f,-1.2246467991473532e-16f,0.06906002571440595f,-0.9976125063612252f,0.7753437499999998f,0f,0f,0f,1f], start_interpolation: 0, interpolation_duration: 1 }
$data merge entity $(bone_right_wing) { transformation: [-0.8890970420186033f,-0.45771874538166996f,1.2246467991473532e-16f,-0.38750000000000007f,-0.45771874538166996f,0.8890970420186033f,0f,-0.1295f,-1.0888298466394623e-16f,-5.605437964414045e-17f,-1f,0.33987499999999976f,0f,0f,0f,1f], start_interpolation: 0, interpolation_duration: 1 }
$data merge entity $(bone_left_wing) { transformation: [-0.8890970420186033f,0.45771874538166996f,1.2246467991473532e-16f,0.38749999999999996f,0.45771874538166996f,0.8890970420186033f,0f,-0.1295f,-1.0888298466394623e-16f,5.605437964414045e-17f,-1f,0.33987499999999987f,0f,0f,0f,1f], start_interpolation: 0, interpolation_duration: 1 }
$data merge entity $(bone_beat) { transformation: [-1f,0f,1.2246467991473532e-16f,-5.1190236204359343e-17f,0f,1f,0f,-0.004500000000000011f,-1.2246467991473532e-16f,0f,-1f,0.4179999999999998f,0f,0f,0f,1f], start_interpolation: 0, interpolation_duration: 1 }