# This file was generated by Animated Java via MC-Build. It is not recommended to edit this file directly.
$data merge entity $(bone_left_foot) { transformation: [-1f,5.5369145710633175e-17f,1.0923303314425196e-16f,0.26875000000000004f,0f,0.8919554047771509f,-0.45212338569115057f,0.394f,-1.2246467991473532e-16f,-0.45212338569115057f,-0.8919554047771509f,-0.37849999999999995f,0f,0f,0f,1f], start_interpolation: 0, interpolation_duration: 1 }
$data merge entity $(bone_right_foot) { transformation: [-1f,5.5369145710633175e-17f,1.0923303314425196e-16f,0.26875000000000004f,0f,0.8919554047771509f,-0.45212338569115057f,0.394f,-1.2246467991473532e-16f,-0.45212338569115057f,-0.8919554047771509f,-0.37849999999999995f,0f,0f,0f,1f], start_interpolation: 0, interpolation_duration: 1 }
$data merge entity $(bone_mouth) { transformation: [-1f,-9.436065764660176e-17f,7.806192487454681e-17f,-5.063149110224842e-18f,0f,0.6374239897486897f,0.7705132427757891f,0.19103125000000004f,-1.2246467991473532e-16f,0.7705132427757891f,-0.6374239897486897f,0.04134375000000001f,0f,0f,0f,1f], start_interpolation: 0, interpolation_duration: 1 }
$data merge entity $(bone_right_wing) { transformation: [-0.9623129786416633f,0.27194435301695374f,1.2246467991473532e-16f,-0.38749999999999996f,0.27194435301695374f,0.9623129786416633f,0f,0.34400000000000003f,-1.1784935090714683e-16f,3.330357814684103e-17f,-1f,-0.39412500000000006f,0f,0f,0f,1f], start_interpolation: 0, interpolation_duration: 1 }
$data merge entity $(bone_left_wing) { transformation: [-0.9623129786416633f,-0.27194435301695374f,1.2246467991473532e-16f,0.38750000000000007f,-0.27194435301695374f,0.9623129786416633f,0f,0.34400000000000003f,-1.1784935090714683e-16f,-3.330357814684103e-17f,-1f,-0.39412499999999995f,0f,0f,0f,1f], start_interpolation: 0, interpolation_duration: 1 }
$data merge entity $(bone_beat) { transformation: [-1f,0f,1.2246467991473532e-16f,3.869883885305636e-17f,0f,1f,0f,0.46900000000000003f,-1.2246467991473532e-16f,0f,-1f,-0.316f,0f,0f,0f,1f], start_interpolation: 0, interpolation_duration: 1 }