# This file was generated by Animated Java via MC-Build. It is not recommended to edit this file directly.
$data merge entity $(bone_head2) {transformation: [-1f,-0.0038f,0.0088f,-0.0669f,-0.0066f,0.9364f,-0.3508f,1.3479f,-0.0069f,-0.3508f,-0.9364f,-0.0892f,0f,0f,0f,1f],start_interpolation: 0,interpolation_duration: 1}
$data merge entity $(bone_head1) {transformation: [-1f,-0.0096f,-0.0006f,-0.0691f,-0.0066f,0.6499f,0.76f,1.2863f,-0.0069f,0.76f,-0.6499f,0.2807f,0f,0f,0f,1f],start_interpolation: 0,interpolation_duration: 1}
$data merge entity $(bone_eyelid_right) {transformation: [-0.9968f,0.0795f,0.0057f,-0.1461f,0.0794f,0.9832f,0.1645f,1.1274f,0.0075f,0.1644f,-0.9864f,0.2797f,0f,0f,0f,1f],start_interpolation: 0,interpolation_duration: 1}
$data merge entity $(bone_eye_right) {transformation: [-0.9968f,0.0795f,0.0057f,-0.1462f,0.0794f,0.9832f,0.1645f,1.1264f,0.0075f,0.1644f,-0.9864f,0.2859f,0f,0f,0f,1f],start_interpolation: 0,interpolation_duration: 1}
$data merge entity $(bone_eyelid_left) {transformation: [-0.9955f,-0.0948f,0.0057f,0.0726f,-0.0926f,0.982f,0.1645f,1.1289f,-0.0212f,0.1632f,-0.9864f,0.2812f,0f,0f,0f,1f],start_interpolation: 0,interpolation_duration: 1}
$data merge entity $(bone_eye_left) {transformation: [-0.9955f,-0.0948f,0.0057f,0.0726f,-0.0926f,0.982f,0.1645f,1.1278f,-0.0212f,0.1632f,-0.9864f,0.2874f,0f,0f,0f,1f],start_interpolation: 0,interpolation_duration: 1}
$data merge entity $(bone_mouth_closed) {transformation: [-1f,-0.0077f,0.0057f,-0.0654f,-0.0066f,0.9864f,0.1645f,0.978f,-0.0069f,0.1644f,-0.9864f,0.0392f,0f,0f,0f,1f],start_interpolation: 0,interpolation_duration: 1}
$data merge entity $(bone_mouth_open) {transformation: [-1f,-0.0077f,0.0057f,-0.0651f,-0.0066f,0.9864f,0.1645f,0.9483f,-0.0069f,0.1644f,-0.9864f,0.0279f,0f,0f,0f,1f],start_interpolation: 0,interpolation_duration: 1}
$data merge entity $(bone_head) {transformation: [-1f,-0.0077f,0.0057f,-0.0339f,-0.0066f,0.9864f,0.1645f,0.9474f,-0.0069f,0.1644f,-0.9864f,0.0343f,0f,0f,0f,1f],start_interpolation: 0,interpolation_duration: 1}
$data merge entity $(bone_neck) {transformation: [-0.9837f,-0.1796f,0.0131f,-0.0198f,-0.17f,0.9503f,0.2609f,0.8732f,-0.0593f,0.2544f,-0.9653f,0.0144f,0f,0f,0f,1f],start_interpolation: 0,interpolation_duration: 1}
$data merge entity $(bone_finger_left2) {transformation: [-0.0703f,-0.4626f,0.8838f,0.1135f,0.4861f,-0.7895f,-0.3746f,0.7769f,0.8711f,0.4033f,0.2803f,0.701f,0f,0f,0f,1f],start_interpolation: 0,interpolation_duration: 1}
$data merge entity $(bone_finger_left) {transformation: [0.4591f,-0.0904f,0.8838f,0.1709f,0.81f,0.4512f,-0.3746f,0.8782f,-0.3649f,0.8878f,0.2803f,0.6554f,0f,0f,0f,1f],start_interpolation: 0,interpolation_duration: 1}
$data merge entity $(bone_finger_left4) {transformation: [-0.0904f,-0.5343f,0.8404f,0.1869f,0.4512f,-0.7743f,-0.4438f,0.7463f,0.8878f,0.3391f,0.3111f,0.724f,0f,0f,0f,1f],start_interpolation: 0,interpolation_duration: 1}
$data merge entity $(bone_finger_left3) {transformation: [0.5343f,-0.0904f,0.8404f,0.2537f,0.7743f,0.4512f,-0.4438f,0.8431f,-0.3391f,0.8878f,0.3111f,0.6816f,0f,0f,0f,1f],start_interpolation: 0,interpolation_duration: 1}
$data merge entity $(bone_thumb_left2) {transformation: [-0.0683f,-0.807f,-0.5866f,0.0606f,0.1191f,-0.5903f,0.7983f,0.8148f,-0.9905f,-0.0154f,0.1365f,0.5182f,0f,0f,0f,1f],start_interpolation: 0,interpolation_duration: 1}
$data merge entity $(bone_thumb_left) {transformation: [-0.0683f,-0.6547f,0.7528f,0.1568f,0.1191f,0.7438f,0.6577f,0.8933f,-0.9905f,0.1346f,0.0272f,0.5526f,0f,0f,0f,1f],start_interpolation: 0,interpolation_duration: 1}
$data merge entity $(bone_hand_left) {transformation: [0.2921f,0.3655f,0.8838f,0.2351f,-0.0262f,0.9268f,-0.3746f,0.7986f,-0.956f,0.0863f,0.2803f,0.5137f,0f,0f,0f,1f],start_interpolation: 0,interpolation_duration: 1}
$data merge entity $(bone_arm_left2) {transformation: [0.1185f,0.4365f,0.8918f,0.3205f,-0.0797f,0.8995f,-0.4297f,0.7518f,-0.9897f,-0.0201f,0.1414f,0.2751f,0f,0f,0f,1f],start_interpolation: 0,interpolation_duration: 1}
$data merge entity $(bone_arm_left) {transformation: [-0.5681f,0.4166f,0.7097f,0.1341f,0.2808f,0.9088f,-0.3087f,0.8413f,-0.7736f,0.024f,-0.6333f,0.1213f,0f,0f,0f,1f],start_interpolation: 0,interpolation_duration: 1}
$data merge entity $(bone_finger_right2) {transformation: [0.8381f,-0.2713f,-0.4732f,-0.5969f,-0.5294f,-0.6134f,-0.5861f,0.7145f,-0.1313f,0.7417f,-0.6577f,0.0391f,0f,0f,0f,1f],start_interpolation: 0,interpolation_duration: 1}
$data merge entity $(bone_finger_right) {transformation: [-0.2345f,-0.8492f,-0.4732f,-0.5676f,-0.6359f,0.5022f,-0.5861f,0.794f,0.7353f,0.1635f,-0.6577f,-0.0528f,0f,0f,0f,1f],start_interpolation: 0,interpolation_duration: 1}
$data merge entity $(bone_finger_right4) {transformation: [0.8417f,-0.2473f,-0.4801f,-0.6146f,-0.5343f,-0.5099f,-0.6742f,0.6602f,-0.0781f,0.8239f,-0.5613f,-0.0175f,0f,0f,0f,1f],start_interpolation: 0,interpolation_duration: 1}
$data merge entity $(bone_finger_right3) {transformation: [-0.021f,-0.877f,-0.4801f,-0.6119f,-0.6308f,0.3841f,-0.6742f,0.7391f,0.7756f,0.2887f,-0.5613f,-0.1145f,0f,0f,0f,1f],start_interpolation: 0,interpolation_duration: 1}
$data merge entity $(bone_thumb_right2) {transformation: [-0.9354f,0.2735f,-0.2242f,-0.3979f,-0.2138f,0.0676f,0.9745f,0.7934f,0.2817f,0.9595f,-0.0047f,0.028f,0f,0f,0f,1f],start_interpolation: 0,interpolation_duration: 1}
$data merge entity $(bone_thumb_right) {transformation: [-0.9354f,-0.1171f,-0.3337f,-0.4689f,-0.2138f,0.9389f,0.2698f,0.8204f,0.2817f,0.3237f,-0.9032f,-0.0761f,0f,0f,0f,1f],start_interpolation: 0,interpolation_duration: 1}
$data merge entity $(bone_hand_right) {transformation: [-0.8164f,-0.3309f,-0.4732f,-0.4415f,0.0113f,0.8102f,-0.5861f,0.7141f,0.5773f,-0.4838f,-0.6577f,-0.1436f,0f,0f,0f,1f],start_interpolation: 0,interpolation_duration: 1}
$data merge entity $(bone_arm_right2) {transformation: [-0.8723f,-0.3772f,-0.3112f,-0.2429f,-0.1525f,0.8146f,-0.5597f,0.7173f,0.4646f,-0.4407f,-0.768f,-0.3078f,0f,0f,0f,1f],start_interpolation: 0,interpolation_duration: 1}
$data merge entity $(bone_arm_right) {transformation: [-0.5034f,-0.4766f,0.7207f,-0.1621f,-0.5977f,0.7944f,0.1078f,0.86f,-0.6239f,-0.3765f,-0.6848f,-0.109f,0f,0f,0f,1f],start_interpolation: 0,interpolation_duration: 1}
$data merge entity $(bone_torso) {transformation: [-0.8117f,-0.0552f,0.5814f,0f,0.004f,0.995f,0.1001f,0.5156f,-0.584f,0.0836f,-0.8074f,-0.0156f,0f,0f,0f,1f],start_interpolation: 0,interpolation_duration: 1}
$data merge entity $(bone_foot_right) {transformation: [-0.413f,-0.1816f,0.8925f,-0.1055f,0.005f,0.9795f,0.2016f,0.1482f,-0.9107f,0.0877f,-0.4036f,-0.1978f,0f,0f,0f,1f],start_interpolation: 0,interpolation_duration: 1}
$data merge entity $(bone_leg_right3) {transformation: [-0.4309f,-0.4818f,0.763f,-0.2209f,0.2191f,0.7644f,0.6064f,0.2178f,-0.8754f,0.4285f,-0.2239f,-0.1235f,0f,0f,0f,1f],start_interpolation: 0,interpolation_duration: 1}
$data merge entity $(bone_leg_right2) {transformation: [-0.4766f,0.2826f,0.8325f,-0.1508f,0.3264f,0.9361f,-0.1309f,0.3599f,-0.8163f,0.2094f,-0.5384f,-0.1076f,0f,0f,0f,1f],start_interpolation: 0,interpolation_duration: 1}
$data merge entity $(bone_leg_right) {transformation: [-0.4766f,0.2826f,0.8325f,-0.1094f,0.3264f,0.9361f,-0.1309f,0.4375f,-0.8163f,0.2094f,-0.5384f,-0.0625f,0f,0f,0f,1f],start_interpolation: 0,interpolation_duration: 1}
$data merge entity $(bone_foot_left) {transformation: [-0.9397f,0.0298f,-0.3407f,0.1184f,0f,0.9962f,0.0872f,0.128f,0.342f,0.0819f,-0.9361f,0.1018f,0f,0f,0f,1f],start_interpolation: 0,interpolation_duration: 1}
$data merge entity $(bone_leg_left3) {transformation: [-0.9397f,0.171f,-0.2962f,0.161f,0f,0.866f,0.5f,0.2185f,0.342f,0.4698f,-0.8138f,0.2188f,0f,0f,0f,1f],start_interpolation: 0,interpolation_duration: 1}
$data merge entity $(bone_leg_left2) {transformation: [-0.9537f,-0.1151f,-0.2778f,0.1343f,0f,0.9239f,-0.3827f,0.3509f,0.3007f,-0.365f,-0.8811f,0.1342f,0f,0f,0f,1f],start_interpolation: 0,interpolation_duration: 1}
$data merge entity $(bone_leg_left) {transformation: [-0.9537f,-0.1151f,-0.2778f,0.0937f,0f,0.9239f,-0.3827f,0.4375f,0.3007f,-0.365f,-0.8811f,0.1094f,0f,0f,0f,1f],start_interpolation: 0,interpolation_duration: 1}