# This file was generated by Animated Java via MC-Build. It is not recommended to edit this file directly.
$data merge entity $(bone_head2) {transformation: [-0.905f,0.3022f,-0.2995f,0.1581f,0.1945f,0.9199f,0.3405f,1.1198f,0.3784f,0.2499f,-0.8913f,0.9447f,0f,0f,0f,1f],start_interpolation: 0,interpolation_duration: 1}
$data merge entity $(bone_head1) {transformation: [-0.905f,0.3848f,0.1815f,0.1987f,0.1945f,-0.0053f,0.9809f,0.8367f,0.3784f,0.923f,-0.07f,1.1873f,0f,0f,0f,1f],start_interpolation: 0,interpolation_duration: 1}
$data merge entity $(bone_eyelid_right) {transformation: [-0.8657f,0.4887f,-0.1083f,0.0672f,0.2483f,0.6071f,0.7548f,0.73f,0.4346f,0.6266f,-0.6469f,1.134f,0f,0f,0f,1f],start_interpolation: 0,interpolation_duration: 1}
$data merge entity $(bone_eye_right) {transformation: [-0.8657f,0.4887f,-0.1083f,0.0672f,0.2483f,0.6071f,0.7548f,0.73f,0.4346f,0.6266f,-0.6469f,1.134f,0f,0f,0f,1f],start_interpolation: 0,interpolation_duration: 1}
$data merge entity $(bone_eyelid_left) {transformation: [-0.9374f,0.331f,-0.1083f,0.2651f,0.1392f,0.641f,0.7548f,0.6875f,0.3192f,0.6925f,-0.6469f,1.0512f,0f,0f,0f,1f],start_interpolation: 0,interpolation_duration: 1}
$data merge entity $(bone_eye_left) {transformation: [-0.9374f,0.331f,-0.1083f,0.2651f,0.1392f,0.641f,0.7548f,0.6875f,0.3192f,0.6925f,-0.6469f,1.0512f,0f,0f,0f,1f],start_interpolation: 0,interpolation_duration: 1}
$data merge entity $(bone_mouth_closed) {transformation: [-0.905f,0.4114f,-0.1083f,0.037f,0.1945f,0.6264f,0.7548f,0.7629f,0.3784f,0.6621f,-0.6469f,0.8384f,0f,0f,0f,1f],start_interpolation: 0,interpolation_duration: 1}
$data merge entity $(bone_mouth_open) {transformation: [-0.905f,0.4114f,-0.1083f,0.0235f,0.1945f,0.6264f,0.7548f,0.7481f,0.3784f,0.6621f,-0.6469f,0.8137f,0f,0f,0f,1f],start_interpolation: 0,interpolation_duration: 1}
$data merge entity $(bone_head) {transformation: [-0.905f,0.4114f,-0.1083f,0.0524f,0.1945f,0.6264f,0.7548f,0.7373f,0.3784f,0.6621f,-0.6469f,0.8059f,0f,0f,0f,1f],start_interpolation: 0,interpolation_duration: 1}
$data merge entity $(bone_neck) {transformation: [-0.9365f,0.3146f,-0.1551f,0.0278f,0.1378f,0.7365f,0.6622f,0.6798f,0.3226f,0.5987f,-0.7331f,0.7591f,0f,0f,0f,1f],start_interpolation: 0,interpolation_duration: 1}
$data merge entity $(bone_finger_left2) {transformation: [0.7244f,-0.6779f,-0.1251f,0.321f,-0.6664f,-0.6421f,-0.3789f,0.0831f,0.1766f,0.3579f,-0.9169f,0.7168f,0f,0f,0f,1f],start_interpolation: 0,interpolation_duration: 1}
$data merge entity $(bone_finger_left) {transformation: [0.7089f,0.6941f,-0.1251f,0.4096f,0.6124f,-0.6938f,-0.3789f,0.1597f,-0.3498f,0.192f,-0.9169f,0.673f,0f,0f,0f,1f],start_interpolation: 0,interpolation_duration: 1}
$data merge entity $(bone_finger_left4) {transformation: [0.6941f,-0.6953f,-0.1864f,0.311f,-0.6938f,-0.5771f,-0.4309f,0.052f,0.192f,0.4284f,-0.8829f,0.6406f,0f,0f,0f,1f],start_interpolation: 0,interpolation_duration: 1}
$data merge entity $(bone_finger_left3) {transformation: [0.6953f,0.6941f,-0.1864f,0.3979f,0.5771f,-0.6938f,-0.4309f,0.1242f,-0.4284f,0.192f,-0.8829f,0.5871f,0f,0f,0f,1f],start_interpolation: 0,interpolation_duration: 1}
$data merge entity $(bone_thumb_left2) {transformation: [-0.2186f,-0.6793f,0.7006f,0.2894f,0.9748f,-0.1846f,0.1251f,0.2678f,0.0443f,0.7103f,0.7025f,0.7671f,0f,0f,0f,1f],start_interpolation: 0,interpolation_duration: 1}
$data merge entity $(bone_thumb_left) {transformation: [-0.2186f,0.6387f,0.7377f,0.3884f,0.9748f,0.1086f,0.1948f,0.2617f,0.0443f,0.7617f,-0.6464f,0.6849f,0f,0f,0f,1f],start_interpolation: 0,interpolation_duration: 1}
$data merge entity $(bone_hand_left) {transformation: [-0.2884f,0.9493f,-0.1251f,0.2993f,0.8982f,0.2229f,-0.3789f,0.2683f,-0.3319f,-0.2216f,-0.9169f,0.5921f,0f,0f,0f,1f],start_interpolation: 0,interpolation_duration: 1}
$data merge entity $(bone_arm_left2) {transformation: [-0.3756f,0.9002f,-0.2201f,0.1917f,0.9111f,0.3153f,-0.2654f,0.4795f,-0.1695f,-0.3003f,-0.9387f,0.491f,0f,0f,0f,1f],start_interpolation: 0,interpolation_duration: 1}
$data merge entity $(bone_arm_left) {transformation: [-0.0635f,0.913f,-0.403f,0.201f,0.7272f,0.3188f,0.6078f,0.6234f,0.6834f,-0.2545f,-0.6842f,0.7046f,0f,0f,0f,1f],start_interpolation: 0,interpolation_duration: 1}
$data merge entity $(bone_finger_right2) {transformation: [-0.1269f,0.99f,-0.0612f,0.0152f,-0.5768f,-0.1238f,-0.8075f,0.6352f,-0.807f,-0.0672f,0.5868f,1.1392f,0f,0f,0f,1f],start_interpolation: 0,interpolation_duration: 1}
$data merge entity $(bone_finger_right) {transformation: [0.9835f,0.17f,-0.0612f,-0.1078f,-0.1489f,0.5708f,-0.8075f,0.6538f,-0.1024f,0.8033f,0.5868f,1.152f,0f,0f,0f,1f],start_interpolation: 0,interpolation_duration: 1}
$data merge entity $(bone_finger_right4) {transformation: [-0.0837f,0.9946f,0.0619f,0.0039f,-0.5538f,0.0053f,-0.8326f,0.5608f,-0.8284f,-0.1039f,0.5504f,1.1677f,0f,0f,0f,1f],start_interpolation: 0,interpolation_duration: 1}
$data merge entity $(bone_finger_right3) {transformation: [0.939f,0.3382f,0.0619f,-0.1135f,-0.1383f,0.5363f,-0.8326f,0.5781f,-0.3148f,0.7733f,0.5504f,1.207f,0f,0f,0f,1f],start_interpolation: 0,interpolation_duration: 1}
$data merge entity $(bone_thumb_right2) {transformation: [0.6544f,0.6305f,-0.4175f,-0.1022f,0.0257f,0.5333f,0.8455f,0.6833f,0.7557f,-0.564f,0.3328f,0.9665f,0f,0f,0f,1f],start_interpolation: 0,interpolation_duration: 1}
$data merge entity $(bone_thumb_right) {transformation: [0.6544f,-0.1767f,-0.7352f,-0.1737f,0.0257f,0.9769f,-0.2119f,0.6577f,0.7557f,0.1198f,0.6438f,1.0706f,0f,0f,0f,1f],start_interpolation: 0,interpolation_duration: 1}
$data merge entity $(bone_hand_right) {transformation: [0.7336f,-0.6768f,-0.0612f,-0.183f,0.3622f,0.4656f,-0.8075f,0.5302f,0.575f,0.5702f,0.5868f,1.054f,0f,0f,0f,1f],start_interpolation: 0,interpolation_duration: 1}
$data merge entity $(bone_arm_right2) {transformation: [0.2831f,-0.8355f,-0.4709f,-0.2832f,0.0433f,0.5016f,-0.864f,0.4654f,0.9581f,0.2242f,0.1782f,0.8256f,0f,0f,0f,1f],start_interpolation: 0,interpolation_duration: 1}
$data merge entity $(bone_arm_right) {transformation: [-0.4299f,-0.8355f,-0.3421f,-0.1543f,-0.851f,0.5016f,-0.1557f,0.6879f,0.3017f,0.2242f,-0.9267f,0.8081f,0f,0f,0f,1f],start_interpolation: 0,interpolation_duration: 1}
$data merge entity $(bone_torso) {transformation: [-0.9365f,0.0774f,-0.3421f,0f,0.1378f,0.9782f,-0.1557f,0.3282f,0.3226f,-0.1929f,-0.9267f,0.8284f,0f,0f,0f,1f],start_interpolation: 0,interpolation_duration: 1}
$data merge entity $(bone_foot_right) {transformation: [-0.996f,0.0853f,-0.0283f,-0.1973f,0.0806f,0.7081f,-0.7015f,0.267f,-0.0398f,-0.701f,-0.7121f,1.1512f,0f,0f,0f,1f],start_interpolation: 0,interpolation_duration: 1}
$data merge entity $(bone_leg_right3) {transformation: [-0.9763f,0.2146f,-0.0283f,-0.1653f,0.1723f,0.6915f,-0.7015f,0.4081f,-0.131f,-0.6898f,-0.7121f,1.0987f,0f,0f,0f,1f],start_interpolation: 0,interpolation_duration: 1}
$data merge entity $(bone_leg_right2) {transformation: [-0.9763f,0.0651f,-0.2064f,-0.1616f,0.1723f,-0.3435f,-0.9232f,0.3255f,-0.131f,-0.9369f,0.3242f,0.9624f,0f,0f,0f,1f],start_interpolation: 0,interpolation_duration: 1}
$data merge entity $(bone_leg_right) {transformation: [-0.9763f,0.0651f,-0.2064f,-0.125f,0.1723f,-0.3435f,-0.9232f,0.2879f,-0.131f,-0.9369f,0.3242f,0.8787f,0f,0f,0f,1f],start_interpolation: 0,interpolation_duration: 1}
$data merge entity $(bone_foot_left) {transformation: [-0.99f,-0.0853f,-0.1124f,0.1819f,-0.0805f,0.9957f,-0.0466f,0.107f,0.1158f,-0.0371f,-0.9926f,0.9566f,0f,0f,0f,1f],start_interpolation: 0,interpolation_duration: 1}
$data merge entity $(bone_leg_left3) {transformation: [-0.99f,-0.0328f,-0.1372f,0.1859f,-0.0805f,0.9301f,0.3584f,0.2154f,0.1158f,0.3658f,-0.9234f,1.0657f,0f,0f,0f,1f],start_interpolation: 0,interpolation_duration: 1}
$data merge entity $(bone_leg_left2) {transformation: [-0.9914f,-0.1245f,0.0392f,0.1677f,-0.1039f,0.5707f,-0.8146f,0.2791f,0.079f,-0.8117f,-0.5787f,0.9208f,0f,0f,0f,1f],start_interpolation: 0,interpolation_duration: 1}
$data merge entity $(bone_leg_left) {transformation: [-0.9914f,-0.1245f,0.0392f,0.125f,-0.1039f,0.5707f,-0.8146f,0.3294f,0.079f,-0.8117f,-0.5787f,0.8472f,0f,0f,0f,1f],start_interpolation: 0,interpolation_duration: 1}