# This file was generated by Animated Java via MC-Build. It is not recommended to edit this file directly.
$data merge entity $(bone_head2) {transformation: [-0.9782f,0.0449f,0.2028f,-0.0623f,-0.1308f,0.6253f,-0.7693f,2.4597f,-0.1613f,-0.7791f,-0.6058f,0.2824f,0f,0f,0f,1f],start_interpolation: 0,interpolation_duration: 1}
$data merge entity $(bone_head1) {transformation: [-0.9782f,-0.1752f,0.1115f,-0.1366f,-0.1308f,0.9368f,0.3245f,2.5923f,-0.1613f,0.3028f,-0.9393f,0.6252f,0f,0f,0f,1f],start_interpolation: 0,interpolation_duration: 1}
$data merge entity $(bone_eyelid_right) {transformation: [-0.9799f,0.023f,0.1981f,-0.2095f,-0.0496f,0.9341f,-0.3536f,2.4486f,-0.1931f,-0.3563f,-0.9142f,0.6999f,0f,0f,0f,1f],start_interpolation: 0,interpolation_duration: 1}
$data merge entity $(bone_eye_right) {transformation: [-0.9799f,0.023f,0.1981f,-0.2095f,-0.0496f,0.9341f,-0.3536f,2.4486f,-0.1931f,-0.3563f,-0.9142f,0.6999f,0f,0f,0f,1f],start_interpolation: 0,interpolation_duration: 1}
$data merge entity $(bone_eyelid_left) {transformation: [-0.969f,-0.1476f,0.1981f,0.0044f,-0.211f,0.9113f,-0.3536f,2.4773f,-0.1283f,-0.3844f,-0.9142f,0.7352f,0f,0f,0f,1f],start_interpolation: 0,interpolation_duration: 1}
$data merge entity $(bone_eye_left) {transformation: [-0.969f,-0.1476f,0.1981f,0.0044f,-0.211f,0.9113f,-0.3536f,2.4773f,-0.1283f,-0.3844f,-0.9142f,0.7352f,0f,0f,0f,1f],start_interpolation: 0,interpolation_duration: 1}
$data merge entity $(bone_mouth_closed) {transformation: [-0.9782f,-0.0625f,0.1981f,-0.0767f,-0.1308f,0.9262f,-0.3536f,2.2054f,-0.1613f,-0.3718f,-0.9142f,0.5759f,0f,0f,0f,1f],start_interpolation: 0,interpolation_duration: 1}
$data merge entity $(bone_mouth_open) {transformation: [-0.9782f,-0.0625f,0.1981f,-0.076f,-0.1308f,0.9262f,-0.3536f,2.1787f,-0.1613f,-0.3718f,-0.9142f,0.5932f,0f,0f,0f,1f],start_interpolation: 0,interpolation_duration: 1}
$data merge entity $(bone_head) {transformation: [-0.9782f,-0.0625f,0.1981f,-0.0454f,-0.1308f,0.9262f,-0.3536f,2.1828f,-0.1613f,-0.3718f,-0.9142f,0.5983f,0f,0f,0f,1f],start_interpolation: 0,interpolation_duration: 1}
$data merge entity $(bone_neck) {transformation: [-0.8893f,-0.1512f,0.4315f,-0.0336f,-0.3727f,0.7864f,-0.4927f,2.1213f,-0.2649f,-0.599f,-0.7557f,0.6451f,0f,0f,0f,1f],start_interpolation: 0,interpolation_duration: 1}
$data merge entity $(bone_finger_left2) {transformation: [0.7092f,-0.705f,-0.0051f,0.2546f,0.6313f,0.6318f,0.4496f,2.8492f,-0.3138f,-0.3221f,0.8932f,0.6753f,0f,0f,0f,1f],start_interpolation: 0,interpolation_duration: 1}
$data merge entity $(bone_finger_left) {transformation: [0.7353f,0.6778f,-0.0051f,0.3465f,-0.6037f,0.6583f,0.4496f,2.7738f,0.3081f,-0.3275f,0.8932f,0.7138f,0f,0f,0f,1f],start_interpolation: 0,interpolation_duration: 1}
$data merge entity $(bone_finger_left4) {transformation: [0.6778f,-0.732f,-0.0692f,0.2545f,0.6583f,0.5622f,0.5005f,2.8862f,-0.3275f,-0.3848f,0.8629f,0.7495f,0f,0f,0f,1f],start_interpolation: 0,interpolation_duration: 1}
$data merge entity $(bone_finger_left3) {transformation: [0.732f,0.6778f,-0.0692f,0.346f,-0.5622f,0.6583f,0.5005f,2.8159f,0.3848f,-0.3275f,0.8629f,0.7976f,0f,0f,0f,1f],start_interpolation: 0,interpolation_duration: 1}
$data merge entity $(bone_thumb_left2) {transformation: [-0.2398f,-0.7576f,0.607f,0.2137f,-0.9691f,0.1494f,-0.1963f,2.6623f,0.058f,-0.6353f,-0.7701f,0.6436f,0f,0f,0f,1f],start_interpolation: 0,interpolation_duration: 1}
$data merge entity $(bone_thumb_left) {transformation: [-0.2398f,0.5387f,0.8077f,0.3222f,-0.9691f,-0.1825f,-0.166f,2.6718f,0.058f,-0.8225f,0.5658f,0.7125f,0f,0f,0f,1f],start_interpolation: 0,interpolation_duration: 1}
$data merge entity $(bone_hand_left) {transformation: [-0.2617f,0.9651f,-0.0051f,0.245f,-0.8627f,-0.2315f,0.4496f,2.6745f,0.4328f,0.1221f,0.8932f,0.8157f,0f,0f,0f,1f],start_interpolation: 0,interpolation_duration: 1}
$data merge entity $(bone_arm_left2) {transformation: [-0.3684f,0.9244f,-0.0988f,0.1468f,-0.8854f,-0.3164f,0.3407f,2.4745f,0.2836f,0.213f,0.935f,0.945f,0f,0f,0f,1f],start_interpolation: 0,interpolation_duration: 1}
$data merge entity $(bone_arm_left) {transformation: [-0.1884f,0.9442f,-0.2702f,0.1165f,-0.8981f,-0.277f,-0.3417f,2.2713f,-0.3975f,0.1783f,0.9001f,0.7894f,0f,0f,0f,1f],start_interpolation: 0,interpolation_duration: 1}
$data merge entity $(bone_finger_right2) {transformation: [0.5605f,-0.2708f,0.7826f,-0.6073f,-0.0331f,-0.9516f,-0.3056f,1.4978f,0.8275f,0.1453f,-0.5423f,0.3913f,0f,0f,0f,1f],start_interpolation: 0,interpolation_duration: 1}
$data merge entity $(bone_finger_right) {transformation: [-0.2461f,-0.5717f,0.7826f,-0.5765f,-0.9521f,-0.0084f,-0.3056f,1.6168f,0.1813f,-0.8204f,-0.5423f,0.3687f,0f,0f,0f,1f],start_interpolation: 0,interpolation_duration: 1}
$data merge entity $(bone_finger_right4) {transformation: [0.522f,-0.3925f,0.7573f,-0.5337f,-0.0622f,-0.903f,-0.4252f,1.4771f,0.8507f,0.1748f,-0.4958f,0.3664f,0f,0f,0f,1f],start_interpolation: 0,interpolation_duration: 1}
$data merge entity $(bone_finger_right3) {transformation: [-0.244f,-0.6058f,0.7573f,-0.5032f,-0.8883f,-0.1736f,-0.4252f,1.5882f,0.389f,-0.7764f,-0.4958f,0.3178f,0f,0f,0f,1f],start_interpolation: 0,interpolation_duration: 1}
$data merge entity $(bone_thumb_right2) {transformation: [-0.258f,-0.7498f,-0.6093f,-0.6106f,-0.6586f,-0.3249f,0.6787f,1.6395f,-0.7069f,0.5764f,-0.41f,0.5521f,0f,0f,0f,1f],start_interpolation: 0,interpolation_duration: 1}
$data merge entity $(bone_thumb_right) {transformation: [-0.258f,-0.829f,0.4962f,-0.5566f,-0.6586f,0.5266f,0.5375f,1.6861f,-0.7069f,-0.1881f,-0.6819f,0.4448f,0f,0f,0f,1f],start_interpolation: 0,interpolation_duration: 1}
$data merge entity $(bone_hand_right) {transformation: [-0.6034f,-0.1528f,0.7826f,-0.436f,-0.5863f,0.7503f,-0.3056f,1.6472f,-0.5405f,-0.6433f,-0.5423f,0.4679f,0f,0f,0f,1f],start_interpolation: 0,interpolation_duration: 1}
$data merge entity $(bone_arm_right2) {transformation: [-0.632f,-0.4267f,0.6469f,-0.2376f,-0.7571f,0.5183f,-0.3978f,1.8116f,-0.1655f,-0.7411f,-0.6506f,0.4686f,0f,0f,0f,1f],start_interpolation: 0,interpolation_duration: 1}
$data merge entity $(bone_arm_right) {transformation: [-0.387f,-0.4267f,0.8174f,-0.1919f,-0.8453f,0.5183f,-0.1297f,2.031f,-0.3683f,-0.7411f,-0.5613f,0.5958f,0f,0f,0f,1f],start_interpolation: 0,interpolation_duration: 1}
$data merge entity $(bone_torso) {transformation: [-0.8893f,-0.0935f,0.4476f,0f,-0.3727f,0.7153f,-0.5911f,1.8643f,-0.2649f,-0.6925f,-0.671f,0.8939f,0f,0f,0f,1f],start_interpolation: 0,interpolation_duration: 1}
$data merge entity $(bone_foot_right) {transformation: [-1f,0f,0f,-0.1563f,0f,0.0404f,0.9992f,1.2668f,0f,0.9992f,-0.0404f,0.8464f,0f,0f,0f,1f],start_interpolation: 0,interpolation_duration: 1}
$data merge entity $(bone_leg_right3) {transformation: [-1f,0f,0f,-0.1563f,0f,0.9136f,0.4067f,1.3698f,0f,0.4067f,-0.9136f,0.9607f,0f,0f,0f,1f],start_interpolation: 0,interpolation_duration: 1}
$data merge entity $(bone_leg_right2) {transformation: [-1f,0f,0f,-0.1563f,0f,0.9976f,0.0697f,1.5591f,0f,0.0697f,-0.9976f,0.9426f,0f,0f,0f,1f],start_interpolation: 0,interpolation_duration: 1}
$data merge entity $(bone_leg_right) {transformation: [-1f,0f,0f,-0.125f,0f,0.9976f,0.0697f,1.6526f,0f,0.0697f,-0.9976f,0.9491f,0f,0f,0f,1f],start_interpolation: 0,interpolation_duration: 1}
$data merge entity $(bone_foot_left) {transformation: [-1f,0f,0f,0.1562f,0f,0.6032f,0.7976f,1.6049f,0f,0.7976f,-0.6032f,1.1969f,0f,0f,0f,1f],start_interpolation: 0,interpolation_duration: 1}
$data merge entity $(bone_leg_left3) {transformation: [-1f,0f,0f,0.1562f,0f,1f,0.007f,1.7451f,0f,0.007f,-1f,1.2603f,0f,0f,0f,1f],start_interpolation: 0,interpolation_duration: 1}
$data merge entity $(bone_leg_left2) {transformation: [-1f,0f,0f,0.1562f,0f,0.0941f,-0.9956f,1.8065f,0f,-0.9956f,-0.0941f,1.1092f,0f,0f,0f,1f],start_interpolation: 0,interpolation_duration: 1}
$data merge entity $(bone_leg_left) {transformation: [-1f,0f,0f,0.125f,0f,0.0941f,-0.9956f,1.8153f,0f,-0.9956f,-0.0941f,1.0159f,0f,0f,0f,1f],start_interpolation: 0,interpolation_duration: 1}