# This file was generated by Animated Java via MC-Build. It is not recommended to edit this file directly.
$data merge entity $(bone_head2) {transformation: [-0.9906f,-0.1118f,0.0794f,-0.1908f,-0.0664f,0.8976f,0.4359f,1.524f,-0.1199f,0.4265f,-0.8965f,0.7708f,0f,0f,0f,1f],start_interpolation: 0,interpolation_duration: 1}
$data merge entity $(bone_head1) {transformation: [-0.9906f,-0.1128f,-0.0779f,-0.1957f,-0.0664f,-0.1026f,0.9925f,1.2142f,-0.1199f,0.9883f,0.0941f,0.982f,0f,0f,0f,1f],start_interpolation: 0,interpolation_duration: 1}
$data merge entity $(bone_eyelid_right) {transformation: [-0.9987f,-0.0496f,0.0128f,-0.2521f,-0.0174f,0.563f,0.8262f,1.0952f,-0.0482f,0.8249f,-0.5632f,0.8629f,0f,0f,0f,1f],start_interpolation: 0,interpolation_duration: 1}
$data merge entity $(bone_eye_right) {transformation: [-0.9987f,-0.0496f,0.0128f,-0.2521f,-0.0174f,0.563f,0.8262f,1.0952f,-0.0482f,0.8249f,-0.5632f,0.8629f,0f,0f,0f,1f],start_interpolation: 0,interpolation_duration: 1}
$data merge entity $(bone_eyelid_left) {transformation: [-0.9749f,-0.2223f,0.0128f,-0.0354f,-0.1149f,0.5515f,0.8262f,1.1098f,-0.1908f,0.804f,-0.5632f,0.8891f,0f,0f,0f,1f],start_interpolation: 0,interpolation_duration: 1}
$data merge entity $(bone_eye_left) {transformation: [-0.9749f,-0.2223f,0.0128f,-0.0354f,-0.1149f,0.5515f,0.8262f,1.1098f,-0.1908f,0.804f,-0.5632f,0.8891f,0f,0f,0f,1f],start_interpolation: 0,interpolation_duration: 1}
$data merge entity $(bone_mouth_closed) {transformation: [-0.9906f,-0.1365f,0.0128f,-0.1463f,-0.0664f,0.5594f,0.8262f,1.1768f,-0.1199f,0.8176f,-0.5632f,0.5954f,0f,0f,0f,1f],start_interpolation: 0,interpolation_duration: 1}
$data merge entity $(bone_mouth_open) {transformation: [-0.9906f,-0.1365f,0.0128f,-0.142f,-0.0664f,0.5594f,0.8262f,1.1645f,-0.1199f,0.8176f,-0.5632f,0.5663f,0f,0f,0f,1f],start_interpolation: 0,interpolation_duration: 1}
$data merge entity $(bone_head) {transformation: [-0.9906f,-0.1365f,0.0128f,-0.1111f,-0.0664f,0.5594f,0.8262f,1.1614f,-0.1199f,0.8176f,-0.5632f,0.5736f,0f,0f,0f,1f],start_interpolation: 0,interpolation_duration: 1}
$data merge entity $(bone_neck) {transformation: [-0.9405f,-0.3015f,0.1568f,-0.0876f,-0.0587f,0.5986f,0.7989f,1.1146f,-0.3347f,0.7422f,-0.5807f,0.5156f,0f,0f,0f,1f],start_interpolation: 0,interpolation_duration: 1}
$data merge entity $(bone_finger_left2) {transformation: [0.6352f,-0.3112f,0.7068f,0.4594f,-0.5252f,-0.8451f,0.0999f,0.5957f,0.5663f,-0.4347f,-0.7003f,0.6936f,0f,0f,0f,1f],start_interpolation: 0,interpolation_duration: 1}
$data merge entity $(bone_finger_left) {transformation: [0.3386f,0.6211f,0.7068f,0.5018f,0.8214f,-0.5615f,0.0999f,0.6984f,0.4589f,0.5468f,-0.7003f,0.751f,0f,0f,0f,1f],start_interpolation: 0,interpolation_duration: 1}
$data merge entity $(bone_finger_left4) {transformation: [0.6211f,-0.3989f,0.6746f,0.5182f,-0.5615f,-0.827f,0.0279f,0.6044f,0.5468f,-0.3962f,-0.7376f,0.6358f,0f,0f,0f,1f],start_interpolation: 0,interpolation_duration: 1}
$data merge entity $(bone_finger_left3) {transformation: [0.3989f,0.6211f,0.6746f,0.568f,0.827f,-0.5615f,0.0279f,0.7078f,0.3962f,0.5468f,-0.7376f,0.6854f,0f,0f,0f,1f],start_interpolation: 0,interpolation_duration: 1}
$data merge entity $(bone_thumb_left2) {transformation: [-0.635f,-0.7649f,-0.108f,0.3177f,0.7724f,-0.6258f,-0.1088f,0.7234f,0.0157f,-0.1525f,0.9882f,0.729f,0f,0f,0f,1f],start_interpolation: 0,interpolation_duration: 1}
$data merge entity $(bone_thumb_left) {transformation: [-0.635f,-0.1742f,0.7526f,0.4316f,0.7724f,-0.163f,0.6139f,0.776f,0.0157f,0.9711f,0.238f,0.7582f,0f,0f,0f,1f],start_interpolation: 0,interpolation_duration: 1}
$data merge entity $(bone_hand_left) {transformation: [-0.3945f,0.5871f,0.7068f,0.4365f,0.8774f,0.4693f,0.0999f,0.8108f,-0.2731f,0.6596f,-0.7003f,0.6343f,0f,0f,0f,1f],start_interpolation: 0,interpolation_duration: 1}
$data merge entity $(bone_arm_left2) {transformation: [-0.5568f,0.5641f,0.6097f,0.3354f,0.7937f,0.5777f,0.1904f,1.0212f,-0.2448f,0.59f,-0.7694f,0.525f,0f,0f,0f,1f],start_interpolation: 0,interpolation_duration: 1}
$data merge entity $(bone_arm_left) {transformation: [-0.895f,0.3441f,0.2837f,0.094f,0.4456f,0.7175f,0.5354f,1.0991f,-0.0193f,0.6056f,-0.7955f,0.5699f,0f,0f,0f,1f],start_interpolation: 0,interpolation_duration: 1}
$data merge entity $(bone_finger_right2) {transformation: [0.8688f,0.295f,0.3977f,-0.528f,0.163f,-0.9288f,0.3328f,0.4998f,0.4676f,-0.2243f,-0.855f,0.1613f,0f,0f,0f,1f],start_interpolation: 0,interpolation_duration: 1}
$data merge entity $(bone_finger_right) {transformation: [0.3326f,-0.8551f,0.3977f,-0.5696f,-0.9208f,-0.2034f,0.3328f,0.6149f,-0.2037f,-0.4769f,-0.855f,0.1868f,0f,0f,0f,1f],start_interpolation: 0,interpolation_duration: 1}
$data merge entity $(bone_finger_right4) {transformation: [0.8663f,0.2028f,0.4564f,-0.4798f,0.1131f,-0.9698f,0.2162f,0.5327f,0.4865f,-0.1357f,-0.8631f,0.1059f,0f,0f,0f,1f],start_interpolation: 0,interpolation_duration: 1}
$data merge entity $(bone_finger_right3) {transformation: [0.4201f,-0.7843f,0.4564f,-0.5323f,-0.9075f,-0.3602f,0.2162f,0.6461f,-0.0052f,-0.505f,-0.8631f,0.1066f,0f,0f,0f,1f],start_interpolation: 0,interpolation_duration: 1}
$data merge entity $(bone_thumb_right2) {transformation: [-0.2875f,-0.0837f,-0.9541f,-0.5036f,-0.5396f,-0.8089f,0.2335f,0.5789f,-0.7913f,0.582f,0.1874f,0.359f,0f,0f,0f,1f],start_interpolation: 0,interpolation_duration: 1}
$data merge entity $(bone_thumb_right) {transformation: [-0.2875f,-0.9252f,-0.2477f,-0.5436f,-0.5396f,-0.0572f,0.84f,0.667f,-0.7913f,0.3751f,-0.4828f,0.2739f,0f,0f,0f,1f],start_interpolation: 0,interpolation_duration: 1}
$data merge entity $(bone_hand_right) {transformation: [-0.4759f,-0.7844f,0.3977f,-0.4275f,-0.7219f,0.6067f,0.3328f,0.7054f,-0.5024f,-0.1287f,-0.855f,0.2332f,0f,0f,0f,1f],start_interpolation: 0,interpolation_duration: 1}
$data merge entity $(bone_arm_right2) {transformation: [-0.218f,-0.9347f,0.2808f,-0.3555f,-0.9395f,0.2789f,0.1988f,0.9527f,-0.2641f,-0.2204f,-0.939f,0.2406f,0f,0f,0f,1f],start_interpolation: 0,interpolation_duration: 1}
$data merge entity $(bone_arm_right) {transformation: [-0.47f,-0.8484f,0.2437f,-0.2532f,-0.7043f,0.5268f,0.4758f,1.099f,-0.5321f,0.052f,-0.8451f,0.4264f,0f,0f,0f,1f],start_interpolation: 0,interpolation_duration: 1}
$data merge entity $(bone_torso) {transformation: [-0.9274f,-0.2436f,0.2837f,0f,-0.0576f,0.8426f,0.5354f,0.8118f,-0.3695f,0.4802f,-0.7955f,0.343f,0f,0f,0f,1f],start_interpolation: 0,interpolation_duration: 1}
$data merge entity $(bone_foot_right) {transformation: [-0.99f,-0.0272f,0.1385f,-0.1536f,-0.0179f,0.9975f,0.068f,0.4934f,-0.14f,0.0648f,-0.988f,0.4f,0f,0f,0f,1f],start_interpolation: 0,interpolation_duration: 1}
$data merge entity $(bone_leg_right3) {transformation: [-0.99f,-0.0416f,0.1349f,-0.1679f,-0.0179f,0.985f,0.1718f,0.6212f,-0.14f,0.1677f,-0.9758f,0.4845f,0f,0f,0f,1f],start_interpolation: 0,interpolation_duration: 1}
$data merge entity $(bone_leg_right2) {transformation: [-0.99f,0.0705f,0.1223f,-0.1508f,-0.0179f,0.7965f,-0.6043f,0.7517f,-0.14f,-0.6005f,-0.7873f,0.3473f,0f,0f,0f,1f],start_interpolation: 0,interpolation_duration: 1}
$data merge entity $(bone_leg_right) {transformation: [-0.99f,0.0705f,0.1223f,-0.1133f,-0.0179f,0.7965f,-0.6043f,0.8269f,-0.14f,-0.6005f,-0.7873f,0.2954f,0f,0f,0f,1f],start_interpolation: 0,interpolation_duration: 1}
$data merge entity $(bone_foot_left) {transformation: [-0.9993f,0.0183f,-0.0336f,0.1589f,0.0041f,0.9244f,0.3814f,0.5329f,0.038f,0.381f,-0.9238f,0.6299f,0f,0f,0f,1f],start_interpolation: 0,interpolation_duration: 1}
$data merge entity $(bone_leg_left3) {transformation: [-0.9993f,-0.0245f,-0.0294f,0.1573f,0.0041f,0.6957f,-0.7183f,0.6756f,0.038f,-0.7179f,-0.6951f,0.5724f,0f,0f,0f,1f],start_interpolation: 0,interpolation_duration: 1}
$data merge entity $(bone_leg_left2) {transformation: [-0.9994f,-0.0265f,-0.0212f,0.1525f,0.0015f,0.5882f,-0.8087f,0.7422f,0.0339f,-0.8083f,-0.5878f,0.4278f,0f,0f,0f,1f],start_interpolation: 0,interpolation_duration: 1}
$data merge entity $(bone_leg_left) {transformation: [-0.9994f,-0.0265f,-0.0212f,0.1187f,0.0015f,0.5882f,-0.8087f,0.7974f,0.0339f,-0.8083f,-0.5878f,0.3531f,0f,0f,0f,1f],start_interpolation: 0,interpolation_duration: 1}