# This file was generated by Animated Java via MC-Build. It is not recommended to edit this file directly.
$data merge entity $(bone_head2) {transformation: [-0.9998f,-0.0132f,0.0123f,-0.0753f,-0.0166f,0.9412f,-0.3374f,1.3919f,-0.0071f,-0.3375f,-0.9413f,-0.0618f,0f,0f,0f,1f],start_interpolation: 0,interpolation_duration: 1}
$data merge entity $(bone_head1) {transformation: [-0.9998f,-0.0161f,-0.0082f,-0.0768f,-0.0166f,0.639f,0.7691f,1.325f,-0.0071f,0.7691f,-0.6391f,0.3072f,0f,0f,0f,1f],start_interpolation: 0,interpolation_duration: 1}
$data merge entity $(bone_eyelid_right) {transformation: [-0.9976f,0.0696f,0.004f,-0.1523f,0.0692f,0.9815f,0.1784f,1.1654f,0.0085f,0.1783f,-0.9839f,0.304f,0f,0f,0f,1f],start_interpolation: 0,interpolation_duration: 1}
$data merge entity $(bone_eye_right) {transformation: [-0.9976f,0.0696f,0.004f,-0.1523f,0.0692f,0.9815f,0.1784f,1.1643f,0.0085f,0.1783f,-0.9839f,0.3101f,0f,0f,0f,1f],start_interpolation: 0,interpolation_duration: 1}
$data merge entity $(bone_eyelid_left) {transformation: [-0.9945f,-0.1047f,0.004f,0.0664f,-0.1023f,0.9786f,0.1784f,1.1691f,-0.0226f,0.177f,-0.9839f,0.3055f,0f,0f,0f,1f],start_interpolation: 0,interpolation_duration: 1}
$data merge entity $(bone_eye_left) {transformation: [-0.9945f,-0.1047f,0.004f,0.0664f,-0.1023f,0.9786f,0.1784f,1.168f,-0.0226f,0.177f,-0.9839f,0.3116f,0f,0f,0f,1f],start_interpolation: 0,interpolation_duration: 1}
$data merge entity $(bone_mouth_closed) {transformation: [-0.9998f,-0.0176f,0.004f,-0.07f,-0.0166f,0.9838f,0.1784f,1.0203f,-0.0071f,0.1783f,-0.9839f,0.0614f,0f,0f,0f,1f],start_interpolation: 0,interpolation_duration: 1}
$data merge entity $(bone_mouth_open) {transformation: [-0.9998f,-0.0176f,0.004f,-0.0694f,-0.0166f,0.9838f,0.1784f,0.9907f,-0.0071f,0.1783f,-0.9839f,0.0496f,0f,0f,0f,1f],start_interpolation: 0,interpolation_duration: 1}
$data merge entity $(bone_head) {transformation: [-0.9998f,-0.0176f,0.004f,-0.0382f,-0.0166f,0.9838f,0.1784f,0.9901f,-0.0071f,0.1783f,-0.9839f,0.056f,0f,0f,0f,1f],start_interpolation: 0,interpolation_duration: 1}
$data merge entity $(bone_neck) {transformation: [-0.9819f,-0.1891f,0.0105f,-0.0234f,-0.179f,0.9448f,0.2746f,0.9163f,-0.0618f,0.2677f,-0.9615f,0.0351f,0f,0f,0f,1f],start_interpolation: 0,interpolation_duration: 1}
$data merge entity $(bone_finger_left2) {transformation: [-0.0751f,-0.4546f,0.8875f,0.1109f,0.473f,-0.7998f,-0.3696f,0.8117f,0.8778f,0.3921f,0.2751f,0.7202f,0f,0f,0f,1f],start_interpolation: 0,interpolation_duration: 1}
$data merge entity $(bone_finger_left) {transformation: [0.4509f,-0.0949f,0.8875f,0.1672f,0.8196f,0.4377f,-0.3696f,0.9141f,-0.3534f,0.8941f,0.2751f,0.6761f,0f,0f,0f,1f],start_interpolation: 0,interpolation_duration: 1}
$data merge entity $(bone_finger_left4) {transformation: [-0.0949f,-0.5265f,0.8449f,0.1846f,0.4377f,-0.7843f,-0.4396f,0.7815f,0.8941f,0.3281f,0.3049f,0.7429f,0f,0f,0f,1f],start_interpolation: 0,interpolation_duration: 1}
$data merge entity $(bone_finger_left3) {transformation: [0.5265f,-0.0949f,0.8449f,0.2504f,0.7843f,0.4377f,-0.4396f,0.8795f,-0.3281f,0.8941f,0.3049f,0.7018f,0f,0f,0f,1f],start_interpolation: 0,interpolation_duration: 1}
$data merge entity $(bone_thumb_left2) {transformation: [-0.0696f,-0.801f,-0.5946f,0.0576f,0.1324f,-0.5982f,0.7904f,0.8516f,-0.9888f,-0.0238f,0.1477f,0.538f,0f,0f,0f,1f],start_interpolation: 0,interpolation_duration: 1}
$data merge entity $(bone_thumb_left) {transformation: [-0.0696f,-0.6621f,0.7462f,0.153f,0.1324f,0.7352f,0.6648f,0.9306f,-0.9888f,0.145f,0.0365f,0.5735f,0f,0f,0f,1f],start_interpolation: 0,interpolation_duration: 1}
$data merge entity $(bone_hand_left) {transformation: [0.2923f,0.3561f,0.8875f,0.2323f,-0.0098f,0.9291f,-0.3696f,0.8372f,-0.9563f,0.0994f,0.2751f,0.5333f,0f,0f,0f,1f],start_interpolation: 0,interpolation_duration: 1}
$data merge entity $(bone_arm_left2) {transformation: [0.1193f,0.4275f,0.8961f,0.3181f,-0.0645f,0.904f,-0.4226f,0.7947f,-0.9908f,-0.0074f,0.1354f,0.2941f,0f,0f,0f,1f],start_interpolation: 0,interpolation_duration: 1}
$data merge entity $(bone_arm_left) {transformation: [-0.5709f,0.4074f,0.7128f,0.1308f,0.286f,0.9125f,-0.2925f,0.8845f,-0.7696f,0.0368f,-0.6375f,0.1415f,0f,0f,0f,1f],start_interpolation: 0,interpolation_duration: 1}
$data merge entity $(bone_finger_right2) {transformation: [0.7908f,-0.6015f,-0.1137f,-0.667f,-0.5423f,-0.6022f,-0.5859f,0.7595f,0.2839f,0.525f,-0.8023f,-0.0383f,0f,0f,0f,1f],start_interpolation: 0,interpolation_duration: 1}
$data merge entity $(bone_finger_right) {transformation: [-0.5664f,-0.8162f,-0.1137f,-0.5962f,-0.6253f,0.5155f,-0.5859f,0.8377f,0.5369f,-0.2608f,-0.8023f,-0.1054f,0f,0f,0f,1f],start_interpolation: 0,interpolation_duration: 1}
$data merge entity $(bone_finger_right4) {transformation: [0.7685f,-0.6176f,-0.167f,-0.6566f,-0.5467f,-0.4982f,-0.673f,0.7049f,0.3324f,0.6085f,-0.7206f,-0.0964f,0f,0f,0f,1f],start_interpolation: 0,interpolation_duration: 1}
$data merge entity $(bone_finger_right3) {transformation: [-0.3977f,-0.9022f,-0.167f,-0.6068f,-0.6228f,0.3991f,-0.673f,0.7828f,0.6738f,-0.1636f,-0.7206f,-0.1806f,0f,0f,0f,1f],start_interpolation: 0,interpolation_duration: 1}
$data merge entity $(bone_thumb_right2) {transformation: [-0.9603f,-0.2141f,-0.1785f,-0.4853f,-0.198f,0.0733f,0.9774f,0.8355f,-0.1962f,0.9741f,-0.1128f,0.0463f,0f,0f,0f,1f],start_interpolation: 0,interpolation_duration: 1}
$data merge entity $(bone_thumb_right) {transformation: [-0.9603f,-0.241f,0.1402f,-0.4978f,-0.198f,0.9436f,0.2655f,0.8625f,-0.1962f,0.2272f,-0.9539f,-0.079f,0f,0f,0f,1f],start_interpolation: 0,interpolation_duration: 1}
$data merge entity $(bone_hand_right) {transformation: [-0.9924f,-0.0475f,-0.1137f,-0.4435f,0.0283f,0.8099f,-0.5859f,0.7552f,0.1199f,-0.5847f,-0.8023f,-0.1252f,0f,0f,0f,1f],start_interpolation: 0,interpolation_duration: 1}
$data merge entity $(bone_arm_right2) {transformation: [-0.8706f,-0.3855f,-0.3056f,-0.2449f,-0.168f,0.8168f,-0.5519f,0.7627f,0.4624f,-0.4292f,-0.7759f,-0.2893f,0f,0f,0f,1f],start_interpolation: 0,interpolation_duration: 1}
$data merge entity $(bone_arm_right) {transformation: [-0.4974f,-0.4846f,0.7195f,-0.1656f,-0.5939f,0.7948f,0.1248f,0.9034f,-0.6324f,-0.3653f,-0.6831f,-0.0885f,0f,0f,0f,1f],start_interpolation: 0,interpolation_duration: 1}
$data merge entity $(bone_torso) {transformation: [-0.8118f,-0.0652f,0.5803f,0f,0.0041f,0.9931f,0.1174f,0.5594f,-0.584f,0.0977f,-0.8059f,0f,0f,0f,0f,1f],start_interpolation: 0,interpolation_duration: 1}