# This file was generated by Animated Java via MC-Build. It is not recommended to edit this file directly.
$data merge entity $(bone_head2) { transformation: [-0.9940946316138772f,-0.04912820300203985f,0.0967588914067362f,-0.19514770445168023f,-0.06982592237017865f,0.9721308536780477f,-0.22379889162447586f,1.0033232174545805f,-0.08306746632481321f,-0.22923355556501865f,-0.9698204849565697f,-0.029800425146363857f,0f,0f,0f,1f], start_interpolation: 0, interpolation_duration: 1 }
$data merge entity $(bone_head1) { transformation: [-0.9940946316138772f,-0.10772645128242528f,-0.013071919926524213f,-0.21735953813889275f,-0.06982592237017865f,0.542790500905856f,0.8369604606500382f,0.8937295044470452f,-0.08306746632481321f,0.8329306596712992f,-0.5471072218659802f,0.32813930792817714f,0f,0f,0f,1f], start_interpolation: 0, interpolation_duration: 1 }
$data merge entity $(bone_eyelid_right) { transformation: [-0.9982364998627458f,-0.003938661759161452f,0.05923155649923345f,-0.2823338465025489f,0.013568015235097194f,0.9562457341716575f,0.29224990135342727f,0.7317558472740558f,-0.057790996741318955f,0.29253817327325804f,-0.9545059548654427f,0.30136072722136137f,0f,0f,0f,1f], start_interpolation: 0, interpolation_duration: 1 }
$data merge entity $(bone_eye_right) { transformation: [-0.9982364998627458f,-0.003938661759161452f,0.05923155649923345f,-0.2827040437306691f,0.013568015235097194f,0.9562457341716575f,0.29224990135342727f,0.729929285390597f,-0.057790996741318955f,0.29253817327325804f,-0.9545059548654427f,0.3073263894392704f,0f,0f,0f,1f], start_interpolation: 0, interpolation_duration: 1 }
$data merge entity $(bone_eyelid_left) { transformation: [-0.9823871029676772f,-0.17722077371869566f,0.05923155649923345f,-0.06487564583701326f,-0.15268844254417274f,0.944074273917231f,0.29224990135342727f,0.7470302677925325f,-0.10771174233206812f,0.2780585598218477f,-0.9545059548654427f,0.31953173547991426f,0f,0f,0f,1f], start_interpolation: 0, interpolation_duration: 1 }
$data merge entity $(bone_eye_left) { transformation: [-0.9823871029676772f,-0.17722077371869566f,0.05923155649923345f,-0.06524584306513347f,-0.15268844254417274f,0.944074273917231f,0.29224990135342727f,0.7452037059090736f,-0.10771174233206812f,0.2780585598218477f,-0.9545059548654427f,0.32549739769782327f,0f,0f,0f,1f], start_interpolation: 0, interpolation_duration: 1 }
$data merge entity $(bone_mouth_closed) { transformation: [-0.9940946316138772f,-0.09092571754541352f,0.05923155649923345f,-0.1749979058890506f,-0.06982592237017865f,0.9537894609000803f,0.29224990135342727f,0.6206612337664102f,-0.08306746632481321f,0.2863881599591469f,-0.9545059548654427f,0.05072351140494988f,0f,0f,0f,1f], start_interpolation: 0, interpolation_duration: 1 }
$data merge entity $(bone_mouth_open) { transformation: [-0.9940946316138772f,-0.09092571754541352f,0.05923155649923345f,-0.1717862799876362f,-0.06982592237017865f,0.9537894609000803f,0.29224990135342727f,0.5926818749967416f,-0.08306746632481321f,0.2863881599591469f,-0.9545059548654427f,0.03580821918831752f,0f,0f,0f,1f], start_interpolation: 0, interpolation_duration: 1 }
$data merge entity $(bone_head) { transformation: [-0.9940946316138772f,-0.09092571754541352f,0.05923155649923345f,-0.14109101997782275f,-0.06982592237017865f,0.9537894609000803f,0.29224990135342727f,0.5930373731873508f,-0.08306746632481321f,0.2863881599591469f,-0.9545059548654427f,0.04436973972887695f,0f,0f,0f,1f], start_interpolation: 0, interpolation_duration: 1 }
$data merge entity $(bone_neck) { transformation: [-0.4967396257575392f,-0.2984602357947124f,0.8149670127383223f,-0.09230609490828826f,0.01715073269925321f,0.9354516602134703f,0.3530383035475626f,0.5309876592190348f,-0.8677301404066466f,0.1893453961764766f,-0.45955709588323673f,0.015215971406238569f,0f,0f,0f,1f], start_interpolation: 0, interpolation_duration: 1 }
$data merge entity $(bone_finger_left2) { transformation: [-0.7957650301484098f,0.20938426788312145f,-0.5682571998276396f,-0.32030270921670756f,0.20366539425679125f,-0.7911492129914907f,-0.5767177212165155f,0.2920686109955271f,-0.5703318542525273f,-0.574666121453139f,0.5869245478584789f,-0.11865285706699963f,0f,0f,0f,1f], start_interpolation: 0, interpolation_duration: 1 }
$data merge entity $(bone_finger_left) { transformation: [-0.34438639770642454f,-0.7473163747161191f,-0.5682571998276396f,-0.3633510089300106f,0.8144960033100356f,0.06318964018577741f,-0.5767177212165155f,0.39388061140928154f,0.4668985646441537f,-0.6614569566149782f,0.5869245478584789f,-0.06029053648648042f,0f,0f,0f,1f], start_interpolation: 0, interpolation_duration: 1 }
$data merge entity $(bone_finger_left4) { transformation: [-0.7744878625736359f,0.27794298978418486f,-0.5682571998276396f,-0.37769247944730366f,0.13393718866088178f,-0.8058892600900256f,-0.5767177212165155f,0.2384427637702729f,-0.6182470220063663f,-0.522771646994536f,0.5869245478584789f,-0.06717967611011663f,0f,0f,0f,1f], start_interpolation: 0, interpolation_duration: 1 }
$data merge entity $(bone_finger_left3) { transformation: [-0.31146113573238476f,-0.7616270188040493f,-0.5682571998276396f,-0.4166251214138518f,0.8109644901996824f,0.09865731432589697f,-0.5767177212165155f,0.3398133250452332f,0.49530652788294893f,-0.6404615668076092f,0.5869245478584789f,-0.005266360124748015f,0f,0f,0f,1f], start_interpolation: 0, interpolation_duration: 1 }
$data merge entity $(bone_thumb_left2) { transformation: [0.6327184281463446f,0.771769539736113f,0.0635544508239021f,-0.17354896515386586f,0.149770572407167f,-0.20248067267019249f,0.9677656497499051f,0.3655724202628169f,0.7597605980339126f,-0.6028045742448668f,-0.24370161867459217f,-0.04824926556708059f,0f,0f,0f,1f], start_interpolation: 0, interpolation_duration: 1 }
$data merge entity $(bone_thumb_left) { transformation: [0.6327184281463446f,0.38376379503023594f,-0.6726014721274483f,-0.27739660004937017f,0.149770572407167f,0.791521514474958f,0.5925052470350778f,0.43495524575447764f,0.7597605980339126f,-0.4756248960549271f,0.4433337252317844f,-0.01657506860166731f,0f,0f,0f,1f], start_interpolation: 0, interpolation_duration: 1 }
$data merge entity $(bone_hand_left) { transformation: [0.6327184281463446f,-0.5260714262607973f,-0.5682571998276396f,-0.258246346632765f,0.149770572407167f,0.8030974073396446f,-0.5767177212165155f,0.34005503220714944f,0.7597605980339126f,0.27979172395957597f,0.5869245478584789f,0.06844716238971113f,0f,0f,0f,1f], start_interpolation: 0, interpolation_duration: 1 }
$data merge entity $(bone_arm_left2) { transformation: [0.6327184281463446f,-0.5260714262607973f,-0.5682571998276396f,-0.13558281458540636f,0.149770572407167f,0.8030974073396446f,-0.5767177212165155f,0.341452817732909f,0.7597605980339126f,0.27979172395957597f,0.5869245478584789f,0.2950700961393442f,0f,0f,0f,1f], start_interpolation: 0, interpolation_duration: 1 }
$data merge entity $(bone_arm_left) { transformation: [0.6212398541759817f,-0.5260714262607973f,0.580783865181649f,-0.016571842615263996f,0.5875765016513348f,0.8030974073396446f,0.0989363888138232f,0.48216341884487873f,-0.5184736235244608f,0.27979172395957597f,0.808023324485837f,0.11495023247786418f,0f,0f,0f,1f], start_interpolation: 0, interpolation_duration: 1 }
$data merge entity $(bone_finger_right2) { transformation: [0.004902542186525055f,0.42339308888262284f,-0.9059328106247946f,-0.20076027231315874f,-0.08005688406382215f,-0.9028696389578901f,-0.42239473287677304f,0.2607064913268795f,-0.9967782403293621f,0.0745969659870957f,0.029469174936175846f,0.4363266092585927f,0f,0f,0f,1f], start_interpolation: 0, interpolation_duration: 1 }
$data merge entity $(bone_finger_right) { transformation: [0.4178121140200193f,0.06869337676648092f,-0.9059328106247946f,-0.25298678656566115f,-0.9030547524324388f,-0.0779410273677856f,-0.42239473287677304f,0.3735883353809344f,-0.09962505451596365f,0.9945885663133631f,0.029469174936175846f,0.44877974107308816f,0f,0f,0f,1f], start_interpolation: 0, interpolation_duration: 1 }
$data merge entity $(bone_finger_right4) { transformation: [-0.032017252602402936f,0.4222092350591745f,-0.9059328106247946f,-0.2853666360020273f,-0.0010619694624401169f,-0.9064113645905044f,-0.42239473287677304f,0.22078945613960188f,-0.9994867521666576f,-0.012561845880534502f,0.029469174936175846f,0.4445241150238531f,0f,0f,0f,1f], start_interpolation: 0, interpolation_duration: 1 }
$data merge entity $(bone_finger_right3) { transformation: [0.4204108124776668f,0.05040328744563605f,-0.9059328106247946f,-0.33791798756173563f,-0.9055949842730806f,-0.03847614972159086f,-0.42239473287677304f,0.33398882917373696f,-0.05614688959601227f,0.9979875222252396f,0.029469174936175846f,0.45154247622335464f,0f,0f,0f,1f], start_interpolation: 0, interpolation_duration: 1 }
$data merge entity $(bone_thumb_right2) { transformation: [0.17449043909667628f,0.8964782464687782f,0.4072834888282524f,-0.15228751900479204f,-0.3090130199619043f,-0.34287659406985366f,0.8871001041218969f,0.3463076620807584f,0.9349139212557868f,-0.28064638755437593f,0.21719476281624817f,0.28726632339537866f,0f,0f,0f,1f], start_interpolation: 0, interpolation_duration: 1 }
$data merge entity $(bone_thumb_right) { transformation: [0.17449043909667628f,0.7479922756674848f,-0.6403597755993313f,-0.2268796647329373f,-0.3090130199619043f,0.6590798220693252f,0.6856564311921022f,0.4223580591059617f,0.9349139212557868f,0.07823901637190699f,0.3461424795648228f,0.35975019338022485f,0f,0f,0f,1f], start_interpolation: 0, interpolation_duration: 1 }
$data merge entity $(bone_hand_right) { transformation: [0.17449043909667628f,-0.3857963572888013f,-0.9059328106247946f,-0.29860424584200396f,-0.3090130199619043f,0.8521112856499338f,-0.42239473287677304f,0.34881491129326236f,0.9349139212557868f,0.3536488761055354f,0.029469174936175846f,0.28197775369540873f,0f,0f,0f,1f], start_interpolation: 0, interpolation_duration: 1 }
$data merge entity $(bone_arm_right2) { transformation: [0.17449043909667628f,-0.3857963572888013f,-0.9059328106247946f,-0.3988476562802227f,-0.3090130199619043f,0.8521112856499338f,-0.42239473287677304f,0.3996684954789401f,0.9349139212557868f,0.3536488761055354f,0.029469174936175846f,0.05009109681497303f,0f,0f,0f,1f], start_interpolation: 0, interpolation_duration: 1 }
$data merge entity $(bone_arm_right) { transformation: [-0.5818245031581741f,-0.3857963572888013f,-0.7159898171255193f,-0.20864216692033422f,-0.5222028783863084f,0.8521112856499338f,-0.034792393896814586f,0.5323937396940681f,0.6235257824098352f,0.3536488761055354f,-0.6972431936559104f,-0.06221264918399139f,0f,0f,0f,1f], start_interpolation: 0, interpolation_duration: 1 }
$data merge entity $(bone_torso) { transformation: [-0.4967396257575392f,-0.0017257466718604841f,0.8678979006776573f,-0.078125f,0.01715073269925321f,0.9997832333833132f,0.011804177797974408f,0.171875f,-0.8677301404066466f,0.020748687766506752f,-0.4966023513696138f,-9.567553118338697e-18f,0f,0f,0f,1f], start_interpolation: 0, interpolation_duration: 1 }
$data merge entity $(bone_foot_right) { transformation: [-0.02440475335737885f,0.04028987514961688f,0.9988899508824756f,-0.31667619305784706f,-0.00829898329370203f,0.9991449546084388f,-0.040502920348933935f,-0.046862514316842796f,-0.9996677122373496f,-0.009278234795989847f,-0.024049521184716493f,-0.0670587952667592f,0f,0f,0f,1f], start_interpolation: 0, interpolation_duration: 1 }
$data merge entity $(bone_leg_right3) { transformation: [-0.02440475335737885f,0.18885905799953506f,0.981700903648914f,-0.35147419450471956f,-0.00829898329370203f,0.9819212703906045f,-0.18910776195278844f,0.10303939945388524f,-0.9996677122373496f,-0.012762247687218295f,-0.02239620825304443f,-0.067453723331959f,0f,0f,0f,1f], start_interpolation: 0, interpolation_duration: 1 }
$data merge entity $(bone_foot_left) { transformation: [-0.8772901283542702f,0.07288068386170149f,0.4743948109033226f,-0.19639999789595908f,0.001491291888981755f,0.9888131095780348f,-0.14915230596648316f,-0.11556147849355104f,-0.4799581301953852f,-0.13014238451199622f,-0.8675846661928053f,0.3179764078635756f,0f,0f,0f,1f], start_interpolation: 0, interpolation_duration: 1 }
$data merge entity $(bone_leg_left3) { transformation: [-0.8772901283542702f,0.23648715079365373f,0.41765519055992606f,-0.1892474417255969f,0.001491291888981755f,0.8715255671067699f,-0.4903477969031016f,0.03764354168728233f,-0.4799581301953852f,-0.4295544358852823f,-0.7649334480009529f,0.30537865581726736f,0f,0f,0f,1f], start_interpolation: 0, interpolation_duration: 1 }