# This file was generated by Animated Java via MC-Build. It is not recommended to edit this file directly.
$data merge entity $(bone_head2) { transformation: [-0.9933059921718341f,-0.06034192170103926f,0.09849902741120758f,-0.20421404319013212f,-0.07959586304323757f,0.9755054496973852f,-0.20506978372521034f,1.0030172831749846f,-0.08371203319672943f,-0.211537160083348f,-0.9737783759161741f,-0.019841049458462295f,0f,0f,0f,1f], start_interpolation: 0, interpolation_duration: 1 }
$data merge entity $(bone_head1) { transformation: [-0.9933059921718341f,-0.11319696192163643f,-0.02301420707388746f,-0.22488843036599934f,-0.07959586304323757f,0.5263450762332131f,0.8465372757956118f,0.8867083772022046f,-0.08371203319672943f,0.8427023843189035f,-0.5318317280506165f,0.33606597225692536f,0f,0f,0f,1f], start_interpolation: 0, interpolation_duration: 1 }
$data merge entity $(bone_eyelid_right) { transformation: [-0.9983730941075496f,-0.014548563933753644f,0.05513169913564592f,-0.2880427184804193f,0.003273788908507519f,0.9506796865521594f,0.31015708259407976f,0.724519145030681f,-0.05692492659899029f,0.30983297575395974f,-0.9490853912410336f,0.30639430883249924f,0f,0f,0f,1f], start_interpolation: 0, interpolation_duration: 1 }
$data merge entity $(bone_eye_right) { transformation: [-0.9983730941075496f,-0.014548563933753644f,0.05513169913564592f,-0.2883872916000171f,0.003273788908507519f,0.9506796865521594f,0.31015708259407976f,0.722580663264468f,-0.05692492659899029f,0.30983297575395974f,-0.9490853912410336f,0.31232609252775567f,0f,0f,0f,1f], start_interpolation: 0, interpolation_duration: 1 }
$data merge entity $(bone_eyelid_left) { transformation: [-0.9806792318611345f,-0.18769320698062514f,0.05513169913564592f,-0.07075703269283057f,-0.16185974241592746f,0.9368052134258109f,0.31015708259407976f,0.7419307400713893f,-0.10986204067513383f,0.29524100689360455f,-0.9490853912410336f,0.32470631609428374f,0f,0f,0f,1f], start_interpolation: 0, interpolation_duration: 1 }
$data merge entity $(bone_eye_left) { transformation: [-0.9806792318611345f,-0.18769320698062514f,0.05513169913564592f,-0.07110160581242836f,-0.16185974241592746f,0.9368052134258109f,0.31015708259407976f,0.7399922583051762f,-0.10986204067513383f,0.29524100689360455f,-0.9490853912410336f,0.3306380997895402f,0f,0f,0f,1f], start_interpolation: 0, interpolation_duration: 1 }
$data merge entity $(bone_mouth_closed) { transformation: [-0.9933059921718341f,-0.1015071508118753f,0.05513169913564592f,-0.1796581536864836f,-0.07959586304323757f,0.9473473928307037f,0.31015708259407976f,0.6192121639030402f,-0.08371203319672943f,0.3036926334814921f,-0.9490853912410336f,0.05371811863996861f,0f,0f,0f,1f], start_interpolation: 0, interpolation_duration: 1 }
$data merge entity $(bone_mouth_open) { transformation: [-0.9933059921718341f,-0.1015071508118753f,0.05513169913564592f,-0.17614148210401473f,-0.07959586304323757f,0.9473473928307037f,0.31015708259407976f,0.5915460396432938f,-0.08371203319672943f,0.3036926334814921f,-0.9490853912410336f,0.038295940148415517f,0f,0f,0f,1f], start_interpolation: 0, interpolation_duration: 1 }
$data merge entity $(bone_head) { transformation: [-0.9933059921718341f,-0.1015071508118753f,0.05513169913564592f,-0.14544524296824268f,-0.07959586304323757f,0.9473473928307037f,0.31015708259407976f,0.5920949285971819f,-0.08371203319672943f,0.3036926334814921f,-0.9490853912410336f,0.046843724881069776f,0f,0f,0f,1f], start_interpolation: 0, interpolation_duration: 1 }
$data merge entity $(bone_neck) { transformation: [-0.49673962575753916f,-0.30813878188411764f,0.8113570331865203f,-0.09601699334646724f,0.017150732699253213f,0.93118356193203f,0.3641469845480754f,0.5307258060883695f,-0.8677301404066468f,0.1948016044249885f,-0.45727096818332086f,0.017335131779638777f,0f,0f,0f,1f], start_interpolation: 0, interpolation_duration: 1 }
$data merge entity $(bone_finger_left2) { transformation: [-0.7977270778493961f,0.21764406167331934f,-0.5623722714396614f,-0.32151058300756624f,0.19880555117975224f,-0.785532740718432f,-0.5860159264725692f,0.29026073508879546f,-0.5693047181307903f,-0.5792835019899403f,0.5833718901663779f,-0.11799713203002335f,0f,0f,0f,1f], start_interpolation: 0, interpolation_duration: 1 }
$data merge entity $(bone_finger_left) { transformation: [-0.35286141267706533f,-0.7478143163642577f,-0.5623722714396614f,-0.3656182595921994f,0.8081209549768743f,0.05937891922022015f,-0.5860159264725692f,0.39127585446090474f,0.4716241571111588f,-0.661247224714703f,0.5833718901663779f,-0.0590441123911285f,0f,0f,0f,1f], start_interpolation: 0, interpolation_duration: 1 }
$data merge entity $(bone_finger_left4) { transformation: [-0.7757225556280343f,0.2863423562899968f,-0.5623722714396614f,-0.37835236448253673f,0.12958534656655768f,-0.799870596956609f,-0.5860159264725692f,0.23574164500236677f,-0.617626225677907f,-0.5274609778159624f,0.5833718901663779f,-0.0668553069700343f,0f,0f,0f,1f], start_interpolation: 0, interpolation_duration: 1 }
$data merge entity $(bone_finger_left3) { transformation: [-0.31990636445704757f,-0.762494161483005f,-0.5623722714396614f,-0.4183406600396677f,0.804761730813877f,0.09457214461959537f,-0.5860159264725692f,0.3363368613541014f,0.50001847425603f,-0.6400459070772814f,0.5833718901663779f,-0.00435299768803056f,0f,0f,0f,1f], start_interpolation: 0, interpolation_duration: 1 }
$data merge entity $(bone_thumb_left2) { transformation: [0.6310059075623357f,0.7739242838325848f,0.05359801783325563f,-0.1755360579375737f,0.15180146228250876f,-0.19093170512599827f,0.9697945143310367f,0.36485856341960426f,0.7607810859046941f,-0.6038098101818982f,-0.23796187185718448f,-0.04712584653110688f,0f,0f,0f,1f], start_interpolation: 0, interpolation_duration: 1 }
$data merge entity $(bone_thumb_left) { transformation: [0.6310059075623357f,0.3756508364842514f,-0.6787621038847967f,-0.2801002555344963f,0.15180146228250876f,0.7982410948321075f,0.5828957630401261f,0.4329767381032916f,0.7607810859046941f,-0.4708477498830391f,0.4466705002121295f,-0.015066442939112384f,0f,0f,0f,1f], start_interpolation: 0, interpolation_duration: 1 }
$data merge entity $(bone_hand_left) { transformation: [0.6310059075623357f,-0.5343865388810137f,-0.5623722714396614f,-0.25998562807925524f,0.15180146228250876f,0.7959532963493453f,-0.5860159264725692f,0.337778255367311f,0.7607810859046941f,0.28441057837813f,0.5833718901663779f,0.0693978284843958f,0f,0f,0f,1f], start_interpolation: 0, interpolation_duration: 1 }
$data merge entity $(bone_arm_left2) { transformation: [0.6310059075623357f,-0.5343865388810137f,-0.5623722714396614f,-0.13738241815365015f,0.15180146228250876f,0.7959532963493453f,-0.5860159264725692f,0.3391026255334026f,0.7607810859046941f,0.28441057837813f,0.5833718901663779f,0.29605384309596794f,0f,0f,0f,1f], start_interpolation: 0, interpolation_duration: 1 }
$data merge entity $(bone_arm_left) { transformation: [0.6152280637137584f,-0.5343865388810137f,0.5795907665601574f,-0.019799825135220384f,0.5970163281447084f,0.7959532963493453f,0.10014915855473534f,0.48209738515990874f,-0.5148455433891119f,0.28441057837813f,0.8087302945722932f,0.11679681383792163f,0f,0f,0f,1f], start_interpolation: 0, interpolation_duration: 1 }
$data merge entity $(bone_finger_right2) { transformation: [0.005902167118723656f,0.43268263395368206f,-0.9015269838990986f,-0.20174694997931875f,-0.07410641940733098f,-0.8988744066683807f,-0.43189470897336907f,0.2568536442852807f,-0.9972328730170933f,0.06935805152590564f,0.02675925377513977f,0.4368152896963741f,0f,0f,0f,1f], start_interpolation: 0, interpolation_duration: 1 }
$data merge entity $(bone_finger_right) { transformation: [0.4271341130757814f,0.06932205095609169f,-0.9015269838990986f,-0.2551387141137914f,-0.8980869293547741f,-0.08310732628909387f,-0.43189470897336907f,0.36911451045462745f,-0.10486332423244374f,0.994126564159875f,0.02675925377513977f,0.4499232052254296f,0f,0f,0f,1f], start_interpolation: 0, interpolation_duration: 1 }
$data merge entity $(bone_finger_right4) { transformation: [-0.03183106874532241f,0.43155055366008277f,-0.9015269838990986f,-0.2859379486744673f,0.004517644441897138f,-0.9019127181992199f,-0.43189470897336907f,0.2160172264563616f,-0.9994830533586984f,-0.01782044854010474f,0.02675925377513977f,0.4447568445304334f,0f,0f,0f,1f], start_interpolation: 0, interpolation_duration: 1 }
$data merge entity $(bone_finger_right3) { transformation: [0.4297513614389169f,0.05062474338888853f,-0.9015269838990986f,-0.33965686885433194f,-0.9008572402560999f,-0.0438542248702713f,-0.43189470897336907f,0.3286243814883741f,-0.06140032589132438f,0.9977544499113177f,0.02675925377513977f,0.45243188526684897f,0f,0f,0f,1f], start_interpolation: 0, interpolation_duration: 1 }
$data merge entity $(bone_thumb_right2) { transformation: [0.17751040262680162f,0.900020458872705f,0.39806184264487765f,-0.15413501877627717f,-0.3127175142911258f,-0.33193480162869105f,0.8899590123838856f,0.3438307609318079f,0.9331118974779227f,-0.2824578925756659f,0.22253028042687462f,0.2882749845387342f,0f,0f,0f,1f], start_interpolation: 0, interpolation_duration: 1 }
$data merge entity $(bone_thumb_right) { transformation: [0.17751040262680162f,0.7411316295710594f,-0.6474673463647536f,-0.22952123698978383f,-0.3127175142911258f,0.6662950741914008f,0.6769480263386956f,0.41867684190254717f,0.9331118974779227f,0.08230906242705681f,0.3500391478499637f,0.36118962481616473f,0f,0f,0f,1f], start_interpolation: 0, interpolation_duration: 1 }
$data merge entity $(bone_hand_right) { transformation: [0.17751040262680162f,-0.39463800407596855f,-0.9015269838990986f,-0.3004689166397514f,-0.3127175142911258f,0.8459756004852553f,-0.43189470897336907f,0.3448580825491607f,0.9331118974779227f,0.35858908115355037f,0.02675925377513977f,0.282966993693117f,0f,0f,0f,1f], start_interpolation: 0, interpolation_duration: 1 }
$data merge entity $(bone_arm_right2) { transformation: [0.17751040262680162f,-0.39463800407596855f,-0.9015269838990986f,-0.4011919537901455f,-0.3127175142911258f,0.8459756004852553f,-0.43189470897336907f,0.39604404181110664f,0.9331118974779227f,0.35858908115355037f,0.02675925377513977f,0.05136147268458259f,0f,0f,0f,1f], start_interpolation: 0, interpolation_duration: 1 }
$data merge entity $(bone_arm_right) { transformation: [-0.5765082489387399f,-0.39463800407596855f,-0.7154712325764907f,-0.21234793951942985f,-0.5318614853398466f,0.8459756004852553f,-0.03806105352855888f,0.5313882289916032f,0.6202915438063614f,0.35858908115355037f,-0.6976046671000506f,-0.0601111215732546f,0f,0f,0f,1f], start_interpolation: 0, interpolation_duration: 1 }
$data merge entity $(bone_torso) { transformation: [-0.49673962575753916f,-0.012055290735720883f,0.8678158872523234f,-0.078125f,0.017150732699253213f,0.9995719255914093f,0.02370269894676713f,0.171875f,-0.8677301404066468f,0.026657748118690577f,-0.4963202271669993f,-9.567553118338697e-18f,0f,0f,0f,1f], start_interpolation: 0, interpolation_duration: 1 }
$data merge entity $(bone_foot_right) { transformation: [-0.02440475335737885f,0.11456670940439707f,0.9931157420511542f,-0.315165970176027f,-0.00829898329370203f,0.993354171900359f,-0.11479815348882207f,-0.046503996880580545f,-0.9996677122373496f,-0.0110434715737723f,-0.023291776354390132f,-0.06709864045398685f,0f,0f,0f,1f], start_interpolation: 0, interpolation_duration: 1 }
$data merge entity $(bone_leg_right3) { transformation: [-0.02440475335737885f,0.17894438790912692f,0.9835564620546163f,-0.35147419450471956f,-0.00829898329370203f,0.9837793269246792f,-0.17919085577092442f,0.10303939945388524f,-0.9996677122373496f,-0.01253562728599105f,-0.02252383534592545f,-0.067453723331959f,0f,0f,0f,1f], start_interpolation: 0, interpolation_duration: 1 }
$data merge entity $(bone_foot_left) { transformation: [-0.8660203556100485f,0.08670736472573407f,0.4924333219547231f,-0.199282431824826f,0.019397392941496255f,0.9899340756959656f,-0.14019367647311182f,-0.11548995579076864f,-0.49963234964933834f,-0.11185865491008212f,-0.8589849570892312f,0.3168273041588027f,0f,0f,0f,1f], start_interpolation: 0, interpolation_duration: 1 }
$data merge entity $(bone_leg_left3) { transformation: [-0.8660203556100485f,0.2609276119032486f,0.426527285194644f,-0.1892474417255969f,0.019397392941496255f,0.8699297019662202f,-0.4927941302248198f,0.03764354168728233f,-0.49963234964933834f,-0.4184962305486526f,-0.7584381452699028f,0.30537865581726736f,0f,0f,0f,1f], start_interpolation: 0, interpolation_duration: 1 }