# This file was generated by Animated Java via MC-Build. It is not recommended to edit this file directly.
$data merge entity $(bone_head2) { transformation: [-0.993067447674247f,-0.06380867080039287f,0.09871928839109309f,-0.20687861150385478f,-0.08232502343624457f,0.9770129682389943f,-0.19664244305096468f,1.003077080146459f,-0.08390253205939913f,-0.20340627675545603f,-0.9754928250328161f,-0.015710607759261815f,0f,0f,0f,1f], start_interpolation: 0, interpolation_duration: 1 }
$data merge entity $(bone_head1) { transformation: [-0.993067447674247f,-0.11458963756291696f,-0.02619655192875675f,-0.22697451507510946f,-0.08232502343624457f,0.5189415680964428f,0.8508362001101195f,0.8837486552807863f,-0.08390253205939913f,0.8470943653836949f,-0.5247775731195237f,0.33922865701533644f,0f,0f,0f,1f], start_interpolation: 0, interpolation_duration: 1 }
$data merge entity $(bone_eyelid_right) { transformation: [-0.9984067229063798f,-0.017669934024907935f,0.05358907619001241f,-0.28958432105040327f,0.00030155435044251777f,0.9480204938482037f,0.31820913297512693f,0.7215942675662029f,-0.0564262768603182f,0.3177182976716382f,-0.9465047060655953f,0.30824179704784943f,0f,0f,0f,1f], start_interpolation: 0, interpolation_duration: 1 }
$data merge entity $(bone_eye_right) { transformation: [-0.9984067229063798f,-0.017669934024907935f,0.05358907619001241f,-0.28991925277659086f,0.00030155435044251777f,0.9480204938482037f,0.31820913297512693f,0.7196054604851084f,-0.0564262768603182f,0.3177182976716382f,-0.9465047060655953f,0.3141574514607594f,0f,0f,0f,1f], start_interpolation: 0, interpolation_duration: 1 }
$data merge entity $(bone_eyelid_left) { transformation: [-0.9801703295347939f,-0.19077299602604827f,0.05358907619001241f,-0.07235081687166173f,-0.1643250580853736f,0.9336702967195951f,0.31820913297512693f,0.7396028664428814f,-0.11074023832777402f,0.30309312267154587f,-0.9465047060655953f,0.326595475935843f,0f,0f,0f,1f], start_interpolation: 0, interpolation_duration: 1 }
$data merge entity $(bone_eye_left) { transformation: [-0.9801703295347939f,-0.19077299602604827f,0.05358907619001241f,-0.0726857485978493f,-0.1643250580853736f,0.9336702967195951f,0.31820913297512693f,0.7376140593617869f,-0.11074023832777402f,0.30309312267154587f,-0.9465047060655953f,0.33251113034875296f,0f,0f,0f,1f], start_interpolation: 0, interpolation_duration: 1 }
$data merge entity $(bone_mouth_closed) { transformation: [-0.993067447674247f,-0.10461957409040509f,0.05358907619001241f,-0.18096358469590537f,-0.08232502343624457f,0.9444392718472904f,0.31820913297512693f,0.6187618680161165f,-0.08390253205939913f,0.3115914095569749f,-0.9465047060655953f,0.054649477592827206f,0f,0f,0f,1f], start_interpolation: 0, interpolation_duration: 1 }
$data merge entity $(bone_mouth_open) { transformation: [-0.993067447674247f,-0.10461957409040509f,0.05358907619001241f,-0.17735929127939262f,-0.08232502343624457f,0.9444392718472904f,0.31820913297512693f,0.5912369478519832f,-0.08390253205939913f,0.3115914095569749f,-0.9465047060655953f,0.03899659163126177f,0f,0f,0f,1f], start_interpolation: 0, interpolation_duration: 1 }
$data merge entity $(bone_head) { transformation: [-0.993067447674247f,-0.10461957409040509f,0.05358907619001241f,-0.14666086526576f,-0.08232502343624457f,0.9444392718472904f,0.31820913297512693f,0.5918207977532713f,-0.08390253205939913f,0.3115914095569749f,-0.9465047060655953f,0.04753420017102796f,0f,0f,0f,1f], start_interpolation: 0, interpolation_duration: 1 }
$data merge entity $(bone_neck) { transformation: [-0.4967396257575392f,-0.31083684519171706f,0.8103272177790405f,-0.09705401117956207f,0.017150732699253216f,0.9299667173374001f,0.3672434574128982f,0.5306435060054401f,-0.8677301404066466f,0.1963220831082457f,-0.45662023949218505f,0.017927154944065483f,0f,0f,0f,1f], start_interpolation: 0, interpolation_duration: 1 }
$data merge entity $(bone_finger_left2) { transformation: [-0.7982666507966839f,0.2199429750759054f,-0.5607097662254552f,-0.32184494226108173f,0.19744221574060422f,-0.7839424506033918f,-0.5886007183017952f,0.28975239796862773f,-0.5690227813271501f,-0.5805681026862466f,0.5823690861249473f,-0.11781577249315513f,0f,0f,0f,1f], start_interpolation: 0, interpolation_duration: 1 }
$data merge entity $(bone_finger_left) { transformation: [-0.3552190962784507f,-0.7479464898630892f,-0.5607097662254552f,-0.36624732929588805f,0.8063180842274872f,0.05831244689022935f,-0.5886007183017952f,0.39054215849706364f,0.4729381996485754f,-0.661192639734562f,0.5823690861249473f,-0.0586984975370832f,0f,0f,0f,1f], start_interpolation: 0, interpolation_duration: 1 }
$data merge entity $(bone_finger_left4) { transformation: [-0.7760597118322413f,0.28867954851401256f,-0.5607097662254552f,-0.37853186503714703f,0.12836580194651842f,-0.798167535862765f,-0.5886007183017952f,0.23498495429781582f,-0.6174573220567445f,-0.5287652626303169f,0.5823690861249473f,-0.06676750635696013f,0f,0f,0f,1f], start_interpolation: 0, interpolation_duration: 1 }
$data merge entity $(bone_finger_left3) { transformation: [-0.3222560387390193f,-0.7627290498962467f,-0.5607097662254552f,-0.41881386987952446f,0.8030070948676362f,0.09342804721736464f,-0.5886007183017952f,0.33536084115627035f,0.5013288851527259f,-0.6399340563194923f,0.5823690861249473f,-0.004101395712869396f,0f,0f,0f,1f], start_interpolation: 0, interpolation_duration: 1 }
$data merge entity $(bone_thumb_left2) { transformation: [0.6305233639400437f,0.7745053698096329f,0.05081062548104526f,-0.17609029481888766f,0.15236497816326994f,-0.18769801550047044f,0.9703372446765566f,0.3646541378495105f,0.7610684600974067f,-0.6040785438278942f,-0.23635547789660713f,-0.04681260931594233f,0f,0f,0f,1f], start_interpolation: 0, interpolation_duration: 1 }
$data merge entity $(bone_thumb_left) { transformation: [0.6305233639400437f,0.3733701786354587f,-0.6804667495414136f,-0.2808524936346907f,0.15236497816326994f,0.8000995918590628f,0.5801944127068681f,0.43241703387026686f,0.7610684600974067f,-0.4695054342738613f,0.4475929470314244f,-0.014646880315058244f,0f,0f,0f,1f], start_interpolation: 0, interpolation_duration: 1 }
$data merge entity $(bone_hand_left) { transformation: [0.6305233639400437f,-0.5366980953805656f,-0.5607097662254552f,-0.2604676930107891f,0.15236497816326994f,0.7939358335809747f,-0.5886007183017952f,0.337137538065867f,0.7610684600974067f,0.2856939736343002f,0.5823690861249473f,0.06966112691309972f,0f,0f,0f,1f], start_interpolation: 0, interpolation_duration: 1 }
$data merge entity $(bone_arm_left2) { transformation: [0.6305233639400437f,-0.5366980953805656f,-0.5607097662254552f,-0.1378812124148691f,0.15236497816326994f,0.7939358335809747f,-0.5886007183017952f,0.3384412377128223f,0.7610684600974067f,0.2856939736343002f,0.5823690861249473f,0.2963263098202606f,0f,0f,0f,1f], start_interpolation: 0, interpolation_duration: 1 }
$data merge entity $(bone_arm_left) { transformation: [0.6135298283860073f,-0.5366980953805656f,0.5792549560387981f,-0.02070219007079214f,0.5996403977057919f,0.7939358335809747f,0.10048525063571585f,0.48207100897453803f,-0.5138215090086015f,0.2856939736343002f,0.8089291750883806f,0.11731285912508645f,0f,0f,0f,1f], start_interpolation: 0, interpolation_duration: 1 }
$data merge entity $(bone_finger_right2) { transformation: [0.006170648173018767f,0.4352724436947476f,-0.9002776365439312f,-0.20201568759780972f,-0.0724405714863587f,-0.897734793265831f,-0.4345395316454939f,0.25577419731305806f,-0.9973536417459221f,0.06789801705468304f,0.025991779011590055f,0.43694779554375507f,0f,0f,0f,1f], start_interpolation: 0, interpolation_duration: 1 }
$data merge entity $(bone_finger_right) { transformation: [0.42973119903342577f,0.06950736447432507f,-0.9002776365439312f,-0.25573208747698795f,-0.8966753577847595f,-0.08454997444640908f,-0.4345395316454939f,0.367858617036153f,-0.10632214876904911f,0.9939919658150883f,0.025991779011590055f,0.4502380641398862f,0f,0f,0f,1f], start_interpolation: 0, interpolation_duration: 1 }
$data merge entity $(bone_finger_right4) { transformation: [-0.031789326134053233f,0.4341539080588994f,-0.9002776365439312f,-0.28608885855193994f,0.006077829456052439f,-0.9006322531568688f,-0.4345395316454939f,0.21468179349210703f,-0.999476112137276f,-0.01928545282762964f,0.025991779011590055f,0.44481683929127774f,0f,0f,0f,1f], start_interpolation: 0, interpolation_duration: 1 }
$data merge entity $(bone_finger_right3) { transformation: [0.43235405880833255f,0.05069659723130711f,-0.9002776365439312f,-0.3401331159029815f,-0.8995099396182472f,-0.045357071833311724f,-0.4345395316454939f,0.32712053594438795f,-0.06286363304755993f,0.9976836127068908f,0.025991779011590055f,0.4526747934222227f,0f,0f,0f,1f], start_interpolation: 0, interpolation_duration: 1 }
$data merge entity $(bone_thumb_right2) { transformation: [0.1783615770476304f,0.9009905785691421f,0.3954783498027726f,-0.15464696981317722f,-0.31374566379867985f,-0.3288674391028723f,0.8907355757717577f,0.3431338353487461f,0.9326043138869811f,-0.2829526194039572f,0.22402457207152857f,0.2885542805673081f,0f,0f,0f,1f], start_interpolation: 0, interpolation_duration: 1 }
$data merge entity $(bone_thumb_right) { transformation: [0.1783615770476304f,0.7392001801902948f,-0.6494384046541422f,-0.23025297111220652f,-0.31374566379867985f,0.6682952030557467f,0.6744962416649956f,0.4176413135631618f,0.9326043138869811f,0.0834542699885015f,0.35111903756429735f,0.3615880450718134f,0f,0f,0f,1f], start_interpolation: 0, interpolation_duration: 1 }
$data merge entity $(bone_hand_right) { transformation: [0.1783615770476304f,-0.39709863380771615f,-0.9002776365439312f,-0.3009829334906947f,-0.31374566379867985f,0.8442387422316276f,-0.4345395316454939f,0.3437474150693375f,0.9326043138869811f,0.3599633608344116f,0.025991779011590055f,0.28323929468406295f,0f,0f,0f,1f], start_interpolation: 0, interpolation_duration: 1 }
$data merge entity $(bone_arm_right2) { transformation: [0.1783615770476304f,-0.39709863380771615f,-0.9002776365439312f,-0.401840680036598f,-0.31374566379867985f,0.8442387422316276f,-0.4345395316454939f,0.3950251102911641f,0.9326043138869811f,0.3599633608344116f,0.025991779011590055f,0.05171270240054208f,0f,0f,0f,1f], start_interpolation: 0, interpolation_duration: 1 }
$data merge entity $(bone_arm_right) { transformation: [-0.5750040689683977f,-0.39709863380771615f,-0.7153202050115953f,-0.21338214998127383f,-0.534548418815224f,0.8442387422316276f,-0.0389735045550615f,0.5310980590296615f,0.6193773555853727f,0.3599633608344116f,-0.6977091587795483f,-0.05952481407207932f,0f,0f,0f,1f], start_interpolation: 0, interpolation_duration: 1 }
$data merge entity $(bone_torso) { transformation: [-0.4967396257575392f,-0.014942858529550532f,0.8677709693123099f,-0.078125f,0.017150732699253216f,0.9994875217982231f,0.027028617010965303f,0.171875f,-0.8677301404066466f,0.028309093037618038f,-0.49622877655497655f,-9.567553118338697e-18f,0f,0f,0f,1f], start_interpolation: 0, interpolation_duration: 1 }
$data merge entity $(bone_foot_right) { transformation: [-0.02440475335737885f,0.19968824777754313f,0.9795555174226219f,-0.3209857092943245f,-0.00829898329370203f,0.9797731243452739f,-0.19993937002749548f,-0.047797714456047746f,-0.9996677122373496f,-0.013008785886294779f,-0.02225391201358048f,-0.06694582383656303f,0f,0f,0f,1f], start_interpolation: 0, interpolation_duration: 1 }
$data merge entity $(bone_leg_right3) { transformation: [-0.02440475335737885f,0.2169193986873153f,0.9758844104127802f,-0.35147419450471956f,-0.00829898329370203f,0.976097558156646f,-0.21717431670647447f,0.10303939945388524f,-0.9996677122373496f,-0.01339893405337877f,-0.022021209693766843f,-0.067453723331959f,0f,0f,0f,1f], start_interpolation: 0, interpolation_duration: 1 }
$data merge entity $(bone_foot_left) { transformation: [-0.8715357527729596f,0.06453191749526688f,0.48606693290415776f,-0.19789914046671836f,0.010791730786304507f,0.9935861049879273f,-0.11256194082173393f,-0.1155313887904331f,-0.49021318850588547f,-0.09285625234362854f,-0.8666422250361387f,0.31738821063998723f,0f,0f,0f,1f], start_interpolation: 0, interpolation_duration: 1 }
$data merge entity $(bone_leg_left3) { transformation: [-0.8715357527729596f,0.24920435953131245f,0.4222826290875097f,-0.1892474417255969f,0.010791730786304507f,0.8707580314288692f,-0.49159331692849156f,0.03764354168728233f,-0.49021318850588547f,-0.42388399107858343f,-0.7615861027632952f,0.30537865581726736f,0f,0f,0f,1f], start_interpolation: 0, interpolation_duration: 1 }