# This file was generated by Animated Java via MC-Build. It is not recommended to edit this file directly.
$data merge entity $(bone_head2) { transformation: [-0.9930088887316518f,-0.06483969877464045f,0.09863650623751945f,-0.20759850118724865f,-0.08298136963701497f,0.9777485829881836f,-0.19267018647877104f,1.0031980112767414f,-0.08394902735050225f,-0.19950820015080378f,-0.9762935208632143f,-0.013894549907670965f,0f,0f,0f,1f], start_interpolation: 0, interpolation_duration: 1 }
$data merge entity $(bone_head1) { transformation: [-0.9930088887316518f,-0.11486448011959596f,-0.02719371447201112f,-0.22747420272034136f,-0.08298136963701497f,0.5154604629696342f,0.8528860436238219f,0.8824416304823948f,-0.08394902735050225f,0.8491799940660317f,-0.5213884334015468f,0.3405738591022409f,0f,0f,0f,1f], start_interpolation: 0, interpolation_duration: 1 }
$data merge entity $(bone_eyelid_right) { transformation: [-0.9984226003786824f,-0.018523302879069628f,0.05300187075491386f,-0.28993133892945117f,-0.00046987321096748913f,0.9467337645710201f,0.32201701545159095f,0.7203491804864638f,-0.05614347933852991f,0.32148416177416084f,-0.9452490906930984f,0.3089611632211029f,0f,0f,0f,1f], start_interpolation: 0, interpolation_duration: 1 }
$data merge entity $(bone_eye_right) { transformation: [-0.9984226003786824f,-0.018523302879069628f,0.05300187075491386f,-0.29026260062166936f,-0.00046987321096748913f,0.9467337645710201f,0.32201701545159095f,0.7183365741398914f,-0.05614347933852991f,0.32148416177416084f,-0.9452490906930984f,0.31486897003793474f,0f,0f,0f,1f], start_interpolation: 0, interpolation_duration: 1 }
$data merge entity $(bone_eyelid_left) { transformation: [-0.9800377798462129f,-0.19161615738393717f,0.05300187075491386f,-0.07271064451940232f,-0.16486132773460382f,0.932269158761156f,0.32201701545159095f,0.7385013550945608f,-0.11111567257452863f,0.3068508821108078f,-0.9452490906930984f,0.3273250129540253f,0f,0f,0f,1f], start_interpolation: 0, interpolation_duration: 1 }
$data merge entity $(bone_eye_left) { transformation: [-0.9800377798462129f,-0.19161615738393717f,0.05300187075491386f,-0.07304190621162053f,-0.16486132773460382f,0.932269158761156f,0.32201701545159095f,0.7364887487479884f,-0.11111567257452863f,0.3068508821108078f,-0.9452490906930984f,0.3332328197708571f,0f,0f,0f,1f], start_interpolation: 0, interpolation_duration: 1 }
$data merge entity $(bone_mouth_closed) { transformation: [-0.9930088887316518f,-0.10547107943132909f,0.05300187075491386f,-0.18128066839927565f,-0.08298136963701497f,0.9430902046213899f,0.32201701545159095f,0.6186325630409653f,-0.08394902735050225f,0.3153675908377006f,-0.9452490906930984f,0.0549320452468254f,0f,0f,0f,1f], start_interpolation: 0, interpolation_duration: 1 }
$data merge entity $(bone_mouth_open) { transformation: [-0.9930088887316518f,-0.10547107943132909f,0.05300187075491386f,-0.1776534354748284f,-0.08298136963701497f,0.9430902046213899f,0.32201701545159095f,0.5911736004931193f,-0.08394902735050225f,0.3153675908377006f,-0.9452490906930984f,0.03916900121631539f,0f,0f,0f,1f], start_interpolation: 0, interpolation_duration: 1 }
$data merge entity $(bone_head) { transformation: [-0.9930088887316518f,-0.10547107943132909f,0.05300187075491386f,-0.1469531693941825f,-0.08298136963701497f,0.9430902046213899f,0.32201701545159095f,0.5917541619477036f,-0.08394902735050225f,0.3153675908377006f,-0.9452490906930984f,0.04770021513785045f,0f,0f,0f,1f], start_interpolation: 0, interpolation_duration: 1 }
$data merge entity $(bone_neck) { transformation: [-0.4967396257575392f,-0.3114853494942164f,0.8100781574963777f,-0.09730343404318503f,0.01715073269925321f,0.9296724696263513f,0.3679877057548523f,0.530623116062984f,-0.8677301404066466f,0.1966875091847647f,-0.45646295267037224f,0.018069536211841576f,0f,0f,0f,1f], start_interpolation: 0, interpolation_duration: 1 }
$data merge entity $(bone_finger_left2) { transformation: [-0.7983958594203981f,0.22049530149946758f,-0.5603087306807052f,-0.3219251544871827f,0.19711396520419971f,-0.7835586011938808f,-0.5892215230425365f,0.2896299293685062f,-0.5689553026221316f,-0.5808766999215477f,0.5821272396189779f,-0.11777227490883443f,0f,0f,0f,1f], start_interpolation: 0, interpolation_duration: 1 }
$data merge entity $(bone_finger_left) { transformation: [-0.35578546846461506f,-0.7479778250405501f,-0.5603087306807052f,-0.36639833804525956f,0.8058830662455467f,0.058055837967507906f,-0.5892215230425365f,0.39036531264919955f,0.47325382615261585f,-0.6611797735302395f,0.5821272396189779f,-0.05861554663975746f,0f,0f,0f,1f], start_interpolation: 0, interpolation_duration: 1 }
$data merge entity $(bone_finger_left4) { transformation: [-0.7761402903584483f,0.2892410344423505f,-0.5603087306807052f,-0.37857471841618606f,0.12807225518289572f,-0.7977565381968369f,-0.5892215230425365f,0.23480283435765875f,-0.6174169961498233f,-0.5290785667166251f,0.5821272396189779f,-0.06674657417976843f,0f,0f,0f,1f], start_interpolation: 0, interpolation_duration: 1 }
$data merge entity $(bone_finger_left3) { transformation: [-0.32282050504311655f,-0.7627850600573431f,-0.5603087306807052f,-0.41892728154657566f,0.8025836840504241f,0.09315270731161263f,-0.5892215230425365f,0.33512579486396177f,0.5016436500343213f,-0.6399074349262028f,0.5821272396189779f,-0.00404111792547826f,0f,0f,0f,1f], start_interpolation: 0, interpolation_duration: 1 }
$data merge entity $(bone_thumb_left2) { transformation: [0.6304070434888288f,0.7746437584549084f,0.05013987441675377f,-0.1762235303713584f,0.15250025241029452f,-0.18691983909175375f,0.9704662007348375f,0.3646046475239614f,0.76113772244875f,-0.6041423849067097f,-0.23596895182367264f,-0.046737315650221906f,0f,0f,0f,1f], start_interpolation: 0, interpolation_duration: 1 }
$data merge entity $(bone_thumb_left) { transformation: [0.6304070434888288f,0.3728207572914392f,-0.6808756438971159f,-0.2810332059675238f,0.15250025241029452f,0.8005453373000477f,0.5795436445531515f,0.4322819702052836f,0.76113772244875f,-0.4691821030898248f,0.44781415967534877f,-0.014546099517326744f,0f,0f,0f,1f], start_interpolation: 0, interpolation_duration: 1 }
$data merge entity $(bone_hand_left) { transformation: [0.6304070434888288f,-0.5372532790431821f,-0.5603087306807052f,-0.2605833793105892f,0.15250025241029452f,0.7934492232009748f,-0.5892215230425365f,0.33698314174562827f,0.76113772244875f,0.28600217544473105f,0.5821272396189779f,0.06972430088470363f,0f,0f,0f,1f], start_interpolation: 0, interpolation_duration: 1 }
$data merge entity $(bone_arm_left2) { transformation: [0.6304070434888288f,-0.5372532790431821f,-0.5603087306807052f,-0.1380009141059261f,0.15250025241029452f,0.7934492232009748f,-0.5892215230425365f,0.33828185965804336f,0.76113772244875f,0.28600217544473105f,0.5821272396189779f,0.29639168397307725f,0f,0f,0f,1f], start_interpolation: 0, interpolation_duration: 1 }
$data merge entity $(bone_arm_left) { transformation: [0.6131201809072586f,-0.5372532790431821f,0.5791740307727892f,-0.020919245802410773f,0.6002706300245427f,0.7934492232009748f,0.10056590342510953f,0.48206414820010973f,-0.513574546189927f,0.28600217544473105f,0.8089770955637076f,0.11743697895286374f,0f,0f,0f,1f], start_interpolation: 0, interpolation_duration: 1 }
$data merge entity $(bone_finger_right2) { transformation: [0.006234514299430116f,0.43589494050136124f,-0.8999759617216252f,-0.20207986816884543f,-0.07203970850678315f,-0.8974591849604465f,-0.43517501275738296f,0.255514389306734f,-0.9973822793842423f,0.06754711078532796f,0.025806522331508708f,0.43697940114772166f,0f,0f,0f,1f], start_interpolation: 0, interpolation_duration: 1 }
$data merge entity $(bone_finger_right) { transformation: [0.43035532895127016f,0.06955256405395226f,-0.8999759617216252f,-0.2558742842877542f,-0.8963343274629247f,-0.08489688853661073f,-0.43517501275738296f,0.3675561802395996f,-0.10667269685739758f,0.9939592341491286f,0.025806522331508708f,0.45031348825489637f,0f,0f,0f,1f], start_interpolation: 0, interpolation_duration: 1 }
$data merge entity $(bone_finger_right4) { transformation: [-0.03177995720907305f,0.43477960237691077f,-0.8999759617216252f,-0.2861245849153111f,0.006453146184403617f,-0.9003227561135697f,-0.43517501275738296f,0.21436047703587044f,-0.999474057304196f,-0.019637519727326712f,0.025806522331508708f,0.4448309403200979f,0f,0f,0f,1f], start_interpolation: 0, interpolation_duration: 1 }
$data merge entity $(bone_finger_right3) { transformation: [0.43297956627076356f,0.05071452962629715f,-0.8999759617216252f,-0.34024703069915657f,-0.8991843660617957f,-0.0457185312718808f,-0.43517501275738296f,0.3267585227935949f,-0.06321527522702003f,0.9976662028870801f,0.025806522331508708f,0.4527328497234754f,0f,0f,0f,1f], start_interpolation: 0, interpolation_duration: 1 }
$data merge entity $(bone_thumb_right2) { transformation: [0.17856677319828612f,0.9012226223449348f,0.39485654671446213f,-0.15476982109741344f,-0.313992491935661f,-0.3281290491243995f,0.8909208955506381f,0.342965901379503f,0.9324819690040042f,-0.28307086055338865f,0.22438419148411157f,0.28862128862388026f,0f,0f,0f,1f], start_interpolation: 0, interpolation_duration: 1 }
$data merge entity $(bone_thumb_right) { transformation: [0.17856677319828612f,0.7387347011465288f,-0.6499114930754032f,-0.2304285460693924f,-0.313992491935661f,0.6687752169036271f,0.6739053526004526f,0.41739180508157014f,0.9324819690040042f,0.08373022499345611f,0.35137818216980926f,0.36168362292648154f,0f,0f,0f,1f], start_interpolation: 0, interpolation_duration: 1 }
$data merge entity $(bone_hand_right) { transformation: [0.17856677319828612f,-0.3976897985022836f,-0.8999759617216252f,-0.3011061033992949f,-0.313992491935661f,0.8438195442626613f,-0.43517501275738296f,0.34347995686512794f,0.9324819690040042f,0.36029349270777533f,0.025806522331508708f,0.28330451803807427f,0f,0f,0f,1f], start_interpolation: 0, interpolation_duration: 1 }
$data merge entity $(bone_arm_right2) { transformation: [0.17856677319828612f,-0.3976897985022836f,-0.8999759617216252f,-0.401996294306468f,-0.313992491935661f,0.8438195442626613f,-0.43517501275738296f,0.39477964155170675f,0.9324819690040042f,0.36029349270777533f,0.025806522331508708f,0.05179693343279252f,0f,0f,0f,1f], start_interpolation: 0, interpolation_duration: 1 }
$data merge entity $(bone_arm_right) { transformation: [-0.5746410751039444f,-0.3976897985022836f,-0.7152834815446218f,-0.213630807933943f,-0.5351938836578671f,0.8438195442626613f,-0.039192902617233794f,0.5310276688797506f,0.6191567989601595f,0.36029349270777533f,-0.6977345178603678f,-0.05938385894097437f,0f,0f,0f,1f], start_interpolation: 0, interpolation_duration: 1 }
$data merge entity $(bone_torso) { transformation: [-0.4967396257575392f,-0.01563743687073016f,0.8677587307370489f,-0.078125f,0.01715073269925321f,0.9994655673200524f,0.027828620330237877f,0.171875f,-0.8677301404066466f,0.028706276486505367f,-0.4962059583682381f,-9.567553118338697e-18f,0f,0f,0f,1f], start_interpolation: 0, interpolation_duration: 1 }
$data merge entity $(bone_foot_right) { transformation: [-0.02440475335737885f,0.19959149066470835f,0.9795752369613095f,-0.3230126979507727f,-0.00829898329370203f,0.9797928686876392f,-0.19984259141919142f,-0.04819310198672197f,-0.9996677122373496f,-0.013006587680350975f,-0.022255196855049078f,-0.06689305683000206f,0f,0f,0f,1f], start_interpolation: 0, interpolation_duration: 1 }
$data merge entity $(bone_leg_right3) { transformation: [-0.02440475335737885f,0.2300002558591107f,0.9728845205461487f,-0.35147419450471956f,-0.00829898329370203f,0.9730942270300516f,-0.2302580122320994f,0.10303939945388524f,-0.9996677122373496f,-0.013693342379798567f,-0.021839356323235734f,-0.067453723331959f,0f,0f,0f,1f], start_interpolation: 0, interpolation_duration: 1 }
$data merge entity $(bone_foot_left) { transformation: [-0.8772901283542702f,0.04773240996700881f,0.4775810378678051f,-0.19639999789595908f,0.001491291888981755f,0.9953087727493738f,-0.0967379084776882f,-0.11556147849355104f,-0.4799581301953852f,-0.08415499941701099f,-0.8732457439532542f,0.3179764078635756f,0f,0f,0f,1f], start_interpolation: 0, interpolation_duration: 1 }
$data merge entity $(bone_leg_left3) { transformation: [-0.8772901283542702f,0.23648715079365373f,0.41765519055992606f,-0.1892474417255969f,0.001491291888981755f,0.8715255671067699f,-0.4903477969031016f,0.03764354168728233f,-0.4799581301953852f,-0.4295544358852823f,-0.7649334480009529f,0.30537865581726736f,0f,0f,0f,1f], start_interpolation: 0, interpolation_duration: 1 }