# This file was generated by Animated Java via MC-Build. It is not recommended to edit this file directly.
$data merge entity $(bone_head2) { transformation: [-0.9939242699831637f,-0.051600695706045197f,0.09722095319985044f,-0.1971791404807598f,-0.0720473784856081f,0.9727773554704326f,-0.22025755818428355f,1.0032264495566179f,-0.08320889851324137f,-0.22592384753850936f,-0.9705847177457565f,-0.027837674986649255f,0f,0f,0f,1f], start_interpolation: 0, interpolation_duration: 1 }
$data merge entity $(bone_head1) { transformation: [-0.9939242699831637f,-0.10900628964875743f,-0.01523726863471879f,-0.2190774407550795f,-0.0720473784856081f,0.5396838526400567f,0.8387791809844455f,0.8923614356920812f,-0.08320889851324137f,0.8347807903974536f,-0.5442584966646054f,0.32972967971161155f,0f,0f,0f,1f], start_interpolation: 0, interpolation_duration: 1 }
$data merge entity $(bone_eyelid_right) { transformation: [-0.9982735436715248f,-0.006316754929871049f,0.05839546739818591f,-0.2836463472723566f,0.011249486022944719f,0.9552331744675517f,0.29564003697209756f,0.7303165393698923f,-0.05764877335829622f,0.2957865463536158f,-0.9535129458620288f,0.3024070400680093f,0f,0f,0f,1f], start_interpolation: 0, interpolation_duration: 1 }
$data merge entity $(bone_eye_right) { transformation: [-0.9982735436715248f,-0.006316754929871049f,0.05839546739818591f,-0.28401131894359527f,0.011249486022944719f,0.9552331744675517f,0.29564003697209756f,0.7284687891388166f,-0.05764877335829622f,0.2957865463536158f,-0.9535129458620288f,0.30836649597964694f,0f,0f,0f,1f], start_interpolation: 0, interpolation_duration: 1 }
$data merge entity $(bone_eyelid_left) { transformation: [-0.982010632452348f,-0.1795691709004842f,0.05839546739818591f,-0.06622541321353954f,-0.15479591894048889f,0.9426744888976821f,0.29564003697209756f,0.746076903413619f,-0.10813575370759415f,0.28128227964734365f,-0.9535129458620288f,0.32060898661778087f,0f,0f,0f,1f], start_interpolation: 0, interpolation_duration: 1 }
$data merge entity $(bone_eye_left) { transformation: [-0.982010632452348f,-0.1795691709004842f,0.05839546739818591f,-0.06659038488477821f,-0.15479591894048889f,0.9426744888976821f,0.29564003697209756f,0.7442291531825433f,-0.10813575370759415f,0.28128227964734365f,-0.9535129458620288f,0.3265684425294185f,0f,0f,0f,1f], start_interpolation: 0, interpolation_duration: 1 }
$data merge entity $(bone_mouth_closed) { transformation: [-0.9939242699831637f,-0.09329798993431096f,0.05839546739818591f,-0.17605710657800028f,-0.0720473784856081f,0.9525786811557816f,0.29564003697209756f,0.6203450209770496f,-0.08320889851324137f,0.2896365675838066f,-0.9535129458620288f,0.051383432255547645f,0f,0f,0f,1f], start_interpolation: 0, interpolation_duration: 1 }
$data merge entity $(bone_mouth_open) { transformation: [-0.9939242699831637f,-0.09329798993431096f,0.05839546739818591f,-0.1727765727213144f,-0.0720473784856081f,0.9525786811557816f,0.29564003697209756f,0.592424687422007f,-0.08320889851324137f,0.2896365675838066f,-0.9535129458620288f,0.03637283360691601f,0f,0f,0f,1f], start_interpolation: 0, interpolation_duration: 1 }
$data merge entity $(bone_head) { transformation: [-0.9939242699831637f,-0.09329798993431096f,0.05839546739818591f,-0.1420814109555792f,-0.0720473784856081f,0.9525786811557816f,0.29564003697209756f,0.5928284177686066f,-0.08320889851324137f,0.2896365675838066f,-0.9535129458620288f,0.04493256759709248f,0f,0f,0f,1f], start_interpolation: 0, interpolation_duration: 1 }
$data merge entity $(bone_neck) { transformation: [-0.49673962575753916f,-0.3006636437880026f,0.8141566910038763f,-0.09314966719077034f,0.017150732699253213f,0.9344932630563799f,0.35556742492826604f,0.5309326136213353f,-0.8677301404066468f,0.19058781337315478f,-0.4590432319765763f,0.015697793678046752f,0f,0f,0f,1f], start_interpolation: 0, interpolation_duration: 1 }
$data merge entity $(bone_finger_left2) { transformation: [-0.796215332018259f,0.21126647508370672f,-0.5669282331695603f,-0.3205788494745712f,0.20256321437167388f,-0.7898826498684648f,-0.5788380979342908f,0.2916591723746389f,-0.570095859695954f,-0.5757185735604488f,0.5861218600385532f,-0.11850287076371979f,0f,0f,0f,1f], start_interpolation: 0, interpolation_duration: 1 }
$data merge entity $(bone_finger_left) { transformation: [-0.3463182040494356f,-0.7474329936383692f,-0.5669282331695603f,-0.3638686249807507f,0.8130572905982885f,0.0623241412679133f,-0.5788380979342908f,0.393291333699425f,0.46797600766379466f,-0.6614073037365122f,0.5861218600385532f,-0.06000586980574546f,0f,0f,0f,1f], start_interpolation: 0, interpolation_duration: 1 }
$data merge entity $(bone_finger_left4) { transformation: [-0.7747724057423485f,0.2798572810120454f,-0.5669282331695603f,-0.37784489476816363f,0.13294959115270857f,-0.8045314553155397f,-0.5788380979342908f,0.23782964959855935f,-0.6181036527254485f,-0.523840662484696f,0.5861218600385532f,-0.06710454287556075f,0f,0f,0f,1f], start_interpolation: 0, interpolation_duration: 1 }
$data merge entity $(bone_finger_left3) { transformation: [-0.3133860165778668f,-0.7618277909401167f,-0.5669282331695603f,-0.41701814684039695f,0.8095648993562068f,0.09772988340414265f,-0.5788380979342908f,0.3390252620180852f,0.4963807795874373f,-0.6403649637832436f,0.5861218600385532f,-0.005056945427131088f,0f,0f,0f,1f], start_interpolation: 0, interpolation_duration: 1 }
$data merge entity $(bone_thumb_left2) { transformation: [0.6323310851021589f,0.7722697022362544f,0.061293603430161325f,-0.17400119732669345f,0.15023421391432595f,-0.1998584244250558f,0.9682387573093111f,0.3654125679137181f,0.7599914998097486f,-0.6030390677180557f,-0.24239802602881752f,-0.04799354083764906f,0f,0f,0f,1f], start_interpolation: 0, interpolation_duration: 1 }
$data merge entity $(bone_thumb_left) { transformation: [0.6323310851021589f,0.38192614923838475f,-0.6740102486917138f,-0.27801282482260015f,0.15023421391432595f,0.7930585055353658f,0.5903286269253397f,0.4345088270945629f,0.7599914998097486f,-0.47454254111296645f,0.44409717055052f,-0.016231128887888704f,0f,0f,0f,1f], start_interpolation: 0, interpolation_duration: 1 }
$data merge entity $(bone_hand_left) { transformation: [0.6323310851021589f,-0.5279675910969984f,-0.5669282331695603f,-0.2586436794197991f,0.15023421391432595f,0.8014837099712988f,-0.5788380979342908f,0.33953966190966234f,0.7599914998097486f,0.2808453051091932f,0.5861218600385532f,0.06866443265951036f,0f,0f,0f,1f], start_interpolation: 0, interpolation_duration: 1 }
$data merge entity $(bone_arm_left2) { transformation: [0.6323310851021589f,-0.5279675910969984f,-0.5669282331695603f,-0.1359939227173569f,0.15023421391432595f,0.8014837099712988f,-0.5788380979342908f,0.34092083426735065f,0.7599914998097486f,0.2808453051091932f,0.5861218600385532f,0.2952949238643571f,0f,0f,0f,1f], start_interpolation: 0, interpolation_duration: 1 }
$data merge entity $(bone_arm_left) { transformation: [0.6198821854665484f,-0.5279675910969984f,0.5805138231708603f,-0.017305490298898572f,0.5897292187154647f,0.8014837099712988f,0.09921346301732767f,0.48215229750763383f,-0.5176538657582532f,0.2808453051091932f,0.8081833887575647f,0.11536999562744601f,0f,0f,0f,1f], start_interpolation: 0, interpolation_duration: 1 }
$data merge entity $(bone_finger_right2) { transformation: [0.005135114369430635f,0.42550784537453445f,-0.9049401660469786f,-0.20098799906660353f,-0.07870566949248356f,-0.9019727902376043f,-0.42455918699367495f,0.2598320064975871f,-0.9968846714591171f,0.07340408160117125f,0.028858146408522245f,0.4364396891692184f,0f,0f,0f,1f], start_interpolation: 0, interpolation_duration: 1 }
$data merge entity $(bone_finger_right) { transformation: [0.41993512834472424f,0.06883156148865029f,-0.9049401660469786f,-0.2534798901096941f,-0.9019368929114724f,-0.07911597780770238f,-0.42455918699367495f,0.37257411811152114f,-0.10081829787939825f,0.9944862383153246f,0.028858146408522245f,0.4490419764041432f,0f,0f,0f,1f], start_interpolation: 0, interpolation_duration: 1 }
$data merge entity $(bone_finger_right4) { transformation: [-0.03196987859965181f,0.42433621426551543f,-0.9049401660469786f,-0.2855008014645882f,0.00020593781316290832f,-0.9054001625407889f,-0.42455918699367495f,0.21970551441523228f,-0.9994888115691641f,-0.013759467065394111f,0.028858146408522245f,0.4445794950373483f,0f,0f,0f,1f], start_interpolation: 0, interpolation_duration: 1 }
$data merge entity $(bone_finger_right3) { transformation: [0.42253783369608033f,0.05044873606235771f,-0.9049401660469786f,-0.33831803067659827f,-0.9045294393250546f,-0.039698742216501604f,-0.42455918699367495f,0.3327716943308641f,-0.057343460740750696f,0.9979373401652719f,0.028858146408522245f,0.45174742762994213f,0f,0f,0f,1f], start_interpolation: 0, interpolation_duration: 1 }
$data merge entity $(bone_thumb_right2) { transformation: [0.17517339182887737f,0.8972931726430613f,0.40519038133119f,-0.15270962693122797f,-0.3098586116026543f,-0.3403940148626918f,0.8877609787895238f,0.3457469379486843f,0.9345062458918297f,-0.28106383078191777f,0.2184060425339731f,0.2874968799870929f,0f,0f,0f,1f], start_interpolation: 0, interpolation_duration: 1 }
$data merge entity $(bone_thumb_right) { transformation: [0.17517339182887737f,0.7464396787270149f,-0.641982934988989f,-0.22748332531019919f,-0.3098586116026543f,0.6607279612360151f,0.6836857480279771f,0.4215245748395985f,0.9345062458918297f,0.07916038948116148f,0.34703272054137635f,0.36007929023888463f,0f,0f,0f,1f], start_interpolation: 0, interpolation_duration: 1 }
$data merge entity $(bone_hand_right) { transformation: [0.17517339182887737f,-0.3878112668167758f,-0.9049401660469786f,-0.2990315986903598f,-0.3098586116026543f,0.8507274167175671f,-0.42455918699367495f,0.3479178507392594f,0.9345062458918297f,0.3547749762525853f,0.028858146408522245f,0.28220466508065767f,0f,0f,0f,1f], start_interpolation: 0, interpolation_duration: 1 }
$data merge entity $(bone_arm_right2) { transformation: [0.17517339182887737f,-0.3878112668167758f,-0.9049401660469786f,-0.3993837070255153f,-0.3098586116026543f,0.8507274167175671f,-0.42455918699367495f,0.39884755445281833f,0.9345062458918297f,0.3547749762525853f,0.028858146408522245f,0.05038173775823288f,0f,0f,0f,1f], start_interpolation: 0, interpolation_duration: 1 }
$data merge entity $(bone_arm_right) { transformation: [-0.5806250997410857f,-0.3878112668167758f,-0.7158749296354923f,-0.2094852489880256f,-0.5244044822644758f,0.8507274167175671f,-0.03553591740734971f,0.5321696698568966f,0.622795658728913f,0.3547749762525853f,-0.6973236577754953f,-0.0617344483130269f,0f,0f,0f,1f], start_interpolation: 0, interpolation_duration: 1 }
$data merge entity $(bone_torso) { transformation: [-0.49673962575753916f,-0.00407341925949109f,0.867890057241006f,-0.078125f,0.017150732699253213f,0.9997476451041295f,0.014508565629524212f,0.171875f,-0.8677301404066468f,0.02209192984516861f,-0.4965444089561149f,-9.567553118338697e-18f,0f,0f,0f,1f], start_interpolation: 0, interpolation_duration: 1 }
$data merge entity $(bone_foot_right) { transformation: [-0.02440475335737885f,0.018452710664802696f,0.9995318431559282f,-0.31450385341923687f,-0.00829898329370203f,0.9997914414135608f,-0.018660132702786297f,-0.046341725694017455f,-0.9996677122373496f,-0.008750494004101753f,-0.02424652479898559f,-0.0671161517547874f,0f,0f,0f,1f], start_interpolation: 0, interpolation_duration: 1 }
$data merge entity $(bone_leg_right3) { transformation: [-0.02440475335737885f,0.17458413970893455f,0.9843397717128255f,-0.35147419450471956f,-0.00829898329370203f,0.9845637265821261f,-0.17482961755665954f,0.10303939945388524f,-0.9996677122373496f,-0.012435693016806415f,-0.022579164053068843f,-0.067453723331959f,0f,0f,0f,1f], start_interpolation: 0, interpolation_duration: 1 }
$data merge entity $(bone_foot_left) { transformation: [-0.873342304044554f,0.08192011962491438f,0.4801690472810485f,-0.19743491229647378f,0.00790886616323884f,0.9880116355164578f,-0.154176710044372f,-0.11554234348128918f,-0.4870427802587386f,-0.13085145044948515f,-0.863520253446961f,0.31757252869557195f,0f,0f,0f,1f], start_interpolation: 0, interpolation_duration: 1 }
$data merge entity $(bone_leg_left3) { transformation: [-0.873342304044554f,0.24526765785669635f,0.4208527010435368f,-0.1892474417255969f,0.00790886616323884f,0.8710100932998452f,-0.4912014527724923f,0.03764354168728233f,-0.4870427802587386f,-0.42565854082736954f,-0.7626297508087083f,0.30537865581726736f,0f,0f,0f,1f], start_interpolation: 0, interpolation_duration: 1 }