# This file was generated by Animated Java via MC-Build. It is not recommended to edit this file directly.
$data merge entity $(bone_head2) { transformation: [-0.9935151695979341f,-0.057403864656243545f,0.0981448118920025f,-0.20188077300116788f,-0.07712394601989256f,0.9744925196961708f,-0.21075157414958717f,1.003057530482526f,-0.08354343019717086f,-0.21695420110875008f,-0.9726003135369404f,-0.02275808169478316f,0f,0f,0f,1f], start_interpolation: 0, interpolation_duration: 1 }
$data merge entity $(bone_head1) { transformation: [-0.9935151695979341f,-0.11185923352051153f,-0.020374485392091572f,-0.22299101100866695f,-0.07712394601989256f,0.5313377703036578f,0.8436421461728061f,0.8887837644524075f,-0.08354343019717086f,0.8397426306464031f,-0.5365191604648892f,0.3337820482324952f,0f,0f,0f,1f], start_interpolation: 0, interpolation_duration: 1 }
$data merge entity $(bone_eyelid_right) { transformation: [-0.9983442777278646f,-0.011819149402239756f,0.056293968019997476f,-0.2866166648431255f,0.005907444841577389f,0.9524204445216754f,0.304730042746983f,0.7266198949289643f,-0.05721717594807231f,0.30455804793920954f,-0.9507736798060755f,0.30499187030110086f,0f,0f,0f,1f], start_interpolation: 0, interpolation_duration: 1 }
$data merge entity $(bone_eye_right) { transformation: [-0.9983442777278646f,-0.011819149402239756f,0.056293968019997476f,-0.2869685021432505f,0.005907444841577389f,0.9524204445216754f,0.304730042746983f,0.7247153321617956f,-0.05721717594807231f,0.30455804793920954f,-0.9507736798060755f,0.31093420579988884f,0f,0f,0f,1f], start_interpolation: 0, interpolation_duration: 1 }
$data merge entity $(bone_eyelid_left) { transformation: [-0.9811248111265021f,-0.18500025447698681f,0.056293968019997476f,-0.06928522149357742f,-0.1595683770834393f,0.9389768549236873f,0.304730042746983f,0.7434907581208158f,-0.1092338684975666f,0.28999546851816643f,-0.9507736798060755f,0.32326699565673195f,0f,0f,0f,1f], start_interpolation: 0, interpolation_duration: 1 }
$data merge entity $(bone_eye_left) { transformation: [-0.9811248111265021f,-0.18500025447698681f,0.056293968019997476f,-0.06963705879370241f,-0.1595683770834393f,0.9389768549236873f,0.304730042746983f,0.7415861953536471f,-0.1092338684975666f,0.28999546851816643f,-0.9507736798060755f,0.3292093311555199f,0f,0f,0f,1f], start_interpolation: 0, interpolation_duration: 1 }
$data merge entity $(bone_mouth_closed) { transformation: [-0.9935151695979341f,-0.09878561101371183f,0.056293968019997476f,-0.17847833821895398f,-0.07712394601989256f,0.949311064929585f,0.304730042746983f,0.619594968897922f,-0.08354343019717086f,0.2984123071505345f,-0.9507736798060755f,0.05293275268585977f,0f,0f,0f,1f], start_interpolation: 0, interpolation_duration: 1 }
$data merge entity $(bone_mouth_open) { transformation: [-0.9935151695979341f,-0.09878561101371183f,0.056293968019997476f,-0.1750394505746505f,-0.07712394601989256f,0.949311064929585f,0.304730042746983f,0.5918335608860411f,-0.08354343019717086f,0.2984123071505345f,-0.9507736798060755f,0.03766503258861759f,0f,0f,0f,1f], start_interpolation: 0, interpolation_duration: 1 }
$data merge entity $(bone_head) { transformation: [-0.9935151695979341f,-0.09878561101371183f,0.056293968019997476f,-0.14434393882484003f,-0.07712394601989256f,0.949311064929585f,0.304730042746983f,0.5923391214319941f,-0.08354343019717086f,0.2984123071505345f,-0.9507736798060755f,0.046218100281067154f,0f,0f,0f,1f], start_interpolation: 0, interpolation_duration: 1 }
$data merge entity $(bone_neck) { transformation: [-0.4967396257575392f,-0.30569293079025583f,0.8122817099178856f,-0.09507787517191736f,0.01715073269925321f,0.9322764360800947f,0.3613398664660129f,0.5307968956902995f,-0.8677301404066466f,0.19342305652290043f,-0.45785579021696365f,0.016798930545935443f,0f,0f,0f,1f], start_interpolation: 0, interpolation_duration: 1 }
$data merge entity $(bone_finger_left2) { transformation: [-0.7972351530242209f,0.21555866931727732f,-0.5638710587223039f,-0.3212065884556087f,0.20003820389090665f,-0.786965072414183f,-0.5836700196037482f,0.2907199050888428f,-0.5695619613058327f,-0.5781180112073179f,0.5842762508874964f,-0.11816208082155694f,0f,0f,0f,1f], start_interpolation: 0, interpolation_duration: 1 }
$data merge entity $(bone_finger_left) { transformation: [-0.350722280267322f,-0.7476919895648733f,-0.5638710587223039f,-0.3650468734890239f,0.8097455742327231f,0.06034412337815481f,-0.5836700196037482f,0.3919381018679332f,0.4704317029438046f,-0.6612981744374042f,0.5842762508874964f,-0.05935811795358137f,0f,0f,0f,1f], start_interpolation: 0, interpolation_duration: 1 }
$data merge entity $(bone_finger_left4) { transformation: [-0.7754142566450464f,0.2842220254079525f,-0.5638710587223039f,-0.3781879597633133f,0.13068847272919396f,-0.8014049109604152f,-0.5836700196037482f,0.23642619975781565f,-0.6177809107501795f,-0.5262775018576515f,0.5842762508874964f,-0.06693589161244203f,0f,0f,0f,1f], start_interpolation: 0, interpolation_duration: 1 }
$data merge entity $(bone_finger_left3) { transformation: [-0.3177746038474128f,-0.7622786434664219f,-0.5638710587223039f,-0.41790978524423994f,0.8063427021781288f,0.09560729501368548f,-0.5836700196037482f,0.33721903753008176f,0.49882937743650757f,-0.6401488224273774f,0.5842762508874964f,-0.004582219432878579f,0f,0f,0f,1f], start_interpolation: 0, interpolation_duration: 1 }
$data merge entity $(bone_thumb_left2) { transformation: [0.6314413971552008f,0.7733901129574274f,0.056120362956650294f,-0.17503374402333155f,0.15128962906317203f,-0.1938577395437811f,0.9692938795622841f,0.36504182849196004f,0.7605216697087703f,-0.6035618526701914f,-0.23941570521732797f,-0.04740977823294781f,0f,0f,0f,1f], start_interpolation: 0, interpolation_duration: 1 }
$data merge entity $(bone_thumb_left) { transformation: [0.6314413971552008f,0.37771110714444633f,-0.6772119915494742f,-0.27941778662811584f,0.15128962906317203f,0.7965507700632888f,0.5853360734223627f,0.43348103676153127f,0.7605216697087703f,-0.4720605790058078f,0.4458313578608909f,-0.015447160678735528f,0f,0f,0f,1f], start_interpolation: 0, interpolation_duration: 1 }
$data merge entity $(bone_hand_left) { transformation: [0.6314413971552008f,-0.5322886351351835f,-0.5638710587223039f,-0.2595475713651828f,0.15128962906317203f,0.7977723712649418f,-0.5836700196037482f,0.33835680103606924f,0.7605216697087703f,0.28324556934263884f,0.5842762508874964f,0.06915849411485048f,0f,0f,0f,1f], start_interpolation: 0, interpolation_duration: 1 }
$data merge entity $(bone_arm_left2) { transformation: [0.6314413971552008f,-0.5322886351351835f,-0.5638710587223039f,-0.13692916324652663f,0.15128962906317203f,0.7977723712649418f,-0.5836700196037482f,0.339699832076628f,0.7605216697087703f,0.28324556934263884f,0.5842762508874964f,0.29580617722251157f,0f,0f,0f,1f], start_interpolation: 0, interpolation_duration: 1 }
$data merge entity $(bone_arm_left) { transformation: [0.6167591030772192f,-0.5322886351351835f,0.5798939710648043f,-0.0189827606687721f,0.5946347389553777f,0.7977723712649418f,0.09984373227089377f,0.4821182835485416f,-0.5157690723558892f,0.28324556934263884f,0.8085506857636757f,0.11632949127330956f,0f,0f,0f,1f], start_interpolation: 0, interpolation_duration: 1 }
$data merge entity $(bone_finger_right2) { transformation: [0.005654934397544137f,0.4303349877761022f,-0.902651549609649f,-0.20150094607100744f,-0.07561387961483908f,-0.8998977095362389f,-0.42949581322874764f,0.25783014477720273f,-0.9971211375387402f,0.07068175625416011f,0.027450435447827604f,0.436693763215362f,0f,0f,0f,1f], start_interpolation: 0, interpolation_duration: 1 }
$data merge entity $(bone_finger_right) { transformation: [0.4247792014072788f,0.0691578631761641f,-0.902651549609649f,-0.2545983462469173f,-0.8993564536706598f,-0.08180046246758743f,-0.42949581322874764f,0.3702497014860352f,-0.10354032689116305f,0.9942463851083367f,0.027450435447827604f,0.4496363040767574f,0f,0f,0f,1f], start_interpolation: 0, interpolation_duration: 1 }
$data merge entity $(bone_finger_right4) { transformation: [-0.03187274982504057f,0.4291902932335364f,-0.902651549609649f,-0.2857979878535539f,0.0031051072970972246f,-0.9030635109047703f,-0.42949581322874764f,0.21722590003748055f,-0.9994871115363435f,-0.016492042519371572f,0.027450435447827604f,0.44470061224574187f,0f,0f,0f,1f], start_interpolation: 0, interpolation_duration: 1 }
$data merge entity $(bone_finger_right3) { transformation: [0.4273915293541437f,0.05056343168362597f,-0.902651549609649f,-0.3392219290228219f,-0.9020685516668764f,-0.04249322902064123f,-0.42949581322874764f,0.3299844689958401f,-0.06007336123399498f,0.9978164484832738f,0.027450435447827604f,0.45220978239999127f,0f,0f,0f,1f], start_interpolation: 0, interpolation_duration: 1 }
$data merge entity $(bone_thumb_right2) { transformation: [0.17674231342046587f,0.8991344723601176f,0.4003989950792509f,-0.1536697632127797f,-0.31178375784566187f,-0.3347089480776077f,0.8892473269121584f,0.34446010176299535f,0.9335700525351156f,-0.28200553308485576f,0.2211782907952472f,0.2880210839216395f,0f,0f,0f,1f], start_interpolation: 0, interpolation_duration: 1 }
$data merge entity $(bone_thumb_right) { transformation: [0.17674231342046587f,0.7428753749419481f,-0.6456766465899484f,-0.22885614674213367f,-0.31178375784566187f,0.6644776631563982f,0.6791614855907613f,0.41961204502916355f,0.9335700525351156f,0.08127491907760814f,0.3490577954128927f,0.36082737248997343f,0f,0f,0f,1f], start_interpolation: 0, interpolation_duration: 1 }
$data merge entity $(bone_hand_right) { transformation: [0.17674231342046587f,-0.3924058290011508f,-0.902651549609649f,-0.30000075979424545f,-0.31178375784566187f,0.8475401080554326f,-0.42949581322874764f,0.3458620406508578f,0.9335700525351156f,0.3573421757969597f,0.027450435447827604f,0.28271883654245256f,0f,0f,0f,1f], start_interpolation: 0, interpolation_duration: 1 }
$data merge entity $(bone_arm_right2) { transformation: [0.17674231342046587f,-0.3924058290011508f,-0.902651549609649f,-0.400602059999965f,-0.31178375784566187f,0.8475401080554326f,-0.42949581322874764f,0.39696449178547655f,0.9335700525351156f,0.3573421757969597f,0.027450435447827604f,0.05104197562416289f,0f,0f,0f,1f], start_interpolation: 0, interpolation_duration: 1 }
$data merge entity $(bone_arm_right) { transformation: [-0.5778634344771958f,-0.3924058290011508f,-0.7156056990131776f,-0.2114108451923425f,-0.5294236175114484f,0.8475401080554326f,-0.037234372003260685f,0.5316475444135424f,0.6211155160799884f,0.3573421757969597f,-0.6975113512204539f,-0.06064244394455583f,0f,0f,0f,1f], start_interpolation: 0, interpolation_duration: 1 }
$data merge entity $(bone_torso) { transformation: [-0.4967396257575392f,-0.009440684443086406f,0.8678482688117239f,-0.078125f,0.01715073269925321f,0.9996388004350343f,0.020691085826620284f,0.171875f,-0.8677301404066466f,0.025162315911932007f,-0.4963982889654329f,-9.567553118338697e-18f,0f,0f,0f,1f], start_interpolation: 0, interpolation_duration: 1 }
$data merge entity $(bone_foot_right) { transformation: [-0.02440475335737885f,0.05155093383071781f,0.9983721296364132f,-0.31293372180528267f,-0.00829898329370203f,0.998624714822922f,-0.051766840942141956f,-0.04594444197673997f,-0.9996677122373496f,-0.009548830610033995f,-0.023943369523200402f,-0.06715778131349004f,0f,0f,0f,1f], start_interpolation: 0, interpolation_duration: 1 }
$data merge entity $(bone_leg_right3) { transformation: [-0.02440475335737885f,0.16421140682535418f,0.986123228548037f,-0.35147419450471956f,-0.00829898329370203f,0.9863497553786194f,-0.16445451328810978f,0.10303939945388524f,-0.9996677122373496f,-0.012197292034555827f,-0.022708834782247306f,-0.067453723331959f,0f,0f,0f,1f], start_interpolation: 0, interpolation_duration: 1 }
$data merge entity $(bone_foot_left) { transformation: [-0.8665327738056282f,0.09156168827494032f,0.4906499864067734f,-0.19915598979355562f,0.018609815026309706f,0.9882731600791873f,-0.1515580280017642f,-0.11549429282935635f,-0.49877312147449443f,-0.12219909290718828f,-0.8580750287633649f,0.3168793053528172f,0f,0f,0f,1f], start_interpolation: 0, interpolation_duration: 1 }
$data merge entity $(bone_leg_left3) { transformation: [-0.8665327738056282f,0.259856478825769f,0.426140308270641f,-0.1892474417255969f,0.018609815026309706f,0.8700102478401841f,-0.4926822946258045f,0.03764354168728233f,-0.49877312147449443f,-0.41899496305484873f,-0.7587282743046123f,0.30537865581726736f,0f,0f,0f,1f], start_interpolation: 0, interpolation_duration: 1 }