# This file was generated by Animated Java via MC-Build. It is not recommended to edit this file directly.
$data merge entity $(bone_left_foot) {transformation: [-1f,0f,0f,0.2688f,0f,0.943f,-0.3328f,-0.1065f,0f,-0.3328f,-0.943f,-0.0065f,0f,0f,0f,1f],start_interpolation: 0,interpolation_duration: 1}
$data merge entity $(bone_right_foot) {transformation: [-1f,0f,0f,0.2688f,0f,0.943f,-0.3328f,-0.1065f,0f,-0.3328f,-0.943f,-0.0065f,0f,0f,0f,1f],start_interpolation: 0,interpolation_duration: 1}
$data merge entity $(bone_mouth) {transformation: [-1f,0f,0f,0f,0f,0.8994f,0.4371f,-0.3095f,0f,0.4371f,-0.8994f,0.4133f,0f,0f,0f,1f],start_interpolation: 0,interpolation_duration: 1}
$data merge entity $(bone_right_wing) {transformation: [-0.9623f,-0.2719f,0f,-0.3875f,-0.2719f,0.9623f,0f,-0.1565f,0f,0f,-1f,-0.0221f,0f,0f,0f,1f],start_interpolation: 0,interpolation_duration: 1}
$data merge entity $(bone_left_wing) {transformation: [-0.9623f,0.2719f,0f,0.3875f,0.2719f,0.9623f,0f,-0.1565f,0f,0f,-1f,-0.0221f,0f,0f,0f,1f],start_interpolation: 0,interpolation_duration: 1}
$data merge entity $(bone_beat) {transformation: [-1f,0f,0f,0f,0f,1f,0f,-0.0315f,0f,0f,-1f,0.056f,0f,0f,0f,1f],start_interpolation: 0,interpolation_duration: 1}