# This file was generated by Animated Java via MC-Build. It is not recommended to edit this file directly.
$data merge entity $(bone_shell2) {transformation: [-1.1979f,0f,0f,-0.05f,0f,1.1841f,-0.1811f,1.2054f,0f,-0.1811f,-1.1841f,-0.4025f,0f,0f,0f,1f],start_interpolation: 0,interpolation_duration: 1}
$data merge entity $(bone_shell) {transformation: [-1.2604f,0f,0f,-0.05f,0f,1.2601f,-0.0263f,0.9919f,0f,-0.0263f,-1.2601f,0.6022f,0f,0f,0f,1f],start_interpolation: 0,interpolation_duration: 1}
$data merge entity $(bone_pupil_right2) {transformation: [-1f,0.0042f,-0.0003f,-0.3711f,0.0041f,0.9955f,0.0943f,2.3827f,0.0007f,0.0943f,-0.9955f,1.4234f,0f,0f,0f,1f],start_interpolation: 0,interpolation_duration: 1}
$data merge entity $(bone_pupil_right) {transformation: [-1f,0.0042f,-0.0003f,-0.37f,0.0041f,0.9955f,0.0943f,2.373f,0.0007f,0.0943f,-0.9955f,1.3597f,0f,0f,0f,1f],start_interpolation: 0,interpolation_duration: 1}
$data merge entity $(bone_eyelid_right) {transformation: [-1f,0.0042f,-0.0003f,-0.3336f,0.0041f,0.9955f,0.0943f,2.404f,0.0007f,0.0943f,-0.9955f,1.3627f,0f,0f,0f,1f],start_interpolation: 0,interpolation_duration: 1}
$data merge entity $(bone_eye_right) {transformation: [-1f,0.0042f,-0.0003f,-0.3698f,0.0041f,0.9955f,0.0943f,2.4041f,0.0007f,0.0943f,-0.9955f,1.3627f,0f,0f,0f,1f],start_interpolation: 0,interpolation_duration: 1}
$data merge entity $(bone_pupil_left2) {transformation: [-1f,0.0042f,-0.0003f,0.3214f,0.0041f,0.9955f,0.0943f,2.3798f,0.0007f,0.0943f,-0.9955f,1.423f,0f,0f,0f,1f],start_interpolation: 0,interpolation_duration: 1}
$data merge entity $(bone_pupil_left) {transformation: [-1f,0.0042f,-0.0003f,0.32f,0.0041f,0.9955f,0.0943f,2.3702f,0.0007f,0.0943f,-0.9955f,1.3593f,0f,0f,0f,1f],start_interpolation: 0,interpolation_duration: 1}
$data merge entity $(bone_eyelid_left) {transformation: [-1f,0.0042f,-0.0003f,0.2839f,0.0041f,0.9955f,0.0943f,2.4014f,0.0007f,0.0943f,-0.9955f,1.3622f,0f,0f,0f,1f],start_interpolation: 0,interpolation_duration: 1}
$data merge entity $(bone_eye_left) {transformation: [-1f,0.0042f,-0.0003f,0.3202f,0.0041f,0.9955f,0.0943f,2.4013f,0.0007f,0.0943f,-0.9955f,1.3622f,0f,0f,0f,1f],start_interpolation: 0,interpolation_duration: 1}
$data merge entity $(bone_muzzle2) {transformation: [-1f,0.0042f,0.0001f,-0.0243f,0.0041f,0.9835f,0.1807f,2.4837f,0.0007f,0.1807f,-0.9835f,1.5885f,0f,0f,0f,1f],start_interpolation: 0,interpolation_duration: 1}
$data merge entity $(bone_muzzle) {transformation: [-1f,0.0042f,-0.0003f,-0.0239f,0.0041f,0.9955f,0.0943f,2.6376f,0.0007f,0.0943f,-0.9955f,1.2891f,0f,0f,0f,1f],start_interpolation: 0,interpolation_duration: 1}
$data merge entity $(bone_tongue) {transformation: [-1f,0.0041f,-0.0006f,-0.0261f,0.0041f,1f,0.0072f,2.1066f,0.0007f,0.0072f,-1f,1.2541f,0f,0f,0f,1f],start_interpolation: 0,interpolation_duration: 1}
$data merge entity $(bone_jaw) {transformation: [-1f,0.0041f,-0.0006f,-0.026f,0.0041f,1f,0.0072f,2.1376f,0.0007f,0.0072f,-1f,1.2855f,0f,0f,0f,1f],start_interpolation: 0,interpolation_duration: 1}
$data merge entity $(bone_ear_left) {transformation: [-0.901f,-0.2199f,-0.3739f,0.3253f,-0.2059f,0.9755f,-0.0775f,2.4818f,0.3818f,0.0072f,-0.9242f,1.0222f,0f,0f,0f,1f],start_interpolation: 0,interpolation_duration: 1}
$data merge entity $(bone_ear_right) {transformation: [-0.8998f,0.2279f,0.372f,-0.3747f,0.2133f,0.9737f,-0.0806f,2.4847f,-0.3806f,0.0069f,-0.9247f,1.0226f,0f,0f,0f,1f],start_interpolation: 0,interpolation_duration: 1}
$data merge entity $(bone_head_angle) {transformation: [-1f,0.0041f,-0.0006f,-0.0257f,0.0041f,1f,0.0072f,2.2323f,0.0007f,0.0072f,-1f,1.1612f,0f,0f,0f,1f],start_interpolation: 0,interpolation_duration: 1}
$data merge entity $(bone_neck3) {transformation: [-0.9998f,0.0215f,-0.0009f,-0.0412f,0.0216f,0.9985f,-0.0505f,1.5099f,-0.0002f,-0.0505f,-0.9987f,1.1039f,0f,0f,0f,1f],start_interpolation: 0,interpolation_duration: 1}
$data merge entity $(bone_neck2) {transformation: [-1f,0.0063f,0.0021f,-0.0441f,0.0065f,0.996f,0.0887f,1.0699f,-0.0016f,0.0887f,-0.9961f,1.1118f,0f,0f,0f,1f],start_interpolation: 0,interpolation_duration: 1}
$data merge entity $(bone_chest2) {transformation: [-1f,0.0051f,0.0043f,-0.05f,0.0065f,0.8949f,0.4463f,0.1405f,-0.0016f,0.4463f,-0.8949f,1.0149f,0f,0f,0f,1f],start_interpolation: 0,interpolation_duration: 1}
$data merge entity $(bone_chest) {transformation: [-1f,0f,0f,-0.05f,0f,0.9727f,-0.2319f,-0.0059f,0f,-0.2319f,-0.9727f,0.5358f,0f,0f,0f,1f],start_interpolation: 0,interpolation_duration: 1}
$data merge entity $(bone_tail2) {transformation: [-1f,0f,0f,-0.05f,0f,0.9914f,0.1312f,0.4296f,0f,0.1312f,-0.9914f,-1.1337f,0f,0f,0f,1f],start_interpolation: 0,interpolation_duration: 1}
$data merge entity $(bone_tail) {transformation: [-1f,0f,0f,-0.05f,0f,0.9954f,0.0958f,0.6425f,0f,0.0958f,-0.9954f,-0.7365f,0f,0f,0f,1f],start_interpolation: 0,interpolation_duration: 1}
$data merge entity $(bone_torso) {transformation: [-1f,0f,0f,-0.05f,0f,0.9978f,0.0664f,0.6281f,0f,0.0664f,-0.9978f,-0.0484f,0f,0f,0f,1f],start_interpolation: 0,interpolation_duration: 1}
$data merge entity $(bone_leg_front_left4) {transformation: [-0.7206f,0.6823f,-0.123f,1.6829f,0.6346f,0.7206f,0.2794f,-0.2206f,0.2793f,0.1233f,-0.9523f,0.5921f,0f,0f,0f,1f],start_interpolation: 0,interpolation_duration: 1}
$data merge entity $(bone_leg_front_left3) {transformation: [-0.8619f,0.507f,0.004f,1.3406f,0.5007f,0.8498f,0.165f,-0.0039f,0.0803f,0.1442f,-0.9863f,0.627f,0f,0f,0f,1f],start_interpolation: 0,interpolation_duration: 1}
$data merge entity $(bone_leg_front_left2) {transformation: [-0.9174f,0.3671f,0.1536f,0.773f,0.3813f,0.9213f,0.0756f,0.2488f,-0.1138f,0.1279f,-0.9852f,0.5579f,0f,0f,0f,1f],start_interpolation: 0,interpolation_duration: 1}
$data merge entity $(bone_leg_front_left) {transformation: [-0.9052f,0.3266f,0.272f,0.575f,0.3459f,0.9379f,0.0251f,0.3245f,-0.2469f,0.1169f,-0.962f,0.5039f,0f,0f,0f,1f],start_interpolation: 0,interpolation_duration: 1}
$data merge entity $(bone_leg_back_left4) {transformation: [-0.3309f,0.7358f,-0.5908f,0.9555f,0.6845f,0.6181f,0.3865f,-0.1885f,0.6496f,-0.2765f,-0.7083f,-0.9346f,0f,0f,0f,1f],start_interpolation: 0,interpolation_duration: 1}
$data merge entity $(bone_leg_back_left3) {transformation: [-0.4837f,0.7147f,-0.5051f,0.8497f,0.7233f,0.6515f,0.2292f,-0.0303f,0.4929f,-0.2545f,-0.8321f,-0.8268f,0f,0f,0f,1f],start_interpolation: 0,interpolation_duration: 1}
$data merge entity $(bone_leg_back_left2) {transformation: [-0.6224f,0.6325f,-0.4611f,0.6163f,0.6401f,0.7503f,0.1652f,0.2098f,0.4505f,-0.1923f,-0.8718f,-0.6579f,0f,0f,0f,1f],start_interpolation: 0,interpolation_duration: 1}
$data merge entity $(bone_leg_back_left) {transformation: [-0.7738f,0.5099f,-0.3759f,0.5438f,0.521f,0.8498f,0.0803f,0.2586f,0.3604f,-0.1337f,-0.9232f,-0.6241f,0f,0f,0f,1f],start_interpolation: 0,interpolation_duration: 1}
$data merge entity $(bone_leg_front_right4) {transformation: [-0.7206f,-0.6823f,0.123f,-1.7829f,-0.6346f,0.7206f,0.2794f,-0.2206f,-0.2793f,0.1233f,-0.9523f,0.5921f,0f,0f,0f,1f],start_interpolation: 0,interpolation_duration: 1}
$data merge entity $(bone_leg_front_right3) {transformation: [-0.8619f,-0.507f,-0.004f,-1.4406f,-0.5007f,0.8498f,0.165f,-0.0039f,-0.0803f,0.1442f,-0.9863f,0.627f,0f,0f,0f,1f],start_interpolation: 0,interpolation_duration: 1}
$data merge entity $(bone_leg_front_right2) {transformation: [-0.9174f,-0.3671f,-0.1536f,-0.873f,-0.3813f,0.9213f,0.0756f,0.2488f,0.1138f,0.1279f,-0.9852f,0.5579f,0f,0f,0f,1f],start_interpolation: 0,interpolation_duration: 1}
$data merge entity $(bone_leg_front_right) {transformation: [-0.9052f,-0.3266f,-0.272f,-0.675f,-0.3459f,0.9379f,0.0251f,0.3245f,0.2469f,0.1169f,-0.962f,0.5039f,0f,0f,0f,1f],start_interpolation: 0,interpolation_duration: 1}
$data merge entity $(bone_leg_back_right4) {transformation: [-0.3309f,-0.7358f,0.5908f,-1.0555f,-0.6845f,0.6181f,0.3865f,-0.1885f,-0.6496f,-0.2765f,-0.7083f,-0.9346f,0f,0f,0f,1f],start_interpolation: 0,interpolation_duration: 1}
$data merge entity $(bone_leg_back_right3) {transformation: [-0.4837f,-0.7147f,0.5051f,-0.9497f,-0.7233f,0.6515f,0.2292f,-0.0303f,-0.4929f,-0.2545f,-0.8321f,-0.8268f,0f,0f,0f,1f],start_interpolation: 0,interpolation_duration: 1}
$data merge entity $(bone_leg_back_right2) {transformation: [-0.6224f,-0.6325f,0.4611f,-0.7163f,-0.6401f,0.7503f,0.1652f,0.2098f,-0.4505f,-0.1923f,-0.8718f,-0.6579f,0f,0f,0f,1f],start_interpolation: 0,interpolation_duration: 1}
$data merge entity $(bone_leg_back_right) {transformation: [-0.7738f,-0.5099f,0.3759f,-0.6437f,-0.521f,0.8498f,0.0803f,0.2586f,-0.3604f,-0.1337f,-0.9232f,-0.6241f,0f,0f,0f,1f],start_interpolation: 0,interpolation_duration: 1}
data modify entity @s data merge value {"cameras":{},"locators":{"target":{"px":-0.0500000000000002,"py":0.9463438304882199,"pz":1.5886473215971622,"ry":0,"rx":1.9923893961834915},"body":{"px":-0.05000000000000001,"py":0.8757424412763035,"pz":0.022746081466946455,"ry":0,"rx":1.9923893961834915},"head":{"px":-0.02390993929806989,"py":2.63760244667595,"pz":1.2891457370479906,"ry":359.9631268230006,"rx":0.4128018313433102},"mouth":{"px":-0.0262627019556245,"py":2.0427471812573055,"pz":1.4411154797982886,"ry":359.9631268230006,"rx":0.4128018313433102},"special":{"px":-0.0262627019556245,"py":2.0427471812573055,"pz":1.4411154797982886,"ry":359.9631268230006,"rx":0.4128018313433102},"face":{"px":-0.0245567895113245,"py":2.3832882511755225,"pz":1.8873295478885816,"ry":359.9631268230006,"rx":0.4128018313433102},"eye1":{"px":-0.3686247131422189,"py":2.382663064790185,"pz":1.423434689747203,"ry":359.98382927829823,"rx":5.4127591100106285},"eye2":{"px":0.31886927576151214,"py":2.3798256437868495,"pz":1.4229718039227999,"ry":359.98382927829823,"rx":5.4127591100106285},"horn":{"px":-0.023183389071028716,"py":2.7680979793641822,"pz":1.5683250543302387,"ry":359.98382927829823,"rx":5.4127591100106285},"physical":{"px":-0.023183389071028716,"py":2.7680979793641822,"pz":1.5683250543302387,"ry":359.98382927829823,"rx":5.4127591100106285},"jaw_upper":{"px":-0.025990358848102257,"py":2.0630347450469992,"pz":1.7212491172989686,"ry":359.98382927829823,"rx":5.4127591100106285},"jaw_lower":{"px":-0.025655603623292746,"py":2.143842307706621,"pz":1.7231008250997988,"ry":359.9631268230006,"rx":0.4128018313433102},"tail_tip":{"px":-0.049999999999999815,"py":0.47875875040171895,"pz":-1.5054443467916694,"ry":0,"rx":7.537150185034695}}}
function animated_java:lapras/animations/surfacewater_idle/zzz/frames/on_tick/transform_floating_entities