# This file was generated by Animated Java via MC-Build. It is not recommended to edit this file directly.
$data merge entity $(bone_shell2) {transformation: [-1.1979f,0.0006f,-0.0001f,-0.0495f,0.0007f,1.1843f,-0.1803f,1.2032f,0f,-0.1803f,-1.1843f,-0.4031f,0f,0f,0f,1f],start_interpolation: 0,interpolation_duration: 1}
$data merge entity $(bone_shell) {transformation: [-1.2604f,0.0007f,0f,-0.0496f,0.0007f,1.2602f,-0.0255f,0.9891f,0f,-0.0255f,-1.2602f,0.6015f,0f,0f,0f,1f],start_interpolation: 0,interpolation_duration: 1}
$data merge entity $(bone_pupil_right2) {transformation: [-1f,0.0039f,-0.0004f,-0.3702f,0.0038f,0.9955f,0.0943f,2.379f,0.0008f,0.0943f,-0.9955f,1.4267f,0f,0f,0f,1f],start_interpolation: 0,interpolation_duration: 1}
$data merge entity $(bone_pupil_right) {transformation: [-1f,0.0039f,-0.0004f,-0.3691f,0.0038f,0.9955f,0.0943f,2.3693f,0.0008f,0.0943f,-0.9955f,1.363f,0f,0f,0f,1f],start_interpolation: 0,interpolation_duration: 1}
$data merge entity $(bone_eyelid_right) {transformation: [-1f,0.0039f,-0.0004f,-0.3327f,0.0038f,0.9955f,0.0943f,2.4003f,0.0008f,0.0943f,-0.9955f,1.3659f,0f,0f,0f,1f],start_interpolation: 0,interpolation_duration: 1}
$data merge entity $(bone_eye_right) {transformation: [-1f,0.0039f,-0.0004f,-0.3689f,0.0038f,0.9955f,0.0943f,2.4004f,0.0008f,0.0943f,-0.9955f,1.3659f,0f,0f,0f,1f],start_interpolation: 0,interpolation_duration: 1}
$data merge entity $(bone_pupil_left2) {transformation: [-1f,0.0039f,-0.0004f,0.3223f,0.0038f,0.9955f,0.0943f,2.3764f,0.0008f,0.0943f,-0.9955f,1.4261f,0f,0f,0f,1f],start_interpolation: 0,interpolation_duration: 1}
$data merge entity $(bone_pupil_left) {transformation: [-1f,0.0039f,-0.0004f,0.3209f,0.0038f,0.9955f,0.0943f,2.3667f,0.0008f,0.0943f,-0.9955f,1.3624f,0f,0f,0f,1f],start_interpolation: 0,interpolation_duration: 1}
$data merge entity $(bone_eyelid_left) {transformation: [-1f,0.0039f,-0.0004f,0.2848f,0.0038f,0.9955f,0.0943f,2.3979f,0.0008f,0.0943f,-0.9955f,1.3654f,0f,0f,0f,1f],start_interpolation: 0,interpolation_duration: 1}
$data merge entity $(bone_eye_left) {transformation: [-1f,0.0039f,-0.0004f,0.3211f,0.0038f,0.9955f,0.0943f,2.3978f,0.0008f,0.0943f,-0.9955f,1.3654f,0f,0f,0f,1f],start_interpolation: 0,interpolation_duration: 1}
$data merge entity $(bone_muzzle2) {transformation: [-1f,0.0039f,-0.0001f,-0.0235f,0.0038f,0.9835f,0.1807f,2.4801f,0.0008f,0.1807f,-0.9835f,1.5916f,0f,0f,0f,1f],start_interpolation: 0,interpolation_duration: 1}
$data merge entity $(bone_muzzle) {transformation: [-1f,0.0039f,-0.0004f,-0.0231f,0.0038f,0.9955f,0.0943f,2.634f,0.0008f,0.0943f,-0.9955f,1.2923f,0f,0f,0f,1f],start_interpolation: 0,interpolation_duration: 1}
$data merge entity $(bone_tongue) {transformation: [-1f,0.0038f,-0.0008f,-0.0252f,0.0038f,1f,0.0072f,2.103f,0.0008f,0.0072f,-1f,1.2573f,0f,0f,0f,1f],start_interpolation: 0,interpolation_duration: 1}
$data merge entity $(bone_jaw) {transformation: [-1f,0.0038f,-0.0008f,-0.025f,0.0038f,1f,0.0072f,2.134f,0.0008f,0.0072f,-1f,1.2887f,0f,0f,0f,1f],start_interpolation: 0,interpolation_duration: 1}
$data merge entity $(bone_ear_left) {transformation: [-0.9013f,-0.2184f,-0.3741f,0.3261f,-0.2045f,0.9758f,-0.0769f,2.4784f,0.3819f,0.0072f,-0.9242f,1.0253f,0f,0f,0f,1f],start_interpolation: 0,interpolation_duration: 1}
$data merge entity $(bone_ear_right) {transformation: [-0.9003f,0.2259f,0.3721f,-0.3739f,0.2114f,0.9741f,-0.0798f,2.481f,-0.3805f,0.0068f,-0.9248f,1.0259f,0f,0f,0f,1f],start_interpolation: 0,interpolation_duration: 1}
$data merge entity $(bone_head_angle) {transformation: [-1f,0.0038f,-0.0008f,-0.0247f,0.0038f,1f,0.0072f,2.2287f,0.0008f,0.0072f,-1f,1.1644f,0f,0f,0f,1f],start_interpolation: 0,interpolation_duration: 1}
$data merge entity $(bone_neck3) {transformation: [-0.9998f,0.0222f,-0.001f,-0.0408f,0.0222f,0.9986f,-0.0481f,1.5064f,-0.0001f,-0.0481f,-0.9988f,1.1053f,0f,0f,0f,1f],start_interpolation: 0,interpolation_duration: 1}
$data merge entity $(bone_neck2) {transformation: [-1f,0.0067f,0.0021f,-0.0438f,0.0069f,0.9958f,0.0913f,1.0665f,-0.0015f,0.0913f,-0.9958f,1.1121f,0f,0f,0f,1f],start_interpolation: 0,interpolation_duration: 1}
$data merge entity $(bone_chest2) {transformation: [-1f,0.0055f,0.0044f,-0.0501f,0.0069f,0.8942f,0.4477f,0.1372f,-0.0015f,0.4477f,-0.8942f,1.0137f,0f,0f,0f,1f],start_interpolation: 0,interpolation_duration: 1}
$data merge entity $(bone_chest) {transformation: [-1f,0.0005f,-0.0001f,-0.0501f,0.0005f,0.973f,-0.231f,-0.0087f,0f,-0.231f,-0.973f,0.5345f,0f,0f,0f,1f],start_interpolation: 0,interpolation_duration: 1}
$data merge entity $(bone_tail2) {transformation: [-1f,0.0005f,0.0001f,-0.0499f,0.0005f,0.9903f,0.1386f,0.4288f,0f,0.1386f,-0.9903f,-1.1353f,0f,0f,0f,1f],start_interpolation: 0,interpolation_duration: 1}
$data merge entity $(bone_tail) {transformation: [-1f,0.0005f,0.0001f,-0.0498f,0.0005f,0.9951f,0.0989f,0.6405f,0f,0.0989f,-0.9951f,-0.7374f,0f,0f,0f,1f],start_interpolation: 0,interpolation_duration: 1}
$data merge entity $(bone_torso) {transformation: [-1f,0.0005f,0f,-0.0498f,0.0005f,0.9978f,0.067f,0.6256f,0f,0.067f,-0.9978f,-0.0494f,0f,0f,0f,1f],start_interpolation: 0,interpolation_duration: 1}
$data merge entity $(bone_leg_front_left4) {transformation: [-0.7279f,0.674f,-0.126f,1.6888f,0.6269f,0.7286f,0.2759f,-0.2114f,0.2778f,0.1219f,-0.9529f,0.5925f,0f,0f,0f,1f],start_interpolation: 0,interpolation_duration: 1}
$data merge entity $(bone_leg_front_left3) {transformation: [-0.8687f,0.4954f,0.0023f,1.3436f,0.4891f,0.8569f,0.1629f,0.0007f,0.0787f,0.1426f,-0.9866f,0.6267f,0f,0f,0f,1f],start_interpolation: 0,interpolation_duration: 1}
$data merge entity $(bone_leg_front_left2) {transformation: [-0.9214f,0.3573f,0.1531f,0.7734f,0.3714f,0.9254f,0.0755f,0.2473f,-0.1147f,0.1264f,-0.9853f,0.557f,0f,0f,0f,1f],start_interpolation: 0,interpolation_duration: 1}
$data merge entity $(bone_leg_front_left) {transformation: [-0.9066f,0.3226f,0.2721f,0.575f,0.3422f,0.9393f,0.0264f,0.3222f,-0.2471f,0.117f,-0.9619f,0.5029f,0f,0f,0f,1f],start_interpolation: 0,interpolation_duration: 1}
$data merge entity $(bone_leg_back_left4) {transformation: [-0.3279f,0.737f,-0.591f,0.9577f,0.6882f,0.615f,0.385f,-0.1888f,0.6472f,-0.2805f,-0.7088f,-0.9356f,0f,0f,0f,1f],start_interpolation: 0,interpolation_duration: 1}
$data merge entity $(bone_leg_back_left3) {transformation: [-0.4856f,0.7128f,-0.506f,0.8514f,0.7224f,0.6532f,0.2269f,-0.0308f,0.4923f,-0.2553f,-0.8321f,-0.8279f,0f,0f,0f,1f],start_interpolation: 0,interpolation_duration: 1}
$data merge entity $(bone_leg_back_left2) {transformation: [-0.6264f,0.6279f,-0.4618f,0.6165f,0.6359f,0.7543f,0.1631f,0.2077f,0.4508f,-0.1915f,-0.8719f,-0.6588f,0f,0f,0f,1f],start_interpolation: 0,interpolation_duration: 1}
$data merge entity $(bone_leg_back_left) {transformation: [-0.7761f,0.5062f,-0.3761f,0.5438f,0.5176f,0.852f,0.0787f,0.2562f,0.3603f,-0.1335f,-0.9232f,-0.6251f,0f,0f,0f,1f],start_interpolation: 0,interpolation_duration: 1}
$data merge entity $(bone_leg_front_right4) {transformation: [-0.7286f,-0.6732f,0.1263f,-1.7893f,-0.6261f,0.7294f,0.2758f,-0.2095f,-0.2778f,0.1219f,-0.9529f,0.5925f,0f,0f,0f,1f],start_interpolation: 0,interpolation_duration: 1}
$data merge entity $(bone_leg_front_right3) {transformation: [-0.8692f,-0.4944f,-0.0022f,-1.4439f,-0.4881f,0.8574f,0.1629f,0.0022f,-0.0787f,0.1426f,-0.9866f,0.6267f,0f,0f,0f,1f],start_interpolation: 0,interpolation_duration: 1}
$data merge entity $(bone_leg_front_right2) {transformation: [-0.9218f,-0.3563f,-0.1531f,-0.8734f,-0.3704f,0.9258f,0.0757f,0.2482f,0.1147f,0.1264f,-0.9853f,0.557f,0f,0f,0f,1f],start_interpolation: 0,interpolation_duration: 1}
$data merge entity $(bone_leg_front_right) {transformation: [-0.907f,-0.3216f,-0.2721f,-0.675f,-0.3412f,0.9396f,0.0267f,0.3228f,0.2471f,0.117f,-0.9619f,0.5029f,0f,0f,0f,1f],start_interpolation: 0,interpolation_duration: 1}
$data merge entity $(bone_leg_back_right4) {transformation: [-0.3287f,-0.7363f,0.5915f,-1.0581f,-0.6878f,0.6158f,0.3844f,-0.1877f,-0.6472f,-0.2805f,-0.7088f,-0.9356f,0f,0f,0f,1f],start_interpolation: 0,interpolation_duration: 1}
$data merge entity $(bone_leg_back_right3) {transformation: [-0.4864f,-0.7121f,0.5063f,-0.9517f,-0.7218f,0.654f,0.2264f,-0.0298f,-0.4923f,-0.2553f,-0.8321f,-0.8279f,0f,0f,0f,1f],start_interpolation: 0,interpolation_duration: 1}
$data merge entity $(bone_leg_back_right2) {transformation: [-0.6271f,-0.6271f,0.462f,-0.7166f,-0.6352f,0.755f,0.1626f,0.2084f,-0.4508f,-0.1915f,-0.8719f,-0.6588f,0f,0f,0f,1f],start_interpolation: 0,interpolation_duration: 1}
$data merge entity $(bone_leg_back_right) {transformation: [-0.7767f,-0.5053f,0.3762f,-0.6437f,-0.5167f,0.8526f,0.0783f,0.2568f,-0.3603f,-0.1335f,-0.9232f,-0.6251f,0f,0f,0f,1f],start_interpolation: 0,interpolation_duration: 1}
data modify entity @s data merge value {"cameras":{},"locators":{"target":{"px":-0.049613782723772024,"py":0.9437365922923373,"pz":1.5877289777542858,"ry":0.001095623606488516,"rx":1.997696472647868},"body":{"px":-0.04965240837742031,"py":0.8732802652810896,"pz":0.021821204450844397,"ry":0.001095623606488516,"rx":1.997696472647868},"head":{"px":-0.023098953854530434,"py":2.634032466577877,"pz":1.292331620196254,"ry":359.9565080181059,"rx":0.412631870403077},"mouth":{"px":-0.02525309504021104,"py":2.0391769322761255,"pz":1.4443032556626447,"ry":359.9565080181059,"rx":0.412631870403077},"special":{"px":-0.02525309504021104,"py":2.0391769322761255,"pz":1.4443032556626447,"ry":359.9565080181059,"rx":0.412631870403077},"face":{"px":-0.02360046361573231,"py":2.379719742492754,"pz":1.890516196106034,"ry":359.9565080181059,"rx":0.412631870403077},"eye1":{"px":-0.3677207482886059,"py":2.3789883486558567,"pz":1.426660333709732,"ry":359.97568082711865,"rx":5.412595228971147},"eye2":{"px":0.3197740170438572,"py":2.376360575945919,"pz":1.4261195462779273,"ry":359.97568082711865,"rx":5.412595228971147},"horn":{"px":-0.02238056056603948,"py":2.7645289880262687,"pz":1.5715104964135502,"ry":359.97568082711865,"rx":5.412595228971147},"physical":{"px":-0.02238056056603948,"py":2.7645289880262687,"pz":1.5715104964135502,"ry":359.97568082711865,"rx":5.412595228971147},"jaw_upper":{"px":-0.024955193042701662,"py":2.059465354084707,"pz":1.7244368050093237,"ry":359.97568082711865,"rx":5.412595228971147},"jaw_lower":{"px":-0.024644870068941414,"py":2.1402730201983067,"pz":1.726288253834914,"ry":359.9565080181059,"rx":0.412631870403077},"tail_tip":{"px":-0.04986759099501503,"py":0.4807697071328969,"pz":-1.5066635786589548,"ry":0.004395833208519662,"rx":7.966616440376452}}}
function animated_java:lapras/animations/surfacewater_idle/zzz/frames/on_tick/transform_floating_entities