# This file was generated by Animated Java via MC-Build. It is not recommended to edit this file directly.
$data merge entity $(bone_shell2) {transformation: [-1.1979f,0.0045f,-0.0007f,-0.0453f,0.0046f,1.1846f,-0.1783f,1.1892f,0f,-0.1783f,-1.1846f,-0.4082f,0f,0f,0f,1f],start_interpolation: 0,interpolation_duration: 1}
$data merge entity $(bone_shell) {transformation: [-1.2604f,0.0048f,-0.0001f,-0.0461f,0.0048f,1.2602f,-0.0233f,0.9733f,0f,-0.0233f,-1.2602f,0.596f,0f,0f,0f,1f],start_interpolation: 0,interpolation_duration: 1}
$data merge entity $(bone_pupil_right2) {transformation: [-1f,0.002f,-0.0011f,-0.3644f,0.0019f,0.9954f,0.0955f,2.3592f,0.0013f,0.0955f,-0.9954f,1.4439f,0f,0f,0f,1f],start_interpolation: 0,interpolation_duration: 1}
$data merge entity $(bone_pupil_right) {transformation: [-1f,0.002f,-0.0011f,-0.3632f,0.0019f,0.9954f,0.0955f,2.3496f,0.0013f,0.0955f,-0.9954f,1.3801f,0f,0f,0f,1f],start_interpolation: 0,interpolation_duration: 1}
$data merge entity $(bone_eyelid_right) {transformation: [-1f,0.002f,-0.0011f,-0.3269f,0.0019f,0.9954f,0.0955f,2.3807f,0.0013f,0.0955f,-0.9954f,1.3831f,0f,0f,0f,1f],start_interpolation: 0,interpolation_duration: 1}
$data merge entity $(bone_eye_right) {transformation: [-1f,0.002f,-0.0011f,-0.3632f,0.0019f,0.9954f,0.0955f,2.3807f,0.0013f,0.0955f,-0.9954f,1.3831f,0f,0f,0f,1f],start_interpolation: 0,interpolation_duration: 1}
$data merge entity $(bone_pupil_left2) {transformation: [-1f,0.002f,-0.0011f,0.3281f,0.0019f,0.9954f,0.0955f,2.3579f,0.0013f,0.0955f,-0.9954f,1.4429f,0f,0f,0f,1f],start_interpolation: 0,interpolation_duration: 1}
$data merge entity $(bone_pupil_left) {transformation: [-1f,0.002f,-0.0011f,0.3268f,0.0019f,0.9954f,0.0955f,2.3483f,0.0013f,0.0955f,-0.9954f,1.3792f,0f,0f,0f,1f],start_interpolation: 0,interpolation_duration: 1}
$data merge entity $(bone_eyelid_left) {transformation: [-1f,0.002f,-0.0011f,0.2906f,0.0019f,0.9954f,0.0955f,2.3795f,0.0013f,0.0955f,-0.9954f,1.3823f,0f,0f,0f,1f],start_interpolation: 0,interpolation_duration: 1}
$data merge entity $(bone_eye_left) {transformation: [-1f,0.002f,-0.0011f,0.3268f,0.0019f,0.9954f,0.0955f,2.3794f,0.0013f,0.0955f,-0.9954f,1.3822f,0f,0f,0f,1f],start_interpolation: 0,interpolation_duration: 1}
$data merge entity $(bone_muzzle2) {transformation: [-1f,0.0021f,-0.001f,-0.0177f,0.0019f,0.9833f,0.1819f,2.4608f,0.0013f,0.1819f,-0.9833f,1.6088f,0f,0f,0f,1f],start_interpolation: 0,interpolation_duration: 1}
$data merge entity $(bone_muzzle) {transformation: [-1f,0.002f,-0.0011f,-0.0178f,0.0019f,0.9954f,0.0955f,2.6151f,0.0013f,0.0955f,-0.9954f,1.3096f,0f,0f,0f,1f],start_interpolation: 0,interpolation_duration: 1}
$data merge entity $(bone_tongue) {transformation: [-1f,0.0019f,-0.0013f,-0.0189f,0.0019f,1f,0.0084f,2.0841f,0.0013f,0.0084f,-1f,1.2739f,0f,0f,0f,1f],start_interpolation: 0,interpolation_duration: 1}
$data merge entity $(bone_jaw) {transformation: [-1f,0.0019f,-0.0013f,-0.0188f,0.0019f,1f,0.0084f,2.1151f,0.0013f,0.0084f,-1f,1.3055f,0f,0f,0f,1f],start_interpolation: 0,interpolation_duration: 1}
$data merge entity $(bone_ear_left) {transformation: [-0.9034f,-0.2068f,-0.3756f,0.3315f,-0.1943f,0.9783f,-0.0714f,2.4604f,0.3823f,0.0084f,-0.924f,1.0422f,0f,0f,0f,1f],start_interpolation: 0,interpolation_duration: 1}
$data merge entity $(bone_ear_right) {transformation: [-0.9037f,0.2106f,0.3729f,-0.3685f,0.1977f,0.9775f,-0.0729f,2.4617f,-0.3799f,0.0079f,-0.925f,1.0432f,0f,0f,0f,1f],start_interpolation: 0,interpolation_duration: 1}
$data merge entity $(bone_head_angle) {transformation: [-1f,0.0019f,-0.0013f,-0.0188f,0.0019f,1f,0.0084f,2.2099f,0.0013f,0.0084f,-1f,1.1812f,0f,0f,0f,1f],start_interpolation: 0,interpolation_duration: 1}
$data merge entity $(bone_neck3) {transformation: [-0.9997f,0.0255f,-0.0014f,-0.0372f,0.0255f,0.9991f,-0.0333f,1.4886f,0.0005f,-0.0334f,-0.9994f,1.1115f,0f,0f,0f,1f],start_interpolation: 0,interpolation_duration: 1}
$data merge entity $(bone_neck2) {transformation: [-1f,0.0088f,0.0021f,-0.0412f,0.009f,0.9944f,0.1051f,1.0486f,-0.0012f,0.1051f,-0.9945f,1.1121f,0f,0f,0f,1f],start_interpolation: 0,interpolation_duration: 1}
$data merge entity $(bone_chest2) {transformation: [-1f,0.0074f,0.0051f,-0.0494f,0.009f,0.8909f,0.4542f,0.1201f,-0.0012f,0.4542f,-0.8909f,1.007f,0f,0f,0f,1f],start_interpolation: 0,interpolation_duration: 1}
$data merge entity $(bone_chest) {transformation: [-1f,0.0037f,-0.0009f,-0.0499f,0.0038f,0.9737f,-0.2279f,-0.0243f,0f,-0.2279f,-0.9737f,0.5273f,0f,0f,0f,1f],start_interpolation: 0,interpolation_duration: 1}
$data merge entity $(bone_tail2) {transformation: [-1f,0.0037f,0.0007f,-0.0482f,0.0038f,0.9835f,0.1809f,0.4215f,0f,0.1809f,-0.9835f,-1.1445f,0f,0f,0f,1f],start_interpolation: 0,interpolation_duration: 1}
$data merge entity $(bone_tail) {transformation: [-1f,0.0038f,0.0004f,-0.0474f,0.0038f,0.9935f,0.1141f,0.627f,0f,0.1141f,-0.9935f,-0.7434f,0f,0f,0f,1f],start_interpolation: 0,interpolation_duration: 1}
$data merge entity $(bone_torso) {transformation: [-1f,0.0038f,0.0003f,-0.0475f,0.0038f,0.9976f,0.0687f,0.611f,0f,0.0687f,-0.9976f,-0.0554f,0f,0f,0f,1f],start_interpolation: 0,interpolation_duration: 1}
$data merge entity $(bone_leg_front_left4) {transformation: [-0.775f,0.6154f,-0.1436f,1.7216f,0.573f,0.7802f,0.251f,-0.1572f,0.2665f,0.1123f,-0.9573f,0.595f,0f,0f,0f,1f],start_interpolation: 0,interpolation_duration: 1}
$data merge entity $(bone_leg_front_left3) {transformation: [-0.9064f,0.4223f,-0.0068f,1.36f,0.4168f,0.8969f,0.1477f,0.0261f,0.0685f,0.131f,-0.989f,0.6249f,0f,0f,0f,1f],start_interpolation: 0,interpolation_duration: 1}
$data merge entity $(bone_leg_front_left2) {transformation: [-0.9417f,0.3008f,0.1507f,0.7761f,0.314f,0.9466f,0.0731f,0.2372f,-0.1206f,0.1162f,-0.9859f,0.5514f,0f,0f,0f,1f],start_interpolation: 0,interpolation_duration: 1}
$data merge entity $(bone_leg_front_left) {transformation: [-0.9133f,0.3029f,0.2723f,0.5764f,0.3231f,0.9459f,0.0315f,0.3078f,-0.248f,0.1167f,-0.9617f,0.4971f,0f,0f,0f,1f],start_interpolation: 0,interpolation_duration: 1}
$data merge entity $(bone_leg_back_left4) {transformation: [-0.3213f,0.7354f,-0.5966f,0.9757f,0.7026f,0.6075f,0.3705f,-0.1875f,0.6349f,-0.3001f,-0.7119f,-0.9417f,0f,0f,0f,1f],start_interpolation: 0,interpolation_duration: 1}
$data merge entity $(bone_leg_back_left3) {transformation: [-0.5066f,0.693f,-0.5129f,0.8649f,0.709f,0.6734f,0.2096f,-0.0324f,0.4906f,-0.2574f,-0.8325f,-0.8343f,0f,0f,0f,1f],start_interpolation: 0,interpolation_duration: 1}
$data merge entity $(bone_leg_back_left2) {transformation: [-0.6556f,0.5935f,-0.4668f,0.6191f,0.6043f,0.7831f,0.147f,0.1942f,0.4528f,-0.1856f,-0.8721f,-0.6645f,0f,0f,0f,1f],start_interpolation: 0,interpolation_duration: 1}
$data merge entity $(bone_leg_back_left) {transformation: [-0.7917f,0.4806f,-0.3772f,0.5448f,0.4943f,0.8667f,0.0669f,0.2405f,0.3591f,-0.1335f,-0.9237f,-0.6309f,0f,0f,0f,1f],start_interpolation: 0,interpolation_duration: 1}
$data merge entity $(bone_leg_front_right4) {transformation: [-0.7794f,-0.6094f,0.1455f,-1.8224f,-0.567f,0.7849f,0.2499f,-0.1437f,-0.2665f,0.1123f,-0.9573f,0.595f,0f,0f,0f,1f],start_interpolation: 0,interpolation_duration: 1}
$data merge entity $(bone_leg_front_right3) {transformation: [-0.9096f,-0.4155f,0.008f,-1.4594f,-0.4099f,0.9001f,0.1477f,0.0368f,-0.0685f,0.131f,-0.989f,0.6249f,0f,0f,0f,1f],start_interpolation: 0,interpolation_duration: 1}
$data merge entity $(bone_leg_front_right2) {transformation: [-0.9441f,-0.2936f,-0.1501f,-0.874f,-0.3069f,0.9489f,0.0743f,0.2435f,0.1206f,0.1162f,-0.9859f,0.5514f,0f,0f,0f,1f],start_interpolation: 0,interpolation_duration: 1}
$data merge entity $(bone_leg_front_right) {transformation: [-0.9157f,-0.2957f,-0.272f,-0.6736f,-0.3161f,0.9481f,0.0336f,0.3126f,0.248f,0.1167f,-0.9617f,0.4971f,0f,0f,0f,1f],start_interpolation: 0,interpolation_duration: 1}
$data merge entity $(bone_leg_back_right4) {transformation: [-0.3267f,-0.7308f,0.5994f,-1.0768f,-0.7001f,0.6131f,0.3659f,-0.1797f,-0.6349f,-0.3001f,-0.7119f,-0.9417f,0f,0f,0f,1f],start_interpolation: 0,interpolation_duration: 1}
$data merge entity $(bone_leg_back_right3) {transformation: [-0.512f,-0.6879f,0.5144f,-0.9648f,-0.7051f,0.6786f,0.2057f,-0.0255f,-0.4906f,-0.2574f,-0.8325f,-0.8343f,0f,0f,0f,1f],start_interpolation: 0,interpolation_duration: 1}
$data merge entity $(bone_leg_back_right2) {transformation: [-0.6602f,-0.5876f,0.4679f,-0.7172f,-0.5992f,0.7876f,0.1435f,0.1993f,-0.4528f,-0.1856f,-0.8721f,-0.6645f,0f,0f,0f,1f],start_interpolation: 0,interpolation_duration: 1}
$data merge entity $(bone_leg_back_right) {transformation: [-0.7954f,-0.474f,0.3777f,-0.6426f,-0.4883f,0.8703f,0.064f,0.245f,-0.3591f,-0.1335f,-0.9237f,-0.6309f,0f,0f,0f,1f],start_interpolation: 0,interpolation_duration: 1}
data modify entity @s data merge value {"cameras":{},"locators":{"target":{"px":-0.046281234021135445,"py":0.9300550867836642,"pz":1.581488653772994,"ry":0.007483917783616789,"rx":1.964886548607082},"body":{"px":-0.04655289557245202,"py":0.8587029557799496,"pz":0.015621466045621393,"ry":0.007483917783616789,"rx":1.964886548607082},"head":{"px":-0.017814861974000125,"py":2.6150532039499885,"pz":1.3096300828866978,"ry":359.9246487477023,"rx":0.4788885599903082},"mouth":{"px":-0.018753684626167035,"py":2.0200190826327624,"pz":1.460913386923409,"ry":359.9246487477023,"rx":0.4788885599903082},"special":{"px":-0.018753684626167035,"py":2.0200190826327624,"pz":1.460913386923409,"ry":359.9246487477023,"rx":0.4788885599903082},"face":{"px":-0.017507625538395223,"py":2.3600475444067346,"pz":1.907519720869062,"ry":359.9246487477023,"rx":0.4788885599903082},"eye1":{"px":-0.3618774021623911,"py":2.3591976414820652,"pz":1.4438492549639548,"ry":359.93426180257626,"rx":5.478879349753484},"eye2":{"px":0.3256207265539067,"py":2.357880259636537,"pz":1.4429340955997825,"ry":359.93426180257626,"rx":5.478879349753484},"horn":{"px":-0.01719359442012966,"py":2.745227520605364,"pz":1.5889595736944757,"ry":359.93426180257626,"rx":5.478879349753484},"physical":{"px":-0.01719359442012966,"py":2.745227520605364,"pz":1.5889595736944757,"ry":359.93426180257626,"rx":5.478879349753484},"jaw_upper":{"px":-0.018342499532557326,"py":2.039983667061636,"pz":1.7410700583950207,"ry":359.93426180257626,"rx":5.478879349753484},"jaw_lower":{"px":-0.0181850705070992,"py":2.1207895798530196,"pz":1.7430149850985446,"ry":359.9246487477023,"rx":0.4788885599903082},"tail_tip":{"px":-0.04795930978757769,"py":0.48930709966141006,"pz":-1.5133159009139028,"ry":0.04013402561704993,"rx":10.424658177605048}}}
function animated_java:lapras/animations/surfacewater_idle/zzz/frames/on_tick/transform_floating_entities