# This file was generated by Animated Java via MC-Build. It is not recommended to edit this file directly.
$data merge entity $(bone_shell2) {transformation: [-1.1979f,0.0058f,-0.0009f,-0.0435f,0.0058f,1.1845f,-0.1787f,1.1843f,0f,-0.1787f,-1.1845f,-0.4104f,0f,0f,0f,1f],start_interpolation: 0,interpolation_duration: 1}
$data merge entity $(bone_shell) {transformation: [-1.2604f,0.0061f,-0.0001f,-0.0446f,0.0061f,1.2602f,-0.0237f,0.9688f,0f,-0.0237f,-1.2602f,0.5938f,0f,0f,0f,1f],start_interpolation: 0,interpolation_duration: 1}
$data merge entity $(bone_pupil_right2) {transformation: [-1f,0.0014f,-0.0013f,-0.3623f,0.0013f,0.9954f,0.0963f,2.3536f,0.0015f,0.0963f,-0.9954f,1.4487f,0f,0f,0f,1f],start_interpolation: 0,interpolation_duration: 1}
$data merge entity $(bone_pupil_right) {transformation: [-1f,0.0014f,-0.0013f,-0.3611f,0.0013f,0.9954f,0.0963f,2.3441f,0.0015f,0.0963f,-0.9954f,1.3849f,0f,0f,0f,1f],start_interpolation: 0,interpolation_duration: 1}
$data merge entity $(bone_eyelid_right) {transformation: [-1f,0.0014f,-0.0013f,-0.3248f,0.0013f,0.9954f,0.0963f,2.3751f,0.0015f,0.0963f,-0.9954f,1.3879f,0f,0f,0f,1f],start_interpolation: 0,interpolation_duration: 1}
$data merge entity $(bone_eye_right) {transformation: [-1f,0.0014f,-0.0013f,-0.3611f,0.0013f,0.9954f,0.0963f,2.3752f,0.0015f,0.0963f,-0.9954f,1.388f,0f,0f,0f,1f],start_interpolation: 0,interpolation_duration: 1}
$data merge entity $(bone_pupil_left2) {transformation: [-1f,0.0014f,-0.0013f,0.3302f,0.0013f,0.9954f,0.0963f,2.3527f,0.0015f,0.0963f,-0.9954f,1.4476f,0f,0f,0f,1f],start_interpolation: 0,interpolation_duration: 1}
$data merge entity $(bone_pupil_left) {transformation: [-1f,0.0014f,-0.0013f,0.3289f,0.0013f,0.9954f,0.0963f,2.3432f,0.0015f,0.0963f,-0.9954f,1.3839f,0f,0f,0f,1f],start_interpolation: 0,interpolation_duration: 1}
$data merge entity $(bone_eyelid_left) {transformation: [-1f,0.0014f,-0.0013f,0.2927f,0.0013f,0.9954f,0.0963f,2.3743f,0.0015f,0.0963f,-0.9954f,1.387f,0f,0f,0f,1f],start_interpolation: 0,interpolation_duration: 1}
$data merge entity $(bone_eye_left) {transformation: [-1f,0.0014f,-0.0013f,0.3289f,0.0013f,0.9954f,0.0963f,2.3743f,0.0015f,0.0963f,-0.9954f,1.3869f,0f,0f,0f,1f],start_interpolation: 0,interpolation_duration: 1}
$data merge entity $(bone_muzzle2) {transformation: [-1f,0.0015f,-0.0012f,-0.0157f,0.0013f,0.9832f,0.1827f,2.4553f,0.0015f,0.1827f,-0.9832f,1.6136f,0f,0f,0f,1f],start_interpolation: 0,interpolation_duration: 1}
$data merge entity $(bone_muzzle) {transformation: [-1f,0.0014f,-0.0013f,-0.0159f,0.0013f,0.9954f,0.0963f,2.6098f,0.0015f,0.0963f,-0.9954f,1.3146f,0f,0f,0f,1f],start_interpolation: 0,interpolation_duration: 1}
$data merge entity $(bone_tongue) {transformation: [-1f,0.0013f,-0.0014f,-0.0166f,0.0013f,1f,0.0092f,2.0788f,0.0015f,0.0092f,-1f,1.2785f,0f,0f,0f,1f],start_interpolation: 0,interpolation_duration: 1}
$data merge entity $(bone_jaw) {transformation: [-1f,0.0013f,-0.0014f,-0.0165f,0.0013f,1f,0.0092f,2.1098f,0.0015f,0.0092f,-1f,1.31f,0f,0f,0f,1f],start_interpolation: 0,interpolation_duration: 1}
$data merge entity $(bone_ear_left) {transformation: [-0.9043f,-0.202f,-0.3761f,0.3335f,-0.1901f,0.9794f,-0.0688f,2.4555f,0.3823f,0.0093f,-0.924f,1.047f,0f,0f,0f,1f],start_interpolation: 0,interpolation_duration: 1}
$data merge entity $(bone_ear_right) {transformation: [-0.9049f,0.2044f,0.3733f,-0.3665f,0.1924f,0.9788f,-0.0697f,2.4564f,-0.3796f,0.0087f,-0.9251f,1.0481f,0f,0f,0f,1f],start_interpolation: 0,interpolation_duration: 1}
$data merge entity $(bone_head_angle) {transformation: [-1f,0.0013f,-0.0014f,-0.0166f,0.0013f,1f,0.0092f,2.2047f,0.0015f,0.0092f,-1f,1.1859f,0f,0f,0f,1f],start_interpolation: 0,interpolation_duration: 1}
$data merge entity $(bone_neck3) {transformation: [-0.9997f,0.0264f,-0.0015f,-0.0357f,0.0264f,0.9992f,-0.0285f,1.4838f,0.0007f,-0.0285f,-0.9996f,1.1127f,0f,0f,0f,1f],start_interpolation: 0,interpolation_duration: 1}
$data merge entity $(bone_neck2) {transformation: [-1f,0.0094f,0.0021f,-0.04f,0.0096f,0.994f,0.109f,1.0438f,-0.0011f,0.109f,-0.994f,1.1116f,0f,0f,0f,1f],start_interpolation: 0,interpolation_duration: 1}
$data merge entity $(bone_chest2) {transformation: [-1f,0.008f,0.0054f,-0.0487f,0.0096f,0.8902f,0.4555f,0.1155f,-0.0011f,0.4555f,-0.8902f,1.0051f,0f,0f,0f,1f],start_interpolation: 0,interpolation_duration: 1}
$data merge entity $(bone_chest) {transformation: [-1f,0.0047f,-0.0011f,-0.0494f,0.0049f,0.9737f,-0.2278f,-0.0289f,0f,-0.2278f,-0.9737f,0.5254f,0f,0f,0f,1f],start_interpolation: 0,interpolation_duration: 1}
$data merge entity $(bone_tail2) {transformation: [-1f,0.0048f,0.0009f,-0.0473f,0.0049f,0.981f,0.194f,0.418f,0f,0.194f,-0.981f,-1.1474f,0f,0f,0f,1f],start_interpolation: 0,interpolation_duration: 1}
$data merge entity $(bone_tail) {transformation: [-1f,0.0048f,0.0006f,-0.0463f,0.0049f,0.993f,0.1178f,0.6221f,0f,0.1178f,-0.993f,-0.7456f,0f,0f,0f,1f],start_interpolation: 0,interpolation_duration: 1}
$data merge entity $(bone_torso) {transformation: [-1f,0.0049f,0.0003f,-0.0464f,0.0049f,0.9976f,0.0684f,0.6063f,0f,0.0684f,-0.9977f,-0.0575f,0f,0f,0f,1f],start_interpolation: 0,interpolation_duration: 1}
$data merge entity $(bone_leg_front_left4) {transformation: [-0.7914f,0.5928f,-0.1492f,1.7315f,0.5522f,0.798f,0.2414f,-0.14f,0.2622f,0.1086f,-0.9589f,0.596f,0f,0f,0f,1f],start_interpolation: 0,interpolation_duration: 1}
$data merge entity $(bone_leg_front_left3) {transformation: [-0.9176f,0.3973f,-0.0095f,1.3649f,0.392f,0.909f,0.1418f,0.0335f,0.065f,0.1264f,-0.9898f,0.6244f,0f,0f,0f,1f],start_interpolation: 0,interpolation_duration: 1}
$data merge entity $(bone_leg_front_left2) {transformation: [-0.9472f,0.2833f,0.15f,0.7773f,0.2962f,0.9524f,0.0716f,0.2335f,-0.1226f,0.1122f,-0.9861f,0.5495f,0f,0f,0f,1f],start_interpolation: 0,interpolation_duration: 1}
$data merge entity $(bone_leg_front_left) {transformation: [-0.9149f,0.298f,0.2723f,0.5772f,0.3182f,0.9475f,0.0323f,0.3031f,-0.2484f,0.1162f,-0.9617f,0.4952f,0f,0f,0f,1f],start_interpolation: 0,interpolation_duration: 1}
$data merge entity $(bone_leg_back_left4) {transformation: [-0.3235f,0.7318f,-0.5998f,0.9835f,0.7045f,0.6095f,0.3635f,-0.1857f,0.6316f,-0.305f,-0.7128f,-0.9438f,0f,0f,0f,1f],start_interpolation: 0,interpolation_duration: 1}
$data merge entity $(bone_leg_back_left3) {transformation: [-0.517f,0.6833f,-0.5156f,0.8704f,0.7013f,0.6835f,0.2024f,-0.0323f,0.4907f,-0.257f,-0.8326f,-0.8364f,0f,0f,0f,1f],start_interpolation: 0,interpolation_duration: 1}
$data merge entity $(bone_leg_back_left2) {transformation: [-0.6668f,0.5795f,-0.4686f,0.6203f,0.5913f,0.7941f,0.1405f,0.1894f,0.4535f,-0.1834f,-0.8722f,-0.6664f,0f,0f,0f,1f],start_interpolation: 0,interpolation_duration: 1}
$data merge entity $(bone_leg_back_left) {transformation: [-0.7973f,0.471f,-0.3775f,0.5456f,0.4857f,0.8719f,0.0621f,0.235f,0.3584f,-0.1338f,-0.9239f,-0.6328f,0f,0f,0f,1f],start_interpolation: 0,interpolation_duration: 1}
$data merge entity $(bone_leg_front_right4) {transformation: [-0.7968f,-0.585f,0.1516f,-1.8314f,-0.5445f,0.8038f,0.2399f,-0.1227f,-0.2622f,0.1086f,-0.9589f,0.596f,0f,0f,0f,1f],start_interpolation: 0,interpolation_duration: 1}
$data merge entity $(bone_leg_front_right3) {transformation: [-0.9214f,-0.3884f,0.0109f,-1.4631f,-0.3831f,0.9128f,0.1417f,0.0472f,-0.065f,0.1264f,-0.9898f,0.6244f,0f,0f,0f,1f],start_interpolation: 0,interpolation_duration: 1}
$data merge entity $(bone_leg_front_right2) {transformation: [-0.9501f,-0.274f,-0.1493f,-0.8736f,-0.287f,0.9552f,0.073f,0.2415f,0.1226f,0.1122f,-0.9861f,0.5495f,0f,0f,0f,1f],start_interpolation: 0,interpolation_duration: 1}
$data merge entity $(bone_leg_front_right) {transformation: [-0.918f,-0.2887f,-0.272f,-0.6728f,-0.3093f,0.9503f,0.035f,0.3092f,0.2484f,0.1162f,-0.9617f,0.4952f,0f,0f,0f,1f],start_interpolation: 0,interpolation_duration: 1}
$data merge entity $(bone_leg_back_right4) {transformation: [-0.3304f,-0.7258f,0.6034f,-1.0839f,-0.7014f,0.6166f,0.3577f,-0.1757f,-0.6316f,-0.305f,-0.7128f,-0.9438f,0f,0f,0f,1f],start_interpolation: 0,interpolation_duration: 1}
$data merge entity $(bone_leg_back_right3) {transformation: [-0.5238f,-0.6766f,0.5175f,-0.9693f,-0.6963f,0.6901f,0.1974f,-0.0234f,-0.4907f,-0.257f,-0.8326f,-0.8364f,0f,0f,0f,1f],start_interpolation: 0,interpolation_duration: 1}
$data merge entity $(bone_leg_back_right2) {transformation: [-0.6725f,-0.5717f,0.4699f,-0.7171f,-0.5848f,0.7997f,0.136f,0.1959f,-0.4535f,-0.1834f,-0.8722f,-0.6664f,0f,0f,0f,1f],start_interpolation: 0,interpolation_duration: 1}
$data merge entity $(bone_leg_back_right) {transformation: [-0.802f,-0.4625f,0.3781f,-0.6419f,-0.4779f,0.8765f,0.0585f,0.2407f,-0.3584f,-0.1338f,-0.9239f,-0.6328f,0f,0f,0f,1f],start_interpolation: 0,interpolation_duration: 1}
data modify entity @s data merge value {"cameras":{},"locators":{"target":{"px":-0.0447935365329117,"py":0.9263252306811469,"pz":1.5791684327677273,"ry":0.009399220148821996,"rx":1.9295517637381236},"body":{"px":-0.0451456745451504,"py":0.8540080061848658,"pz":0.013345535681350468,"ry":0.009399220148821996,"rx":1.9295517637381236},"head":{"px":-0.015908251814404764,"py":2.6097882109787456,"pz":1.3146017879550318,"ry":359.91696941955536,"rx":0.5261571755960358},"mouth":{"px":-0.016438350447105447,"py":2.0146288674609556,"pz":1.4653936969518775,"ry":359.91696941955536,"rx":0.5261571755960358},"special":{"px":-0.016438350447105447,"py":2.0146288674609556,"pz":1.4653936969518775,"ry":359.91696941955536,"rx":0.5261571755960358},"face":{"px":-0.015357329223656707,"py":2.354289123330471,"pz":1.912280558445668,"ry":359.91696941955536,"rx":0.5261571755960358},"eye1":{"px":-0.3597860787053017,"py":2.3535968198759494,"pz":1.448653635601299,"ry":359.92329498142936,"rx":5.5261531880263695},"eye2":{"px":0.32771264140685596,"py":2.3527300342502944,"pz":1.4476493812389282,"ry":359.92329498142936,"rx":5.5261531880263695},"horn":{"px":-0.015336237343840525,"py":2.7397321759735083,"pz":1.5940386178216142,"ry":359.92329498142936,"rx":5.5261531880263695},"physical":{"px":-0.015336237343840525,"py":2.7397321759735083,"pz":1.5940386178216142,"ry":359.92329498142936,"rx":5.5261531880263695},"jaw_upper":{"px":-0.016004211952945938,"py":2.034362340812781,"pz":1.7455667074791088,"ry":359.92329498142936,"rx":5.5261531880263695},"jaw_lower":{"px":-0.01589939682429872,"py":2.1151667055290484,"pz":1.747578354172263,"ry":359.91696941955536,"rx":0.5261571755960358},"tail_tip":{"px":-0.04691449797334431,"py":0.49075156551348875,"pz":-1.5152756900065347,"ry":0.055159468480951546,"rx":11.183655407916072}}}
function animated_java:lapras/animations/surfacewater_idle/zzz/frames/on_tick/transform_floating_entities