# This file was generated by Animated Java via MC-Build. It is not recommended to edit this file directly.
$data merge entity $(bone_shell2) {transformation: [-1.1979f,-0.0068f,0.0019f,0.0419f,-0.0071f,1.1531f,-0.3245f,1.1299f,0f,-0.3245f,-1.1531f,-0.5061f,0f,0f,0f,1f],start_interpolation: 0,interpolation_duration: 1}
$data merge entity $(bone_shell) {transformation: [-1.2604f,-0.0074f,0.0011f,0.0424f,-0.0075f,1.2475f,-0.1801f,1.0408f,0f,-0.1801f,-1.2475f,0.5172f,0f,0f,0f,1f],start_interpolation: 0,interpolation_duration: 1}
$data merge entity $(bone_pupil_right2) {transformation: [-1f,-0.0004f,-0.0008f,-0.3324f,-0.0005f,0.9864f,0.1641f,2.4722f,0.0007f,0.1641f,-0.9864f,1.3321f,0f,0f,0f,1f],start_interpolation: 0,interpolation_duration: 1}
$data merge entity $(bone_pupil_right) {transformation: [-1f,-0.0004f,-0.0008f,-0.3312f,-0.0005f,0.9864f,0.1641f,2.467f,0.0007f,0.1641f,-0.9864f,1.2678f,0f,0f,0f,1f],start_interpolation: 0,interpolation_duration: 1}
$data merge entity $(bone_eyelid_right) {transformation: [-1f,-0.0004f,-0.0008f,-0.2949f,-0.0005f,0.9864f,0.1641f,2.4979f,0.0007f,0.1641f,-0.9864f,1.2729f,0f,0f,0f,1f],start_interpolation: 0,interpolation_duration: 1}
$data merge entity $(bone_eye_right) {transformation: [-1f,-0.0004f,-0.0008f,-0.3312f,-0.0005f,0.9864f,0.1641f,2.4979f,0.0007f,0.1641f,-0.9864f,1.273f,0f,0f,0f,1f],start_interpolation: 0,interpolation_duration: 1}
$data merge entity $(bone_pupil_left2) {transformation: [-1f,-0.0004f,-0.0008f,0.3601f,-0.0005f,0.9864f,0.1641f,2.4726f,0.0007f,0.1641f,-0.9864f,1.3316f,0f,0f,0f,1f],start_interpolation: 0,interpolation_duration: 1}
$data merge entity $(bone_pupil_left) {transformation: [-1f,-0.0004f,-0.0008f,0.3588f,-0.0005f,0.9864f,0.1641f,2.4674f,0.0007f,0.1641f,-0.9864f,1.2673f,0f,0f,0f,1f],start_interpolation: 0,interpolation_duration: 1}
$data merge entity $(bone_eyelid_left) {transformation: [-1f,-0.0004f,-0.0008f,0.3226f,-0.0005f,0.9864f,0.1641f,2.4982f,0.0007f,0.1641f,-0.9864f,1.2725f,0f,0f,0f,1f],start_interpolation: 0,interpolation_duration: 1}
$data merge entity $(bone_eye_left) {transformation: [-1f,-0.0004f,-0.0008f,0.3588f,-0.0005f,0.9864f,0.1641f,2.4982f,0.0007f,0.1641f,-0.9864f,1.2725f,0f,0f,0f,1f],start_interpolation: 0,interpolation_duration: 1}
$data merge entity $(bone_muzzle2) {transformation: [-1f,-0.0003f,-0.0008f,0.014f,-0.0005f,0.9684f,0.2494f,2.5629f,0.0007f,0.2494f,-0.9684f,1.5039f,0f,0f,0f,1f],start_interpolation: 0,interpolation_duration: 1}
$data merge entity $(bone_muzzle) {transformation: [-1f,-0.0004f,-0.0008f,0.0137f,-0.0005f,0.9864f,0.1641f,2.7375f,0.0007f,0.1641f,-0.9864f,1.2161f,0f,0f,0f,1f],start_interpolation: 0,interpolation_duration: 1}
$data merge entity $(bone_tongue) {transformation: [-1f,-0.0005f,-0.0008f,0.0139f,-0.0005f,0.997f,0.0775f,2.2103f,0.0007f,0.0775f,-0.997f,1.1438f,0f,0f,0f,1f],start_interpolation: 0,interpolation_duration: 1}
$data merge entity $(bone_jaw) {transformation: [-1f,-0.0005f,-0.0008f,0.0139f,-0.0005f,0.997f,0.0775f,2.239f,0.0007f,0.0775f,-0.997f,1.1774f,0f,0f,0f,1f],start_interpolation: 0,interpolation_duration: 1}
$data merge entity $(bone_ear_left) {transformation: [-0.9232f,-0.027f,-0.3833f,0.3635f,-0.0546f,0.9966f,0.0612f,2.6025f,0.3803f,0.0775f,-0.9216f,0.9389f,0f,0f,0f,1f],start_interpolation: 0,interpolation_duration: 1}
$data merge entity $(bone_ear_right) {transformation: [-0.9239f,0.0261f,0.3818f,-0.3365f,0.0536f,0.9967f,0.0617f,2.6021f,-0.379f,0.0774f,-0.9222f,0.9394f,0f,0f,0f,1f],start_interpolation: 0,interpolation_duration: 1}
$data merge entity $(bone_head_angle) {transformation: [-1f,-0.0005f,-0.0008f,0.0138f,-0.0005f,0.997f,0.0775f,2.3422f,0.0007f,0.0775f,-0.997f,1.06f,0f,0f,0f,1f],start_interpolation: 0,interpolation_duration: 1}
$data merge entity $(bone_neck3) {transformation: [-0.9996f,-0.0272f,-0.0007f,0.0332f,-0.0272f,0.9995f,-0.0155f,1.6223f,0.0011f,-0.0155f,-0.9999f,0.9774f,0f,0f,0f,1f],start_interpolation: 0,interpolation_duration: 1}
$data merge entity $(bone_neck2) {transformation: [-0.9999f,-0.01f,-0.0018f,0.0377f,-0.01f,0.9997f,0.0244f,1.1838f,0.0016f,0.0244f,-0.9997f,1.0136f,0f,0f,0f,1f],start_interpolation: 0,interpolation_duration: 1}
$data merge entity $(bone_chest2) {transformation: [-0.9999f,-0.0089f,-0.0048f,0.0471f,-0.01f,0.9421f,0.3351f,0.2495f,0.0016f,0.3352f,-0.9422f,1.0294f,0f,0f,0f,1f],start_interpolation: 0,interpolation_duration: 1}
$data merge entity $(bone_chest) {transformation: [-1f,-0.0055f,0.0021f,0.0483f,-0.0059f,0.9345f,-0.3558f,0.0424f,0f,-0.3558f,-0.9346f,0.5733f,0f,0f,0f,1f],start_interpolation: 0,interpolation_duration: 1}
$data merge entity $(bone_tail2) {transformation: [-1f,-0.0059f,-0.0007f,0.047f,-0.0059f,0.9937f,0.1119f,0.2576f,0f,0.1119f,-0.9937f,-1.1275f,0f,0f,0f,1f],start_interpolation: 0,interpolation_duration: 1}
$data merge entity $(bone_tail) {transformation: [-1f,-0.0059f,0.0004f,0.0454f,-0.0059f,0.9981f,-0.0619f,0.5304f,0f,-0.0619f,-0.9981f,-0.7687f,0f,0f,0f,1f],start_interpolation: 0,interpolation_duration: 1}
$data merge entity $(bone_torso) {transformation: [-1f,-0.0059f,0.0003f,0.045f,-0.0059f,0.9984f,-0.0561f,0.6001f,0f,-0.0561f,-0.9984f,-0.084f,0f,0f,0f,1f],start_interpolation: 0,interpolation_duration: 1}
$data merge entity $(bone_leg_front_left4) {transformation: [-0.9791f,0.0693f,-0.1914f,1.7963f,0.0668f,0.9976f,0.0193f,-0.2105f,0.1923f,0.0061f,-0.9813f,0.6349f,0f,0f,0f,1f],start_interpolation: 0,interpolation_duration: 1}
$data merge entity $(bone_leg_front_left3) {transformation: [-0.9676f,0.2518f,-0.0185f,1.4072f,0.2517f,0.9678f,0.0074f,-0.0931f,0.0198f,0.0025f,-0.9998f,0.643f,0f,0f,0f,1f],start_interpolation: 0,interpolation_duration: 1}
$data merge entity $(bone_leg_front_left2) {transformation: [-0.8981f,0.4135f,0.1498f,0.8523f,0.4129f,0.91f,-0.0365f,0.1792f,-0.1514f,0.0291f,-0.988f,0.5488f,0f,0f,0f,1f],start_interpolation: 0,interpolation_duration: 1}
$data merge entity $(bone_leg_front_left) {transformation: [-0.8249f,0.499f,0.2657f,0.6719f,0.4941f,0.8647f,-0.09f,0.2873f,-0.2747f,0.057f,-0.9598f,0.4887f,0f,0f,0f,1f],start_interpolation: 0,interpolation_duration: 1}
$data merge entity $(bone_leg_back_left4) {transformation: [-0.6829f,0.0176f,-0.7303f,1.2304f,0.0804f,0.9955f,-0.0511f,0.073f,0.7261f,-0.0936f,-0.6812f,-0.9667f,0f,0f,0f,1f],start_interpolation: 0,interpolation_duration: 1}
$data merge entity $(bone_leg_back_left3) {transformation: [-0.8249f,0.0045f,-0.5652f,1.0499f,0.0515f,0.9964f,-0.0673f,0.0842f,0.5629f,-0.0846f,-0.8222f,-0.8435f,0f,0f,0f,1f],start_interpolation: 0,interpolation_duration: 1}
$data merge entity $(bone_leg_back_left2) {transformation: [-0.8663f,0.091f,-0.4912f,0.7251f,0.1442f,0.987f,-0.0715f,0.1383f,0.4783f,-0.1328f,-0.8681f,-0.6642f,0f,0f,0f,1f],start_interpolation: 0,interpolation_duration: 1}
$data merge entity $(bone_leg_back_left) {transformation: [-0.8934f,0.2492f,-0.3739f,0.6413f,0.3023f,0.949f,-0.0897f,0.1667f,0.3325f,-0.1932f,-0.9231f,-0.633f,0f,0f,0f,1f],start_interpolation: 0,interpolation_duration: 1}
$data merge entity $(bone_leg_front_right4) {transformation: [-0.9782f,-0.0811f,0.1912f,-1.6966f,-0.0784f,0.9967f,0.0215f,-0.2312f,-0.1923f,0.0061f,-0.9813f,0.6349f,0f,0f,0f,1f],start_interpolation: 0,interpolation_duration: 1}
$data merge entity $(bone_leg_front_right3) {transformation: [-0.9645f,-0.2633f,0.0184f,-1.3089f,-0.2632f,0.9647f,0.0076f,-0.1092f,-0.0198f,0.0025f,-0.9998f,0.643f,0f,0f,0f,1f],start_interpolation: 0,interpolation_duration: 1}
$data merge entity $(bone_leg_front_right2) {transformation: [-0.8932f,-0.4242f,-0.1493f,-0.7573f,-0.4235f,0.9051f,-0.0382f,0.1697f,0.1514f,0.0291f,-0.988f,0.5488f,0f,0f,0f,1f],start_interpolation: 0,interpolation_duration: 1}
$data merge entity $(bone_leg_front_right) {transformation: [-0.819f,-0.5092f,-0.2646f,-0.5781f,-0.5038f,0.8588f,-0.0932f,0.2799f,0.2747f,0.057f,-0.9598f,0.4887f,0f,0f,0f,1f],start_interpolation: 0,interpolation_duration: 1}
$data merge entity $(bone_leg_back_right4) {transformation: [-0.6819f,-0.0294f,0.7309f,-1.1341f,-0.0884f,0.9952f,-0.0425f,0.059f,-0.7261f,-0.0936f,-0.6812f,-0.9667f,0f,0f,0f,1f],start_interpolation: 0,interpolation_duration: 1}
$data merge entity $(bone_leg_back_right3) {transformation: [-0.8243f,-0.0163f,0.566f,-0.9538f,-0.0613f,0.9963f,-0.0606f,0.0724f,-0.5629f,-0.0846f,-0.8222f,-0.8435f,0f,0f,0f,1f],start_interpolation: 0,interpolation_duration: 1}
$data merge entity $(bone_leg_back_right2) {transformation: [-0.8645f,-0.1026f,0.492f,-0.6296f,-0.1544f,0.9858f,-0.0657f,0.1303f,-0.4783f,-0.1328f,-0.8681f,-0.6642f,0f,0f,0f,1f],start_interpolation: 0,interpolation_duration: 1}
$data merge entity $(bone_leg_back_right) {transformation: [-0.8897f,-0.2604f,0.3749f,-0.5462f,-0.3128f,0.946f,-0.0853f,0.1596f,-0.3325f,-0.1932f,-0.9231f,-0.633f,0f,0f,0f,1f],start_interpolation: 0,interpolation_duration: 1}
data modify entity @s data merge value {"cameras":{},"locators":{"target":{"px":0.04248194142741074,"py":1.0262357441052155,"pz":1.52830663532212,"ry":0.010697936299095545,"rx":-1.808878667224676},"body":{"px":0.04351217592306921,"py":0.8519789005468987,"pz":-0.029468939364418738,"ry":0.010697936299095545,"rx":-1.808878667224676},"head":{"px":0.01366836233037045,"py":2.7375243758767094,"pz":1.2161011913717454,"ry":359.9558453494877,"rx":4.44327421450784},"mouth":{"px":0.01406770314728167,"py":2.133453951585505,"pz":1.325882282747064,"ry":359.9558453494877,"rx":4.44327421450784},"special":{"px":0.01406770314728167,"py":2.133453951585505,"pz":1.325882282747064,"ry":359.9558453494877,"rx":4.44327421450784},"face":{"px":0.014246954632293788,"py":2.4417925453471216,"pz":1.7949296198741538,"ry":359.9558453494877,"rx":4.44327421450784},"eye1":{"px":-0.3298569522173323,"py":2.4721940475220534,"pz":1.3320583458723714,"ry":359.95316191776874,"rx":9.443273505420564},"eye2":{"px":0.35764276879947987,"py":2.472557386350498,"pz":1.331556761680891,"ry":359.95316191776874,"rx":9.443273505420564},"horn":{"px":0.013819808064504372,"py":2.848075566140581,"pz":1.503762649548594,"ry":359.95316191776874,"rx":9.443273505420564},"physical":{"px":0.013819808064504372,"py":2.848075566140581,"pz":1.503762649548594,"ry":359.95316191776874,"rx":9.443273505420564},"jaw_upper":{"px":0.014272327692165125,"py":2.134001762147468,"pz":1.606749105827034,"ry":359.95316191776874,"rx":9.443273505420564},"jaw_lower":{"px":0.014235287148616408,"py":2.214479981166046,"pz":1.6142762538543252,"ry":359.9558453494877,"rx":4.44327421450784},"tail_tip":{"px":0.046778036173204134,"py":0.29958184813852684,"pz":-1.5001645540408544,"ry":359.96186623831306,"rx":6.4230123340071215}}}
function animated_java:lapras/animations/surfacewater_idle/zzz/frames/on_tick/transform_floating_entities