# This file was generated by Animated Java via MC-Build. It is not recommended to edit this file directly.
$data merge entity $(bone_shell2) {transformation: [-1.1979f,0.0094f,-0.0014f,-0.0373f,0.0095f,1.1839f,-0.1826f,1.1697f,0f,-0.1826f,-1.1839f,-0.4189f,0f,0f,0f,1f],start_interpolation: 0,interpolation_duration: 1}
$data merge entity $(bone_shell) {transformation: [-1.2604f,0.01f,-0.0002f,-0.039f,0.01f,1.2601f,-0.0279f,0.9576f,0f,-0.0279f,-1.2601f,0.5861f,0f,0f,0f,1f],start_interpolation: 0,interpolation_duration: 1}
$data merge entity $(bone_pupil_right2) {transformation: [-1f,-0.0005f,-0.0018f,-0.3557f,-0.0007f,0.995f,0.1f,2.3403f,0.0017f,0.1f,-0.995f,1.4599f,0f,0f,0f,1f],start_interpolation: 0,interpolation_duration: 1}
$data merge entity $(bone_pupil_right) {transformation: [-1f,-0.0005f,-0.0018f,-0.3545f,-0.0007f,0.995f,0.1f,2.331f,0.0017f,0.1f,-0.995f,1.3961f,0f,0f,0f,1f],start_interpolation: 0,interpolation_duration: 1}
$data merge entity $(bone_eyelid_right) {transformation: [-1f,-0.0005f,-0.0018f,-0.3183f,-0.0007f,0.995f,0.1f,2.3622f,0.0017f,0.1f,-0.995f,1.3992f,0f,0f,0f,1f],start_interpolation: 0,interpolation_duration: 1}
$data merge entity $(bone_eye_right) {transformation: [-1f,-0.0005f,-0.0018f,-0.3545f,-0.0007f,0.995f,0.1f,2.3621f,0.0017f,0.1f,-0.995f,1.3993f,0f,0f,0f,1f],start_interpolation: 0,interpolation_duration: 1}
$data merge entity $(bone_pupil_left2) {transformation: [-1f,-0.0005f,-0.0018f,0.3368f,-0.0007f,0.995f,0.1f,2.3408f,0.0017f,0.1f,-0.995f,1.4587f,0f,0f,0f,1f],start_interpolation: 0,interpolation_duration: 1}
$data merge entity $(bone_pupil_left) {transformation: [-1f,-0.0005f,-0.0018f,0.3355f,-0.0007f,0.995f,0.1f,2.3315f,0.0017f,0.1f,-0.995f,1.395f,0f,0f,0f,1f],start_interpolation: 0,interpolation_duration: 1}
$data merge entity $(bone_eyelid_left) {transformation: [-1f,-0.0005f,-0.0018f,0.2992f,-0.0007f,0.995f,0.1f,2.3626f,0.0017f,0.1f,-0.995f,1.3981f,0f,0f,0f,1f],start_interpolation: 0,interpolation_duration: 1}
$data merge entity $(bone_eye_left) {transformation: [-1f,-0.0005f,-0.0018f,0.3355f,-0.0007f,0.995f,0.1f,2.3626f,0.0017f,0.1f,-0.995f,1.3981f,0f,0f,0f,1f],start_interpolation: 0,interpolation_duration: 1}
$data merge entity $(bone_muzzle2) {transformation: [-1f,-0.0004f,-0.0018f,-0.0092f,-0.0007f,0.9825f,0.1863f,2.4421f,0.0017f,0.1863f,-0.9825f,1.6251f,0f,0f,0f,1f],start_interpolation: 0,interpolation_duration: 1}
$data merge entity $(bone_muzzle) {transformation: [-1f,-0.0005f,-0.0018f,-0.0098f,-0.0007f,0.995f,0.1f,2.5977f,0.0017f,0.1f,-0.995f,1.3267f,0f,0f,0f,1f],start_interpolation: 0,interpolation_duration: 1}
$data merge entity $(bone_tongue) {transformation: [-1f,-0.0007f,-0.0017f,-0.0095f,-0.0007f,0.9999f,0.0129f,2.0669f,0.0017f,0.0129f,-0.9999f,1.2886f,0f,0f,0f,1f],start_interpolation: 0,interpolation_duration: 1}
$data merge entity $(bone_jaw) {transformation: [-1f,-0.0007f,-0.0017f,-0.0095f,-0.0007f,0.9999f,0.0129f,2.0977f,0.0017f,0.0129f,-0.9999f,1.3203f,0f,0f,0f,1f],start_interpolation: 0,interpolation_duration: 1}
$data merge entity $(bone_ear_left) {transformation: [-0.9073f,-0.1849f,-0.3777f,0.3398f,-0.1757f,0.9827f,-0.0588f,2.4451f,0.382f,0.013f,-0.9241f,1.0585f,0f,0f,0f,1f],start_interpolation: 0,interpolation_duration: 1}
$data merge entity $(bone_ear_right) {transformation: [-0.9089f,0.1835f,0.3746f,-0.3602f,0.1744f,0.9829f,-0.0583f,2.4446f,-0.3789f,0.0124f,-0.9254f,1.0597f,0f,0f,0f,1f],start_interpolation: 0,interpolation_duration: 1}
$data merge entity $(bone_head_angle) {transformation: [-1f,-0.0007f,-0.0017f,-0.0098f,-0.0007f,0.9999f,0.0129f,2.1931f,0.0017f,0.0129f,-0.9999f,1.1965f,0f,0f,0f,1f],start_interpolation: 0,interpolation_duration: 1}
$data merge entity $(bone_neck3) {transformation: [-0.9996f,0.0285f,-0.0017f,-0.0304f,0.0285f,0.9995f,-0.0147f,1.4733f,0.0013f,-0.0147f,-0.9999f,1.1133f,0f,0f,0f,1f],start_interpolation: 0,interpolation_duration: 1}
$data merge entity $(bone_neck2) {transformation: [-0.9999f,0.0111f,0.0021f,-0.0354f,0.0112f,0.9929f,0.1182f,1.0334f,-0.0008f,0.1182f,-0.993f,1.1082f,0f,0f,0f,1f],start_interpolation: 0,interpolation_duration: 1}
$data merge entity $(bone_chest2) {transformation: [-0.9999f,0.0096f,0.0058f,-0.0457f,0.0112f,0.8895f,0.4567f,0.1052f,-0.0008f,0.4567f,-0.8896f,1.0004f,0f,0f,0f,1f],start_interpolation: 0,interpolation_duration: 1}
$data merge entity $(bone_chest) {transformation: [-1f,0.0077f,-0.0018f,-0.0469f,0.0079f,0.9731f,-0.2301f,-0.0403f,0f,-0.2301f,-0.9732f,0.521f,0f,0f,0f,1f],start_interpolation: 0,interpolation_duration: 1}
$data merge entity $(bone_tail2) {transformation: [-1f,0.0077f,0.0018f,-0.0433f,0.0079f,0.9735f,0.2286f,0.405f,0f,0.2286f,-0.9735f,-1.1553f,0f,0f,0f,1f],start_interpolation: 0,interpolation_duration: 1}
$data merge entity $(bone_tail) {transformation: [-1f,0.0079f,0.001f,-0.0417f,0.0079f,0.9922f,0.1245f,0.6064f,0f,0.1245f,-0.9922f,-0.7521f,0f,0f,0f,1f],start_interpolation: 0,interpolation_duration: 1}
$data merge entity $(bone_torso) {transformation: [-1f,0.0079f,0.0005f,-0.0418f,0.0079f,0.9979f,0.0651f,0.5929f,0f,0.0651f,-0.9979f,-0.064f,0f,0f,0f,1f],start_interpolation: 0,interpolation_duration: 1}
$data merge entity $(bone_leg_front_left4) {transformation: [-0.84f,0.5171f,-0.1646f,1.7574f,0.4826f,0.8505f,0.2091f,-0.0928f,0.2481f,0.0962f,-0.9639f,0.5987f,0f,0f,0f,1f],start_interpolation: 0,interpolation_duration: 1}
$data merge entity $(bone_leg_front_left3) {transformation: [-0.9464f,0.3227f,-0.0162f,1.3779f,0.3185f,0.94f,0.1221f,0.0513f,0.0547f,0.1104f,-0.9924f,0.6226f,0f,0f,0f,1f],start_interpolation: 0,interpolation_duration: 1}
$data merge entity $(bone_leg_front_left2) {transformation: [-0.9601f,0.2369f,0.1483f,0.7815f,0.2485f,0.9665f,0.0649f,0.2217f,-0.128f,0.0992f,-0.9868f,0.5442f,0f,0f,0f,1f],start_interpolation: 0,interpolation_duration: 1}
$data merge entity $(bone_leg_front_left) {transformation: [-0.9178f,0.2888f,0.2724f,0.5808f,0.3086f,0.9507f,0.032f,0.2892f,-0.2497f,0.1134f,-0.9617f,0.4896f,0f,0f,0f,1f],start_interpolation: 0,interpolation_duration: 1}
$data merge entity $(bone_leg_back_left4) {transformation: [-0.3429f,0.7114f,-0.6134f,1.0107f,0.7013f,0.6283f,0.3367f,-0.1761f,0.625f,-0.3147f,-0.7144f,-0.9502f,0f,0f,0f,1f],start_interpolation: 0,interpolation_duration: 1}
$data merge entity $(bone_leg_back_left3) {transformation: [-0.5566f,0.6442f,-0.5246f,0.8889f,0.6688f,0.722f,0.177f,-0.0298f,0.4928f,-0.2524f,-0.8327f,-0.8424f,0f,0f,0f,1f],start_interpolation: 0,interpolation_duration: 1}
$data merge entity $(bone_leg_back_left2) {transformation: [-0.7029f,0.5302f,-0.4741f,0.6253f,0.546f,0.8294f,0.118f,0.1749f,0.4558f,-0.1759f,-0.8725f,-0.6715f,0f,0f,0f,1f],start_interpolation: 0,interpolation_duration: 1}
$data merge entity $(bone_leg_back_left) {transformation: [-0.8147f,0.4395f,-0.3783f,0.549f,0.4578f,0.8879f,0.0457f,0.2178f,0.356f,-0.136f,-0.9245f,-0.6381f,0f,0f,0f,1f],start_interpolation: 0,interpolation_duration: 1}
$data merge entity $(bone_leg_front_right4) {transformation: [-0.8475f,-0.5035f,0.1679f,-1.8517f,-0.4692f,0.8586f,0.2064f,-0.0642f,-0.2481f,0.0962f,-0.9639f,0.5987f,0f,0f,0f,1f],start_interpolation: 0,interpolation_duration: 1}
$data merge entity $(bone_leg_front_right3) {transformation: [-0.9513f,-0.3078f,0.0182f,-1.47f,-0.3034f,0.945f,0.1218f,0.0739f,-0.0547f,0.1104f,-0.9924f,0.6226f,0f,0f,0f,1f],start_interpolation: 0,interpolation_duration: 1}
$data merge entity $(bone_leg_front_right2) {transformation: [-0.964f,-0.2215f,-0.1473f,-0.871f,-0.2332f,0.9701f,0.0673f,0.2348f,0.128f,0.0992f,-0.9868f,0.5442f,0f,0f,0f,1f],start_interpolation: 0,interpolation_duration: 1}
$data merge entity $(bone_leg_front_right) {transformation: [-0.9226f,-0.2737f,-0.2718f,-0.6692f,-0.294f,0.9551f,0.0363f,0.2991f,0.2497f,0.1134f,-0.9617f,0.4896f,0f,0f,0f,1f],start_interpolation: 0,interpolation_duration: 1}
$data merge entity $(bone_leg_back_right4) {transformation: [-0.354f,-0.7014f,0.6187f,-1.1064f,-0.6958f,0.6395f,0.327f,-0.1594f,-0.625f,-0.3147f,-0.7144f,-0.9502f,0f,0f,0f,1f],start_interpolation: 0,interpolation_duration: 1}
$data merge entity $(bone_leg_back_right3) {transformation: [-0.5671f,-0.6326f,0.5274f,-0.9824f,-0.6599f,0.7322f,0.1686f,-0.015f,-0.4928f,-0.2524f,-0.8327f,-0.8424f,0f,0f,0f,1f],start_interpolation: 0,interpolation_duration: 1}
$data merge entity $(bone_leg_back_right2) {transformation: [-0.7115f,-0.517f,0.4759f,-0.7156f,-0.5348f,0.8377f,0.1105f,0.1855f,-0.4558f,-0.1759f,-0.8725f,-0.6715f,0f,0f,0f,1f],start_interpolation: 0,interpolation_duration: 1}
$data merge entity $(bone_leg_back_right) {transformation: [-0.8218f,-0.4254f,0.379f,-0.6385f,-0.4448f,0.8947f,0.0397f,0.2272f,-0.356f,-0.136f,-0.9245f,-0.6381f,0f,0f,0f,1f],start_interpolation: 0,interpolation_duration: 1}
data modify entity @s data merge value {"cameras":{},"locators":{"target":{"posx":-0.03926707971329374,"posy":0.9179453068721162,"posz":1.5716779649302264,"roty":0.01389790851473549,"rotx":1.7533984501912394},"body":{"posx":-0.0398782299992336,"posy":0.8408168224016007,"posz":0.0060847631761408345,"roty":0.01389790851473549,"rotx":1.7533984501912394},"head":{"posx":-0.009824812044701986,"posy":2.597699047608582,"posz":1.3267053357024416,"roty":359.90174942572037,"rotx":0.7394210664705827},"mouth":{"posx":-0.009140800729967178,"posy":2.0019822437016983,"posz":1.4752790435766443,"roty":359.90174942572037,"rotx":0.7394210664705827},"special":{"posx":-0.009140800729967178,"posy":2.0019822437016983,"posz":1.4752790435766443,"roty":359.90174942572037,"rotx":0.7394210664705827},"face":{"posx":-0.0086208219317156,"posy":2.3399769467239206,"posz":1.9234279422152203,"roty":359.90174942572037,"rotx":0.7394210664705827},"eye1":{"posx":-0.35316222602854863,"posy":2.3403303296267093,"posz":1.4598843495260232,"roty":359.8981211975423,"rotx":5.739419755110846},"eye2":{"posx":0.3343365945139843,"posy":2.340827299307913,"posz":1.4587118420582807,"roty":359.8981211975423,"rotx":5.739419755110846},"horn":{"posx":-0.009440598949367569,"posy":2.7266020757796983,"posz":1.6066241897184113,"roty":359.8981211975423,"rotx":5.739419755110846},"physical":{"posx":-0.009440598949367569,"posy":2.7266020757796983,"posz":1.6066241897184113,"roty":359.8981211975423,"rotx":5.739419755110846},"jaw_upper":{"posx":-0.008676363391027397,"posy":2.020672745464256,"posz":1.7555235149163542,"roty":359.8981211975423,"rotx":5.739419755110846},"jaw_lower":{"posx":-0.008730824207114825,"posy":2.1014691053425905,"posz":1.757836160643436,"roty":359.90174942572037,"rotx":0.7394210664705827},"tail_tip":{"posx":-0.042652134646287365,"posy":0.49074407202416204,"posz":-1.5203824893100286,"roty":0.10660406165749237,"rotx":13.214265370523307}}}