# This file was generated by Animated Java via MC-Build. It is not recommended to edit this file directly.
$data merge entity $(bone_shell2) {transformation: [-1.1979f,0.0105f,-0.0016f,-0.0349f,0.0106f,1.1835f,-0.1849f,1.1649f,0f,-0.1849f,-1.1836f,-0.4222f,0f,0f,0f,1f],start_interpolation: 0,interpolation_duration: 1}
$data merge entity $(bone_shell) {transformation: [-1.2604f,0.0112f,-0.0003f,-0.0367f,0.0112f,1.26f,-0.0304f,0.9547f,0f,-0.0304f,-1.2601f,0.5832f,0f,0f,0f,1f],start_interpolation: 0,interpolation_duration: 1}
$data merge entity $(bone_pupil_right2) {transformation: [-1f,-0.0012f,-0.0019f,-0.3534f,-0.0014f,0.9948f,0.1016f,2.3372f,0.0017f,0.1016f,-0.9948f,1.4625f,0f,0f,0f,1f],start_interpolation: 0,interpolation_duration: 1}
$data merge entity $(bone_pupil_right) {transformation: [-1f,-0.0012f,-0.0019f,-0.3522f,-0.0014f,0.9948f,0.1016f,2.328f,0.0017f,0.1016f,-0.9948f,1.3987f,0f,0f,0f,1f],start_interpolation: 0,interpolation_duration: 1}
$data merge entity $(bone_eyelid_right) {transformation: [-1f,-0.0012f,-0.0019f,-0.316f,-0.0014f,0.9948f,0.1016f,2.3591f,0.0017f,0.1016f,-0.9948f,1.4018f,0f,0f,0f,1f],start_interpolation: 0,interpolation_duration: 1}
$data merge entity $(bone_eye_right) {transformation: [-1f,-0.0012f,-0.0019f,-0.3522f,-0.0014f,0.9948f,0.1016f,2.3591f,0.0017f,0.1016f,-0.9948f,1.4019f,0f,0f,0f,1f],start_interpolation: 0,interpolation_duration: 1}
$data merge entity $(bone_pupil_left2) {transformation: [-1f,-0.0012f,-0.0019f,0.3391f,-0.0014f,0.9948f,0.1016f,2.3381f,0.0017f,0.1016f,-0.9948f,1.4613f,0f,0f,0f,1f],start_interpolation: 0,interpolation_duration: 1}
$data merge entity $(bone_pupil_left) {transformation: [-1f,-0.0012f,-0.0019f,0.3378f,-0.0014f,0.9948f,0.1016f,2.3289f,0.0017f,0.1016f,-0.9948f,1.3975f,0f,0f,0f,1f],start_interpolation: 0,interpolation_duration: 1}
$data merge entity $(bone_eyelid_left) {transformation: [-1f,-0.0012f,-0.0019f,0.3015f,-0.0014f,0.9948f,0.1016f,2.36f,0.0017f,0.1016f,-0.9948f,1.4008f,0f,0f,0f,1f],start_interpolation: 0,interpolation_duration: 1}
$data merge entity $(bone_eye_left) {transformation: [-1f,-0.0012f,-0.0019f,0.3378f,-0.0014f,0.9948f,0.1016f,2.36f,0.0017f,0.1016f,-0.9948f,1.4007f,0f,0f,0f,1f],start_interpolation: 0,interpolation_duration: 1}
$data merge entity $(bone_muzzle2) {transformation: [-1f,-0.001f,-0.002f,-0.007f,-0.0014f,0.9822f,0.1879f,2.4389f,0.0017f,0.1879f,-0.9822f,1.6279f,0f,0f,0f,1f],start_interpolation: 0,interpolation_duration: 1}
$data merge entity $(bone_muzzle) {transformation: [-1f,-0.0012f,-0.0019f,-0.0077f,-0.0014f,0.9948f,0.1016f,2.595f,0.0017f,0.1016f,-0.9948f,1.3297f,0f,0f,0f,1f],start_interpolation: 0,interpolation_duration: 1}
$data merge entity $(bone_tongue) {transformation: [-1f,-0.0014f,-0.0018f,-0.007f,-0.0014f,0.9999f,0.0145f,2.0643f,0.0017f,0.0145f,-0.9999f,1.2907f,0f,0f,0f,1f],start_interpolation: 0,interpolation_duration: 1}
$data merge entity $(bone_jaw) {transformation: [-1f,-0.0014f,-0.0018f,-0.007f,-0.0014f,0.9999f,0.0145f,2.0951f,0.0017f,0.0145f,-0.9999f,1.3224f,0f,0f,0f,1f],start_interpolation: 0,interpolation_duration: 1}
$data merge entity $(bone_ear_left) {transformation: [-0.9084f,-0.1784f,-0.3782f,0.342f,-0.1704f,0.9838f,-0.0549f,2.4431f,0.3819f,0.0146f,-0.9241f,1.0612f,0f,0f,0f,1f],start_interpolation: 0,interpolation_duration: 1}
$data merge entity $(bone_ear_right) {transformation: [-0.9102f,0.1758f,0.3751f,-0.358f,0.1679f,0.9843f,-0.0538f,2.4421f,-0.3787f,0.014f,-0.9254f,1.0625f,0f,0f,0f,1f],start_interpolation: 0,interpolation_duration: 1}
$data merge entity $(bone_head_angle) {transformation: [-1f,-0.0014f,-0.0018f,-0.0074f,-0.0014f,0.9999f,0.0145f,2.1906f,0.0017f,0.0145f,-0.9999f,1.1988f,0f,0f,0f,1f],start_interpolation: 0,interpolation_duration: 1}
$data merge entity $(bone_neck3) {transformation: [-0.9996f,0.029f,-0.0017f,-0.0284f,0.029f,0.9995f,-0.0104f,1.4712f,0.0014f,-0.0104f,-0.9999f,1.1126f,0f,0f,0f,1f],start_interpolation: 0,interpolation_duration: 1}
$data merge entity $(bone_neck2) {transformation: [-0.9999f,0.0115f,0.0021f,-0.0335f,0.0117f,0.9927f,0.1203f,1.0313f,-0.0007f,0.1203f,-0.9927f,1.1065f,0f,0f,0f,1f],start_interpolation: 0,interpolation_duration: 1}
$data merge entity $(bone_chest2) {transformation: [-0.9999f,0.0101f,0.0059f,-0.0443f,0.0117f,0.8898f,0.4562f,0.103f,-0.0007f,0.4563f,-0.8898f,0.9992f,0f,0f,0f,1f],start_interpolation: 0,interpolation_duration: 1}
$data merge entity $(bone_chest) {transformation: [-1f,0.0086f,-0.0021f,-0.0456f,0.0089f,0.9727f,-0.2318f,-0.0432f,0f,-0.2318f,-0.9728f,0.5201f,0f,0f,0f,1f],start_interpolation: 0,interpolation_duration: 1}
$data merge entity $(bone_tail2) {transformation: [-1f,0.0086f,0.0021f,-0.0417f,0.0089f,0.9711f,0.2385f,0.3999f,0f,0.2385f,-0.9712f,-1.1576f,0f,0f,0f,1f],start_interpolation: 0,interpolation_duration: 1}
$data merge entity $(bone_tail) {transformation: [-1f,0.0088f,0.0011f,-0.0399f,0.0089f,0.9921f,0.1252f,0.601f,0f,0.1252f,-0.9921f,-0.7543f,0f,0f,0f,1f],start_interpolation: 0,interpolation_duration: 1}
$data merge entity $(bone_torso) {transformation: [-1f,0.0089f,0.0006f,-0.04f,0.0089f,0.998f,0.0631f,0.5887f,0f,0.0631f,-0.998f,-0.0662f,0f,0f,0f,1f],start_interpolation: 0,interpolation_duration: 1}
$data merge entity $(bone_leg_front_left4) {transformation: [-0.8553f,0.4897f,-0.1691f,1.7647f,0.4574f,0.8671f,0.1975f,-0.0789f,0.2434f,0.0915f,-0.9656f,0.5995f,0f,0f,0f,1f],start_interpolation: 0,interpolation_duration: 1}
$data merge entity $(bone_leg_front_left3) {transformation: [-0.9542f,0.2987f,-0.018f,1.3818f,0.2948f,0.9486f,0.115f,0.0557f,0.0515f,0.1045f,-0.9932f,0.6221f,0f,0f,0f,1f],start_interpolation: 0,interpolation_duration: 1}
$data merge entity $(bone_leg_front_left2) {transformation: [-0.9633f,0.2238f,0.1479f,0.7832f,0.2349f,0.97f,0.0621f,0.2176f,-0.1296f,0.0946f,-0.987f,0.5426f,0f,0f,0f,1f],start_interpolation: 0,interpolation_duration: 1}
$data merge entity $(bone_leg_front_left) {transformation: [-0.9182f,0.2877f,0.2724f,0.5823f,0.3072f,0.9512f,0.0309f,0.2848f,-0.2502f,0.1121f,-0.9617f,0.4878f,0f,0f,0f,1f],start_interpolation: 0,interpolation_duration: 1}
$data merge entity $(bone_leg_back_left4) {transformation: [-0.3533f,0.7015f,-0.619f,1.0207f,0.6971f,0.6387f,0.3259f,-0.1715f,0.6239f,-0.3163f,-0.7146f,-0.9524f,0f,0f,0f,1f],start_interpolation: 0,interpolation_duration: 1}
$data merge entity $(bone_leg_back_left3) {transformation: [-0.572f,0.6279f,-0.5278f,0.8956f,0.6547f,0.7371f,0.1673f,-0.0283f,0.4941f,-0.2499f,-0.8327f,-0.8443f,0f,0f,0f,1f],start_interpolation: 0,interpolation_duration: 1}
$data merge entity $(bone_leg_back_left2) {transformation: [-0.7154f,0.5116f,-0.4759f,0.6273f,0.5289f,0.8416f,0.1096f,0.1701f,0.4566f,-0.1733f,-0.8726f,-0.6731f,0f,0f,0f,1f],start_interpolation: 0,interpolation_duration: 1}
$data merge entity $(bone_leg_back_left) {transformation: [-0.8205f,0.4284f,-0.3785f,0.5504f,0.448f,0.8931f,0.0396f,0.2121f,0.355f,-0.1371f,-0.9248f,-0.6398f,0f,0f,0f,1f],start_interpolation: 0,interpolation_duration: 1}
$data merge entity $(bone_leg_front_right4) {transformation: [-0.8633f,-0.4742f,0.1726f,-1.8563f,-0.4421f,0.8756f,0.1944f,-0.0467f,-0.2434f,0.0915f,-0.9656f,0.5995f,0f,0f,0f,1f],start_interpolation: 0,interpolation_duration: 1}
$data merge entity $(bone_leg_front_right3) {transformation: [-0.9593f,-0.2818f,0.0201f,-1.471f,-0.2778f,0.9538f,0.1147f,0.081f,-0.0515f,0.1045f,-0.9932f,0.6221f,0f,0f,0f,1f],start_interpolation: 0,interpolation_duration: 1}
$data merge entity $(bone_leg_front_right2) {transformation: [-0.9674f,-0.2065f,-0.1468f,-0.8696f,-0.2177f,0.9739f,0.0647f,0.2323f,0.1296f,0.0946f,-0.987f,0.5426f,0f,0f,0f,1f],start_interpolation: 0,interpolation_duration: 1}
$data merge entity $(bone_leg_front_right) {transformation: [-0.9235f,-0.2707f,-0.2718f,-0.6676f,-0.2908f,0.9561f,0.0358f,0.2959f,0.2502f,0.1121f,-0.9617f,0.4878f,0f,0f,0f,1f],start_interpolation: 0,interpolation_duration: 1}
$data merge entity $(bone_leg_back_right4) {transformation: [-0.3656f,-0.69f,0.6246f,-1.1141f,-0.6907f,0.651f,0.3149f,-0.1525f,-0.6239f,-0.3163f,-0.7146f,-0.9524f,0f,0f,0f,1f],start_interpolation: 0,interpolation_duration: 1}
$data merge entity $(bone_leg_back_right3) {transformation: [-0.5836f,-0.6147f,0.5307f,-0.9864f,-0.6445f,0.7482f,0.1579f,-0.0116f,-0.4941f,-0.2499f,-0.8327f,-0.8443f,0f,0f,0f,1f],start_interpolation: 0,interpolation_duration: 1}
$data merge entity $(bone_leg_back_right2) {transformation: [-0.7246f,-0.4966f,0.4778f,-0.7147f,-0.5161f,0.8505f,0.1011f,0.182f,-0.4566f,-0.1733f,-0.8726f,-0.6731f,0f,0f,0f,1f],start_interpolation: 0,interpolation_duration: 1}
$data merge entity $(bone_leg_back_right) {transformation: [-0.8283f,-0.4125f,0.3791f,-0.637f,-0.4334f,0.9006f,0.0329f,0.2226f,-0.355f,-0.1371f,-0.9248f,-0.6398f,0f,0f,0f,1f],start_interpolation: 0,interpolation_duration: 1}
data modify entity @s data merge value {"cameras":{},"locators":{"target":{"px":-0.03709180020552917,"py":0.9161447123337664,"pz":1.5690523985246825,"ry":0.014863909550058452,"rx":1.672506282439631},"body":{"px":-0.037796690977201036,"py":0.8368069564180461,"pz":0.0035696379631815836,"ry":0.014863909550058452,"rx":1.672506282439631},"head":{"px":-0.007694930485374101,"py":2.595001255813921,"pz":1.3297153080384145,"ry":359.89887723567585,"rx":0.8328653266306072},"mouth":{"px":-0.006615082071836658,"py":1.9990433425012133,"pz":1.477316542746553,"ry":359.89887723567585,"rx":0.8328653266306072},"special":{"px":-0.006615082071836658,"py":1.9990433425012133,"pz":1.477316542746553,"ry":359.89887723567585,"rx":0.8328653266306072},"face":{"px":-0.006297515956531565,"py":2.3363064679922485,"pz":1.926016451745631,"ry":359.89887723567585,"rx":0.8328653266306072},"eye1":{"px":-0.35085838303374156,"py":2.3371909878109975,"pz":1.4624880353099252,"ry":359.89195040683205,"rx":5.832860547815419},"eye2":{"px":0.3366399159537745,"py":2.338139599057467,"pz":1.4612884412223106,"ry":359.89195040683205,"rx":5.832860547815419},"horn":{"px":-0.007383372836110977,"py":2.7234474983652905,"pz":1.6098441513074824,"ry":359.89195040683205,"rx":5.832860547815419},"physical":{"px":-0.007383372836110977,"py":2.7234474983652905,"pz":1.6098441513074824,"ry":359.89195040683205,"rx":5.832860547815419},"jaw_upper":{"px":-0.006151198280708469,"py":2.0172767500623947,"pz":1.757591125852456,"ry":359.89195040683205,"rx":5.832860547815419},"jaw_lower":{"px":-0.0062584104496028305,"py":2.098069175104183,"pz":1.760035635465178,"ry":359.89887723567585,"rx":0.8328653266306072},"tail_tip":{"px":-0.04088421744392224,"py":0.48929578015593217,"pz":-1.5218299196796092,"ry":0.12498973689520199,"rx":13.795094102390596}}}
function animated_java:lapras/animations/surfacewater_idle/zzz/frames/on_tick/transform_floating_entities