# This file was generated by Animated Java via MC-Build. It is not recommended to edit this file directly.
$data merge entity $(bone_shell2) {transformation: [-1.1978f,0.0127f,-0.002f,-0.0297f,0.0128f,1.1825f,-0.1909f,1.1556f,0f,-0.1909f,-1.1826f,-0.4293f,0f,0f,0f,1f],start_interpolation: 0,interpolation_duration: 1}
$data merge entity $(bone_shell) {transformation: [-1.2603f,0.0135f,-0.0004f,-0.0319f,0.0135f,1.2598f,-0.0367f,0.9504f,0f,-0.0367f,-1.2599f,0.5771f,0f,0f,0f,1f],start_interpolation: 0,interpolation_duration: 1}
$data merge entity $(bone_pupil_right2) {transformation: [-1f,-0.0025f,-0.002f,-0.3486f,-0.0027f,0.9944f,0.1054f,2.333f,0.0018f,0.1054f,-0.9944f,1.4659f,0f,0f,0f,1f],start_interpolation: 0,interpolation_duration: 1}
$data merge entity $(bone_pupil_right) {transformation: [-1f,-0.0025f,-0.002f,-0.3475f,-0.0027f,0.9944f,0.1054f,2.324f,0.0018f,0.1054f,-0.9944f,1.4021f,0f,0f,0f,1f],start_interpolation: 0,interpolation_duration: 1}
$data merge entity $(bone_eyelid_right) {transformation: [-1f,-0.0025f,-0.002f,-0.3113f,-0.0027f,0.9944f,0.1054f,2.3552f,0.0018f,0.1054f,-0.9944f,1.4053f,0f,0f,0f,1f],start_interpolation: 0,interpolation_duration: 1}
$data merge entity $(bone_eye_right) {transformation: [-1f,-0.0025f,-0.002f,-0.3476f,-0.0027f,0.9944f,0.1054f,2.3551f,0.0018f,0.1054f,-0.9944f,1.4054f,0f,0f,0f,1f],start_interpolation: 0,interpolation_duration: 1}
$data merge entity $(bone_pupil_left2) {transformation: [-1f,-0.0025f,-0.002f,0.3438f,-0.0027f,0.9944f,0.1054f,2.3348f,0.0018f,0.1054f,-0.9944f,1.4647f,0f,0f,0f,1f],start_interpolation: 0,interpolation_duration: 1}
$data merge entity $(bone_pupil_left) {transformation: [-1f,-0.0025f,-0.002f,0.3425f,-0.0027f,0.9944f,0.1054f,2.3259f,0.0018f,0.1054f,-0.9944f,1.4009f,0f,0f,0f,1f],start_interpolation: 0,interpolation_duration: 1}
$data merge entity $(bone_eyelid_left) {transformation: [-1f,-0.0025f,-0.002f,0.3062f,-0.0027f,0.9944f,0.1054f,2.3568f,0.0018f,0.1054f,-0.9944f,1.4042f,0f,0f,0f,1f],start_interpolation: 0,interpolation_duration: 1}
$data merge entity $(bone_eye_left) {transformation: [-1f,-0.0025f,-0.002f,0.3424f,-0.0027f,0.9944f,0.1054f,2.3569f,0.0018f,0.1054f,-0.9944f,1.4041f,0f,0f,0f,1f],start_interpolation: 0,interpolation_duration: 1}
$data merge entity $(bone_muzzle2) {transformation: [-1f,-0.0023f,-0.0023f,-0.0024f,-0.0027f,0.9815f,0.1917f,2.4345f,0.0018f,0.1917f,-0.9815f,1.6317f,0f,0f,0f,1f],start_interpolation: 0,interpolation_duration: 1}
$data merge entity $(bone_muzzle) {transformation: [-1f,-0.0025f,-0.002f,-0.0033f,-0.0027f,0.9944f,0.1054f,2.5917f,0.0018f,0.1054f,-0.9944f,1.3341f,0f,0f,0f,1f],start_interpolation: 0,interpolation_duration: 1}
$data merge entity $(bone_tongue) {transformation: [-1f,-0.0026f,-0.0018f,-0.002f,-0.0027f,0.9998f,0.0183f,2.0611f,0.0018f,0.0183f,-0.9998f,1.2931f,0f,0f,0f,1f],start_interpolation: 0,interpolation_duration: 1}
$data merge entity $(bone_jaw) {transformation: [-1f,-0.0026f,-0.0018f,-0.002f,-0.0027f,0.9998f,0.0183f,2.0918f,0.0018f,0.0183f,-0.9998f,1.3249f,0f,0f,0f,1f],start_interpolation: 0,interpolation_duration: 1}
$data merge entity $(bone_ear_left) {transformation: [-0.9106f,-0.1647f,-0.3791f,0.3466f,-0.1592f,0.9862f,-0.0461f,2.4413f,0.3815f,0.0184f,-0.9242f,1.065f,0f,0f,0f,1f],start_interpolation: 0,interpolation_duration: 1}
$data merge entity $(bone_ear_right) {transformation: [-0.9127f,0.1595f,0.3761f,-0.3534f,0.1543f,0.987f,-0.0441f,2.4394f,-0.3783f,0.0178f,-0.9255f,1.0662f,0f,0f,0f,1f],start_interpolation: 0,interpolation_duration: 1}
$data merge entity $(bone_head_angle) {transformation: [-1f,-0.0026f,-0.0018f,-0.0025f,-0.0027f,0.9998f,0.0183f,2.1878f,0.0018f,0.0183f,-0.9998f,1.2016f,0f,0f,0f,1f],start_interpolation: 0,interpolation_duration: 1}
$data merge entity $(bone_neck3) {transformation: [-0.9996f,0.0296f,-0.0018f,-0.0239f,0.0296f,0.9996f,-0.0025f,1.4692f,0.0017f,-0.0025f,-1f,1.1097f,0f,0f,0f,1f],start_interpolation: 0,interpolation_duration: 1}
$data merge entity $(bone_neck2) {transformation: [-0.9999f,0.0123f,0.002f,-0.0294f,0.0125f,0.9923f,0.1232f,1.0293f,-0.0004f,0.1232f,-0.9924f,1.1023f,0f,0f,0f,1f],start_interpolation: 0,interpolation_duration: 1}
$data merge entity $(bone_chest2) {transformation: [-0.9999f,0.0109f,0.0061f,-0.041f,0.0125f,0.8909f,0.4539f,0.1007f,-0.0004f,0.454f,-0.891f,0.9974f,0f,0f,0f,1f],start_interpolation: 0,interpolation_duration: 1}
$data merge entity $(bone_chest) {transformation: [-0.9999f,0.0104f,-0.0025f,-0.0426f,0.0107f,0.9716f,-0.2364f,-0.0478f,0f,-0.2364f,-0.9717f,0.519f,0f,0f,0f,1f],start_interpolation: 0,interpolation_duration: 1}
$data merge entity $(bone_tail2) {transformation: [-0.9999f,0.0103f,0.0027f,-0.0379f,0.0107f,0.9668f,0.2553f,0.3886f,0f,0.2553f,-0.9669f,-1.1618f,0f,0f,0f,1f],start_interpolation: 0,interpolation_duration: 1}
$data merge entity $(bone_tail) {transformation: [-0.9999f,0.0106f,0.0013f,-0.0358f,0.0107f,0.9922f,0.1243f,0.59f,0f,0.1243f,-0.9922f,-0.7586f,0f,0f,0f,1f],start_interpolation: 0,interpolation_duration: 1}
$data merge entity $(bone_torso) {transformation: [-0.9999f,0.0107f,0.0006f,-0.0358f,0.0107f,0.9983f,0.0581f,0.5812f,0f,0.0581f,-0.9983f,-0.0704f,0f,0f,0f,1f],start_interpolation: 0,interpolation_duration: 1}
$data merge entity $(bone_leg_front_left4) {transformation: [-0.8839f,0.4328f,-0.1772f,1.7778f,0.4048f,0.8978f,0.1734f,-0.0547f,0.2341f,0.0816f,-0.9688f,0.601f,0f,0f,0f,1f],start_interpolation: 0,interpolation_duration: 1}
$data merge entity $(bone_leg_front_left3) {transformation: [-0.9672f,0.253f,-0.021f,1.3888f,0.2497f,0.9631f,0.1005f,0.0618f,0.0456f,0.092f,-0.9947f,0.621f,0f,0f,0f,1f],start_interpolation: 0,interpolation_duration: 1}
$data merge entity $(bone_leg_front_left2) {transformation: [-0.9683f,0.2018f,0.1473f,0.7867f,0.2118f,0.9757f,0.0556f,0.2094f,-0.1325f,0.085f,-0.9875f,0.5395f,0f,0f,0f,1f],start_interpolation: 0,interpolation_duration: 1}
$data merge entity $(bone_leg_front_left) {transformation: [-0.9179f,0.2884f,0.2724f,0.5859f,0.307f,0.9513f,0.0275f,0.2765f,-0.2512f,0.1089f,-0.9618f,0.4845f,0f,0f,0f,1f],start_interpolation: 0,interpolation_duration: 1}
$data merge entity $(bone_leg_back_left4) {transformation: [-0.3793f,0.6766f,-0.6312f,1.0417f,0.6835f,0.6647f,0.3017f,-0.16f,0.6237f,-0.317f,-0.7145f,-0.9566f,0f,0f,0f,1f],start_interpolation: 0,interpolation_duration: 1}
$data merge entity $(bone_leg_back_left3) {transformation: [-0.605f,0.5905f,-0.5341f,0.9094f,0.6216f,0.7695f,0.1466f,-0.0241f,0.4976f,-0.2433f,-0.8326f,-0.8478f,0f,0f,0f,1f],start_interpolation: 0,interpolation_duration: 1}
$data merge entity $(bone_leg_back_left2) {transformation: [-0.74f,0.4718f,-0.4794f,0.6319f,0.4923f,0.8656f,0.0919f,0.1605f,0.4583f,-0.168f,-0.8728f,-0.6759f,0f,0f,0f,1f],start_interpolation: 0,interpolation_duration: 1}
$data merge entity $(bone_leg_back_left) {transformation: [-0.8319f,0.4056f,-0.3787f,0.5539f,0.4281f,0.9033f,0.0269f,0.2007f,0.353f,-0.1398f,-0.9251f,-0.6428f,0f,0f,0f,1f],start_interpolation: 0,interpolation_duration: 1}
$data merge entity $(bone_leg_front_right4) {transformation: [-0.8924f,-0.4135f,0.1808f,-1.8626f,-0.3858f,0.9068f,0.1696f,-0.0158f,-0.2341f,0.0816f,-0.9688f,0.601f,0f,0f,0f,1f],start_interpolation: 0,interpolation_duration: 1}
$data merge entity $(bone_leg_front_right3) {transformation: [-0.9724f,-0.2323f,0.0231f,-1.4712f,-0.2289f,0.9683f,0.1f,0.0924f,-0.0456f,0.092f,-0.9947f,0.621f,0f,0f,0f,1f],start_interpolation: 0,interpolation_duration: 1}
$data merge entity $(bone_leg_front_right2) {transformation: [-0.9726f,-0.1808f,-0.1461f,-0.8662f,-0.191f,0.9798f,0.0588f,0.2271f,0.1325f,0.085f,-0.9875f,0.5395f,0f,0f,0f,1f],start_interpolation: 0,interpolation_duration: 1}
$data merge entity $(bone_leg_front_right) {transformation: [-0.9243f,-0.268f,-0.2718f,-0.664f,-0.2873f,0.9573f,0.0333f,0.2899f,0.2512f,0.1089f,-0.9618f,0.4845f,0f,0f,0f,1f],start_interpolation: 0,interpolation_duration: 1}
$data merge entity $(bone_leg_back_right4) {transformation: [-0.3938f,-0.6622f,0.6375f,-1.129f,-0.6752f,0.679f,0.2882f,-0.1368f,-0.6237f,-0.317f,-0.7145f,-0.9566f,0f,0f,0f,1f],start_interpolation: 0,interpolation_duration: 1}
$data merge entity $(bone_leg_back_right3) {transformation: [-0.6181f,-0.5739f,0.5372f,-0.9938f,-0.6085f,0.7819f,0.1352f,-0.0037f,-0.4976f,-0.2433f,-0.8326f,-0.8478f,0f,0f,0f,1f],start_interpolation: 0,interpolation_duration: 1}
$data merge entity $(bone_leg_back_right2) {transformation: [-0.7504f,-0.4531f,0.4812f,-0.7124f,-0.4763f,0.8755f,0.0816f,0.1749f,-0.4583f,-0.168f,-0.8728f,-0.6759f,0f,0f,0f,1f],start_interpolation: 0,interpolation_duration: 1}
$data merge entity $(bone_leg_back_right) {transformation: [-0.8409f,-0.3861f,0.3792f,-0.6336f,-0.4102f,0.9118f,0.0188f,0.2134f,-0.353f,-0.1398f,-0.9251f,-0.6428f,0f,0f,0f,1f],start_interpolation: 0,interpolation_duration: 1}
data modify entity @s data merge value {"cameras":{},"locators":{"target":{"px":-0.03228818331894885,"py":0.9141009488684555,"pz":1.5636968966724734,"ry":0.01583981370077936,"rx":1.4803515329725938},"body":{"px":-0.0331930475184644,"py":0.8295156568819939,"pz":-0.0015109999343466858,"ry":0.01583981370077936,"rx":1.4803515329725938},"head":{"px":-0.003320080309005326,"py":2.5917281945705186,"pz":1.3340681664381533,"ry":359.8955137093904,"rx":1.0499398933737414},"mouth":{"px":-0.0014696118039801212,"py":1.9952168927542515,"pz":1.4794090332711742,"ry":359.8955137093904,"rx":1.0499398933737414},"special":{"px":-0.0014696118039801212,"py":1.9952168927542515,"pz":1.4794090332711742,"ry":359.8955137093904,"rx":1.0499398933737414},"face":{"px":-0.0015668975480324665,"py":2.330776730252395,"pz":1.9293842670271042,"ry":359.8955137093904,"rx":1.0499398933737414},"eye1":{"px":-0.346147128293626,"py":2.3329762659776465,"pz":1.4658746199197237,"ry":359.8821050827719,"rx":6.0499219946436185},"eye2":{"px":0.3413493389813934,"py":2.334811704503214,"pz":1.4646545175522168,"ry":359.8821050827719,"rx":6.0499219946436185},"horn":{"px":-0.0031621556737033117,"py":2.719111856623328,"pz":1.6146819238108543,"ry":359.8821050827719,"rx":6.0499219946436185},"physical":{"px":-0.0031621556737033117,"py":2.719111856623328,"pz":1.6146819238108543,"ry":359.8821050827719,"rx":6.0499219946436185},"jaw_upper":{"px":-0.0010179315494418194,"py":2.012388245517654,"pz":1.759750708560229,"ry":359.8821050827719,"rx":6.0499219946436185},"jaw_lower":{"px":-0.0012287178666580785,"py":2.0931706189063504,"pz":1.7625014874765639,"ry":359.8955137093904,"rx":1.0499398933737414},"tail_tip":{"px":-0.036886203529943595,"py":0.4842852015830429,"pz":-1.5243453984774589,"ry":0.16183785258144212,"rx":14.790775164550688}}}
function animated_java:lapras/animations/surfacewater_idle/zzz/frames/on_tick/transform_floating_entities