# This file was generated by Animated Java via MC-Build. It is not recommended to edit this file directly.
$data merge entity $(bone_shell2) {transformation: [-1.1978f,0.0136f,-0.0022f,-0.0269f,0.0138f,1.1819f,-0.1945f,1.1511f,0f,-0.1945f,-1.182f,-0.4331f,0f,0f,0f,1f],start_interpolation: 0,interpolation_duration: 1}
$data merge entity $(bone_shell) {transformation: [-1.2603f,0.0145f,-0.0005f,-0.0293f,0.0145f,1.2597f,-0.0405f,0.9491f,0f,-0.0406f,-1.2598f,0.5739f,0f,0f,0f,1f],start_interpolation: 0,interpolation_duration: 1}
$data merge entity $(bone_pupil_right2) {transformation: [-1f,-0.0031f,-0.0021f,-0.3463f,-0.0033f,0.9942f,0.1075f,2.3319f,0.0018f,0.1075f,-0.9942f,1.4666f,0f,0f,0f,1f],start_interpolation: 0,interpolation_duration: 1}
$data merge entity $(bone_pupil_right) {transformation: [-1f,-0.0031f,-0.0021f,-0.3451f,-0.0033f,0.9942f,0.1075f,2.3231f,0.0018f,0.1075f,-0.9942f,1.4028f,0f,0f,0f,1f],start_interpolation: 0,interpolation_duration: 1}
$data merge entity $(bone_eyelid_right) {transformation: [-1f,-0.0031f,-0.0021f,-0.3089f,-0.0033f,0.9942f,0.1075f,2.3543f,0.0018f,0.1075f,-0.9942f,1.4061f,0f,0f,0f,1f],start_interpolation: 0,interpolation_duration: 1}
$data merge entity $(bone_eye_right) {transformation: [-1f,-0.0031f,-0.0021f,-0.3452f,-0.0033f,0.9942f,0.1075f,2.3542f,0.0018f,0.1075f,-0.9942f,1.4062f,0f,0f,0f,1f],start_interpolation: 0,interpolation_duration: 1}
$data merge entity $(bone_pupil_left2) {transformation: [-1f,-0.0031f,-0.0021f,0.3462f,-0.0033f,0.9942f,0.1075f,2.3342f,0.0018f,0.1075f,-0.9942f,1.4654f,0f,0f,0f,1f],start_interpolation: 0,interpolation_duration: 1}
$data merge entity $(bone_pupil_left) {transformation: [-1f,-0.0031f,-0.0021f,0.3449f,-0.0033f,0.9942f,0.1075f,2.3254f,0.0018f,0.1075f,-0.9942f,1.4016f,0f,0f,0f,1f],start_interpolation: 0,interpolation_duration: 1}
$data merge entity $(bone_eyelid_left) {transformation: [-1f,-0.0031f,-0.0021f,0.3086f,-0.0033f,0.9942f,0.1075f,2.3563f,0.0018f,0.1075f,-0.9942f,1.405f,0f,0f,0f,1f],start_interpolation: 0,interpolation_duration: 1}
$data merge entity $(bone_eye_left) {transformation: [-1f,-0.0031f,-0.0021f,0.3448f,-0.0033f,0.9942f,0.1075f,2.3565f,0.0018f,0.1075f,-0.9942f,1.405f,0f,0f,0f,1f],start_interpolation: 0,interpolation_duration: 1}
$data merge entity $(bone_muzzle2) {transformation: [-1f,-0.0029f,-0.0024f,0f,-0.0033f,0.981f,0.1938f,2.4333f,0.0018f,0.1938f,-0.981f,1.6326f,0f,0f,0f,1f],start_interpolation: 0,interpolation_duration: 1}
$data merge entity $(bone_muzzle) {transformation: [-1f,-0.0031f,-0.0021f,-0.0011f,-0.0033f,0.9942f,0.1075f,2.5912f,0.0018f,0.1075f,-0.9942f,1.3354f,0f,0f,0f,1f],start_interpolation: 0,interpolation_duration: 1}
$data merge entity $(bone_tongue) {transformation: [-1f,-0.0033f,-0.0018f,0.0006f,-0.0033f,0.9998f,0.0205f,2.0607f,0.0018f,0.0205f,-0.9998f,1.2933f,0f,0f,0f,1f],start_interpolation: 0,interpolation_duration: 1}
$data merge entity $(bone_jaw) {transformation: [-1f,-0.0033f,-0.0018f,0.0005f,-0.0033f,0.9998f,0.0205f,2.0913f,0.0018f,0.0205f,-0.9998f,1.3251f,0f,0f,0f,1f],start_interpolation: 0,interpolation_duration: 1}
$data merge entity $(bone_ear_left) {transformation: [-0.9116f,-0.1575f,-0.3796f,0.3489f,-0.1533f,0.9873f,-0.0414f,2.4415f,0.3813f,0.0205f,-0.9242f,1.066f,0f,0f,0f,1f],start_interpolation: 0,interpolation_duration: 1}
$data merge entity $(bone_ear_right) {transformation: [-0.914f,0.1511f,0.3766f,-0.3511f,0.1473f,0.9883f,-0.0389f,2.4392f,-0.3781f,0.0199f,-0.9256f,1.0672f,0f,0f,0f,1f],start_interpolation: 0,interpolation_duration: 1}
$data merge entity $(bone_head_angle) {transformation: [-1f,-0.0033f,-0.0018f,0f,-0.0033f,0.9998f,0.0205f,2.1876f,0.0018f,0.0205f,-0.9998f,1.2021f,0f,0f,0f,1f],start_interpolation: 0,interpolation_duration: 1}
$data merge entity $(bone_neck3) {transformation: [-0.9996f,0.0298f,-0.0018f,-0.0216f,0.0298f,0.9996f,0.0011f,1.4692f,0.0018f,0.0011f,-1f,1.1076f,0f,0f,0f,1f],start_interpolation: 0,interpolation_duration: 1}
$data merge entity $(bone_neck2) {transformation: [-0.9999f,0.0127f,0.0019f,-0.0272f,0.0128f,0.9922f,0.1239f,1.0293f,-0.0003f,0.1239f,-0.9923f,1.0998f,0f,0f,0f,1f],start_interpolation: 0,interpolation_duration: 1}
$data merge entity $(bone_chest2) {transformation: [-0.9999f,0.0113f,0.0061f,-0.0391f,0.0128f,0.8919f,0.4521f,0.1006f,-0.0003f,0.4522f,-0.8919f,0.9969f,0f,0f,0f,1f],start_interpolation: 0,interpolation_duration: 1}
$data merge entity $(bone_chest) {transformation: [-0.9999f,0.0112f,-0.0028f,-0.0408f,0.0115f,0.9709f,-0.2393f,-0.0494f,0f,-0.2393f,-0.9709f,0.5189f,0f,0f,0f,1f],start_interpolation: 0,interpolation_duration: 1}
$data merge entity $(bone_tail2) {transformation: [-0.9999f,0.0111f,0.003f,-0.0358f,0.0115f,0.9649f,0.2622f,0.3824f,0f,0.2622f,-0.965f,-1.1635f,0f,0f,0f,1f],start_interpolation: 0,interpolation_duration: 1}
$data merge entity $(bone_tail) {transformation: [-0.9999f,0.0115f,0.0014f,-0.0335f,0.0115f,0.9924f,0.1227f,0.5845f,0f,0.1227f,-0.9924f,-0.7607f,0f,0f,0f,1f],start_interpolation: 0,interpolation_duration: 1}
$data merge entity $(bone_torso) {transformation: [-0.9999f,0.0115f,0.0006f,-0.0336f,0.0115f,0.9984f,0.0551f,0.5779f,0f,0.0551f,-0.9985f,-0.0725f,0f,0f,0f,1f],start_interpolation: 0,interpolation_duration: 1}
$data merge entity $(bone_leg_front_left4) {transformation: [-0.8969f,0.4037f,-0.1807f,1.7834f,0.3779f,0.9117f,0.1612f,-0.0446f,0.2298f,0.0763f,-0.9702f,0.6016f,0f,0f,0f,1f],start_interpolation: 0,interpolation_duration: 1}
$data merge entity $(bone_leg_front_left3) {transformation: [-0.9725f,0.2316f,-0.0222f,1.3919f,0.2287f,0.969f,0.0931f,0.0635f,0.043f,0.0855f,-0.9954f,0.6205f,0f,0f,0f,1f],start_interpolation: 0,interpolation_duration: 1}
$data merge entity $(bone_leg_front_left2) {transformation: [-0.9701f,0.193f,0.1471f,0.7886f,0.2024f,0.9779f,0.052f,0.2053f,-0.1338f,0.0802f,-0.9878f,0.5381f,0f,0f,0f,1f],start_interpolation: 0,interpolation_duration: 1}
$data merge entity $(bone_leg_front_left) {transformation: [-0.9174f,0.2902f,0.2724f,0.588f,0.3083f,0.951f,0.0251f,0.2727f,-0.2518f,0.107f,-0.9618f,0.483f,0f,0f,0f,1f],start_interpolation: 0,interpolation_duration: 1}
$data merge entity $(bone_leg_back_left4) {transformation: [-0.3945f,0.6616f,-0.6377f,1.0524f,0.6741f,0.68f,0.2884f,-0.1533f,0.6245f,-0.3161f,-0.7142f,-0.9587f,0f,0f,0f,1f],start_interpolation: 0,interpolation_duration: 1}
$data merge entity $(bone_leg_back_left3) {transformation: [-0.6221f,0.5695f,-0.5372f,0.9163f,0.6027f,0.7863f,0.1357f,-0.0214f,0.4997f,-0.2394f,-0.8324f,-0.8493f,0f,0f,0f,1f],start_interpolation: 0,interpolation_duration: 1}
$data merge entity $(bone_leg_back_left2) {transformation: [-0.752f,0.4507f,-0.481f,0.6343f,0.4729f,0.8772f,0.0827f,0.1559f,0.4592f,-0.1653f,-0.8728f,-0.6772f,0f,0f,0f,1f],start_interpolation: 0,interpolation_duration: 1}
$data merge entity $(bone_leg_back_left) {transformation: [-0.8375f,0.394f,-0.3787f,0.5558f,0.4181f,0.9082f,0.0202f,0.1951f,0.3519f,-0.1414f,-0.9253f,-0.6442f,0f,0f,0f,1f],start_interpolation: 0,interpolation_duration: 1}
$data merge entity $(bone_leg_front_right4) {transformation: [-0.9054f,-0.3825f,0.1843f,-1.8644f,-0.3571f,0.9208f,0.157f,-0.0025f,-0.2298f,0.0763f,-0.9702f,0.6016f,0f,0f,0f,1f],start_interpolation: 0,interpolation_duration: 1}
$data merge entity $(bone_leg_front_right3) {transformation: [-0.9776f,-0.2092f,0.0243f,-1.4706f,-0.2062f,0.9741f,0.0926f,0.0965f,-0.043f,0.0855f,-0.9954f,0.6205f,0f,0f,0f,1f],start_interpolation: 0,interpolation_duration: 1}
$data merge entity $(bone_leg_front_right2) {transformation: [-0.9745f,-0.1704f,-0.1458f,-0.8641f,-0.18f,0.9821f,0.0554f,0.2243f,0.1338f,0.0802f,-0.9878f,0.5381f,0f,0f,0f,1f],start_interpolation: 0,interpolation_duration: 1}
$data merge entity $(bone_leg_front_right) {transformation: [-0.9242f,-0.2682f,-0.2718f,-0.662f,-0.287f,0.9574f,0.0314f,0.2871f,0.2518f,0.107f,-0.9618f,0.483f,0f,0f,0f,1f],start_interpolation: 0,interpolation_duration: 1}
$data merge entity $(bone_leg_back_right4) {transformation: [-0.41f,-0.6457f,0.6442f,-1.1361f,-0.6648f,0.6951f,0.2736f,-0.128f,-0.6245f,-0.3161f,-0.7142f,-0.9587f,0f,0f,0f,1f],start_interpolation: 0,interpolation_duration: 1}
$data merge entity $(bone_leg_back_right3) {transformation: [-0.6359f,-0.5512f,0.5402f,-0.997f,-0.5882f,0.7993f,0.1233f,0.0006f,-0.4997f,-0.2394f,-0.8324f,-0.8493f,0f,0f,0f,1f],start_interpolation: 0,interpolation_duration: 1}
$data merge entity $(bone_leg_back_right2) {transformation: [-0.7627f,-0.4303f,0.4827f,-0.711f,-0.4554f,0.8874f,0.0715f,0.1714f,-0.4592f,-0.1653f,-0.8728f,-0.6772f,0f,0f,0f,1f],start_interpolation: 0,interpolation_duration: 1}
$data merge entity $(bone_leg_back_right) {transformation: [-0.8469f,-0.3729f,0.3791f,-0.6316f,-0.3987f,0.917f,0.0115f,0.2088f,-0.3519f,-0.1414f,-0.9253f,-0.6442f,0f,0f,0f,1f],start_interpolation: 0,interpolation_duration: 1}
data modify entity @s data merge value {"cameras":{},"locators":{"target":{"px":-0.02967803809984748,"py":0.9138693114635478,"pz":1.5609970795010495,"ry":0.01581952430376532,"rx":1.3702746846146519},"body":{"px":-0.03068906488856861,"py":0.8262782691355436,"pz":-0.004045423796776436,"ry":0.01581952430376532,"rx":1.3702746846146519},"head":{"px":-0.001089062444234539,"py":2.5911768335259153,"pz":1.3353776784786535,"ry":359.89467350918017,"rx":1.1722346041240856},"mouth":{"px":0.0011338987785777478,"py":1.9943577738594191,"pz":1.479444307030171,"ry":359.89467350918017,"rx":1.1722346041240856},"special":{"px":0.0011338987785777478,"py":1.9943577738594191,"pz":1.479444307030171,"ry":359.89467350918017,"rx":1.1722346041240856},"face":{"px":0.0008287511841756541,"py":2.3289557583823233,"pz":1.9301351330275018,"ry":359.89467350918017,"rx":1.1722346041240856},"eye1":{"px":-0.3437542482496616,"py":2.3319302437130647,"pz":1.4666318695245373,"ry":359.87810897106056,"rx":6.172207295773122},"eye2":{"px":0.3437409367249791,"py":2.334197066956978,"pz":1.4654144340783843,"ry":359.87810897106056,"rx":6.172207295773122},"horn":{"px":-0.0010096986264560353,"py":2.717961003366681,"pz":1.6162628349112644,"ry":359.87810897106056,"rx":6.172207295773122},"physical":{"px":-0.0010096986264560353,"py":2.717961003366681,"pz":1.6162628349112644,"ry":359.87810897106056,"rx":6.172207295773122},"jaw_upper":{"px":0.0015757548598426545,"py":2.010930671438707,"pz":1.7598220131761506,"ry":359.87810897106056,"rx":6.172207295773122},"jaw_lower":{"px":0.001314594665914694,"py":2.0917068389057043,"pz":1.7627453042197512,"ry":359.89467350918017,"rx":1.1722346041240856},"tail_tip":{"px":-0.03467726076990907,"py":0.4807580137358898,"pz":-1.5254124080285107,"ry":0.1796764474327972,"rx":15.199493057201636}}}
function animated_java:lapras/animations/surfacewater_idle/zzz/frames/on_tick/transform_floating_entities