# This file was generated by Animated Java via MC-Build. It is not recommended to edit this file directly.
$data merge entity $(bone_shell2) {transformation: [-1.1978f,0.0146f,-0.0024f,-0.0241f,0.0148f,1.1813f,-0.1985f,1.1468f,0f,-0.1985f,-1.1814f,-0.4371f,0f,0f,0f,1f],start_interpolation: 0,interpolation_duration: 1}
$data merge entity $(bone_shell) {transformation: [-1.2603f,0.0155f,-0.0006f,-0.0265f,0.0156f,1.2595f,-0.0448f,0.9482f,0f,-0.0448f,-1.2596f,0.5707f,0f,0f,0f,1f],start_interpolation: 0,interpolation_duration: 1}
$data merge entity $(bone_pupil_right2) {transformation: [-1f,-0.0037f,-0.0022f,-0.3438f,-0.0039f,0.9939f,0.1098f,2.3316f,0.0018f,0.1098f,-0.994f,1.4668f,0f,0f,0f,1f],start_interpolation: 0,interpolation_duration: 1}
$data merge entity $(bone_pupil_right) {transformation: [-1f,-0.0037f,-0.0022f,-0.3427f,-0.0039f,0.9939f,0.1098f,2.3229f,0.0018f,0.1098f,-0.994f,1.4029f,0f,0f,0f,1f],start_interpolation: 0,interpolation_duration: 1}
$data merge entity $(bone_eyelid_right) {transformation: [-1f,-0.0037f,-0.0022f,-0.3065f,-0.0039f,0.9939f,0.1098f,2.3541f,0.0018f,0.1098f,-0.994f,1.4063f,0f,0f,0f,1f],start_interpolation: 0,interpolation_duration: 1}
$data merge entity $(bone_eye_right) {transformation: [-1f,-0.0037f,-0.0022f,-0.3428f,-0.0039f,0.9939f,0.1098f,2.354f,0.0018f,0.1098f,-0.994f,1.4063f,0f,0f,0f,1f],start_interpolation: 0,interpolation_duration: 1}
$data merge entity $(bone_pupil_left2) {transformation: [-1f,-0.0037f,-0.0022f,0.3486f,-0.0039f,0.9939f,0.1098f,2.3343f,0.0018f,0.1098f,-0.994f,1.4655f,0f,0f,0f,1f],start_interpolation: 0,interpolation_duration: 1}
$data merge entity $(bone_pupil_left) {transformation: [-1f,-0.0037f,-0.0022f,0.3473f,-0.0039f,0.9939f,0.1098f,2.3256f,0.0018f,0.1098f,-0.994f,1.4017f,0f,0f,0f,1f],start_interpolation: 0,interpolation_duration: 1}
$data merge entity $(bone_eyelid_left) {transformation: [-1f,-0.0037f,-0.0022f,0.311f,-0.0039f,0.9939f,0.1098f,2.3565f,0.0018f,0.1098f,-0.994f,1.4052f,0f,0f,0f,1f],start_interpolation: 0,interpolation_duration: 1}
$data merge entity $(bone_eye_left) {transformation: [-1f,-0.0037f,-0.0022f,0.3472f,-0.0039f,0.9939f,0.1098f,2.3567f,0.0018f,0.1098f,-0.994f,1.4051f,0f,0f,0f,1f],start_interpolation: 0,interpolation_duration: 1}
$data merge entity $(bone_muzzle2) {transformation: [-1f,-0.0035f,-0.0025f,0.0023f,-0.0039f,0.9806f,0.196f,2.4328f,0.0018f,0.196f,-0.9806f,1.633f,0f,0f,0f,1f],start_interpolation: 0,interpolation_duration: 1}
$data merge entity $(bone_muzzle) {transformation: [-1f,-0.0037f,-0.0022f,0.0012f,-0.0039f,0.9939f,0.1098f,2.5914f,0.0018f,0.1098f,-0.994f,1.3361f,0f,0f,0f,1f],start_interpolation: 0,interpolation_duration: 1}
$data merge entity $(bone_tongue) {transformation: [-1f,-0.0039f,-0.0018f,0.0032f,-0.0039f,0.9997f,0.0227f,2.061f,0.0018f,0.0227f,-0.9997f,1.2928f,0f,0f,0f,1f],start_interpolation: 0,interpolation_duration: 1}
$data merge entity $(bone_jaw) {transformation: [-1f,-0.0039f,-0.0018f,0.0031f,-0.0039f,0.9997f,0.0227f,2.0915f,0.0018f,0.0227f,-0.9997f,1.3247f,0f,0f,0f,1f],start_interpolation: 0,interpolation_duration: 1}
$data merge entity $(bone_ear_left) {transformation: [-0.9127f,-0.1501f,-0.3801f,0.3513f,-0.1474f,0.9884f,-0.0364f,2.4426f,0.3811f,0.0228f,-0.9242f,1.0664f,0f,0f,0f,1f],start_interpolation: 0,interpolation_duration: 1}
$data merge entity $(bone_ear_right) {transformation: [-0.9152f,0.1425f,0.3771f,-0.3487f,0.1403f,0.9895f,-0.0335f,2.4398f,-0.3779f,0.0222f,-0.9256f,1.0676f,0f,0f,0f,1f],start_interpolation: 0,interpolation_duration: 1}
$data merge entity $(bone_head_angle) {transformation: [-1f,-0.0039f,-0.0018f,0.0025f,-0.0039f,0.9997f,0.0227f,2.1881f,0.0018f,0.0227f,-0.9997f,1.2019f,0f,0f,0f,1f],start_interpolation: 0,interpolation_duration: 1}
$data merge entity $(bone_neck3) {transformation: [-0.9996f,0.0298f,-0.0018f,-0.0191f,0.0298f,0.9995f,0.0045f,1.4701f,0.0019f,0.0044f,-1f,1.105f,0f,0f,0f,1f],start_interpolation: 0,interpolation_duration: 1}
$data merge entity $(bone_neck2) {transformation: [-0.9999f,0.013f,0.0018f,-0.0248f,0.0131f,0.9922f,0.1241f,1.0302f,-0.0002f,0.1241f,-0.9923f,1.0972f,0f,0f,0f,1f],start_interpolation: 0,interpolation_duration: 1}
$data merge entity $(bone_chest2) {transformation: [-0.9999f,0.0116f,0.006f,-0.037f,0.0131f,0.893f,0.4499f,0.1012f,-0.0002f,0.45f,-0.893f,0.9965f,0f,0f,0f,1f],start_interpolation: 0,interpolation_duration: 1}
$data merge entity $(bone_chest) {transformation: [-0.9999f,0.012f,-0.003f,-0.0388f,0.0123f,0.9701f,-0.2426f,-0.0504f,0f,-0.2426f,-0.9701f,0.519f,0f,0f,0f,1f],start_interpolation: 0,interpolation_duration: 1}
$data merge entity $(bone_tail2) {transformation: [-0.9999f,0.0119f,0.0033f,-0.0336f,0.0123f,0.9633f,0.268f,0.3761f,0f,0.268f,-0.9634f,-1.1651f,0f,0f,0f,1f],start_interpolation: 0,interpolation_duration: 1}
$data merge entity $(bone_tail) {transformation: [-0.9999f,0.0123f,0.0015f,-0.0311f,0.0123f,0.9927f,0.1204f,0.5791f,0f,0.1204f,-0.9927f,-0.7627f,0f,0f,0f,1f],start_interpolation: 0,interpolation_duration: 1}
$data merge entity $(bone_torso) {transformation: [-0.9999f,0.0123f,0.0006f,-0.0311f,0.0123f,0.9986f,0.0517f,0.5748f,0f,0.0517f,-0.9987f,-0.0745f,0f,0f,0f,1f],start_interpolation: 0,interpolation_duration: 1}
$data merge entity $(bone_leg_front_left4) {transformation: [-0.9089f,0.3744f,-0.1838f,1.7886f,0.3507f,0.9246f,0.1489f,-0.0359f,0.2257f,0.0709f,-0.9716f,0.6022f,0f,0f,0f,1f],start_interpolation: 0,interpolation_duration: 1}
$data merge entity $(bone_leg_front_left3) {transformation: [-0.9771f,0.2116f,-0.0232f,1.3949f,0.2089f,0.9742f,0.0857f,0.0642f,0.0407f,0.0789f,-0.996f,0.62f,0f,0f,0f,1f],start_interpolation: 0,interpolation_duration: 1}
$data merge entity $(bone_leg_front_left2) {transformation: [-0.9715f,0.1858f,0.1469f,0.7906f,0.1947f,0.9797f,0.0482f,0.2012f,-0.1349f,0.0754f,-0.988f,0.5368f,0f,0f,0f,1f],start_interpolation: 0,interpolation_duration: 1}
$data merge entity $(bone_leg_front_left) {transformation: [-0.9165f,0.293f,0.2724f,0.5901f,0.3105f,0.9503f,0.0223f,0.2691f,-0.2523f,0.1051f,-0.9619f,0.4816f,0f,0f,0f,1f],start_interpolation: 0,interpolation_duration: 1}
$data merge entity $(bone_leg_back_left4) {transformation: [-0.4109f,0.6448f,-0.6444f,1.0632f,0.6628f,0.6967f,0.2744f,-0.1459f,0.6259f,-0.3144f,-0.7137f,-0.9606f,0f,0f,0f,1f],start_interpolation: 0,interpolation_duration: 1}
$data merge entity $(bone_leg_back_left3) {transformation: [-0.6394f,0.5471f,-0.5402f,0.9233f,0.5823f,0.8034f,0.1245f,-0.0185f,0.5021f,-0.235f,-0.8323f,-0.8508f,0f,0f,0f,1f],start_interpolation: 0,interpolation_duration: 1}
$data merge entity $(bone_leg_back_left2) {transformation: [-0.7636f,0.4291f,-0.4824f,0.6369f,0.453f,0.8885f,0.0732f,0.1514f,0.4601f,-0.1626f,-0.8729f,-0.6783f,0f,0f,0f,1f],start_interpolation: 0,interpolation_duration: 1}
$data merge entity $(bone_leg_back_left) {transformation: [-0.8428f,0.3824f,-0.3786f,0.5579f,0.4081f,0.9128f,0.0135f,0.1896f,0.3508f,-0.1432f,-0.9254f,-0.6454f,0f,0f,0f,1f],start_interpolation: 0,interpolation_duration: 1}
$data merge entity $(bone_leg_front_right4) {transformation: [-0.9173f,-0.3514f,0.1874f,-1.8654f,-0.3282f,0.9335f,0.1443f,0.0092f,-0.2257f,0.0709f,-0.9716f,0.6022f,0f,0f,0f,1f],start_interpolation: 0,interpolation_duration: 1}
$data merge entity $(bone_leg_front_right3) {transformation: [-0.9819f,-0.1875f,0.0253f,-1.4694f,-0.1847f,0.9791f,0.0851f,0.0995f,-0.0407f,0.0789f,-0.996f,0.62f,0f,0f,0f,1f],start_interpolation: 0,interpolation_duration: 1}
$data merge entity $(bone_leg_front_right2) {transformation: [-0.9761f,-0.1616f,-0.1456f,-0.8619f,-0.1706f,0.984f,0.0518f,0.2216f,0.1349f,0.0754f,-0.988f,0.5368f,0f,0f,0f,1f],start_interpolation: 0,interpolation_duration: 1}
$data merge entity $(bone_leg_front_right) {transformation: [-0.9239f,-0.2695f,-0.2718f,-0.6598f,-0.2878f,0.9573f,0.0291f,0.2845f,0.2523f,0.1051f,-0.9619f,0.4816f,0f,0f,0f,1f],start_interpolation: 0,interpolation_duration: 1}
$data merge entity $(bone_leg_back_right4) {transformation: [-0.4272f,-0.6275f,0.651f,-1.1429f,-0.6525f,0.7124f,0.2584f,-0.1186f,-0.6259f,-0.3144f,-0.7137f,-0.9606f,0f,0f,0f,1f],start_interpolation: 0,interpolation_duration: 1}
$data merge entity $(bone_leg_back_right3) {transformation: [-0.6536f,-0.5271f,0.5431f,-0.9999f,-0.5663f,0.8167f,0.1111f,0.0052f,-0.5021f,-0.235f,-0.8323f,-0.8508f,0f,0f,0f,1f],start_interpolation: 0,interpolation_duration: 1}
$data merge entity $(bone_leg_back_right2) {transformation: [-0.7746f,-0.407f,0.4841f,-0.7094f,-0.434f,0.8988f,0.0613f,0.168f,-0.4601f,-0.1626f,-0.8729f,-0.6783f,0f,0f,0f,1f],start_interpolation: 0,interpolation_duration: 1}
$data merge entity $(bone_leg_back_right) {transformation: [-0.8526f,-0.3598f,0.3789f,-0.6295f,-0.3872f,0.922f,0.0041f,0.2043f,-0.3508f,-0.1432f,-0.9254f,-0.6454f,0f,0f,0f,1f],start_interpolation: 0,interpolation_duration: 1}
data modify entity @s data merge value {"cameras":{},"locators":{"target":{"posx":-0.026942318837369028,"posy":0.9141667537957546,"posz":1.5583027332693244,"roty":0.015451536876838645,"rotx":1.2517515968107398},"body":{"posx":-0.0280633044355129,"posy":0.8233396191545114,"posz":-0.006555223544696006,"roty":0.015451536876838645,"rotx":1.2517515968107398},"head":{"posx":0.0011610881980948073,"posy":2.5913560866637746,"posz":1.336092272964752,"roty":359.8941532003256,"rotx":1.3027164771788506},"mouth":{"posx":0.003746589002096427,"posy":1.9942117883828505,"posz":1.4787987101572466,"roty":359.8941532003256,"rotx":1.3027164771788506},"special":{"posx":0.003746589002096427,"posy":1.9942117883828505,"posz":1.4787987101572466,"roty":359.8941532003256,"rotx":1.3027164771788506},"face":{"posx":0.003236351731083504,"posy":2.3277817748575735,"posz":1.9302507328364904,"roty":359.8941532003256,"rotx":1.3027164771788506},"eye1":{"posx":-0.34134679125394185,"posy":2.331602724103232,"posz":1.4667537811128302,"roty":359.87450671982606,"rotx":6.3026780730990195},"eye2":{"posx":0.34614689185128533,"posy":2.334290503574645,"posz":1.4655448427676636,"roty":359.87450671982606,"rotx":6.3026780730990195},"horn":{"posx":0.0011623598534931641,"posy":2.7174999660160113,"posz":1.6172655733069985,"roty":359.87450671982606,"rotx":6.3026780730990195},"physical":{"posx":0.0011623598534931641,"posy":2.7174999660160113,"posz":1.6172655733069985,"roty":359.87450671982606,"rotx":6.3026780730990195},"jaw_upper":{"posx":0.004177394814866156,"posy":2.0101460786407457,"posz":1.759213451344261,"roty":359.87450671982606,"rotx":6.3026780730990195},"jaw_lower":{"posx":0.0038670893826559137,"posy":2.0909152020270723,"posz":1.7623207787766273,"roty":359.8941532003256,"rotx":1.3027164771788506},"tail_tip":{"posx":-0.03234299436243961,"posy":0.47658050480074554,"posz":-1.526350139259762,"roty":0.19671083947380907,"rotx":15.545315680286834}}}