# This file was generated by Animated Java via MC-Build. It is not recommended to edit this file directly.
$data merge entity $(bone_shell2) {transformation: [-1.1978f,0.015f,-0.0026f,-0.0226f,0.0152f,1.1809f,-0.2006f,1.1447f,0f,-0.2007f,-1.181f,-0.4391f,0f,0f,0f,1f],start_interpolation: 0,interpolation_duration: 1}
$data merge entity $(bone_shell) {transformation: [-1.2603f,0.016f,-0.0006f,-0.0251f,0.016f,1.2594f,-0.0471f,0.9479f,0f,-0.0471f,-1.2595f,0.569f,0f,0f,0f,1f],start_interpolation: 0,interpolation_duration: 1}
$data merge entity $(bone_pupil_right2) {transformation: [-1f,-0.004f,-0.0022f,-0.3426f,-0.0042f,0.9938f,0.111f,2.3317f,0.0018f,0.111f,-0.9938f,1.4666f,0f,0f,0f,1f],start_interpolation: 0,interpolation_duration: 1}
$data merge entity $(bone_pupil_right) {transformation: [-1f,-0.004f,-0.0022f,-0.3415f,-0.0042f,0.9938f,0.111f,2.3231f,0.0018f,0.111f,-0.9938f,1.4027f,0f,0f,0f,1f],start_interpolation: 0,interpolation_duration: 1}
$data merge entity $(bone_eyelid_right) {transformation: [-1f,-0.004f,-0.0022f,-0.3053f,-0.0042f,0.9938f,0.111f,2.3543f,0.0018f,0.111f,-0.9938f,1.4061f,0f,0f,0f,1f],start_interpolation: 0,interpolation_duration: 1}
$data merge entity $(bone_eye_right) {transformation: [-1f,-0.004f,-0.0022f,-0.3416f,-0.0042f,0.9938f,0.111f,2.3542f,0.0018f,0.111f,-0.9938f,1.4062f,0f,0f,0f,1f],start_interpolation: 0,interpolation_duration: 1}
$data merge entity $(bone_pupil_left2) {transformation: [-1f,-0.004f,-0.0022f,0.3499f,-0.0042f,0.9938f,0.111f,2.3346f,0.0018f,0.111f,-0.9938f,1.4654f,0f,0f,0f,1f],start_interpolation: 0,interpolation_duration: 1}
$data merge entity $(bone_pupil_left) {transformation: [-1f,-0.004f,-0.0022f,0.3485f,-0.0042f,0.9938f,0.111f,2.326f,0.0018f,0.111f,-0.9938f,1.4015f,0f,0f,0f,1f],start_interpolation: 0,interpolation_duration: 1}
$data merge entity $(bone_eyelid_left) {transformation: [-1f,-0.004f,-0.0022f,0.3122f,-0.0042f,0.9938f,0.111f,2.3569f,0.0018f,0.111f,-0.9938f,1.4051f,0f,0f,0f,1f],start_interpolation: 0,interpolation_duration: 1}
$data merge entity $(bone_eye_left) {transformation: [-1f,-0.004f,-0.0022f,0.3484f,-0.0042f,0.9938f,0.111f,2.3571f,0.0018f,0.111f,-0.9938f,1.405f,0f,0f,0f,1f],start_interpolation: 0,interpolation_duration: 1}
$data merge entity $(bone_muzzle2) {transformation: [-1f,-0.0038f,-0.0025f,0.0035f,-0.0042f,0.9804f,0.1972f,2.4328f,0.0018f,0.1972f,-0.9804f,1.6329f,0f,0f,0f,1f],start_interpolation: 0,interpolation_duration: 1}
$data merge entity $(bone_muzzle) {transformation: [-1f,-0.004f,-0.0022f,0.0023f,-0.0042f,0.9938f,0.111f,2.5917f,0.0018f,0.111f,-0.9938f,1.3362f,0f,0f,0f,1f],start_interpolation: 0,interpolation_duration: 1}
$data merge entity $(bone_tongue) {transformation: [-1f,-0.0042f,-0.0019f,0.0044f,-0.0042f,0.9997f,0.0239f,2.0614f,0.0018f,0.0239f,-0.9997f,1.2923f,0f,0f,0f,1f],start_interpolation: 0,interpolation_duration: 1}
$data merge entity $(bone_jaw) {transformation: [-1f,-0.0042f,-0.0019f,0.0044f,-0.0042f,0.9997f,0.0239f,2.0919f,0.0018f,0.0239f,-0.9997f,1.3243f,0f,0f,0f,1f],start_interpolation: 0,interpolation_duration: 1}
$data merge entity $(bone_ear_left) {transformation: [-0.9132f,-0.1464f,-0.3803f,0.3524f,-0.1444f,0.9889f,-0.0339f,2.4433f,0.381f,0.0239f,-0.9243f,1.0663f,0f,0f,0f,1f],start_interpolation: 0,interpolation_duration: 1}
$data merge entity $(bone_ear_right) {transformation: [-0.9157f,0.1381f,0.3773f,-0.3475f,0.1367f,0.9901f,-0.0307f,2.4404f,-0.3778f,0.0234f,-0.9256f,1.0675f,0f,0f,0f,1f],start_interpolation: 0,interpolation_duration: 1}
$data merge entity $(bone_head_angle) {transformation: [-1f,-0.0042f,-0.0019f,0.0038f,-0.0042f,0.9997f,0.0239f,2.1886f,0.0018f,0.0239f,-0.9997f,1.2015f,0f,0f,0f,1f],start_interpolation: 0,interpolation_duration: 1}
$data merge entity $(bone_neck3) {transformation: [-0.9996f,0.0298f,-0.0018f,-0.0178f,0.0298f,0.9995f,0.006f,1.4707f,0.002f,0.006f,-1f,1.1035f,0f,0f,0f,1f],start_interpolation: 0,interpolation_duration: 1}
$data merge entity $(bone_neck2) {transformation: [-0.9999f,0.0131f,0.0018f,-0.0236f,0.0132f,0.9922f,0.1241f,1.0308f,-0.0001f,0.1241f,-0.9923f,1.0957f,0f,0f,0f,1f],start_interpolation: 0,interpolation_duration: 1}
$data merge entity $(bone_chest2) {transformation: [-0.9999f,0.0117f,0.006f,-0.0359f,0.0132f,0.8936f,0.4487f,0.1017f,-0.0001f,0.4487f,-0.8937f,0.9964f,0f,0f,0f,1f],start_interpolation: 0,interpolation_duration: 1}
$data merge entity $(bone_chest) {transformation: [-0.9999f,0.0123f,-0.0031f,-0.0378f,0.0127f,0.9696f,-0.2443f,-0.0508f,0f,-0.2444f,-0.9697f,0.5192f,0f,0f,0f,1f],start_interpolation: 0,interpolation_duration: 1}
$data merge entity $(bone_tail2) {transformation: [-0.9999f,0.0122f,0.0034f,-0.0324f,0.0127f,0.9626f,0.2705f,0.3728f,0f,0.2705f,-0.9627f,-1.1658f,0f,0f,0f,1f],start_interpolation: 0,interpolation_duration: 1}
$data merge entity $(bone_tail) {transformation: [-0.9999f,0.0126f,0.0015f,-0.0298f,0.0127f,0.9928f,0.1189f,0.5764f,0f,0.119f,-0.9929f,-0.7637f,0f,0f,0f,1f],start_interpolation: 0,interpolation_duration: 1}
$data merge entity $(bone_torso) {transformation: [-0.9999f,0.0127f,0.0006f,-0.0299f,0.0127f,0.9987f,0.0498f,0.5734f,0f,0.0499f,-0.9988f,-0.0755f,0f,0f,0f,1f],start_interpolation: 0,interpolation_duration: 1}
$data merge entity $(bone_leg_front_left4) {transformation: [-0.9145f,0.3597f,-0.1852f,1.791f,0.3371f,0.9306f,0.1428f,-0.0321f,0.2237f,0.0681f,-0.9723f,0.6025f,0f,0f,0f,1f],start_interpolation: 0,interpolation_duration: 1}
$data merge entity $(bone_leg_front_left3) {transformation: [-0.9791f,0.202f,-0.0236f,1.3964f,0.1995f,0.9765f,0.0821f,0.0642f,0.0396f,0.0756f,-0.9963f,0.6198f,0f,0f,0f,1f],start_interpolation: 0,interpolation_duration: 1}
$data merge entity $(bone_leg_front_left2) {transformation: [-0.9721f,0.1829f,0.1468f,0.7916f,0.1914f,0.9804f,0.0462f,0.1991f,-0.1355f,0.073f,-0.9881f,0.5362f,0f,0f,0f,1f],start_interpolation: 0,interpolation_duration: 1}
$data merge entity $(bone_leg_front_left) {transformation: [-0.9159f,0.2948f,0.2724f,0.5913f,0.3119f,0.9499f,0.0208f,0.2674f,-0.2526f,0.104f,-0.962f,0.481f,0f,0f,0f,1f],start_interpolation: 0,interpolation_duration: 1}
$data merge entity $(bone_leg_back_left4) {transformation: [-0.4195f,0.6358f,-0.6478f,1.0685f,0.6565f,0.7054f,0.2672f,-0.1419f,0.6269f,-0.3132f,-0.7134f,-0.9616f,0f,0f,0f,1f],start_interpolation: 0,interpolation_duration: 1}
$data merge entity $(bone_leg_back_left3) {transformation: [-0.648f,0.5354f,-0.5417f,0.9267f,0.5715f,0.8119f,0.1188f,-0.0169f,0.5034f,-0.2326f,-0.8322f,-0.8515f,0f,0f,0f,1f],start_interpolation: 0,interpolation_duration: 1}
$data merge entity $(bone_leg_back_left2) {transformation: [-0.7693f,0.4181f,-0.4831f,0.6383f,0.4429f,0.894f,0.0685f,0.1492f,0.4605f,-0.1613f,-0.8729f,-0.6788f,0f,0f,0f,1f],start_interpolation: 0,interpolation_duration: 1}
$data merge entity $(bone_leg_back_left) {transformation: [-0.8454f,0.3767f,-0.3786f,0.559f,0.4032f,0.9151f,0.0101f,0.187f,0.3502f,-0.1441f,-0.9255f,-0.646f,0f,0f,0f,1f],start_interpolation: 0,interpolation_duration: 1}
$data merge entity $(bone_leg_front_right4) {transformation: [-0.9228f,-0.3359f,0.1888f,-1.8655f,-0.3138f,0.9394f,0.138f,0.0144f,-0.2237f,0.0681f,-0.9723f,0.6025f,0f,0f,0f,1f],start_interpolation: 0,interpolation_duration: 1}
$data merge entity $(bone_leg_front_right3) {transformation: [-0.9839f,-0.1771f,0.0257f,-1.4686f,-0.1745f,0.9813f,0.0814f,0.1007f,-0.0396f,0.0756f,-0.9963f,0.6198f,0f,0f,0f,1f],start_interpolation: 0,interpolation_duration: 1}
$data merge entity $(bone_leg_front_right2) {transformation: [-0.9767f,-0.1579f,-0.1456f,-0.8606f,-0.1666f,0.9848f,0.0499f,0.2202f,0.1355f,0.073f,-0.9881f,0.5362f,0f,0f,0f,1f],start_interpolation: 0,interpolation_duration: 1}
$data merge entity $(bone_leg_front_right) {transformation: [-0.9236f,-0.2705f,-0.2718f,-0.6586f,-0.2885f,0.9571f,0.0277f,0.2833f,0.2526f,0.104f,-0.962f,0.481f,0f,0f,0f,1f],start_interpolation: 0,interpolation_duration: 1}
$data merge entity $(bone_leg_back_right4) {transformation: [-0.4361f,-0.6177f,0.6544f,-1.1461f,-0.6456f,0.7214f,0.2506f,-0.1137f,-0.6269f,-0.3132f,-0.7134f,-0.9616f,0f,0f,0f,1f],start_interpolation: 0,interpolation_duration: 1}
$data merge entity $(bone_leg_back_right3) {transformation: [-0.6624f,-0.5145f,0.5445f,-1.0012f,-0.5549f,0.8253f,0.1049f,0.0076f,-0.5034f,-0.2326f,-0.8322f,-0.8515f,0f,0f,0f,1f],start_interpolation: 0,interpolation_duration: 1}
$data merge entity $(bone_leg_back_right2) {transformation: [-0.7803f,-0.3952f,0.4847f,-0.7086f,-0.4232f,0.9043f,0.0562f,0.1663f,-0.4605f,-0.1613f,-0.8729f,-0.6788f,0f,0f,0f,1f],start_interpolation: 0,interpolation_duration: 1}
$data merge entity $(bone_leg_back_right) {transformation: [-0.8554f,-0.3533f,0.3787f,-0.6284f,-0.3816f,0.9243f,0.0005f,0.2021f,-0.3502f,-0.1441f,-0.9255f,-0.646f,0f,0f,0f,1f],start_interpolation: 0,interpolation_duration: 1}
data modify entity @s data merge value {"cameras":{},"locators":{"target":{"posx":-0.025530727166919412,"posy":0.9145132602194319,"posz":1.5569623418331267,"roty":0.01513751156076637,"rotx":1.189549275659828},"body":{"posx":-0.026707981688978567,"posy":0.8219879121730909,"posz":-0.007796081707291246,"roty":0.01513751156076637,"rotx":1.189549275659828},"head":{"posx":0.0022908793982281787,"posy":2.591719497070078,"posz":1.3362236783539188,"roty":359.8939563773152,"rotx":1.3707787292299909},"mouth":{"posx":0.0050536086124665525,"posy":1.9944068150763608,"posz":1.4782203411906245,"roty":359.8939563773152,"rotx":1.3707787292299909},"special":{"posx":0.0050536086124665525,"posy":1.9944068150763608,"posz":1.4782203411906245,"roty":359.8939563773152,"rotx":1.3707787292299909},"face":{"posx":0.004442572667737539,"posy":2.3274398653617134,"posz":1.9300684783481303,"roty":359.8939563773152,"rotx":1.3707787292299909},"eye1":{"posx":-0.3401401238545274,"posy":2.331709113480656,"posz":1.4665751071790862,"roty":359.87280052139204,"rotx":6.370734204634507},"eye2":{"posx":0.3473527330039752,"posy":2.3346029243680335,"posz":1.4653719334249413,"roty":359.87280052139204,"rotx":6.370734204634507},"horn":{"posx":0.0022536589705412684,"posy":2.717529118082087,"posz":1.6175466973204697,"roty":359.87280052139204,"rotx":6.370734204634507},"physical":{"posx":0.0022536589705412684,"posy":2.717529118082087,"posz":1.6175466973204697,"roty":359.87280052139204,"rotx":6.370734204634507},"jaw_upper":{"posx":0.005478723495011956,"posy":2.0100079590547253,"posz":1.7586538232475188,"roty":359.87280052139204,"rotx":6.370734204634507},"jaw_lower":{"posx":0.005144370501609714,"posy":2.090773236533723,"posz":1.7618571383499169,"roty":359.8939563773152,"rotx":1.3707787292299909},"tail_tip":{"posx":-0.031132371635047427,"posy":0.47425663403225715,"posz":-1.5267696809047706,"roty":0.20483241992155854,"rotx":15.693960487089246}}}