# This file was generated by Animated Java via MC-Build. It is not recommended to edit this file directly.
$data merge entity $(bone_shell2) {transformation: [-1.1979f,-0.0086f,0.0024f,0.0387f,-0.0089f,1.1517f,-0.3294f,1.1349f,0f,-0.3294f,-1.1517f,-0.5061f,0f,0f,0f,1f],start_interpolation: 0,interpolation_duration: 1}
$data merge entity $(bone_shell) {transformation: [-1.2604f,-0.0093f,0.0014f,0.0394f,-0.0094f,1.2467f,-0.1855f,1.0503f,0f,-0.1855f,-1.2467f,0.5175f,0f,0f,0f,1f],start_interpolation: 0,interpolation_duration: 1}
$data merge entity $(bone_pupil_right2) {transformation: [-1f,0.0005f,-0.0003f,-0.3361f,0.0004f,0.9862f,0.1654f,2.4843f,0.0004f,0.1654f,-0.9862f,1.32f,0f,0f,0f,1f],start_interpolation: 0,interpolation_duration: 1}
$data merge entity $(bone_pupil_right) {transformation: [-1f,0.0005f,-0.0003f,-0.3349f,0.0004f,0.9862f,0.1654f,2.4792f,0.0004f,0.1654f,-0.9862f,1.2558f,0f,0f,0f,1f],start_interpolation: 0,interpolation_duration: 1}
$data merge entity $(bone_eyelid_right) {transformation: [-1f,0.0005f,-0.0003f,-0.2986f,0.0004f,0.9862f,0.1654f,2.51f,0.0004f,0.1654f,-0.9862f,1.261f,0f,0f,0f,1f],start_interpolation: 0,interpolation_duration: 1}
$data merge entity $(bone_eye_right) {transformation: [-1f,0.0005f,-0.0003f,-0.3348f,0.0004f,0.9862f,0.1654f,2.51f,0.0004f,0.1654f,-0.9862f,1.261f,0f,0f,0f,1f],start_interpolation: 0,interpolation_duration: 1}
$data merge entity $(bone_pupil_left2) {transformation: [-1f,0.0005f,-0.0003f,0.3564f,0.0004f,0.9862f,0.1654f,2.484f,0.0004f,0.1654f,-0.9862f,1.3197f,0f,0f,0f,1f],start_interpolation: 0,interpolation_duration: 1}
$data merge entity $(bone_pupil_left) {transformation: [-1f,0.0005f,-0.0003f,0.3551f,0.0004f,0.9862f,0.1654f,2.4789f,0.0004f,0.1654f,-0.9862f,1.2555f,0f,0f,0f,1f],start_interpolation: 0,interpolation_duration: 1}
$data merge entity $(bone_eyelid_left) {transformation: [-1f,0.0005f,-0.0003f,0.3189f,0.0004f,0.9862f,0.1654f,2.5098f,0.0004f,0.1654f,-0.9862f,1.2607f,0f,0f,0f,1f],start_interpolation: 0,interpolation_duration: 1}
$data merge entity $(bone_eye_left) {transformation: [-1f,0.0005f,-0.0003f,0.3552f,0.0004f,0.9862f,0.1654f,2.5098f,0.0004f,0.1654f,-0.9862f,1.2607f,0f,0f,0f,1f],start_interpolation: 0,interpolation_duration: 1}
$data merge entity $(bone_muzzle2) {transformation: [-1f,0.0005f,-0.0003f,0.0103f,0.0004f,0.9681f,0.2507f,2.5745f,0.0004f,0.2507f,-0.9681f,1.4921f,0f,0f,0f,1f],start_interpolation: 0,interpolation_duration: 1}
$data merge entity $(bone_muzzle) {transformation: [-1f,0.0005f,-0.0003f,0.0102f,0.0004f,0.9862f,0.1654f,2.7495f,0.0004f,0.1654f,-0.9862f,1.2045f,0f,0f,0f,1f],start_interpolation: 0,interpolation_duration: 1}
$data merge entity $(bone_tongue) {transformation: [-1f,0.0005f,-0.0004f,0.01f,0.0004f,0.9969f,0.0788f,2.2223f,0.0004f,0.0788f,-0.9969f,1.1315f,0f,0f,0f,1f],start_interpolation: 0,interpolation_duration: 1}
$data merge entity $(bone_jaw) {transformation: [-1f,0.0005f,-0.0004f,0.01f,0.0004f,0.9969f,0.0788f,2.251f,0.0004f,0.0788f,-0.9969f,1.1651f,0f,0f,0f,1f],start_interpolation: 0,interpolation_duration: 1}
$data merge entity $(bone_ear_left) {transformation: [-0.9234f,-0.0278f,-0.3829f,0.3601f,-0.0558f,0.9965f,0.0622f,2.6145f,0.3798f,0.0788f,-0.9217f,0.9273f,0f,0f,0f,1f],start_interpolation: 0,interpolation_duration: 1}
$data merge entity $(bone_ear_right) {transformation: [-0.9236f,0.0287f,0.3822f,-0.3399f,0.0566f,0.9965f,0.0619f,2.6148f,-0.3791f,0.0788f,-0.922f,0.9276f,0f,0f,0f,1f],start_interpolation: 0,interpolation_duration: 1}
$data merge entity $(bone_head_angle) {transformation: [-1f,0.0005f,-0.0004f,0.01f,0.0004f,0.9969f,0.0788f,2.3543f,0.0004f,0.0788f,-0.9969f,1.0479f,0f,0f,0f,1f],start_interpolation: 0,interpolation_duration: 1}
$data merge entity $(bone_neck3) {transformation: [-0.9996f,-0.0282f,-0.0004f,0.0303f,-0.0282f,0.9994f,-0.0223f,1.6339f,0.0011f,-0.0223f,-0.9998f,0.9702f,0f,0f,0f,1f],start_interpolation: 0,interpolation_duration: 1}
$data merge entity $(bone_neck2) {transformation: [-0.9999f,-0.0108f,-0.0015f,0.0351f,-0.0108f,0.9998f,0.0153f,1.1958f,0.0013f,0.0153f,-0.9999f,1.0104f,0f,0f,0f,1f],start_interpolation: 0,interpolation_duration: 1}
$data merge entity $(bone_chest2) {transformation: [-0.9999f,-0.0098f,-0.0048f,0.0452f,-0.0108f,0.9445f,0.3284f,0.2616f,0.0013f,0.3284f,-0.9445f,1.0329f,0f,0f,0f,1f],start_interpolation: 0,interpolation_duration: 1}
$data merge entity $(bone_chest) {transformation: [-1f,-0.0069f,0.0027f,0.0468f,-0.0074f,0.9326f,-0.3607f,0.0521f,0f,-0.3607f,-0.9327f,0.5779f,0f,0f,0f,1f],start_interpolation: 0,interpolation_duration: 1}
$data merge entity $(bone_tail2) {transformation: [-1f,-0.0074f,-0.0007f,0.0453f,-0.0074f,0.996f,0.0889f,0.2572f,0f,0.0889f,-0.996f,-1.1216f,0f,0f,0f,1f],start_interpolation: 0,interpolation_duration: 1}
$data merge entity $(bone_tail) {transformation: [-1f,-0.0074f,0.0006f,0.0432f,-0.0074f,0.9972f,-0.0743f,0.5343f,0f,-0.0743f,-0.9972f,-0.7662f,0f,0f,0f,1f],start_interpolation: 0,interpolation_duration: 1}
$data merge entity $(bone_torso) {transformation: [-1f,-0.0074f,0.0004f,0.0427f,-0.0074f,0.9981f,-0.0604f,0.607f,0f,-0.0604f,-0.9982f,-0.0818f,0f,0f,0f,1f],start_interpolation: 0,interpolation_duration: 1}
$data merge entity $(bone_leg_front_left4) {transformation: [-0.9778f,0.0913f,-0.1885f,1.7785f,0.0877f,0.9958f,0.0272f,-0.2397f,0.1902f,0.01f,-0.9817f,0.6388f,0f,0f,0f,1f],start_interpolation: 0,interpolation_duration: 1}
$data merge entity $(bone_leg_front_left3) {transformation: [-0.9579f,0.2867f,-0.0159f,1.3939f,0.2865f,0.958f,0.0115f,-0.1084f,0.0185f,0.0065f,-0.9998f,0.6464f,0f,0f,0f,1f],start_interpolation: 0,interpolation_duration: 1}
$data merge entity $(bone_leg_front_left2) {transformation: [-0.8835f,0.4435f,0.1507f,0.8486f,0.4431f,0.8957f,-0.0384f,0.1826f,-0.152f,0.0328f,-0.9878f,0.5519f,0f,0f,0f,1f],start_interpolation: 0,interpolation_duration: 1}
$data merge entity $(bone_leg_front_left) {transformation: [-0.8164f,0.5132f,0.2647f,0.67f,0.5073f,0.8564f,-0.0959f,0.2935f,-0.276f,0.056f,-0.9595f,0.4915f,0f,0f,0f,1f],start_interpolation: 0,interpolation_duration: 1}
$data merge entity $(bone_leg_back_left4) {transformation: [-0.6828f,-0.0058f,-0.7306f,1.2281f,0.0511f,0.9971f,-0.0557f,0.0771f,0.7288f,-0.0754f,-0.6805f,-0.9638f,0f,0f,0f,1f],start_interpolation: 0,interpolation_duration: 1}
$data merge entity $(bone_leg_back_left3) {transformation: [-0.8247f,-0.0021f,-0.5655f,1.0477f,0.0424f,0.997f,-0.0655f,0.0863f,0.5639f,-0.078f,-0.8221f,-0.8404f,0f,0f,0f,1f],start_interpolation: 0,interpolation_duration: 1}
$data merge entity $(bone_leg_back_left2) {transformation: [-0.8653f,0.0984f,-0.4915f,0.7232f,0.1513f,0.9861f,-0.0689f,0.1431f,0.4779f,-0.134f,-0.8682f,-0.6612f,0f,0f,0f,1f],start_interpolation: 0,interpolation_duration: 1}
$data merge entity $(bone_leg_back_left) {transformation: [-0.891f,0.257f,-0.3743f,0.6397f,0.3101f,0.9466f,-0.0881f,0.1722f,0.3317f,-0.1945f,-0.9231f,-0.6301f,0f,0f,0f,1f],start_interpolation: 0,interpolation_duration: 1}
$data merge entity $(bone_leg_front_right4) {transformation: [-0.9764f,-0.1061f,0.1881f,-1.6804f,-0.1022f,0.9943f,0.03f,-0.2654f,-0.1902f,0.01f,-0.9817f,0.6388f,0f,0f,0f,1f],start_interpolation: 0,interpolation_duration: 1}
$data merge entity $(bone_leg_front_right3) {transformation: [-0.9535f,-0.3009f,0.0157f,-1.2977f,-0.3007f,0.9536f,0.0118f,-0.1284f,-0.0185f,0.0065f,-0.9998f,0.6464f,0f,0f,0f,1f],start_interpolation: 0,interpolation_duration: 1}
$data merge entity $(bone_leg_front_right2) {transformation: [-0.8768f,-0.4568f,-0.1501f,-0.7569f,-0.4562f,0.889f,-0.0406f,0.1706f,0.152f,0.0328f,-0.9878f,0.5519f,0f,0f,0f,1f],start_interpolation: 0,interpolation_duration: 1}
$data merge entity $(bone_leg_front_right) {transformation: [-0.8088f,-0.5259f,-0.2633f,-0.5799f,-0.5194f,0.8487f,-0.0998f,0.2842f,0.276f,0.056f,-0.9595f,0.4915f,0f,0f,0f,1f],start_interpolation: 0,interpolation_duration: 1}
$data merge entity $(bone_leg_back_right4) {transformation: [-0.6819f,-0.009f,0.7314f,-1.1347f,-0.0613f,0.9971f,-0.0449f,0.0595f,-0.7288f,-0.0754f,-0.6805f,-0.9638f,0f,0f,0f,1f],start_interpolation: 0,interpolation_duration: 1}
$data merge entity $(bone_leg_back_right3) {transformation: [-0.824f,-0.0127f,0.5664f,-0.9545f,-0.0546f,0.9969f,-0.0571f,0.0715f,-0.5639f,-0.078f,-0.8221f,-0.8404f,0f,0f,0f,1f],start_interpolation: 0,interpolation_duration: 1}
$data merge entity $(bone_leg_back_right2) {transformation: [-0.863f,-0.1131f,0.4925f,-0.6309f,-0.1642f,0.9845f,-0.0616f,0.133f,-0.4779f,-0.134f,-0.8682f,-0.6612f,0f,0f,0f,1f],start_interpolation: 0,interpolation_duration: 1}
$data merge entity $(bone_leg_back_right) {transformation: [-0.8863f,-0.271f,0.3756f,-0.5478f,-0.3233f,0.9427f,-0.0825f,0.1633f,-0.3317f,-0.1945f,-0.9231f,-0.6301f,0f,0f,0f,1f],start_interpolation: 0,interpolation_duration: 1}
data modify entity @s data merge value {"cameras":{},"locators":{"target":{"px":0.039488080079212395,"py":1.0356039906542236,"pz":1.5298546444543222,"ry":0.014099481718773177,"rx":-1.8965949217805844},"body":{"px":0.04080076202857264,"py":0.8589637628354188,"pz":-0.02765225979433019,"ry":0.014099481718773177,"rx":-1.8965949217805844},"head":{"px":0.010241294691150035,"py":2.749457112350344,"pz":1.2045405744953765,"ry":359.9781247819443,"rx":4.520029069286963},"mouth":{"px":0.010032063089343794,"py":2.145240133937963,"pz":1.3135127003824538,"ry":359.9781247819443,"rx":4.520029069286963},"special":{"px":0.010032063089343794,"py":2.145240133937963,"pz":1.3135127003824538,"ry":359.9781247819443,"rx":4.520029069286963},"face":{"px":0.010356521510015293,"py":2.452950121275553,"pz":1.7829725851643523,"ry":359.9781247819443,"rx":4.520029069286963},"eye1":{"px":-0.33357249626092733,"py":2.4842984445113467,"pz":1.3200344902692356,"ry":359.98026386959623,"rx":9.520028618851084},"eye2":{"px":0.3539273835423567,"py":2.484008905507814,"pz":1.3197491174686093,"ry":359.98026386959623,"rx":9.520028618851084},"horn":{"px":0.010407156859192954,"py":2.8596228517995876,"pz":1.4923498611182069,"ry":359.98026386959623,"rx":9.520028618851084},"physical":{"px":0.010407156859192954,"py":2.8596228517995876,"pz":1.4923498611182069,"ry":359.98026386959623,"rx":9.520028618851084},"jaw_upper":{"px":0.010148719947030194,"py":2.145411688962199,"pz":1.5943800556138914,"ry":359.98026386959623,"rx":9.520028618851084},"jaw_lower":{"px":0.010185778046725963,"py":2.225879756386783,"pz":1.6020149634377436,"ry":359.9781247819443,"rx":4.520029069286963},"tail_tip":{"px":0.045025208818220065,"py":0.29050371530029884,"pz":-1.4951152490762092,"ry":359.9620135459582,"rx":5.098125950594348}}}
function animated_java:lapras/animations/surfacewater_idle/zzz/frames/on_tick/transform_floating_entities