# This file was generated by Animated Java via MC-Build. It is not recommended to edit this file directly.
$data merge entity $(bone_shell2) {transformation: [-1.1977f,0.0202f,-0.0048f,0.0202f,0.0208f,1.1648f,-0.279f,1.1146f,0f,-0.279f,-1.165f,-0.4911f,0f,0f,0f,1f],start_interpolation: 0,interpolation_duration: 1}
$data merge entity $(bone_shell) {transformation: [-1.2602f,0.0218f,-0.0023f,0.0179f,0.0219f,1.2534f,-0.1311f,0.9855f,0f,-0.1311f,-1.2536f,0.5278f,0f,0f,0f,1f],start_interpolation: 0,interpolation_duration: 1}
$data merge entity $(bone_pupil_right2) {transformation: [-1f,-0.0093f,-0.0035f,-0.3137f,-0.0097f,0.989f,0.1475f,2.3943f,0.0021f,0.1475f,-0.9891f,1.4066f,0f,0f,0f,1f],start_interpolation: 0,interpolation_duration: 1}
$data merge entity $(bone_pupil_right) {transformation: [-1f,-0.0093f,-0.0035f,-0.3125f,-0.0097f,0.989f,0.1475f,2.3881f,0.0021f,0.1475f,-0.9891f,1.3425f,0f,0f,0f,1f],start_interpolation: 0,interpolation_duration: 1}
$data merge entity $(bone_eyelid_right) {transformation: [-1f,-0.0093f,-0.0035f,-0.2765f,-0.0097f,0.989f,0.1475f,2.4193f,0.0021f,0.1475f,-0.9891f,1.347f,0f,0f,0f,1f],start_interpolation: 0,interpolation_duration: 1}
$data merge entity $(bone_eye_right) {transformation: [-1f,-0.0093f,-0.0035f,-0.3128f,-0.0097f,0.989f,0.1475f,2.419f,0.0021f,0.1475f,-0.9891f,1.3471f,0f,0f,0f,1f],start_interpolation: 0,interpolation_duration: 1}
$data merge entity $(bone_pupil_left2) {transformation: [-1f,-0.0093f,-0.0035f,0.3788f,-0.0097f,0.989f,0.1475f,2.401f,0.0021f,0.1475f,-0.9891f,1.4052f,0f,0f,0f,1f],start_interpolation: 0,interpolation_duration: 1}
$data merge entity $(bone_pupil_left) {transformation: [-1f,-0.0093f,-0.0035f,0.3775f,-0.0097f,0.989f,0.1475f,2.3948f,0.0021f,0.1475f,-0.9891f,1.341f,0f,0f,0f,1f],start_interpolation: 0,interpolation_duration: 1}
$data merge entity $(bone_eyelid_left) {transformation: [-1f,-0.0093f,-0.0035f,0.3409f,-0.0097f,0.989f,0.1475f,2.4253f,0.0021f,0.1475f,-0.9891f,1.3457f,0f,0f,0f,1f],start_interpolation: 0,interpolation_duration: 1}
$data merge entity $(bone_eye_left) {transformation: [-1f,-0.0093f,-0.0035f,0.3772f,-0.0097f,0.989f,0.1475f,2.4257f,0.0021f,0.1475f,-0.9891f,1.3456f,0f,0f,0f,1f],start_interpolation: 0,interpolation_duration: 1}
$data merge entity $(bone_muzzle2) {transformation: [-1f,-0.009f,-0.0043f,0.032f,-0.0097f,0.9724f,0.2331f,2.4911f,0.0021f,0.2331f,-0.9724f,1.5764f,0f,0f,0f,1f],start_interpolation: 0,interpolation_duration: 1}
$data merge entity $(bone_muzzle) {transformation: [-1f,-0.0093f,-0.0035f,0.0297f,-0.0097f,0.989f,0.1475f,2.6608f,0.0021f,0.1475f,-0.9891f,1.2858f,0f,0f,0f,1f],start_interpolation: 0,interpolation_duration: 1}
$data merge entity $(bone_tongue) {transformation: [-1f,-0.0096f,-0.0027f,0.0347f,-0.0097f,0.9981f,0.0607f,2.1325f,0.0021f,0.0607f,-0.9982f,1.2223f,0f,0f,0f,1f],start_interpolation: 0,interpolation_duration: 1}
$data merge entity $(bone_jaw) {transformation: [-1f,-0.0096f,-0.0027f,0.0345f,-0.0097f,0.9981f,0.0607f,2.1618f,0.0021f,0.0607f,-0.9982f,1.2554f,0f,0f,0f,1f],start_interpolation: 0,interpolation_duration: 1}
$data merge entity $(bone_ear_left) {transformation: [-0.9214f,-0.0555f,-0.3846f,0.3805f,-0.0745f,0.9966f,0.0348f,2.5244f,0.3814f,0.0608f,-0.9224f,1.0104f,0f,0f,0f,1f],start_interpolation: 0,interpolation_duration: 1}
$data merge entity $(bone_ear_right) {transformation: [-0.9243f,0.0363f,0.3799f,-0.3195f,0.0566f,0.9975f,0.0423f,2.5176f,-0.3774f,0.0606f,-0.924f,1.0119f,0f,0f,0f,1f],start_interpolation: 0,interpolation_duration: 1}
$data merge entity $(bone_head_angle) {transformation: [-1f,-0.0096f,-0.0027f,0.0333f,-0.0097f,0.9981f,0.0607f,2.2629f,0.0021f,0.0607f,-0.9982f,1.1363f,0f,0f,0f,1f],start_interpolation: 0,interpolation_duration: 1}
$data merge entity $(bone_neck3) {transformation: [-0.9998f,0.0188f,-0.0023f,0.0196f,0.0187f,0.9997f,0.0143f,1.5457f,0.0025f,0.0142f,-0.9999f,1.0323f,0f,0f,0f,1f],start_interpolation: 0,interpolation_duration: 1}
$data merge entity $(bone_neck2) {transformation: [-0.9999f,0.0116f,-0.001f,0.0146f,0.0115f,0.9967f,0.0799f,1.1059f,0.0019f,0.0799f,-0.9968f,1.0441f,0f,0f,0f,1f],start_interpolation: 0,interpolation_duration: 1}
$data merge entity $(bone_chest2) {transformation: [-0.9999f,0.0113f,0.0026f,0.0038f,0.0115f,0.9227f,0.3853f,0.1721f,0.0019f,0.3853f,-0.9228f,1.0098f,0f,0f,0f,1f],start_interpolation: 0,interpolation_duration: 1}
$data merge entity $(bone_chest) {transformation: [-0.9998f,0.0165f,-0.0054f,0.0006f,0.0174f,0.9495f,-0.3132f,-0.0142f,0f,-0.3132f,-0.9497f,0.5447f,0f,0f,0f,1f],start_interpolation: 0,interpolation_duration: 1}
$data merge entity $(bone_tail2) {transformation: [-0.9998f,0.0169f,0.004f,0.0058f,0.0174f,0.9728f,0.2308f,0.285f,0f,0.2309f,-0.973f,-1.158f,0f,0f,0f,1f],start_interpolation: 0,interpolation_duration: 1}
$data merge entity $(bone_tail) {transformation: [-0.9998f,0.0174f,0.0004f,0.0099f,0.0174f,0.9996f,0.0239f,0.526f,0f,0.0239f,-0.9997f,-0.7771f,0f,0f,0f,1f],start_interpolation: 0,interpolation_duration: 1}
$data merge entity $(bone_torso) {transformation: [-0.9998f,0.0174f,-0.0003f,0.0107f,0.0174f,0.9997f,-0.0169f,0.5688f,0f,-0.0169f,-0.9999f,-0.0902f,0f,0f,0f,1f],start_interpolation: 0,interpolation_duration: 1}
$data merge entity $(bone_leg_front_left4) {transformation: [-0.9777f,0.0678f,-0.1989f,1.814f,0.0651f,0.9977f,0.0197f,-0.0839f,0.1998f,0.0063f,-0.9798f,0.6138f,0f,0f,0f,1f],start_interpolation: 0,interpolation_duration: 1}
$data merge entity $(bone_leg_front_left3) {transformation: [-0.992f,0.1233f,-0.0261f,1.4129f,0.1232f,0.9924f,0.0081f,-0.0183f,0.0269f,0.0048f,-0.9996f,0.6248f,0f,0f,0f,1f],start_interpolation: 0,interpolation_duration: 1}
$data merge entity $(bone_leg_front_left2) {transformation: [-0.9542f,0.2606f,0.1465f,0.8205f,0.2615f,0.9651f,-0.0134f,0.1602f,-0.1449f,0.0255f,-0.9891f,0.5346f,0f,0f,0f,1f],start_interpolation: 0,interpolation_duration: 1}
$data merge entity $(bone_leg_front_left) {transformation: [-0.8698f,0.413f,0.2698f,0.6303f,0.4164f,0.908f,-0.0475f,0.2513f,-0.2646f,0.0711f,-0.9617f,0.4767f,0f,0f,0f,1f],start_interpolation: 0,interpolation_duration: 1}
$data merge entity $(bone_leg_back_left4) {transformation: [-0.641f,0.2668f,-0.7197f,1.179f,0.3357f,0.9406f,0.0497f,-0.0083f,0.6902f,-0.2098f,-0.6925f,-0.9759f,0f,0f,0f,1f],start_interpolation: 0,interpolation_duration: 1}
$data merge entity $(bone_leg_back_left3) {transformation: [-0.8087f,0.1673f,-0.5639f,1.0021f,0.2186f,0.9755f,-0.0241f,0.0395f,0.546f,-0.1428f,-0.8255f,-0.8564f,0f,0f,0f,1f],start_interpolation: 0,interpolation_duration: 1}
$data merge entity $(bone_leg_back_left2) {transformation: [-0.8576f,0.1523f,-0.4913f,0.6805f,0.1986f,0.9791f,-0.0431f,0.114f,0.4744f,-0.1345f,-0.8699f,-0.6785f,0f,0f,0f,1f],start_interpolation: 0,interpolation_duration: 1}
$data merge entity $(bone_leg_back_left) {transformation: [-0.8891f,0.2623f,-0.3751f,0.5971f,0.3088f,0.9486f,-0.0686f,0.1429f,0.3378f,-0.1769f,-0.9244f,-0.6468f,0f,0f,0f,1f],start_interpolation: 0,interpolation_duration: 1}
$data merge entity $(bone_leg_front_right4) {transformation: [-0.9793f,-0.033f,0.1995f,-1.8142f,-0.0311f,0.9994f,0.0128f,-0.0208f,-0.1998f,0.0063f,-0.9798f,0.6138f,0f,0f,0f,1f],start_interpolation: 0,interpolation_duration: 1}
$data merge entity $(bone_leg_front_right3) {transformation: [-0.9957f,-0.0888f,0.0264f,-1.411f,-0.0886f,0.996f,0.0072f,0.0307f,-0.0269f,0.0048f,-0.9996f,0.6248f,0f,0f,0f,1f],start_interpolation: 0,interpolation_duration: 1}
$data merge entity $(bone_leg_front_right2) {transformation: [-0.9628f,-0.227f,-0.1469f,-0.8129f,-0.2282f,0.9736f,-0.0083f,0.1886f,0.1449f,0.0255f,-0.9891f,0.5346f,0f,0f,0f,1f],start_interpolation: 0,interpolation_duration: 1}
$data merge entity $(bone_leg_front_right) {transformation: [-0.8838f,-0.3812f,-0.2713f,-0.6195f,-0.3859f,0.9218f,-0.038f,0.273f,0.2646f,0.0711f,-0.9617f,0.4767f,0f,0f,0f,1f],start_interpolation: 0,interpolation_duration: 1}
$data merge entity $(bone_leg_back_right4) {transformation: [-0.6523f,-0.234f,0.721f,-1.177f,-0.3133f,0.9493f,0.0247f,0.0326f,-0.6902f,-0.2098f,-0.6925f,-0.9759f,0f,0f,0f,1f],start_interpolation: 0,interpolation_duration: 1}
$data merge entity $(bone_leg_back_right3) {transformation: [-0.8158f,-0.1333f,0.5627f,-0.9985f,-0.1904f,0.9807f,-0.0437f,0.0743f,-0.546f,-0.1428f,-0.8255f,-0.8564f,0f,0f,0f,1f],start_interpolation: 0,interpolation_duration: 1}
$data merge entity $(bone_leg_back_right2) {transformation: [-0.864f,-0.1182f,0.4895f,-0.6745f,-0.1687f,0.9838f,-0.0601f,0.1375f,-0.4744f,-0.1345f,-0.8699f,-0.6785f,0f,0f,0f,1f],start_interpolation: 0,interpolation_duration: 1}
$data merge entity $(bone_leg_back_right) {transformation: [-0.8993f,-0.2292f,0.3725f,-0.5902f,-0.2777f,0.9572f,-0.0816f,0.1635f,-0.3378f,-0.1769f,-0.9244f,-0.6468f,0f,0f,0f,1f],start_interpolation: 0,interpolation_duration: 1}
data modify entity @s data merge value {"cameras":{},"locators":{"target":{"px":0.017612728507944472,"py":0.967021374467059,"pz":1.5292283078040798,"ry":359.98572657519526,"rx":-0.8213136957748581},"body":{"px":0.0150518744457892,"py":0.8196559987991575,"pz":-0.03131907631494467,"ry":359.98572657519526,"rx":-0.8213136957748581},"head":{"px":0.02973768532035865,"py":2.6608042643850496,"pz":1.285752342757476,"ry":359.84455962461027,"rx":3.481239676611081},"mouth":{"px":0.03585275869042434,"py":2.0586903000134993,"pz":1.4056460656392609,"ry":359.84455962461027,"rx":3.481239676611081},"special":{"px":0.03585275869042434,"py":2.0586903000134993,"pz":1.4056460656392609,"ry":359.84455962461027,"rx":3.481239676611081},"face":{"px":0.033759061457941573,"py":2.3748444144697434,"pz":1.869456713796768,"ry":359.84455962461027,"rx":3.481239676611081},"eye1":{"px":-0.311178985304014,"py":2.394301967126883,"pz":1.4066168776975585,"ry":359.795327018129,"rx":8.481000074852343},"eye2":{"px":0.3762869024852446,"py":2.4009935593022513,"pz":1.4051588926890175,"ry":359.795327018129,"rx":8.481000074852343},"horn":{"px":0.029220870584786496,"py":2.7761634039748615,"pz":1.571519214421473,"ry":359.795327018129,"rx":8.481000074852343},"physical":{"px":0.029220870584786496,"py":2.7761634039748615,"pz":1.571519214421473,"ry":359.795327018129,"rx":8.481000074852343},"jaw_upper":{"px":0.03639709700020738,"py":2.0639526997988105,"pz":1.6864636667951634,"ry":359.795327018129,"rx":8.481000074852343},"jaw_lower":{"px":0.03562576267572208,"py":2.144542129934106,"pz":1.6926403859612709,"ry":359.84455962461027,"rx":3.481239676611081},"tail_tip":{"px":0.007265185881565119,"py":0.3715678775611888,"pz":-1.5228296372979808,"ry":0.23621022074931375,"rx":13.34604304327286}}}
function animated_java:lapras/animations/surfacewater_idle/zzz/frames/on_tick/transform_floating_entities