# This file was generated by Animated Java via MC-Build. It is not recommended to edit this file directly.
$data merge entity $(bone_shell2) {transformation: [-1.1977f,0.0199f,-0.0049f,0.0246f,0.0205f,1.1626f,-0.288f,1.1151f,0f,-0.288f,-1.1628f,-0.4952f,0f,0f,0f,1f],start_interpolation: 0,interpolation_duration: 1}
$data merge entity $(bone_shell) {transformation: [-1.2602f,0.0215f,-0.0024f,0.0225f,0.0216f,1.2523f,-0.1407f,0.9939f,0f,-0.1408f,-1.2525f,0.5247f,0f,0f,0f,1f],start_interpolation: 0,interpolation_duration: 1}
$data merge entity $(bone_pupil_right2) {transformation: [-0.9999f,-0.0095f,-0.0038f,-0.3115f,-0.01f,0.9885f,0.1511f,2.4063f,0.0023f,0.1511f,-0.9885f,1.395f,0f,0f,0f,1f],start_interpolation: 0,interpolation_duration: 1}
$data merge entity $(bone_pupil_right) {transformation: [-0.9999f,-0.0095f,-0.0038f,-0.3103f,-0.01f,0.9885f,0.1511f,2.4003f,0.0023f,0.1511f,-0.9885f,1.3308f,0f,0f,0f,1f],start_interpolation: 0,interpolation_duration: 1}
$data merge entity $(bone_eyelid_right) {transformation: [-0.9999f,-0.0095f,-0.0038f,-0.2743f,-0.01f,0.9885f,0.1511f,2.4316f,0.0023f,0.1511f,-0.9885f,1.3355f,0f,0f,0f,1f],start_interpolation: 0,interpolation_duration: 1}
$data merge entity $(bone_eye_right) {transformation: [-0.9999f,-0.0095f,-0.0038f,-0.3106f,-0.01f,0.9885f,0.1511f,2.4312f,0.0023f,0.1511f,-0.9885f,1.3355f,0f,0f,0f,1f],start_interpolation: 0,interpolation_duration: 1}
$data merge entity $(bone_pupil_left2) {transformation: [-0.9999f,-0.0095f,-0.0038f,0.381f,-0.01f,0.9885f,0.1511f,2.4132f,0.0023f,0.1511f,-0.9885f,1.3934f,0f,0f,0f,1f],start_interpolation: 0,interpolation_duration: 1}
$data merge entity $(bone_pupil_left) {transformation: [-0.9999f,-0.0095f,-0.0038f,0.3797f,-0.01f,0.9885f,0.1511f,2.4072f,0.0023f,0.1511f,-0.9885f,1.3292f,0f,0f,0f,1f],start_interpolation: 0,interpolation_duration: 1}
$data merge entity $(bone_eyelid_left) {transformation: [-0.9999f,-0.0095f,-0.0038f,0.3431f,-0.01f,0.9885f,0.1511f,2.4377f,0.0023f,0.1511f,-0.9885f,1.334f,0f,0f,0f,1f],start_interpolation: 0,interpolation_duration: 1}
$data merge entity $(bone_eye_left) {transformation: [-0.9999f,-0.0095f,-0.0038f,0.3794f,-0.01f,0.9885f,0.1511f,2.4381f,0.0023f,0.1511f,-0.9885f,1.334f,0f,0f,0f,1f],start_interpolation: 0,interpolation_duration: 1}
$data merge entity $(bone_muzzle2) {transformation: [-0.9999f,-0.0091f,-0.0046f,0.0342f,-0.01f,0.9715f,0.2367f,2.5026f,0.0023f,0.2367f,-0.9716f,1.565f,0f,0f,0f,1f],start_interpolation: 0,interpolation_duration: 1}
$data merge entity $(bone_muzzle) {transformation: [-0.9999f,-0.0095f,-0.0038f,0.0319f,-0.01f,0.9885f,0.1511f,2.6734f,0.0023f,0.1511f,-0.9885f,1.275f,0f,0f,0f,1f],start_interpolation: 0,interpolation_duration: 1}
$data merge entity $(bone_tongue) {transformation: [-0.9999f,-0.0098f,-0.0029f,0.037f,-0.01f,0.9979f,0.0644f,2.1452f,0.0023f,0.0644f,-0.9979f,1.2096f,0f,0f,0f,1f],start_interpolation: 0,interpolation_duration: 1}
$data merge entity $(bone_jaw) {transformation: [-0.9999f,-0.0098f,-0.0029f,0.0368f,-0.01f,0.9979f,0.0644f,2.1744f,0.0023f,0.0644f,-0.9979f,1.2428f,0f,0f,0f,1f],start_interpolation: 0,interpolation_duration: 1}
$data merge entity $(bone_ear_left) {transformation: [-0.9216f,-0.0491f,-0.3849f,0.3826f,-0.0701f,0.9967f,0.0407f,2.538f,0.3817f,0.0644f,-0.9221f,0.9991f,0f,0f,0f,1f],start_interpolation: 0,interpolation_duration: 1}
$data merge entity $(bone_ear_right) {transformation: [-0.9246f,0.0295f,0.3798f,-0.3174f,0.0517f,0.9975f,0.0483f,2.5311f,-0.3774f,0.0643f,-0.9238f,1.0007f,0f,0f,0f,1f],start_interpolation: 0,interpolation_duration: 1}
$data merge entity $(bone_head_angle) {transformation: [-0.9999f,-0.0098f,-0.0029f,0.0355f,-0.01f,0.9979f,0.0644f,2.276f,0.0023f,0.0644f,-0.9979f,1.1241f,0f,0f,0f,1f],start_interpolation: 0,interpolation_duration: 1}
$data merge entity $(bone_neck3) {transformation: [-0.9999f,0.0165f,-0.0024f,0.0234f,0.0165f,0.9998f,0.011f,1.5584f,0.0026f,0.011f,-0.9999f,1.0225f,0f,0f,0f,1f],start_interpolation: 0,interpolation_duration: 1}
$data merge entity $(bone_neck2) {transformation: [-0.9999f,0.0109f,-0.0014f,0.0187f,0.0107f,0.9974f,0.0712f,1.1187f,0.0022f,0.0712f,-0.9975f,1.0381f,0f,0f,0f,1f],start_interpolation: 0,interpolation_duration: 1}
$data merge entity $(bone_chest2) {transformation: [-0.9999f,0.0108f,0.002f,0.0086f,0.0107f,0.9264f,0.3764f,0.1846f,0.0022f,0.3764f,-0.9265f,1.0127f,0f,0f,0f,1f],start_interpolation: 0,interpolation_duration: 1}
$data merge entity $(bone_chest) {transformation: [-0.9999f,0.0162f,-0.0055f,0.0054f,0.0171f,0.9468f,-0.3214f,-0.0056f,0f,-0.3214f,-0.9469f,0.5493f,0f,0f,0f,1f],start_interpolation: 0,interpolation_duration: 1}
$data merge entity $(bone_tail2) {transformation: [-0.9999f,0.0167f,0.0037f,0.0102f,0.0171f,0.9765f,0.2147f,0.2778f,0f,0.2147f,-0.9767f,-1.1539f,0f,0f,0f,1f],start_interpolation: 0,interpolation_duration: 1}
$data merge entity $(bone_tail) {transformation: [-0.9999f,0.0171f,0.0002f,0.0145f,0.0171f,0.9998f,0.0092f,0.5243f,0f,0.0092f,-1f,-0.7766f,0f,0f,0f,1f],start_interpolation: 0,interpolation_duration: 1}
$data merge entity $(bone_torso) {transformation: [-0.9999f,0.0171f,-0.0004f,0.0153f,0.0171f,0.9995f,-0.0246f,0.5724f,0f,-0.0246f,-0.9997f,-0.0901f,0f,0f,0f,1f],start_interpolation: 0,interpolation_duration: 1}
$data merge entity $(bone_leg_front_left4) {transformation: [-0.9784f,0.0573f,-0.1985f,1.8109f,0.0554f,0.9984f,0.0147f,-0.1063f,0.1991f,0.0034f,-0.98f,0.6166f,0f,0f,0f,1f],start_interpolation: 0,interpolation_duration: 1}
$data merge entity $(bone_leg_front_left3) {transformation: [-0.9901f,0.1381f,-0.0256f,1.4108f,0.1381f,0.9904f,0.0049f,-0.0348f,0.0261f,0.0013f,-0.9997f,0.6272f,0f,0f,0f,1f],start_interpolation: 0,interpolation_duration: 1}
$data merge entity $(bone_leg_front_left2) {transformation: [-0.9471f,0.2855f,0.1467f,0.8233f,0.2858f,0.9581f,-0.0192f,0.1589f,-0.146f,0.0238f,-0.989f,0.5363f,0f,0f,0f,1f],start_interpolation: 0,interpolation_duration: 1}
$data merge entity $(bone_leg_front_left) {transformation: [-0.8614f,0.4309f,0.2691f,0.6349f,0.4326f,0.8998f,-0.0563f,0.2535f,-0.2664f,0.0679f,-0.9615f,0.478f,0f,0f,0f,1f],start_interpolation: 0,interpolation_duration: 1}
$data merge entity $(bone_leg_back_left4) {transformation: [-0.6542f,0.221f,-0.7233f,1.1861f,0.2907f,0.9564f,0.0292f,0.005f,0.6982f,-0.1912f,-0.6899f,-0.9755f,0f,0f,0f,1f],start_interpolation: 0,interpolation_duration: 1}
$data merge entity $(bone_leg_back_left3) {transformation: [-0.8147f,0.1325f,-0.5646f,1.0079f,0.1836f,0.9824f,-0.0344f,0.0452f,0.5501f,-0.1317f,-0.8247f,-0.8551f,0f,0f,0f,1f],start_interpolation: 0,interpolation_duration: 1}
$data merge entity $(bone_leg_back_left2) {transformation: [-0.8604f,0.1351f,-0.4914f,0.6852f,0.1829f,0.9818f,-0.0503f,0.1138f,0.4757f,-0.1331f,-0.8695f,-0.6767f,0f,0f,0f,1f],start_interpolation: 0,interpolation_duration: 1}
$data merge entity $(bone_leg_back_left) {transformation: [-0.8905f,0.2579f,-0.3749f,0.6017f,0.3059f,0.9492f,-0.0737f,0.1425f,0.3369f,-0.1803f,-0.9241f,-0.6452f,0f,0f,0f,1f],start_interpolation: 0,interpolation_duration: 1}
$data merge entity $(bone_leg_front_right4) {transformation: [-0.9797f,-0.023f,0.1989f,-1.8025f,-0.0219f,0.9997f,0.0079f,-0.0444f,-0.1991f,0.0034f,-0.98f,0.6166f,0f,0f,0f,1f],start_interpolation: 0,interpolation_duration: 1}
$data merge entity $(bone_leg_front_right3) {transformation: [-0.9942f,-0.1041f,0.0258f,-1.4002f,-0.104f,0.9946f,0.004f,0.0134f,-0.0261f,0.0013f,-0.9997f,0.6272f,0f,0f,0f,1f],start_interpolation: 0,interpolation_duration: 1}
$data merge entity $(bone_leg_front_right2) {transformation: [-0.9563f,-0.2525f,-0.1473f,-0.8065f,-0.2532f,0.9673f,-0.0141f,0.1868f,0.146f,0.0238f,-0.989f,0.5363f,0f,0f,0f,1f],start_interpolation: 0,interpolation_duration: 1}
$data merge entity $(bone_leg_front_right) {transformation: [-0.8757f,-0.3998f,-0.2708f,-0.6149f,-0.4028f,0.9141f,-0.047f,0.2749f,0.2664f,0.0679f,-0.9615f,0.478f,0f,0f,0f,1f],start_interpolation: 0,interpolation_duration: 1}
$data merge entity $(bone_leg_back_right4) {transformation: [-0.6638f,-0.188f,0.7239f,-1.1743f,-0.2681f,0.9634f,0.0044f,0.0455f,-0.6982f,-0.1912f,-0.6899f,-0.9755f,0f,0f,0f,1f],start_interpolation: 0,interpolation_duration: 1}
$data merge entity $(bone_leg_back_right3) {transformation: [-0.8205f,-0.0987f,0.5631f,-0.9948f,-0.1555f,0.9864f,-0.0538f,0.0795f,-0.5501f,-0.1317f,-0.8247f,-0.8551f,0f,0f,0f,1f],start_interpolation: 0,interpolation_duration: 1}
$data merge entity $(bone_leg_back_right2) {transformation: [-0.8661f,-0.1013f,0.4894f,-0.67f,-0.1533f,0.9859f,-0.0671f,0.137f,-0.4757f,-0.1331f,-0.8695f,-0.6767f,0f,0f,0f,1f],start_interpolation: 0,interpolation_duration: 1}
$data merge entity $(bone_leg_back_right) {transformation: [-0.9004f,-0.2252f,0.3722f,-0.5856f,-0.2752f,0.9575f,-0.0865f,0.1628f,-0.3369f,-0.1803f,-0.9241f,-0.6452f,0f,0f,0f,1f],start_interpolation: 0,interpolation_duration: 1}
data modify entity @s data merge value {"cameras":{},"locators":{"target":{"posx":0.02220889617961648,"posy":0.9765374368555851,"posz":1.527876961180795,"roty":359.9823391861984,"rotx":-1.0299247563191831},"body":{"posx":0.019584782953955097,"posy":0.8234906758847598,"posz":-0.032123376314719204,"roty":359.9823391861984,"rotx":-1.0299247563191831},"head":{"posx":0.03187610107732253,"posy":2.673353416746951,"posz":1.2749974205078156,"roty":359.83187964854295,"rotx":3.6913273482923405},"mouth":{"posx":0.03814559862988071,"posy":2.07080514771518,"posz":1.392680902302226,"roty":359.83187964854295,"rotx":3.6913273482923405},"special":{"posx":0.03814559862988071,"posy":2.07080514771518,"posz":1.392680902302226,"roty":359.83187964854295,"rotx":3.6913273482923405},"face":{"posx":0.03608014448059365,"posy":2.3852557373953243,"posz":1.8576483049757542,"roty":359.83187964854295,"rotx":3.6913273482923405},"eye1":{"posx":-0.30895813315332504,"posy":2.4063360644952634,"posz":1.394954266634563,"roty":359.7814765350254,"rotx":8.691076414393825},"eye2":{"posx":0.37850598166696503,"posy":2.4131813847154437,"posz":1.393378695170561,"roty":359.7814765350254,"rotx":8.691076414393825},"horn":{"posx":0.03139377705332454,"posy":2.78766366942645,"posz":1.5611855345532542,"roty":359.7814765350254,"rotx":8.691076414393825},"physical":{"posx":0.03139377705332454,"posy":2.78766366942645,"posz":1.5611855345532542,"roty":359.7814765350254,"rotx":8.691076414393825},"jaw_upper":{"posx":0.038747087042290775,"posy":2.0750377831513562,"posz":1.6735157955822555,"roty":359.7814765350254,"rotx":8.691076414393825},"jaw_lower":{"posx":0.03795969638049358,"posy":2.155603850971678,"posz":1.6799881829119767,"roty":359.83187964854295,"rotx":3.6913273482923405},"tail_tip":{"posx":0.011608365058458948,"posy":0.3582802150260561,"posz":-1.5201799330360086,"roty":0.21593911007130373,"rotx":12.397083531121535}}}