# This file was generated by Animated Java via MC-Build. It is not recommended to edit this file directly.
$data merge entity $(bone_shell2) {transformation: [-1.1979f,-0.0097f,0.0028f,0.0365f,-0.0101f,1.1509f,-0.3322f,1.1387f,0f,-0.3322f,-1.1509f,-0.5058f,0f,0f,0f,1f],start_interpolation: 0,interpolation_duration: 1}
$data merge entity $(bone_shell) {transformation: [-1.2604f,-0.0105f,0.0016f,0.0372f,-0.0106f,1.2462f,-0.1884f,1.0564f,0f,-0.1884f,-1.2462f,0.518f,0f,0f,0f,1f],start_interpolation: 0,interpolation_duration: 1}
$data merge entity $(bone_pupil_right2) {transformation: [-1f,0.0011f,0f,-0.3386f,0.0011f,0.9861f,0.166f,2.492f,0.0002f,0.166f,-0.9861f,1.3123f,0f,0f,0f,1f],start_interpolation: 0,interpolation_duration: 1}
$data merge entity $(bone_pupil_right) {transformation: [-1f,0.0011f,0f,-0.3374f,0.0011f,0.9861f,0.166f,2.487f,0.0002f,0.166f,-0.9861f,1.2481f,0f,0f,0f,1f],start_interpolation: 0,interpolation_duration: 1}
$data merge entity $(bone_eyelid_right) {transformation: [-1f,0.0011f,0f,-0.3011f,0.0011f,0.9861f,0.166f,2.5178f,0.0002f,0.166f,-0.9861f,1.2533f,0f,0f,0f,1f],start_interpolation: 0,interpolation_duration: 1}
$data merge entity $(bone_eye_right) {transformation: [-1f,0.0011f,0f,-0.3373f,0.0011f,0.9861f,0.166f,2.5178f,0.0002f,0.166f,-0.9861f,1.2533f,0f,0f,0f,1f],start_interpolation: 0,interpolation_duration: 1}
$data merge entity $(bone_pupil_left2) {transformation: [-1f,0.0011f,0f,0.3539f,0.0011f,0.9861f,0.166f,2.4913f,0.0002f,0.166f,-0.9861f,1.3122f,0f,0f,0f,1f],start_interpolation: 0,interpolation_duration: 1}
$data merge entity $(bone_pupil_left) {transformation: [-1f,0.0011f,0f,0.3526f,0.0011f,0.9861f,0.166f,2.4863f,0.0002f,0.166f,-0.9861f,1.248f,0f,0f,0f,1f],start_interpolation: 0,interpolation_duration: 1}
$data merge entity $(bone_eyelid_left) {transformation: [-1f,0.0011f,0f,0.3164f,0.0011f,0.9861f,0.166f,2.5171f,0.0002f,0.166f,-0.9861f,1.2532f,0f,0f,0f,1f],start_interpolation: 0,interpolation_duration: 1}
$data merge entity $(bone_eye_left) {transformation: [-1f,0.0011f,0f,0.3527f,0.0011f,0.9861f,0.166f,2.5171f,0.0002f,0.166f,-0.9861f,1.2532f,0f,0f,0f,1f],start_interpolation: 0,interpolation_duration: 1}
$data merge entity $(bone_muzzle2) {transformation: [-1f,0.0011f,0.0001f,0.0078f,0.0011f,0.9679f,0.2513f,2.5819f,0.0002f,0.2513f,-0.9679f,1.4845f,0f,0f,0f,1f],start_interpolation: 0,interpolation_duration: 1}
$data merge entity $(bone_muzzle) {transformation: [-1f,0.0011f,0f,0.0079f,0.0011f,0.9861f,0.166f,2.757f,0.0002f,0.166f,-0.9861f,1.1971f,0f,0f,0f,1f],start_interpolation: 0,interpolation_duration: 1}
$data merge entity $(bone_tongue) {transformation: [-1f,0.0011f,-0.0001f,0.0073f,0.0011f,0.9968f,0.0794f,2.23f,0.0002f,0.0794f,-0.9968f,1.1237f,0f,0f,0f,1f],start_interpolation: 0,interpolation_duration: 1}
$data merge entity $(bone_jaw) {transformation: [-1f,0.0011f,-0.0001f,0.0074f,0.0011f,0.9968f,0.0794f,2.2586f,0.0002f,0.0794f,-0.9968f,1.1574f,0f,0f,0f,1f],start_interpolation: 0,interpolation_duration: 1}
$data merge entity $(bone_ear_left) {transformation: [-0.9235f,-0.0292f,-0.3826f,0.3577f,-0.0573f,0.9964f,0.0623f,2.622f,0.3794f,0.0794f,-0.9218f,0.9198f,0f,0f,0f,1f],start_interpolation: 0,interpolation_duration: 1}
$data merge entity $(bone_ear_right) {transformation: [-0.9235f,0.0313f,0.3824f,-0.3423f,0.0592f,0.9964f,0.0614f,2.6228f,-0.3791f,0.0794f,-0.9219f,0.92f,0f,0f,0f,1f],start_interpolation: 0,interpolation_duration: 1}
$data merge entity $(bone_head_angle) {transformation: [-1f,0.0011f,-0.0001f,0.0075f,0.0011f,0.9968f,0.0794f,2.362f,0.0002f,0.0794f,-0.9968f,1.0402f,0f,0f,0f,1f],start_interpolation: 0,interpolation_duration: 1}
$data merge entity $(bone_neck3) {transformation: [-0.9996f,-0.0288f,-0.0002f,0.0281f,-0.0288f,0.9992f,-0.027f,1.6413f,0.001f,-0.027f,-0.9996f,0.9659f,0f,0f,0f,1f],start_interpolation: 0,interpolation_duration: 1}
$data merge entity $(bone_neck2) {transformation: [-0.9999f,-0.0113f,-0.0013f,0.0332f,-0.0113f,0.9999f,0.0094f,1.2034f,0.0011f,0.0095f,-1f,1.0086f,0f,0f,0f,1f],start_interpolation: 0,interpolation_duration: 1}
$data merge entity $(bone_chest2) {transformation: [-0.9999f,-0.0104f,-0.0048f,0.0438f,-0.0113f,0.9459f,0.3243f,0.2693f,0.0011f,0.3243f,-0.9459f,1.0352f,0f,0f,0f,1f],start_interpolation: 0,interpolation_duration: 1}
$data merge entity $(bone_chest) {transformation: [-1f,-0.0078f,0.0031f,0.0456f,-0.0084f,0.9315f,-0.3635f,0.0585f,0f,-0.3635f,-0.9316f,0.5808f,0f,0f,0f,1f],start_interpolation: 0,interpolation_duration: 1}
$data merge entity $(bone_tail2) {transformation: [-1f,-0.0084f,-0.0006f,0.0439f,-0.0084f,0.9973f,0.0735f,0.2576f,0f,0.0735f,-0.9973f,-1.1177f,0f,0f,0f,1f],start_interpolation: 0,interpolation_duration: 1}
$data merge entity $(bone_tail) {transformation: [-1f,-0.0084f,0.0007f,0.0415f,-0.0084f,0.9966f,-0.082f,0.5374f,0f,-0.082f,-0.9966f,-0.7644f,0f,0f,0f,1f],start_interpolation: 0,interpolation_duration: 1}
$data merge entity $(bone_torso) {transformation: [-1f,-0.0084f,0.0005f,0.0409f,-0.0084f,0.998f,-0.0628f,0.6118f,0f,-0.0628f,-0.998f,-0.0802f,0f,0f,0f,1f],start_interpolation: 0,interpolation_duration: 1}
$data merge entity $(bone_leg_front_left4) {transformation: [-0.9765f,0.1087f,-0.1862f,1.7657f,0.1043f,0.994f,0.0335f,-0.2592f,0.1887f,0.0133f,-0.9819f,0.6412f,0f,0f,0f,1f],start_interpolation: 0,interpolation_duration: 1}
$data merge entity $(bone_leg_front_left3) {transformation: [-0.9503f,0.3109f,-0.0138f,1.3845f,0.3107f,0.9504f,0.0149f,-0.1181f,0.0178f,0.0099f,-0.9998f,0.6486f,0f,0f,0f,1f],start_interpolation: 0,interpolation_duration: 1}
$data merge entity $(bone_leg_front_left2) {transformation: [-0.8732f,0.4633f,0.1514f,0.846f,0.463f,0.8855f,-0.0393f,0.1851f,-0.1523f,0.0358f,-0.9877f,0.5539f,0f,0f,0f,1f],start_interpolation: 0,interpolation_duration: 1}
$data merge entity $(bone_leg_front_left) {transformation: [-0.811f,0.5221f,0.2641f,0.6686f,0.5155f,0.8511f,-0.0994f,0.2979f,-0.2767f,0.0555f,-0.9594f,0.4934f,0f,0f,0f,1f],start_interpolation: 0,interpolation_duration: 1}
$data merge entity $(bone_leg_back_left4) {transformation: [-0.6824f,-0.0183f,-0.7307f,1.2262f,0.0343f,0.9978f,-0.057f,0.0786f,0.7302f,-0.0639f,-0.6803f,-0.9617f,0f,0f,0f,1f],start_interpolation: 0,interpolation_duration: 1}
$data merge entity $(bone_leg_back_left3) {transformation: [-0.8246f,-0.0032f,-0.5657f,1.0458f,0.0393f,0.9972f,-0.063f,0.0872f,0.5644f,-0.0742f,-0.8222f,-0.8382f,0f,0f,0f,1f],start_interpolation: 0,interpolation_duration: 1}
$data merge entity $(bone_leg_back_left2) {transformation: [-0.8643f,0.1058f,-0.4917f,0.7217f,0.1583f,0.9852f,-0.0662f,0.1465f,0.4774f,-0.1351f,-0.8682f,-0.6592f,0f,0f,0f,1f],start_interpolation: 0,interpolation_duration: 1}
$data merge entity $(bone_leg_back_left) {transformation: [-0.889f,0.2633f,-0.3747f,0.6383f,0.3162f,0.9448f,-0.0863f,0.1762f,0.3312f,-0.1952f,-0.9231f,-0.6281f,0f,0f,0f,1f],start_interpolation: 0,interpolation_duration: 1}
$data merge entity $(bone_leg_front_right4) {transformation: [-0.9746f,-0.1254f,0.1856f,-1.669f,-0.1207f,0.992f,0.0366f,-0.288f,-0.1887f,0.0133f,-0.9819f,0.6412f,0f,0f,0f,1f],start_interpolation: 0,interpolation_duration: 1}
$data merge entity $(bone_leg_front_right3) {transformation: [-0.945f,-0.3269f,0.0136f,-1.2902f,-0.3267f,0.945f,0.0151f,-0.1406f,-0.0178f,0.0099f,-0.9998f,0.6486f,0f,0f,0f,1f],start_interpolation: 0,interpolation_duration: 1}
$data merge entity $(bone_leg_front_right2) {transformation: [-0.8653f,-0.4781f,-0.1507f,-0.7569f,-0.4776f,0.8776f,-0.0418f,0.1716f,0.1523f,0.0358f,-0.9877f,0.5539f,0f,0f,0f,1f],start_interpolation: 0,interpolation_duration: 1}
$data merge entity $(bone_leg_front_right) {transformation: [-0.8022f,-0.5363f,-0.2624f,-0.5814f,-0.5291f,0.8422f,-0.1038f,0.2874f,0.2767f,0.0555f,-0.9594f,0.4934f,0f,0f,0f,1f],start_interpolation: 0,interpolation_duration: 1}
$data merge entity $(bone_leg_back_right4) {transformation: [-0.6817f,0.0015f,0.7316f,-1.1352f,-0.0457f,0.998f,-0.0447f,0.0587f,-0.7302f,-0.0639f,-0.6803f,-0.9617f,0f,0f,0f,1f],start_interpolation: 0,interpolation_duration: 1}
$data merge entity $(bone_leg_back_right3) {transformation: [-0.8238f,-0.0135f,0.5667f,-0.955f,-0.0532f,0.9971f,-0.0535f,0.0704f,-0.5644f,-0.0742f,-0.8222f,-0.8382f,0f,0f,0f,1f],start_interpolation: 0,interpolation_duration: 1}
$data merge entity $(bone_leg_back_right2) {transformation: [-0.8615f,-0.1224f,0.4927f,-0.6319f,-0.1728f,0.9832f,-0.0579f,0.1352f,-0.4774f,-0.1351f,-0.8682f,-0.6592f,0f,0f,0f,1f],start_interpolation: 0,interpolation_duration: 1}
$data merge entity $(bone_leg_back_right) {transformation: [-0.8835f,-0.2792f,0.3761f,-0.5491f,-0.3311f,0.9402f,-0.08f,0.1662f,-0.3312f,-0.1952f,-0.9231f,-0.6281f,0f,0f,0f,1f],start_interpolation: 0,interpolation_duration: 1}
data modify entity @s data merge value {"cameras":{},"locators":{"target":{"posx":0.037295012636290044,"posy":1.0415844581581786,"posz":1.5311449310237588,"roty":0.01632290679287962,"rotx":-1.940522829114385},"body":{"posx":0.03879030389129095,"posy":0.8637511303174015,"posz":-0.026226033651368615,"roty":0.01632290679287962,"rotx":-1.940522829114385},"head":{"posx":0.007894579575628011,"posy":2.757046456843215,"posz":1.1970934266448725,"roty":359.99470086264455,"rotx":4.5557190353502435},"mouth":{"posx":0.00727906134691255,"posy":2.152761991847708,"posz":1.3056891517099207,"roty":359.99470086264455,"rotx":4.5557190353502435},"special":{"posx":0.00727906134691255,"posy":2.152761991847708,"posz":1.3056891517099207,"roty":359.99470086264455,"rotx":4.5557190353502435},"face":{"posx":0.007684665644524691,"posy":2.460179329801117,"posz":1.7753406616732055,"roty":359.99470086264455,"rotx":4.5557190353502435},"eye1":{"posx":-0.3361136432133776,"posy":2.492032359645656,"posz":1.312339934183636,"roty":.00003609750515920496,"rotx":9.555716233686049},"eye2":{"posx":0.3513859669533699,"posy":2.4913103132335457,"posz":1.3122188162708996,"roty":.00003609750515920496,"rotx":9.555716233686049},"horn":{"posx":0.008060808669474721,"posy":2.8670328348426533,"posz":1.4849713037862968,"roty":.00003609750515920496,"rotx":9.555716233686049},"physical":{"posx":0.008060808669474721,"posy":2.8670328348426533,"posz":1.4849713037862968,"roty":.00003609750515920496,"rotx":9.555716233686049},"jaw_upper":{"posx":0.00732853863255183,"posy":2.1527585821194535,"posz":1.5865565791824265,"roty":.00003609750515920496,"rotx":9.555716233686049},"jaw_lower":{"posx":0.0074143990481350015,"posy":2.23322184055891,"posz":1.5942416123718897,"roty":359.99470086264455,"rotx":4.5557190353502435},"tail_tip":{"posx":0.04365570912951249,"posy":0.28511389030596324,"posz":-1.4916423579183915,"roty":359.96451161120535,"rotx":4.2129851059625985}}}
