# This file was generated by Animated Java via MC-Build. It is not recommended to edit this file directly.
$data merge entity $(bone_shell2) {transformation: [-1.1979f,-0.0102f,0.003f,0.0353f,-0.0106f,1.1505f,-0.3334f,1.1406f,0f,-0.3334f,-1.1506f,-0.5055f,0f,0f,0f,1f],start_interpolation: 0,interpolation_duration: 1}
$data merge entity $(bone_shell) {transformation: [-1.2604f,-0.0111f,0.0017f,0.036f,-0.0112f,1.246f,-0.1897f,1.0595f,0f,-0.1898f,-1.2461f,0.5184f,0f,0f,0f,1f],start_interpolation: 0,interpolation_duration: 1}
$data merge entity $(bone_pupil_right2) {transformation: [-1f,0.0014f,0.0002f,-0.3399f,0.0014f,0.9861f,0.1662f,2.4958f,0f,0.1662f,-0.9861f,1.3086f,0f,0f,0f,1f],start_interpolation: 0,interpolation_duration: 1}
$data merge entity $(bone_pupil_right) {transformation: [-1f,0.0014f,0.0002f,-0.3387f,0.0014f,0.9861f,0.1662f,2.4908f,0f,0.1662f,-0.9861f,1.2444f,0f,0f,0f,1f],start_interpolation: 0,interpolation_duration: 1}
$data merge entity $(bone_eyelid_right) {transformation: [-1f,0.0014f,0.0002f,-0.3024f,0.0014f,0.9861f,0.1662f,2.5215f,0f,0.1662f,-0.9861f,1.2496f,0f,0f,0f,1f],start_interpolation: 0,interpolation_duration: 1}
$data merge entity $(bone_eye_right) {transformation: [-1f,0.0014f,0.0002f,-0.3386f,0.0014f,0.9861f,0.1662f,2.5216f,0f,0.1662f,-0.9861f,1.2496f,0f,0f,0f,1f],start_interpolation: 0,interpolation_duration: 1}
$data merge entity $(bone_pupil_left2) {transformation: [-1f,0.0014f,0.0002f,0.3526f,0.0014f,0.9861f,0.1662f,2.4948f,0f,0.1662f,-0.9861f,1.3086f,0f,0f,0f,1f],start_interpolation: 0,interpolation_duration: 1}
$data merge entity $(bone_pupil_left) {transformation: [-1f,0.0014f,0.0002f,0.3513f,0.0014f,0.9861f,0.1662f,2.4898f,0f,0.1662f,-0.9861f,1.2443f,0f,0f,0f,1f],start_interpolation: 0,interpolation_duration: 1}
$data merge entity $(bone_eyelid_left) {transformation: [-1f,0.0014f,0.0002f,0.3151f,0.0014f,0.9861f,0.1662f,2.5207f,0f,0.1662f,-0.9861f,1.2495f,0f,0f,0f,1f],start_interpolation: 0,interpolation_duration: 1}
$data merge entity $(bone_eye_left) {transformation: [-1f,0.0014f,0.0002f,0.3514f,0.0014f,0.9861f,0.1662f,2.5206f,0f,0.1662f,-0.9861f,1.2495f,0f,0f,0f,1f],start_interpolation: 0,interpolation_duration: 1}
$data merge entity $(bone_muzzle2) {transformation: [-1f,0.0013f,0.0003f,0.0065f,0.0014f,0.9678f,0.2515f,2.5855f,0f,0.2515f,-0.9678f,1.4808f,0f,0f,0f,1f],start_interpolation: 0,interpolation_duration: 1}
$data merge entity $(bone_muzzle) {transformation: [-1f,0.0014f,0.0002f,0.0067f,0.0014f,0.9861f,0.1662f,2.7607f,0f,0.1662f,-0.9861f,1.1935f,0f,0f,0f,1f],start_interpolation: 0,interpolation_duration: 1}
$data merge entity $(bone_tongue) {transformation: [-1f,0.0014f,0.0001f,0.006f,0.0014f,0.9968f,0.0797f,2.2336f,0f,0.0797f,-0.9968f,1.12f,0f,0f,0f,1f],start_interpolation: 0,interpolation_duration: 1}
$data merge entity $(bone_jaw) {transformation: [-1f,0.0014f,0.0001f,0.006f,0.0014f,0.9968f,0.0797f,2.2623f,0f,0.0797f,-0.9968f,1.1536f,0f,0f,0f,1f],start_interpolation: 0,interpolation_duration: 1}
$data merge entity $(bone_ear_left) {transformation: [-0.9235f,-0.0301f,-0.3825f,0.3565f,-0.0582f,0.9964f,0.0621f,2.6256f,0.3792f,0.0796f,-0.9219f,0.9162f,0f,0f,0f,1f],start_interpolation: 0,interpolation_duration: 1}
$data merge entity $(bone_ear_right) {transformation: [-0.9234f,0.0328f,0.3825f,-0.3435f,0.0607f,0.9963f,0.0611f,2.6266f,-0.3791f,0.0796f,-0.9219f,0.9163f,0f,0f,0f,1f],start_interpolation: 0,interpolation_duration: 1}
$data merge entity $(bone_head_angle) {transformation: [-1f,0.0014f,0.0001f,0.0062f,0.0014f,0.9968f,0.0797f,2.3657f,0f,0.0797f,-0.9968f,1.0365f,0f,0f,0f,1f],start_interpolation: 0,interpolation_duration: 1}
$data merge entity $(bone_neck3) {transformation: [-0.9996f,-0.029f,-0.0001f,0.027f,-0.029f,0.9991f,-0.0294f,1.6448f,0.0009f,-0.0294f,-0.9996f,0.9639f,0f,0f,0f,1f],start_interpolation: 0,interpolation_duration: 1}
$data merge entity $(bone_neck2) {transformation: [-0.9999f,-0.0116f,-0.0011f,0.0321f,-0.0116f,0.9999f,0.0066f,1.2071f,0.0011f,0.0066f,-1f,1.0079f,0f,0f,0f,1f],start_interpolation: 0,interpolation_duration: 1}
$data merge entity $(bone_chest2) {transformation: [-0.9999f,-0.0106f,-0.0047f,0.043f,-0.0116f,0.9465f,0.3224f,0.273f,0.0011f,0.3224f,-0.9466f,1.0364f,0f,0f,0f,1f],start_interpolation: 0,interpolation_duration: 1}
$data merge entity $(bone_chest) {transformation: [-1f,-0.0083f,0.0032f,0.0449f,-0.0089f,0.931f,-0.3648f,0.0616f,0f,-0.3648f,-0.9311f,0.5822f,0f,0f,0f,1f],start_interpolation: 0,interpolation_duration: 1}
$data merge entity $(bone_tail2) {transformation: [-1f,-0.0089f,-0.0006f,0.0431f,-0.0089f,0.9978f,0.0658f,0.258f,0f,0.0658f,-0.9978f,-1.1157f,0f,0f,0f,1f],start_interpolation: 0,interpolation_duration: 1}
$data merge entity $(bone_tail) {transformation: [-1f,-0.0089f,0.0008f,0.0406f,-0.0089f,0.9963f,-0.0856f,0.5391f,0f,-0.0856f,-0.9963f,-0.7635f,0f,0f,0f,1f],start_interpolation: 0,interpolation_duration: 1}
$data merge entity $(bone_torso) {transformation: [-1f,-0.0089f,0.0006f,0.04f,-0.0089f,0.9979f,-0.0638f,0.6142f,0f,-0.0638f,-0.998f,-0.0794f,0f,0f,0f,1f],start_interpolation: 0,interpolation_duration: 1}
$data merge entity $(bone_leg_front_left4) {transformation: [-0.9756f,0.1182f,-0.1849f,1.759f,0.1133f,0.9929f,0.037f,-0.2688f,0.188f,0.0151f,-0.9821f,0.6424f,0f,0f,0f,1f],start_interpolation: 0,interpolation_duration: 1}
$data merge entity $(bone_leg_front_left3) {transformation: [-0.9462f,0.3233f,-0.0127f,1.3797f,0.3231f,0.9462f,0.0167f,-0.1228f,0.0174f,0.0117f,-0.9998f,0.6496f,0f,0f,0f,1f],start_interpolation: 0,interpolation_duration: 1}
$data merge entity $(bone_leg_front_left2) {transformation: [-0.8679f,0.473f,0.1518f,0.8446f,0.4728f,0.8803f,-0.0396f,0.1865f,-0.1524f,0.0374f,-0.9876f,0.555f,0f,0f,0f,1f],start_interpolation: 0,interpolation_duration: 1}
$data merge entity $(bone_leg_front_left) {transformation: [-0.8083f,0.5263f,0.2638f,0.6678f,0.5195f,0.8485f,-0.101f,0.3001f,-0.277f,0.0554f,-0.9593f,0.4944f,0f,0f,0f,1f],start_interpolation: 0,interpolation_duration: 1}
$data merge entity $(bone_leg_back_left4) {transformation: [-0.6822f,-0.0235f,-0.7308f,1.2251f,0.0267f,0.998f,-0.057f,0.079f,0.7307f,-0.0584f,-0.6802f,-0.9606f,0f,0f,0f,1f],start_interpolation: 0,interpolation_duration: 1}
$data merge entity $(bone_leg_back_left3) {transformation: [-0.8245f,-0.0028f,-0.5658f,1.0447f,0.0387f,0.9974f,-0.0614f,0.0874f,0.5645f,-0.0726f,-0.8222f,-0.8371f,0f,0f,0f,1f],start_interpolation: 0,interpolation_duration: 1}
$data merge entity $(bone_leg_back_left2) {transformation: [-0.8637f,0.1102f,-0.4918f,0.7208f,0.1624f,0.9846f,-0.0646f,0.1484f,0.4771f,-0.1357f,-0.8683f,-0.6582f,0f,0f,0f,1f],start_interpolation: 0,interpolation_duration: 1}
$data merge entity $(bone_leg_back_left) {transformation: [-0.8879f,0.2668f,-0.3749f,0.6376f,0.3196f,0.9437f,-0.0852f,0.1783f,0.331f,-0.1955f,-0.9232f,-0.6271f,0f,0f,0f,1f],start_interpolation: 0,interpolation_duration: 1}
$data merge entity $(bone_leg_front_right4) {transformation: [-0.9735f,-0.1358f,0.1842f,-1.6631f,-0.1306f,0.9906f,0.0402f,-0.2992f,-0.188f,0.0151f,-0.9821f,0.6424f,0f,0f,0f,1f],start_interpolation: 0,interpolation_duration: 1}
$data merge entity $(bone_leg_front_right3) {transformation: [-0.9403f,-0.3401f,0.0124f,-1.2864f,-0.3398f,0.9403f,0.0169f,-0.1465f,-0.0174f,0.0117f,-0.9998f,0.6496f,0f,0f,0f,1f],start_interpolation: 0,interpolation_duration: 1}
$data merge entity $(bone_leg_front_right2) {transformation: [-0.8594f,-0.4885f,-0.1511f,-0.7569f,-0.4881f,0.8717f,-0.0423f,0.1722f,0.1524f,0.0374f,-0.9876f,0.555f,0f,0f,0f,1f],start_interpolation: 0,interpolation_duration: 1}
$data merge entity $(bone_leg_front_right) {transformation: [-0.799f,-0.5413f,-0.2619f,-0.5822f,-0.5338f,0.839f,-0.1057f,0.289f,0.277f,0.0554f,-0.9593f,0.4944f,0f,0f,0f,1f],start_interpolation: 0,interpolation_duration: 1}
$data merge entity $(bone_leg_back_right4) {transformation: [-0.6816f,0.0057f,0.7317f,-1.1355f,-0.0388f,0.9983f,-0.044f,0.058f,-0.7307f,-0.0584f,-0.6802f,-0.9606f,0f,0f,0f,1f],start_interpolation: 0,interpolation_duration: 1}
$data merge entity $(bone_leg_back_right3) {transformation: [-0.8237f,-0.0149f,0.5668f,-0.9553f,-0.0534f,0.9973f,-0.0514f,0.0697f,-0.5645f,-0.0726f,-0.8222f,-0.8371f,0f,0f,0f,1f],start_interpolation: 0,interpolation_duration: 1}
$data merge entity $(bone_leg_back_right2) {transformation: [-0.8607f,-0.1277f,0.4929f,-0.6325f,-0.1778f,0.9825f,-0.0558f,0.1363f,-0.4771f,-0.1357f,-0.8683f,-0.6582f,0f,0f,0f,1f],start_interpolation: 0,interpolation_duration: 1}
$data merge entity $(bone_leg_back_right) {transformation: [-0.882f,-0.2835f,0.3763f,-0.5498f,-0.3353f,0.9388f,-0.0785f,0.1678f,-0.331f,-0.1955f,-0.9232f,-0.6271f,0f,0f,0f,1f],start_interpolation: 0,interpolation_duration: 1}
data modify entity @s data merge value {"cameras":{},"locators":{"target":{"px":0.03614295199828586,"py":1.04448139088367,"pz":1.531865006486269,"ry":0.017403105008241937,"rx":-1.9580136359629223},"body":{"px":0.03772716397849806,"py":0.8661731643386155,"pz":-0.0254515691073892,"ry":0.017403105008241937,"rx":-1.9580136359629223},"head":{"px":0.006706891303708484,"py":2.760715319527934,"pz":1.1934665079784106,"ry":0.0034644337674762937,"rx":4.5688304648952975},"mouth":{"px":0.005888666680087817,"py":2.1564062441077487,"pz":1.3019238584589838,"ry":0.0034644337674762937,"rx":4.5688304648952975},"special":{"px":0.005888666680087817,"py":2.1564062441077487,"pz":1.3019238584589838,"ry":0.0034644337674762937,"rx":4.5688304648952975},"face":{"px":0.006330176861120908,"py":2.463715970084196,"pz":1.7716457574471414,"ry":0.0034644337674762937,"rx":4.5688304648952975},"eye1":{"px":-0.33739886984524925,"py":2.4957823628429203,"pz":1.3086083342884136,"ry":0.010387167994821311,"rx":9.568825748179313},"eye2":{"px":0.3501004910460022,"py":2.494845524708347,"pz":1.3085750411911563,"ry":0.010387167994821311,"rx":9.568825748179313},"horn":{"px":0.006870619240271525,"py":2.870635767251388,"pz":1.4813695671675033,"ry":0.010387167994821311,"rx":9.568825748179313},"physical":{"px":0.006870619240271525,"py":2.870635767251388,"pz":1.4813695671675033,"ry":0.010387167994821311,"rx":9.568825748179313},"jaw_upper":{"px":0.0059021758282816715,"py":2.1563385529122554,"pz":1.582791281828189,"ry":0.010387167994821311,"rx":9.568825748179313},"jaw_lower":{"px":0.006012191701849279,"py":2.236800020056564,"pz":1.590494739968641,"ry":0.0034644337674762937,"rx":4.5688304648952975},"tail_tip":{"px":0.04291176088355024,"py":0.28262986897287534,"pz":-1.48988416058275,"ry":359.9664393877501,"rx":3.7718977599133803}}}
function animated_java:lapras/animations/surfacewater_idle/zzz/frames/on_tick/transform_floating_entities