# This file was generated by Animated Java via MC-Build. It is not recommended to edit this file directly.
$data merge entity $(bone_shell2) {transformation: [-1.1978f,-0.0133f,0.0039f,0.0275f,-0.0138f,1.1491f,-0.3382f,1.1535f,0f,-0.3382f,-1.1492f,-0.5021f,0f,0f,0f,1f],start_interpolation: 0,interpolation_duration: 1}
$data merge entity $(bone_shell) {transformation: [-1.2603f,-0.0144f,0.0023f,0.0283f,-0.0145f,1.2452f,-0.195f,1.0766f,0f,-0.195f,-1.2452f,0.5222f,0f,0f,0f,1f],start_interpolation: 0,interpolation_duration: 1}
$data merge entity $(bone_pupil_right2) {transformation: [-1f,0.003f,0.0013f,-0.3477f,0.0032f,0.986f,0.1664f,2.5163f,-0.0008f,0.1664f,-0.9861f,1.2882f,0f,0f,0f,1f],start_interpolation: 0,interpolation_duration: 1}
$data merge entity $(bone_pupil_right) {transformation: [-1f,0.003f,0.0013f,-0.3464f,0.0032f,0.986f,0.1664f,2.5113f,-0.0008f,0.1664f,-0.9861f,1.224f,0f,0f,0f,1f],start_interpolation: 0,interpolation_duration: 1}
$data merge entity $(bone_eyelid_right) {transformation: [-1f,0.003f,0.0013f,-0.3101f,0.0032f,0.986f,0.1664f,2.542f,-0.0008f,0.1664f,-0.9861f,1.2292f,0f,0f,0f,1f],start_interpolation: 0,interpolation_duration: 1}
$data merge entity $(bone_eye_right) {transformation: [-1f,0.003f,0.0013f,-0.3463f,0.0032f,0.986f,0.1664f,2.5421f,-0.0008f,0.1664f,-0.9861f,1.2292f,0f,0f,0f,1f],start_interpolation: 0,interpolation_duration: 1}
$data merge entity $(bone_pupil_left2) {transformation: [-1f,0.003f,0.0013f,0.3448f,0.0032f,0.986f,0.1664f,2.5141f,-0.0008f,0.1664f,-0.9861f,1.2888f,0f,0f,0f,1f],start_interpolation: 0,interpolation_duration: 1}
$data merge entity $(bone_pupil_left) {transformation: [-1f,0.003f,0.0013f,0.3436f,0.0032f,0.986f,0.1664f,2.5091f,-0.0008f,0.1664f,-0.9861f,1.2245f,0f,0f,0f,1f],start_interpolation: 0,interpolation_duration: 1}
$data merge entity $(bone_eyelid_left) {transformation: [-1f,0.003f,0.0013f,0.3074f,0.0032f,0.986f,0.1664f,2.5401f,-0.0008f,0.1664f,-0.9861f,1.2297f,0f,0f,0f,1f],start_interpolation: 0,interpolation_duration: 1}
$data merge entity $(bone_eye_left) {transformation: [-1f,0.003f,0.0013f,0.3437f,0.0032f,0.986f,0.1664f,2.5399f,-0.0008f,0.1664f,-0.9861f,1.2298f,0f,0f,0f,1f],start_interpolation: 0,interpolation_duration: 1}
$data merge entity $(bone_muzzle2) {transformation: [-1f,0.0029f,0.0016f,-0.0013f,0.0032f,0.9678f,0.2517f,2.6054f,-0.0008f,0.2517f,-0.9678f,1.4608f,0f,0f,0f,1f],start_interpolation: 0,interpolation_duration: 1}
$data merge entity $(bone_muzzle) {transformation: [-1f,0.003f,0.0013f,-0.0005f,0.0032f,0.986f,0.1664f,2.7807f,-0.0008f,0.1664f,-0.9861f,1.1734f,0f,0f,0f,1f],start_interpolation: 0,interpolation_duration: 1}
$data merge entity $(bone_tongue) {transformation: [-1f,0.0031f,0.0011f,-0.0021f,0.0032f,0.9968f,0.0799f,2.2536f,-0.0008f,0.0799f,-0.9968f,1.0999f,0f,0f,0f,1f],start_interpolation: 0,interpolation_duration: 1}
$data merge entity $(bone_jaw) {transformation: [-1f,0.0031f,0.0011f,-0.0021f,0.0032f,0.9968f,0.0799f,2.2823f,-0.0008f,0.0799f,-0.9968f,1.1335f,0f,0f,0f,1f],start_interpolation: 0,interpolation_duration: 1}
$data merge entity $(bone_ear_left) {transformation: [-0.9236f,-0.0387f,-0.3814f,0.3493f,-0.0661f,0.9961f,0.059f,2.645f,0.3776f,0.0798f,-0.9225f,0.8965f,0f,0f,0f,1f],start_interpolation: 0,interpolation_duration: 1}
$data merge entity $(bone_ear_right) {transformation: [-0.9225f,0.0449f,0.3833f,-0.3507f,0.072f,0.9958f,0.0566f,2.6472f,-0.3791f,0.0798f,-0.9219f,0.8959f,0f,0f,0f,1f],start_interpolation: 0,interpolation_duration: 1}
$data merge entity $(bone_head_angle) {transformation: [-1f,0.0031f,0.0011f,-0.0017f,0.0032f,0.9968f,0.0799f,2.3857f,-0.0008f,0.0799f,-0.9968f,1.0164f,0f,0f,0f,1f],start_interpolation: 0,interpolation_duration: 1}
$data merge entity $(bone_neck3) {transformation: [-0.9996f,-0.0299f,0.0007f,0.0199f,-0.0299f,0.9986f,-0.044f,1.6638f,0.0006f,-0.044f,-0.999f,0.9544f,0f,0f,0f,1f],start_interpolation: 0,interpolation_duration: 1}
$data merge entity $(bone_neck2) {transformation: [-0.9999f,-0.0128f,-0.0004f,0.0255f,-0.0128f,0.9999f,-0.0091f,1.2268f,0.0005f,-0.0091f,-1f,1.0053f,0f,0f,0f,1f],start_interpolation: 0,interpolation_duration: 1}
$data merge entity $(bone_chest2) {transformation: [-0.9999f,-0.012f,-0.0045f,0.0374f,-0.0128f,0.9497f,0.3129f,0.2932f,0.0005f,0.313f,-0.9498f,1.0431f,0f,0f,0f,1f],start_interpolation: 0,interpolation_duration: 1}
$data merge entity $(bone_chest) {transformation: [-0.9999f,-0.0107f,0.0043f,0.0399f,-0.0115f,0.9289f,-0.3702f,0.079f,0f,-0.3703f,-0.9289f,0.5902f,0f,0f,0f,1f],start_interpolation: 0,interpolation_duration: 1}
$data merge entity $(bone_tail2) {transformation: [-0.9999f,-0.0115f,-0.0002f,0.0377f,-0.0115f,0.9997f,0.0207f,0.2631f,0f,0.0207f,-0.9998f,-1.1043f,0f,0f,0f,1f],start_interpolation: 0,interpolation_duration: 1}
$data merge entity $(bone_tail) {transformation: [-0.9999f,-0.0115f,0.0012f,0.0344f,-0.0115f,0.9944f,-0.1046f,0.5509f,0f,-0.1046f,-0.9945f,-0.7576f,0f,0f,0f,1f],start_interpolation: 0,interpolation_duration: 1}
$data merge entity $(bone_torso) {transformation: [-0.9999f,-0.0115f,0.0008f,0.0335f,-0.0115f,0.9976f,-0.068f,0.6289f,0f,-0.068f,-0.9977f,-0.0738f,0f,0f,0f,1f],start_interpolation: 0,interpolation_duration: 1}
$data merge entity $(bone_leg_front_left4) {transformation: [-0.9669f,0.1849f,-0.1755f,1.7157f,0.1767f,0.9823f,0.0614f,-0.3247f,0.1838f,0.0284f,-0.9826f,0.6483f,0f,0f,0f,1f],start_interpolation: 0,interpolation_duration: 1}
$data merge entity $(bone_leg_front_left3) {transformation: [-0.9169f,0.3991f,-0.005f,1.3494f,0.3988f,0.9166f,0.0298f,-0.1484f,0.0164f,0.0254f,-0.9995f,0.6554f,0f,0f,0f,1f],start_interpolation: 0,interpolation_duration: 1}
$data merge entity $(bone_leg_front_left2) {transformation: [-0.8349f,0.5284f,0.1543f,0.8359f,0.5291f,0.8476f,-0.0399f,0.1955f,-0.1519f,0.0484f,-0.9872f,0.5612f,0f,0f,0f,1f],start_interpolation: 0,interpolation_duration: 1}
$data merge entity $(bone_leg_front_left) {transformation: [-0.7941f,0.5484f,0.262f,0.6622f,0.5404f,0.8344f,-0.1086f,0.3137f,-0.2782f,0.0553f,-0.9589f,0.5003f,0f,0f,0f,1f],start_interpolation: 0,interpolation_duration: 1}
$data merge entity $(bone_leg_back_left4) {transformation: [-0.6812f,-0.0404f,-0.731f,1.2169f,-0.0063f,0.9988f,-0.0494f,0.0763f,0.7321f,-0.0291f,-0.6806f,-0.9535f,0f,0f,0f,1f],start_interpolation: 0,interpolation_duration: 1}
$data merge entity $(bone_leg_back_left3) {transformation: [-0.8241f,0.0129f,-0.5662f,1.0366f,0.0478f,0.9978f,-0.0469f,0.0867f,0.5644f,-0.0657f,-0.8229f,-0.8301f,0f,0f,0f,1f],start_interpolation: 0,interpolation_duration: 1}
$data merge entity $(bone_leg_back_left2) {transformation: [-0.8581f,0.146f,-0.4923f,0.7148f,0.1958f,0.9793f,-0.0509f,0.1602f,0.4747f,-0.14f,-0.869f,-0.6521f,0f,0f,0f,1f],start_interpolation: 0,interpolation_duration: 1}
$data merge entity $(bone_leg_back_left) {transformation: [-0.8795f,0.2918f,-0.376f,0.6323f,0.3431f,0.9362f,-0.076f,0.1923f,0.3299f,-0.1958f,-0.9235f,-0.6211f,0f,0f,0f,1f],start_interpolation: 0,interpolation_duration: 1}
$data merge entity $(bone_leg_front_right4) {transformation: [-0.9626f,-0.2076f,0.1741f,-1.6262f,-0.199f,0.9778f,0.0655f,-0.3633f,-0.1838f,0.0284f,-0.9826f,0.6483f,0f,0f,0f,1f],start_interpolation: 0,interpolation_duration: 1}
$data merge entity $(bone_leg_front_right3) {transformation: [-0.9074f,-0.4202f,0.0043f,-1.2641f,-0.4199f,0.9071f,0.0299f,-0.1785f,-0.0164f,0.0254f,-0.9995f,0.6554f,0f,0f,0f,1f],start_interpolation: 0,interpolation_duration: 1}
$data merge entity $(bone_leg_front_right2) {transformation: [-0.8224f,-0.5478f,-0.1534f,-0.7587f,-0.5482f,0.8352f,-0.0434f,0.1771f,0.1519f,0.0484f,-0.9872f,0.5612f,0f,0f,0f,1f],start_interpolation: 0,interpolation_duration: 1}
$data merge entity $(bone_leg_front_right) {transformation: [-0.7814f,-0.5675f,-0.2594f,-0.5877f,-0.5586f,0.8215f,-0.1146f,0.2993f,0.2782f,0.0553f,-0.9589f,0.5003f,0f,0f,0f,1f],start_interpolation: 0,interpolation_duration: 1}
$data merge entity $(bone_leg_back_right4) {transformation: [-0.6811f,0.0174f,0.732f,-1.1368f,-0.0095f,0.9994f,-0.0325f,0.0491f,-0.7321f,-0.0291f,-0.6806f,-0.9535f,0f,0f,0f,1f],start_interpolation: 0,interpolation_duration: 1}
$data merge entity $(bone_leg_back_right3) {transformation: [-0.8228f,-0.0359f,0.5672f,-0.9568f,-0.0668f,0.9972f,-0.0338f,0.0637f,-0.5644f,-0.0657f,-0.8229f,-0.8301f,0f,0f,0f,1f],start_interpolation: 0,interpolation_duration: 1}
$data merge entity $(bone_leg_back_right2) {transformation: [-0.8534f,-0.1686f,0.4933f,-0.6368f,-0.2155f,0.9757f,-0.0395f,0.1446f,-0.4747f,-0.14f,-0.869f,-0.6521f,0f,0f,0f,1f],start_interpolation: 0,interpolation_duration: 1}
$data merge entity $(bone_leg_back_right) {transformation: [-0.8713f,-0.3133f,0.3777f,-0.5551f,-0.3633f,0.9292f,-0.0673f,0.1786f,-0.3299f,-0.1958f,-0.9235f,-0.6211f,0f,0f,0f,1f],start_interpolation: 0,interpolation_duration: 1}
data modify entity @s data merge value {"cameras":{},"locators":{"target":{"px":0.028535510108961423,"py":1.060284898926985,"pz":1.5371641234319735,"ry":0.023082225677228507,"rx":-1.9989339718670667},"body":{"px":0.030606445696674367,"py":0.8808678857028986,"pz":-0.02002452814224693,"ry":0.023082225677228507,"rx":-1.9989339718670667},"head":{"px":-0.0005279036561121452,"py":2.7806594413795764,"pz":1.1734251369494124,"ry":0.06149716243581338,"rx":4.580262765561315},"mouth":{"px":-0.002543554235321591,"py":2.1763312126265353,"pz":1.2817600532273796,"ry":0.06149716243581338,"rx":4.580262765561315},"special":{"px":-0.002543554235321591,"py":2.1763312126265353,"pz":1.2817600532273796,"ry":0.06149716243581338,"rx":4.580262765561315},"face":{"px":-0.0019481504944980493,"py":2.4835457752182952,"pz":1.751544028077458,"ry":0.06149716243581338,"rx":4.580262765561315},"eye1":{"px":-0.34521652105568235,"py":2.516332288349545,"pz":1.2882153794179287,"ry":0.07769750667333142,"rx":9.580236936282336},"eye2":{"px":0.3422797537600968,"py":2.514140040682617,"pz":1.2887776645711098,"ry":0.07769750667333142,"rx":9.580236936282336},"horn":{"px":-0.0004130672266550083,"py":2.8905218888510142,"pz":1.4613503574028837,"ry":0.07769750667333142,"rx":9.580236936282336},"physical":{"px":-0.0004130672266550083,"py":2.8905218888510142,"pz":1.4613503574028837,"ry":0.07769750667333142,"rx":9.580236936282336},"jaw_upper":{"px":-0.0027736630834621677,"py":2.176207386605042,"pz":1.5626273635212011,"ry":0.07769750667333142,"rx":9.580236936282336},"jaw_lower":{"px":-0.0025234120548892217,"py":2.2566669781399944,"pz":1.5703471154783737,"ry":0.06149716243581338,"rx":4.580262765561315},"tail_tip":{"px":0.037647140388328296,"py":0.27089217226491524,"pz":-1.479266426241522,"ry":359.98627682885297,"rx":1.1887463189248786}}}
function animated_java:lapras/animations/surfacewater_idle/zzz/frames/on_tick/transform_floating_entities