# This file was generated by Animated Java via MC-Build. It is not recommended to edit this file directly.
$data merge entity $(bone_shell2) {transformation: [-1.1978f,-0.0137f,0.004f,0.0261f,-0.0143f,1.149f,-0.3386f,1.1558f,0f,-0.3386f,-1.1491f,-0.5012f,0f,0f,0f,1f],start_interpolation: 0,interpolation_duration: 1}
$data merge entity $(bone_shell) {transformation: [-1.2603f,-0.0149f,0.0023f,0.027f,-0.0151f,1.2451f,-0.1954f,1.0793f,0f,-0.1954f,-1.2452f,0.523f,0f,0f,0f,1f],start_interpolation: 0,interpolation_duration: 1}
$data merge entity $(bone_pupil_right2) {transformation: [-1f,0.0033f,0.0015f,-0.349f,0.0035f,0.9861f,0.1663f,2.5194f,-0.001f,0.1663f,-0.9861f,1.2852f,0f,0f,0f,1f],start_interpolation: 0,interpolation_duration: 1}
$data merge entity $(bone_pupil_right) {transformation: [-1f,0.0033f,0.0015f,-0.3477f,0.0035f,0.9861f,0.1663f,2.5144f,-0.001f,0.1663f,-0.9861f,1.221f,0f,0f,0f,1f],start_interpolation: 0,interpolation_duration: 1}
$data merge entity $(bone_eyelid_right) {transformation: [-1f,0.0033f,0.0015f,-0.3114f,0.0035f,0.9861f,0.1663f,2.5451f,-0.001f,0.1663f,-0.9861f,1.2262f,0f,0f,0f,1f],start_interpolation: 0,interpolation_duration: 1}
$data merge entity $(bone_eye_right) {transformation: [-1f,0.0033f,0.0015f,-0.3476f,0.0035f,0.9861f,0.1663f,2.5452f,-0.001f,0.1663f,-0.9861f,1.2262f,0f,0f,0f,1f],start_interpolation: 0,interpolation_duration: 1}
$data merge entity $(bone_pupil_left2) {transformation: [-1f,0.0033f,0.0015f,0.3435f,0.0035f,0.9861f,0.1663f,2.517f,-0.001f,0.1663f,-0.9861f,1.2859f,0f,0f,0f,1f],start_interpolation: 0,interpolation_duration: 1}
$data merge entity $(bone_pupil_left) {transformation: [-1f,0.0033f,0.0015f,0.3423f,0.0035f,0.9861f,0.1663f,2.512f,-0.001f,0.1663f,-0.9861f,1.2216f,0f,0f,0f,1f],start_interpolation: 0,interpolation_duration: 1}
$data merge entity $(bone_eyelid_left) {transformation: [-1f,0.0033f,0.0015f,0.3061f,0.0035f,0.9861f,0.1663f,2.5429f,-0.001f,0.1663f,-0.9861f,1.2268f,0f,0f,0f,1f],start_interpolation: 0,interpolation_duration: 1}
$data merge entity $(bone_eye_left) {transformation: [-1f,0.0033f,0.0015f,0.3424f,0.0035f,0.9861f,0.1663f,2.5428f,-0.001f,0.1663f,-0.9861f,1.2268f,0f,0f,0f,1f],start_interpolation: 0,interpolation_duration: 1}
$data merge entity $(bone_muzzle2) {transformation: [-1f,0.0031f,0.0018f,-0.0026f,0.0035f,0.9678f,0.2516f,2.6084f,-0.001f,0.2516f,-0.9678f,1.4578f,0f,0f,0f,1f],start_interpolation: 0,interpolation_duration: 1}
$data merge entity $(bone_muzzle) {transformation: [-1f,0.0033f,0.0015f,-0.0017f,0.0035f,0.9861f,0.1663f,2.7836f,-0.001f,0.1663f,-0.9861f,1.1704f,0f,0f,0f,1f],start_interpolation: 0,interpolation_duration: 1}
$data merge entity $(bone_tongue) {transformation: [-1f,0.0034f,0.0013f,-0.0035f,0.0035f,0.9968f,0.0797f,2.2565f,-0.001f,0.0797f,-0.9968f,1.0969f,0f,0f,0f,1f],start_interpolation: 0,interpolation_duration: 1}
$data merge entity $(bone_jaw) {transformation: [-1f,0.0034f,0.0013f,-0.0034f,0.0035f,0.9968f,0.0797f,2.2852f,-0.001f,0.0797f,-0.9968f,1.1306f,0f,0f,0f,1f],start_interpolation: 0,interpolation_duration: 1}
$data merge entity $(bone_ear_left) {transformation: [-0.9236f,-0.0407f,-0.3812f,0.3481f,-0.0679f,0.996f,0.0581f,2.6478f,0.3773f,0.0796f,-0.9227f,0.8935f,0f,0f,0f,1f],start_interpolation: 0,interpolation_duration: 1}
$data merge entity $(bone_ear_right) {transformation: [-0.9224f,0.0475f,0.3834f,-0.3519f,0.0743f,0.9957f,0.0555f,2.6502f,-0.3791f,0.0797f,-0.9219f,0.8928f,0f,0f,0f,1f],start_interpolation: 0,interpolation_duration: 1}
$data merge entity $(bone_head_angle) {transformation: [-1f,0.0034f,0.0013f,-0.003f,0.0035f,0.9968f,0.0797f,2.3886f,-0.001f,0.0797f,-0.9968f,1.0134f,0f,0f,0f,1f],start_interpolation: 0,interpolation_duration: 1}
$data merge entity $(bone_neck3) {transformation: [-0.9996f,-0.0299f,0.0008f,0.0186f,-0.0299f,0.9985f,-0.0465f,1.6666f,0.0006f,-0.0465f,-0.9989f,0.9532f,0f,0f,0f,1f],start_interpolation: 0,interpolation_duration: 1}
$data merge entity $(bone_neck2) {transformation: [-0.9999f,-0.0129f,-0.0002f,0.0243f,-0.0129f,0.9999f,-0.0115f,1.2297f,0.0004f,-0.0115f,-0.9999f,1.0051f,0f,0f,0f,1f],start_interpolation: 0,interpolation_duration: 1}
$data merge entity $(bone_chest2) {transformation: [-0.9999f,-0.0121f,-0.0044f,0.0363f,-0.0129f,0.9501f,0.3117f,0.2961f,0.0004f,0.3118f,-0.9502f,1.0441f,0f,0f,0f,1f],start_interpolation: 0,interpolation_duration: 1}
$data merge entity $(bone_chest) {transformation: [-0.9999f,-0.0111f,0.0044f,0.0389f,-0.0119f,0.9286f,-0.3708f,0.0817f,0f,-0.3708f,-0.9287f,0.5913f,0f,0f,0f,1f],start_interpolation: 0,interpolation_duration: 1}
$data merge entity $(bone_tail2) {transformation: [-0.9999f,-0.0119f,-0.0002f,0.0367f,-0.0119f,0.9998f,0.0135f,0.2644f,0f,0.0135f,-0.9999f,-1.1026f,0f,0f,0f,1f],start_interpolation: 0,interpolation_duration: 1}
$data merge entity $(bone_tail) {transformation: [-0.9999f,-0.0119f,0.0013f,0.0333f,-0.0119f,0.9942f,-0.1072f,0.5532f,0f,-0.1072f,-0.9942f,-0.7565f,0f,0f,0f,1f],start_interpolation: 0,interpolation_duration: 1}
$data merge entity $(bone_torso) {transformation: [-0.9999f,-0.0119f,0.0008f,0.0323f,-0.0119f,0.9976f,-0.0683f,0.6313f,0f,-0.0683f,-0.9977f,-0.0728f,0f,0f,0f,1f],start_interpolation: 0,interpolation_duration: 1}
$data merge entity $(bone_leg_front_left4) {transformation: [-0.9648f,0.1975f,-0.1737f,1.7081f,0.1887f,0.9798f,0.0661f,-0.3335f,0.1832f,0.031f,-0.9826f,0.649f,0f,0f,0f,1f],start_interpolation: 0,interpolation_duration: 1}
$data merge entity $(bone_leg_front_left3) {transformation: [-0.9113f,0.4118f,-0.0035f,1.3443f,0.4115f,0.9108f,0.0323f,-0.1522f,0.0165f,0.028f,-0.9995f,0.6562f,0f,0f,0f,1f],start_interpolation: 0,interpolation_duration: 1}
$data merge entity $(bone_leg_front_left2) {transformation: [-0.8293f,0.537f,0.1548f,0.8344f,0.5379f,0.8421f,-0.0396f,0.1972f,-0.1516f,0.0504f,-0.9871f,0.5622f,0f,0f,0f,1f],start_interpolation: 0,interpolation_duration: 1}
$data merge entity $(bone_leg_front_left) {transformation: [-0.792f,0.5515f,0.2617f,0.6611f,0.5434f,0.8323f,-0.1095f,0.316f,-0.2782f,0.0555f,-0.9589f,0.5013f,0f,0f,0f,1f],start_interpolation: 0,interpolation_duration: 1}
$data merge entity $(bone_leg_back_left4) {transformation: [-0.6811f,-0.0408f,-0.731f,1.2152f,-0.0096f,0.9989f,-0.0468f,0.075f,0.7321f,-0.0249f,-0.6807f,-0.9523f,0f,0f,0f,1f],start_interpolation: 0,interpolation_duration: 1}
$data merge entity $(bone_leg_back_left3) {transformation: [-0.824f,0.0177f,-0.5663f,1.0349f,0.0514f,0.9977f,-0.0437f,0.0862f,0.5642f,-0.0651f,-0.8231f,-0.8289f,0f,0f,0f,1f],start_interpolation: 0,interpolation_duration: 1}
$data merge entity $(bone_leg_back_left2) {transformation: [-0.8568f,0.1534f,-0.4923f,0.7136f,0.2027f,0.9781f,-0.048f,0.1623f,0.4741f,-0.1409f,-0.8691f,-0.6511f,0f,0f,0f,1f],start_interpolation: 0,interpolation_duration: 1}
$data merge entity $(bone_leg_back_left) {transformation: [-0.8778f,0.2965f,-0.3763f,0.6313f,0.3475f,0.9348f,-0.074f,0.1948f,0.3298f,-0.1957f,-0.9236f,-0.6201f,0f,0f,0f,1f],start_interpolation: 0,interpolation_duration: 1}
$data merge entity $(bone_leg_front_right4) {transformation: [-0.96f,-0.2208f,0.172f,-1.6199f,-0.2116f,0.9748f,0.0702f,-0.3733f,-0.1832f,0.031f,-0.9826f,0.649f,0f,0f,0f,1f],start_interpolation: 0,interpolation_duration: 1}
$data merge entity $(bone_leg_front_right3) {transformation: [-0.9012f,-0.4334f,0.0027f,-1.2606f,-0.4331f,0.9007f,0.0324f,-0.1833f,-0.0165f,0.028f,-0.9995f,0.6562f,0f,0f,0f,1f],start_interpolation: 0,interpolation_duration: 1}
$data merge entity $(bone_leg_front_right2) {transformation: [-0.8162f,-0.5569f,-0.1538f,-0.7592f,-0.5575f,0.829f,-0.0433f,0.1781f,0.1516f,0.0504f,-0.9871f,0.5622f,0f,0f,0f,1f],start_interpolation: 0,interpolation_duration: 1}
$data merge entity $(bone_leg_front_right) {transformation: [-0.7788f,-0.5712f,-0.259f,-0.5888f,-0.5621f,0.8189f,-0.1157f,0.3011f,0.2782f,0.0555f,-0.9589f,0.5013f,0f,0f,0f,1f],start_interpolation: 0,interpolation_duration: 1}
$data merge entity $(bone_leg_back_right4) {transformation: [-0.6812f,0.017f,0.7319f,-1.1369f,-0.0067f,0.9995f,-0.0294f,0.0469f,-0.7321f,-0.0249f,-0.6807f,-0.9523f,0f,0f,0f,1f],start_interpolation: 0,interpolation_duration: 1}
$data merge entity $(bone_leg_back_right3) {transformation: [-0.8226f,-0.0415f,0.5672f,-0.957f,-0.0711f,0.997f,-0.0301f,0.0624f,-0.5642f,-0.0651f,-0.8231f,-0.8289f,0f,0f,0f,1f],start_interpolation: 0,interpolation_duration: 1}
$data merge entity $(bone_leg_back_right2) {transformation: [-0.8517f,-0.1767f,0.4933f,-0.6376f,-0.2231f,0.9741f,-0.0362f,0.1461f,-0.4741f,-0.1409f,-0.8691f,-0.6511f,0f,0f,0f,1f],start_interpolation: 0,interpolation_duration: 1}
$data merge entity $(bone_leg_back_right) {transformation: [-0.8692f,-0.3188f,0.3779f,-0.5561f,-0.3684f,0.9274f,-0.065f,0.1806f,-0.3298f,-0.1957f,-0.9236f,-0.6201f,0f,0f,0f,1f],start_interpolation: 0,interpolation_duration: 1}
data modify entity @s data merge value {"cameras":{},"locators":{"target":{"posx":0.0271646042708753,"posy":1.0626181050515477,"posz":1.5381979994570265,"roty":0.023846064668276767,"rotx":-1.994985647191396},"body":{"posx":0.029307019883623584,"posy":0.8833089958127116,"posz":-0.01900298416689758,"roty":0.023846064668276767,"rotx":-1.994985647191396},"head":{"posx":-0.0017380757485266887,"posy":2.7835969070793456,"posz":1.1704221789709315,"roty":0.07186187617674022,"rotx":4.570933228742885},"mouth":{"posx":-0.003948308976430356,"posy":2.1792869102404695,"posz":1.278854958100104,"roty":0.07186187617674022,"rotx":4.570933228742885},"special":{"posx":-0.003948308976430356,"posy":2.1792869102404695,"posz":1.278854958100104,"roty":0.07186187617674022,"rotx":4.570933228742885},"face":{"posx":-0.00333658996239288,"posy":2.4865776263902672,"posz":1.748589102662741,"roty":0.07186187617674022,"rotx":4.570933228742885},"eye1":{"posx":-0.3465223909006515,"posy":2.5193896738394277,"posz":1.2852010990240395,"roty":0.08955318635355525,"rotx":9.570902425133914},"eye2":{"posx":0.34097311322806384,"posy":2.5169955700993993,"posz":1.2858719716538392,"roty":0.08955318635355525,"rotx":9.570902425133914},"horn":{"posx":-0.0016362789494158189,"posy":2.893506106073172,"posz":1.458329561194707,"roty":0.08955318635355525,"rotx":9.570902425133914},"physical":{"posx":-0.0016362789494158189,"posy":2.893506106073172,"posz":1.458329561194707,"roty":0.08955318635355525,"rotx":9.570902425133914},"jaw_upper":{"posx":-0.004222657226389606,"posy":2.179208796265713,"posz":1.5597222450986008,"roty":0.08955318635355525,"rotx":9.570902425133914},"jaw_lower":{"posx":-0.003949984608729834,"posy":2.2596695643134623,"posz":1.56742896428634,"roty":0.07186187617674022,"rotx":4.570933228742885},"tail_tip":{"posx":0.036641035821801,"posy":0.2694897829611235,"posz":-1.4775221620223935,"roty":359.99073980627844,"rotx":0.7749830652322075}}}