# This file was generated by Animated Java via MC-Build. It is not recommended to edit this file directly.
$data merge entity $(bone_shell2) {transformation: [-1.1978f,-0.015f,0.0044f,0.0217f,-0.0157f,1.1488f,-0.339f,1.1629f,0f,-0.339f,-1.1489f,-0.4983f,0f,0f,0f,1f],start_interpolation: 0,interpolation_duration: 1}
$data merge entity $(bone_shell) {transformation: [-1.2603f,-0.0163f,0.0026f,0.0227f,-0.0165f,1.245f,-0.1958f,1.0868f,0f,-0.1958f,-1.2451f,0.526f,0f,0f,0f,1f],start_interpolation: 0,interpolation_duration: 1}
$data merge entity $(bone_pupil_right2) {transformation: [-1f,0.004f,0.0022f,-0.3529f,0.0043f,0.9862f,0.1655f,2.5279f,-0.0015f,0.1655f,-0.9862f,1.2769f,0f,0f,0f,1f],start_interpolation: 0,interpolation_duration: 1}
$data merge entity $(bone_pupil_right) {transformation: [-1f,0.004f,0.0022f,-0.3516f,0.0043f,0.9862f,0.1655f,2.5228f,-0.0015f,0.1655f,-0.9862f,1.2127f,0f,0f,0f,1f],start_interpolation: 0,interpolation_duration: 1}
$data merge entity $(bone_eyelid_right) {transformation: [-1f,0.004f,0.0022f,-0.3152f,0.0043f,0.9862f,0.1655f,2.5534f,-0.0015f,0.1655f,-0.9862f,1.2179f,0f,0f,0f,1f],start_interpolation: 0,interpolation_duration: 1}
$data merge entity $(bone_eye_right) {transformation: [-1f,0.004f,0.0022f,-0.3515f,0.0043f,0.9862f,0.1655f,2.5536f,-0.0015f,0.1655f,-0.9862f,1.2179f,0f,0f,0f,1f],start_interpolation: 0,interpolation_duration: 1}
$data merge entity $(bone_pupil_left2) {transformation: [-1f,0.004f,0.0022f,0.3396f,0.0043f,0.9862f,0.1655f,2.5249f,-0.0015f,0.1655f,-0.9862f,1.2779f,0f,0f,0f,1f],start_interpolation: 0,interpolation_duration: 1}
$data merge entity $(bone_pupil_left) {transformation: [-1f,0.004f,0.0022f,0.3384f,0.0043f,0.9862f,0.1655f,2.5198f,-0.0015f,0.1655f,-0.9862f,1.2137f,0f,0f,0f,1f],start_interpolation: 0,interpolation_duration: 1}
$data merge entity $(bone_eyelid_left) {transformation: [-1f,0.004f,0.0022f,0.3023f,0.0043f,0.9862f,0.1655f,2.5508f,-0.0015f,0.1655f,-0.9862f,1.2188f,0f,0f,0f,1f],start_interpolation: 0,interpolation_duration: 1}
$data merge entity $(bone_eye_left) {transformation: [-1f,0.004f,0.0022f,0.3385f,0.0043f,0.9862f,0.1655f,2.5506f,-0.0015f,0.1655f,-0.9862f,1.2189f,0f,0f,0f,1f],start_interpolation: 0,interpolation_duration: 1}
$data merge entity $(bone_muzzle2) {transformation: [-1f,0.0038f,0.0025f,-0.0065f,0.0043f,0.968f,0.2508f,2.6167f,-0.0015f,0.2508f,-0.968f,1.4496f,0f,0f,0f,1f],start_interpolation: 0,interpolation_duration: 1}
$data merge entity $(bone_muzzle) {transformation: [-1f,0.004f,0.0022f,-0.0053f,0.0043f,0.9862f,0.1655f,2.7917f,-0.0015f,0.1655f,-0.9862f,1.1621f,0f,0f,0f,1f],start_interpolation: 0,interpolation_duration: 1}
$data merge entity $(bone_tongue) {transformation: [-1f,0.0042f,0.0018f,-0.0075f,0.0043f,0.9969f,0.0789f,2.2645f,-0.0015f,0.0789f,-0.9969f,1.089f,0f,0f,0f,1f],start_interpolation: 0,interpolation_duration: 1}
$data merge entity $(bone_jaw) {transformation: [-1f,0.0042f,0.0018f,-0.0075f,0.0043f,0.9969f,0.0789f,2.2932f,-0.0015f,0.0789f,-0.9969f,1.1226f,0f,0f,0f,1f],start_interpolation: 0,interpolation_duration: 1}
$data merge entity $(bone_ear_left) {transformation: [-0.9235f,-0.0473f,-0.3806f,0.3445f,-0.0737f,0.9958f,0.0549f,2.6553f,0.3764f,0.0787f,-0.9231f,0.8855f,0f,0f,0f,1f],start_interpolation: 0,interpolation_duration: 1}
$data merge entity $(bone_ear_right) {transformation: [-0.9218f,0.0557f,0.3838f,-0.3555f,0.0817f,0.9953f,0.0515f,2.6584f,-0.3791f,0.0789f,-0.922f,0.8845f,0f,0f,0f,1f],start_interpolation: 0,interpolation_duration: 1}
$data merge entity $(bone_head_angle) {transformation: [-1f,0.0042f,0.0018f,-0.0068f,0.0043f,0.9969f,0.0789f,2.3965f,-0.0015f,0.0789f,-0.9969f,1.0054f,0f,0f,0f,1f],start_interpolation: 0,interpolation_duration: 1}
$data merge entity $(bone_neck3) {transformation: [-0.9996f,-0.0298f,0.0012f,0.0147f,-0.0298f,0.9981f,-0.0539f,1.6741f,0.0004f,-0.0539f,-0.9985f,0.9505f,0f,0f,0f,1f],start_interpolation: 0,interpolation_duration: 1}
$data merge entity $(bone_neck2) {transformation: [-0.9999f,-0.0133f,0.0002f,0.0205f,-0.0133f,0.9997f,-0.0181f,1.2376f,0.0001f,-0.0181f,-0.9998f,1.0053f,0f,0f,0f,1f],start_interpolation: 0,interpolation_duration: 1}
$data merge entity $(bone_chest2) {transformation: [-0.9999f,-0.0126f,-0.0042f,0.0329f,-0.0133f,0.951f,0.3088f,0.3041f,0.0001f,0.3088f,-0.9511f,1.0472f,0f,0f,0f,1f],start_interpolation: 0,interpolation_duration: 1}
$data merge entity $(bone_chest) {transformation: [-0.9999f,-0.0122f,0.0049f,0.0357f,-0.0131f,0.9282f,-0.3718f,0.0892f,0f,-0.3718f,-0.9283f,0.5946f,0f,0f,0f,1f],start_interpolation: 0,interpolation_duration: 1}
$data merge entity $(bone_tail2) {transformation: [-0.9999f,-0.0131f,0.0001f,0.0334f,-0.0131f,0.9999f,-0.0074f,0.2691f,0f,-0.0074f,-1f,-1.0974f,0f,0f,0f,1f],start_interpolation: 0,interpolation_duration: 1}
$data merge entity $(bone_tail) {transformation: [-0.9999f,-0.013f,0.0015f,0.0296f,-0.0131f,0.9934f,-0.1141f,0.5602f,0f,-0.1141f,-0.9935f,-0.7534f,0f,0f,0f,1f],start_interpolation: 0,interpolation_duration: 1}
$data merge entity $(bone_torso) {transformation: [-0.9999f,-0.0131f,0.0009f,0.0285f,-0.0131f,0.9976f,-0.0687f,0.6386f,0f,-0.0687f,-0.9976f,-0.0697f,0f,0f,0f,1f],start_interpolation: 0,interpolation_duration: 1}
$data merge entity $(bone_leg_front_left4) {transformation: [-0.9569f,0.2371f,-0.1676f,1.6847f,0.2263f,0.9707f,0.0807f,-0.3589f,0.1818f,0.0393f,-0.9826f,0.6509f,0f,0f,0f,1f],start_interpolation: 0,interpolation_duration: 1}
$data merge entity $(bone_leg_front_left3) {transformation: [-0.8933f,0.4495f,0.0012f,1.3289f,0.4492f,0.8925f,0.0402f,-0.1625f,0.017f,0.0364f,-0.9992f,0.6584f,0f,0f,0f,1f],start_interpolation: 0,interpolation_duration: 1}
$data merge entity $(bone_leg_front_left2) {transformation: [-0.8126f,0.5615f,0.1563f,0.8298f,0.5631f,0.8255f,-0.0384f,0.2023f,-0.1506f,0.0568f,-0.987f,0.5651f,0f,0f,0f,1f],start_interpolation: 0,interpolation_duration: 1}
$data merge entity $(bone_leg_front_left) {transformation: [-0.7865f,0.5597f,0.261f,0.6577f,0.5514f,0.8268f,-0.1116f,0.3229f,-0.2782f,0.0561f,-0.9589f,0.5043f,0f,0f,0f,1f],start_interpolation: 0,interpolation_duration: 1}
$data merge entity $(bone_leg_back_left4) {transformation: [-0.6813f,-0.0378f,-0.731f,1.2095f,-0.0158f,0.9992f,-0.037f,0.0698f,0.7318f,-0.0137f,-0.6814f,-0.9486f,0f,0f,0f,1f],start_interpolation: 0,interpolation_duration: 1}
$data merge entity $(bone_leg_back_left3) {transformation: [-0.8235f,0.0357f,-0.5662f,1.0294f,0.0657f,0.9973f,-0.0327f,0.0842f,0.5635f,-0.0642f,-0.8236f,-0.8253f,0f,0f,0f,1f],start_interpolation: 0,interpolation_duration: 1}
$data merge entity $(bone_leg_back_left2) {transformation: [-0.8521f,0.1779f,-0.4923f,0.7098f,0.2254f,0.9735f,-0.0383f,0.1687f,0.4724f,-0.1436f,-0.8696f,-0.6481f,0f,0f,0f,1f],start_interpolation: 0,interpolation_duration: 1}
$data merge entity $(bone_leg_back_left) {transformation: [-0.8723f,0.3117f,-0.3768f,0.628f,0.3615f,0.9299f,-0.0674f,0.2026f,0.3294f,-0.195f,-0.9238f,-0.6173f,0f,0f,0f,1f],start_interpolation: 0,interpolation_duration: 1}
$data merge entity $(bone_leg_front_right4) {transformation: [-0.9507f,-0.2624f,0.1654f,-1.601f,-0.2513f,0.9642f,0.0851f,-0.402f,-0.1818f,0.0393f,-0.9826f,0.6509f,0f,0f,0f,1f],start_interpolation: 0,interpolation_duration: 1}
$data merge entity $(bone_leg_front_right3) {transformation: [-0.8812f,-0.4727f,-0.0022f,-1.2504f,-0.4724f,0.8805f,0.0401f,-0.1963f,-0.017f,0.0364f,-0.9992f,0.6584f,0f,0f,0f,1f],start_interpolation: 0,interpolation_duration: 1}
$data merge entity $(bone_leg_front_right2) {transformation: [-0.7975f,-0.583f,-0.1552f,-0.761f,-0.5842f,0.8105f,-0.0425f,0.1815f,0.1506f,0.0568f,-0.987f,0.5651f,0f,0f,0f,1f],start_interpolation: 0,interpolation_duration: 1}
$data merge entity $(bone_leg_front_right) {transformation: [-0.7718f,-0.5812f,-0.258f,-0.5922f,-0.5718f,0.8118f,-0.1184f,0.3066f,0.2782f,0.0561f,-0.9589f,0.5043f,0f,0f,0f,1f],start_interpolation: 0,interpolation_duration: 1}
$data merge entity $(bone_leg_back_right4) {transformation: [-0.6815f,0.0117f,0.7317f,-1.1371f,-0.0021f,0.9998f,-0.0179f,0.0391f,-0.7318f,-0.0137f,-0.6814f,-0.9486f,0f,0f,0f,1f],start_interpolation: 0,interpolation_duration: 1}
$data merge entity $(bone_leg_back_right3) {transformation: [-0.8215f,-0.0618f,0.5669f,-0.9574f,-0.0873f,0.996f,-0.0179f,0.0582f,-0.5635f,-0.0642f,-0.8236f,-0.8253f,0f,0f,0f,1f],start_interpolation: 0,interpolation_duration: 1}
$data merge entity $(bone_leg_back_right2) {transformation: [-0.8459f,-0.2033f,0.4931f,-0.6402f,-0.2476f,0.9685f,-0.0254f,0.151f,-0.4724f,-0.1436f,-0.8696f,-0.6481f,0f,0f,0f,1f],start_interpolation: 0,interpolation_duration: 1}
$data merge entity $(bone_leg_back_right) {transformation: [-0.8625f,-0.3359f,0.3785f,-0.5593f,-0.3842f,0.9215f,-0.0575f,0.187f,-0.3294f,-0.195f,-0.9238f,-0.6173f,0f,0f,0f,1f],start_interpolation: 0,interpolation_duration: 1}
data modify entity @s data merge value {"cameras":{},"locators":{"target":{"px":0.02290411283750539,"py":1.0690283857693332,"pz":1.5415269097130506,"ry":0.025733652763733517,"rx":-1.9647323417359048},"body":{"px":0.025240956312832488,"py":0.8905433263102267,"pz":-0.015768461342951404,"ry":0.025733652763733517,"rx":-1.9647323417359048},"head":{"px":-0.005346781238896502,"py":2.791666772636109,"pz":1.1620895528280333,"ry":0.10360585213106788,"rx":4.523892948969828},"mouth":{"px":-0.00812833965670772,"py":2.187448001818392,"pz":1.271016431624293,"ry":0.10360585213106788,"rx":4.523892948969828},"special":{"px":-0.00812833965670772,"py":2.187448001818392,"pz":1.271016431624293,"ry":0.10360585213106788,"rx":4.523892948969828},"face":{"px":-0.0074809469409147945,"py":2.495123113224937,"pz":1.7404988399247974,"ry":0.10360585213106788,"rx":4.523892948969828},"eye1":{"px":-0.3504134267055715,"py":2.5278496234479206,"pz":1.2769172870230565,"ry":0.12564696532987796,"rx":9.523845125867659},"eye2":{"px":0.33707936256723015,"py":2.5248662690952504,"pz":1.2779244090164006,"ry":0.12564696532987796,"rx":9.523845125867659},"horn":{"px":-0.005290439163641199,"py":2.901811863026573,"pz":1.4499067847886076,"ry":0.12564696532987796,"rx":9.523845125867659},"physical":{"px":-0.005290439163641199,"py":2.901811863026573,"pz":1.4499067847886076,"ry":0.12564696532987796,"rx":9.523845125867659},"jaw_upper":{"px":-0.008539126138897513,"py":2.1876004071840383,"pz":1.551883521725148,"ry":0.12564696532987796,"rx":9.523845125867659},"jaw_lower":{"px":-0.008201136213645847,"py":2.2680672034141165,"pz":1.559524433523251,"ry":0.10360585213106788,"rx":4.523892948969828},"tail_tip":{"px":0.03341429170979124,"py":0.2662746195234823,"pz":-1.472414037342841,"ry":0.0055605289958293724,"rx":-0.4246981797088567}}}
function animated_java:lapras/animations/surfacewater_idle/zzz/frames/on_tick/transform_floating_entities