# This file was generated by Animated Java via MC-Build. It is not recommended to edit this file directly.
$data merge entity $(bone_shell2) {transformation: [-1.1979f,-0.0019f,0.0005f,0.0483f,-0.002f,1.1579f,-0.3072f,1.1197f,0f,-0.3072f,-1.1579f,-0.5024f,0f,0f,0f,1f],start_interpolation: 0,interpolation_duration: 1}
$data merge entity $(bone_shell) {transformation: [-1.2604f,-0.0021f,0.0003f,0.0485f,-0.0021f,1.25f,-0.1614f,1.0153f,0f,-0.1614f,-1.25f,0.5194f,0f,0f,0f,1f],start_interpolation: 0,interpolation_duration: 1}
$data merge entity $(bone_pupil_right2) {transformation: [-1f,-0.0028f,-0.0018f,-0.3233f,-0.003f,0.9874f,0.1584f,2.4381f,0.0013f,0.1584f,-0.9874f,1.3657f,0f,0f,0f,1f],start_interpolation: 0,interpolation_duration: 1}
$data merge entity $(bone_pupil_right) {transformation: [-1f,-0.0028f,-0.0018f,-0.3221f,-0.003f,0.9874f,0.1584f,2.4325f,0.0013f,0.1584f,-0.9874f,1.3015f,0f,0f,0f,1f],start_interpolation: 0,interpolation_duration: 1}
$data merge entity $(bone_eyelid_right) {transformation: [-1f,-0.0028f,-0.0018f,-0.2859f,-0.003f,0.9874f,0.1584f,2.4635f,0.0013f,0.1584f,-0.9874f,1.3064f,0f,0f,0f,1f],start_interpolation: 0,interpolation_duration: 1}
$data merge entity $(bone_eye_right) {transformation: [-1f,-0.0028f,-0.0018f,-0.3222f,-0.003f,0.9874f,0.1584f,2.4634f,0.0013f,0.1584f,-0.9874f,1.3064f,0f,0f,0f,1f],start_interpolation: 0,interpolation_duration: 1}
$data merge entity $(bone_pupil_left2) {transformation: [-1f,-0.0028f,-0.0018f,0.3692f,-0.003f,0.9874f,0.1584f,2.4402f,0.0013f,0.1584f,-0.9874f,1.3648f,0f,0f,0f,1f],start_interpolation: 0,interpolation_duration: 1}
$data merge entity $(bone_pupil_left) {transformation: [-1f,-0.0028f,-0.0018f,0.3679f,-0.003f,0.9874f,0.1584f,2.4346f,0.0013f,0.1584f,-0.9874f,1.3006f,0f,0f,0f,1f],start_interpolation: 0,interpolation_duration: 1}
$data merge entity $(bone_eyelid_left) {transformation: [-1f,-0.0028f,-0.0018f,0.3316f,-0.003f,0.9874f,0.1584f,2.4654f,0.0013f,0.1584f,-0.9874f,1.3056f,0f,0f,0f,1f],start_interpolation: 0,interpolation_duration: 1}
$data merge entity $(bone_eye_left) {transformation: [-1f,-0.0028f,-0.0018f,0.3678f,-0.003f,0.9874f,0.1584f,2.4655f,0.0013f,0.1584f,-0.9874f,1.3055f,0f,0f,0f,1f],start_interpolation: 0,interpolation_duration: 1}
$data merge entity $(bone_muzzle2) {transformation: [-1f,-0.0026f,-0.002f,0.0229f,-0.003f,0.9698f,0.2438f,2.5307f,0.0013f,0.2438f,-0.9698f,1.5367f,0f,0f,0f,1f],start_interpolation: 0,interpolation_duration: 1}
$data merge entity $(bone_muzzle) {transformation: [-1f,-0.0028f,-0.0018f,0.022f,-0.003f,0.9874f,0.1584f,2.7036f,0.0013f,0.1584f,-0.9874f,1.248f,0f,0f,0f,1f],start_interpolation: 0,interpolation_duration: 1}
$data merge entity $(bone_tongue) {transformation: [-1f,-0.0029f,-0.0015f,0.0235f,-0.003f,0.9974f,0.0717f,2.176f,0.0013f,0.0717f,-0.9974f,1.1787f,0f,0f,0f,1f],start_interpolation: 0,interpolation_duration: 1}
$data merge entity $(bone_jaw) {transformation: [-1f,-0.0029f,-0.0015f,0.0235f,-0.003f,0.9974f,0.0717f,2.2049f,0.0013f,0.0717f,-0.9974f,1.2121f,0f,0f,0f,1f],start_interpolation: 0,interpolation_duration: 1}
$data merge entity $(bone_ear_left) {transformation: [-0.9228f,-0.0319f,-0.3839f,0.3721f,-0.0569f,0.9969f,0.054f,2.5679f,0.381f,0.0717f,-0.9218f,0.9714f,0f,0f,0f,1f],start_interpolation: 0,interpolation_duration: 1}
$data merge entity $(bone_ear_right) {transformation: [-0.9241f,0.026f,0.3812f,-0.3279f,0.0513f,0.9971f,0.0563f,2.5657f,-0.3786f,0.0716f,-0.9228f,0.9723f,0f,0f,0f,1f],start_interpolation: 0,interpolation_duration: 1}
$data merge entity $(bone_head_angle) {transformation: [-1f,-0.0029f,-0.0015f,0.023f,-0.003f,0.9974f,0.0717f,2.3074f,0.0013f,0.0717f,-0.9974f,1.0942f,0f,0f,0f,1f],start_interpolation: 0,interpolation_duration: 1}
$data merge entity $(bone_neck3) {transformation: [-0.9997f,-0.0233f,-0.0013f,0.0396f,-0.0233f,0.9997f,0.0005f,1.5888f,0.0013f,0.0005f,-1f,1f,0f,0f,0f,1f],start_interpolation: 0,interpolation_duration: 1}
$data merge entity $(bone_neck2) {transformation: [-1f,-0.0073f,-0.0024f,0.0429f,-0.0074f,0.9987f,0.0496f,1.1496f,0.0021f,0.0496f,-0.9988f,1.0252f,0f,0f,0f,1f],start_interpolation: 0,interpolation_duration: 1}
$data merge entity $(bone_chest2) {transformation: [-1f,-0.0062f,-0.0046f,0.0498f,-0.0074f,0.9345f,0.356f,0.2151f,0.0021f,0.356f,-0.9345f,1.0203f,0f,0f,0f,1f],start_interpolation: 0,interpolation_duration: 1}
$data merge entity $(bone_chest) {transformation: [-1f,-0.0015f,0.0006f,0.0501f,-0.0016f,0.9407f,-0.3392f,0.0161f,0f,-0.3392f,-0.9407f,0.5605f,0f,0f,0f,1f],start_interpolation: 0,interpolation_duration: 1}
$data merge entity $(bone_tail2) {transformation: [-1f,-0.0016f,-0.0003f,0.0497f,-0.0016f,0.9854f,0.1704f,0.2648f,0f,0.1704f,-0.9854f,-1.1426f,0f,0f,0f,1f],start_interpolation: 0,interpolation_duration: 1}
$data merge entity $(bone_tail) {transformation: [-1f,-0.0016f,0f,0.0493f,-0.0016f,0.9997f,-0.0251f,0.5242f,0f,-0.0251f,-0.9997f,-0.774f,0f,0f,0f,1f],start_interpolation: 0,interpolation_duration: 1}
$data merge entity $(bone_torso) {transformation: [-1f,-0.0016f,0.0001f,0.0492f,-0.0016f,0.9992f,-0.0411f,0.5837f,0f,-0.0411f,-0.9992f,-0.0884f,0f,0f,0f,1f],start_interpolation: 0,interpolation_duration: 1}
$data merge entity $(bone_leg_front_left4) {transformation: [-0.9798f,0.037f,-0.1966f,1.8342f,0.0361f,0.9993f,0.0083f,-0.1356f,0.1968f,0.0011f,-0.9805f,0.6245f,0f,0f,0f,1f],start_interpolation: 0,interpolation_duration: 1}
$data merge entity $(bone_leg_front_left3) {transformation: [-0.9848f,0.1719f,-0.0235f,1.4368f,0.1719f,0.9851f,0.0019f,-0.0504f,0.0234f,-0.0021f,-0.9997f,0.634f,0f,0f,0f,1f],start_interpolation: 0,interpolation_duration: 1}
$data merge entity $(bone_leg_front_left2) {transformation: [-0.9309f,0.3341f,0.1479f,0.8603f,0.3337f,0.9423f,-0.0279f,0.1729f,-0.1487f,0.0234f,-0.9886f,0.5414f,0f,0f,0f,1f],start_interpolation: 0,interpolation_duration: 1}
$data merge entity $(bone_leg_front_left) {transformation: [-0.8482f,0.4568f,0.2682f,0.6747f,0.4554f,0.8874f,-0.0713f,0.2725f,-0.2705f,0.0617f,-0.9607f,0.4822f,0f,0f,0f,1f],start_interpolation: 0,interpolation_duration: 1}
$data merge entity $(bone_leg_back_left4) {transformation: [-0.6769f,0.1058f,-0.7284f,1.2328f,0.1785f,0.9837f,-0.023f,0.0519f,0.7141f,-0.1455f,-0.6848f,-0.9727f,0f,0f,0f,1f],start_interpolation: 0,interpolation_duration: 1}
$data merge entity $(bone_leg_back_left3) {transformation: [-0.8239f,0.0492f,-0.5646f,1.0526f,0.1012f,0.993f,-0.061f,0.074f,0.5577f,-0.1074f,-0.8231f,-0.8507f,0f,0f,0f,1f],start_interpolation: 0,interpolation_duration: 1}
$data merge entity $(bone_leg_back_left2) {transformation: [-0.8664f,0.0929f,-0.4907f,0.7277f,0.1453f,0.9869f,-0.0696f,0.1285f,0.4778f,-0.1316f,-0.8686f,-0.6715f,0f,0f,0f,1f],start_interpolation: 0,interpolation_duration: 1}
$data merge entity $(bone_leg_back_left) {transformation: [-0.8963f,0.2391f,-0.3734f,0.6437f,0.2908f,0.9527f,-0.088f,0.1558f,0.3347f,-0.1874f,-0.9235f,-0.6402f,0f,0f,0f,1f],start_interpolation: 0,interpolation_duration: 1}
$data merge entity $(bone_leg_front_right4) {transformation: [-0.9797f,-0.0403f,0.1966f,-1.7334f,-0.0393f,0.9992f,0.009f,-0.1415f,-0.1968f,0.0011f,-0.9805f,0.6245f,0f,0f,0f,1f],start_interpolation: 0,interpolation_duration: 1}
$data merge entity $(bone_leg_front_right3) {transformation: [-0.9843f,-0.1751f,0.0235f,-1.3363f,-0.1751f,0.9845f,0.002f,-0.055f,-0.0234f,-0.0021f,-0.9997f,0.634f,0f,0f,0f,1f],start_interpolation: 0,interpolation_duration: 1}
$data merge entity $(bone_leg_front_right2) {transformation: [-0.9298f,-0.3372f,-0.1478f,-0.7605f,-0.3368f,0.9412f,-0.0284f,0.1702f,0.1487f,0.0234f,-0.9886f,0.5414f,0f,0f,0f,1f],start_interpolation: 0,interpolation_duration: 1}
$data merge entity $(bone_leg_front_right) {transformation: [-0.8467f,-0.4597f,-0.2679f,-0.5753f,-0.4582f,0.8859f,-0.0721f,0.2705f,0.2705f,0.0617f,-0.9607f,0.4822f,0f,0f,0f,1f],start_interpolation: 0,interpolation_duration: 1}
$data merge entity $(bone_leg_back_right4) {transformation: [-0.6763f,-0.1091f,0.7285f,-1.1326f,-0.1807f,0.9833f,-0.0206f,0.048f,-0.7141f,-0.1455f,-0.6848f,-0.9727f,0f,0f,0f,1f],start_interpolation: 0,interpolation_duration: 1}
$data merge entity $(bone_leg_back_right3) {transformation: [-0.8235f,-0.0525f,0.5648f,-0.9525f,-0.1039f,0.9928f,-0.0592f,0.0707f,-0.5577f,-0.1074f,-0.8231f,-0.8507f,0f,0f,0f,1f],start_interpolation: 0,interpolation_duration: 1}
$data merge entity $(bone_leg_back_right2) {transformation: [-0.8659f,-0.0961f,0.4909f,-0.6278f,-0.1481f,0.9866f,-0.068f,0.1263f,-0.4778f,-0.1316f,-0.8686f,-0.6715f,0f,0f,0f,1f],start_interpolation: 0,interpolation_duration: 1}
$data merge entity $(bone_leg_back_right) {transformation: [-0.8954f,-0.2422f,0.3737f,-0.5438f,-0.2937f,0.9519f,-0.0868f,0.1538f,-0.3347f,-0.1874f,-0.9235f,-0.6402f,0f,0f,0f,1f],start_interpolation: 0,interpolation_duration: 1}
data modify entity @s data merge value {"cameras":{},"locators":{"target":{"px":0.04852747032661678,"py":0.9998427079201,"pz":1.5265528220530968,"ry":0.0023932131456376737,"rx":-1.4567399743381575},"body":{"px":0.048797960039080504,"py":0.8351611357765351,"pz":-0.03226440797473397,"ry":0.0023932131456376737,"rx":-1.4567399743381575},"head":{"px":0.022005395301193643,"py":2.7035972039294247,"pz":1.2479738641451612,"ry":359.91293740775325,"rx":4.1111649402309265},"mouth":{"px":0.0239845386916204,"py":2.1001759200952237,"pz":1.36125211539987,"ry":359.91293740775325,"rx":4.1111649402309265},"special":{"px":0.0239845386916204,"py":2.1001759200952237,"pz":1.36125211539987,"ry":359.91293740775325,"rx":4.1111649402309265},"face":{"px":0.023648378085409608,"py":2.411226565273624,"pz":1.8285052674814235,"ry":359.91293740775325,"rx":4.1111649402309265},"eye1":{"px":-0.3207873348475016,"py":2.4380813479340415,"pz":1.3656614205477515,"ry":359.8975455761661,"rx":9.111141578786816},"eye2":{"px":0.36670891549002543,"py":2.440168293235582,"pz":1.3647667523698002,"ry":359.8975455761661,"rx":9.111141578786816},"horn":{"px":0.02203826128899115,"py":2.8158133353482997,"pz":1.5349899645545435,"ry":359.8975455761661,"rx":9.111141578786816},"physical":{"px":0.02203826128899115,"py":2.8158133353482997,"pz":1.5349899645545435,"ry":359.8975455761661,"rx":9.111141578786816},"jaw_upper":{"px":0.02434342766371484,"py":2.102351629401962,"pz":1.642110890876745,"ry":359.8975455761661,"rx":9.111141578786816},"jaw_lower":{"px":0.024108191470907123,"py":2.1828717644050597,"pz":1.6491717398940566,"ry":359.91293740775325,"rx":4.1111649402309265},"tail_tip":{"px":0.049629808609267356,"py":0.3287088604716493,"pz":-1.5121363419276421,"ry":359.98372655383065,"rx":9.810701981157827}}}
function animated_java:lapras/animations/surfacewater_idle/zzz/frames/on_tick/transform_floating_entities