# This file was generated by Animated Java via MC-Build. It is not recommended to edit this file directly.
$data merge entity $(bone_shell2) {transformation: [-1.1978f,-0.0166f,0.0049f,0.0155f,-0.0173f,1.1492f,-0.3378f,1.1727f,0f,-0.3379f,-1.1493f,-0.4935f,0f,0f,0f,1f],start_interpolation: 0,interpolation_duration: 1}
$data merge entity $(bone_shell) {transformation: [-1.2603f,-0.018f,0.0028f,0.0167f,-0.0182f,1.2452f,-0.1946f,1.0955f,0f,-0.1946f,-1.2453f,0.5307f,0f,0f,0f,1f],start_interpolation: 0,interpolation_duration: 1}
$data merge entity $(bone_pupil_right2) {transformation: [-1f,0.005f,0.003f,-0.358f,0.0054f,0.9865f,0.1636f,2.5374f,-0.0021f,0.1636f,-0.9865f,1.2678f,0f,0f,0f,1f],start_interpolation: 0,interpolation_duration: 1}
$data merge entity $(bone_pupil_right) {transformation: [-1f,0.005f,0.003f,-0.3566f,0.0054f,0.9865f,0.1636f,2.5322f,-0.0021f,0.1636f,-0.9865f,1.2036f,0f,0f,0f,1f],start_interpolation: 0,interpolation_duration: 1}
$data merge entity $(bone_eyelid_right) {transformation: [-1f,0.005f,0.003f,-0.3202f,0.0054f,0.9865f,0.1636f,2.5628f,-0.0021f,0.1636f,-0.9865f,1.2088f,0f,0f,0f,1f],start_interpolation: 0,interpolation_duration: 1}
$data merge entity $(bone_eye_right) {transformation: [-1f,0.005f,0.003f,-0.3565f,0.0054f,0.9865f,0.1636f,2.563f,-0.0021f,0.1636f,-0.9865f,1.2087f,0f,0f,0f,1f],start_interpolation: 0,interpolation_duration: 1}
$data merge entity $(bone_pupil_left2) {transformation: [-1f,0.005f,0.003f,0.3345f,0.0054f,0.9865f,0.1636f,2.5336f,-0.0021f,0.1636f,-0.9865f,1.2693f,0f,0f,0f,1f],start_interpolation: 0,interpolation_duration: 1}
$data merge entity $(bone_pupil_left) {transformation: [-1f,0.005f,0.003f,0.3334f,0.0054f,0.9865f,0.1636f,2.5284f,-0.0021f,0.1636f,-0.9865f,1.2051f,0f,0f,0f,1f],start_interpolation: 0,interpolation_duration: 1}
$data merge entity $(bone_eyelid_left) {transformation: [-1f,0.005f,0.003f,0.2973f,0.0054f,0.9865f,0.1636f,2.5594f,-0.0021f,0.1636f,-0.9865f,1.2101f,0f,0f,0f,1f],start_interpolation: 0,interpolation_duration: 1}
$data merge entity $(bone_eye_left) {transformation: [-1f,0.005f,0.003f,0.3335f,0.0054f,0.9865f,0.1636f,2.5592f,-0.0021f,0.1636f,-0.9865f,1.2102f,0f,0f,0f,1f],start_interpolation: 0,interpolation_duration: 1}
$data merge entity $(bone_muzzle2) {transformation: [-1f,0.0047f,0.0034f,-0.0116f,0.0054f,0.9685f,0.249f,2.6261f,-0.0021f,0.249f,-0.9685f,1.4405f,0f,0f,0f,1f],start_interpolation: 0,interpolation_duration: 1}
$data merge entity $(bone_muzzle) {transformation: [-1f,0.005f,0.003f,-0.0101f,0.0054f,0.9865f,0.1636f,2.8006f,-0.0021f,0.1636f,-0.9865f,1.1527f,0f,0f,0f,1f],start_interpolation: 0,interpolation_duration: 1}
$data merge entity $(bone_tongue) {transformation: [-1f,0.0052f,0.0025f,-0.0128f,0.0054f,0.997f,0.077f,2.2733f,-0.0021f,0.077f,-0.997f,1.0806f,0f,0f,0f,1f],start_interpolation: 0,interpolation_duration: 1}
$data merge entity $(bone_jaw) {transformation: [-1f,0.0052f,0.0025f,-0.0127f,0.0054f,0.997f,0.077f,2.3021f,-0.0021f,0.077f,-0.997f,1.1142f,0f,0f,0f,1f],start_interpolation: 0,interpolation_duration: 1}
$data merge entity $(bone_ear_left) {transformation: [-0.9233f,-0.058f,-0.3797f,0.3398f,-0.0827f,0.9954f,0.0491f,2.6633f,0.3751f,0.0768f,-0.9238f,0.8766f,0f,0f,0f,1f],start_interpolation: 0,interpolation_duration: 1}
$data merge entity $(bone_ear_right) {transformation: [-0.9207f,0.0684f,0.3841f,-0.3602f,0.0927f,0.9947f,0.045f,2.6671f,-0.379f,0.077f,-0.9222f,0.8751f,0f,0f,0f,1f],start_interpolation: 0,interpolation_duration: 1}
$data merge entity $(bone_head_angle) {transformation: [-1f,0.0052f,0.0025f,-0.0119f,0.0054f,0.997f,0.077f,2.4052f,-0.0021f,0.077f,-0.997f,0.9968f,0f,0f,0f,1f],start_interpolation: 0,interpolation_duration: 1}
$data merge entity $(bone_neck3) {transformation: [-0.9996f,-0.0293f,0.0018f,0.0093f,-0.0293f,0.9976f,-0.0634f,1.6822f,0.0001f,-0.0634f,-0.998f,0.9488f,0f,0f,0f,1f],start_interpolation: 0,interpolation_duration: 1}
$data merge entity $(bone_neck2) {transformation: [-0.9999f,-0.0136f,0.0007f,0.0153f,-0.0136f,0.9996f,-0.0255f,1.2461f,-0.0003f,-0.0255f,-0.9997f,1.0068f,0f,0f,0f,1f],start_interpolation: 0,interpolation_duration: 1}
$data merge entity $(bone_chest2) {transformation: [-0.9999f,-0.0131f,-0.0039f,0.028f,-0.0136f,0.9518f,0.3065f,0.3127f,-0.0003f,0.3065f,-0.9519f,1.051f,0f,0f,0f,1f],start_interpolation: 0,interpolation_duration: 1}
$data merge entity $(bone_chest) {transformation: [-0.9999f,-0.0134f,0.0054f,0.0311f,-0.0144f,0.9283f,-0.3716f,0.0979f,0f,-0.3716f,-0.9284f,0.5984f,0f,0f,0f,1f],start_interpolation: 0,interpolation_duration: 1}
$data merge entity $(bone_tail2) {transformation: [-0.9999f,-0.0144f,0.0005f,0.0285f,-0.0144f,0.9993f,-0.0332f,0.2768f,0f,-0.0332f,-0.9994f,-1.0913f,0f,0f,0f,1f],start_interpolation: 0,interpolation_duration: 1}
$data merge entity $(bone_tail) {transformation: [-0.9999f,-0.0143f,0.0017f,0.0242f,-0.0144f,0.9926f,-0.1207f,0.5702f,0f,-0.1207f,-0.9927f,-0.7492f,0f,0f,0f,1f],start_interpolation: 0,interpolation_duration: 1}
$data merge entity $(bone_torso) {transformation: [-0.9999f,-0.0144f,0.001f,0.0231f,-0.0144f,0.9976f,-0.0677f,0.648f,0f,-0.0677f,-0.9977f,-0.0654f,0f,0f,0f,1f],start_interpolation: 0,interpolation_duration: 1}
$data merge entity $(bone_leg_front_left4) {transformation: [-0.9428f,0.2934f,-0.1583f,1.6532f,0.28f,0.9546f,0.1017f,-0.3897f,0.1809f,0.0516f,-0.9821f,0.6521f,0f,0f,0f,1f],start_interpolation: 0,interpolation_duration: 1}
$data merge entity $(bone_leg_front_left3) {transformation: [-0.8671f,0.4981f,0.0078f,1.3087f,0.4978f,0.8658f,0.0515f,-0.174f,0.0189f,0.0486f,-0.9986f,0.6606f,0f,0f,0f,1f],start_interpolation: 0,interpolation_duration: 1}
$data merge entity $(bone_leg_front_left2) {transformation: [-0.7911f,0.5909f,0.1583f,0.8235f,0.5934f,0.8041f,-0.0357f,0.2095f,-0.1484f,0.0657f,-0.9867f,0.5689f,0f,0f,0f,1f],start_interpolation: 0,interpolation_duration: 1}
$data merge entity $(bone_leg_front_left) {transformation: [-0.7808f,0.568f,0.2602f,0.6527f,0.5597f,0.821f,-0.1128f,0.3319f,-0.2777f,0.0575f,-0.9589f,0.5081f,0f,0f,0f,1f],start_interpolation: 0,interpolation_duration: 1}
$data merge entity $(bone_leg_back_left4) {transformation: [-0.6823f,-0.0242f,-0.7307f,1.2003f,-0.0149f,0.9997f,-0.0192f,0.0599f,0.7309f,-0.0022f,-0.6825f,-0.9436f,0f,0f,0f,1f],start_interpolation: 0,interpolation_duration: 1}
$data merge entity $(bone_leg_back_left3) {transformation: [-0.8218f,0.0677f,-0.5657f,1.0206f,0.0927f,0.9956f,-0.0155f,0.0801f,0.5621f,-0.0652f,-0.8245f,-0.8207f,0f,0f,0f,1f],start_interpolation: 0,interpolation_duration: 1}
$data merge entity $(bone_leg_back_left2) {transformation: [-0.8437f,0.2151f,-0.4919f,0.7042f,0.2598f,0.9654f,-0.0235f,0.1776f,0.4698f,-0.1476f,-0.8703f,-0.6445f,0f,0f,0f,1f],start_interpolation: 0,interpolation_duration: 1}
$data merge entity $(bone_leg_back_left) {transformation: [-0.8638f,0.3336f,-0.3776f,0.6232f,0.3814f,0.9226f,-0.0572f,0.2133f,0.3293f,-0.1934f,-0.9242f,-0.6136f,0f,0f,0f,1f],start_interpolation: 0,interpolation_duration: 1}
$data merge entity $(bone_leg_front_right4) {transformation: [-0.9343f,-0.3209f,0.1553f,-1.5763f,-0.3071f,0.9457f,0.1062f,-0.4364f,-0.1809f,0.0516f,-0.9821f,0.6521f,0f,0f,0f,1f],start_interpolation: 0,interpolation_duration: 1}
$data merge entity $(bone_leg_front_right3) {transformation: [-0.8524f,-0.5229f,-0.0093f,-1.2382f,-0.5226f,0.851f,0.0513f,-0.2107f,-0.0189f,0.0486f,-0.9986f,0.6606f,0f,0f,0f,1f],start_interpolation: 0,interpolation_duration: 1}
$data merge entity $(bone_leg_front_right2) {transformation: [-0.7736f,-0.6138f,-0.1572f,-0.7643f,-0.616f,0.7867f,-0.0402f,0.1866f,0.1484f,0.0657f,-0.9867f,0.5689f,0f,0f,0f,1f],start_interpolation: 0,interpolation_duration: 1}
$data merge entity $(bone_leg_front_right) {transformation: [-0.7643f,-0.5915f,-0.2568f,-0.5971f,-0.582f,0.8042f,-0.1203f,0.3139f,0.2777f,0.0575f,-0.9589f,0.5081f,0f,0f,0f,1f],start_interpolation: 0,interpolation_duration: 1}
$data merge entity $(bone_leg_back_right4) {transformation: [-0.6824f,-0.0046f,0.7309f,-1.1366f,-0.0048f,1f,0.0019f,0.0261f,-0.7309f,-0.0022f,-0.6825f,-0.9436f,0f,0f,0f,1f],start_interpolation: 0,interpolation_duration: 1}
$data merge entity $(bone_leg_back_right3) {transformation: [-0.8188f,-0.0964f,0.5659f,-0.9575f,-0.1164f,0.9932f,0.0008f,0.0516f,-0.5621f,-0.0652f,-0.8245f,-0.8207f,0f,0f,0f,1f],start_interpolation: 0,interpolation_duration: 1}
$data merge entity $(bone_leg_back_right2) {transformation: [-0.8358f,-0.2429f,0.4924f,-0.6441f,-0.2841f,0.9588f,-0.0093f,0.1581f,-0.4698f,-0.1476f,-0.8703f,-0.6445f,0f,0f,0f,1f],start_interpolation: 0,interpolation_duration: 1}
$data merge entity $(bone_leg_back_right) {transformation: [-0.8524f,-0.3601f,0.3791f,-0.5642f,-0.4062f,0.9126f,-0.0463f,0.1962f,-0.3293f,-0.1934f,-0.9242f,-0.6136f,0f,0f,0f,1f],start_interpolation: 0,interpolation_duration: 1}
data modify entity @s data merge value {"cameras":{},"locators":{"target":{"px":0.016934652965953124,"py":1.0760811956989575,"pz":1.54642829145102,"ry":0.027181111286893156,"rx":-1.8821558436371082},"body":{"px":0.019478876425272837,"py":0.8998430570324963,"pz":-0.01112263722077475,"ry":0.027181111286893156,"rx":-1.8821558436371082},"head":{"px":-0.010054169183991317,"py":2.8005682991506955,"pz":1.1527126310298075,"ry":0.1463102275135384,"rx":4.417742635304968},"mouth":{"px":-0.0135615823418994,"py":2.1965555113839867,"pz":1.262755237629383,"ry":0.1463102275135384,"rx":4.417742635304968},"special":{"px":-0.0135615823418994,"py":2.1965555113839867,"pz":1.262755237629383,"ry":0.1463102275135384,"rx":4.417742635304968},"face":{"px":-0.01289107769750097,"py":2.5050980748970075,"pz":1.731667982097195,"ry":0.1463102275135384,"rx":4.417742635304968},"eye1":{"px":-0.3554818659656443,"py":2.5373373148876093,"pz":1.267799736214442,"ry":0.17381615393236416,"rx":9.417668124103024},"eye2":{"px":0.3320064771582019,"py":2.5336125852530667,"pz":1.2692675434150789,"ry":0.17381615393236416,"rx":9.417668124103024},"horn":{"px":-0.010068593933328063,"py":2.9112457313896383,"pz":1.4403255808598192,"ry":0.17381615393236416,"rx":9.417668124103024},"physical":{"px":-0.010068593933328063,"py":2.9112457313896383,"pz":1.4403255808598192,"ry":0.17381615393236416,"rx":9.417668124103024},"jaw_upper":{"px":-0.014157594945416522,"py":2.1972281538055376,"pz":1.5436212316475277,"ry":0.17381615393236416,"rx":9.417668124103024},"jaw_lower":{"px":-0.013737558023022005,"py":2.2777085406467186,"pz":1.5511134922347294,"ry":0.1463102275135384,"rx":4.417742635304968},"tail_tip":{"px":0.0286530532579173,"py":0.2643486224301847,"pz":-1.4660456000033744,"ry":0.027504336543870522,"rx":-1.9045211862514067}}}
function animated_java:lapras/animations/surfacewater_idle/zzz/frames/on_tick/transform_floating_entities