# This file was generated by Animated Java via MC-Build. It is not recommended to edit this file directly.
$data merge entity $(bone_shell2) {transformation: [-1.1978f,-0.0169f,0.005f,0.014f,-0.0177f,1.1493f,-0.3372f,1.1752f,0f,-0.3373f,-1.1495f,-0.4922f,0f,0f,0f,1f],start_interpolation: 0,interpolation_duration: 1}
$data merge entity $(bone_shell) {transformation: [-1.2603f,-0.0184f,0.0029f,0.0151f,-0.0186f,1.2453f,-0.194f,1.0975f,0f,-0.194f,-1.2454f,0.532f,0f,0f,0f,1f],start_interpolation: 0,interpolation_duration: 1}
$data merge entity $(bone_pupil_right2) {transformation: [-1f,0.0052f,0.0032f,-0.3592f,0.0057f,0.9866f,0.163f,2.5394f,-0.0023f,0.1631f,-0.9866f,1.2659f,0f,0f,0f,1f],start_interpolation: 0,interpolation_duration: 1}
$data merge entity $(bone_pupil_right) {transformation: [-1f,0.0052f,0.0032f,-0.3578f,0.0057f,0.9866f,0.163f,2.5342f,-0.0023f,0.1631f,-0.9866f,1.2017f,0f,0f,0f,1f],start_interpolation: 0,interpolation_duration: 1}
$data merge entity $(bone_eyelid_right) {transformation: [-1f,0.0052f,0.0032f,-0.3214f,0.0057f,0.9866f,0.163f,2.5648f,-0.0023f,0.1631f,-0.9866f,1.2069f,0f,0f,0f,1f],start_interpolation: 0,interpolation_duration: 1}
$data merge entity $(bone_eye_right) {transformation: [-1f,0.0052f,0.0032f,-0.3577f,0.0057f,0.9866f,0.163f,2.565f,-0.0023f,0.1631f,-0.9866f,1.2068f,0f,0f,0f,1f],start_interpolation: 0,interpolation_duration: 1}
$data merge entity $(bone_pupil_left2) {transformation: [-1f,0.0052f,0.0032f,0.3333f,0.0057f,0.9866f,0.163f,2.5355f,-0.0023f,0.1631f,-0.9866f,1.2675f,0f,0f,0f,1f],start_interpolation: 0,interpolation_duration: 1}
$data merge entity $(bone_pupil_left) {transformation: [-1f,0.0052f,0.0032f,0.3321f,0.0057f,0.9866f,0.163f,2.5302f,-0.0023f,0.1631f,-0.9866f,1.2033f,0f,0f,0f,1f],start_interpolation: 0,interpolation_duration: 1}
$data merge entity $(bone_eyelid_left) {transformation: [-1f,0.0052f,0.0032f,0.2961f,0.0057f,0.9866f,0.163f,2.5613f,-0.0023f,0.1631f,-0.9866f,1.2083f,0f,0f,0f,1f],start_interpolation: 0,interpolation_duration: 1}
$data merge entity $(bone_eye_left) {transformation: [-1f,0.0052f,0.0032f,0.3323f,0.0057f,0.9866f,0.163f,2.5611f,-0.0023f,0.1631f,-0.9866f,1.2084f,0f,0f,0f,1f],start_interpolation: 0,interpolation_duration: 1}
$data merge entity $(bone_muzzle2) {transformation: [-1f,0.0049f,0.0036f,-0.0129f,0.0057f,0.9686f,0.2484f,2.6282f,-0.0023f,0.2484f,-0.9686f,1.4386f,0f,0f,0f,1f],start_interpolation: 0,interpolation_duration: 1}
$data merge entity $(bone_muzzle) {transformation: [-1f,0.0052f,0.0032f,-0.0112f,0.0057f,0.9866f,0.163f,2.8024f,-0.0023f,0.1631f,-0.9866f,1.1507f,0f,0f,0f,1f],start_interpolation: 0,interpolation_duration: 1}
$data merge entity $(bone_tongue) {transformation: [-1f,0.0055f,0.0027f,-0.014f,0.0057f,0.9971f,0.0764f,2.2751f,-0.0023f,0.0764f,-0.9971f,1.0789f,0f,0f,0f,1f],start_interpolation: 0,interpolation_duration: 1}
$data merge entity $(bone_jaw) {transformation: [-1f,0.0055f,0.0027f,-0.0139f,0.0057f,0.9971f,0.0764f,2.3039f,-0.0023f,0.0764f,-0.9971f,1.1125f,0f,0f,0f,1f],start_interpolation: 0,interpolation_duration: 1}
$data merge entity $(bone_ear_left) {transformation: [-0.9232f,-0.0609f,-0.3794f,0.3387f,-0.0852f,0.9952f,0.0475f,2.665f,0.3748f,0.0761f,-0.924f,0.8747f,0f,0f,0f,1f],start_interpolation: 0,interpolation_duration: 1}
$data merge entity $(bone_ear_right) {transformation: [-0.9204f,0.0718f,0.3842f,-0.3613f,0.0956f,0.9945f,0.0431f,2.6689f,-0.379f,0.0764f,-0.9222f,0.8731f,0f,0f,0f,1f],start_interpolation: 0,interpolation_duration: 1}
$data merge entity $(bone_head_angle) {transformation: [-1f,0.0055f,0.0027f,-0.0131f,0.0057f,0.9971f,0.0764f,2.4069f,-0.0023f,0.0764f,-0.9971f,0.995f,0f,0f,0f,1f],start_interpolation: 0,interpolation_duration: 1}
$data merge entity $(bone_neck3) {transformation: [-0.9996f,-0.0291f,0.0019f,0.008f,-0.0291f,0.9974f,-0.0657f,1.6839f,0f,-0.0657f,-0.9978f,0.9487f,0f,0f,0f,1f],start_interpolation: 0,interpolation_duration: 1}
$data merge entity $(bone_neck2) {transformation: [-0.9999f,-0.0136f,0.0008f,0.0139f,-0.0137f,0.9995f,-0.0271f,1.2479f,-0.0004f,-0.0271f,-0.9996f,1.0074f,0f,0f,0f,1f],start_interpolation: 0,interpolation_duration: 1}
$data merge entity $(bone_chest2) {transformation: [-0.9999f,-0.0131f,-0.0038f,0.0266f,-0.0137f,0.9519f,0.3062f,0.3145f,-0.0004f,0.3062f,-0.952f,1.0519f,0f,0f,0f,1f],start_interpolation: 0,interpolation_duration: 1}
$data merge entity $(bone_chest) {transformation: [-0.9999f,-0.0137f,0.0055f,0.0298f,-0.0147f,0.9284f,-0.3712f,0.0999f,0f,-0.3713f,-0.9285f,0.5992f,0f,0f,0f,1f],start_interpolation: 0,interpolation_duration: 1}
$data merge entity $(bone_tail2) {transformation: [-0.9999f,-0.0147f,0.0006f,0.0272f,-0.0147f,0.9991f,-0.0392f,0.279f,0f,-0.0393f,-0.9992f,-1.0898f,0f,0f,0f,1f],start_interpolation: 0,interpolation_duration: 1}
$data merge entity $(bone_tail) {transformation: [-0.9999f,-0.0146f,0.0018f,0.0228f,-0.0147f,0.9924f,-0.1219f,0.5728f,0f,-0.122f,-0.9925f,-0.7481f,0f,0f,0f,1f],start_interpolation: 0,interpolation_duration: 1}
$data merge entity $(bone_torso) {transformation: [-0.9999f,-0.0147f,0.001f,0.0217f,-0.0147f,0.9976f,-0.0672f,0.6502f,0f,-0.0672f,-0.9977f,-0.0643f,0f,0f,0f,1f],start_interpolation: 0,interpolation_duration: 1}
$data merge entity $(bone_leg_front_left4) {transformation: [-0.9386f,0.308f,-0.1558f,1.6454f,0.2939f,0.9498f,0.1072f,-0.3968f,0.1809f,0.0548f,-0.982f,0.6522f,0f,0f,0f,1f],start_interpolation: 0,interpolation_duration: 1}
$data merge entity $(bone_leg_front_left3) {transformation: [-0.8602f,0.5098f,0.0096f,1.3039f,0.5095f,0.8587f,0.0545f,-0.1764f,0.0196f,0.0518f,-0.9985f,0.661f,0f,0f,0f,1f],start_interpolation: 0,interpolation_duration: 1}
$data merge entity $(bone_leg_front_left2) {transformation: [-0.7859f,0.5976f,0.1588f,0.822f,0.6004f,0.7989f,-0.0348f,0.2113f,-0.1477f,0.068f,-0.9867f,0.5697f,0f,0f,0f,1f],start_interpolation: 0,interpolation_duration: 1}
$data merge entity $(bone_leg_front_left) {transformation: [-0.7797f,0.5696f,0.26f,0.6514f,0.5613f,0.8198f,-0.1129f,0.3341f,-0.2775f,0.058f,-0.959f,0.509f,0f,0f,0f,1f],start_interpolation: 0,interpolation_duration: 1}
$data merge entity $(bone_leg_back_left4) {transformation: [-0.6826f,-0.0191f,-0.7305f,1.1977f,-0.0131f,0.9998f,-0.0139f,0.0569f,0.7306f,0.0001f,-0.6828f,-0.9424f,0f,0f,0f,1f],start_interpolation: 0,interpolation_duration: 1}
$data merge entity $(bone_leg_back_left3) {transformation: [-0.8212f,0.0771f,-0.5654f,1.0181f,0.1008f,0.9949f,-0.0107f,0.0789f,0.5617f,-0.0658f,-0.8247f,-0.8195f,0f,0f,0f,1f],start_interpolation: 0,interpolation_duration: 1}
$data merge entity $(bone_leg_back_left2) {transformation: [-0.8412f,0.2251f,-0.4917f,0.7027f,0.2691f,0.9629f,-0.0195f,0.1798f,0.4691f,-0.1487f,-0.8705f,-0.6436f,0f,0f,0f,1f],start_interpolation: 0,interpolation_duration: 1}
$data merge entity $(bone_leg_back_left) {transformation: [-0.8615f,0.3394f,-0.3777f,0.6219f,0.3865f,0.9207f,-0.0544f,0.216f,0.3293f,-0.1929f,-0.9243f,-0.6127f,0f,0f,0f,1f],start_interpolation: 0,interpolation_duration: 1}
$data merge entity $(bone_leg_front_right4) {transformation: [-0.9295f,-0.3358f,0.1525f,-1.5704f,-0.3214f,0.9403f,0.1117f,-0.4442f,-0.1809f,0.0548f,-0.982f,0.6522f,0f,0f,0f,1f],start_interpolation: 0,interpolation_duration: 1}
$data merge entity $(bone_leg_front_right3) {transformation: [-0.8448f,-0.5349f,-0.0112f,-1.2355f,-0.5347f,0.8433f,0.0542f,-0.2138f,-0.0196f,0.0518f,-0.9985f,0.661f,0f,0f,0f,1f],start_interpolation: 0,interpolation_duration: 1}
$data merge entity $(bone_leg_front_right2) {transformation: [-0.7679f,-0.6208f,-0.1577f,-0.7653f,-0.6233f,0.781f,-0.0395f,0.1879f,0.1477f,0.068f,-0.9867f,0.5697f,0f,0f,0f,1f],start_interpolation: 0,interpolation_duration: 1}
$data merge entity $(bone_leg_front_right) {transformation: [-0.7628f,-0.5936f,-0.2566f,-0.5984f,-0.5841f,0.8027f,-0.1205f,0.3157f,0.2775f,0.058f,-0.959f,0.509f,0f,0f,0f,1f],start_interpolation: 0,interpolation_duration: 1}
$data merge entity $(bone_leg_back_right4) {transformation: [-0.6827f,-0.0103f,0.7306f,-1.1363f,-0.007f,0.9999f,0.0076f,0.0225f,-0.7306f,0.0001f,-0.6828f,-0.9424f,0f,0f,0f,1f],start_interpolation: 0,interpolation_duration: 1}
$data merge entity $(bone_leg_back_right3) {transformation: [-0.8179f,-0.1064f,0.5655f,-0.9574f,-0.1249f,0.9921f,0.0059f,0.0498f,-0.5617f,-0.0658f,-0.8247f,-0.8195f,0f,0f,0f,1f],start_interpolation: 0,interpolation_duration: 1}
$data merge entity $(bone_leg_back_right2) {transformation: [-0.8329f,-0.2534f,0.4921f,-0.6451f,-0.2937f,0.9559f,-0.005f,0.1599f,-0.4691f,-0.1487f,-0.8705f,-0.6436f,0f,0f,0f,1f],start_interpolation: 0,interpolation_duration: 1}
$data merge entity $(bone_leg_back_right) {transformation: [-0.8497f,-0.3664f,0.3792f,-0.5655f,-0.4118f,0.9103f,-0.0433f,0.1985f,-0.3293f,-0.1929f,-0.9243f,-0.6127f,0f,0f,0f,1f],start_interpolation: 0,interpolation_duration: 1}
data modify entity @s data merge value {"cameras":{},"locators":{"target":{"posx":0.01540088955356947,"posy":1.077558681054813,"posz":1.5477232743410778,"roty":0.02733507697865889,"rotx":-1.85416629650645},"body":{"posx":0.017986954291219104,"posy":0.9020819913965834,"posz":-0.0099135554930662,"roty":0.02733507697865889,"rotx":-1.85416629650645},"head":{"posx":-0.0112031582758926,"posy":2.8024421370487267,"posz":1.1507021643734214,"roty":0.15684120224679532,"rotx":4.383703913574943},"mouth":{"posx":-0.014884424592366111,"posy":2.198495682559028,"posz":1.2611025873238313,"roty":0.15684120224679532,"rotx":4.383703913574943},"special":{"posx":-0.014884424592366111,"posy":2.198495682559028,"posz":1.2611025873238313,"roty":0.15684120224679532,"rotx":4.383703913574943},"face":{"posx":-0.014211230708533465,"posy":2.5073162748607745,"posz":1.7298322680358527,"roty":0.15684120224679532,"rotx":4.383703913574943},"eye1":{"posx":-0.3567176139496434,"posy":2.539368574236573,"posz":1.2658887435810762,"roty":0.18564564000746486,"rotx":9.383622189368296},"eye2":{"posx":0.330769495537302,"posy":2.5354674439073053,"posz":1.267471611686384,"roty":0.18564564000746486,"rotx":9.383622189368296},"horn":{"posx":-0.011236201037780655,"posy":2.9132902276105725,"posz":1.4382493828471334,"roty":0.18564564000746486,"rotx":9.383622189368296},"physical":{"posx":-0.011236201037780655,"posy":2.9132902276105725,"posz":1.4382493828471334,"roty":0.18564564000746486,"rotx":9.383622189368296},"jaw_upper":{"posx":-0.015526324731760783,"posy":2.199335152458554,"posz":1.5419680311383923,"roty":0.18564564000746486,"rotx":9.383622189368296},"jaw_lower":{"posx":-0.01508675640431903,"posy":2.2798198602668007,"posz":1.5494126032910058,"roty":0.15684120224679532,"rotx":4.383703913574943},"tail_tip":{"posx":0.027386284080992366,"posy":0.26429313309656904,"posz":-1.464558857406816,"roty":0.033164986444717215,"rotx":-2.24924448545463}}}