# This file was generated by Animated Java via MC-Build. It is not recommended to edit this file directly.
$data merge entity $(bone_shell2) {transformation: [-1.1978f,-0.0182f,0.0053f,0.0075f,-0.0189f,1.1503f,-0.3337f,1.1851f,0f,-0.3338f,-1.1505f,-0.4862f,0f,0f,0f,1f],start_interpolation: 0,interpolation_duration: 1}
$data merge entity $(bone_shell) {transformation: [-1.2603f,-0.0197f,0.003f,0.0088f,-0.0199f,1.2458f,-0.1901f,1.1043f,0f,-0.1902f,-1.246f,0.5377f,0f,0f,0f,1f],start_interpolation: 0,interpolation_duration: 1}
$data merge entity $(bone_pupil_right2) {transformation: [-1f,0.0061f,0.004f,-0.364f,0.0066f,0.9871f,0.1602f,2.5461f,-0.003f,0.1602f,-0.9871f,1.2598f,0f,0f,0f,1f],start_interpolation: 0,interpolation_duration: 1}
$data merge entity $(bone_pupil_right) {transformation: [-1f,0.0061f,0.004f,-0.3626f,0.0066f,0.9871f,0.1602f,2.5407f,-0.003f,0.1602f,-0.9871f,1.1956f,0f,0f,0f,1f],start_interpolation: 0,interpolation_duration: 1}
$data merge entity $(bone_eyelid_right) {transformation: [-1f,0.0061f,0.004f,-0.3261f,0.0066f,0.9871f,0.1602f,2.5713f,-0.003f,0.1602f,-0.9871f,1.2007f,0f,0f,0f,1f],start_interpolation: 0,interpolation_duration: 1}
$data merge entity $(bone_eye_right) {transformation: [-1f,0.0061f,0.004f,-0.3624f,0.0066f,0.9871f,0.1602f,2.5715f,-0.003f,0.1602f,-0.9871f,1.2006f,0f,0f,0f,1f],start_interpolation: 0,interpolation_duration: 1}
$data merge entity $(bone_pupil_left2) {transformation: [-1f,0.0061f,0.004f,0.3285f,0.0066f,0.9871f,0.1602f,2.5415f,-0.003f,0.1602f,-0.9871f,1.2618f,0f,0f,0f,1f],start_interpolation: 0,interpolation_duration: 1}
$data merge entity $(bone_pupil_left) {transformation: [-1f,0.0061f,0.004f,0.3274f,0.0066f,0.9871f,0.1602f,2.5361f,-0.003f,0.1602f,-0.9871f,1.1976f,0f,0f,0f,1f],start_interpolation: 0,interpolation_duration: 1}
$data merge entity $(bone_eyelid_left) {transformation: [-1f,0.0061f,0.004f,0.2913f,0.0066f,0.9871f,0.1602f,2.5672f,-0.003f,0.1602f,-0.9871f,1.2025f,0f,0f,0f,1f],start_interpolation: 0,interpolation_duration: 1}
$data merge entity $(bone_eye_left) {transformation: [-1f,0.0061f,0.004f,0.3276f,0.0066f,0.9871f,0.1602f,2.5669f,-0.003f,0.1602f,-0.9871f,1.2027f,0f,0f,0f,1f],start_interpolation: 0,interpolation_duration: 1}
$data merge entity $(bone_muzzle2) {transformation: [-1f,0.0057f,0.0045f,-0.0177f,0.0066f,0.9693f,0.2456f,2.635f,-0.003f,0.2457f,-0.9694f,1.4325f,0f,0f,0f,1f],start_interpolation: 0,interpolation_duration: 1}
$data merge entity $(bone_muzzle) {transformation: [-1f,0.0061f,0.004f,-0.0156f,0.0066f,0.9871f,0.1602f,2.8085f,-0.003f,0.1602f,-0.9871f,1.1441f,0f,0f,0f,1f],start_interpolation: 0,interpolation_duration: 1}
$data merge entity $(bone_tongue) {transformation: [-1f,0.0064f,0.0034f,-0.0189f,0.0066f,0.9973f,0.0736f,2.281f,-0.003f,0.0736f,-0.9973f,1.0738f,0f,0f,0f,1f],start_interpolation: 0,interpolation_duration: 1}
$data merge entity $(bone_jaw) {transformation: [-1f,0.0064f,0.0034f,-0.0189f,0.0066f,0.9973f,0.0736f,2.3098f,-0.003f,0.0736f,-0.9973f,1.1073f,0f,0f,0f,1f],start_interpolation: 0,interpolation_duration: 1}
$data merge entity $(bone_ear_left) {transformation: [-0.9227f,-0.0737f,-0.3785f,0.3343f,-0.0958f,0.9946f,0.04f,2.6699f,0.3735f,0.0731f,-0.9248f,0.8687f,0f,0f,0f,1f],start_interpolation: 0,interpolation_duration: 1}
$data merge entity $(bone_ear_right) {transformation: [-0.9191f,0.0864f,0.3844f,-0.3657f,0.108f,0.9935f,0.0349f,2.6745f,-0.3789f,0.0736f,-0.9225f,0.8666f,0f,0f,0f,1f],start_interpolation: 0,interpolation_duration: 1}
$data merge entity $(bone_head_angle) {transformation: [-1f,0.0064f,0.0034f,-0.0178f,0.0066f,0.9973f,0.0736f,2.4125f,-0.003f,0.0736f,-0.9973f,0.9895f,0f,0f,0f,1f],start_interpolation: 0,interpolation_duration: 1}
$data merge entity $(bone_neck3) {transformation: [-0.9996f,-0.0279f,0.0025f,0.0025f,-0.028f,0.9968f,-0.0746f,1.6891f,-0.0004f,-0.0747f,-0.9972f,0.9497f,0f,0f,0f,1f],start_interpolation: 0,interpolation_duration: 1}
$data merge entity $(bone_neck2) {transformation: [-0.9999f,-0.0137f,0.0013f,0.0084f,-0.0137f,0.9994f,-0.0323f,1.2533f,-0.0008f,-0.0323f,-0.9995f,1.0107f,0f,0f,0f,1f],start_interpolation: 0,interpolation_duration: 1}
$data merge entity $(bone_chest2) {transformation: [-0.9999f,-0.0133f,-0.0034f,0.0212f,-0.0137f,0.9519f,0.3063f,0.32f,-0.0008f,0.3063f,-0.9519f,1.0551f,0f,0f,0f,1f],start_interpolation: 0,interpolation_duration: 1}
$data merge entity $(bone_chest) {transformation: [-0.9999f,-0.0147f,0.0058f,0.0246f,-0.0158f,0.9293f,-0.3689f,0.1065f,0f,-0.3689f,-0.9295f,0.6019f,0f,0f,0f,1f],start_interpolation: 0,interpolation_duration: 1}
$data merge entity $(bone_tail2) {transformation: [-0.9999f,-0.0158f,0.001f,0.0217f,-0.0158f,0.998f,-0.0612f,0.2887f,0f,-0.0613f,-0.9981f,-1.0848f,0f,0f,0f,1f],start_interpolation: 0,interpolation_duration: 1}
$data merge entity $(bone_tail) {transformation: [-0.9999f,-0.0157f,0.002f,0.017f,-0.0158f,0.992f,-0.1249f,0.5836f,0f,-0.1249f,-0.9922f,-0.744f,0f,0f,0f,1f],start_interpolation: 0,interpolation_duration: 1}
$data merge entity $(bone_torso) {transformation: [-0.9999f,-0.0158f,0.001f,0.0158f,-0.0158f,0.9978f,-0.0641f,0.6589f,0f,-0.0641f,-0.9979f,-0.0599f,0f,0f,0f,1f],start_interpolation: 0,interpolation_duration: 1}
$data merge entity $(bone_leg_front_left4) {transformation: [-0.9188f,0.3671f,-0.1451f,1.6147f,0.3502f,0.9277f,0.1295f,-0.4224f,0.1821f,0.0681f,-0.9809f,0.6516f,0f,0f,0f,1f],start_interpolation: 0,interpolation_duration: 1}
$data merge entity $(bone_leg_front_left3) {transformation: [-0.8321f,0.5544f,0.0167f,1.2853f,0.5542f,0.8297f,0.0667f,-0.1844f,0.0232f,0.0647f,-0.9976f,0.6621f,0f,0f,0f,1f],start_interpolation: 0,interpolation_duration: 1}
$data merge entity $(bone_leg_front_left2) {transformation: [-0.7668f,0.6214f,0.1609f,0.8158f,0.6254f,0.7797f,-0.0305f,0.2187f,-0.1444f,0.0772f,-0.9865f,0.573f,0f,0f,0f,1f],start_interpolation: 0,interpolation_duration: 1}
$data merge entity $(bone_leg_front_left) {transformation: [-0.7766f,0.574f,0.2596f,0.6459f,0.5662f,0.8167f,-0.1119f,0.3426f,-0.2762f,0.0601f,-0.9592f,0.5126f,0f,0f,0f,1f],start_interpolation: 0,interpolation_duration: 1}
$data merge entity $(bone_leg_back_left4) {transformation: [-0.6841f,0.0078f,-0.7294f,1.186f,0.0006f,0.9999f,0.0101f,0.0431f,0.7294f,0.0065f,-0.684f,-0.9376f,0f,0f,0f,1f],start_interpolation: 0,interpolation_duration: 1}
$data merge entity $(bone_leg_back_left3) {transformation: [-0.8171f,0.1194f,-0.564f,1.0073f,0.138f,0.9904f,0.0098f,0.0732f,0.5598f,-0.0698f,-0.8257f,-0.8152f,0f,0f,0f,1f],start_interpolation: 0,interpolation_duration: 1}
$data merge entity $(bone_leg_back_left2) {transformation: [-0.8293f,0.2674f,-0.4907f,0.6963f,0.3081f,0.9513f,-0.0023f,0.1888f,0.4662f,-0.1531f,-0.8713f,-0.6404f,0f,0f,0f,1f],start_interpolation: 0,interpolation_duration: 1}
$data merge entity $(bone_leg_back_left) {transformation: [-0.8516f,0.3629f,-0.3782f,0.6165f,0.4076f,0.9122f,-0.0425f,0.227f,0.3296f,-0.1904f,-0.9247f,-0.6095f,0f,0f,0f,1f],start_interpolation: 0,interpolation_duration: 1}
$data merge entity $(bone_leg_front_right4) {transformation: [-0.9073f,-0.3962f,0.1409f,-1.5481f,-0.379f,0.9156f,0.134f,-0.4724f,-0.1821f,0.0681f,-0.9809f,0.6516f,0f,0f,0f,1f],start_interpolation: 0,interpolation_duration: 1}
$data merge entity $(bone_leg_front_right3) {transformation: [-0.8142f,-0.5803f,-0.0187f,-1.2264f,-0.5802f,0.8118f,0.0661f,-0.224f,-0.0232f,0.0647f,-0.9976f,0.6621f,0f,0f,0f,1f],start_interpolation: 0,interpolation_duration: 1}
$data merge entity $(bone_leg_front_right2) {transformation: [-0.7466f,-0.6457f,-0.1598f,-0.7698f,-0.6494f,0.7597f,-0.0356f,0.1937f,0.1444f,0.0772f,-0.9865f,0.573f,0f,0f,0f,1f],start_interpolation: 0,interpolation_duration: 1}
$data merge entity $(bone_leg_front_right) {transformation: [-0.7584f,-0.5995f,-0.2559f,-0.6039f,-0.5904f,0.7981f,-0.1201f,0.3228f,0.2762f,0.0601f,-0.9592f,0.5126f,0f,0f,0f,1f],start_interpolation: 0,interpolation_duration: 1}
$data merge entity $(bone_leg_back_right4) {transformation: [-0.6837f,-0.0394f,0.7287f,-1.1343f,-0.0222f,0.9992f,0.0331f,0.0064f,-0.7294f,0.0065f,-0.684f,-0.9376f,0f,0f,0f,1f],start_interpolation: 0,interpolation_duration: 1}
$data merge entity $(bone_leg_back_right3) {transformation: [-0.8123f,-0.1506f,0.5634f,-0.9566f,-0.1637f,0.9861f,0.0276f,0.0422f,-0.5598f,-0.0698f,-0.8257f,-0.8152f,0f,0f,0f,1f],start_interpolation: 0,interpolation_duration: 1}
$data merge entity $(bone_leg_back_right2) {transformation: [-0.8192f,-0.2973f,0.4905f,-0.6495f,-0.3342f,0.9424f,0.0132f,0.1675f,-0.4662f,-0.1531f,-0.8713f,-0.6404f,0f,0f,0f,1f],start_interpolation: 0,interpolation_duration: 1}
$data merge entity $(bone_leg_back_right) {transformation: [-0.8383f,-0.3916f,0.3794f,-0.5709f,-0.4343f,0.9002f,-0.0305f,0.2082f,-0.3296f,-0.1904f,-0.9247f,-0.6095f,0f,0f,0f,1f],start_interpolation: 0,interpolation_duration: 1}
data modify entity @s data merge value {"cameras":{},"locators":{"target":{"px":0.00914664730289692,"py":1.0822560813878763,"pz":1.5531182839750635,"ry":0.027080088485774922,"rx":-1.7141207697174967},"body":{"px":0.01185787249388174,"py":0.9105891906261852,"pz":-0.004942811705775874,"ry":0.027080088485774922,"rx":-1.7141207697174967},"head":{"px":-0.015648282298495155,"py":2.8084593325277996,"pz":1.1440824936532072,"ry":0.19740054571491328,"rx":4.2191030603919275},"mouth":{"px":-0.01998937328966086,"py":2.204836104739138,"pz":1.2562131264125196,"ry":0.19740054571491328,"rx":4.2191030603919275},"special":{"px":-0.01998937328966086,"py":2.204836104739138,"pz":1.2562131264125196,"ry":0.19740054571491328,"rx":4.2191030603919275},"face":{"px":-0.019311628577296097,"py":2.5149999368258866,"pz":1.724055047286834,"ry":0.19740054571491328,"rx":4.2191030603919275},"eye1":{"px":-0.36149244251025187,"py":2.5460544038930406,"pz":1.2598035238740868,"ry":0.2310966424730907,"rx":9.218991144792302},"eye2":{"px":0.32598938770912844,"py":2.541487636758877,"pz":1.2618352118799965,"ry":0.2310966424730907,"rx":9.218991144792302},"horn":{"px":-0.01575530076213176,"py":2.9201322437500856,"pz":1.4313103693393736,"ry":0.2310966424730907,"rx":9.218991144792302},"physical":{"px":-0.01575530076213176,"py":2.9201322437500856,"pz":1.4313103693393736,"ry":0.2310966424730907,"rx":9.218991144792302},"jaw_upper":{"px":-0.02080845660651227,"py":2.2064823166671306,"pz":1.537074539503495,"ry":0.2310966424730907,"rx":9.218991144792302},"jaw_lower":{"px":-0.020294999369436066,"py":2.2869875930992505,"pz":1.544288407681006,"ry":0.19740054571491328,"rx":4.2191030603919275},"tail_tip":{"px":0.02204180297020459,"py":0.2657723430928995,"pz":-1.459144370876844,"ry":0.0555252179746617,"rx":-3.511292322361206}}}
function animated_java:lapras/animations/surfacewater_idle/zzz/frames/on_tick/transform_floating_entities