# This file was generated by Animated Java via MC-Build. It is not recommended to edit this file directly.
$data merge entity $(bone_shell2) {transformation: [-1.1977f,-0.0196f,0.0055f,-0.004f,-0.0204f,1.1533f,-0.3232f,1.202f,0f,-0.3233f,-1.1535f,-0.474f,0f,0f,0f,1f],start_interpolation: 0,interpolation_duration: 1}
$data merge entity $(bone_shell) {transformation: [-1.2602f,-0.0213f,0.003f,-0.0025f,-0.0215f,1.2475f,-0.1788f,1.1119f,0f,-0.1788f,-1.2477f,0.5492f,0f,0f,0f,1f],start_interpolation: 0,interpolation_duration: 1}
$data merge entity $(bone_pupil_right2) {transformation: [-1f,0.0074f,0.0051f,-0.3715f,0.0081f,0.9881f,0.1535f,2.552f,-0.004f,0.1536f,-0.9881f,1.2554f,0f,0f,0f,1f],start_interpolation: 0,interpolation_duration: 1}
$data merge entity $(bone_pupil_right) {transformation: [-1f,0.0074f,0.0051f,-0.37f,0.0081f,0.9881f,0.1535f,2.5461f,-0.004f,0.1536f,-0.9881f,1.1913f,0f,0f,0f,1f],start_interpolation: 0,interpolation_duration: 1}
$data merge entity $(bone_eyelid_right) {transformation: [-1f,0.0074f,0.0051f,-0.3336f,0.0081f,0.9881f,0.1535f,2.5767f,-0.004f,0.1536f,-0.9881f,1.1962f,0f,0f,0f,1f],start_interpolation: 0,interpolation_duration: 1}
$data merge entity $(bone_eye_right) {transformation: [-1f,0.0074f,0.0051f,-0.3698f,0.0081f,0.9881f,0.1535f,2.577f,-0.004f,0.1536f,-0.9881f,1.1961f,0f,0f,0f,1f],start_interpolation: 0,interpolation_duration: 1}
$data merge entity $(bone_pupil_left2) {transformation: [-1f,0.0074f,0.0051f,0.321f,0.0081f,0.9881f,0.1535f,2.5464f,-0.004f,0.1536f,-0.9881f,1.2581f,0f,0f,0f,1f],start_interpolation: 0,interpolation_duration: 1}
$data merge entity $(bone_pupil_left) {transformation: [-1f,0.0074f,0.0051f,0.3199f,0.0081f,0.9881f,0.1535f,2.5405f,-0.004f,0.1536f,-0.9881f,1.194f,0f,0f,0f,1f],start_interpolation: 0,interpolation_duration: 1}
$data merge entity $(bone_eyelid_left) {transformation: [-1f,0.0074f,0.0051f,0.2839f,0.0081f,0.9881f,0.1535f,2.5717f,-0.004f,0.1536f,-0.9881f,1.1986f,0f,0f,0f,1f],start_interpolation: 0,interpolation_duration: 1}
$data merge entity $(bone_eye_left) {transformation: [-1f,0.0074f,0.0051f,0.3202f,0.0081f,0.9881f,0.1535f,2.5714f,-0.004f,0.1536f,-0.9881f,1.1988f,0f,0f,0f,1f],start_interpolation: 0,interpolation_duration: 1}
$data merge entity $(bone_muzzle2) {transformation: [-1f,0.0069f,0.0058f,-0.0252f,0.0081f,0.971f,0.2391f,2.6416f,-0.004f,0.2391f,-0.971f,1.4279f,0f,0f,0f,1f],start_interpolation: 0,interpolation_duration: 1}
$data merge entity $(bone_muzzle) {transformation: [-1f,0.0074f,0.0051f,-0.0227f,0.0081f,0.9881f,0.1535f,2.813f,-0.004f,0.1536f,-0.9881f,1.1383f,0f,0f,0f,1f],start_interpolation: 0,interpolation_duration: 1}
$data merge entity $(bone_tongue) {transformation: [-1f,0.0078f,0.0045f,-0.0267f,0.0081f,0.9977f,0.0668f,2.2851f,-0.004f,0.0669f,-0.9978f,1.0716f,0f,0f,0f,1f],start_interpolation: 0,interpolation_duration: 1}
$data merge entity $(bone_jaw) {transformation: [-1f,0.0078f,0.0045f,-0.0266f,0.0081f,0.9977f,0.0668f,2.3142f,-0.004f,0.0669f,-0.9978f,1.1048f,0f,0f,0f,1f],start_interpolation: 0,interpolation_duration: 1}
$data merge entity $(bone_ear_left) {transformation: [-0.9211f,-0.0989f,-0.3767f,0.3273f,-0.1165f,0.9929f,0.0241f,2.6721f,0.3716f,0.0661f,-0.926f,0.8642f,0f,0f,0f,1f],start_interpolation: 0,interpolation_duration: 1}
$data merge entity $(bone_ear_right) {transformation: [-0.9161f,0.1144f,0.3843f,-0.3727f,0.1314f,0.9912f,0.0179f,2.6777f,-0.3789f,0.0669f,-0.923f,0.8614f,0f,0f,0f,1f],start_interpolation: 0,interpolation_duration: 1}
$data merge entity $(bone_head_angle) {transformation: [-1f,0.0078f,0.0045f,-0.0253f,0.0081f,0.9977f,0.0668f,2.4161f,-0.004f,0.0669f,-0.9978f,0.9864f,0f,0f,0f,1f],start_interpolation: 0,interpolation_duration: 1}
$data merge entity $(bone_neck3) {transformation: [-0.9997f,-0.0249f,0.0032f,-0.0071f,-0.0251f,0.9958f,-0.0882f,1.6921f,-0.001f,-0.0883f,-0.9961f,0.9564f,0f,0f,0f,1f],start_interpolation: 0,interpolation_duration: 1}
$data merge entity $(bone_neck2) {transformation: [-0.9999f,-0.0132f,0.0019f,-0.0014f,-0.0133f,0.9992f,-0.0369f,1.2566f,-0.0014f,-0.037f,-0.9993f,1.0195f,0f,0f,0f,1f],start_interpolation: 0,interpolation_duration: 1}
$data merge entity $(bone_chest2) {transformation: [-0.9999f,-0.0131f,-0.0028f,0.011f,-0.0133f,0.9503f,0.3109f,0.3231f,-0.0014f,0.3109f,-0.9504f,1.0592f,0f,0f,0f,1f],start_interpolation: 0,interpolation_duration: 1}
$data merge entity $(bone_chest) {transformation: [-0.9999f,-0.0159f,0.0061f,0.0145f,-0.017f,0.9325f,-0.3608f,0.1135f,0f,-0.3609f,-0.9326f,0.6042f,0f,0f,0f,1f],start_interpolation: 0,interpolation_duration: 1}
$data merge entity $(bone_tail2) {transformation: [-0.9999f,-0.017f,0.0015f,0.0112f,-0.017f,0.9957f,-0.0906f,0.3087f,0f,-0.0906f,-0.9959f,-1.0787f,0f,0f,0f,1f],start_interpolation: 0,interpolation_duration: 1}
$data merge entity $(bone_tail) {transformation: [-0.9999f,-0.0169f,0.0021f,0.0062f,-0.017f,0.9923f,-0.1227f,0.6028f,0f,-0.1227f,-0.9924f,-0.7373f,0f,0f,0f,1f],start_interpolation: 0,interpolation_duration: 1}
$data merge entity $(bone_torso) {transformation: [-0.9999f,-0.017f,0.0009f,0.005f,-0.017f,0.9983f,-0.0551f,0.6719f,0f,-0.0551f,-0.9985f,-0.0525f,0f,0f,0f,1f],start_interpolation: 0,interpolation_duration: 1}
$data merge entity $(bone_leg_front_left4) {transformation: [-0.874f,0.4697f,-0.1249f,1.5664f,0.4477f,0.878f,0.1692f,-0.4559f,0.1891f,0.0919f,-0.9776f,0.6471f,0f,0f,0f,1f],start_interpolation: 0,interpolation_duration: 1}
$data merge entity $(bone_leg_front_left3) {transformation: [-0.7829f,0.6215f,0.0288f,1.2581f,0.6213f,0.7785f,0.0888f,-0.1914f,0.0328f,0.0874f,-0.9956f,0.6618f,0f,0f,0f,1f],start_interpolation: 0,interpolation_duration: 1}
$data merge entity $(bone_leg_front_left2) {transformation: [-0.7406f,0.6516f,0.1643f,0.8054f,0.6579f,0.7528f,-0.0204f,0.2315f,-0.137f,0.093f,-0.9862f,0.5776f,0f,0f,0f,1f],start_interpolation: 0,interpolation_duration: 1}
$data merge entity $(bone_leg_front_left) {transformation: [-0.7768f,0.5738f,0.2596f,0.6355f,0.5676f,0.8165f,-0.1061f,0.3557f,-0.2728f,0.0649f,-0.9599f,0.518f,0f,0f,0f,1f],start_interpolation: 0,interpolation_duration: 1}
$data merge entity $(bone_leg_back_left4) {transformation: [-0.6846f,0.0781f,-0.7247f,1.1601f,0.0482f,0.9969f,0.0619f,0.0131f,0.7273f,0.0074f,-0.6863f,-0.9302f,0f,0f,0f,1f],start_interpolation: 0,interpolation_duration: 1}
$data merge entity $(bone_leg_back_left3) {transformation: [-0.8022f,0.2089f,-0.5594f,0.9846f,0.2189f,0.9745f,0.05f,0.061f,0.5555f,-0.0823f,-0.8274f,-0.8086f,0f,0f,0f,1f],start_interpolation: 0,interpolation_duration: 1}
$data merge entity $(bone_leg_back_left2) {transformation: [-0.8013f,0.347f,-0.4873f,0.6841f,0.3814f,0.9239f,0.0307f,0.204f,0.4609f,-0.1612f,-0.8727f,-0.6358f,0f,0f,0f,1f],start_interpolation: 0,interpolation_duration: 1}
$data merge entity $(bone_leg_back_left) {transformation: [-0.8321f,0.4053f,-0.3786f,0.6061f,0.4449f,0.8954f,-0.0193f,0.2457f,0.3311f,-0.1845f,-0.9254f,-0.6048f,0f,0f,0f,1f],start_interpolation: 0,interpolation_duration: 1}
$data merge entity $(bone_leg_front_right4) {transformation: [-0.8582f,-0.4993f,0.119f,-1.5171f,-0.4772f,0.8615f,0.1733f,-0.5085f,-0.1891f,0.0919f,-0.9776f,0.6471f,0f,0f,0f,1f],start_interpolation: 0,interpolation_duration: 1}
$data merge entity $(bone_leg_front_right3) {transformation: [-0.7613f,-0.6476f,-0.0318f,-1.2179f,-0.6476f,0.7569f,0.0878f,-0.2336f,-0.0328f,0.0874f,-0.9956f,0.6618f,0f,0f,0f,1f],start_interpolation: 0,interpolation_duration: 1}
$data merge entity $(bone_leg_front_right2) {transformation: [-0.7177f,-0.6769f,-0.1635f,-0.7799f,-0.6827f,0.7302f,-0.026f,0.2045f,0.137f,0.093f,-0.9862f,0.5776f,0f,0f,0f,1f],start_interpolation: 0,interpolation_duration: 1}
$data merge entity $(bone_leg_front_right) {transformation: [-0.757f,-0.6012f,-0.2558f,-0.6143f,-0.5937f,0.7964f,-0.1149f,0.3344f,0.2728f,0.0649f,-0.9599f,0.518f,0f,0f,0f,1f],start_interpolation: 0,interpolation_duration: 1}
$data merge entity $(bone_leg_back_right4) {transformation: [-0.6826f,-0.112f,0.7222f,-1.1269f,-0.0715f,0.9937f,0.0866f,-0.0258f,-0.7273f,0.0074f,-0.6863f,-0.9302f,0f,0f,0f,1f],start_interpolation: 0,interpolation_duration: 1}
$data merge entity $(bone_leg_back_right3) {transformation: [-0.7943f,-0.2419f,0.5573f,-0.9532f,-0.2461f,0.9668f,0.069f,0.028f,-0.5555f,-0.0823f,-0.8274f,-0.8086f,0f,0f,0f,1f],start_interpolation: 0,interpolation_duration: 1}
$data merge entity $(bone_leg_back_right2) {transformation: [-0.7879f,-0.3783f,0.486f,-0.6578f,-0.4085f,0.9115f,0.0473f,0.1812f,-0.4609f,-0.1612f,-0.8727f,-0.6358f,0f,0f,0f,1f],start_interpolation: 0,interpolation_duration: 1}
$data merge entity $(bone_leg_back_right) {transformation: [-0.8165f,-0.4355f,0.379f,-0.5812f,-0.4729f,0.8811f,-0.0064f,0.2255f,-0.3311f,-0.1845f,-0.9254f,-0.6048f,0f,0f,0f,1f],start_interpolation: 0,interpolation_duration: 1}
data modify entity @s data merge value {"cameras":{},"locators":{"target":{"px":-0.002018547132949121,"py":1.0855642954152445,"pz":1.563037645737298,"ry":0.023344711560639553,"rx":-1.3701671610655906},"body":{"px":0.0007463072978410677,"py":0.9232562217106803,"pz":0.003973921962579972,"ry":0.023344711560639553,"rx":-1.3701671610655906},"head":{"px":-0.02266429500132796,"py":2.8130450344691846,"pz":1.138263776723809,"ry":0.25745334520348706,"rx":3.832186045167518},"mouth":{"px":-0.027998314875142514,"py":2.2101991897817466,"pz":1.2544599934224394,"ry":0.25745334520348706,"rx":3.832186045167518},"special":{"px":-0.027998314875142514,"py":2.2101991897817466,"pz":1.2544599934224394,"ry":0.25745334520348706,"rx":3.832186045167518},"face":{"px":-0.02730524903209429,"py":2.523511561203649,"pz":1.720199193591076,"ry":0.25745334520348706,"rx":3.832186045167518},"eye1":{"px":-0.3690026524887353,"py":2.551933412131261,"pz":1.2554232807034358,"ry":0.29840840084571596,"rx":8.832020460125038},"eye2":{"px":0.31846950338751273,"py":2.5463742532022775,"pz":1.2581400152995537,"ry":0.29840840084571596,"rx":8.832020460125038},"horn":{"px":-0.022877668901940106,"py":2.926653609588506,"pz":1.4247314873928059,"ry":0.29840840084571596,"rx":8.832020460125038},"physical":{"px":-0.022877668901940106,"py":2.926653609588506,"pz":1.4247314873928059,"ry":0.29840840084571596,"rx":8.832020460125038},"jaw_upper":{"px":-0.02907949633183181,"py":2.2137417707164415,"pz":1.5353030019550185,"ry":0.29840840084571596,"rx":8.832020460125038},"jaw_lower":{"px":-0.02845449083157462,"py":2.294293054620428,"pz":1.5419740659910537,"ry":0.25745334520348706,"rx":3.832186045167518},"tail_tip":{"px":0.011793439634750413,"py":0.2747451284699406,"pz":-1.4522039377934854,"ry":0.08882011888204033,"rx":-5.1997735353405545}}}
function animated_java:lapras/animations/surfacewater_idle/zzz/frames/on_tick/transform_floating_entities