# This file was generated by Animated Java via MC-Build. It is not recommended to edit this file directly.
$data merge entity $(bone_shell2) {transformation: [-1.1977f,-0.0199f,0.0055f,-0.0073f,-0.0206f,1.1544f,-0.3193f,1.2065f,0f,-0.3194f,-1.1546f,-0.4702f,0f,0f,0f,1f],start_interpolation: 0,interpolation_duration: 1}
$data merge entity $(bone_shell) {transformation: [-1.2602f,-0.0215f,0.003f,-0.0057f,-0.0217f,1.2481f,-0.1746f,1.1129f,0f,-0.1746f,-1.2483f,0.5526f,0f,0f,0f,1f],start_interpolation: 0,interpolation_duration: 1}
$data merge entity $(bone_pupil_right2) {transformation: [-1f,0.0077f,0.0054f,-0.3734f,0.0084f,0.9885f,0.1513f,2.5522f,-0.0042f,0.1513f,-0.9885f,1.2557f,0f,0f,0f,1f],start_interpolation: 0,interpolation_duration: 1}
$data merge entity $(bone_pupil_right) {transformation: [-1f,0.0077f,0.0054f,-0.3719f,0.0084f,0.9885f,0.1513f,2.5462f,-0.0042f,0.1513f,-0.9885f,1.1915f,0f,0f,0f,1f],start_interpolation: 0,interpolation_duration: 1}
$data merge entity $(bone_eyelid_right) {transformation: [-1f,0.0077f,0.0054f,-0.3354f,0.0084f,0.9885f,0.1513f,2.5768f,-0.0042f,0.1513f,-0.9885f,1.1964f,0f,0f,0f,1f],start_interpolation: 0,interpolation_duration: 1}
$data merge entity $(bone_eye_right) {transformation: [-1f,0.0077f,0.0054f,-0.3717f,0.0084f,0.9885f,0.1513f,2.5771f,-0.0042f,0.1513f,-0.9885f,1.1962f,0f,0f,0f,1f],start_interpolation: 0,interpolation_duration: 1}
$data merge entity $(bone_pupil_left2) {transformation: [-1f,0.0077f,0.0054f,0.3191f,0.0084f,0.9885f,0.1513f,2.5464f,-0.0042f,0.1513f,-0.9885f,1.2586f,0f,0f,0f,1f],start_interpolation: 0,interpolation_duration: 1}
$data merge entity $(bone_pupil_left) {transformation: [-1f,0.0077f,0.0054f,0.318f,0.0084f,0.9885f,0.1513f,2.5404f,-0.0042f,0.1513f,-0.9885f,1.1944f,0f,0f,0f,1f],start_interpolation: 0,interpolation_duration: 1}
$data merge entity $(bone_eyelid_left) {transformation: [-1f,0.0077f,0.0054f,0.282f,0.0084f,0.9885f,0.1513f,2.5716f,-0.0042f,0.1513f,-0.9885f,1.199f,0f,0f,0f,1f],start_interpolation: 0,interpolation_duration: 1}
$data merge entity $(bone_eye_left) {transformation: [-1f,0.0077f,0.0054f,0.3183f,0.0084f,0.9885f,0.1513f,2.5713f,-0.0042f,0.1513f,-0.9885f,1.1991f,0f,0f,0f,1f],start_interpolation: 0,interpolation_duration: 1}
$data merge entity $(bone_muzzle2) {transformation: [-1f,0.0072f,0.0061f,-0.0271f,0.0084f,0.9715f,0.2369f,2.6421f,-0.0042f,0.2369f,-0.9715f,1.428f,0f,0f,0f,1f],start_interpolation: 0,interpolation_duration: 1}
$data merge entity $(bone_muzzle) {transformation: [-1f,0.0077f,0.0054f,-0.0244f,0.0084f,0.9885f,0.1513f,2.8129f,-0.0042f,0.1513f,-0.9885f,1.138f,0f,0f,0f,1f],start_interpolation: 0,interpolation_duration: 1}
$data merge entity $(bone_tongue) {transformation: [-1f,0.0081f,0.0047f,-0.0286f,0.0084f,0.9979f,0.0646f,2.2848f,-0.0042f,0.0646f,-0.9979f,1.0725f,0f,0f,0f,1f],start_interpolation: 0,interpolation_duration: 1}
$data merge entity $(bone_jaw) {transformation: [-1f,0.0081f,0.0047f,-0.0285f,0.0084f,0.9979f,0.0646f,2.314f,-0.0042f,0.0646f,-0.9979f,1.1057f,0f,0f,0f,1f],start_interpolation: 0,interpolation_duration: 1}
$data merge entity $(bone_ear_left) {transformation: [-0.9204f,-0.1066f,-0.3761f,0.3255f,-0.1227f,0.9923f,0.019f,2.6712f,0.3712f,0.0637f,-0.9264f,0.8643f,0f,0f,0f,1f],start_interpolation: 0,interpolation_duration: 1}
$data merge entity $(bone_ear_right) {transformation: [-0.9151f,0.1228f,0.3841f,-0.3745f,0.1382f,0.9903f,0.0126f,2.6771f,-0.3789f,0.0647f,-0.9232f,0.8614f,0f,0f,0f,1f],start_interpolation: 0,interpolation_duration: 1}
$data merge entity $(bone_head_angle) {transformation: [-1f,0.0081f,0.0047f,-0.0272f,0.0084f,0.9979f,0.0646f,2.4156f,-0.0042f,0.0646f,-0.9979f,0.987f,0f,0f,0f,1f],start_interpolation: 0,interpolation_duration: 1}
$data merge entity $(bone_neck3) {transformation: [-0.9997f,-0.0238f,0.0034f,-0.0097f,-0.024f,0.9955f,-0.0915f,1.6915f,-0.0012f,-0.0916f,-0.9958f,0.9595f,0f,0f,0f,1f],start_interpolation: 0,interpolation_duration: 1}
$data merge entity $(bone_neck2) {transformation: [-0.9999f,-0.013f,0.0021f,-0.0042f,-0.013f,0.9992f,-0.0372f,1.2561f,-0.0016f,-0.0372f,-0.9993f,1.0226f,0f,0f,0f,1f],start_interpolation: 0,interpolation_duration: 1}
$data merge entity $(bone_chest2) {transformation: [-0.9999f,-0.0129f,-0.0026f,0.008f,-0.013f,0.9496f,0.3133f,0.3224f,-0.0016f,0.3133f,-0.9497f,1.06f,0f,0f,0f,1f],start_interpolation: 0,interpolation_duration: 1}
$data merge entity $(bone_chest) {transformation: [-0.9999f,-0.0161f,0.0062f,0.0115f,-0.0172f,0.9337f,-0.3577f,0.1144f,0f,-0.3577f,-0.9338f,0.6043f,0f,0f,0f,1f],start_interpolation: 0,interpolation_duration: 1}
$data merge entity $(bone_tail2) {transformation: [-0.9999f,-0.0172f,0.0017f,0.0081f,-0.0172f,0.9952f,-0.0966f,0.315f,0f,-0.0967f,-0.9953f,-1.0777f,0f,0f,0f,1f],start_interpolation: 0,interpolation_duration: 1}
$data merge entity $(bone_tail) {transformation: [-0.9999f,-0.0171f,0.0021f,0.003f,-0.0172f,0.9926f,-0.1204f,0.6083f,0f,-0.1204f,-0.9927f,-0.7355f,0f,0f,0f,1f],start_interpolation: 0,interpolation_duration: 1}
$data merge entity $(bone_torso) {transformation: [-0.9999f,-0.0172f,0.0009f,0.0019f,-0.0172f,0.9985f,-0.0517f,0.675f,0f,-0.0517f,-0.9987f,-0.0505f,0f,0f,0f,1f],start_interpolation: 0,interpolation_duration: 1}
$data merge entity $(bone_leg_front_left4) {transformation: [-0.8591f,0.4977f,-0.119f,1.5546f,0.4743f,0.8617f,0.1803f,-0.4627f,0.1923f,0.0985f,-0.9764f,0.645f,0f,0f,0f,1f],start_interpolation: 0,interpolation_duration: 1}
$data merge entity $(bone_leg_front_left3) {transformation: [-0.7697f,0.6377f,0.032f,1.2519f,0.6374f,0.7646f,0.0952f,-0.1918f,0.0362f,0.0937f,-0.9949f,0.6612f,0f,0f,0f,1f],start_interpolation: 0,interpolation_duration: 1}
$data merge entity $(bone_leg_front_left2) {transformation: [-0.7352f,0.6574f,0.1652f,0.8026f,0.6644f,0.7472f,-0.0169f,0.2351f,-0.1345f,0.0973f,-0.9861f,0.5786f,0f,0f,0f,1f],start_interpolation: 0,interpolation_duration: 1}
$data merge entity $(bone_leg_front_left) {transformation: [-0.7782f,0.5718f,0.2597f,0.6324f,0.5663f,0.8177f,-0.1035f,0.359f,-0.2715f,0.0666f,-0.9601f,0.5192f,0f,0f,0f,1f],start_interpolation: 0,interpolation_duration: 1}
$data merge entity $(bone_leg_back_left4) {transformation: [-0.6836f,0.103f,-0.7226f,1.1514f,0.0669f,0.9947f,0.0785f,0.0036f,0.7268f,0.0053f,-0.6868f,-0.9283f,0f,0f,0f,1f],start_interpolation: 0,interpolation_duration: 1}
$data merge entity $(bone_leg_back_left3) {transformation: [-0.7956f,0.2371f,-0.5575f,0.9774f,0.2448f,0.9676f,0.0621f,0.0571f,0.5541f,-0.087f,-0.8279f,-0.8071f,0f,0f,0f,1f],start_interpolation: 0,interpolation_duration: 1}
$data merge entity $(bone_leg_back_left2) {transformation: [-0.7917f,0.3702f,-0.486f,0.6805f,0.4027f,0.9144f,0.0406f,0.2081f,0.4594f,-0.1636f,-0.873f,-0.6348f,0f,0f,0f,1f],start_interpolation: 0,interpolation_duration: 1}
$data merge entity $(bone_leg_back_left) {transformation: [-0.8262f,0.4172f,-0.3785f,0.603f,0.4552f,0.8903f,-0.0123f,0.2508f,0.3318f,-0.1825f,-0.9255f,-0.6037f,0f,0f,0f,1f],start_interpolation: 0,interpolation_duration: 1}
$data merge entity $(bone_leg_front_right4) {transformation: [-0.8423f,-0.5272f,0.1127f,-1.5107f,-0.5036f,0.844f,0.1843f,-0.5156f,-0.1923f,0.0985f,-0.9764f,0.645f,0f,0f,0f,1f],start_interpolation: 0,interpolation_duration: 1}
$data merge entity $(bone_leg_front_right3) {transformation: [-0.7472f,-0.6636f,-0.0353f,-1.2175f,-0.6636f,0.7422f,0.0941f,-0.2344f,-0.0362f,0.0937f,-0.9949f,0.6612f,0f,0f,0f,1f],start_interpolation: 0,interpolation_duration: 1}
$data merge entity $(bone_leg_front_right2) {transformation: [-0.7119f,-0.6828f,-0.1645f,-0.7833f,-0.6893f,0.7241f,-0.0226f,0.2077f,0.1345f,0.0973f,-0.9861f,0.5786f,0f,0f,0f,1f],start_interpolation: 0,interpolation_duration: 1}
$data merge entity $(bone_leg_front_right) {transformation: [-0.7582f,-0.5997f,-0.256f,-0.6174f,-0.5928f,0.7975f,-0.1124f,0.3374f,0.2715f,0.0666f,-0.9601f,0.5192f,0f,0f,0f,1f],start_interpolation: 0,interpolation_duration: 1}
$data merge entity $(bone_leg_back_right4) {transformation: [-0.6809f,-0.1372f,0.7194f,-1.1238f,-0.0904f,0.9905f,0.1033f,-0.0357f,-0.7268f,0.0053f,-0.6868f,-0.9283f,0f,0f,0f,1f],start_interpolation: 0,interpolation_duration: 1}
$data merge entity $(bone_leg_back_right3) {transformation: [-0.7867f,-0.2703f,0.555f,-0.9517f,-0.2721f,0.9588f,0.0813f,0.0239f,-0.5541f,-0.087f,-0.8279f,-0.8071f,0f,0f,0f,1f],start_interpolation: 0,interpolation_duration: 1}
$data merge entity $(bone_leg_back_right2) {transformation: [-0.7773f,-0.4015f,0.4843f,-0.6602f,-0.4298f,0.9011f,0.0573f,0.185f,-0.4594f,-0.1636f,-0.873f,-0.6348f,0f,0f,0f,1f],start_interpolation: 0,interpolation_duration: 1}
$data merge entity $(bone_leg_back_right) {transformation: [-0.8101f,-0.4476f,0.3787f,-0.5843f,-0.4834f,0.8754f,0.0007f,0.2303f,-0.3318f,-0.1825f,-0.9255f,-0.6037f,0f,0f,0f,1f],start_interpolation: 0,interpolation_duration: 1}
data modify entity @s data merge value {"cameras":{},"locators":{"target":{"px":-0.005200312909093034,"py":1.08532599148432,"pz":1.565891733043604,"ry":0.021582219866502328,"rx":-1.251660918143778},"body":{"px":-0.0024577089171655703,"py":0.9262433522646871,"pz":0.006495554382690678,"ry":0.021582219866502328,"rx":-1.251660918143778},"head":{"px":-0.0244496277181995,"py":2.8129274827041626,"pz":1.137987457121221,"ry":0.27091662211614675,"rx":3.7017609870553025},"mouth":{"px":-0.030023622985293267,"py":2.2103494577171965,"pz":1.2555535210153992,"ry":0.27091662211614675,"rx":3.7017609870553025},"special":{"px":-0.030023622985293267,"py":2.2103494577171965,"pz":1.2555535210153992,"ry":0.27091662211614675,"rx":3.7017609870553025},"face":{"px":-0.02931724777415424,"py":2.5247201964628756,"pz":1.7205789661843243,"ry":0.27091662211614675,"rx":3.7017609870553025},"eye1":{"px":-0.3709060484448461,"py":2.5522066268069903,"pz":1.2556669812420151,"ry":0.31361159858880683,"rx":8.70158094340462},"eye2":{"px":0.31656348681436763,"py":2.5464083905074406,"pz":1.2585424892484756,"ry":0.31361159858880683,"rx":8.70158094340462},"horn":{"px":-0.024683075680924163,"py":2.9271874782281424,"pz":1.4241959511424656,"ry":0.31361159858880683,"rx":8.70158094340462},"physical":{"px":-0.024683075680924163,"py":2.9271874782281424,"pz":1.4241959511424656,"ry":0.31361159858880683,"rx":8.70158094340462},"jaw_upper":{"px":-0.031163009138799724,"py":2.2145312655926292,"pz":1.5363875085538337,"ry":0.31361159858880683,"rx":8.70158094340462},"jaw_lower":{"px":-0.03051063887549555,"py":2.2950972880496914,"pz":1.5428754592562117,"ry":0.27091662211614675,"rx":3.7017609870553025},"tail_tip":{"px":0.008705540350854201,"py":0.2787276478281696,"pz":-1.450911527334645,"ry":0.09590832595554843,"rx":-5.5457028603524305}}}
function animated_java:lapras/animations/surfacewater_idle/zzz/frames/on_tick/transform_floating_entities