# This file was generated by Animated Java via MC-Build. It is not recommended to edit this file directly.
$data merge entity $(bone_shell2) {transformation: [-1.1977f,-0.0202f,0.0054f,-0.0138f,-0.0209f,1.1568f,-0.3104f,1.215f,0f,-0.3104f,-1.157f,-0.4623f,0f,0f,0f,1f],start_interpolation: 0,interpolation_duration: 1}
$data merge entity $(bone_shell) {transformation: [-1.2602f,-0.0218f,0.0029f,-0.012f,-0.022f,1.2494f,-0.1649f,1.1135f,0f,-0.1649f,-1.2496f,0.5598f,0f,0f,0f,1f],start_interpolation: 0,interpolation_duration: 1}
$data merge entity $(bone_pupil_right2) {transformation: [-0.9999f,0.0083f,0.0058f,-0.3768f,0.009f,0.9892f,0.1464f,2.5509f,-0.0046f,0.1465f,-0.9892f,1.2581f,0f,0f,0f,1f],start_interpolation: 0,interpolation_duration: 1}
$data merge entity $(bone_pupil_right) {transformation: [-0.9999f,0.0083f,0.0058f,-0.3754f,0.009f,0.9892f,0.1464f,2.5446f,-0.0046f,0.1465f,-0.9892f,1.194f,0f,0f,0f,1f],start_interpolation: 0,interpolation_duration: 1}
$data merge entity $(bone_eyelid_right) {transformation: [-0.9999f,0.0083f,0.0058f,-0.3388f,0.009f,0.9892f,0.1464f,2.5751f,-0.0046f,0.1465f,-0.9892f,1.1987f,0f,0f,0f,1f],start_interpolation: 0,interpolation_duration: 1}
$data merge entity $(bone_eye_right) {transformation: [-0.9999f,0.0083f,0.0058f,-0.3751f,0.009f,0.9892f,0.1464f,2.5755f,-0.0046f,0.1465f,-0.9892f,1.1986f,0f,0f,0f,1f],start_interpolation: 0,interpolation_duration: 1}
$data merge entity $(bone_pupil_left2) {transformation: [-0.9999f,0.0083f,0.0058f,0.3156f,0.009f,0.9892f,0.1464f,2.5446f,-0.0046f,0.1465f,-0.9892f,1.2613f,0f,0f,0f,1f],start_interpolation: 0,interpolation_duration: 1}
$data merge entity $(bone_pupil_left) {transformation: [-0.9999f,0.0083f,0.0058f,0.3146f,0.009f,0.9892f,0.1464f,2.5383f,-0.0046f,0.1465f,-0.9892f,1.1971f,0f,0f,0f,1f],start_interpolation: 0,interpolation_duration: 1}
$data merge entity $(bone_eyelid_left) {transformation: [-0.9999f,0.0083f,0.0058f,0.2786f,0.009f,0.9892f,0.1464f,2.5696f,-0.0046f,0.1465f,-0.9892f,1.2016f,0f,0f,0f,1f],start_interpolation: 0,interpolation_duration: 1}
$data merge entity $(bone_eye_left) {transformation: [-0.9999f,0.0083f,0.0058f,0.3149f,0.009f,0.9892f,0.1464f,2.5692f,-0.0046f,0.1465f,-0.9892f,1.2017f,0f,0f,0f,1f],start_interpolation: 0,interpolation_duration: 1}
$data merge entity $(bone_muzzle2) {transformation: [-0.9999f,0.0077f,0.0065f,-0.0305f,0.009f,0.9727f,0.2321f,2.6414f,-0.0046f,0.2321f,-0.9727f,1.4301f,0f,0f,0f,1f],start_interpolation: 0,interpolation_duration: 1}
$data merge entity $(bone_muzzle) {transformation: [-0.9999f,0.0083f,0.0058f,-0.0277f,0.009f,0.9892f,0.1464f,2.8108f,-0.0046f,0.1465f,-0.9892f,1.1393f,0f,0f,0f,1f],start_interpolation: 0,interpolation_duration: 1}
$data merge entity $(bone_tongue) {transformation: [-0.9999f,0.0087f,0.0051f,-0.0322f,0.009f,0.9982f,0.0596f,2.2824f,-0.0046f,0.0597f,-0.9982f,1.0764f,0f,0f,0f,1f],start_interpolation: 0,interpolation_duration: 1}
$data merge entity $(bone_jaw) {transformation: [-0.9999f,0.0087f,0.0051f,-0.0321f,0.009f,0.9982f,0.0596f,2.3117f,-0.0046f,0.0597f,-0.9982f,1.1094f,0f,0f,0f,1f],start_interpolation: 0,interpolation_duration: 1}
$data merge entity $(bone_ear_left) {transformation: [-0.9189f,-0.1223f,-0.3751f,0.3223f,-0.1353f,0.9908f,0.0085f,2.6675f,0.3706f,0.0586f,-0.9269f,0.8664f,0f,0f,0f,1f],start_interpolation: 0,interpolation_duration: 1}
$data merge entity $(bone_ear_right) {transformation: [-0.9129f,0.1396f,0.3836f,-0.3777f,0.1519f,0.9884f,0.0016f,2.6738f,-0.3789f,0.0598f,-0.9235f,0.8632f,0f,0f,0f,1f],start_interpolation: 0,interpolation_duration: 1}
$data merge entity $(bone_head_angle) {transformation: [-0.9999f,0.0087f,0.0051f,-0.0306f,0.009f,0.9982f,0.0596f,2.4127f,-0.0046f,0.0597f,-0.9982f,0.9903f,0f,0f,0f,1f],start_interpolation: 0,interpolation_duration: 1}
$data merge entity $(bone_neck3) {transformation: [-0.9998f,-0.0213f,0.0037f,-0.0149f,-0.0216f,0.995f,-0.0972f,1.6884f,-0.0016f,-0.0973f,-0.9953f,0.9669f,0f,0f,0f,1f],start_interpolation: 0,interpolation_duration: 1}
$data merge entity $(bone_neck2) {transformation: [-0.9999f,-0.0123f,0.0023f,-0.0097f,-0.0124f,0.9993f,-0.0361f,1.2529f,-0.0019f,-0.0361f,-0.9993f,1.0295f,0f,0f,0f,1f],start_interpolation: 0,interpolation_duration: 1}
$data merge entity $(bone_chest2) {transformation: [-0.9999f,-0.0123f,-0.0022f,0.0019f,-0.0124f,0.9476f,0.3193f,0.319f,-0.0019f,0.3193f,-0.9476f,1.0611f,0f,0f,0f,1f],start_interpolation: 0,interpolation_duration: 1}
$data merge entity $(bone_chest) {transformation: [-0.9998f,-0.0163f,0.0061f,0.0054f,-0.0174f,0.9365f,-0.3503f,0.1146f,0f,-0.3504f,-0.9366f,0.6037f,0f,0f,0f,1f],start_interpolation: 0,interpolation_duration: 1}
$data merge entity $(bone_tail2) {transformation: [-0.9998f,-0.0173f,0.0018f,0.0017f,-0.0174f,0.9943f,-0.1052f,0.3279f,0f,-0.1053f,-0.9944f,-1.0764f,0f,0f,0f,1f],start_interpolation: 0,interpolation_duration: 1}
$data merge entity $(bone_tail) {transformation: [-0.9998f,-0.0173f,0.002f,-0.0034f,-0.0174f,0.9934f,-0.1135f,0.6188f,0f,-0.1135f,-0.9935f,-0.7322f,0f,0f,0f,1f],start_interpolation: 0,interpolation_duration: 1}
$data merge entity $(bone_torso) {transformation: [-0.9998f,-0.0174f,0.0008f,-0.0044f,-0.0174f,0.9989f,-0.0439f,0.6802f,0f,-0.0439f,-0.999f,-0.0468f,0f,0f,0f,1f],start_interpolation: 0,interpolation_duration: 1}
$data merge entity $(bone_leg_front_left4) {transformation: [-0.8275f,0.551f,-0.1075f,1.5342f,0.5245f,0.8271f,0.202f,-0.4725f,0.2002f,0.1108f,-0.9735f,0.6401f,0f,0f,0f,1f],start_interpolation: 0,interpolation_duration: 1}
$data merge entity $(bone_leg_front_left3) {transformation: [-0.7452f,0.6658f,0.0379f,1.2418f,0.6654f,0.7387f,0.1078f,-0.1907f,0.0438f,0.1056f,-0.9934f,0.6595f,0f,0f,0f,1f],start_interpolation: 0,interpolation_duration: 1}
$data merge entity $(bone_leg_front_left2) {transformation: [-0.7278f,0.6652f,0.1667f,0.7973f,0.6734f,0.7392f,-0.0093f,0.2418f,-0.1294f,0.1055f,-0.986f,0.5803f,0f,0f,0f,1f],start_interpolation: 0,interpolation_duration: 1}
$data merge entity $(bone_leg_front_left) {transformation: [-0.7825f,0.5656f,0.2603f,0.6262f,0.5616f,0.8217f,-0.0972f,0.3646f,-0.2688f,0.0701f,-0.9606f,0.5215f,0f,0f,0f,1f],start_interpolation: 0,interpolation_duration: 1}
$data merge entity $(bone_leg_back_left4) {transformation: [-0.679f,0.158f,-0.7169f,1.1324f,0.1102f,0.9874f,0.1133f,-0.0164f,0.7258f,-0.0021f,-0.6879f,-0.925f,0f,0f,0f,1f],start_interpolation: 0,interpolation_duration: 1}
$data merge entity $(bone_leg_back_left3) {transformation: [-0.779f,0.2957f,-0.5529f,0.962f,0.2992f,0.9502f,0.0867f,0.0491f,0.5511f,-0.0979f,-0.8287f,-0.8044f,0f,0f,0f,1f],start_interpolation: 0,interpolation_duration: 1}
$data merge entity $(bone_leg_back_left2) {transformation: [-0.7704f,0.4162f,-0.4829f,0.6731f,0.4449f,0.8936f,0.0603f,0.2159f,0.4566f,-0.1684f,-0.8736f,-0.6332f,0f,0f,0f,1f],start_interpolation: 0,interpolation_duration: 1}
$data merge entity $(bone_leg_back_left) {transformation: [-0.8142f,0.4404f,-0.3783f,0.5967f,0.4752f,0.8799f,0.0017f,0.2604f,0.3336f,-0.1783f,-0.9257f,-0.6019f,0f,0f,0f,1f],start_interpolation: 0,interpolation_duration: 1}
$data merge entity $(bone_leg_front_right4) {transformation: [-0.8087f,-0.5795f,0.1003f,-1.5019f,-0.553f,0.8074f,0.2056f,-0.5255f,-0.2002f,0.1108f,-0.9735f,0.6401f,0f,0f,0f,1f],start_interpolation: 0,interpolation_duration: 1}
$data merge entity $(bone_leg_front_right3) {transformation: [-0.7215f,-0.6911f,-0.0416f,-1.2196f,-0.691f,0.715f,0.1065f,-0.2336f,-0.0438f,0.1056f,-0.9934f,0.6595f,0f,0f,0f,1f],start_interpolation: 0,interpolation_duration: 1}
$data merge entity $(bone_leg_front_right2) {transformation: [-0.7039f,-0.6906f,-0.1663f,-0.7904f,-0.6984f,0.7155f,-0.0151f,0.2141f,0.1294f,0.1055f,-0.986f,0.5803f,0f,0f,0f,1f],start_interpolation: 0,interpolation_duration: 1}
$data merge entity $(bone_leg_front_right) {transformation: [-0.7625f,-0.5939f,-0.2567f,-0.6237f,-0.5885f,0.8015f,-0.1062f,0.3428f,0.2688f,0.0701f,-0.9606f,0.5215f,0f,0f,0f,1f],start_interpolation: 0,interpolation_duration: 1}
$data merge entity $(bone_leg_back_right4) {transformation: [-0.6748f,-0.1924f,0.7125f,-1.1163f,-0.1338f,0.9813f,0.1382f,-0.0556f,-0.7258f,-0.0021f,-0.6879f,-0.925f,0f,0f,0f,1f],start_interpolation: 0,interpolation_duration: 1}
$data merge entity $(bone_leg_back_right3) {transformation: [-0.7681f,-0.3287f,0.5496f,-0.9482f,-0.3262f,0.9393f,0.106f,0.0157f,-0.5511f,-0.0979f,-0.8287f,-0.8044f,0f,0f,0f,1f],start_interpolation: 0,interpolation_duration: 1}
$data merge entity $(bone_leg_back_right2) {transformation: [-0.7544f,-0.4471f,0.4805f,-0.6653f,-0.4715f,0.8785f,0.0771f,0.1925f,-0.4566f,-0.1684f,-0.8736f,-0.6332f,0f,0f,0f,1f],start_interpolation: 0,interpolation_duration: 1}
$data merge entity $(bone_leg_back_right) {transformation: [-0.7971f,-0.4709f,0.378f,-0.5906f,-0.5033f,0.864f,0.0149f,0.2397f,-0.3336f,-0.1783f,-0.9257f,-0.6019f,0f,0f,0f,1f],start_interpolation: 0,interpolation_duration: 1}
data modify entity @s data merge value {"cameras":{},"locators":{"target":{"px":-0.01147515842589382,"py":1.0832689185266173,"pz":1.5715028238505346,"ry":0.017313529532657412,"rx":-0.9922819890250438},"body":{"px":-0.008822928604158724,"py":0.931247745306899,"pz":0.011402257037653489,"ry":0.017313529532657412,"rx":-0.9922819890250438},"head":{"px":-0.02768295382826995,"py":2.8107805572271727,"pz":1.1392782099725793,"ry":0.2916612472228337,"rx":3.419488634991404},"mouth":{"px":-0.03367134557991003,"py":2.2087922813492793,"pz":1.2598077908637026,"ry":0.2916612472228337,"rx":3.419488634991404},"special":{"px":-0.03367134557991003,"py":2.2087922813492793,"pz":1.2598077908637026,"ry":0.2916612472228337,"rx":3.419488634991404},"face":{"px":-0.032918900109380644,"py":2.5254483352976616,"pz":1.7232800147602951,"ry":0.2916612472228337,"rx":3.419488634991404},"eye1":{"px":-0.37434018288391596,"py":2.5508581855817614,"pz":1.258126907152884,"ry":0.33735748654925146,"rx":8.41928217231507},"eye2":{"px":0.31312463109602906,"py":2.5446458512016763,"pz":1.261255235951077,"ry":0.33735748654925146,"rx":8.41928217231507},"horn":{"px":-0.027937534774077226,"py":2.9264484841877154,"pz":1.4249205895071864,"ry":0.33735748654925146,"rx":8.41928217231507},"physical":{"px":-0.027937534774077226,"py":2.9264484841877154,"pz":1.4249205895071864,"ry":0.33735748654925146,"rx":8.41928217231507},"jaw_upper":{"px":-0.034898887558661884,"py":2.2143574785211255,"pz":1.5406173989539178,"ry":0.33735748654925146,"rx":8.41928217231507},"jaw_lower":{"px":-0.0341982889918751,"py":2.2949540467773835,"pz":1.5467088201995223,"ry":0.2916612472228337,"rx":3.419488634991404},"tail_tip":{"px":0.0023918088664614,"py":0.2884386140380376,"pz":-1.4493305506442833,"ry":0.10578291169693443,"rx":-6.04080502909581}}}
function animated_java:lapras/animations/surfacewater_idle/zzz/frames/on_tick/transform_floating_entities