# This file was generated by Animated Java via MC-Build. It is not recommended to edit this file directly.
$data merge entity $(bone_shell2) {transformation: [-1.1977f,-0.0202f,0.0054f,-0.0154f,-0.0209f,1.1575f,-0.3079f,1.217f,0f,-0.308f,-1.1576f,-0.4603f,0f,0f,0f,1f],start_interpolation: 0,interpolation_duration: 1}
$data merge entity $(bone_shell) {transformation: [-1.2602f,-0.0218f,0.0028f,-0.0136f,-0.022f,1.2497f,-0.1623f,1.1133f,0f,-0.1623f,-1.2499f,0.5616f,0f,0f,0f,1f],start_interpolation: 0,interpolation_duration: 1}
$data merge entity $(bone_pupil_right2) {transformation: [-0.9999f,0.0084f,0.0059f,-0.3776f,0.0092f,0.9894f,0.1451f,2.5502f,-0.0046f,0.1452f,-0.9894f,1.2591f,0f,0f,0f,1f],start_interpolation: 0,interpolation_duration: 1}
$data merge entity $(bone_pupil_right) {transformation: [-0.9999f,0.0084f,0.0059f,-0.3761f,0.0092f,0.9894f,0.1451f,2.5438f,-0.0046f,0.1452f,-0.9894f,1.195f,0f,0f,0f,1f],start_interpolation: 0,interpolation_duration: 1}
$data merge entity $(bone_eyelid_right) {transformation: [-0.9999f,0.0084f,0.0059f,-0.3396f,0.0092f,0.9894f,0.1451f,2.5743f,-0.0046f,0.1452f,-0.9894f,1.1997f,0f,0f,0f,1f],start_interpolation: 0,interpolation_duration: 1}
$data merge entity $(bone_eye_right) {transformation: [-0.9999f,0.0084f,0.0059f,-0.3759f,0.0092f,0.9894f,0.1451f,2.5747f,-0.0046f,0.1452f,-0.9894f,1.1996f,0f,0f,0f,1f],start_interpolation: 0,interpolation_duration: 1}
$data merge entity $(bone_pupil_left2) {transformation: [-0.9999f,0.0084f,0.0059f,0.3148f,0.0092f,0.9894f,0.1451f,2.5438f,-0.0046f,0.1452f,-0.9894f,1.2623f,0f,0f,0f,1f],start_interpolation: 0,interpolation_duration: 1}
$data merge entity $(bone_pupil_left) {transformation: [-0.9999f,0.0084f,0.0059f,0.3138f,0.0092f,0.9894f,0.1451f,2.5374f,-0.0046f,0.1452f,-0.9894f,1.1982f,0f,0f,0f,1f],start_interpolation: 0,interpolation_duration: 1}
$data merge entity $(bone_eyelid_left) {transformation: [-0.9999f,0.0084f,0.0059f,0.2778f,0.0092f,0.9894f,0.1451f,2.5687f,-0.0046f,0.1452f,-0.9894f,1.2026f,0f,0f,0f,1f],start_interpolation: 0,interpolation_duration: 1}
$data merge entity $(bone_eye_left) {transformation: [-0.9999f,0.0084f,0.0059f,0.3141f,0.0092f,0.9894f,0.1451f,2.5683f,-0.0046f,0.1452f,-0.9894f,1.2028f,0f,0f,0f,1f],start_interpolation: 0,interpolation_duration: 1}
$data merge entity $(bone_muzzle2) {transformation: [-0.9999f,0.0079f,0.0066f,-0.0313f,0.0092f,0.973f,0.2308f,2.6408f,-0.0046f,0.2309f,-0.973f,1.431f,0f,0f,0f,1f],start_interpolation: 0,interpolation_duration: 1}
$data merge entity $(bone_muzzle) {transformation: [-0.9999f,0.0084f,0.0059f,-0.0284f,0.0092f,0.9894f,0.1451f,2.8098f,-0.0046f,0.1452f,-0.9894f,1.14f,0f,0f,0f,1f],start_interpolation: 0,interpolation_duration: 1}
$data merge entity $(bone_tongue) {transformation: [-0.9999f,0.0089f,0.0051f,-0.033f,0.0092f,0.9983f,0.0583f,2.2813f,-0.0046f,0.0584f,-0.9983f,1.0778f,0f,0f,0f,1f],start_interpolation: 0,interpolation_duration: 1}
$data merge entity $(bone_jaw) {transformation: [-0.9999f,0.0089f,0.0051f,-0.0329f,0.0092f,0.9983f,0.0583f,2.3107f,-0.0046f,0.0584f,-0.9983f,1.1108f,0f,0f,0f,1f],start_interpolation: 0,interpolation_duration: 1}
$data merge entity $(bone_ear_left) {transformation: [-0.9184f,-0.1262f,-0.3749f,0.3215f,-0.1385f,0.9903f,0.0058f,2.6662f,0.3705f,0.0572f,-0.9271f,0.8673f,0f,0f,0f,1f],start_interpolation: 0,interpolation_duration: 1}
$data merge entity $(bone_ear_right) {transformation: [-0.9123f,0.1438f,0.3835f,-0.3784f,0.1553f,0.9879f,-0.0012f,2.6726f,-0.379f,0.0585f,-0.9236f,0.8641f,0f,0f,0f,1f],start_interpolation: 0,interpolation_duration: 1}
$data merge entity $(bone_head_angle) {transformation: [-0.9999f,0.0089f,0.0051f,-0.0314f,0.0092f,0.9983f,0.0583f,2.4116f,-0.0046f,0.0584f,-0.9983f,0.9915f,0f,0f,0f,1f],start_interpolation: 0,interpolation_duration: 1}
$data merge entity $(bone_neck3) {transformation: [-0.9998f,-0.0207f,0.0037f,-0.0162f,-0.0209f,0.9949f,-0.0985f,1.6873f,-0.0016f,-0.0985f,-0.9951f,0.969f,0f,0f,0f,1f],start_interpolation: 0,interpolation_duration: 1}
$data merge entity $(bone_neck2) {transformation: [-0.9999f,-0.0121f,0.0024f,-0.011f,-0.0122f,0.9993f,-0.0355f,1.2517f,-0.002f,-0.0356f,-0.9994f,1.0314f,0f,0f,0f,1f],start_interpolation: 0,interpolation_duration: 1}
$data merge entity $(bone_chest2) {transformation: [-0.9999f,-0.0122f,-0.0021f,0.0003f,-0.0122f,0.947f,0.3211f,0.3178f,-0.002f,0.3211f,-0.9471f,1.0612f,0f,0f,0f,1f],start_interpolation: 0,interpolation_duration: 1}
$data merge entity $(bone_chest) {transformation: [-0.9998f,-0.0164f,0.0061f,0.0039f,-0.0175f,0.9372f,-0.3483f,0.1144f,0f,-0.3483f,-0.9374f,0.6034f,0f,0f,0f,1f],start_interpolation: 0,interpolation_duration: 1}
$data merge entity $(bone_tail2) {transformation: [-0.9998f,-0.0174f,0.0019f,0.0001f,-0.0175f,0.9941f,-0.1067f,0.3312f,0f,-0.1067f,-0.9943f,-1.0763f,0f,0f,0f,1f],start_interpolation: 0,interpolation_duration: 1}
$data merge entity $(bone_tail) {transformation: [-0.9998f,-0.0173f,0.0019f,-0.005f,-0.0175f,0.9936f,-0.1114f,0.6214f,0f,-0.1114f,-0.9938f,-0.7315f,0f,0f,0f,1f],start_interpolation: 0,interpolation_duration: 1}
$data merge entity $(bone_torso) {transformation: [-0.9998f,-0.0174f,0.0007f,-0.006f,-0.0175f,0.999f,-0.0418f,0.6813f,0f,-0.0418f,-0.9991f,-0.0459f,0f,0f,0f,1f],start_interpolation: 0,interpolation_duration: 1}
$data merge entity $(bone_leg_front_left4) {transformation: [-0.8194f,0.5636f,-0.1047f,1.5298f,0.5363f,0.8182f,0.2072f,-0.4742f,0.2025f,0.1137f,-0.9727f,0.6387f,0f,0f,0f,1f],start_interpolation: 0,interpolation_duration: 1}
$data merge entity $(bone_leg_front_left3) {transformation: [-0.7396f,0.6719f,0.0392f,1.2398f,0.6714f,0.7327f,0.111f,-0.19f,0.0458f,0.1084f,-0.9931f,0.659f,0f,0f,0f,1f],start_interpolation: 0,interpolation_duration: 1}
$data merge entity $(bone_leg_front_left2) {transformation: [-0.7267f,0.6663f,0.167f,0.7961f,0.6749f,0.7379f,-0.0073f,0.2434f,-0.1281f,0.1074f,-0.9859f,0.5806f,0f,0f,0f,1f],start_interpolation: 0,interpolation_duration: 1}
$data merge entity $(bone_leg_front_left) {transformation: [-0.784f,0.5635f,0.2605f,0.6246f,0.5599f,0.823f,-0.0954f,0.3659f,-0.2681f,0.0711f,-0.9608f,0.522f,0f,0f,0f,1f],start_interpolation: 0,interpolation_duration: 1}
$data merge entity $(bone_leg_back_left4) {transformation: [-0.6772f,0.1727f,-0.7152f,1.1273f,0.1222f,0.985f,0.1222f,-0.0215f,0.7256f,-0.0046f,-0.6882f,-0.9242f,0f,0f,0f,1f],start_interpolation: 0,interpolation_duration: 1}
$data merge entity $(bone_leg_back_left3) {transformation: [-0.7741f,0.3107f,-0.5517f,0.958f,0.3131f,0.9452f,0.0929f,0.047f,0.5503f,-0.1008f,-0.8289f,-0.8038f,0f,0f,0f,1f],start_interpolation: 0,interpolation_duration: 1}
$data merge entity $(bone_leg_back_left2) {transformation: [-0.7648f,0.4275f,-0.4821f,0.6712f,0.4552f,0.888f,0.0652f,0.2177f,0.456f,-0.1696f,-0.8737f,-0.6329f,0f,0f,0f,1f],start_interpolation: 0,interpolation_duration: 1}
$data merge entity $(bone_leg_back_left) {transformation: [-0.8112f,0.446f,-0.3782f,0.5951f,0.4799f,0.8773f,0.0053f,0.2627f,0.3341f,-0.1772f,-0.9257f,-0.6015f,0f,0f,0f,1f],start_interpolation: 0,interpolation_duration: 1}
$data merge entity $(bone_leg_front_right4) {transformation: [-0.8002f,-0.5918f,0.0974f,-1.5006f,-0.5646f,0.798f,0.2108f,-0.5271f,-0.2025f,0.1137f,-0.9727f,0.6387f,0f,0f,0f,1f],start_interpolation: 0,interpolation_duration: 1}
$data merge entity $(bone_leg_front_right3) {transformation: [-0.7158f,-0.697f,-0.043f,-1.2207f,-0.6968f,0.7088f,0.1095f,-0.2329f,-0.0458f,0.1084f,-0.9931f,0.659f,0f,0f,0f,1f],start_interpolation: 0,interpolation_duration: 1}
$data merge entity $(bone_leg_front_right2) {transformation: [-0.7027f,-0.6917f,-0.1667f,-0.7923f,-0.6999f,0.7142f,-0.0131f,0.2157f,0.1281f,0.1074f,-0.9859f,0.5806f,0f,0f,0f,1f],start_interpolation: 0,interpolation_duration: 1}
$data merge entity $(bone_leg_front_right) {transformation: [-0.7639f,-0.5919f,-0.257f,-0.6252f,-0.587f,0.8029f,-0.1044f,0.3441f,0.2681f,0.0711f,-0.9608f,0.522f,0f,0f,0f,1f],start_interpolation: 0,interpolation_duration: 1}
$data merge entity $(bone_leg_back_right4) {transformation: [-0.6726f,-0.207f,0.7105f,-1.1141f,-0.1457f,0.9783f,0.1471f,-0.0606f,-0.7256f,-0.0046f,-0.6882f,-0.9242f,0f,0f,0f,1f],start_interpolation: 0,interpolation_duration: 1}
$data merge entity $(bone_leg_back_right3) {transformation: [-0.7627f,-0.3435f,0.5481f,-0.9473f,-0.34f,0.9337f,0.1121f,0.0137f,-0.5503f,-0.1008f,-0.8289f,-0.8038f,0f,0f,0f,1f],start_interpolation: 0,interpolation_duration: 1}
$data merge entity $(bone_leg_back_right2) {transformation: [-0.7484f,-0.4582f,0.4795f,-0.6666f,-0.4816f,0.8725f,0.082f,0.1943f,-0.456f,-0.1696f,-0.8737f,-0.6329f,0f,0f,0f,1f],start_interpolation: 0,interpolation_duration: 1}
$data merge entity $(bone_leg_back_right) {transformation: [-0.794f,-0.4764f,0.3777f,-0.5922f,-0.5079f,0.8612f,0.0185f,0.242f,-0.3341f,-0.1772f,-0.9257f,-0.6015f,0f,0f,0f,1f],start_interpolation: 0,interpolation_duration: 1}
data modify entity @s data merge value {"cameras":{},"locators":{"target":{"px":-0.013016959367932953,"py":1.0824292798116615,"pz":1.5728717167754067,"ry":0.016118644371147184,"rx":-0.9233565611907469},"body":{"px":-0.010396181180949125,"py":0.9322849980366376,"pz":0.01258934612195435,"ry":0.016118644371147184,"rx":-0.9233565611907469},"head":{"px":-0.028416893504609176,"py":2.8098486162529825,"pz":1.1399794253726037,"ry":0.29545135924510646,"rx":3.3450880102887885},"mouth":{"px":-0.03449447456969088,"py":2.2080180999658205,"pz":1.2612898440262614,"ry":0.29545135924510646,"rx":3.3450880102887885},"special":{"px":-0.03449447456969088,"py":2.2080180999658205,"pz":1.2612898440262614,"ry":0.29545135924510646,"rx":3.3450880102887885},"face":{"px":-0.03372587883235695,"py":2.525275302562435,"pz":1.7243507489417629,"ry":0.29545135924510646,"rx":3.3450880102887885},"eye1":{"px":-0.37511652929110895,"py":2.550127995546021,"pz":1.2591450591974143,"ry":0.3417949710802475,"rx":8.344875599252587},"eye2":{"px":0.31234724666975466,"py":2.5438259625525195,"pz":1.2623217118035834,"ry":0.3417949710802475,"rx":8.344875599252587},"horn":{"px":-0.028672368666049403,"py":2.9258872025545246,"pz":1.4254714293702313,"ry":0.3417949710802475,"rx":8.344875599252587},"physical":{"px":-0.028672368666049403,"py":2.9258872025545246,"pz":1.4254714293702313,"ry":0.3417949710802475,"rx":8.344875599252587},"jaw_upper":{"px":-0.035737653941410534,"py":2.2139479106875615,"pz":1.5420919204511083,"ry":0.3417949710802475,"rx":8.344875599252587},"jaw_lower":{"px":-0.035026412303629455,"py":2.2945522205558837,"pz":1.548078775369421,"ry":0.29545135924510646,"rx":3.3450880102887885},"tail_tip":{"px":0.0007938306193513171,"py":0.29120965134969024,"pz":-1.4491488937447792,"ry":0.10727626867904405,"rx":-6.122440053640053}}}
function animated_java:lapras/animations/surfacewater_idle/zzz/frames/on_tick/transform_floating_entities