# This file was generated by Animated Java via MC-Build. It is not recommended to edit this file directly.
$data merge entity $(bone_shell2) {transformation: [-1.1977f,-0.0199f,0.005f,-0.0246f,-0.0205f,1.1616f,-0.2918f,1.2274f,0f,-0.2919f,-1.1618f,-0.4481f,0f,0f,0f,1f],start_interpolation: 0,interpolation_duration: 1}
$data merge entity $(bone_shell) {transformation: [-1.2602f,-0.0215f,0.0025f,-0.0225f,-0.0216f,1.2519f,-0.1449f,1.1096f,0f,-0.1449f,-1.2521f,0.5722f,0f,0f,0f,1f],start_interpolation: 0,interpolation_duration: 1}
$data merge entity $(bone_pupil_right2) {transformation: [-0.9999f,0.009f,0.0061f,-0.3815f,0.0098f,0.9905f,0.137f,2.5425f,-0.0048f,0.1371f,-0.9905f,1.2685f,0f,0f,0f,1f],start_interpolation: 0,interpolation_duration: 1}
$data merge entity $(bone_pupil_right) {transformation: [-0.9999f,0.009f,0.0061f,-0.38f,0.0098f,0.9905f,0.137f,2.5356f,-0.0048f,0.1371f,-0.9905f,1.2044f,0f,0f,0f,1f],start_interpolation: 0,interpolation_duration: 1}
$data merge entity $(bone_eyelid_right) {transformation: [-0.9999f,0.009f,0.0061f,-0.3435f,0.0098f,0.9905f,0.137f,2.5662f,-0.0048f,0.1371f,-0.9905f,1.2089f,0f,0f,0f,1f],start_interpolation: 0,interpolation_duration: 1}
$data merge entity $(bone_eye_right) {transformation: [-0.9999f,0.009f,0.0061f,-0.3798f,0.0098f,0.9905f,0.137f,2.5666f,-0.0048f,0.1371f,-0.9905f,1.2087f,0f,0f,0f,1f],start_interpolation: 0,interpolation_duration: 1}
$data merge entity $(bone_pupil_left2) {transformation: [-0.9999f,0.009f,0.0061f,0.3109f,0.0098f,0.9905f,0.137f,2.5358f,-0.0048f,0.1371f,-0.9905f,1.2718f,0f,0f,0f,1f],start_interpolation: 0,interpolation_duration: 1}
$data merge entity $(bone_pupil_left) {transformation: [-0.9999f,0.009f,0.0061f,0.3099f,0.0098f,0.9905f,0.137f,2.5289f,-0.0048f,0.1371f,-0.9905f,1.2078f,0f,0f,0f,1f],start_interpolation: 0,interpolation_duration: 1}
$data merge entity $(bone_eyelid_left) {transformation: [-0.9999f,0.009f,0.0061f,0.2739f,0.0098f,0.9905f,0.137f,2.5602f,-0.0048f,0.1371f,-0.9905f,1.2119f,0f,0f,0f,1f],start_interpolation: 0,interpolation_duration: 1}
$data merge entity $(bone_eye_left) {transformation: [-0.9999f,0.009f,0.0061f,0.3102f,0.0098f,0.9905f,0.137f,2.5598f,-0.0048f,0.1371f,-0.9905f,1.212f,0f,0f,0f,1f],start_interpolation: 0,interpolation_duration: 1}
$data merge entity $(bone_muzzle2) {transformation: [-0.9999f,0.0084f,0.0069f,-0.0352f,0.0098f,0.9748f,0.2228f,2.6344f,-0.0048f,0.2229f,-0.9748f,1.4397f,0f,0f,0f,1f],start_interpolation: 0,interpolation_duration: 1}
$data merge entity $(bone_muzzle) {transformation: [-0.9999f,0.009f,0.0061f,-0.0322f,0.0098f,0.9905f,0.137f,2.801f,-0.0048f,0.1371f,-0.9905f,1.1472f,0f,0f,0f,1f],start_interpolation: 0,interpolation_duration: 1}
$data merge entity $(bone_tongue) {transformation: [-0.9999f,0.0095f,0.0053f,-0.037f,0.0098f,0.9987f,0.0502f,2.272f,-0.0048f,0.0502f,-0.9987f,1.0894f,0f,0f,0f,1f],start_interpolation: 0,interpolation_duration: 1}
$data merge entity $(bone_jaw) {transformation: [-0.9999f,0.0095f,0.0053f,-0.0369f,0.0098f,0.9987f,0.0502f,2.3017f,-0.0048f,0.0502f,-0.9987f,1.1221f,0f,0f,0f,1f],start_interpolation: 0,interpolation_duration: 1}
$data merge entity $(bone_ear_left) {transformation: [-0.9155f,-0.1497f,-0.3734f,0.3178f,-0.1571f,0.9875f,-0.0108f,2.6549f,0.3704f,0.0488f,-0.9276f,0.8758f,0f,0f,0f,1f],start_interpolation: 0,interpolation_duration: 1}
$data merge entity $(bone_ear_right) {transformation: [-0.9086f,0.1685f,0.3821f,-0.3822f,0.1749f,0.9844f,-0.0181f,2.6617f,-0.3792f,0.0503f,-0.9239f,0.8724f,0f,0f,0f,1f],start_interpolation: 0,interpolation_duration: 1}
$data merge entity $(bone_head_angle) {transformation: [-0.9999f,0.0095f,0.0053f,-0.0354f,0.0098f,0.9987f,0.0502f,2.4016f,-0.0048f,0.0502f,-0.9987f,1.002f,0f,0f,0f,1f],start_interpolation: 0,interpolation_duration: 1}
$data merge entity $(bone_neck3) {transformation: [-0.9999f,-0.0162f,0.0038f,-0.0234f,-0.0165f,0.9944f,-0.104f,1.6771f,-0.0021f,-0.104f,-0.9946f,0.9835f,0f,0f,0f,1f],start_interpolation: 0,interpolation_duration: 1}
$data merge entity $(bone_neck2) {transformation: [-0.9999f,-0.0107f,0.0026f,-0.0188f,-0.0108f,0.9995f,-0.0296f,1.2412f,-0.0023f,-0.0296f,-0.9996f,1.0433f,0f,0f,0f,1f],start_interpolation: 0,interpolation_duration: 1}
$data merge entity $(bone_chest2) {transformation: [-0.9999f,-0.0109f,-0.0015f,-0.0088f,-0.0108f,0.9427f,0.3335f,0.3069f,-0.0023f,0.3335f,-0.9428f,1.0609f,0f,0f,0f,1f],start_interpolation: 0,interpolation_duration: 1}
$data merge entity $(bone_chest) {transformation: [-0.9999f,-0.0162f,0.0057f,-0.0054f,-0.0171f,0.9422f,-0.3346f,0.1102f,0f,-0.3347f,-0.9423f,0.6002f,0f,0f,0f,1f],start_interpolation: 0,interpolation_duration: 1}
$data merge entity $(bone_tail2) {transformation: [-0.9999f,-0.017f,0.0019f,-0.0095f,-0.0171f,0.9939f,-0.1089f,0.3512f,0f,-0.1089f,-0.9941f,-1.0771f,0f,0f,0f,1f],start_interpolation: 0,interpolation_duration: 1}
$data merge entity $(bone_tail) {transformation: [-0.9999f,-0.0171f,0.0016f,-0.0144f,-0.0171f,0.9953f,-0.0949f,0.6357f,0f,-0.0949f,-0.9955f,-0.7275f,0f,0f,0f,1f],start_interpolation: 0,interpolation_duration: 1}
$data merge entity $(bone_torso) {transformation: [-0.9999f,-0.0171f,0.0005f,-0.0153f,-0.0171f,0.9995f,-0.028f,0.6861f,0f,-0.028f,-0.9996f,-0.0411f,0f,0f,0f,1f],start_interpolation: 0,interpolation_duration: 1}
$data merge entity $(bone_leg_front_left4) {transformation: [-0.7697f,0.632f,-0.0895f,1.5109f,0.6f,0.7642f,0.2368f,-0.4776f,0.218f,0.1286f,-0.9674f,0.6295f,0f,0f,0f,1f],start_interpolation: 0,interpolation_duration: 1}
$data merge entity $(bone_leg_front_left3) {transformation: [-0.7121f,0.7006f,0.0455f,1.2326f,0.6997f,0.7027f,0.129f,-0.1824f,0.0584f,0.1237f,-0.9906f,0.6551f,0f,0f,0f,1f],start_interpolation: 0,interpolation_duration: 1}
$data merge entity $(bone_leg_front_left2) {transformation: [-0.7262f,0.6665f,0.1685f,0.7891f,0.6769f,0.7361f,0.0056f,0.2521f,-0.1203f,0.1181f,-0.9857f,0.5818f,0f,0f,0f,1f],start_interpolation: 0,interpolation_duration: 1}
$data merge entity $(bone_leg_front_left) {transformation: [-0.795f,0.5472f,0.2619f,0.6152f,0.5464f,0.8334f,-0.0828f,0.3717f,-0.2636f,0.0772f,-0.9615f,0.5241f,0f,0f,0f,1f],start_interpolation: 0,interpolation_duration: 1}
$data merge entity $(bone_leg_back_left4) {transformation: [-0.66f,0.2666f,-0.7024f,1.0948f,0.2011f,0.9635f,0.1768f,-0.0523f,0.7239f,-0.0246f,-0.6895f,-0.9206f,0f,0f,0f,1f],start_interpolation: 0,interpolation_duration: 1}
$data merge entity $(bone_leg_back_left3) {transformation: [-0.7383f,0.4002f,-0.5429f,0.9333f,0.3975f,0.9085f,0.1291f,0.0346f,0.5449f,-0.1205f,-0.8298f,-0.8014f,0f,0f,0f,1f],start_interpolation: 0,interpolation_duration: 1}
$data merge entity $(bone_leg_back_left2) {transformation: [-0.7287f,0.4919f,-0.4765f,0.66f,0.5141f,0.8526f,0.0939f,0.2274f,0.4524f,-0.1765f,-0.8741f,-0.6318f,0f,0f,0f,1f],start_interpolation: 0,interpolation_duration: 1}
$data merge entity $(bone_leg_back_left) {transformation: [-0.7935f,0.4775f,-0.3773f,0.5856f,0.5063f,0.862f,0.026f,0.2749f,0.3376f,-0.1704f,-0.9257f,-0.6001f,0f,0f,0f,1f],start_interpolation: 0,interpolation_duration: 1}
$data merge entity $(bone_leg_front_right4) {transformation: [-0.7487f,-0.6579f,0.0813f,-1.5007f,-0.626f,0.7421f,0.2397f,-0.5293f,-0.218f,0.1286f,-0.9674f,0.6295f,0f,0f,0f,1f],start_interpolation: 0,interpolation_duration: 1}
$data merge entity $(bone_leg_front_right3) {transformation: [-0.6876f,-0.7243f,-0.0499f,-1.2326f,-0.7237f,0.6783f,0.1274f,-0.2247f,-0.0584f,0.1237f,-0.9906f,0.6551f,0f,0f,0f,1f],start_interpolation: 0,interpolation_duration: 1}
$data merge entity $(bone_leg_front_right2) {transformation: [-0.7026f,-0.6913f,-0.1686f,-0.8043f,-0.7014f,0.7128f,-0.0002f,0.2248f,0.1203f,0.1181f,-0.9857f,0.5818f,0f,0f,0f,1f],start_interpolation: 0,interpolation_duration: 1}
$data merge entity $(bone_leg_front_right) {transformation: [-0.7758f,-0.5755f,-0.2589f,-0.6346f,-0.5733f,0.8142f,-0.0918f,0.3502f,0.2636f,0.0772f,-0.9615f,0.5241f,0f,0f,0f,1f],start_interpolation: 0,interpolation_duration: 1}
$data merge entity $(bone_leg_back_right4) {transformation: [-0.6527f,-0.2995f,0.6959f,-1.0994f,-0.2236f,0.9538f,0.2008f,-0.0899f,-0.7239f,-0.0246f,-0.6895f,-0.9206f,0f,0f,0f,1f],start_interpolation: 0,interpolation_duration: 1}
$data merge entity $(bone_leg_back_right3) {transformation: [-0.7243f,-0.4311f,0.5382f,-0.9409f,-0.4226f,0.8942f,0.1476f,0.0025f,-0.5449f,-0.1205f,-0.8298f,-0.8014f,0f,0f,0f,1f],start_interpolation: 0,interpolation_duration: 1}
$data merge entity $(bone_leg_back_right2) {transformation: [-0.7106f,-0.5208f,0.473f,-0.6744f,-0.5388f,0.8352f,0.1102f,0.2045f,-0.4524f,-0.1765f,-0.8741f,-0.6318f,0f,0f,0f,1f],start_interpolation: 0,interpolation_duration: 1}
$data merge entity $(bone_leg_back_right) {transformation: [-0.7757f,-0.5068f,0.3762f,-0.6017f,-0.5332f,0.8451f,0.0389f,0.2545f,-0.3376f,-0.1704f,-0.9257f,-0.6001f,0f,0f,0f,1f],start_interpolation: 0,interpolation_duration: 1}
data modify entity @s data merge value {"cameras":{},"locators":{"target":{"px":-0.02193467388267733,"py":1.0747603457617911,"pz":1.5806276912469703,"ry":0.008294879722285486,"rx":-0.48377268514005356},"body":{"px":-0.019565637238718334,"py":0.9365904751047508,"pz":0.01923897458862439,"ry":0.008294879722285486,"rx":-0.48377268514005356},"head":{"px":-0.03215309378525825,"py":2.801027709131022,"pz":1.147236963534966,"ry":0.30552449367576173,"rx":2.8753898009039816},"mouth":{"px":-0.03863577260038621,"py":2.200215510070428,"pz":1.2734740473707136,"ry":0.30552449367576173,"rx":2.8753898009039816},"special":{"px":-0.03863577260038621,"py":2.200215510070428,"pz":1.2734740473707136,"ry":0.30552449367576173,"rx":2.8753898009039816},"face":{"px":-0.03772767151937511,"py":2.52125603803201,"pz":1.733919787668716,"ry":0.30552449367576173,"rx":2.8753898009039816},"eye1":{"px":-0.3790368622742796,"py":2.542515503664951,"pz":1.2684763026279053,"ry":0.3548492306382798,"rx":7.875148794304015},"eye2":{"px":0.30842225418174635,"py":2.5357972501353254,"pz":1.2718047063011244,"ry":0.3548492306382798,"rx":7.875148794304015},"horn":{"px":-0.032373859314459484,"py":2.919401994879523,"pz":1.4317684782413573,"ry":0.3548492306382798,"rx":7.875148794304015},"physical":{"px":-0.032373859314459484,"py":2.919401994879523,"pz":1.4317684782413573,"ry":0.3548492306382798,"rx":7.875148794304015},"jaw_upper":{"px":-0.039914580396678015,"py":2.208446944215394,"pz":1.5542179207093647,"ry":0.3548492306382798,"rx":7.875148794304015},"jaw_lower":{"px":-0.03915220708539604,"py":2.289097132403486,"pz":1.559544176241007,"ry":0.30552449367576173,"rx":2.8753898009039816},"tail_tip":{"px":-0.008829165406821476,"py":0.3104047518450308,"pz":-1.4498498908690243,"ry":0.1075819117174035,"rx":-6.249617166880163}}}
function animated_java:lapras/animations/surfacewater_idle/zzz/frames/on_tick/transform_floating_entities