# This file was generated by Animated Java via MC-Build. It is not recommended to edit this file directly.
$data merge entity $(bone_shell2) {transformation: [-1.1979f,-0.0038f,0.001f,0.0462f,-0.0039f,1.1559f,-0.3143f,1.1229f,0f,-0.3143f,-1.1559f,-0.5044f,0f,0f,0f,1f],start_interpolation: 0,interpolation_duration: 1}
$data merge entity $(bone_shell) {transformation: [-1.2604f,-0.0041f,0.0006f,0.0466f,-0.0041f,1.249f,-0.1691f,1.0248f,0f,-0.1691f,-1.249f,0.518f,0f,0f,0f,1f],start_interpolation: 0,interpolation_duration: 1}
$data merge entity $(bone_pupil_right2) {transformation: [-1f,-0.0019f,-0.0015f,-0.3265f,-0.0021f,0.987f,0.1609f,2.4511f,0.0011f,0.1609f,-0.987f,1.3529f,0f,0f,0f,1f],start_interpolation: 0,interpolation_duration: 1}
$data merge entity $(bone_pupil_right) {transformation: [-1f,-0.0019f,-0.0015f,-0.3253f,-0.0021f,0.987f,0.1609f,2.4457f,0.0011f,0.1609f,-0.987f,1.2887f,0f,0f,0f,1f],start_interpolation: 0,interpolation_duration: 1}
$data merge entity $(bone_eyelid_right) {transformation: [-1f,-0.0019f,-0.0015f,-0.2891f,-0.0021f,0.987f,0.1609f,2.4766f,0.0011f,0.1609f,-0.987f,1.2937f,0f,0f,0f,1f],start_interpolation: 0,interpolation_duration: 1}
$data merge entity $(bone_eye_right) {transformation: [-1f,-0.0019f,-0.0015f,-0.3254f,-0.0021f,0.987f,0.1609f,2.4765f,0.0011f,0.1609f,-0.987f,1.2938f,0f,0f,0f,1f],start_interpolation: 0,interpolation_duration: 1}
$data merge entity $(bone_pupil_left2) {transformation: [-1f,-0.0019f,-0.0015f,0.366f,-0.0021f,0.987f,0.1609f,2.4525f,0.0011f,0.1609f,-0.987f,1.3522f,0f,0f,0f,1f],start_interpolation: 0,interpolation_duration: 1}
$data merge entity $(bone_pupil_left) {transformation: [-1f,-0.0019f,-0.0015f,0.3647f,-0.0021f,0.987f,0.1609f,2.4471f,0.0011f,0.1609f,-0.987f,1.288f,0f,0f,0f,1f],start_interpolation: 0,interpolation_duration: 1}
$data merge entity $(bone_eyelid_left) {transformation: [-1f,-0.0019f,-0.0015f,0.3284f,-0.0021f,0.987f,0.1609f,2.4779f,0.0011f,0.1609f,-0.987f,1.293f,0f,0f,0f,1f],start_interpolation: 0,interpolation_duration: 1}
$data merge entity $(bone_eye_left) {transformation: [-1f,-0.0019f,-0.0015f,0.3646f,-0.0021f,0.987f,0.1609f,2.478f,0.0011f,0.1609f,-0.987f,1.293f,0f,0f,0f,1f],start_interpolation: 0,interpolation_duration: 1}
$data merge entity $(bone_muzzle2) {transformation: [-1f,-0.0018f,-0.0016f,0.0197f,-0.0021f,0.9692f,0.2463f,2.5429f,0.0011f,0.2463f,-0.9692f,1.5243f,0f,0f,0f,1f],start_interpolation: 0,interpolation_duration: 1}
$data merge entity $(bone_muzzle) {transformation: [-1f,-0.0019f,-0.0015f,0.019f,-0.0021f,0.987f,0.1609f,2.7166f,0.0011f,0.1609f,-0.987f,1.236f,0f,0f,0f,1f],start_interpolation: 0,interpolation_duration: 1}
$data merge entity $(bone_tongue) {transformation: [-1f,-0.002f,-0.0013f,0.0201f,-0.0021f,0.9972f,0.0742f,2.1891f,0.0011f,0.0742f,-0.9972f,1.1654f,0f,0f,0f,1f],start_interpolation: 0,interpolation_duration: 1}
$data merge entity $(bone_jaw) {transformation: [-1f,-0.002f,-0.0013f,0.02f,-0.0021f,0.9972f,0.0742f,2.2179f,0.0011f,0.0742f,-0.9972f,1.1989f,0f,0f,0f,1f],start_interpolation: 0,interpolation_duration: 1}
$data merge entity $(bone_ear_left) {transformation: [-0.923f,-0.0289f,-0.3837f,0.369f,-0.0551f,0.9968f,0.0575f,2.5812f,0.3808f,0.0742f,-0.9217f,0.9591f,0f,0f,0f,1f],start_interpolation: 0,interpolation_duration: 1}
$data merge entity $(bone_ear_right) {transformation: [-0.9241f,0.0248f,0.3814f,-0.331f,0.0512f,0.9969f,0.0591f,2.5797f,-0.3787f,0.0742f,-0.9225f,0.9599f,0f,0f,0f,1f],start_interpolation: 0,interpolation_duration: 1}
$data merge entity $(bone_head_angle) {transformation: [-1f,-0.002f,-0.0013f,0.0197f,-0.0021f,0.9972f,0.0742f,2.3207f,0.0011f,0.0742f,-0.9972f,1.0812f,0f,0f,0f,1f],start_interpolation: 0,interpolation_duration: 1}
$data merge entity $(bone_neck3) {transformation: [-0.9997f,-0.0249f,-0.0011f,0.0375f,-0.0249f,0.9997f,-0.0051f,1.6017f,0.0012f,-0.005f,-1f,0.991f,0f,0f,0f,1f],start_interpolation: 0,interpolation_duration: 1}
$data merge entity $(bone_neck2) {transformation: [-1f,-0.0084f,-0.0022f,0.0413f,-0.0084f,0.9992f,0.0401f,1.1627f,0.0019f,0.0401f,-0.9992f,1.0203f,0f,0f,0f,1f],start_interpolation: 0,interpolation_duration: 1}
$data merge entity $(bone_chest2) {transformation: [-1f,-0.0073f,-0.0047f,0.0492f,-0.0084f,0.9375f,0.3478f,0.2282f,0.0019f,0.3478f,-0.9376f,1.0237f,0f,0f,0f,1f],start_interpolation: 0,interpolation_duration: 1}
$data merge entity $(bone_chest) {transformation: [-1f,-0.0031f,0.0011f,0.0498f,-0.0033f,0.9382f,-0.346f,0.0259f,0f,-0.346f,-0.9382f,0.5654f,0f,0f,0f,1f],start_interpolation: 0,interpolation_duration: 1}
$data merge entity $(bone_tail2) {transformation: [-1f,-0.0032f,-0.0005f,0.0491f,-0.0033f,0.9888f,0.1492f,0.2611f,0f,0.1492f,-0.9888f,-1.1371f,0f,0f,0f,1f],start_interpolation: 0,interpolation_duration: 1}
$data merge entity $(bone_tail) {transformation: [-1f,-0.0033f,0.0001f,0.0482f,-0.0033f,0.9992f,-0.0394f,0.5257f,0f,-0.0394f,-0.9992f,-0.7723f,0f,0f,0f,1f],start_interpolation: 0,interpolation_duration: 1}
$data merge entity $(bone_torso) {transformation: [-1f,-0.0033f,0.0002f,0.048f,-0.0033f,0.9989f,-0.0473f,0.5894f,0f,-0.0473f,-0.9989f,-0.087f,0f,0f,0f,1f],start_interpolation: 0,interpolation_duration: 1}
$data merge entity $(bone_leg_front_left4) {transformation: [-0.9798f,0.0444f,-0.1951f,1.8217f,0.0432f,0.999f,0.0106f,-0.1628f,0.1953f,0.002f,-0.9807f,0.6283f,0f,0f,0f,1f],start_interpolation: 0,interpolation_duration: 1}
$data merge entity $(bone_leg_front_left3) {transformation: [-0.9797f,0.1992f,-0.022f,1.4268f,0.1992f,0.9799f,0.003f,-0.0666f,0.0221f,-0.0015f,-0.9998f,0.6373f,0f,0f,0f,1f],start_interpolation: 0,interpolation_duration: 1}
$data merge entity $(bone_leg_front_left2) {transformation: [-0.9197f,0.3634f,0.1485f,0.8576f,0.3628f,0.9313f,-0.0317f,0.1748f,-0.1498f,0.0247f,-0.9884f,0.544f,0f,0f,0f,1f],start_interpolation: 0,interpolation_duration: 1}
$data merge entity $(bone_leg_front_left) {transformation: [-0.8395f,0.4732f,0.2673f,0.674f,0.4704f,0.879f,-0.0788f,0.2776f,-0.2722f,0.0596f,-0.9604f,0.4845f,0f,0f,0f,1f],start_interpolation: 0,interpolation_duration: 1}
$data merge entity $(bone_leg_back_left4) {transformation: [-0.6806f,0.0688f,-0.7294f,1.2326f,0.1387f,0.9897f,-0.0361f,0.0615f,0.7194f,-0.1257f,-0.6831f,-0.9708f,0f,0f,0f,1f],start_interpolation: 0,interpolation_duration: 1}
$data merge entity $(bone_leg_back_left3) {transformation: [-0.8247f,0.0279f,-0.5648f,1.0522f,0.0784f,0.9948f,-0.0653f,0.0786f,0.5601f,-0.0981f,-0.8226f,-0.8483f,0f,0f,0f,1f],start_interpolation: 0,interpolation_duration: 1}
$data merge entity $(bone_leg_back_left2) {transformation: [-0.8668f,0.0884f,-0.4908f,0.7271f,0.1414f,0.9873f,-0.0718f,0.1317f,0.4782f,-0.1317f,-0.8683f,-0.6689f,0f,0f,0f,1f],start_interpolation: 0,interpolation_duration: 1}
$data merge entity $(bone_leg_back_left) {transformation: [-0.8958f,0.241f,-0.3735f,0.6431f,0.2934f,0.9518f,-0.0897f,0.1592f,0.3338f,-0.1899f,-0.9233f,-0.6376f,0f,0f,0f,1f],start_interpolation: 0,interpolation_duration: 1}
$data merge entity $(bone_leg_front_right4) {transformation: [-0.9795f,-0.051f,0.195f,-1.7208f,-0.0496f,0.9987f,0.0119f,-0.1744f,-0.1953f,0.002f,-0.9807f,0.6283f,0f,0f,0f,1f],start_interpolation: 0,interpolation_duration: 1}
$data merge entity $(bone_leg_front_right3) {transformation: [-0.9784f,-0.2056f,0.0219f,-1.3265f,-0.2056f,0.9786f,0.0031f,-0.0756f,-0.0221f,-0.0015f,-0.9998f,0.6373f,0f,0f,0f,1f],start_interpolation: 0,interpolation_duration: 1}
$data merge entity $(bone_leg_front_right2) {transformation: [-0.9173f,-0.3695f,-0.1483f,-0.7589f,-0.3689f,0.9289f,-0.0327f,0.1695f,0.1498f,0.0247f,-0.9884f,0.544f,0f,0f,0f,1f],start_interpolation: 0,interpolation_duration: 1}
$data merge entity $(bone_leg_front_right) {transformation: [-0.8364f,-0.4789f,-0.2668f,-0.576f,-0.4758f,0.8758f,-0.0805f,0.2736f,0.2722f,0.0596f,-0.9604f,0.4845f,0f,0f,0f,1f],start_interpolation: 0,interpolation_duration: 1}
$data merge entity $(bone_leg_back_right4) {transformation: [-0.6797f,-0.0752f,0.7296f,-1.1331f,-0.1431f,0.9892f,-0.0313f,0.0537f,-0.7194f,-0.1257f,-0.6831f,-0.9708f,0f,0f,0f,1f],start_interpolation: 0,interpolation_duration: 1}
$data merge entity $(bone_leg_back_right3) {transformation: [-0.8242f,-0.0344f,0.5652f,-0.9528f,-0.0838f,0.9946f,-0.0616f,0.0721f,-0.5601f,-0.0981f,-0.8226f,-0.8483f,0f,0f,0f,1f],start_interpolation: 0,interpolation_duration: 1}
$data merge entity $(bone_leg_back_right2) {transformation: [-0.8658f,-0.0949f,0.4913f,-0.6281f,-0.1471f,0.9867f,-0.0686f,0.1272f,-0.4782f,-0.1317f,-0.8683f,-0.6689f,0f,0f,0f,1f],start_interpolation: 0,interpolation_duration: 1}
$data merge entity $(bone_leg_back_right) {transformation: [-0.8939f,-0.2472f,0.374f,-0.5443f,-0.2993f,0.9502f,-0.0872f,0.1553f,-0.3338f,-0.1899f,-0.9233f,-0.6376f,0f,0f,0f,1f],start_interpolation: 0,interpolation_duration: 1}
data modify entity @s data merge value {"cameras":{},"locators":{"target":{"px":0.046609839675595024,"py":1.0098814064183526,"pz":1.5267997356021183,"ry":0.005259271543621935,"rx":-1.6077051212109863},"body":{"px":0.04716184855604108,"py":0.8410936784999179,"pz":-0.031578154445840834,"ry":0.005259271543621935,"rx":-1.6077051212109863},"head":{"px":0.01904113611274241,"py":2.7165560751054767,"pz":1.2359767287620618,"ry":359.9261720942179,"rx":4.256279542874695},"mouth":{"px":0.02043909257666525,"py":2.112848395070928,"pz":1.3477273788050408,"ry":359.9261720942179,"rx":4.256279542874695},"special":{"px":0.02043909257666525,"py":2.112848395070928,"pz":1.3477273788050408,"ry":359.9261720942179,"rx":4.256279542874695},"face":{"px":0.020316202386755643,"py":2.422715444628442,"pz":1.8157663958714847,"ry":359.9261720942179,"rx":4.256279542874695},"eye1":{"px":-0.3240183132175548,"py":2.451063013232252,"pz":1.3529362725459833,"ry":359.91548669026946,"rx":9.256268290553036},"eye2":{"px":0.36347972168129017,"py":2.4525109626917017,"pz":1.3521581642055303,"ry":359.91548669026946,"rx":9.256268290553036},"horn":{"px":0.019131491692817963,"py":2.8280452317599236,"pz":1.5232759854776847,"ry":359.91548669026946,"rx":9.256268290553036},"physical":{"px":0.019131491692817963,"py":2.8280452317599236,"pz":1.5232759854776847,"ry":359.91548669026946,"rx":9.256268290553036},"jaw_upper":{"px":0.020753888794853452,"py":2.114312812232526,"pz":1.6285908165472456,"ry":359.91548669026946,"rx":9.256268290553036},"jaw_lower":{"px":0.020592564065030045,"py":2.1948150002280475,"pz":1.6358554409762205,"ry":359.9261720942179,"rx":4.256279542874695},"tail_tip":{"px":0.04887569033438379,"py":0.31705236317818586,"pz":-1.5079514817376092,"ry":359.9717334592435,"rx":8.578379695898338}}}
function animated_java:lapras/animations/surfacewater_idle/zzz/frames/on_tick/transform_floating_entities