# This file was generated by Animated Java via MC-Build. It is not recommended to edit this file directly.
$data merge entity $(bone_shell2) {transformation: [-1.1978f,-0.0165f,0.0035f,-0.0421f,-0.0169f,1.1717f,-0.2487f,1.2399f,0f,-0.2488f,-1.1718f,-0.4217f,0f,0f,0f,1f],start_interpolation: 0,interpolation_duration: 1}
$data merge entity $(bone_shell) {transformation: [-1.2603f,-0.0177f,0.0014f,-0.0399f,-0.0178f,1.2564f,-0.0986f,1.0845f,0f,-0.0986f,-1.2566f,0.5936f,0f,0f,0f,1f],start_interpolation: 0,interpolation_duration: 1}
$data merge entity $(bone_pupil_right2) {transformation: [-0.9999f,0.0094f,0.0051f,-0.3855f,0.0099f,0.993f,0.1175f,2.5053f,-0.004f,0.1175f,-0.9931f,1.3083f,0f,0f,0f,1f],start_interpolation: 0,interpolation_duration: 1}
$data merge entity $(bone_pupil_right) {transformation: [-0.9999f,0.0094f,0.0051f,-0.384f,0.0099f,0.993f,0.1175f,2.4971f,-0.004f,0.1175f,-0.9931f,1.2444f,0f,0f,0f,1f],start_interpolation: 0,interpolation_duration: 1}
$data merge entity $(bone_eyelid_right) {transformation: [-0.9999f,0.0094f,0.0051f,-0.3475f,0.0099f,0.993f,0.1175f,2.5278f,-0.004f,0.1175f,-0.9931f,1.2483f,0f,0f,0f,1f],start_interpolation: 0,interpolation_duration: 1}
$data merge entity $(bone_eye_right) {transformation: [-0.9999f,0.0094f,0.0051f,-0.3837f,0.0099f,0.993f,0.1175f,2.5282f,-0.004f,0.1175f,-0.9931f,1.2481f,0f,0f,0f,1f],start_interpolation: 0,interpolation_duration: 1}
$data merge entity $(bone_pupil_left2) {transformation: [-0.9999f,0.0094f,0.0051f,0.307f,0.0099f,0.993f,0.1175f,2.4985f,-0.004f,0.1175f,-0.9931f,1.3111f,0f,0f,0f,1f],start_interpolation: 0,interpolation_duration: 1}
$data merge entity $(bone_pupil_left) {transformation: [-0.9999f,0.0094f,0.0051f,0.3059f,0.0099f,0.993f,0.1175f,2.4903f,-0.004f,0.1175f,-0.9931f,1.2472f,0f,0f,0f,1f],start_interpolation: 0,interpolation_duration: 1}
$data merge entity $(bone_eyelid_left) {transformation: [-0.9999f,0.0094f,0.0051f,0.27f,0.0099f,0.993f,0.1175f,2.5217f,-0.004f,0.1175f,-0.9931f,1.2507f,0f,0f,0f,1f],start_interpolation: 0,interpolation_duration: 1}
$data merge entity $(bone_eye_left) {transformation: [-0.9999f,0.0094f,0.0051f,0.3062f,0.0099f,0.993f,0.1175f,2.5213f,-0.004f,0.1175f,-0.9931f,1.2509f,0f,0f,0f,1f],start_interpolation: 0,interpolation_duration: 1}
$data merge entity $(bone_muzzle2) {transformation: [-0.9999f,0.0089f,0.0059f,-0.0389f,0.0099f,0.979f,0.2036f,2.6005f,-0.004f,0.2036f,-0.979f,1.4773f,0f,0f,0f,1f],start_interpolation: 0,interpolation_duration: 1}
$data merge entity $(bone_muzzle) {transformation: [-0.9999f,0.0094f,0.0051f,-0.0362f,0.0099f,0.993f,0.1175f,2.7613f,-0.004f,0.1175f,-0.9931f,1.1817f,0f,0f,0f,1f],start_interpolation: 0,interpolation_duration: 1}
$data merge entity $(bone_tongue) {transformation: [-0.9999f,0.0098f,0.0043f,-0.0412f,0.0099f,0.9995f,0.0305f,2.2313f,-0.004f,0.0305f,-0.9995f,1.1342f,0f,0f,0f,1f],start_interpolation: 0,interpolation_duration: 1}
$data merge entity $(bone_jaw) {transformation: [-0.9999f,0.0098f,0.0043f,-0.041f,0.0099f,0.9995f,0.0305f,2.2616f,-0.004f,0.0305f,-0.9995f,1.1664f,0f,0f,0f,1f],start_interpolation: 0,interpolation_duration: 1}
$data merge entity $(bone_ear_left) {transformation: [-0.9074f,-0.197f,-0.3712f,0.3134f,-0.1935f,0.98f,-0.0472f,2.6097f,0.3731f,0.029f,-0.9273f,0.9128f,0f,0f,0f,1f],start_interpolation: 0,interpolation_duration: 1}
$data merge entity $(bone_ear_right) {transformation: [-0.9004f,0.2162f,0.3776f,-0.3865f,0.2114f,0.9759f,-0.0546f,2.6167f,-0.3803f,0.0307f,-0.9244f,0.91f,0f,0f,0f,1f],start_interpolation: 0,interpolation_duration: 1}
$data merge entity $(bone_head_angle) {transformation: [-0.9999f,0.0098f,0.0043f,-0.0396f,0.0099f,0.9995f,0.0305f,2.3591f,-0.004f,0.0305f,-0.9995f,1.0443f,0f,0f,0f,1f],start_interpolation: 0,interpolation_duration: 1}
$data merge entity $(bone_neck3) {transformation: [-1f,-0.0039f,0.0029f,-0.0365f,-0.0042f,0.9946f,-0.1038f,1.6345f,-0.0025f,-0.1038f,-0.9946f,1.0257f,0f,0f,0f,1f],start_interpolation: 0,interpolation_duration: 1}
$data merge entity $(bone_neck2) {transformation: [-1f,-0.006f,0.0025f,-0.034f,-0.006f,1f,-0.001f,1.197f,-0.0025f,-0.001f,-1f,1.073f,0f,0f,0f,1f],start_interpolation: 0,interpolation_duration: 1}
$data merge entity $(bone_chest2) {transformation: [-1f,-0.0065f,0.0001f,-0.0283f,-0.006f,0.9285f,0.3713f,0.2628f,-0.0025f,0.3712f,-0.9285f,1.0528f,0f,0f,0f,1f],start_interpolation: 0,interpolation_duration: 1}
$data merge entity $(bone_chest) {transformation: [-0.9999f,-0.0135f,0.0042f,-0.0258f,-0.0141f,0.9549f,-0.2966f,0.0846f,0f,-0.2966f,-0.955f,0.5846f,0f,0f,0f,1f],start_interpolation: 0,interpolation_duration: 1}
$data merge entity $(bone_tail2) {transformation: [-0.9999f,-0.0141f,0.001f,-0.0301f,-0.0141f,0.9972f,-0.0729f,0.3947f,0f,-0.0729f,-0.9973f,-1.088f,0f,0f,0f,1f],start_interpolation: 0,interpolation_duration: 1}
$data merge entity $(bone_tail) {transformation: [-0.9999f,-0.0141f,0.0005f,-0.0339f,-0.0141f,0.9992f,-0.0382f,0.6588f,0f,-0.0382f,-0.9993f,-0.7228f,0f,0f,0f,1f],start_interpolation: 0,interpolation_duration: 1}
$data merge entity $(bone_torso) {transformation: [-0.9999f,-0.0141f,-0.0001f,-0.0342f,-0.0141f,0.9999f,0.009f,0.6839f,0f,0.009f,-1f,-0.0351f,0f,0f,0f,1f],start_interpolation: 0,interpolation_duration: 1}
$data merge entity $(bone_leg_front_left4) {transformation: [-0.6736f,0.7357f,-0.0705f,1.5173f,0.6923f,0.6615f,0.2883f,-0.4443f,0.2587f,0.1454f,-0.9549f,0.607f,0f,0f,0f,1f],start_interpolation: 0,interpolation_duration: 1}
$data merge entity $(bone_leg_front_left3) {transformation: [-0.6971f,0.7154f,0.0476f,1.2453f,0.712f,0.6828f,0.1637f,-0.1444f,0.0846f,0.148f,-0.9854f,0.6437f,0f,0f,0f,1f],start_interpolation: 0,interpolation_duration: 1}
$data merge entity $(bone_leg_front_left2) {transformation: [-0.7644f,0.6225f,0.1679f,0.7773f,0.6359f,0.7708f,0.0376f,0.2651f,-0.106f,0.1355f,-0.9851f,0.5796f,0f,0f,0f,1f],start_interpolation: 0,interpolation_duration: 1}
$data merge entity $(bone_leg_front_left) {transformation: [-0.8322f,0.4865f,0.2662f,0.5952f,0.4932f,0.8687f,-0.0457f,0.373f,-0.2535f,0.0932f,-0.9628f,0.5241f,0f,0f,0f,1f],start_interpolation: 0,interpolation_duration: 1}
$data merge entity $(bone_leg_back_left4) {transformation: [-0.5705f,0.4908f,-0.6585f,1.0152f,0.4051f,0.8656f,0.2943f,-0.1179f,0.7145f,-0.0989f,-0.6926f,-0.9179f,0f,0f,0f,1f],start_interpolation: 0,interpolation_duration: 1}
$data merge entity $(bone_leg_back_left3) {transformation: [-0.6251f,0.5827f,-0.5194f,0.8785f,0.5742f,0.794f,0.1996f,0.0077f,0.5287f,-0.1735f,-0.8309f,-0.8022f,0f,0f,0f,1f],start_interpolation: 0,interpolation_duration: 1}
$data merge entity $(bone_leg_back_left2) {transformation: [-0.6455f,0.6075f,-0.463f,0.6365f,0.619f,0.7712f,0.1488f,0.2398f,0.4474f,-0.1905f,-0.8738f,-0.6344f,0f,0f,0f,1f],start_interpolation: 0,interpolation_duration: 1}
$data merge entity $(bone_leg_back_left) {transformation: [-0.7609f,0.5298f,-0.3748f,0.5651f,0.5478f,0.834f,0.0667f,0.2912f,0.3479f,-0.1545f,-0.9247f,-0.6018f,0f,0f,0f,1f],start_interpolation: 0,interpolation_duration: 1}
$data merge entity $(bone_leg_front_right4) {transformation: [-0.6538f,-0.7541f,0.0623f,-1.5533f,-0.7111f,0.6404f,0.2902f,-0.4877f,-0.2587f,0.1454f,-0.9549f,0.607f,0f,0f,0f,1f],start_interpolation: 0,interpolation_duration: 1}
$data merge entity $(bone_leg_front_right3) {transformation: [-0.6767f,-0.7344f,-0.0522f,-1.2899f,-0.7314f,0.6624f,0.1623f,-0.1802f,-0.0846f,0.148f,-0.9854f,0.6437f,0f,0f,0f,1f],start_interpolation: 0,interpolation_duration: 1}
$data merge entity $(bone_leg_front_right2) {transformation: [-0.7462f,-0.644f,-0.1689f,-0.8336f,-0.6573f,0.7529f,0.0328f,0.2424f,0.106f,0.1355f,-0.9851f,0.5796f,0f,0f,0f,1f],start_interpolation: 0,interpolation_duration: 1}
$data merge entity $(bone_leg_front_right) {transformation: [-0.8179f,-0.5108f,-0.2648f,-0.6547f,-0.5165f,0.8546f,-0.0532f,0.3554f,0.2535f,0.0932f,-0.9628f,0.5241f,0f,0f,0f,1f],start_interpolation: 0,interpolation_duration: 1}
$data merge entity $(bone_leg_back_right4) {transformation: [-0.5588f,-0.5151f,0.65f,-1.0606f,-0.421f,0.8514f,0.3127f,-0.1472f,-0.7145f,-0.0989f,-0.6926f,-0.9179f,0f,0f,0f,1f],start_interpolation: 0,interpolation_duration: 1}
$data merge entity $(bone_leg_back_right3) {transformation: [-0.6086f,-0.6048f,0.5136f,-0.9275f,-0.5916f,0.7772f,0.2142f,-0.0178f,-0.5287f,-0.1735f,-0.8309f,-0.8022f,0f,0f,0f,1f],start_interpolation: 0,interpolation_duration: 1}
$data merge entity $(bone_leg_back_right2) {transformation: [-0.6277f,-0.629f,0.4586f,-0.6921f,-0.637f,0.7537f,0.1618f,0.2211f,-0.4474f,-0.1905f,-0.8738f,-0.6344f,0f,0f,0f,1f],start_interpolation: 0,interpolation_duration: 1}
$data merge entity $(bone_leg_back_right) {transformation: [-0.7451f,-0.5531f,0.3727f,-0.6223f,-0.569f,0.8187f,0.0773f,0.2744f,-0.3479f,-0.1545f,-0.9247f,-0.6018f,0f,0f,0f,1f],start_interpolation: 0,interpolation_duration: 1}
data modify entity @s data merge value {"cameras":{},"locators":{"target":{"px":-0.039287028375829945,"py":1.0417851263801634,"pz":1.59379426293655,"ry":359.99150803241184,"rx":0.6013516446775975},"body":{"px":-0.0377537527067178,"py":0.9332034935677993,"pz":0.030068286915967506,"ry":359.99150803241184,"rx":0.6013516446775975},"head":{"px":-0.03615208919467592,"py":2.761295955330778,"pz":1.1816676358792775,"ry":0.24572937099333103,"rx":1.7454145408098998},"mouth":{"px":-0.042632105174400275,"py":2.163091472846994,"pz":1.3197347627748965,"ry":0.24572937099333103,"rx":1.7454145408098998},"special":{"px":-0.042632105174400275,"py":2.163091472846994,"pz":1.3197347627748965,"ry":0.24572937099333103,"rx":1.7454145408098998},"face":{"px":-0.04117056189337363,"py":2.493149122250728,"pz":1.7737589217811327,"ry":0.24572937099333103,"rx":1.7454145408098998},"eye1":{"px":-0.3829641723917134,"py":2.505307053496809,"pz":1.3083441832198937,"ry":0.29559323282282435,"rx":6.745167416290174},"eye2":{"px":0.3044965926924462,"py":2.4984927433965036,"pz":1.3110849217624425,"ry":0.29559323282282435,"rx":6.745167416290174},"horn":{"px":-0.03604817173883282,"py":2.885258098942425,"pz":1.4638095846876173,"ry":0.29559323282282435,"rx":6.745167416290174},"physical":{"px":-0.03604817173883282,"py":2.885258098942425,"pz":1.4638095846876173,"ry":0.29559323282282435,"rx":6.745167416290174},"jaw_upper":{"px":-0.04361404724497057,"py":2.1768577454635762,"pz":1.6002629071787469,"ry":0.29559323282282435,"rx":6.745167416290174},"jaw_lower":{"px":-0.042828622009345875,"py":2.257597099529554,"pz":1.6039969235199913,"ry":0.24572937099333103,"rx":1.7454145408098998},"tail_tip":{"px":-0.029763659656961386,"py":0.36737089924525373,"pz":-1.46198799403654,"ry":0.059146248044243066,"rx":-4.181107977468257}}}
function animated_java:lapras/animations/surfacewater_idle/zzz/frames/on_tick/transform_floating_entities