# This file was generated by Animated Java via MC-Build. It is not recommended to edit this file directly.
$data merge entity $(bone_shell2) {transformation: [-1.1978f,-0.014f,0.0028f,-0.0473f,-0.0143f,1.1755f,-0.2304f,1.2394f,0f,-0.2304f,-1.1756f,-0.4128f,0f,0f,0f,1f],start_interpolation: 0,interpolation_duration: 1}
$data merge entity $(bone_shell) {transformation: [-1.2603f,-0.015f,0.0009f,-0.0452f,-0.0151f,1.2579f,-0.0789f,1.0681f,0f,-0.0789f,-1.2579f,0.5999f,0f,0f,0f,1f],start_interpolation: 0,interpolation_duration: 1}
$data merge entity $(bone_pupil_right2) {transformation: [-1f,0.009f,0.0042f,-0.3849f,0.0094f,0.9939f,0.1099f,2.4828f,-0.0031f,0.11f,-0.9939f,1.3308f,0f,0f,0f,1f],start_interpolation: 0,interpolation_duration: 1}
$data merge entity $(bone_pupil_right) {transformation: [-1f,0.009f,0.0042f,-0.3835f,0.0094f,0.9939f,0.1099f,2.4742f,-0.0031f,0.11f,-0.9939f,1.267f,0f,0f,0f,1f],start_interpolation: 0,interpolation_duration: 1}
$data merge entity $(bone_eyelid_right) {transformation: [-1f,0.009f,0.0042f,-0.347f,0.0094f,0.9939f,0.1099f,2.5049f,-0.0031f,0.11f,-0.9939f,1.2705f,0f,0f,0f,1f],start_interpolation: 0,interpolation_duration: 1}
$data merge entity $(bone_eye_right) {transformation: [-1f,0.009f,0.0042f,-0.3833f,0.0094f,0.9939f,0.1099f,2.5052f,-0.0031f,0.11f,-0.9939f,1.2704f,0f,0f,0f,1f],start_interpolation: 0,interpolation_duration: 1}
$data merge entity $(bone_pupil_left2) {transformation: [-1f,0.009f,0.0042f,0.3076f,0.0094f,0.9939f,0.1099f,2.4763f,-0.0031f,0.11f,-0.9939f,1.333f,0f,0f,0f,1f],start_interpolation: 0,interpolation_duration: 1}
$data merge entity $(bone_pupil_left) {transformation: [-1f,0.009f,0.0042f,0.3064f,0.0094f,0.9939f,0.1099f,2.4677f,-0.0031f,0.11f,-0.9939f,1.2691f,0f,0f,0f,1f],start_interpolation: 0,interpolation_duration: 1}
$data merge entity $(bone_eyelid_left) {transformation: [-1f,0.009f,0.0042f,0.2705f,0.0094f,0.9939f,0.1099f,2.4991f,-0.0031f,0.11f,-0.9939f,1.2725f,0f,0f,0f,1f],start_interpolation: 0,interpolation_duration: 1}
$data merge entity $(bone_eye_left) {transformation: [-1f,0.009f,0.0042f,0.3067f,0.0094f,0.9939f,0.1099f,2.4988f,-0.0031f,0.11f,-0.9939f,1.2726f,0f,0f,0f,1f],start_interpolation: 0,interpolation_duration: 1}
$data merge entity $(bone_muzzle2) {transformation: [-1f,0.0086f,0.0049f,-0.0383f,0.0094f,0.9805f,0.1961f,2.5794f,-0.0031f,0.1962f,-0.9806f,1.4987f,0f,0f,0f,1f],start_interpolation: 0,interpolation_duration: 1}
$data merge entity $(bone_muzzle) {transformation: [-1f,0.009f,0.0042f,-0.0358f,0.0094f,0.9939f,0.1099f,2.738f,-0.0031f,0.11f,-0.9939f,1.2019f,0f,0f,0f,1f],start_interpolation: 0,interpolation_duration: 1}
$data merge entity $(bone_tongue) {transformation: [-1f,0.0093f,0.0034f,-0.0407f,0.0094f,0.9997f,0.0229f,2.2076f,-0.0031f,0.0229f,-0.9997f,1.1585f,0f,0f,0f,1f],start_interpolation: 0,interpolation_duration: 1}
$data merge entity $(bone_jaw) {transformation: [-1f,0.0093f,0.0034f,-0.0405f,0.0094f,0.9997f,0.0229f,2.2382f,-0.0031f,0.0229f,-0.9997f,1.1904f,0f,0f,0f,1f],start_interpolation: 0,interpolation_duration: 1}
$data merge entity $(bone_ear_left) {transformation: [-0.9042f,-0.2116f,-0.3709f,0.3136f,-0.2041f,0.9771f,-0.0598f,2.5846f,0.3751f,0.0217f,-0.9267f,0.9338f,0f,0f,0f,1f],start_interpolation: 0,interpolation_duration: 1}
$data merge entity $(bone_ear_right) {transformation: [-0.8979f,0.2297f,0.3755f,-0.3864f,0.221f,0.973f,-0.0668f,2.5912f,-0.3807f,0.023f,-0.9244f,0.9316f,0f,0f,0f,1f],start_interpolation: 0,interpolation_duration: 1}
$data merge entity $(bone_head_angle) {transformation: [-1f,0.0093f,0.0034f,-0.0392f,0.0094f,0.9997f,0.0229f,2.3347f,-0.0031f,0.0229f,-0.9997f,1.0676f,0f,0f,0f,1f],start_interpolation: 0,interpolation_duration: 1}
$data merge entity $(bone_neck3) {transformation: [-1f,0.0017f,0.0022f,-0.0402f,0.0015f,0.9952f,-0.0981f,1.6103f,-0.0024f,-0.0981f,-0.9952f,1.0448f,0f,0f,0f,1f],start_interpolation: 0,interpolation_duration: 1}
$data merge entity $(bone_neck2) {transformation: [-1f,-0.0036f,0.0024f,-0.0387f,-0.0036f,0.9999f,0.016f,1.1721f,-0.0024f,0.016f,-0.9999f,1.0847f,0f,0f,0f,1f],start_interpolation: 0,interpolation_duration: 1}
$data merge entity $(bone_chest2) {transformation: [-1f,-0.0042f,0.0009f,-0.0353f,-0.0036f,0.9212f,0.389f,0.2384f,-0.0024f,0.389f,-0.9212f,1.0466f,0f,0f,0f,1f],start_interpolation: 0,interpolation_duration: 1}
$data merge entity $(bone_chest) {transformation: [-0.9999f,-0.0115f,0.0033f,-0.0333f,-0.0119f,0.96f,-0.2798f,0.0684f,0f,-0.2798f,-0.96f,0.5753f,0f,0f,0f,1f],start_interpolation: 0,interpolation_duration: 1}
$data merge entity $(bone_tail2) {transformation: [-0.9999f,-0.0119f,0.0005f,-0.0373f,-0.0119f,0.9991f,-0.0419f,0.4096f,0f,-0.0419f,-0.9991f,-1.0956f,0f,0f,0f,1f],start_interpolation: 0,interpolation_duration: 1}
$data merge entity $(bone_tail) {transformation: [-0.9999f,-0.0119f,0.0001f,-0.0404f,-0.0119f,0.9999f,-0.0092f,0.6631f,0f,-0.0092f,-1f,-0.723f,0f,0f,0f,1f],start_interpolation: 0,interpolation_duration: 1}
$data merge entity $(bone_torso) {transformation: [-0.9999f,-0.0119f,-0.0003f,-0.0405f,-0.0119f,0.9996f,0.0246f,0.6774f,0f,0.0246f,-0.9997f,-0.0349f,0f,0f,0f,1f],start_interpolation: 0,interpolation_duration: 1}
$data merge entity $(bone_leg_front_left4) {transformation: [-0.6518f,0.755f,-0.0716f,1.5398f,0.7076f,0.6394f,0.3009f,-0.4136f,0.2729f,0.1454f,-0.951f,0.5995f,0f,0f,0f,1f],start_interpolation: 0,interpolation_duration: 1}
$data merge entity $(bone_leg_front_left3) {transformation: [-0.7135f,0.6994f,0.0427f,1.2609f,0.6947f,0.6981f,0.1734f,-0.1205f,0.0915f,0.1534f,-0.9839f,0.639f,0f,0f,0f,1f],start_interpolation: 0,interpolation_duration: 1}
$data merge entity $(bone_leg_front_left2) {transformation: [-0.7935f,0.5855f,0.1659f,0.7741f,0.5998f,0.7986f,0.0502f,0.2668f,-0.1031f,0.1393f,-0.9849f,0.5768f,0f,0f,0f,1f],start_interpolation: 0,interpolation_duration: 1}
$data merge entity $(bone_leg_front_left) {transformation: [-0.8499f,0.4537f,0.2681f,0.5882f,0.4637f,0.8855f,-0.0286f,0.3683f,-0.2503f,0.1f,-0.963f,0.522f,0f,0f,0f,1f],start_interpolation: 0,interpolation_duration: 1}
$data merge entity $(bone_leg_back_left4) {transformation: [-0.5154f,0.5727f,-0.6374f,0.9862f,0.4857f,0.8081f,0.3333f,-0.1405f,0.706f,-0.1378f,-0.6947f,-0.919f,0f,0f,0f,1f],start_interpolation: 0,interpolation_duration: 1}
$data merge entity $(bone_leg_back_left3) {transformation: [-0.5745f,0.6396f,-0.5108f,0.8605f,0.6316f,0.7433f,0.2203f,-0.0024f,0.5205f,-0.1961f,-0.831f,-0.8051f,0f,0f,0f,1f],start_interpolation: 0,interpolation_duration: 1}
$data merge entity $(bone_leg_back_left2) {transformation: [-0.6188f,0.6377f,-0.4587f,0.6285f,0.6462f,0.7453f,0.1644f,0.2399f,0.4467f,-0.1947f,-0.8732f,-0.6376f,0f,0f,0f,1f],start_interpolation: 0,interpolation_duration: 1}
$data merge entity $(bone_leg_back_left) {transformation: [-0.7534f,0.5408f,-0.374f,0.5579f,0.5552f,0.828f,0.0786f,0.292f,0.3522f,-0.1484f,-0.9241f,-0.6045f,0f,0f,0f,1f],start_interpolation: 0,interpolation_duration: 1}
$data merge entity $(bone_leg_front_right4) {transformation: [-0.6347f,-0.7701f,0.0644f,-1.5944f,-0.723f,0.6211f,0.3025f,-0.4511f,-0.2729f,0.1454f,-0.951f,0.5995f,0f,0f,0f,1f],start_interpolation: 0,interpolation_duration: 1}
$data merge entity $(bone_leg_front_right3) {transformation: [-0.6967f,-0.7159f,-0.0468f,-1.3225f,-0.7115f,0.6812f,0.1723f,-0.1514f,-0.0915f,0.1534f,-0.9839f,0.639f,0f,0f,0f,1f],start_interpolation: 0,interpolation_duration: 1}
$data merge entity $(bone_leg_front_right2) {transformation: [-0.7789f,-0.6045f,-0.1671f,-0.8452f,-0.6186f,0.7844f,0.0462f,0.2475f,0.1031f,0.1393f,-0.9849f,0.5768f,0f,0f,0f,1f],start_interpolation: 0,interpolation_duration: 1}
$data merge entity $(bone_leg_front_right) {transformation: [-0.8386f,-0.4747f,-0.2673f,-0.6617f,-0.4839f,0.8744f,-0.035f,0.3533f,0.2503f,0.1f,-0.963f,0.522f,0f,0f,0f,1f],start_interpolation: 0,interpolation_duration: 1}
$data merge entity $(bone_leg_back_right4) {transformation: [-0.5037f,-0.5919f,0.6293f,-1.0475f,-0.4979f,0.7941f,0.3484f,-0.1648f,-0.706f,-0.1378f,-0.6947f,-0.919f,0f,0f,0f,1f],start_interpolation: 0,interpolation_duration: 1}
$data merge entity $(bone_leg_back_right3) {transformation: [-0.5593f,-0.6572f,0.5053f,-0.9251f,-0.6452f,0.7278f,0.2324f,-0.0237f,-0.5205f,-0.1961f,-0.831f,-0.8051f,0f,0f,0f,1f],start_interpolation: 0,interpolation_duration: 1}
$data merge entity $(bone_leg_back_right2) {transformation: [-0.6032f,-0.6553f,0.4547f,-0.6989f,-0.6608f,0.7298f,0.1753f,0.2241f,-0.4467f,-0.1947f,-0.8732f,-0.6376f,0f,0f,0f,1f],start_interpolation: 0,interpolation_duration: 1}
$data merge entity $(bone_leg_back_right) {transformation: [-0.7399f,-0.5604f,0.3721f,-0.6296f,-0.5731f,0.8148f,0.0876f,0.2778f,-0.3522f,-0.1484f,-0.9241f,-0.6045f,0f,0f,0f,1f],start_interpolation: 0,interpolation_duration: 1}
data modify entity @s data merge value {"cameras":{},"locators":{"target":{"posx":-0.04467173637709345,"posy":1.0230710659768674,"posz":1.5965776258225999,"roty":359.98769202818755,"rotx":1.0300026235777473},"body":{"posx":-0.043514156764672136,"posy":0.9261876377843217,"posz":0.032082975352007714,"roty":359.98769202818755,"rotx":1.0300026235777473},"head":{"posx":-0.03583502376535862,"posy":2.7380108954544435,"posz":1.2018781328502106,"roty":0.19218435931296085,"rotx":1.3112693026465985},"mouth":{"posx":-0.041892312899509135,"posy":2.140866965779625,"posz":1.3444809431340916,"roty":0.19218435931296085,"rotx":1.3112693026465985},"special":{"posx":-0.041892312899509135,"posy":2.140866965779625,"posz":1.3444809431340916,"roty":0.19218435931296085,"rotx":1.3112693026465985},"face":{"posx":-0.04017686426663158,"posy":2.474357015340228,"posz":1.7959890483548666,"roty":0.19218435931296085,"rotx":1.3112693026465985},"eye1":{"posx":-0.3824039185799614,"posy":2.4828203910016566,"posz":1.330811038440236,"roty":0.23939130983811197,"rotx":6.311047575348447},"eye2":{"posx":0.3050623607317224,"posy":2.4763622683824473,"posz":1.3329691537256247,"roty":0.23939130983811197,"rotx":6.311047575348447},"horn":{"posx":-0.03553318934115735,"posy":2.864107966423155,"posz":1.4830722663489238,"roty":0.23939130983811197,"rotx":6.311047575348447},"physical":{"posx":-0.03553318934115735,"posy":2.864107966423155,"posz":1.4830722663489238,"roty":0.23939130983811197,"rotx":6.311047575348447},"jaw_upper":{"posx":-0.04262331778743628,"posy":2.1567585830147404,"posz":1.6248974840302337,"roty":0.23939130983811197,"rotx":6.311047575348447},"jaw_lower":{"posx":-0.04187439552509432,"posy":2.2375242927481227,"posz":1.6280187518074194,"roty":0.19218435931296085,"rotx":1.3112693026465985},"tail_tip":{"posx":-0.037154866979455935,"posy":0.3939479640283648,"posz":-1.4703160947272296,"roty":0.028677588770960938,"rotx":-2.3987633083118696}}}