# This file was generated by Animated Java via MC-Build. It is not recommended to edit this file directly.
$data merge entity $(bone_shell2) {transformation: [-1.1979f,-0.005f,0.0014f,0.0446f,-0.0052f,1.1547f,-0.3187f,1.1254f,0f,-0.3187f,-1.1548f,-0.5053f,0f,0f,0f,1f],start_interpolation: 0,interpolation_duration: 1}
$data merge entity $(bone_shell) {transformation: [-1.2604f,-0.0054f,0.0008f,0.045f,-0.0055f,1.2484f,-0.1738f,1.0312f,0f,-0.1738f,-1.2484f,0.5175f,0f,0f,0f,1f],start_interpolation: 0,interpolation_duration: 1}
$data merge entity $(bone_pupil_right2) {transformation: [-1f,-0.0013f,-0.0012f,-0.3288f,-0.0015f,0.9867f,0.1623f,2.4596f,0.001f,0.1623f,-0.9867f,1.3445f,0f,0f,0f,1f],start_interpolation: 0,interpolation_duration: 1}
$data merge entity $(bone_pupil_right) {transformation: [-1f,-0.0013f,-0.0012f,-0.3276f,-0.0015f,0.9867f,0.1623f,2.4543f,0.001f,0.1623f,-0.9867f,1.2803f,0f,0f,0f,1f],start_interpolation: 0,interpolation_duration: 1}
$data merge entity $(bone_eyelid_right) {transformation: [-1f,-0.0013f,-0.0012f,-0.2914f,-0.0015f,0.9867f,0.1623f,2.4852f,0.001f,0.1623f,-0.9867f,1.2853f,0f,0f,0f,1f],start_interpolation: 0,interpolation_duration: 1}
$data merge entity $(bone_eye_right) {transformation: [-1f,-0.0013f,-0.0012f,-0.3276f,-0.0015f,0.9867f,0.1623f,2.4852f,0.001f,0.1623f,-0.9867f,1.2854f,0f,0f,0f,1f],start_interpolation: 0,interpolation_duration: 1}
$data merge entity $(bone_pupil_left2) {transformation: [-1f,-0.0013f,-0.0012f,0.3637f,-0.0015f,0.9867f,0.1623f,2.4606f,0.001f,0.1623f,-0.9867f,1.3438f,0f,0f,0f,1f],start_interpolation: 0,interpolation_duration: 1}
$data merge entity $(bone_pupil_left) {transformation: [-1f,-0.0013f,-0.0012f,0.3624f,-0.0015f,0.9867f,0.1623f,2.4554f,0.001f,0.1623f,-0.9867f,1.2796f,0f,0f,0f,1f],start_interpolation: 0,interpolation_duration: 1}
$data merge entity $(bone_eyelid_left) {transformation: [-1f,-0.0013f,-0.0012f,0.3261f,-0.0015f,0.9867f,0.1623f,2.4861f,0.001f,0.1623f,-0.9867f,1.2847f,0f,0f,0f,1f],start_interpolation: 0,interpolation_duration: 1}
$data merge entity $(bone_eye_left) {transformation: [-1f,-0.0013f,-0.0012f,0.3624f,-0.0015f,0.9867f,0.1623f,2.4862f,0.001f,0.1623f,-0.9867f,1.2847f,0f,0f,0f,1f],start_interpolation: 0,interpolation_duration: 1}
$data merge entity $(bone_muzzle2) {transformation: [-1f,-0.0012f,-0.0013f,0.0175f,-0.0015f,0.9688f,0.2477f,2.551f,0.001f,0.2477f,-0.9688f,1.516f,0f,0f,0f,1f],start_interpolation: 0,interpolation_duration: 1}
$data merge entity $(bone_muzzle) {transformation: [-1f,-0.0013f,-0.0012f,0.017f,-0.0015f,0.9867f,0.1623f,2.7251f,0.001f,0.1623f,-0.9867f,1.228f,0f,0f,0f,1f],start_interpolation: 0,interpolation_duration: 1}
$data merge entity $(bone_tongue) {transformation: [-1f,-0.0014f,-0.0011f,0.0177f,-0.0015f,0.9971f,0.0757f,2.1977f,0.001f,0.0757f,-0.9971f,1.1566f,0f,0f,0f,1f],start_interpolation: 0,interpolation_duration: 1}
$data merge entity $(bone_jaw) {transformation: [-1f,-0.0014f,-0.0011f,0.0177f,-0.0015f,0.9971f,0.0757f,2.2265f,0.001f,0.0757f,-0.9971f,1.1901f,0f,0f,0f,1f],start_interpolation: 0,interpolation_duration: 1}
$data merge entity $(bone_ear_left) {transformation: [-0.9231f,-0.0276f,-0.3836f,0.3669f,-0.0545f,0.9967f,0.0593f,2.5899f,0.3807f,0.0757f,-0.9216f,0.9509f,0f,0f,0f,1f],start_interpolation: 0,interpolation_duration: 1}
$data merge entity $(bone_ear_right) {transformation: [-0.924f,0.0248f,0.3816f,-0.3331f,0.0518f,0.9968f,0.0605f,2.5888f,-0.3788f,0.0756f,-0.9224f,0.9516f,0f,0f,0f,1f],start_interpolation: 0,interpolation_duration: 1}
$data merge entity $(bone_head_angle) {transformation: [-1f,-0.0014f,-0.0011f,0.0174f,-0.0015f,0.9971f,0.0757f,2.3294f,0.001f,0.0757f,-0.9971f,1.0726f,0f,0f,0f,1f],start_interpolation: 0,interpolation_duration: 1}
$data merge entity $(bone_neck3) {transformation: [-0.9997f,-0.0259f,-0.001f,0.0359f,-0.0259f,0.9996f,-0.0091f,1.6101f,0.0012f,-0.0091f,-1f,0.9854f,0f,0f,0f,1f],start_interpolation: 0,interpolation_duration: 1}
$data merge entity $(bone_neck2) {transformation: [-1f,-0.009f,-0.0021f,0.04f,-0.0091f,0.9994f,0.0338f,1.1713f,0.0018f,0.0338f,-0.9994f,1.0174f,0f,0f,0f,1f],start_interpolation: 0,interpolation_duration: 1}
$data merge entity $(bone_chest2) {transformation: [-1f,-0.0079f,-0.0048f,0.0485f,-0.0091f,0.9395f,0.3425f,0.2369f,0.0018f,0.3426f,-0.9395f,1.026f,0f,0f,0f,1f],start_interpolation: 0,interpolation_duration: 1}
$data merge entity $(bone_chest) {transformation: [-1f,-0.0041f,0.0015f,0.0494f,-0.0043f,0.9367f,-0.3502f,0.0325f,0f,-0.3502f,-0.9367f,0.5686f,0f,0f,0f,1f],start_interpolation: 0,interpolation_duration: 1}
$data merge entity $(bone_tail2) {transformation: [-1f,-0.0043f,-0.0006f,0.0484f,-0.0043f,0.9909f,0.1345f,0.2593f,0f,0.1345f,-0.9909f,-1.1334f,0f,0f,0f,1f],start_interpolation: 0,interpolation_duration: 1}
$data merge entity $(bone_tail) {transformation: [-1f,-0.0043f,0.0002f,0.0472f,-0.0043f,0.9988f,-0.0486f,0.5273f,0f,-0.0486f,-0.9988f,-0.771f,0f,0f,0f,1f],start_interpolation: 0,interpolation_duration: 1}
$data merge entity $(bone_torso) {transformation: [-1f,-0.0043f,0.0002f,0.0469f,-0.0043f,0.9987f,-0.0511f,0.5936f,0f,-0.0511f,-0.9987f,-0.0859f,0f,0f,0f,1f],start_interpolation: 0,interpolation_duration: 1}
$data merge entity $(bone_leg_front_left4) {transformation: [-0.9796f,0.0525f,-0.1938f,1.8122f,0.0509f,0.9986f,0.0134f,-0.1816f,0.1942f,0.0032f,-0.981f,0.6309f,0f,0f,0f,1f],start_interpolation: 0,interpolation_duration: 1}
$data merge entity $(bone_leg_front_left3) {transformation: [-0.9754f,0.2193f,-0.0207f,1.4193f,0.2193f,0.9757f,0.0043f,-0.0773f,0.0212f,-0.0003f,-0.9998f,0.6395f,0f,0f,0f,1f],start_interpolation: 0,interpolation_duration: 1}
$data merge entity $(bone_leg_front_left2) {transformation: [-0.9115f,0.3833f,0.149f,0.8556f,0.3827f,0.9232f,-0.0338f,0.1763f,-0.1505f,0.0262f,-0.9883f,0.5459f,0f,0f,0f,1f],start_interpolation: 0,interpolation_duration: 1}
$data merge entity $(bone_leg_front_left) {transformation: [-0.8336f,0.4838f,0.2667f,0.6733f,0.4801f,0.8733f,-0.0835f,0.2813f,-0.2733f,0.0584f,-0.9602f,0.4861f,0f,0f,0f,1f],start_interpolation: 0,interpolation_duration: 1}
$data merge entity $(bone_leg_back_left4) {transformation: [-0.682f,0.0466f,-0.7299f,1.232f,0.114f,0.9925f,-0.0432f,0.0668f,0.7224f,-0.1127f,-0.6822f,-0.9693f,0f,0f,0f,1f],start_interpolation: 0,interpolation_duration: 1}
$data merge entity $(bone_leg_back_left3) {transformation: [-0.8249f,0.0167f,-0.565f,1.0515f,0.0659f,0.9956f,-0.0668f,0.0812f,0.5614f,-0.0924f,-0.8224f,-0.8465f,0f,0f,0f,1f],start_interpolation: 0,interpolation_duration: 1}
$data merge entity $(bone_leg_back_left2) {transformation: [-0.8667f,0.0879f,-0.4909f,0.7265f,0.1411f,0.9873f,-0.0723f,0.1341f,0.4784f,-0.132f,-0.8682f,-0.6671f,0f,0f,0f,1f],start_interpolation: 0,interpolation_duration: 1}
$data merge entity $(bone_leg_back_left) {transformation: [-0.895f,0.2435f,-0.3736f,0.6426f,0.2963f,0.9508f,-0.0901f,0.1619f,0.3333f,-0.1914f,-0.9232f,-0.6358f,0f,0f,0f,1f],start_interpolation: 0,interpolation_duration: 1}
$data merge entity $(bone_leg_front_right4) {transformation: [-0.9792f,-0.0612f,0.1937f,-1.7115f,-0.0594f,0.9981f,0.015f,-0.1969f,-0.1942f,0.0032f,-0.981f,0.6309f,0f,0f,0f,1f],start_interpolation: 0,interpolation_duration: 1}
$data merge entity $(bone_leg_front_right3) {transformation: [-0.9735f,-0.2278f,0.0207f,-1.3196f,-0.2277f,0.9737f,0.0045f,-0.0892f,-0.0212f,-0.0003f,-0.9998f,0.6395f,0f,0f,0f,1f],start_interpolation: 0,interpolation_duration: 1}
$data merge entity $(bone_leg_front_right2) {transformation: [-0.9082f,-0.3913f,-0.1487f,-0.7581f,-0.3906f,0.9199f,-0.0351f,0.1693f,0.1505f,0.0262f,-0.9883f,0.5459f,0f,0f,0f,1f],start_interpolation: 0,interpolation_duration: 1}
$data merge entity $(bone_leg_front_right) {transformation: [-0.8294f,-0.4913f,-0.2659f,-0.5767f,-0.4873f,0.869f,-0.0858f,0.2759f,0.2733f,0.0584f,-0.9602f,0.4861f,0f,0f,0f,1f],start_interpolation: 0,interpolation_duration: 1}
$data merge entity $(bone_leg_back_right4) {transformation: [-0.681f,-0.0552f,0.7302f,-1.1335f,-0.12f,0.9921f,-0.0368f,0.0565f,-0.7224f,-0.1127f,-0.6822f,-0.9693f,0f,0f,0f,1f],start_interpolation: 0,interpolation_duration: 1}
$data merge entity $(bone_leg_back_right3) {transformation: [-0.8243f,-0.0253f,0.5655f,-0.9532f,-0.0731f,0.9954f,-0.0619f,0.0725f,-0.5614f,-0.0924f,-0.8224f,-0.8465f,0f,0f,0f,1f],start_interpolation: 0,interpolation_duration: 1}
$data merge entity $(bone_leg_back_right2) {transformation: [-0.8655f,-0.0965f,0.4915f,-0.6286f,-0.1487f,0.9865f,-0.0681f,0.1282f,-0.4784f,-0.132f,-0.8682f,-0.6671f,0f,0f,0f,1f],start_interpolation: 0,interpolation_duration: 1}
$data merge entity $(bone_leg_back_right) {transformation: [-0.8924f,-0.2518f,0.3744f,-0.5449f,-0.3041f,0.9487f,-0.0869f,0.1567f,-0.3333f,-0.1914f,-0.9232f,-0.6358f,0f,0f,0f,1f],start_interpolation: 0,interpolation_duration: 1}
data modify entity @s data merge value {"cameras":{},"locators":{"target":{"px":0.045094039398702816,"py":1.0165047693546652,"pz":1.5272390264403997,"ry":0.007363961176764633,"rx":-1.6960802108080415},"body":{"px":0.04583709006424123,"py":0.8453140537682178,"pz":-0.030876642171115395,"ry":0.007363961176764633,"rx":-1.6960802108080415},"head":{"px":0.016950755539413876,"py":2.7250694344877724,"pz":1.2279750277355859,"ry":359.9368950876209,"rx":4.339626502183934},"mouth":{"px":0.01795280427508262,"py":2.121199159281138,"pz":1.3388479803443931,"ry":359.9368950876209,"rx":4.339626502183934},"special":{"px":0.01795280427508262,"py":2.121199159281138,"pz":1.3388479803443931,"ry":359.9368950876209,"rx":4.339626502183934},"face":{"px":0.017959357162109023,"py":2.4303854235587457,"pz":1.8073370185716677,"ry":359.9368950876209,"rx":4.339626502183934},"eye1":{"px":-0.3262922521233684,"py":2.459622790580282,"pz":1.3445005763874893,"ry":359.9293950969601,"rx":9.339620960643208},"eye2":{"px":0.36120666082117414,"py":2.460638740415843,"pz":1.3438204690401252,"ry":359.9293950969601,"rx":9.339620960643208},"horn":{"px":0.017070990716415817,"py":2.8361406949134738,"pz":1.5154360925355832,"ry":359.9293950969601,"rx":9.339620960643208},"physical":{"px":0.017070990716415817,"py":2.8361406949134738,"pz":1.5154360925355832,"ry":359.9293950969601,"rx":9.339620960643208},"jaw_upper":{"px":0.018229089579146113,"py":2.12225503385766,"pz":1.6197132916057888,"ry":359.9293950969601,"rx":9.339620960643208},"jaw_lower":{"px":0.018117445554008786,"py":2.2027466605212163,"pz":1.6270949335975864,"ry":359.9368950876209,"rx":4.339626502183934},"tail_tip":{"px":0.04816172713342854,"py":0.30974319459312993,"pz":-1.5049472929783654,"ry":359.9662510319397,"rx":7.728180875997587}}}
function animated_java:lapras/animations/surfacewater_idle/zzz/frames/on_tick/transform_floating_entities