# This file was generated by Animated Java via MC-Build. It is not recommended to edit this file directly.
$data merge entity $(bone_shell2) {transformation: [-1.1979f,-0.0094f,0.0016f,-0.0518f,-0.0095f,1.18f,-0.206f,1.232f,0f,-0.206f,-1.1801f,-0.4037f,0f,0f,0f,1f],start_interpolation: 0,interpolation_duration: 1}
$data merge entity $(bone_shell) {transformation: [-1.2604f,-0.01f,0.0004f,-0.0503f,-0.01f,1.2593f,-0.0528f,1.0398f,0f,-0.0528f,-1.2593f,0.6052f,0f,0f,0f,1f],start_interpolation: 0,interpolation_duration: 1}
$data merge entity $(bone_pupil_right2) {transformation: [-1f,0.0078f,0.0024f,-0.3817f,0.008f,0.9949f,0.1009f,2.445f,-0.0016f,0.1009f,-0.9949f,1.367f,0f,0f,0f,1f],start_interpolation: 0,interpolation_duration: 1}
$data merge entity $(bone_pupil_right) {transformation: [-1f,0.0078f,0.0024f,-0.3804f,0.008f,0.9949f,0.1009f,2.4358f,-0.0016f,0.1009f,-0.9949f,1.3032f,0f,0f,0f,1f],start_interpolation: 0,interpolation_duration: 1}
$data merge entity $(bone_eyelid_right) {transformation: [-1f,0.0078f,0.0024f,-0.344f,0.008f,0.9949f,0.1009f,2.4666f,-0.0016f,0.1009f,-0.9949f,1.3064f,0f,0f,0f,1f],start_interpolation: 0,interpolation_duration: 1}
$data merge entity $(bone_eye_right) {transformation: [-1f,0.0078f,0.0024f,-0.3802f,0.008f,0.9949f,0.1009f,2.4669f,-0.0016f,0.1009f,-0.9949f,1.3064f,0f,0f,0f,1f],start_interpolation: 0,interpolation_duration: 1}
$data merge entity $(bone_pupil_left2) {transformation: [-1f,0.0078f,0.0024f,0.3107f,0.008f,0.9949f,0.1009f,2.4395f,-0.0016f,0.1009f,-0.9949f,1.3681f,0f,0f,0f,1f],start_interpolation: 0,interpolation_duration: 1}
$data merge entity $(bone_pupil_left) {transformation: [-1f,0.0078f,0.0024f,0.3095f,0.008f,0.9949f,0.1009f,2.4303f,-0.0016f,0.1009f,-0.9949f,1.3043f,0f,0f,0f,1f],start_interpolation: 0,interpolation_duration: 1}
$data merge entity $(bone_eyelid_left) {transformation: [-1f,0.0078f,0.0024f,0.2735f,0.008f,0.9949f,0.1009f,2.4617f,-0.0016f,0.1009f,-0.9949f,1.3074f,0f,0f,0f,1f],start_interpolation: 0,interpolation_duration: 1}
$data merge entity $(bone_eye_left) {transformation: [-1f,0.0078f,0.0024f,0.3098f,0.008f,0.9949f,0.1009f,2.4614f,-0.0016f,0.1009f,-0.9949f,1.3075f,0f,0f,0f,1f],start_interpolation: 0,interpolation_duration: 1}
$data merge entity $(bone_muzzle2) {transformation: [-1f,0.0075f,0.0031f,-0.0349f,0.008f,0.9823f,0.1872f,2.5436f,-0.0016f,0.1872f,-0.9823f,1.5335f,0f,0f,0f,1f],start_interpolation: 0,interpolation_duration: 1}
$data merge entity $(bone_muzzle) {transformation: [-1f,0.0078f,0.0024f,-0.0332f,0.008f,0.9949f,0.1009f,2.6995f,-0.0016f,0.1009f,-0.9949f,1.2352f,0f,0f,0f,1f],start_interpolation: 0,interpolation_duration: 1}
$data merge entity $(bone_tongue) {transformation: [-1f,0.0079f,0.0017f,-0.0374f,0.008f,0.9999f,0.0138f,2.1687f,-0.0016f,0.0138f,-0.9999f,1.1966f,0f,0f,0f,1f],start_interpolation: 0,interpolation_duration: 1}
$data merge entity $(bone_jaw) {transformation: [-1f,0.0079f,0.0017f,-0.0372f,0.008f,0.9999f,0.0138f,2.1996f,-0.0016f,0.0138f,-0.9999f,1.2283f,0f,0f,0f,1f],start_interpolation: 0,interpolation_duration: 1}
$data merge entity $(bone_ear_left) {transformation: [-0.9009f,-0.2245f,-0.3713f,0.316f,-0.2127f,0.9744f,-0.0732f,2.5441f,0.3782f,0.0131f,-0.9256f,0.968f,0f,0f,0f,1f],start_interpolation: 0,interpolation_duration: 1}
$data merge entity $(bone_ear_right) {transformation: [-0.8962f,0.24f,0.3731f,-0.384f,0.227f,0.9707f,-0.0791f,2.5497f,-0.3811f,0.0138f,-0.9244f,0.9669f,0f,0f,0f,1f],start_interpolation: 0,interpolation_duration: 1}
$data merge entity $(bone_head_angle) {transformation: [-1f,0.0079f,0.0017f,-0.0362f,0.008f,0.9999f,0.0138f,2.295f,-0.0016f,0.0138f,-0.9999f,1.1046f,0f,0f,0f,1f],start_interpolation: 0,interpolation_duration: 1}
$data merge entity $(bone_neck3) {transformation: [-1f,0.0099f,0.0009f,-0.0433f,0.0098f,0.9964f,-0.084f,1.571f,-0.0018f,-0.084f,-0.9965f,1.0715f,0f,0f,0f,1f],start_interpolation: 0,interpolation_duration: 1}
$data merge entity $(bone_neck2) {transformation: [-1f,0.0002f,0.0022f,-0.0435f,0.0003f,0.999f,0.044f,1.1318f,-0.0022f,0.044f,-0.999f,1.0991f,0f,0f,0f,1f],start_interpolation: 0,interpolation_duration: 1}
$data merge entity $(bone_chest2) {transformation: [-1f,-0.0006f,0.0021f,-0.0436f,0.0003f,0.9101f,0.4144f,0.1995f,-0.0022f,0.4144f,-0.9101f,1.0351f,0f,0f,0f,1f],start_interpolation: 0,interpolation_duration: 1}
$data merge entity $(bone_chest) {transformation: [-1f,-0.0077f,0.002f,-0.0423f,-0.0079f,0.9664f,-0.257f,0.0408f,0f,-0.257f,-0.9664f,0.5599f,0f,0f,0f,1f],start_interpolation: 0,interpolation_duration: 1}
$data merge entity $(bone_tail2) {transformation: [-1f,-0.0079f,-0.0001f,-0.0454f,-0.0079f,0.9998f,0.0175f,0.4254f,0f,0.0175f,-0.9998f,-1.1092f,0f,0f,0f,1f],start_interpolation: 0,interpolation_duration: 1}
$data merge entity $(bone_tail) {transformation: [-1f,-0.0079f,-0.0003f,-0.0473f,-0.0079f,0.9994f,0.0347f,0.6622f,0f,0.0347f,-0.9994f,-0.7257f,0f,0f,0f,1f],start_interpolation: 0,interpolation_duration: 1}
$data merge entity $(bone_torso) {transformation: [-1f,-0.0079f,-0.0004f,-0.0473f,-0.0079f,0.9989f,0.0453f,0.6623f,0f,0.0453f,-0.999f,-0.0375f,0f,0f,0f,1f],start_interpolation: 0,interpolation_duration: 1}
$data merge entity $(bone_leg_front_left4) {transformation: [-0.6491f,0.7561f,-0.0838f,1.5886f,0.7051f,0.6393f,0.3069f,-0.3518f,0.2856f,0.1402f,-0.948f,0.5924f,0f,0f,0f,1f],start_interpolation: 0,interpolation_duration: 1}
$data merge entity $(bone_leg_front_left3) {transformation: [-0.7592f,0.6502f,0.0302f,1.2904f,0.644f,0.7436f,0.1798f,-0.0786f,0.0944f,0.156f,-0.9832f,0.6332f,0f,0f,0f,1f],start_interpolation: 0,interpolation_duration: 1}
$data merge entity $(bone_leg_front_left2) {transformation: [-0.843f,0.5131f,0.1616f,0.7716f,0.5279f,0.8468f,0.0652f,0.2646f,-0.1034f,0.1403f,-0.9847f,0.5708f,0f,0f,0f,1f],start_interpolation: 0,interpolation_duration: 1}
$data merge entity $(bone_leg_front_left) {transformation: [-0.8748f,0.4021f,0.2703f,0.5802f,0.4166f,0.9091f,-0.0042f,0.3558f,-0.2474f,0.1089f,-0.9628f,0.5167f,0f,0f,0f,1f],start_interpolation: 0,interpolation_duration: 1}
$data merge entity $(bone_leg_back_left4) {transformation: [-0.4295f,0.666f,-0.6099f,0.9564f,0.5855f,0.7195f,0.3734f,-0.1669f,0.6875f,-0.1967f,-0.699f,-0.9229f,0f,0f,0f,1f],start_interpolation: 0,interpolation_duration: 1}
$data merge entity $(bone_leg_back_left3) {transformation: [-0.5131f,0.6959f,-0.5024f,0.8442f,0.6918f,0.6818f,0.2378f,-0.0155f,0.508f,-0.2256f,-0.8313f,-0.8118f,0f,0f,0f,1f],start_interpolation: 0,interpolation_duration: 1}
$data merge entity $(bone_leg_back_left2) {transformation: [-0.5979f,0.6594f,-0.4558f,0.62f,0.6654f,0.7253f,0.1766f,0.234f,0.4471f,-0.1977f,-0.8724f,-0.6441f,0f,0f,0f,1f],start_interpolation: 0,interpolation_duration: 1}
$data merge entity $(bone_leg_back_left) {transformation: [-0.7518f,0.5431f,-0.3739f,0.5495f,0.5541f,0.8278f,0.0882f,0.2859f,0.3574f,-0.1408f,-0.9233f,-0.6106f,0f,0f,0f,1f],start_interpolation: 0,interpolation_duration: 1}
$data merge entity $(bone_leg_front_right4) {transformation: [-0.6379f,-0.7661f,0.0789f,-1.6669f,-0.7153f,0.6272f,0.3082f,-0.3776f,-0.2856f,0.1402f,-0.948f,0.5924f,0f,0f,0f,1f],start_interpolation: 0,interpolation_duration: 1}
$data merge entity $(bone_leg_front_right3) {transformation: [-0.7489f,-0.6619f,-0.0331f,-1.373f,-0.656f,0.7332f,0.1793f,-0.0997f,-0.0944f,0.156f,-0.9832f,0.6332f,0f,0f,0f,1f],start_interpolation: 0,interpolation_duration: 1}
$data merge entity $(bone_leg_front_right2) {transformation: [-0.8345f,-0.5265f,-0.1626f,-0.8597f,-0.5412f,0.8385f,0.0627f,0.2517f,0.1034f,0.1403f,-0.9847f,0.5708f,0f,0f,0f,1f],start_interpolation: 0,interpolation_duration: 1}
$data merge entity $(bone_leg_front_right) {transformation: [-0.8681f,-0.4165f,-0.2702f,-0.6698f,-0.4304f,0.9026f,-0.0085f,0.3458f,0.2474f,0.1089f,-0.9628f,0.5167f,0f,0f,0f,1f],start_interpolation: 0,interpolation_duration: 1}
$data merge entity $(bone_leg_back_right4) {transformation: [-0.4202f,-0.6773f,0.6039f,-1.0377f,-0.5923f,0.7089f,0.383f,-0.1827f,-0.6875f,-0.1967f,-0.699f,-0.9229f,0f,0f,0f,1f],start_interpolation: 0,interpolation_duration: 1}
$data merge entity $(bone_leg_back_right3) {transformation: [-0.5021f,-0.7066f,0.4986f,-0.9278f,-0.6998f,0.6707f,0.2457f,-0.0296f,-0.508f,-0.2256f,-0.8313f,-0.8118f,0f,0f,0f,1f],start_interpolation: 0,interpolation_duration: 1}
$data merge entity $(bone_leg_back_right2) {transformation: [-0.5872f,-0.6708f,0.4529f,-0.7076f,-0.6748f,0.7148f,0.1838f,0.2235f,-0.4471f,-0.1977f,-0.8724f,-0.6441f,0f,0f,0f,1f],start_interpolation: 0,interpolation_duration: 1}
$data merge entity $(bone_leg_back_right) {transformation: [-0.743f,-0.5562f,0.3724f,-0.638f,-0.5659f,0.8191f,0.0941f,0.2765f,-0.3574f,-0.1408f,-0.9233f,-0.6106f,0f,0f,0f,1f],start_interpolation: 0,interpolation_duration: 1}
data modify entity @s data merge value {"cameras":{},"locators":{"target":{"px":-0.049879310061885215,"py":0.9928994749768975,"pz":1.5970870138135984,"ry":359.98763804495775,"rx":1.5597199901566385},"body":{"px":-0.049226228907437886,"py":0.9104792244467299,"pz":0.031763492688476495,"ry":359.98763804495775,"rx":1.5597199901566385},"head":{"px":-0.03322601101063084,"py":2.699499725333955,"pz":1.2351750645312105,"ry":0.0987494340424746,"rx":0.7902204079973864},"mouth":{"px":-0.03821369407995252,"py":2.103670130823953,"pz":1.3832133782329237,"ry":0.0987494340424746,"rx":0.7902204079973864},"special":{"px":-0.03821369407995252,"py":2.103670130823953,"pz":1.3832133782329237,"ry":0.0987494340424746,"rx":0.7902204079973864},"face":{"px":-0.03624671338575167,"py":2.441256536406137,"pz":1.8316659116777132,"ry":0.0987494340424746,"rx":0.7902204079973864},"eye1":{"px":-0.3792283635961304,"py":2.445009705004992,"pz":1.3669820754146733,"ry":0.1387558731103411,"rx":5.790060983375684},"eye2":{"px":0.3082489067633594,"py":2.4395304530348216,"pz":1.3680913710976934,"ry":0.1387558731103411,"rx":5.790060983375684},"horn":{"px":-0.03265251135588679,"py":2.8281503481194665,"pz":1.5152096900332117,"ry":0.1387558731103411,"rx":5.790060983375684},"physical":{"px":-0.03265251135588679,"py":2.8281503481194665,"pz":1.5152096900332117,"ry":0.1387558731103411,"rx":5.790060983375684},"jaw_upper":{"px":-0.03851893745873064,"py":2.1221114531134893,"pz":1.6634745755709508,"ry":0.1387558731103411,"rx":5.790060983375684},"jaw_lower":{"px":-0.03787886931108483,"py":2.202903184976995,"pz":1.6658598305029524,"ry":0.0987494340424746,"rx":0.7902204079973864},"tail_tip":{"px":-0.045434569136029425,"py":0.43196358185529676,"pz":-1.4841207567838164,"ry":359.99204046718137,"rx":1.0044073086789684}}}
function animated_java:lapras/animations/surfacewater_idle/zzz/frames/on_tick/transform_floating_entities