# This file was generated by Animated Java via MC-Build. It is not recommended to edit this file directly.
$data merge entity $(bone_shell2) {transformation: [-1.1979f,-0.0076f,0.0013f,-0.0524f,-0.0077f,1.1812f,-0.1992f,1.228f,0f,-0.1992f,-1.1812f,-0.402f,0f,0f,0f,1f],start_interpolation: 0,interpolation_duration: 1}
$data merge entity $(bone_shell) {transformation: [-1.2604f,-0.0081f,0.0003f,-0.0511f,-0.0081f,1.2596f,-0.0456f,1.0299f,0f,-0.0456f,-1.2596f,0.6058f,0f,0f,0f,1f],start_interpolation: 0,interpolation_duration: 1}
$data merge entity $(bone_pupil_right2) {transformation: [-1f,0.0072f,0.0018f,-0.3801f,0.0073f,0.9951f,0.0986f,2.432f,-0.0011f,0.0987f,-0.9951f,1.3791f,0f,0f,0f,1f],start_interpolation: 0,interpolation_duration: 1}
$data merge entity $(bone_pupil_right) {transformation: [-1f,0.0072f,0.0018f,-0.3788f,0.0073f,0.9951f,0.0986f,2.4226f,-0.0011f,0.0987f,-0.9951f,1.3153f,0f,0f,0f,1f],start_interpolation: 0,interpolation_duration: 1}
$data merge entity $(bone_eyelid_right) {transformation: [-1f,0.0072f,0.0018f,-0.3424f,0.0073f,0.9951f,0.0986f,2.4534f,-0.0011f,0.0987f,-0.9951f,1.3185f,0f,0f,0f,1f],start_interpolation: 0,interpolation_duration: 1}
$data merge entity $(bone_eye_right) {transformation: [-1f,0.0072f,0.0018f,-0.3786f,0.0073f,0.9951f,0.0986f,2.4537f,-0.0011f,0.0987f,-0.9951f,1.3184f,0f,0f,0f,1f],start_interpolation: 0,interpolation_duration: 1}
$data merge entity $(bone_pupil_left2) {transformation: [-1f,0.0072f,0.0018f,0.3124f,0.0073f,0.9951f,0.0986f,2.4269f,-0.0011f,0.0987f,-0.9951f,1.3798f,0f,0f,0f,1f],start_interpolation: 0,interpolation_duration: 1}
$data merge entity $(bone_pupil_left) {transformation: [-1f,0.0072f,0.0018f,0.3111f,0.0073f,0.9951f,0.0986f,2.4176f,-0.0011f,0.0987f,-0.9951f,1.3161f,0f,0f,0f,1f],start_interpolation: 0,interpolation_duration: 1}
$data merge entity $(bone_eyelid_left) {transformation: [-1f,0.0072f,0.0018f,0.2751f,0.0073f,0.9951f,0.0986f,2.4489f,-0.0011f,0.0987f,-0.9951f,1.3191f,0f,0f,0f,1f],start_interpolation: 0,interpolation_duration: 1}
$data merge entity $(bone_eye_left) {transformation: [-1f,0.0072f,0.0018f,0.3114f,0.0073f,0.9951f,0.0986f,2.4486f,-0.0011f,0.0987f,-0.9951f,1.3192f,0f,0f,0f,1f],start_interpolation: 0,interpolation_duration: 1}
$data merge entity $(bone_muzzle2) {transformation: [-1f,0.007f,0.0024f,-0.0333f,0.0073f,0.9827f,0.185f,2.5312f,-0.0011f,0.185f,-0.9827f,1.5451f,0f,0f,0f,1f],start_interpolation: 0,interpolation_duration: 1}
$data merge entity $(bone_muzzle) {transformation: [-1f,0.0072f,0.0018f,-0.0318f,0.0073f,0.9951f,0.0986f,2.6864f,-0.0011f,0.0987f,-0.9951f,1.2465f,0f,0f,0f,1f],start_interpolation: 0,interpolation_duration: 1}
$data merge entity $(bone_tongue) {transformation: [-1f,0.0073f,0.0012f,-0.0357f,0.0073f,0.9999f,0.0115f,2.1556f,-0.0011f,0.0115f,-0.9999f,1.2091f,0f,0f,0f,1f],start_interpolation: 0,interpolation_duration: 1}
$data merge entity $(bone_jaw) {transformation: [-1f,0.0073f,0.0012f,-0.0355f,0.0073f,0.9999f,0.0115f,2.1864f,-0.0011f,0.0115f,-0.9999f,1.2407f,0f,0f,0f,1f],start_interpolation: 0,interpolation_duration: 1}
$data merge entity $(bone_ear_left) {transformation: [-0.9004f,-0.2263f,-0.3717f,0.3173f,-0.2134f,0.974f,-0.0759f,2.5307f,0.3792f,0.011f,-0.9253f,0.9795f,0f,0f,0f,1f],start_interpolation: 0,interpolation_duration: 1}
$data merge entity $(bone_ear_right) {transformation: [-0.8963f,0.2405f,0.3725f,-0.3826f,0.2266f,0.9706f,-0.0814f,2.5358f,-0.3812f,0.0115f,-0.9244f,0.9787f,0f,0f,0f,1f],start_interpolation: 0,interpolation_duration: 1}
$data merge entity $(bone_head_angle) {transformation: [-1f,0.0073f,0.0012f,-0.0347f,0.0073f,0.9999f,0.0115f,2.2816f,-0.0011f,0.0115f,-0.9999f,1.1168f,0f,0f,0f,1f],start_interpolation: 0,interpolation_duration: 1}
$data merge entity $(bone_neck3) {transformation: [-0.9999f,0.0125f,0.0005f,-0.0436f,0.0124f,0.9969f,-0.0781f,1.5578f,-0.0015f,-0.0781f,-0.9969f,1.0795f,0f,0f,0f,1f],start_interpolation: 0,interpolation_duration: 1}
$data merge entity $(bone_neck2) {transformation: [-1f,0.0015f,0.0022f,-0.0443f,0.0016f,0.9986f,0.0535f,1.1184f,-0.0021f,0.0535f,-0.9986f,1.1029f,0f,0f,0f,1f],start_interpolation: 0,interpolation_duration: 1}
$data merge entity $(bone_chest2) {transformation: [-1f,0.0006f,0.0026f,-0.0457f,0.0016f,0.9065f,0.4221f,0.1867f,-0.0021f,0.4221f,-0.9065f,1.031f,0f,0f,0f,1f],start_interpolation: 0,interpolation_duration: 1}
$data merge entity $(bone_chest) {transformation: [-1f,-0.0062f,0.0016f,-0.0447f,-0.0064f,0.9681f,-0.2504f,0.0312f,0f,-0.2504f,-0.9681f,0.5548f,0f,0f,0f,1f],start_interpolation: 0,interpolation_duration: 1}
$data merge entity $(bone_tail2) {transformation: [-1f,-0.0064f,-0.0003f,-0.0472f,-0.0064f,0.9992f,0.0396f,0.4286f,0f,0.0396f,-0.9992f,-1.114f,0f,0f,0f,1f],start_interpolation: 0,interpolation_duration: 1}
$data merge entity $(bone_tail) {transformation: [-1f,-0.0064f,-0.0003f,-0.0487f,-0.0064f,0.9988f,0.0486f,0.66f,0f,0.0486f,-0.9988f,-0.7273f,0f,0f,0f,1f],start_interpolation: 0,interpolation_duration: 1}
$data merge entity $(bone_torso) {transformation: [-1f,-0.0064f,-0.0003f,-0.0487f,-0.0064f,0.9987f,0.0511f,0.6561f,0f,0.0511f,-0.9987f,-0.0391f,0f,0f,0f,1f],start_interpolation: 0,interpolation_duration: 1}
$data merge entity $(bone_leg_front_left4) {transformation: [-0.6564f,0.749f,-0.0902f,1.6073f,0.6976f,0.6482f,0.3052f,-0.3276f,0.2871f,0.1375f,-0.948f,0.5913f,0f,0f,0f,1f],start_interpolation: 0,interpolation_duration: 1}
$data merge entity $(bone_leg_front_left3) {transformation: [-0.7784f,0.6272f,0.0252f,1.3009f,0.6208f,0.7632f,0.1795f,-0.0635f,0.0933f,0.1553f,-0.9834f,0.6317f,0f,0f,0f,1f],start_interpolation: 0,interpolation_duration: 1}
$data merge entity $(bone_leg_front_left2) {transformation: [-0.8595f,0.4854f,0.16f,0.7713f,0.5003f,0.8631f,0.0689f,0.2626f,-0.1046f,0.1393f,-0.9847f,0.5685f,0f,0f,0f,1f],start_interpolation: 0,interpolation_duration: 1}
$data merge entity $(bone_leg_front_left) {transformation: [-0.8822f,0.3853f,0.2708f,0.5783f,0.401f,0.9161f,0.003f,0.3504f,-0.2469f,0.1113f,-0.9626f,0.5145f,0f,0f,0f,1f],start_interpolation: 0,interpolation_duration: 1}
$data merge entity $(bone_leg_back_left4) {transformation: [-0.4034f,0.6884f,-0.6029f,0.9511f,0.6121f,0.6927f,0.3814f,-0.1735f,0.6801f,-0.2152f,-0.7008f,-0.9248f,0f,0f,0f,1f],start_interpolation: 0,interpolation_duration: 1}
$data merge entity $(bone_leg_back_left3) {transformation: [-0.499f,0.7069f,-0.5013f,0.842f,0.7049f,0.6676f,0.2398f,-0.0193f,0.5042f,-0.2336f,-0.8314f,-0.8145f,0f,0f,0f,1f],start_interpolation: 0,interpolation_duration: 1}
$data merge entity $(bone_leg_back_left2) {transformation: [-0.5968f,0.6603f,-0.4559f,0.6182f,0.666f,0.7245f,0.1775f,0.2304f,0.4475f,-0.1977f,-0.8722f,-0.6467f,0f,0f,0f,1f],start_interpolation: 0,interpolation_duration: 1}
$data merge entity $(bone_leg_back_left) {transformation: [-0.7539f,0.5401f,-0.3741f,0.5475f,0.5505f,0.8301f,0.0891f,0.2821f,0.3586f,-0.1388f,-0.9231f,-0.613f,0f,0f,0f,1f],start_interpolation: 0,interpolation_duration: 1}
$data merge entity $(bone_leg_front_right4) {transformation: [-0.6474f,-0.7572f,0.0862f,-1.6919f,-0.706f,0.6385f,0.3064f,-0.3488f,-0.2871f,0.1375f,-0.948f,0.5913f,0f,0f,0f,1f],start_interpolation: 0,interpolation_duration: 1}
$data merge entity $(bone_leg_front_right3) {transformation: [-0.7704f,-0.637f,-0.0275f,-1.3889f,-0.6307f,0.7551f,0.1791f,-0.0808f,-0.0933f,0.1553f,-0.9834f,0.6317f,0f,0f,0f,1f],start_interpolation: 0,interpolation_duration: 1}
$data merge entity $(bone_leg_front_right2) {transformation: [-0.853f,-0.4965f,-0.1608f,-0.8635f,-0.5113f,0.8568f,0.0669f,0.2521f,0.1046f,0.1393f,-0.9847f,0.5685f,0f,0f,0f,1f],start_interpolation: 0,interpolation_duration: 1}
$data merge entity $(bone_leg_front_right) {transformation: [-0.877f,-0.397f,-0.2708f,-0.6717f,-0.4123f,0.911f,-0.0004f,0.3423f,0.2469f,0.1113f,-0.9626f,0.5145f,0f,0f,0f,1f],start_interpolation: 0,interpolation_duration: 1}
$data merge entity $(bone_leg_back_right4) {transformation: [-0.3955f,-0.6972f,0.5979f,-1.0377f,-0.6173f,0.6838f,0.3891f,-0.1863f,-0.6801f,-0.2152f,-0.7008f,-0.9248f,0f,0f,0f,1f],start_interpolation: 0,interpolation_duration: 1}
$data merge entity $(bone_leg_back_right3) {transformation: [-0.4899f,-0.7155f,0.4981f,-0.9306f,-0.7112f,0.6584f,0.2463f,-0.0307f,-0.5042f,-0.2336f,-0.8314f,-0.8145f,0f,0f,0f,1f],start_interpolation: 0,interpolation_duration: 1}
$data merge entity $(bone_leg_back_right2) {transformation: [-0.5882f,-0.6696f,0.4536f,-0.71f,-0.6736f,0.716f,0.1833f,0.2219f,-0.4475f,-0.1977f,-0.8722f,-0.6467f,0f,0f,0f,1f],start_interpolation: 0,interpolation_duration: 1}
$data merge entity $(bone_leg_back_right) {transformation: [-0.7468f,-0.5507f,0.3729f,-0.64f,-0.5601f,0.8231f,0.0939f,0.2744f,-0.3586f,-0.1388f,-0.9231f,-0.613f,0f,0f,0f,1f],start_interpolation: 0,interpolation_duration: 1}
data modify entity @s data merge value {"cameras":{},"locators":{"target":{"px":-0.05078382199344244,"py":0.9828443961563396,"pz":1.5962823154814763,"ry":359.989099497417,"rx":1.696061174406755},"body":{"px":-0.05027819105348389,"py":0.9041478789045052,"pz":0.030767111943106204,"ry":359.989099497417,"rx":1.696061174406755},"head":{"px":-0.03182780642874466,"py":2.686397882469178,"pz":1.2465009728896688,"ry":0.0676297269064321,"rx":0.6611544183257281},"mouth":{"px":-0.036358675038869075,"py":2.090900400897174,"pz":1.3958841903909622,"ry":0.0676297269064321,"rx":0.6611544183257281},"special":{"px":-0.036358675038869075,"py":2.090900400897174,"pz":1.3958841903909622,"ry":0.0676297269064321,"rx":0.6611544183257281},"face":{"px":-0.034366059941264175,"py":2.429497810566198,"pz":1.8435737576700086,"ry":0.0676297269064321,"rx":0.6611544183257281},"eye1":{"px":-0.3775982816833279,"py":2.431986695394003,"pz":1.379066477048895,"ry":0.10443249951154598,"rx":5.661019470441111},"eye2":{"px":0.309882818549508,"py":2.4269449329345245,"pz":1.3798197724436336,"ry":0.10443249951154598,"rx":5.661019470441111},"horn":{"px":-0.031186220406584326,"py":2.815679634043101,"pz":1.5262446416336721,"ry":0.10443249951154598,"rx":5.661019470441111},"physical":{"px":-0.031186220406584326,"py":2.815679634043101,"pz":1.5262446416336721,"ry":0.10443249951154598,"rx":5.661019470441111},"jaw_upper":{"px":-0.03652584714185355,"py":2.1099731085626803,"pz":1.6761032442585488,"ry":0.10443249951154598,"rx":5.661019470441111},"jaw_lower":{"px":-0.0359357198619324,"py":2.190770399738854,"pz":1.6783060956413889,"ry":0.0676297269064321,"rx":0.6611544183257281},"tail_tip":{"px":-0.04731796996953082,"py":0.4434183799902783,"pz":-1.488724665499203,"ry":359.9853965129769,"rx":2.271698967149278}}}
function animated_java:lapras/animations/surfacewater_idle/zzz/frames/on_tick/transform_floating_entities