# This file was generated by Animated Java via MC-Build. It is not recommended to edit this file directly.
$data merge entity $(bone_shell2) {transformation: [-1.1979f,-0.0019f,0.0003f,-0.0513f,-0.002f,1.1837f,-0.1841f,1.2118f,0f,-0.1841f,-1.1837f,-0.4013f,0f,0f,0f,1f],start_interpolation: 0,interpolation_duration: 1}
$data merge entity $(bone_shell) {transformation: [-1.2604f,-0.0021f,0f,-0.0509f,-0.0021f,1.2601f,-0.0295f,1.0009f,0f,-0.0295f,-1.2601f,0.604f,0f,0f,0f,1f],start_interpolation: 0,interpolation_duration: 1}
$data merge entity $(bone_pupil_right2) {transformation: [-1f,0.005f,0.0002f,-0.3737f,0.005f,0.9955f,0.0947f,2.3942f,0.0003f,0.0947f,-0.9955f,1.4132f,0f,0f,0f,1f],start_interpolation: 0,interpolation_duration: 1}
$data merge entity $(bone_pupil_right) {transformation: [-1f,0.005f,0.0002f,-0.3725f,0.005f,0.9955f,0.0947f,2.3846f,0.0003f,0.0947f,-0.9955f,1.3495f,0f,0f,0f,1f],start_interpolation: 0,interpolation_duration: 1}
$data merge entity $(bone_eyelid_right) {transformation: [-1f,0.005f,0.0002f,-0.3361f,0.005f,0.9955f,0.0947f,2.4155f,0.0003f,0.0947f,-0.9955f,1.3525f,0f,0f,0f,1f],start_interpolation: 0,interpolation_duration: 1}
$data merge entity $(bone_eye_right) {transformation: [-1f,0.005f,0.0002f,-0.3724f,0.005f,0.9955f,0.0947f,2.4157f,0.0003f,0.0947f,-0.9955f,1.3525f,0f,0f,0f,1f],start_interpolation: 0,interpolation_duration: 1}
$data merge entity $(bone_pupil_left2) {transformation: [-1f,0.005f,0.0002f,0.3188f,0.005f,0.9955f,0.0947f,2.3908f,0.0003f,0.0947f,-0.9955f,1.413f,0f,0f,0f,1f],start_interpolation: 0,interpolation_duration: 1}
$data merge entity $(bone_pupil_left) {transformation: [-1f,0.005f,0.0002f,0.3175f,0.005f,0.9955f,0.0947f,2.3811f,0.0003f,0.0947f,-0.9955f,1.3493f,0f,0f,0f,1f],start_interpolation: 0,interpolation_duration: 1}
$data merge entity $(bone_eyelid_left) {transformation: [-1f,0.005f,0.0002f,0.2814f,0.005f,0.9955f,0.0947f,2.4124f,0.0003f,0.0947f,-0.9955f,1.3523f,0f,0f,0f,1f],start_interpolation: 0,interpolation_duration: 1}
$data merge entity $(bone_eye_left) {transformation: [-1f,0.005f,0.0002f,0.3176f,0.005f,0.9955f,0.0947f,2.4122f,0.0003f,0.0947f,-0.9955f,1.3523f,0f,0f,0f,1f],start_interpolation: 0,interpolation_duration: 1}
$data merge entity $(bone_muzzle2) {transformation: [-1f,0.005f,0.0006f,-0.0269f,0.005f,0.9835f,0.1811f,2.4949f,0.0003f,0.1811f,-0.9835f,1.5784f,0f,0f,0f,1f],start_interpolation: 0,interpolation_duration: 1}
$data merge entity $(bone_muzzle) {transformation: [-1f,0.005f,0.0002f,-0.0262f,0.005f,0.9955f,0.0947f,2.6489f,0.0003f,0.0947f,-0.9955f,1.2792f,0f,0f,0f,1f],start_interpolation: 0,interpolation_duration: 1}
$data merge entity $(bone_tongue) {transformation: [-1f,0.005f,-0.0003f,-0.0289f,0.005f,1f,0.0076f,2.1179f,0.0003f,0.0075f,-1f,1.2439f,0f,0f,0f,1f],start_interpolation: 0,interpolation_duration: 1}
$data merge entity $(bone_jaw) {transformation: [-1f,0.005f,-0.0003f,-0.0287f,0.005f,1f,0.0076f,2.1489f,0.0003f,0.0075f,-1f,1.2754f,0f,0f,0f,1f],start_interpolation: 0,interpolation_duration: 1}
$data merge entity $(bone_ear_left) {transformation: [-0.9004f,-0.2234f,-0.3732f,0.3229f,-0.2093f,0.9747f,-0.0785f,2.4929f,0.3813f,0.0074f,-0.9244f,1.0123f,0f,0f,0f,1f],start_interpolation: 0,interpolation_duration: 1}
$data merge entity $(bone_ear_right) {transformation: [-0.8985f,0.2332f,0.3719f,-0.3771f,0.2183f,0.9724f,-0.0823f,2.4964f,-0.3808f,0.0073f,-0.9246f,1.0125f,0f,0f,0f,1f],start_interpolation: 0,interpolation_duration: 1}
$data merge entity $(bone_head_angle) {transformation: [-1f,0.005f,-0.0003f,-0.0283f,0.005f,1f,0.0076f,2.2436f,0.0003f,0.0075f,-1f,1.1511f,0f,0f,0f,1f],start_interpolation: 0,interpolation_duration: 1}
$data merge entity $(bone_neck3) {transformation: [-0.9998f,0.0195f,-0.0006f,-0.0424f,0.0195f,0.9981f,-0.0578f,1.5208f,-0.0005f,-0.0578f,-0.9983f,1.0991f,0f,0f,0f,1f],start_interpolation: 0,interpolation_duration: 1}
$data merge entity $(bone_neck2) {transformation: [-1f,0.0052f,0.0021f,-0.0447f,0.0053f,0.9967f,0.0806f,1.0809f,-0.0017f,0.0806f,-0.9967f,1.1105f,0f,0f,0f,1f],start_interpolation: 0,interpolation_duration: 1}
$data merge entity $(bone_chest2) {transformation: [-1f,0.004f,0.0039f,-0.0495f,0.0053f,0.8973f,0.4414f,0.151f,-0.0017f,0.4414f,-0.8973f,1.0188f,0f,0f,0f,1f],start_interpolation: 0,interpolation_duration: 1}
$data merge entity $(bone_chest) {transformation: [-1f,-0.0016f,0.0004f,-0.0493f,-0.0016f,0.9719f,-0.2352f,0.003f,0f,-0.2352f,-0.9719f,0.5401f,0f,0f,0f,1f],start_interpolation: 0,interpolation_duration: 1}
$data merge entity $(bone_tail2) {transformation: [-1f,-0.0016f,-0.0002f,-0.05f,-0.0016f,0.9941f,0.1085f,0.4311f,0f,0.1085f,-0.9941f,-1.1288f,0f,0f,0f,1f],start_interpolation: 0,interpolation_duration: 1}
$data merge entity $(bone_tail) {transformation: [-1f,-0.0016f,-0.0001f,-0.0504f,-0.0016f,0.9963f,0.0856f,0.6481f,0f,0.0856f,-0.9963f,-0.7338f,0f,0f,0f,1f],start_interpolation: 0,interpolation_duration: 1}
$data merge entity $(bone_torso) {transformation: [-1f,-0.0016f,-0.0001f,-0.0503f,-0.0016f,0.998f,0.0638f,0.6354f,0f,0.0638f,-0.998f,-0.0457f,0f,0f,0f,1f],start_interpolation: 0,interpolation_duration: 1}
$data merge entity $(bone_leg_front_left4) {transformation: [-0.7002f,0.7048f,-0.1141f,1.6646f,0.6554f,0.6979f,0.2887f,-0.2482f,0.2832f,0.1274f,-0.9506f,0.5913f,0f,0f,0f,1f],start_interpolation: 0,interpolation_duration: 1}
$data merge entity $(bone_leg_front_left3) {transformation: [-0.8411f,0.5408f,0.0092f,1.3313f,0.5342f,0.828f,0.1705f,-0.0183f,0.0846f,0.1483f,-0.9853f,0.628f,0f,0f,0f,1f],start_interpolation: 0,interpolation_duration: 1}
$data merge entity $(bone_leg_front_left2) {transformation: [-0.9046f,0.397f,0.1551f,0.7721f,0.4115f,0.9083f,0.0752f,0.2531f,-0.111f,0.1318f,-0.985f,0.5607f,0f,0f,0f,1f],start_interpolation: 0,interpolation_duration: 1}
$data merge entity $(bone_leg_front_left) {transformation: [-0.9005f,0.3395f,0.2718f,0.5752f,0.3582f,0.9334f,0.0208f,0.3314f,-0.2467f,0.1161f,-0.9621f,0.5067f,0f,0f,0f,1f],start_interpolation: 0,interpolation_duration: 1}
$data merge entity $(bone_leg_back_left4) {transformation: [-0.343f,0.7299f,-0.5912f,0.9506f,0.6714f,0.6307f,0.3892f,-0.1866f,0.6569f,-0.2634f,-0.7064f,-0.9318f,0f,0f,0f,1f],start_interpolation: 0,interpolation_duration: 1}
$data merge entity $(bone_leg_back_left3) {transformation: [-0.481f,0.7181f,-0.5029f,0.8454f,0.7237f,0.649f,0.2346f,-0.0283f,0.4949f,-0.2511f,-0.8319f,-0.8236f,0f,0f,0f,1f],start_interpolation: 0,interpolation_duration: 1}
$data merge entity $(bone_leg_back_left2) {transformation: [-0.6118f,0.6441f,-0.4591f,0.616f,0.6508f,0.7398f,0.1706f,0.2158f,0.4496f,-0.1944f,-0.8718f,-0.655f,0f,0f,0f,1f],start_interpolation: 0,interpolation_duration: 1}
$data merge entity $(bone_leg_back_left) {transformation: [-0.7673f,0.52f,-0.3753f,0.544f,0.5305f,0.8435f,0.0842f,0.2655f,0.3604f,-0.1345f,-0.9231f,-0.6212f,0f,0f,0f,1f],start_interpolation: 0,interpolation_duration: 1}
$data merge entity $(bone_leg_front_right4) {transformation: [-0.698f,-0.707f,0.1132f,-1.7624f,-0.6577f,0.6956f,0.2891f,-0.2538f,-0.2832f,0.1274f,-0.9506f,0.5913f,0f,0f,0f,1f],start_interpolation: 0,interpolation_duration: 1}
$data merge entity $(bone_leg_front_right3) {transformation: [-0.8394f,-0.5435f,-0.0097f,-1.4299f,-0.537f,0.8262f,0.1705f,-0.0228f,-0.0846f,0.1483f,-0.9853f,0.628f,0f,0f,0f,1f],start_interpolation: 0,interpolation_duration: 1}
$data merge entity $(bone_leg_front_right2) {transformation: [-0.9033f,-0.3999f,-0.1553f,-0.8716f,-0.4144f,0.907f,0.0747f,0.2504f,0.111f,0.1318f,-0.985f,0.5607f,0f,0f,0f,1f],start_interpolation: 0,interpolation_duration: 1}
$data merge entity $(bone_leg_front_right) {transformation: [-0.8993f,-0.3425f,-0.2719f,-0.6748f,-0.3611f,0.9323f,0.0199f,0.3294f,0.2467f,0.1161f,-0.9621f,0.5067f,0f,0f,0f,1f],start_interpolation: 0,interpolation_duration: 1}
$data merge entity $(bone_leg_back_right4) {transformation: [-0.3408f,-0.732f,0.5899f,-1.0486f,-0.6725f,0.6283f,0.3911f,-0.1899f,-0.6569f,-0.2634f,-0.7064f,-0.9318f,0f,0f,0f,1f],start_interpolation: 0,interpolation_duration: 1}
$data merge entity $(bone_leg_back_right3) {transformation: [-0.4786f,-0.7202f,0.5022f,-0.9439f,-0.7253f,0.6467f,0.2363f,-0.0312f,-0.4949f,-0.2511f,-0.8319f,-0.8236f,0f,0f,0f,1f],start_interpolation: 0,interpolation_duration: 1}
$data merge entity $(bone_leg_back_right2) {transformation: [-0.6097f,-0.6466f,0.4585f,-0.7152f,-0.6528f,0.7377f,0.1722f,0.2136f,-0.4496f,-0.1944f,-0.8718f,-0.655f,0f,0f,0f,1f],start_interpolation: 0,interpolation_duration: 1}
$data merge entity $(bone_leg_back_right) {transformation: [-0.7655f,-0.5228f,0.375f,-0.6435f,-0.533f,0.8418f,0.0855f,0.2636f,-0.3604f,-0.1345f,-0.9231f,-0.6212f,0f,0f,0f,1f],start_interpolation: 0,interpolation_duration: 1}
data modify entity @s data merge value {"cameras":{},"locators":{"target":{"px":-0.050863249805980386,"py":0.9546477173536665,"pz":1.5911642869401392,"ry":359.9967825845472,"rx":1.9580883026662599},"body":{"px":-0.050745747454918284,"py":0.8831090561336066,"pz":0.025305590842678718,"ry":359.9967825845472,"rx":1.9580883026662599},"head":{"px":-0.02621244263354011,"py":2.6488893260178332,"pz":1.2791601013504608,"ry":359.98515082074607,"rx":0.4326105483630822},"mouth":{"px":-0.02914962809704505,"py":2.0539839602487304,"pz":1.43092341615573,"ry":359.98515082074607,"rx":0.4326105483630822},"special":{"px":-0.02914962809704505,"py":2.0539839602487304,"pz":1.43092341615573,"ry":359.98515082074607,"rx":0.4326105483630822},"face":{"px":-0.027310706473965867,"py":2.3943693494798906,"pz":1.8772557252766537,"ry":359.98515082074607,"rx":0.4326105483630822},"eye1":{"px":-0.3712036679599811,"py":2.394209133514698,"pz":1.4132307564323856,"ry":0.010297379167610643,"rx":5.432547518883209},"eye2":{"px":0.31628766337493386,"py":2.3907627379037204,"pz":1.413026558883784,"ry":0.010297379167610643,"rx":5.432547518883209},"horn":{"px":-0.025475819968974703,"py":2.779287794432736,"pz":1.5583847420022083,"ry":0.010297379167610643,"rx":5.432547518883209},"physical":{"px":-0.025475819968974703,"py":2.779287794432736,"pz":1.5583847420022083,"ry":0.010297379167610643,"rx":5.432547518883209},"jaw_upper":{"px":-0.02896520552554338,"py":2.0741745826335087,"pz":1.711064129067441,"ry":0.010297379167610643,"rx":5.432547518883209},"jaw_lower":{"px":-0.028559563582697147,"py":2.15498117302472,"pz":1.7129438816548679,"ry":359.98515082074607,"rx":0.4326105483630822},"tail_tip":{"px":-0.05007014379356865,"py":0.4717829761741842,"pz":-1.5016068545714427,"ry":359.9897301129215,"rx":6.227944721185925}}}
function animated_java:lapras/animations/surfacewater_idle/zzz/frames/on_tick/transform_floating_entities