# This file was generated by Animated Java via MC-Build. It is not recommended to edit this file directly.
$data merge entity $(bone_eyelid_right) {transformation: [-0.9824f,0.1772f,-0.0592f,0.0653f,0.1527f,0.9441f,0.2922f,0.7447f,0.1077f,0.2781f,-0.9545f,0.327f,0f,0f,0f,1f],start_interpolation: 0,interpolation_duration: 1}
$data merge entity $(bone_eye_right) {transformation: [-0.9824f,0.1772f,-0.0592f,0.0652f,0.1527f,0.9441f,0.2922f,0.7452f,0.1077f,0.2781f,-0.9545f,0.3255f,0f,0f,0f,1f],start_interpolation: 0,interpolation_duration: 1}
$data merge entity $(bone_eyelid_left) {transformation: [-0.9982f,0.0039f,-0.0592f,0.0643f,-0.0136f,0.9562f,0.2922f,0.727f,0.0578f,0.2925f,-0.9545f,0.32f,0f,0f,0f,1f],start_interpolation: 0,interpolation_duration: 1}
$data merge entity $(bone_eye_left) {transformation: [-0.9982f,0.0039f,-0.0592f,0.2827f,-0.0136f,0.9562f,0.2922f,0.7299f,0.0578f,0.2925f,-0.9545f,0.3073f,0f,0f,0f,1f],start_interpolation: 0,interpolation_duration: 1}
$data merge entity $(bone_mouth_closed) {transformation: [-0.9941f,0.0909f,-0.0592f,0.1129f,0.0698f,0.9538f,0.2922f,0.625f,0.0831f,0.2864f,-0.9545f,0.0559f,0f,0f,0f,1f],start_interpolation: 0,interpolation_duration: 1}
$data merge entity $(bone_mouth_open) {transformation: [-0.9941f,0.0909f,-0.0592f,0.1097f,0.0698f,0.9538f,0.2922f,0.597f,0.0831f,0.2864f,-0.9545f,0.041f,0f,0f,0f,1f],start_interpolation: 0,interpolation_duration: 1}
$data merge entity $(bone_head) {transformation: [-0.9941f,0.0909f,-0.0592f,0.1411f,0.0698f,0.9538f,0.2922f,0.593f,0.0831f,0.2864f,-0.9545f,0.0444f,0f,0f,0f,1f],start_interpolation: 0,interpolation_duration: 1}
$data merge entity $(bone_neck) {transformation: [-0.4967f,0.2985f,-0.815f,0.0923f,-0.0172f,0.9355f,0.353f,0.531f,0.8677f,0.1893f,-0.4596f,0.0152f,0f,0f,0f,1f],start_interpolation: 0,interpolation_duration: 1}
$data merge entity $(bone_finger_left2) {transformation: [0.0049f,-0.4234f,0.9059f,0.2008f,0.0801f,-0.9029f,-0.4224f,0.2607f,0.9968f,0.0746f,0.0295f,0.4363f,0f,0f,0f,1f],start_interpolation: 0,interpolation_duration: 1}
$data merge entity $(bone_finger_left) {transformation: [0.4178f,-0.0687f,0.9059f,0.253f,0.9031f,-0.0779f,-0.4224f,0.3736f,0.0996f,0.9946f,0.0295f,0.4488f,0f,0f,0f,1f],start_interpolation: 0,interpolation_duration: 1}
$data merge entity $(bone_finger_left4) {transformation: [-0.032f,-0.4222f,0.9059f,0.2854f,0.0011f,-0.9064f,-0.4224f,0.2208f,0.9995f,-0.0126f,0.0295f,0.4445f,0f,0f,0f,1f],start_interpolation: 0,interpolation_duration: 1}
$data merge entity $(bone_finger_left3) {transformation: [0.4204f,-0.0504f,0.9059f,0.3379f,0.9056f,-0.0385f,-0.4224f,0.334f,0.0561f,0.998f,0.0295f,0.4515f,0f,0f,0f,1f],start_interpolation: 0,interpolation_duration: 1}
$data merge entity $(bone_thumb_left2) {transformation: [0.1745f,-0.8965f,-0.4073f,0.1523f,0.309f,-0.3429f,0.8871f,0.3463f,-0.9349f,-0.2806f,0.2172f,0.2873f,0f,0f,0f,1f],start_interpolation: 0,interpolation_duration: 1}
$data merge entity $(bone_thumb_left) {transformation: [0.1745f,-0.748f,0.6404f,0.2269f,0.309f,0.6591f,0.6857f,0.4224f,-0.9349f,0.0782f,0.3461f,0.3598f,0f,0f,0f,1f],start_interpolation: 0,interpolation_duration: 1}
$data merge entity $(bone_hand_left) {transformation: [0.1745f,0.3858f,0.9059f,0.2986f,0.309f,0.8521f,-0.4224f,0.3488f,-0.9349f,0.3536f,0.0295f,0.282f,0f,0f,0f,1f],start_interpolation: 0,interpolation_duration: 1}
$data merge entity $(bone_arm_left2) {transformation: [0.1745f,0.3858f,0.9059f,0.3988f,0.309f,0.8521f,-0.4224f,0.3997f,-0.9349f,0.3536f,0.0295f,0.0501f,0f,0f,0f,1f],start_interpolation: 0,interpolation_duration: 1}
$data merge entity $(bone_arm_left) {transformation: [-0.5818f,0.3858f,0.716f,0.2086f,0.5222f,0.8521f,-0.0348f,0.5324f,-0.6235f,0.3536f,-0.6972f,-0.0622f,0f,0f,0f,1f],start_interpolation: 0,interpolation_duration: 1}
$data merge entity $(bone_finger_right2) {transformation: [-0.7958f,-0.2094f,0.5683f,0.3882f,-0.2037f,-0.7911f,-0.5767f,0.338f,0.5703f,-0.5747f,0.5869f,-0.0789f,0f,0f,0f,1f],start_interpolation: 0,interpolation_duration: 1}
$data merge entity $(bone_finger_right) {transformation: [-0.3444f,0.7473f,0.5683f,0.4312f,-0.8145f,0.0632f,-0.5767f,0.4398f,-0.4669f,-0.6615f,0.5869f,-0.0205f,0f,0f,0f,1f],start_interpolation: 0,interpolation_duration: 1}
$data merge entity $(bone_finger_right4) {transformation: [-0.7745f,-0.2779f,0.5683f,0.4456f,-0.1339f,-0.8059f,-0.5767f,0.2844f,0.6182f,-0.5228f,0.5869f,-0.0274f,0f,0f,0f,1f],start_interpolation: 0,interpolation_duration: 1}
$data merge entity $(bone_finger_right3) {transformation: [-0.3115f,0.7616f,0.5683f,0.4845f,-0.811f,0.0987f,-0.5767f,0.3858f,-0.4953f,-0.6405f,0.5869f,0.0345f,0f,0f,0f,1f],start_interpolation: 0,interpolation_duration: 1}
$data merge entity $(bone_thumb_right2) {transformation: [0.6327f,-0.7718f,-0.0636f,0.2414f,-0.1498f,-0.2025f,0.9678f,0.4115f,-0.7598f,-0.6028f,-0.2437f,-0.0085f,0f,0f,0f,1f],start_interpolation: 0,interpolation_duration: 1}
$data merge entity $(bone_thumb_right) {transformation: [0.6327f,-0.3838f,0.6726f,0.3453f,-0.1498f,0.7915f,0.5925f,0.4809f,-0.7598f,-0.4756f,0.4433f,0.0232f,0f,0f,0f,1f],start_interpolation: 0,interpolation_duration: 1}
$data merge entity $(bone_hand_right) {transformation: [0.6327f,0.5261f,0.5683f,0.3261f,-0.1498f,0.8031f,-0.5767f,0.386f,-0.7598f,0.2798f,0.5869f,0.1082f,0f,0f,0f,1f],start_interpolation: 0,interpolation_duration: 1}
$data merge entity $(bone_arm_right2) {transformation: [0.6327f,0.5261f,0.5683f,0.2035f,-0.1498f,0.8031f,-0.5767f,0.3874f,-0.7598f,0.2798f,0.5869f,0.3348f,0f,0f,0f,1f],start_interpolation: 0,interpolation_duration: 1}
$data merge entity $(bone_arm_right) {transformation: [0.6212f,0.5261f,-0.5808f,0.0845f,-0.5876f,0.8031f,0.0989f,0.5281f,0.5185f,0.2798f,0.808f,0.1547f,0f,0f,0f,1f],start_interpolation: 0,interpolation_duration: 1}
$data merge entity $(bone_torso) {transformation: [-0.4967f,0.0017f,-0.8679f,0.0781f,-0.0172f,0.9998f,0.0118f,0.1719f,0.8677f,0.0207f,-0.4966f,0f,0f,0f,0f,1f],start_interpolation: 0,interpolation_duration: 1}
$data merge entity $(bone_foot_right) {transformation: [-0.8813f,-0.0654f,-0.4679f,0.1953f,0.0053f,0.9889f,-0.1482f,-0.1156f,0.4725f,-0.1331f,-0.8713f,0.3184f,0f,0f,0f,1f],start_interpolation: 0,interpolation_duration: 1}
$data merge entity $(bone_leg_right3) {transformation: [-0.8813f,-0.2272f,-0.4143f,0.1892f,0.0053f,0.872f,-0.4895f,0.0376f,0.4725f,-0.4336f,-0.7673f,0.3054f,0f,0f,0f,1f],start_interpolation: 0,interpolation_duration: 1}
$data merge entity $(bone_foot_left) {transformation: [-0.0244f,-0.0403f,-0.9989f,0.3167f,0.0083f,0.9991f,-0.0405f,-0.0469f,0.9997f,-0.0093f,-0.024f,-0.0671f,0f,0f,0f,1f],start_interpolation: 0,interpolation_duration: 1}
$data merge entity $(bone_leg_left3) {transformation: [-0.0244f,-0.1889f,-0.9817f,0.3515f,0.0083f,0.9819f,-0.1891f,0.103f,0.9997f,-0.0128f,-0.0224f,-0.0675f,0f,0f,0f,1f],start_interpolation: 0,interpolation_duration: 1}