# This file was generated by Animated Java via MC-Build. It is not recommended to edit this file directly.
$data merge entity $(bone_eyelid_right) {transformation: [-0.9812f,0.1853f,-0.0545f,0.0689f,0.1581f,0.9326f,0.3245f,0.7353f,0.1109f,0.3097f,-0.9443f,0.3334f,0f,0f,0f,1f],start_interpolation: 0,interpolation_duration: 1}
$data merge entity $(bone_eye_right) {transformation: [-0.9812f,0.1853f,-0.0545f,0.0689f,0.1581f,0.9326f,0.3245f,0.7358f,0.1109f,0.3097f,-0.9443f,0.3319f,0f,0f,0f,1f],start_interpolation: 0,interpolation_duration: 1}
$data merge entity $(bone_eyelid_left) {transformation: [-0.9984f,0.0121f,-0.0545f,0.0678f,-0.0063f,0.9459f,0.3245f,0.7178f,0.0554f,0.3243f,-0.9443f,0.3258f,0f,0f,0f,1f],start_interpolation: 0,interpolation_duration: 1}
$data merge entity $(bone_eye_left) {transformation: [-0.9984f,0.0121f,-0.0545f,0.2862f,-0.0063f,0.9459f,0.3245f,0.7192f,0.0554f,0.3243f,-0.9443f,0.3136f,0f,0f,0f,1f],start_interpolation: 0,interpolation_duration: 1}
$data merge entity $(bone_mouth_closed) {transformation: [-0.9936f,0.099f,-0.0545f,0.116f,0.0762f,0.9428f,0.3245f,0.6243f,0.0835f,0.3182f,-0.9443f,0.0585f,0f,0f,0f,1f],start_interpolation: 0,interpolation_duration: 1}
$data merge entity $(bone_mouth_open) {transformation: [-0.9936f,0.099f,-0.0545f,0.1125f,0.0762f,0.9428f,0.3245f,0.5968f,0.0835f,0.3182f,-0.9443f,0.0427f,0f,0f,0f,1f],start_interpolation: 0,interpolation_duration: 1}
$data merge entity $(bone_head) {transformation: [-0.9936f,0.099f,-0.0545f,0.1439f,0.0762f,0.9428f,0.3245f,0.5924f,0.0835f,0.3182f,-0.9443f,0.046f,0f,0f,0f,1f],start_interpolation: 0,interpolation_duration: 1}
$data merge entity $(bone_neck) {transformation: [-0.4967f,0.3048f,-0.8126f,0.0947f,-0.0172f,0.9327f,0.3603f,0.5308f,0.8677f,0.1929f,-0.4581f,0.0166f,0f,0f,0f,1f],start_interpolation: 0,interpolation_duration: 1}
$data merge entity $(bone_finger_left2) {transformation: [0.0056f,-0.4294f,0.9031f,0.2014f,0.0762f,-0.9003f,-0.4286f,0.2582f,0.9971f,0.0712f,0.0277f,0.4366f,0f,0f,0f,1f],start_interpolation: 0,interpolation_duration: 1}
$data merge entity $(bone_finger_left) {transformation: [0.4239f,-0.0691f,0.9031f,0.2544f,0.8998f,-0.0813f,-0.4286f,0.3707f,0.103f,0.9943f,0.0277f,0.4495f,0f,0f,0f,1f],start_interpolation: 0,interpolation_duration: 1}
$data merge entity $(bone_finger_left4) {transformation: [-0.0319f,-0.4283f,0.9031f,0.2857f,-0.0026f,-0.9035f,-0.4286f,0.2177f,0.9995f,-0.016f,0.0277f,0.4447f,0f,0f,0f,1f],start_interpolation: 0,interpolation_duration: 1}
$data merge entity $(bone_finger_left3) {transformation: [0.4265f,-0.0505f,0.9031f,0.3391f,0.9025f,-0.042f,-0.4286f,0.3305f,0.0596f,0.9978f,0.0277f,0.4521f,0f,0f,0f,1f],start_interpolation: 0,interpolation_duration: 1}
$data merge entity $(bone_thumb_left2) {transformation: [0.1765f,-0.8988f,-0.4013f,0.1535f,0.3114f,-0.3358f,0.889f,0.3447f,-0.9337f,-0.2818f,0.2207f,0.2879f,0f,0f,0f,1f],start_interpolation: 0,interpolation_duration: 1}
$data merge entity $(bone_thumb_left) {transformation: [0.1765f,-0.7435f,0.645f,0.2286f,0.3114f,0.6638f,0.68f,0.42f,-0.9337f,0.0809f,0.3487f,0.3607f,0f,0f,0f,1f],start_interpolation: 0,interpolation_duration: 1}
$data merge entity $(bone_hand_left) {transformation: [0.1765f,0.3916f,0.9031f,0.2998f,0.3114f,0.8481f,-0.4286f,0.3462f,-0.9337f,0.3569f,0.0277f,0.2826f,0f,0f,0f,1f],start_interpolation: 0,interpolation_duration: 1}
$data merge entity $(bone_arm_left2) {transformation: [0.1765f,0.3916f,0.9031f,0.4004f,0.3114f,0.8481f,-0.4286f,0.3973f,-0.9337f,0.3569f,0.0277f,0.0509f,0f,0f,0f,1f],start_interpolation: 0,interpolation_duration: 1}
$data merge entity $(bone_arm_left) {transformation: [-0.5784f,0.3916f,0.7157f,0.2111f,0.5285f,0.8481f,-0.0369f,0.5317f,-0.6214f,0.3569f,-0.6975f,-0.0608f,0f,0f,0f,1f],start_interpolation: 0,interpolation_duration: 1}
$data merge entity $(bone_finger_right2) {transformation: [-0.797f,-0.2148f,0.5644f,0.3893f,-0.2005f,-0.7875f,-0.5828f,0.3362f,0.5697f,-0.5777f,0.5846f,-0.0783f,0f,0f,0f,1f],start_interpolation: 0,interpolation_duration: 1}
$data merge entity $(bone_finger_right) {transformation: [-0.3499f,0.7476f,0.5644f,0.433f,-0.8104f,0.0607f,-0.5828f,0.4375f,-0.47f,-0.6613f,0.5846f,-0.0195f,0f,0f,0f,1f],start_interpolation: 0,interpolation_duration: 1}
$data merge entity $(bone_finger_right4) {transformation: [-0.7753f,-0.2834f,0.5644f,0.4463f,-0.1311f,-0.802f,-0.5828f,0.282f,0.6178f,-0.5258f,0.5846f,-0.027f,0f,0f,0f,1f],start_interpolation: 0,interpolation_duration: 1}
$data merge entity $(bone_finger_right3) {transformation: [-0.317f,0.7622f,0.5644f,0.4859f,-0.8069f,0.096f,-0.5828f,0.3829f,-0.4984f,-0.6402f,0.5846f,0.0353f,0f,0f,0f,1f],start_interpolation: 0,interpolation_duration: 1}
$data merge entity $(bone_thumb_right2) {transformation: [0.6316f,-0.7732f,-0.0571f,0.243f,-0.1511f,-0.195f,0.9691f,0.4104f,-0.7604f,-0.6035f,-0.24f,-0.0076f,0f,0f,0f,1f],start_interpolation: 0,interpolation_duration: 1}
$data merge entity $(bone_thumb_right) {transformation: [0.6316f,-0.3785f,0.6766f,0.3474f,-0.1511f,0.7959f,0.5863f,0.479f,-0.7604f,-0.4725f,0.4455f,0.0243f,0f,0f,0f,1f],start_interpolation: 0,interpolation_duration: 1}
$data merge entity $(bone_hand_right) {transformation: [0.6316f,0.5315f,0.5644f,0.3276f,-0.1511f,0.7985f,-0.5828f,0.3839f,-0.7604f,0.2828f,0.5846f,0.109f,0f,0f,0f,1f],start_interpolation: 0,interpolation_duration: 1}
$data merge entity $(bone_arm_right2) {transformation: [0.6316f,0.5315f,0.5644f,0.205f,-0.1511f,0.7985f,-0.5828f,0.3853f,-0.7604f,0.2828f,0.5846f,0.3356f,0f,0f,0f,1f],start_interpolation: 0,interpolation_duration: 1}
$data merge entity $(bone_arm_right) {transformation: [0.6173f,0.5315f,-0.58f,0.0869f,-0.5937f,0.7985f,0.0997f,0.5275f,0.5161f,0.2828f,0.8085f,0.1561f,0f,0f,0f,1f],start_interpolation: 0,interpolation_duration: 1}
$data merge entity $(bone_torso) {transformation: [-0.4967f,0.0085f,-0.8679f,0.0781f,-0.0172f,0.9997f,0.0196f,0.1719f,0.8677f,0.0246f,-0.4964f,0f,0f,0f,0f,1f],start_interpolation: 0,interpolation_duration: 1}
$data merge entity $(bone_foot_right) {transformation: [-0.8674f,-0.0718f,-0.4925f,0.1989f,-0.0173f,0.9933f,-0.1142f,-0.1155f,0.4974f,-0.0905f,-0.8628f,0.317f,0f,0f,0f,1f],start_interpolation: 0,interpolation_duration: 1}
$data merge entity $(bone_leg_right3) {transformation: [-0.8674f,-0.2581f,-0.4255f,0.1892f,-0.0173f,0.8701f,-0.4925f,0.0376f,0.4974f,-0.4198f,-0.7592f,0.3054f,0f,0f,0f,1f],start_interpolation: 0,interpolation_duration: 1}
$data merge entity $(bone_foot_left) {transformation: [-0.0244f,-0.0272f,-0.9993f,0.3127f,0.0083f,0.9996f,-0.0274f,-0.0459f,0.9997f,-0.009f,-0.0242f,-0.0672f,0f,0f,0f,1f],start_interpolation: 0,interpolation_duration: 1}
$data merge entity $(bone_leg_left3) {transformation: [-0.0244f,-0.1626f,-0.9864f,0.3515f,0.0083f,0.9866f,-0.1629f,0.103f,0.9997f,-0.0122f,-0.0227f,-0.0675f,0f,0f,0f,1f],start_interpolation: 0,interpolation_duration: 1}