# This file was generated by Animated Java via MC-Build. It is not recommended to edit this file directly.
$data merge entity $(bone_eyelid_right) {transformation: [-0.9832f,0.1729f,-0.059f,0.0618f,0.1467f,0.9396f,0.3093f,0.7398f,0.1089f,0.2955f,-0.9491f,0.3282f,0f,0f,0f,1f],start_interpolation: 0,interpolation_duration: 1}
$data merge entity $(bone_eye_right) {transformation: [-0.9832f,0.1729f,-0.059f,0.0617f,0.1467f,0.9396f,0.3093f,0.7403f,0.1089f,0.2955f,-0.9491f,0.3267f,0f,0f,0f,1f],start_interpolation: 0,interpolation_duration: 1}
$data merge entity $(bone_eyelid_left) {transformation: [-0.9983f,-0.0004f,-0.059f,0.0609f,-0.0187f,0.9508f,0.3093f,0.7221f,0.0559f,0.3099f,-0.9491f,0.3208f,0f,0f,0f,1f],start_interpolation: 0,interpolation_duration: 1}
$data merge entity $(bone_eye_left) {transformation: [-0.9983f,-0.0004f,-0.059f,0.2793f,-0.0187f,0.9508f,0.3093f,0.7262f,0.0559f,0.3099f,-0.9491f,0.3086f,0f,0f,0f,1f],start_interpolation: 0,interpolation_duration: 1}
$data merge entity $(bone_mouth_closed) {transformation: [-0.9945f,0.0866f,-0.059f,0.1102f,0.0643f,0.9488f,0.3093f,0.6252f,0.0827f,0.3039f,-0.9491f,0.055f,0f,0f,0f,1f],start_interpolation: 0,interpolation_duration: 1}
$data merge entity $(bone_mouth_open) {transformation: [-0.9945f,0.0866f,-0.059f,0.1072f,0.0643f,0.9488f,0.3093f,0.5975f,0.0827f,0.3039f,-0.9491f,0.0396f,0f,0f,0f,1f],start_interpolation: 0,interpolation_duration: 1}
$data merge entity $(bone_head) {transformation: [-0.9945f,0.0866f,-0.059f,0.1386f,0.0643f,0.9488f,0.3093f,0.5935f,0.0827f,0.3039f,-0.9491f,0.043f,0f,0f,0f,1f],start_interpolation: 0,interpolation_duration: 1}
$data merge entity $(bone_neck) {transformation: [-0.4967f,0.2929f,-0.817f,0.0902f,-0.0172f,0.9378f,0.3467f,0.5311f,0.8677f,0.1862f,-0.4608f,0.014f,0f,0f,0f,1f],start_interpolation: 0,interpolation_duration: 1}
$data merge entity $(bone_finger_left2) {transformation: [0.0043f,-0.4181f,0.9084f,0.2002f,0.0834f,-0.9051f,-0.417f,0.2629f,0.9965f,0.0776f,0.031f,0.436f,0f,0f,0f,1f],start_interpolation: 0,interpolation_duration: 1}
$data merge entity $(bone_finger_left) {transformation: [0.4125f,-0.0684f,0.9084f,0.2517f,0.9058f,-0.075f,-0.417f,0.3761f,0.0966f,0.9948f,0.031f,0.4481f,0f,0f,0f,1f],start_interpolation: 0,interpolation_duration: 1}
$data merge entity $(bone_finger_left4) {transformation: [-0.0321f,-0.4169f,0.9084f,0.285f,0.0042f,-0.9089f,-0.417f,0.2235f,0.9995f,-0.0096f,0.031f,0.4444f,0f,0f,0f,1f],start_interpolation: 0,interpolation_duration: 1}
$data merge entity $(bone_finger_left3) {transformation: [0.4151f,-0.0503f,0.9084f,0.3369f,0.9082f,-0.0354f,-0.417f,0.337f,0.0531f,0.9981f,0.031f,0.451f,0f,0f,0f,1f],start_interpolation: 0,interpolation_duration: 1}
$data merge entity $(bone_thumb_left2) {transformation: [0.1728f,-0.8944f,-0.4125f,0.1512f,0.3069f,-0.3491f,0.8854f,0.3477f,-0.9359f,-0.2796f,0.2142f,0.2867f,0f,0f,0f,1f],start_interpolation: 0,interpolation_duration: 1}
$data merge entity $(bone_thumb_left) {transformation: [0.1728f,-0.7519f,0.6363f,0.2254f,0.3069f,0.6549f,0.6906f,0.4244f,-0.9359f,0.0759f,0.3439f,0.3589f,0f,0f,0f,1f],start_interpolation: 0,interpolation_duration: 1}
$data merge entity $(bone_hand_left) {transformation: [0.1728f,0.3807f,0.9084f,0.2975f,0.3069f,0.8555f,-0.417f,0.3511f,-0.9359f,0.3508f,0.031f,0.2814f,0f,0f,0f,1f],start_interpolation: 0,interpolation_duration: 1}
$data merge entity $(bone_arm_left2) {transformation: [0.1728f,0.3807f,0.9084f,0.3975f,0.3069f,0.8555f,-0.417f,0.4017f,-0.9359f,0.3508f,0.031f,0.0494f,0f,0f,0f,1f],start_interpolation: 0,interpolation_duration: 1}
$data merge entity $(bone_arm_left) {transformation: [-0.5848f,0.3807f,0.7163f,0.2065f,0.5167f,0.8555f,-0.0329f,0.5329f,-0.6253f,0.3508f,-0.697f,-0.0634f,0f,0f,0f,1f],start_interpolation: 0,interpolation_duration: 1}
$data merge entity $(bone_finger_right2) {transformation: [-0.7946f,-0.2047f,0.5716f,0.3872f,-0.2064f,-0.7943f,-0.5714f,0.3396f,0.5709f,-0.572f,0.5889f,-0.0794f,0f,0f,0f,1f],start_interpolation: 0,interpolation_duration: 1}
$data merge entity $(bone_finger_right) {transformation: [-0.3395f,0.747f,0.5716f,0.4297f,-0.8181f,0.0654f,-0.5714f,0.4418f,-0.4642f,-0.6616f,0.5889f,-0.0214f,0f,0f,0f,1f],start_interpolation: 0,interpolation_duration: 1}
$data merge entity $(bone_finger_right4) {transformation: [-0.7738f,-0.2731f,0.5716f,0.4449f,-0.1364f,-0.8093f,-0.5714f,0.2864f,0.6186f,-0.5201f,0.5889f,-0.0277f,0f,0f,0f,1f],start_interpolation: 0,interpolation_duration: 1}
$data merge entity $(bone_finger_right3) {transformation: [-0.3066f,0.7611f,0.5716f,0.4832f,-0.8144f,0.101f,-0.5714f,0.3883f,-0.4926f,-0.6407f,0.5889f,0.0338f,0f,0f,0f,1f],start_interpolation: 0,interpolation_duration: 1}
$data merge entity $(bone_thumb_right2) {transformation: [0.6337f,-0.7705f,-0.0692f,0.24f,-0.1486f,-0.209f,0.9666f,0.4124f,-0.7592f,-0.6022f,-0.247f,-0.0093f,0f,0f,0f,1f],start_interpolation: 0,interpolation_duration: 1}
$data merge entity $(bone_thumb_right) {transformation: [0.6337f,-0.3883f,0.6691f,0.3435f,-0.1486f,0.7877f,0.5979f,0.4825f,-0.7592f,-0.4783f,0.4414f,0.0222f,0f,0f,0f,1f],start_interpolation: 0,interpolation_duration: 1}
$data merge entity $(bone_hand_right) {transformation: [0.6337f,0.5213f,0.5716f,0.3249f,-0.1486f,0.8071f,-0.5714f,0.3878f,-0.7592f,0.2771f,0.5889f,0.1075f,0f,0f,0f,1f],start_interpolation: 0,interpolation_duration: 1}
$data merge entity $(bone_arm_right2) {transformation: [0.6337f,0.5213f,0.5716f,0.2022f,-0.1486f,0.8071f,-0.5714f,0.3893f,-0.7592f,0.2771f,0.5889f,0.3341f,0f,0f,0f,1f],start_interpolation: 0,interpolation_duration: 1}
$data merge entity $(bone_arm_right) {transformation: [0.6246f,0.5213f,-0.5815f,0.0823f,-0.5822f,0.8071f,0.0982f,0.5287f,0.5205f,0.2771f,0.8076f,0.1535f,0f,0f,0f,1f],start_interpolation: 0,interpolation_duration: 1}
$data merge entity $(bone_torso) {transformation: [-0.4967f,-0.0041f,-0.8679f,0.0781f,-0.0172f,0.9998f,0.005f,0.1719f,0.8677f,0.0174f,-0.4967f,0f,0f,0f,0f,1f],start_interpolation: 0,interpolation_duration: 1}
$data merge entity $(bone_foot_right) {transformation: [-0.8867f,-0.0573f,-0.4587f,0.1938f,0.0146f,0.9883f,-0.1517f,-0.1156f,0.462f,-0.1412f,-0.8755f,0.3189f,0f,0f,0f,1f],start_interpolation: 0,interpolation_duration: 1}
$data merge entity $(bone_leg_right3) {transformation: [-0.8867f,-0.2144f,-0.4096f,0.1892f,0.0146f,0.8725f,-0.4883f,0.0376f,0.462f,-0.439f,-0.7706f,0.3054f,0f,0f,0f,1f],start_interpolation: 0,interpolation_duration: 1}
$data merge entity $(bone_foot_left) {transformation: [-0.0244f,-0.2054f,-0.9784f,0.3222f,0.0083f,0.9786f,-0.2056f,-0.048f,0.9997f,-0.0131f,-0.0222f,-0.0669f,0f,0f,0f,1f],start_interpolation: 0,interpolation_duration: 1}
$data merge entity $(bone_leg_left3) {transformation: [-0.0244f,-0.2244f,-0.9742f,0.3515f,0.0083f,0.9744f,-0.2247f,0.103f,0.9997f,-0.0136f,-0.0219f,-0.0675f,0f,0f,0f,1f],start_interpolation: 0,interpolation_duration: 1}