# This file was generated by Animated Java via MC-Build. It is not recommended to edit this file directly.
$data merge entity $(bone_eyelid_right) {transformation: [-0.9843f,0.1651f,-0.062f,0.0575f,0.14f,0.9452f,0.2948f,0.7439f,0.1073f,0.2815f,-0.9535f,0.3242f,0f,0f,0f,1f],start_interpolation: 0,interpolation_duration: 1}
$data merge entity $(bone_eye_right) {transformation: [-0.9843f,0.1651f,-0.062f,0.0574f,0.14f,0.9452f,0.2948f,0.7444f,0.1073f,0.2815f,-0.9535f,0.3227f,0f,0f,0f,1f],start_interpolation: 0,interpolation_duration: 1}
$data merge entity $(bone_eyelid_left) {transformation: [-0.998f,-0.0083f,-0.062f,0.0567f,-0.0263f,0.9552f,0.2948f,0.7262f,0.0567f,0.2959f,-0.9535f,0.3171f,0f,0f,0f,1f],start_interpolation: 0,interpolation_duration: 1}
$data merge entity $(bone_eye_left) {transformation: [-0.998f,-0.0083f,-0.062f,0.275f,-0.0263f,0.9552f,0.2948f,0.7319f,0.0567f,0.2959f,-0.9535f,0.3047f,0f,0f,0f,1f],start_interpolation: 0,interpolation_duration: 1}
$data merge entity $(bone_mouth_closed) {transformation: [-0.995f,0.0787f,-0.062f,0.1068f,0.0571f,0.9538f,0.2948f,0.6258f,0.0823f,0.2898f,-0.9535f,0.0528f,0f,0f,0f,1f],start_interpolation: 0,interpolation_duration: 1}
$data merge entity $(bone_mouth_open) {transformation: [-0.995f,0.0787f,-0.062f,0.1039f,0.0571f,0.9538f,0.2948f,0.5978f,0.0823f,0.2898f,-0.9535f,0.0378f,0f,0f,0f,1f],start_interpolation: 0,interpolation_duration: 1}
$data merge entity $(bone_head) {transformation: [-0.995f,0.0787f,-0.062f,0.1354f,0.0571f,0.9538f,0.2948f,0.5942f,0.0823f,0.2898f,-0.9535f,0.0411f,0f,0f,0f,1f],start_interpolation: 0,interpolation_duration: 1}
$data merge entity $(bone_neck) {transformation: [-0.4967f,0.2858f,-0.8195f,0.0875f,-0.0172f,0.9408f,0.3385f,0.5313f,0.8677f,0.1822f,-0.4624f,0.0125f,0f,0f,0f,1f],start_interpolation: 0,interpolation_duration: 1}
$data merge entity $(bone_finger_left2) {transformation: [0.0035f,-0.4112f,0.9115f,0.1994f,0.0878f,-0.9079f,-0.4099f,0.2657f,0.9961f,0.0815f,0.0329f,0.4357f,0f,0f,0f,1f],start_interpolation: 0,interpolation_duration: 1}
$data merge entity $(bone_finger_left) {transformation: [0.4056f,-0.068f,0.9115f,0.2501f,0.9093f,-0.0712f,-0.4099f,0.3794f,0.0928f,0.9951f,0.0329f,0.4473f,0f,0f,0f,1f],start_interpolation: 0,interpolation_duration: 1}
$data merge entity $(bone_finger_left4) {transformation: [-0.0323f,-0.41f,0.9115f,0.2845f,0.0083f,-0.9121f,-0.4099f,0.227f,0.9994f,-0.0057f,0.0329f,0.4442f,0f,0f,0f,1f],start_interpolation: 0,interpolation_duration: 1}
$data merge entity $(bone_finger_left3) {transformation: [0.4082f,-0.0502f,0.9115f,0.3356f,0.9116f,-0.0315f,-0.4099f,0.3409f,0.0493f,0.9982f,0.0329f,0.4503f,0f,0f,0f,1f],start_interpolation: 0,interpolation_duration: 1}
$data merge entity $(bone_thumb_left2) {transformation: [0.1706f,-0.8917f,-0.4192f,0.1498f,0.3041f,-0.357f,0.8832f,0.3495f,-0.9372f,-0.2782f,0.2103f,0.2859f,0f,0f,0f,1f],start_interpolation: 0,interpolation_duration: 1}
$data merge entity $(bone_thumb_left) {transformation: [0.1706f,-0.7568f,0.631f,0.2234f,0.3041f,0.6495f,0.6968f,0.4271f,-0.9372f,0.073f,0.341f,0.3578f,0f,0f,0f,1f],start_interpolation: 0,interpolation_duration: 1}
$data merge entity $(bone_hand_left) {transformation: [0.1706f,0.3742f,0.9115f,0.2961f,0.3041f,0.8599f,-0.4099f,0.3539f,-0.9372f,0.3472f,0.0329f,0.2807f,0f,0f,0f,1f],start_interpolation: 0,interpolation_duration: 1}
$data merge entity $(bone_arm_left2) {transformation: [0.1706f,0.3742f,0.9115f,0.3957f,0.3041f,0.8599f,-0.4099f,0.4043f,-0.9372f,0.3472f,0.0329f,0.0484f,0f,0f,0f,1f],start_interpolation: 0,interpolation_duration: 1}
$data merge entity $(bone_arm_left) {transformation: [-0.5886f,0.3742f,0.7166f,0.2038f,0.5095f,0.8599f,-0.0305f,0.5336f,-0.6277f,0.3472f,-0.6968f,-0.065f,0f,0f,0f,1f],start_interpolation: 0,interpolation_duration: 1}
$data merge entity $(bone_finger_right2) {transformation: [-0.7931f,-0.1986f,0.5758f,0.386f,-0.2099f,-0.7983f,-0.5645f,0.3416f,0.5717f,-0.5686f,0.5915f,-0.0801f,0f,0f,0f,1f],start_interpolation: 0,interpolation_duration: 1}
$data merge entity $(bone_finger_right) {transformation: [-0.3333f,0.7466f,0.5758f,0.4276f,-0.8226f,0.0681f,-0.5645f,0.4444f,-0.4607f,-0.6618f,0.5915f,-0.0225f,0f,0f,0f,1f],start_interpolation: 0,interpolation_duration: 1}
$data merge entity $(bone_finger_right4) {transformation: [-0.7728f,-0.2669f,0.5758f,0.444f,-0.1396f,-0.8135f,-0.5645f,0.2891f,0.6191f,-0.5166f,0.5915f,-0.0282f,0f,0f,0f,1f],start_interpolation: 0,interpolation_duration: 1}
$data merge entity $(bone_finger_right3) {transformation: [-0.3004f,0.7604f,0.5758f,0.4816f,-0.8189f,0.104f,-0.5645f,0.3915f,-0.4891f,-0.641f,0.5915f,0.0329f,0f,0f,0f,1f],start_interpolation: 0,interpolation_duration: 1}
$data merge entity $(bone_thumb_right2) {transformation: [0.6349f,-0.7688f,-0.0765f,0.2382f,-0.1471f,-0.2175f,0.9649f,0.4136f,-0.7585f,-0.6014f,-0.2512f,-0.0103f,0f,0f,0f,1f],start_interpolation: 0,interpolation_duration: 1}
$data merge entity $(bone_thumb_right) {transformation: [0.6349f,-0.3942f,0.6644f,0.3411f,-0.1471f,0.7826f,0.6049f,0.4846f,-0.7585f,-0.4818f,0.4389f,0.0209f,0f,0f,0f,1f],start_interpolation: 0,interpolation_duration: 1}
$data merge entity $(bone_hand_right) {transformation: [0.6349f,0.5151f,0.5758f,0.3232f,-0.1471f,0.8122f,-0.5645f,0.3901f,-0.7585f,0.2737f,0.5915f,0.1066f,0f,0f,0f,1f],start_interpolation: 0,interpolation_duration: 1}
$data merge entity $(bone_arm_right2) {transformation: [0.6349f,0.5151f,0.5758f,0.2005f,-0.1471f,0.8122f,-0.5645f,0.3916f,-0.7585f,0.2737f,0.5915f,0.3332f,0f,0f,0f,1f],start_interpolation: 0,interpolation_duration: 1}
$data merge entity $(bone_arm_right) {transformation: [0.6289f,0.5151f,-0.5823f,0.0796f,-0.5752f,0.8122f,0.0973f,0.5293f,0.5231f,0.2737f,0.8071f,0.152f,0f,0f,0f,1f],start_interpolation: 0,interpolation_duration: 1}
$data merge entity $(bone_torso) {transformation: [-0.4967f,-0.0117f,-0.8678f,0.0781f,-0.0172f,0.9998f,-0.0037f,0.1719f,0.8677f,0.0131f,-0.4969f,0f,0f,0f,0f,1f],start_interpolation: 0,interpolation_duration: 1}
$data merge entity $(bone_foot_right) {transformation: [-0.8911f,-0.0387f,-0.4521f,0.1925f,0.0225f,0.9914f,-0.1292f,-0.1156f,0.4532f,-0.1253f,-0.8826f,0.3194f,0f,0f,0f,1f],start_interpolation: 0,interpolation_duration: 1}
$data merge entity $(bone_leg_right3) {transformation: [-0.8911f,-0.2035f,-0.4055f,0.1892f,0.0225f,0.8729f,-0.4874f,0.0376f,0.4532f,-0.4434f,-0.7733f,0.3054f,0f,0f,0f,1f],start_interpolation: 0,interpolation_duration: 1}
$data merge entity $(bone_foot_left) {transformation: [-0.0244f,-0.0846f,-0.9961f,0.3195f,0.0083f,0.9964f,-0.0848f,-0.0475f,0.9997f,-0.0103f,-0.0236f,-0.067f,0f,0f,0f,1f],start_interpolation: 0,interpolation_duration: 1}
$data merge entity $(bone_leg_left3) {transformation: [-0.0244f,-0.2074f,-0.9779f,0.3515f,0.0083f,0.9782f,-0.2077f,0.103f,0.9997f,-0.0132f,-0.0222f,-0.0675f,0f,0f,0f,1f],start_interpolation: 0,interpolation_duration: 1}