# This file was generated by Animated Java via MC-Build. It is not recommended to edit this file directly.
$data merge entity $(bone_shell2) { transformation: [-1.1979164866518721f,-0.0006355112333061607f,0.00016556233131387291f,0.049491268883315495f,-0.0006567232394307376f,1.159224065970105f,-0.30199912891944336f,1.117949514185231f,-1.4670245910240583e-16f,-0.30199917430183165f,-1.159224240170464f,-0.5007161066662427f,0f,0f,0f,1f], start_interpolation: 0, interpolation_duration: 1 }
$data merge entity $(bone_shell) { transformation: [-1.2604164772597959f,-0.0006856855012336715f,0.00008543132528542574f,0.04955099216059117f,-0.0006909870606184282f,1.2507460026814234f,-0.1558336707019188f,1.009009409450125f,-1.5435650044687917e-16f,-0.1558336941195498f,-1.2507461906350807f,0.5205887893557211f,0f,0f,0f,1f], start_interpolation: 0, interpolation_duration: 1 }
$data merge entity $(bone_pupil_right2) { transformation: [-0.9999924037299834f,-0.003380934347034861f,-0.0019395270739773983f,-0.32126732157841015f,-0.003642768252667402f,0.987676548419044f,0.15646650102338805f,2.429399301714081f,0.0013866224385209482f,0.15647237770924807f,-0.9876813617215965f,1.374114361028041f,0f,0f,0f,1f], start_interpolation: 0, interpolation_duration: 1 }
$data merge entity $(bone_pupil_right) { transformation: [-0.9999924037299834f,-0.003380934347034861f,-0.0019395270739773983f,-0.3200857244166988f,-0.003642768252667402f,0.987676548419044f,0.15646650102338805f,2.423750565419311f,0.0013866224385209482f,0.15647237770924807f,-0.9876813617215965f,1.3099376617406862f,0f,0f,0f,1f], start_interpolation: 0, interpolation_duration: 1 }
$data merge entity $(bone_eyelid_right) { transformation: [-0.9999924037299834f,-0.003380934347034861f,-0.0019395270739773983f,-0.2839416539798318f,-0.003642768252667402f,0.987676548419044f,0.15646650102338805f,2.4547475079065655f,0.0013866224385209482f,0.15647237770924807f,-0.9876813617215965f,1.3147771584807038f,0f,0f,0f,1f], start_interpolation: 0, interpolation_duration: 1 }
$data merge entity $(bone_eye_right) { transformation: [-0.9999924037299834f,-0.003380934347034861f,-0.0019395270739773983f,-0.32019137861504365f,-0.003642768252667402f,0.987676548419044f,0.15646650102338805f,2.454615457557406f,0.0013866224385209482f,0.15647237770924807f,-0.9876813617215965f,1.3148274235441002f,0f,0f,0f,1f], start_interpolation: 0, interpolation_duration: 1 }
$data merge entity $(bone_pupil_left2) { transformation: [-0.9999924037299834f,-0.003380934347034861f,-0.0019395270739773983f,0.3712274180046034f,-0.003642768252667402f,0.987676548419044f,0.15646650102338805f,2.4319219187290533f,0.0013866224385209482f,0.15647237770924807f,-0.9876813617215965f,1.3731541249893655f,0f,0f,0f,1f], start_interpolation: 0, interpolation_duration: 1 }
$data merge entity $(bone_pupil_left) { transformation: [-0.9999924037299834f,-0.003380934347034861f,-0.0019395270739773983f,0.3699090341569897f,-0.003642768252667402f,0.987676548419044f,0.15646650102338805f,2.4262640755136515f,0.0013866224385209482f,0.15647237770924807f,-0.9876813617215965f,1.3089808922581068f,0f,0f,0f,1f], start_interpolation: 0, interpolation_duration: 1 }
$data merge entity $(bone_eyelid_left) { transformation: [-0.9999924037299834f,-0.003380934347034861f,-0.0019395270739773983f,0.333553655323433f,-0.003642768252667402f,0.987676548419044f,0.15646650102338805f,2.4569969173025874f,0.0013866224385209482f,0.15647237770924807f,-0.9876813617215965f,1.3139209191249173f,0f,0f,0f,1f], start_interpolation: 0, interpolation_duration: 1 }
$data merge entity $(bone_eye_left) { transformation: [-0.9999924037299834f,-0.003380934347034861f,-0.0019395270739773983f,0.3698033799586449f,-0.003642768252667402f,0.987676548419044f,0.15646650102338805f,2.4571289676517467f,0.0013866224385209482f,0.15647237770924807f,-0.9876813617215965f,1.3138706540615208f,0f,0f,0f,1f], start_interpolation: 0, interpolation_duration: 1 }
$data merge entity $(bone_muzzle2) { transformation: [-0.9999924037299834f,-0.003199027948400714f,-0.0022268144320985728f,0.024882898662092506f,-0.003642768252667402f,0.9702811868527862f,0.241952781920371f,2.5225530440591664f,0.0013866224385209482f,0.24195905575062615f,-0.9702854696523483f,1.5449815550192516f,0f,0f,0f,1f], start_interpolation: 0, interpolation_duration: 1 }
$data merge entity $(bone_muzzle) { transformation: [-0.9999924037299834f,-0.003380934347034861f,-0.0019395270739773983f,0.02385417965809521f,-0.003642768252667402f,0.987676548419044f,0.15646650102338805f,2.694908394181356f,0.0013866224385209482f,0.15647237770924807f,-0.9876813617215965f,1.2558901766949087f,0f,0f,0f,1f], start_interpolation: 0, interpolation_duration: 1 }
$data merge entity $(bone_tongue) { transformation: [-0.9999924037299834f,-0.003537109793824098f,-0.001637478743704789f,0.025682098025323483f,-0.003642768252667402f,0.9975550950764274f,0.0697894155765607f,2.1671381691587714f,0.0013866224385209482f,0.06979485039289778f,-0.9975604022498316f,1.1876378998533745f,0f,0f,0f,1f], start_interpolation: 0, interpolation_duration: 1 }
$data merge entity $(bone_jaw) { transformation: [-0.9999924037299834f,-0.003537109793824098f,-0.001637478743704789f,0.025622734555007257f,-0.003642768252667402f,0.9975550950764274f,0.0697894155765607f,2.1961308466431424f,0.0013866224385209482f,0.06979485039289778f,-0.9975604022498316f,1.2209927514984598f,0f,0f,0f,1f], start_interpolation: 0, interpolation_duration: 1 }
$data merge entity $(bone_ear_left) { transformation: [-0.9226954281464037f,-0.03469514984519265f,-0.3839653544982206f,0.37396923907757784f,-0.05878879476234103f,0.9969571831383061f,0.051188402976903774f,2.558853192976622f,0.38102102893162726f,0.0698041658223504f,-0.9219275209829293f,0.9795224316199245f,0f,0f,0f,1f], start_interpolation: 0, interpolation_duration: 1 }
$data merge entity $(bone_ear_right) { transformation: [-0.9241523533250515f,0.027624365431531375f,0.3810240442259181f,-0.32602544353341056f,0.052061105191141016f,0.9971842004145622f,0.05397510324073085f,2.5563032551997544f,-0.3784601289040182f,0.06971775152768363f,-0.9229882805062466f,0.9804930673268892f,0f,0f,0f,1f], start_interpolation: 0, interpolation_duration: 1 }
$data merge entity $(bone_head_angle) { transformation: [-0.9999924037299834f,-0.003537109793824098f,-0.001637478743704789f,0.02508644566887315f,-0.003642768252667402f,0.9975550950764274f,0.0697894155765607f,2.2983753137536276f,0.0013866224385209482f,0.06979485039289778f,-0.9975604022498316f,1.102840968441565f,0f,0f,0f,1f], start_interpolation: 0, interpolation_duration: 1 }
$data merge entity $(bone_neck3) { transformation: [-0.9997563329647536f,-0.022029814973242186f,-0.0014006959389673277f,0.04078905993661278f,-0.022035082713664847f,0.9997497321517844f,0.003863701882614104f,1.5801674158210277f,0.0013152287522229206f,0.003893624876703264f,-0.9999915548936644f,1.0062932172901535f,0f,0f,0f,1f], start_interpolation: 0, interpolation_duration: 1 }
$data merge entity $(bone_neck2) { transformation: [-0.9999753278590802f,-0.006547191291332735f,-0.002545183553286238f,0.04377276160563115f,-0.006679211923193892f,0.9984149636104184f,0.05588334784971566f,1.1407413373110142f,0.0021752703763639387f,0.05589896890821838f,-0.998434060653876f,1.0286390149859583f,0f,0f,0f,1f], start_interpolation: 0, interpolation_duration: 1 }
$data merge entity $(bone_chest2) { transformation: [-0.9999753278590802f,-0.005440124376865502f,-0.004443953182635445f,0.04999104257344072f,-0.006679211923193892f,0.9322704192779818f,0.3617005024427547f,0.2063217430787512f,0.0021752703763639387f,0.3617212606220713f,-0.9322837539144235f,1.0180385186948162f,0f,0f,0f,1f], start_interpolation: 0, interpolation_duration: 1 }
$data merge entity $(bone_chest) { transformation: [-0.9999998497267801f,-0.0005166653697265259f,0.00018331206445609179f,0.05009884439847272f,-0.0005482211390030505f,0.9424395655832659f,-0.33437608269253943f,0.009682465308004429f,-1.2246466151157355e-16f,-0.33437613294031765f,-0.9424397072067152f,0.5572679192458434f,0f,0f,0f,1f], start_interpolation: 0, interpolation_duration: 1 }
$data merge entity $(bone_tail2) { transformation: [-0.9999998497267801f,-0.0005388726064790683f,-0.00010081037266202924f,0.04995727528615076f,-0.0005482211390030505f,0.9829473677006928f,0.18388630124036384f,0.2679160155603156f,-1.2246466151157355e-16f,0.18388632887355455f,-0.9829475154113809f,-1.1460856121964422f,0f,0f,0f,1f], start_interpolation: 0, interpolation_duration: 1 }
$data merge entity $(bone_tail) { transformation: [-0.9999998497267801f,-0.0005481561000042328f,0.000008444363679493156f,0.04981706962476989f,-0.0005482211390030505f,0.9998812133145462f,-0.015403204673510404f,0.5236625206415185f,-1.2246466151157355e-16f,-0.015403206988199924f,-0.9998813635699381f,-0.7749809026047654f,0f,0f,0f,1f], start_interpolation: 0, interpolation_duration: 1 }
$data merge entity $(bone_torso) { transformation: [-0.9999998497267801f,-0.0005478522378815465f,0.000020108274366126123f,0.04978612480370938f,-0.0005482211390030505f,0.9993269441421206f,-0.036679124378231454f,0.5801083856559939f,-1.2246466151157355e-16f,-0.03667912989012241f,-0.9993270943142208f,-0.08908974807280481f,0f,0f,0f,1f], start_interpolation: 0, interpolation_duration: 1 }
$data merge entity $(bone_leg_front_left4) { transformation: [-0.9796908784465096f,0.035301046665776034f,-0.19738191100758687f,1.8415062597950527f,0.03438796652055844f,0.9993761167450415f,0.008052641689656335f,-0.11837497986508548f,0.1975430344185469f,0.00110153706326162f,-0.9802935969232947f,0.6220579976908409f,0f,0f,0f,1f], start_interpolation: 0, interpolation_duration: 1 }
$data merge entity $(bone_leg_front_left3) { transformation: [-0.987504898695824f,0.1557094889157094f,-0.02426170054548671f,1.4427653554641822f,0.15570807783795132f,0.9878011729196817f,0.001958896248236506f,-0.03968417991654774f,0.024270754989509674f,-0.0018433231158473309f,-0.9997037224158615f,0.6318891899816441f,0f,0f,0f,1f], start_interpolation: 0, interpolation_duration: 1 }
$data merge entity $(bone_leg_front_left2) { transformation: [-0.9374892314767707f,0.31517061343613256f,0.14758531529724067f,0.8617591266261401f,0.31500598075399916f,0.9487574799482741f,-0.025109287751970952f,0.1720188936788935f,-0.14793638144251461f,0.022950570112571116f,-0.9887305489248337f,0.5397875542380814f,0f,0f,0f,1f], start_interpolation: 0, interpolation_duration: 1 }
$data merge entity $(bone_leg_front_left) { transformation: [-0.8539546309659235f,0.4456090057174125f,0.26868960209764825f,0.6749565511023443f,0.4452087361635379f,0.8929903293963385f,-0.06601100550881031f,0.2694083047146674f,-0.2693523148137376f,0.06325255432121217f,-0.9609622494543287f,0.4808667353725763f,0f,0f,0f,1f], start_interpolation: 0, interpolation_duration: 1 }
$data merge entity $(bone_leg_back_left4) { transformation: [-0.6732061338198359f,0.13280821375580593f,-0.7274307387967198f,1.2324608511308879f,0.20661230524552052f,0.9783418426956019f,-0.012593417014693999f,0.04449003813594693f,0.7100034202090024f,-0.15877410742928547f,-0.6860655406749069f,-0.9737438702960737f,0f,0f,0f,1f], start_interpolation: 0, interpolation_duration: 1 }
$data merge entity $(bone_leg_back_left3) { transformation: [-0.8227854400406855f,0.06623666607457823f,-0.5644792500388127f,1.0524765361219879f,0.11891481998712186f,0.9912661955772131f,-0.0570139903296439f,0.07050265500812984f,0.5557727820292084f,-0.11403522952668242f,-0.8234759141482589f,-0.8521685742271844f,0f,0f,0f,1f], start_interpolation: 0, interpolation_duration: 1 }
$data merge entity $(bone_leg_back_left2) { transformation: [-0.8658040963713444f,0.09835922244206852f,-0.4906207599227652f,0.7277999999827337f,0.15011557496027159f,0.986384658662567f,-0.06716114434312698f,0.12679599561823168f,0.4773348728732765f,-0.1317982113525178f,-0.868781129297437f,-0.6731679968997057f,0f,0f,0f,1f], start_interpolation: 0, interpolation_duration: 1 }
$data merge entity $(bone_leg_back_left) { transformation: [-0.8963219509277396f,0.23910134499646418f,-0.3734133194008653f,0.6437698170832581f,0.29014890083647926f,0.9530931339425538f,-0.08618058583546598f,0.1539974550716516f,0.33529177685781936f,-0.18559101501000266f,-0.9236532896704711f,-0.6417343928192851f,0f,0f,0f,1f], start_interpolation: 0, interpolation_duration: 1 }
$data merge entity $(bone_leg_front_right4) { transformation: [-0.9796525851466604f,-0.0363967835079356f,0.19737296310726338f,-1.7411670866201443f,-0.03546212018728423f,0.9993368104730128f,0.008269054688891646f,-0.12033907742288437f,-0.19754303441854715f,0.0011015370632616258f,-0.9802935969232945f,0.6220579976908405f,0f,0f,0f,1f], start_interpolation: 0, interpolation_duration: 1 }
$data merge entity $(bone_leg_front_right3) { transformation: [-0.987333580219792f,-0.1567924621253486f,0.024259538145610632f,-1.3425127018765624f,-0.15679072620090254f,0.9876298527183964f,0.001985496620974886f,-0.04121112845504277f,-0.02427075498950995f,-0.0018433231158473586f,-0.9997037224158614f,0.6318891899816438f,0f,0f,0f,1f], start_interpolation: 0, interpolation_duration: 1 }
$data merge entity $(bone_leg_front_right2) { transformation: [-0.9371432821354899f,-0.3162106816456021f,-0.14755769570424013f,-0.7617389424425938f,-0.3160336940802616f,0.9484113433235241f,-0.025271091413945748f,0.17112885758455082f,0.14793638144251434f,0.02295057011257104f,-0.9887305489248336f,0.5397875542380812f,0f,0f,0f,1f], start_interpolation: 0, interpolation_duration: 1 }
$data merge entity $(bone_leg_front_right) { transformation: [-0.8534659720524017f,-0.4465878500688986f,-0.26861706334387625f,-0.5750432610561309f,-0.4461447803719442f,0.8925012081463425f,-0.06630556842519753f,0.2687230282909136f,0.2693523148137374f,0.06325255432121206f,-0.9609622494543287f,0.4808667353725762f,0f,0f,0f,1f], start_interpolation: 0, interpolation_duration: 1 }
$data merge entity $(bone_leg_back_right4) { transformation: [-0.6729791907278676f,-0.13388082912321675f,0.7274441094960797f,-1.1323006161133202f,-0.20735031260835596f,0.9781956381027846f,-0.011795823748399145f,0.04319362571608774f,-0.7100034202090026f,-0.1587741074292855f,-0.6860655406749068f,-0.973743870296074f,0f,0f,0f,1f], start_interpolation: 0, interpolation_duration: 1 }
$data merge entity $(bone_leg_back_right3) { transformation: [-0.8226545622537308f,-0.06732349226245513f,0.5645414232744217f,-0.9523449306203167f,-0.1198168851148971f,0.9911929750640811f,-0.05639503723715008f,0.06940356933497148f,-0.5557727820292087f,-0.11403522952668244f,-0.8234759141482589f,-0.8521685742271846f,0f,0f,0f,1f], start_interpolation: 0, interpolation_duration: 1 }
$data merge entity $(bone_leg_back_right2) { transformation: [-0.8656389829044661f,-0.09944067699865639f,0.49069410332117336f,-0.6277303120311418f,-0.15106478879995253f,0.9862762205601056f,-0.06662316671023515f,0.12605286513495367f,-0.4773348728732767f,-0.13179821135251782f,-0.868781129297437f,-0.6731679968997059f,0f,0f,0f,1f], start_interpolation: 0, interpolation_duration: 1 }
$data merge entity $(bone_leg_back_right) { transformation: [-0.8960032806810498f,-0.24014621272425363f,0.37350758696844866f,-0.5437300044672934f,-0.2911314915640728f,0.952830400261114f,-0.08577110794389745f,0.1533464424690855f,-0.3352917768578196f,-0.18559101501000272f,-0.9236532896704711f,-0.6417343928192852f,0f,0f,0f,1f], start_interpolation: 0, interpolation_duration: 1 }